2014.09.03 04:00:01.020,1.38179,1.38183,1.00,1.00
2014.09.03 04:00:01.121,1.38177,1.38183,1.69,1.00
2014.09.03 04:00:01.476,1.38176,1.38182,1.00,1.19
2014.09.03 04:00:01.631,1.38174,1.38182,1.25,1.31
2014.09.03 04:00:02.608,1.38173,1.38181,2.44,1.19
2014.09.03 04:00:06.217,1.38173,1.38181,1.31,1.25
2014.09.03 04:00:07.182,1.38173,1.38181,1.69,1.25
2014.09.03 04:00:15.030,1.38173,1.38179,1.37,1.00
2014.09.03 04:00:15.627,1.38173,1.38179,1.37,1.00
2014.09.03 04:00:18.562,1.38172,1.38178,3.19,1.00
2014.09.03 04:00:19.127,1.38171,1.38175,4.12,1.00
2014.09.03 04:00:19.430,1.38172,1.38173,1.00,1.00
2014.09.03 04:00:19.683,1.38167,1.38173,1.19,1.50
2014.09.03 04:00:19.776,1.38166,1.38171,1.87,1.00
2014.09.03 04:00:20.132,1.38164,1.38167,1.94,1.00
2014.09.03 04:00:20.334,1.38161,1.38167,2.25,1.00
2014.09.03 04:00:20.436,1.38161,1.38165,1.50,1.00
2014.09.03 04:00:21.435,1.3816,1.38165,1.31,1.00
2014.09.03 04:00:21.944,1.38159,1.38165,1.62,1.50
2014.09.03 04:00:25.441,1.38162,1.38165,1.00,1.50
2014.09.03 04:00:28.167,1.38163,1.38165,1.00,1.50
2014.09.03 04:00:30.993,1.38162,1.38165,1.00,1.50
2014.09.03 04:00:35.082,1.38161,1.38165,3.94,1.00
2014.09.03 04:00:35.886,1.38162,1.38165,1.00,1.00
2014.09.03 04:00:39.139,1.38161,1.38165,3.19,1.00
2014.09.03 04:00:39.649,1.38162,1.38165,1.50,1.00
2014.09.03 04:00:40.080,1.38159,1.38164,5.06,1.00
2014.09.03 04:00:40.585,1.38161,1.38164,1.00,1.00
2014.09.03 04:00:41.554,1.3816,1.38164,1.00,1.00
2014.09.03 04:00:42.086,1.38159,1.38164,1.25,1.00
2014.09.03 04:00:45.096,1.38158,1.38164,1.31,1.00
2014.09.03 04:00:45.601,1.38157,1.38163,1.69,1.00
2014.09.03 04:00:46.106,1.38157,1.38163,1.25,1.00
2014.09.03 04:00:47.724,1.38156,1.38161,1.19,1.00
2014.09.03 04:00:48.229,1.38159,1.38161,1.00,1.00
2014.09.03 04:00:48.381,1.38157,1.38162,3.56,1.00
2014.09.03 04:00:48.926,1.38157,1.38163,1.69,1.00
2014.09.03 04:00:53.650,1.38156,1.38161,2.44,1.00
2014.09.03 04:00:54.256,1.38156,1.3816,1.19,1.00
2014.09.03 04:00:54.408,1.38154,1.3816,1.50,1.00
2014.09.03 04:00:54.559,1.38152,1.38157,4.31,1.00
2014.09.03 04:00:54.762,1.3815,1.38155,1.50,1.00
2014.09.03 04:00:55.266,1.38149,1.38155,1.31,1.50
2014.09.03 04:00:55.620,1.38147,1.38152,1.69,1.00
2014.09.03 04:00:56.129,1.38147,1.38151,1.25,1.00
2014.09.03 04:00:56.956,1.38147,1.3815,1.31,1.00
2014.09.03 04:00:57.058,1.38147,1.38151,2.81,1.00
2014.09.03 04:00:57.563,1.38148,1.38152,1.50,1.25
2014.09.03 04:00:57.891,1.38146,1.38152,2.25,1.25
2014.09.03 04:00:59.948,1.38146,1.38149,1.00,1.00
2014.09.03 04:01:00.728,1.38145,1.38152,1.69,1.69
2014.09.03 04:01:01.300,1.38146,1.38152,1.00,1.25
2014.09.03 04:01:02.728,1.38145,1.38152,1.12,1.50
2014.09.03 04:01:03.706,1.38145,1.38152,2.06,1.50
2014.09.03 04:01:06.239,1.38145,1.38152,1.19,3.00
2014.09.03 04:01:06.289,1.38145,1.38149,1.19,1.00
2014.09.03 04:01:06.800,1.38145,1.38148,1.19,1.00
2014.09.03 04:01:07.256,1.38142,1.38148,3.56,1.00
2014.09.03 04:01:09.679,1.38142,1.38148,3.56,1.00
2014.09.03 04:01:11.721,1.38145,1.38148,1.37,1.00
2014.09.03 04:01:11.923,1.38145,1.38151,1.37,1.00
2014.09.03 04:01:12.126,1.38148,1.38153,1.87,1.00
2014.09.03 04:01:12.278,1.38149,1.38155,4.12,1.25
2014.09.03 04:01:12.732,1.38151,1.38157,2.62,1.50
2014.09.03 04:01:15.307,1.38152,1.38157,1.12,1.00
2014.09.03 04:01:15.358,1.38152,1.38155,1.12,1.00
2014.09.03 04:01:15.862,1.38151,1.38155,1.62,1.00
2014.09.03 04:01:17.530,1.3815,1.38155,3.19,1.00
2014.09.03 04:01:18.045,1.3815,1.38155,1.69,1.00
2014.09.03 04:01:20.019,1.3815,1.38155,1.00,1.00
2014.09.03 04:01:20.070,1.38148,1.38153,2.81,1.00
2014.09.03 04:01:23.909,1.38149,1.38153,1.37,1.00
2014.09.03 04:01:24.377,1.38149,1.38155,2.06,1.50
2014.09.03 04:01:28.913,1.3815,1.38155,1.37,1.50
2014.09.03 04:01:29.449,1.3815,1.38155,1.37,1.50
2014.09.03 04:01:34.577,1.38154,1.38157,1.00,1.00
2014.09.03 04:01:34.678,1.38154,1.38159,1.00,1.69
2014.09.03 04:01:36.578,1.38154,1.38161,1.69,1.31
2014.09.03 04:01:39.785,1.38154,1.38162,2.44,1.62
2014.09.03 04:01:41.903,1.38154,1.38162,1.25,2.06
2014.09.03 04:01:44.046,1.38154,1.38162,2.81,1.69
2014.09.03 04:01:44.540,1.38158,1.38162,1.00,1.69
2014.09.03 04:01:45.047,1.38157,1.38162,1.87,1.00
2014.09.03 04:01:45.557,1.38157,1.38163,1.87,1.25
2014.09.03 04:02:07.817,1.38157,1.38163,1.31,1.00
2014.09.03 04:02:09.225,1.38156,1.38163,1.00,1.50
2014.09.03 04:02:09.327,1.38155,1.38163,2.44,1.00
2014.09.03 04:02:12.325,1.38155,1.38163,2.06,1.00
2014.09.03 04:02:13.511,1.38155,1.38163,2.06,1.00
2014.09.03 04:02:16.441,1.38155,1.38163,1.69,1.00
2014.09.03 04:02:17.378,1.38155,1.38162,1.25,1.00
2014.09.03 04:02:20.377,1.38156,1.38162,1.31,1.00
2014.09.03 04:02:20.427,1.38158,1.38164,1.00,3.56
2014.09.03 04:02:20.937,1.38159,1.38165,3.00,1.19
2014.09.03 04:02:21.596,1.38159,1.38166,3.94,1.00
2014.09.03 04:02:22.609,1.38159,1.38166,3.94,1.00
2014.09.03 04:02:23.843,1.38159,1.38166,4.31,1.00
2014.09.03 04:02:32.104,1.38161,1.38166,1.31,1.00
2014.09.03 04:02:32.205,1.38161,1.38168,1.31,3.19
2014.09.03 04:02:32.357,1.38163,1.38169,1.00,2.44
2014.09.03 04:02:32.509,1.38164,1.38171,1.31,2.25
2014.09.03 04:02:32.610,1.38166,1.38172,1.00,1.87
2014.09.03 04:02:38.000,1.38165,1.38172,2.06,1.00
2014.09.03 04:02:38.900,1.38165,1.38172,2.81,1.00
2014.09.03 04:02:50.546,1.38165,1.38172,2.44,1.37
2014.09.03 04:02:52.036,1.38164,1.38171,1.00,1.50
2014.09.03 04:02:52.570,1.38163,1.38171,4.69,1.87
2014.09.03 04:02:53.104,1.38163,1.38171,5.44,1.87
2014.09.03 04:02:55.431,1.38164,1.38171,1.19,1.87
2014.09.03 04:02:59.277,1.38163,1.38171,4.31,1.50
2014.09.03 04:03:00.510,1.38163,1.38171,4.31,1.50
2014.09.03 04:03:01.093,1.38164,1.38171,1.25,1.87
2014.09.03 04:03:01.346,1.38163,1.38169,1.00,1.69
2014.09.03 04:03:01.397,1.38161,1.38169,5.06,1.69
2014.09.03 04:03:02.380,1.3816,1.38169,1.00,4.31
2014.09.03 04:03:04.334,1.38159,1.38169,2.06,5.06
2014.09.03 04:03:05.507,1.3816,1.38169,1.00,4.31
2014.09.03 04:03:06.454,1.3816,1.38168,1.25,1.19
2014.09.03 04:03:24.373,1.38159,1.38167,3.56,1.69
2014.09.03 04:03:28.133,1.38161,1.38168,1.31,2.44
2014.09.03 04:03:29.201,1.38161,1.38168,1.12,3.19
2014.09.03 04:03:29.761,1.3816,1.38168,1.31,4.31
2014.09.03 04:03:34.813,1.38158,1.38167,4.69,1.69
2014.09.03 04:03:35.815,1.38159,1.38167,1.31,1.25
2014.09.03 04:03:45.785,1.3816,1.38167,1.25,1.62
2014.09.03 04:03:58.061,1.3816,1.38167,1.00,1.50
2014.09.03 04:04:00.707,1.3816,1.38168,1.37,1.69
2014.09.03 04:04:00.808,1.38161,1.38168,1.37,1.69
2014.09.03 04:04:01.213,1.38161,1.38168,1.12,1.25
2014.09.03 04:04:01.725,1.3816,1.38168,1.50,1.69
2014.09.03 04:04:02.764,1.3816,1.38168,1.69,2.44
2014.09.03 04:04:13.299,1.38159,1.38167,1.25,1.00
2014.09.03 04:04:14.927,1.38159,1.38167,1.62,1.00
2014.09.03 04:04:19.708,1.38159,1.38167,1.31,1.00
2014.09.03 04:04:20.212,1.3816,1.38167,1.12,1.00
2014.09.03 04:04:24.506,1.38159,1.38167,1.31,1.50
2014.09.03 04:04:28.597,1.38159,1.38168,2.81,3.56
2014.09.03 04:04:29.168,1.38159,1.38168,3.56,3.19
2014.09.03 04:04:29.672,1.3816,1.38168,1.31,3.19
2014.09.03 04:04:30.817,1.38161,1.38168,1.19,1.50
2014.09.03 04:04:32.166,1.3816,1.38168,2.81,1.25
2014.09.03 04:04:43.757,1.38161,1.38168,1.19,1.00
2014.09.03 04:04:44.764,1.38161,1.38168,1.25,1.25
2014.09.03 04:04:48.505,1.38163,1.38168,1.00,1.25
2014.09.03 04:04:48.657,1.38163,1.3817,2.06,2.44
2014.09.03 04:04:48.860,1.38165,1.38172,1.37,1.50
2014.09.03 04:04:49.218,1.38166,1.38174,2.06,1.25
2014.09.03 04:04:54.072,1.38167,1.38173,1.00,1.00
2014.09.03 04:04:55.127,1.38167,1.38172,1.00,1.00
2014.09.03 04:04:55.668,1.38167,1.38173,1.00,2.10
2014.09.03 04:05:00.919,1.38168,1.38173,1.00,1.35
2014.09.03 04:05:02.665,1.38167,1.38173,1.69,2.10
2014.09.03 04:05:03.475,1.38167,1.38173,2.06,1.60
2014.09.03 04:05:03.982,1.38167,1.38173,2.06,2.10
2014.09.03 04:05:04.491,1.38167,1.38173,2.81,2.10
2014.09.03 04:05:05.303,1.38167,1.38172,2.81,1.35
2014.09.03 04:05:05.813,1.38167,1.38172,2.06,1.35
2014.09.03 04:05:06.338,1.38168,1.38173,1.00,2.10
2014.09.03 04:05:07.626,1.38167,1.38173,2.06,2.10
2014.09.03 04:05:08.164,1.38168,1.38173,1.00,2.10
2014.09.03 04:05:09.298,1.38167,1.38173,1.31,2.10
2014.09.03 04:05:10.376,1.38167,1.38172,1.31,1.35
2014.09.03 04:05:11.402,1.38168,1.38172,1.00,1.35
2014.09.03 04:05:11.916,1.38168,1.38173,1.25,2.10
2014.09.03 04:05:14.829,1.38168,1.38172,1.25,1.35
2014.09.03 04:05:17.430,1.38167,1.38172,1.25,1.35
2014.09.03 04:05:18.449,1.38167,1.38172,1.69,1.35
2014.09.03 04:05:22.896,1.38168,1.38173,1.25,1.35
2014.09.03 04:05:23.401,1.38167,1.38172,2.44,1.35
2014.09.03 04:05:24.718,1.38167,1.3817,2.44,1.00
2014.09.03 04:05:25.251,1.38167,1.38173,1.69,1.50
2014.09.03 04:05:25.302,1.38167,1.3817,1.69,3.75
2014.09.03 04:05:33.002,1.38167,1.3817,1.50,3.75
2014.09.03 04:05:34.830,1.38167,1.3817,1.69,3.75
2014.09.03 04:05:40.219,1.38167,1.3817,1.69,3.75
2014.09.03 04:05:40.784,1.38167,1.3817,1.69,3.75
2014.09.03 04:05:52.129,1.38167,1.3817,1.50,3.75
2014.09.03 04:05:59.383,1.38167,1.38169,1.00,3.75
2014.09.03 04:06:03.573,1.38167,1.3817,1.00,3.75
2014.09.03 04:06:07.281,1.38167,1.3817,1.00,3.75
2014.09.03 04:06:11.118,1.38169,1.38174,1.00,1.00
2014.09.03 04:06:11.624,1.3817,1.38175,1.12,1.69
2014.09.03 04:06:11.928,1.3817,1.38175,1.37,1.50
2014.09.03 04:06:14.190,1.38173,1.38176,1.00,1.00
2014.09.03 04:06:14.493,1.38172,1.38176,1.12,4.75
2014.09.03 04:06:15.811,1.38172,1.38176,1.37,1.00
2014.09.03 04:06:16.601,1.38175,1.38176,1.00,1.00
2014.09.03 04:06:17.123,1.38172,1.38176,1.12,1.00
2014.09.03 04:06:17.641,1.38175,1.38176,1.00,1.00
2014.09.03 04:06:18.047,1.38173,1.38175,1.00,1.00
2014.09.03 04:06:19.002,1.38174,1.38175,1.00,1.00
2014.09.03 04:06:19.546,1.38172,1.38176,1.31,1.00
2014.09.03 04:06:20.323,1.38173,1.38175,1.25,1.00
2014.09.03 04:06:20.698,1.38175,1.38177,1.00,1.00
2014.09.03 04:06:21.466,1.38173,1.38175,1.00,1.00
2014.09.03 04:06:22.594,1.38173,1.38176,1.00,1.00
2014.09.03 04:06:23.098,1.38173,1.38175,1.00,1.00
2014.09.03 04:06:23.671,1.38174,1.38175,1.00,1.00
2014.09.03 04:06:24.193,1.38173,1.38175,1.12,1.00
2014.09.03 04:06:24.742,1.38173,1.38176,1.12,1.00
2014.09.03 04:06:25.251,1.38173,1.38175,1.00,1.00
2014.09.03 04:06:25.771,1.38171,1.38175,1.87,1.00
2014.09.03 04:06:26.465,1.38171,1.38176,1.87,1.00
2014.09.03 04:06:27.146,1.38171,1.38175,1.12,1.00
2014.09.03 04:06:27.678,1.38171,1.38176,1.12,1.00
2014.09.03 04:06:28.203,1.38171,1.38175,1.12,1.00
2014.09.03 04:06:28.725,1.38171,1.38176,1.12,1.00
2014.09.03 04:06:29.245,1.38171,1.38175,1.12,1.00
2014.09.03 04:06:29.749,1.38171,1.38176,1.31,1.00
2014.09.03 04:06:30.760,1.38171,1.38175,1.25,1.00
2014.09.03 04:06:31.835,1.38171,1.38176,1.00,1.00
2014.09.03 04:06:32.875,1.38171,1.38175,1.00,1.00
2014.09.03 04:06:33.435,1.3817,1.38175,5.44,1.00
2014.09.03 04:06:37.652,1.3817,1.38176,3.94,1.00
2014.09.03 04:06:38.487,1.3817,1.38175,3.94,1.00
2014.09.03 04:06:39.047,1.3817,1.38176,3.94,1.00
2014.09.03 04:06:39.861,1.3817,1.38175,3.94,1.00
2014.09.03 04:06:40.879,1.3817,1.38176,3.94,1.00
2014.09.03 04:06:41.395,1.3817,1.38175,3.94,1.00
2014.09.03 04:06:43.390,1.3817,1.38175,3.94,1.00
2014.09.03 04:06:44.125,1.3817,1.38176,3.94,1.00
2014.09.03 04:06:45.395,1.3817,1.38176,3.00,1.69
2014.09.03 04:06:45.899,1.3817,1.38175,1.50,1.00
2014.09.03 04:06:46.640,1.3817,1.38176,1.50,1.69
2014.09.03 04:06:47.143,1.3817,1.38175,1.50,1.00
2014.09.03 04:06:49.000,1.3817,1.38176,1.12,1.69
2014.09.03 04:06:49.512,1.3817,1.38175,1.12,1.00
2014.09.03 04:06:50.522,1.3817,1.38176,1.12,1.69
2014.09.03 04:06:51.432,1.3817,1.38175,1.12,1.00
2014.09.03 04:06:51.973,1.3817,1.38176,1.12,1.69
2014.09.03 04:06:52.500,1.3817,1.38175,1.12,1.00
2014.09.03 04:06:53.003,1.3817,1.38176,1.12,1.69
2014.09.03 04:06:54.070,1.3817,1.38175,1.12,1.00
2014.09.03 04:06:54.611,1.3817,1.38176,1.12,1.25
2014.09.03 04:06:55.123,1.3817,1.38175,1.12,1.00
2014.09.03 04:06:55.933,1.3817,1.38176,1.12,1.25
2014.09.03 04:06:56.491,1.3817,1.38175,1.12,1.00
2014.09.03 04:06:57.096,1.3817,1.38176,1.12,1.00
2014.09.03 04:06:57.726,1.3817,1.38175,1.12,1.00
2014.09.03 04:06:58.258,1.3817,1.38176,1.00,1.00
2014.09.03 04:06:58.854,1.3817,1.38175,1.00,1.00
2014.09.03 04:06:59.467,1.3817,1.38176,1.00,1.00
2014.09.03 04:07:00.073,1.3817,1.38175,1.00,1.00
2014.09.03 04:07:00.663,1.3817,1.38175,1.37,1.00
2014.09.03 04:07:01.191,1.3817,1.38176,1.37,1.00
2014.09.03 04:07:01.825,1.3817,1.38175,3.19,1.00
2014.09.03 04:07:02.350,1.3817,1.38176,3.19,1.00
2014.09.03 04:07:02.855,1.38173,1.38175,1.00,1.00
2014.09.03 04:07:03.483,1.38171,1.38176,1.00,2.06
2014.09.03 04:07:03.686,1.38168,1.38172,2.44,3.75
2014.09.03 04:07:03.989,1.38171,1.38175,1.00,1.31
2014.09.03 04:07:04.512,1.38171,1.38175,1.00,1.31
2014.09.03 04:07:04.563,1.38169,1.38175,1.00,1.31
2014.09.03 04:07:05.805,1.38167,1.38172,1.50,3.75
2014.09.03 04:07:06.711,1.38167,1.3817,1.00,3.75
2014.09.03 04:07:09.711,1.38167,1.38169,1.50,3.75
2014.09.03 04:07:10.065,1.38168,1.38172,1.00,1.25
2014.09.03 04:07:10.166,1.38167,1.38169,1.50,3.75
2014.09.03 04:07:10.268,1.38168,1.38172,1.00,1.69
2014.09.03 04:07:14.798,1.38168,1.38171,1.50,1.25
2014.09.03 04:07:15.101,1.3817,1.38175,1.50,2.44
2014.09.03 04:07:16.314,1.3817,1.38174,1.00,1.25
2014.09.03 04:07:17.421,1.38168,1.38171,1.50,3.75
2014.09.03 04:07:17.954,1.38166,1.3817,1.50,3.75
2014.09.03 04:07:18.465,1.38168,1.3817,1.50,3.75
2014.09.03 04:07:18.974,1.38166,1.3817,1.50,3.75
2014.09.03 04:07:30.179,1.38168,1.3817,1.50,3.75
2014.09.03 04:07:37.010,1.38166,1.3817,1.87,3.75
2014.09.03 04:07:48.927,1.38169,1.38173,1.00,1.19
2014.09.03 04:07:52.768,1.38168,1.38172,1.00,1.25
2014.09.03 04:07:54.205,1.38167,1.38169,1.00,3.75
2014.09.03 04:07:54.256,1.38166,1.38171,1.50,2.44
2014.09.03 04:08:00.694,1.38167,1.3817,1.00,1.19
2014.09.03 04:08:01.048,1.38165,1.38169,1.87,3.75
2014.09.03 04:08:01.851,1.38168,1.38169,2.25,3.75
2014.09.03 04:08:02.366,1.38165,1.38169,2.06,3.75
2014.09.03 04:08:04.890,1.38168,1.38169,1.50,3.75
2014.09.03 04:08:05.413,1.38167,1.38169,1.00,3.75
2014.09.03 04:08:08.670,1.38166,1.38169,2.25,3.75
2014.09.03 04:08:08.822,1.38166,1.3817,2.25,1.25
2014.09.03 04:08:10.122,1.38167,1.3817,1.00,1.25
2014.09.03 04:08:10.223,1.38167,1.38168,1.50,3.75
2014.09.03 04:08:10.324,1.38167,1.3817,1.50,1.25
2014.09.03 04:08:12.820,1.38167,1.3817,1.50,1.25
2014.09.03 04:08:14.449,1.38166,1.38172,2.25,3.19
2014.09.03 04:08:16.176,1.38166,1.38172,2.25,3.19
2014.09.03 04:08:17.057,1.38166,1.38168,2.25,3.75
2014.09.03 04:08:17.360,1.38168,1.38169,1.00,3.75
2014.09.03 04:08:18.305,1.38168,1.38172,1.00,1.69
2014.09.03 04:08:18.831,1.38169,1.38172,1.00,1.00
2014.09.03 04:08:21.810,1.38168,1.38172,1.00,1.25
2014.09.03 04:08:27.075,1.38169,1.38172,1.00,1.25
2014.09.03 04:08:29.934,1.3817,1.38174,1.00,1.19
2014.09.03 04:08:31.972,1.3817,1.38174,1.50,1.19
2014.09.03 04:08:32.680,1.38167,1.38174,1.12,1.19
2014.09.03 04:08:33.926,1.38166,1.3817,4.31,3.75
2014.09.03 04:08:34.452,1.38166,1.3817,4.31,3.75
2014.09.03 04:09:00.255,1.38167,1.38169,1.12,3.75
2014.09.03 04:09:01.552,1.38166,1.38169,1.12,3.75
2014.09.03 04:09:02.861,1.38166,1.38169,1.37,3.75
2014.09.03 04:09:05.073,1.38165,1.38169,3.37,3.75
2014.09.03 04:09:05.225,1.38163,1.38168,4.69,1.00
2014.09.03 04:09:05.745,1.38164,1.38167,1.12,1.00
2014.09.03 04:09:06.258,1.38164,1.38171,2.06,1.25
2014.09.03 04:09:07.375,1.38163,1.38166,2.25,1.00
2014.09.03 04:09:07.678,1.38161,1.38165,1.31,1.00
2014.09.03 04:09:08.183,1.38161,1.38165,1.00,1.00
2014.09.03 04:09:08.716,1.38162,1.38164,1.00,1.00
2014.09.03 04:09:09.097,1.3816,1.38164,1.00,1.00
2014.09.03 04:09:09.623,1.3816,1.38165,1.00,1.00
2014.09.03 04:09:10.432,1.3816,1.38164,1.00,1.00
2014.09.03 04:09:13.741,1.38159,1.38164,2.25,1.00
2014.09.03 04:09:14.246,1.38159,1.38164,1.50,1.69
2014.09.03 04:09:15.097,1.38157,1.38164,4.12,1.69
2014.09.03 04:09:16.124,1.38157,1.38164,3.37,1.69
2014.09.03 04:09:20.287,1.38157,1.38163,1.87,1.25
2014.09.03 04:09:24.948,1.38157,1.38163,1.37,1.25
2014.09.03 04:09:25.939,1.38158,1.38165,1.69,2.81
2014.09.03 04:09:26.242,1.38164,1.38169,1.87,2.06
2014.09.03 04:09:26.750,1.38164,1.38169,3.00,1.19
2014.09.03 04:09:27.258,1.38164,1.38167,3.00,1.00
2014.09.03 04:09:27.561,1.38165,1.3817,1.37,1.25
2014.09.03 04:09:27.964,1.38164,1.38168,1.12,1.00
2014.09.03 04:09:28.166,1.38161,1.38165,2.81,1.00
2014.09.03 04:09:28.671,1.3816,1.38165,1.50,1.00
2014.09.03 04:09:29.188,1.3816,1.38164,1.12,1.00
2014.09.03 04:09:29.642,1.38158,1.38164,2.62,1.25
2014.09.03 04:09:29.744,1.38158,1.38162,1.50,1.25
2014.09.03 04:09:29.845,1.38156,1.38162,2.25,1.25
2014.09.03 04:09:29.896,1.38156,1.3816,2.25,1.00
2014.09.03 04:09:30.199,1.38156,1.38162,3.37,1.25
2014.09.03 04:09:30.365,1.38159,1.38161,1.00,1.00
2014.09.03 04:09:30.920,1.38158,1.38161,1.37,1.00
2014.09.03 04:09:32.050,1.38158,1.38161,1.37,1.00
2014.09.03 04:09:32.576,1.38157,1.38163,1.12,1.72
2014.09.03 04:09:33.081,1.38157,1.38164,1.37,2.40
2014.09.03 04:09:33.617,1.38157,1.38164,1.37,2.40
2014.09.03 04:09:34.284,1.38157,1.38163,1.37,1.97
2014.09.03 04:09:34.894,1.38157,1.38163,1.37,2.40
2014.09.03 04:09:35.400,1.38159,1.38163,1.00,1.72
2014.09.03 04:09:36.626,1.38159,1.38163,1.12,1.72
2014.09.03 04:09:37.134,1.38159,1.38163,1.12,1.72
2014.09.03 04:09:38.782,1.38159,1.38163,1.12,1.72
2014.09.03 04:09:39.321,1.38159,1.38163,1.12,1.72
2014.09.03 04:09:40.136,1.38159,1.38165,1.12,3.94
2014.09.03 04:09:40.339,1.38157,1.38163,1.00,1.19
2014.09.03 04:09:40.642,1.38155,1.38163,1.69,1.19
2014.09.03 04:09:40.895,1.38154,1.38158,4.87,3.75
2014.09.03 04:09:42.439,1.38154,1.38157,2.06,3.75
2014.09.03 04:09:42.944,1.38154,1.38157,1.31,3.75
2014.09.03 04:09:43.590,1.38154,1.38157,1.00,3.75
2014.09.03 04:09:44.172,1.38154,1.38157,1.00,3.75
2014.09.03 04:09:44.710,1.38153,1.38156,1.25,3.75
2014.09.03 04:09:45.998,1.38153,1.38156,1.00,3.75
2014.09.03 04:09:48.944,1.38154,1.38156,1.00,3.75
2014.09.03 04:09:53.003,1.38152,1.38156,2.62,3.75
2014.09.03 04:09:53.054,1.38152,1.38156,2.62,3.75
2014.09.03 04:09:53.206,1.38151,1.38156,2.06,3.75
2014.09.03 04:09:53.307,1.38151,1.3816,3.19,1.31
2014.09.03 04:09:53.812,1.38151,1.38153,1.12,1.00
2014.09.03 04:09:54.065,1.38149,1.38152,1.69,1.00
2014.09.03 04:09:54.571,1.3815,1.38153,1.00,1.00
2014.09.03 04:09:55.124,1.3815,1.38152,1.00,1.00
2014.09.03 04:09:55.755,1.3815,1.38152,1.00,1.00
2014.09.03 04:09:58.311,1.38148,1.38152,4.12,1.00
2014.09.03 04:09:58.827,1.38148,1.38152,3.37,1.00
2014.09.03 04:10:00.181,1.38148,1.38152,3.00,1.00
2014.09.03 04:10:03.680,1.38149,1.38152,1.00,1.00
2014.09.03 04:10:04.185,1.38148,1.38152,3.00,1.00
2014.09.03 04:10:04.884,1.38149,1.38152,1.00,1.00
2014.09.03 04:10:05.499,1.38149,1.38151,1.00,1.00
2014.09.03 04:10:06.089,1.38149,1.38152,1.00,1.00
2014.09.03 04:10:06.902,1.38149,1.38151,1.00,1.00
2014.09.03 04:10:07.004,1.38147,1.38151,1.00,3.19
2014.09.03 04:10:07.105,1.38144,1.38148,2.25,1.19
2014.09.03 04:10:07.207,1.38141,1.38144,1.50,3.75
2014.09.03 04:10:07.308,1.38139,1.38143,1.00,1.00
2014.09.03 04:10:07.634,1.38142,1.38147,1.00,1.19
2014.09.03 04:10:07.938,1.38145,1.38151,1.00,1.69
2014.09.03 04:10:08.242,1.38147,1.3815,1.00,1.25
2014.09.03 04:10:08.294,1.38145,1.3815,1.00,1.25
2014.09.03 04:10:08.547,1.38142,1.38147,4.12,3.75
2014.09.03 04:10:09.139,1.38142,1.38144,1.00,3.75
2014.09.03 04:10:09.190,1.3814,1.38143,1.69,3.75
2014.09.03 04:10:09.291,1.38139,1.38141,1.00,1.00
2014.09.03 04:10:09.796,1.3814,1.38141,1.00,1.00
2014.09.03 04:10:09.847,1.38137,1.38141,1.00,1.00
2014.09.03 04:10:10.353,1.38136,1.3814,1.25,1.00
2014.09.03 04:10:11.071,1.38137,1.3814,1.00,1.00
2014.09.03 04:10:11.324,1.38135,1.38141,1.50,1.00
2014.09.03 04:10:11.829,1.38134,1.3814,1.12,1.25
2014.09.03 04:10:12.751,1.38131,1.3814,6.56,2.44
2014.09.03 04:10:12.802,1.38131,1.38135,7.12,3.75
2014.09.03 04:10:13.508,1.38131,1.38134,5.25,3.75
2014.09.03 04:10:13.559,1.38131,1.38134,3.56,3.75
2014.09.03 04:10:13.711,1.38131,1.38136,1.25,1.00
2014.09.03 04:10:14.218,1.38132,1.38135,1.00,1.00
2014.09.03 04:10:14.697,1.38128,1.38132,1.00,1.00
2014.09.03 04:10:15.000,1.38126,1.3813,1.69,1.00
2014.09.03 04:10:15.607,1.38126,1.3813,1.25,1.00
2014.09.03 04:10:15.759,1.38127,1.3813,1.19,1.00
2014.09.03 04:10:16.112,1.3813,1.38136,1.00,1.69
2014.09.03 04:10:16.214,1.38131,1.38132,1.00,3.75
2014.09.03 04:10:16.517,1.38133,1.38135,1.00,1.00
2014.09.03 04:10:17.022,1.38133,1.38135,1.00,1.00
2014.09.03 04:10:17.529,1.38134,1.38136,1.00,1.00
2014.09.03 04:10:17.834,1.38136,1.38138,1.00,4.21
2014.09.03 04:10:18.138,1.38139,1.3814,1.00,3.75
2014.09.03 04:10:18.746,1.38139,1.38141,1.00,3.75
2014.09.03 04:10:19.257,1.38139,1.38142,1.50,3.75
2014.09.03 04:10:19.807,1.38139,1.38142,1.50,3.75
2014.09.03 04:10:20.332,1.3814,1.38142,1.00,3.75
2014.09.03 04:10:20.905,1.38139,1.38142,1.00,3.75
2014.09.03 04:10:21.601,1.38139,1.38141,1.00,3.75
2014.09.03 04:10:22.128,1.38138,1.38141,1.00,4.12
2014.09.03 04:10:22.642,1.38138,1.3814,1.00,3.75
2014.09.03 04:10:22.745,1.38138,1.38141,1.50,1.00
2014.09.03 04:10:22.847,1.38138,1.38141,1.37,1.00
2014.09.03 04:10:23.151,1.3814,1.38145,1.00,1.19
2014.09.03 04:10:23.353,1.3814,1.38143,2.25,3.75
2014.09.03 04:10:23.606,1.38142,1.38147,1.00,1.19
2014.09.03 04:10:23.910,1.38146,1.3815,1.00,5.44
2014.09.03 04:10:24.265,1.38145,1.3815,1.00,1.19
2014.09.03 04:10:25.668,1.38147,1.38151,1.00,5.25
2014.09.03 04:10:25.769,1.38144,1.3815,3.19,4.50
2014.09.03 04:10:25.972,1.38144,1.3815,2.44,7.12
2014.09.03 04:10:26.174,1.38144,1.3815,1.00,5.06
2014.09.03 04:10:26.743,1.38143,1.38146,1.00,3.75
2014.09.03 04:10:26.794,1.38141,1.38145,1.69,3.75
2014.09.03 04:10:28.957,1.38143,1.38145,1.00,3.75
2014.09.03 04:10:29.210,1.38141,1.38144,1.25,3.75
2014.09.03 04:10:29.311,1.38141,1.38148,1.25,1.62
2014.09.03 04:10:29.917,1.3814,1.38147,1.19,1.87
2014.09.03 04:10:30.297,1.38138,1.38142,1.19,1.00
2014.09.03 04:10:30.802,1.38138,1.38141,1.00,1.00
2014.09.03 04:10:31.408,1.38138,1.38141,1.87,1.00
2014.09.03 04:10:31.913,1.38137,1.38141,4.31,1.00
2014.09.03 04:10:32.115,1.38139,1.38145,1.00,1.50
2014.09.03 04:10:33.576,1.38138,1.38141,3.00,1.00
2014.09.03 04:10:34.084,1.38133,1.38139,5.44,1.00
2014.09.03 04:10:34.659,1.38134,1.38139,1.00,1.00
2014.09.03 04:10:35.171,1.38133,1.38139,1.69,1.00
2014.09.03 04:10:35.681,1.38133,1.38138,1.00,1.87
2014.09.03 04:10:35.732,1.38132,1.38136,1.25,1.00
2014.09.03 04:10:36.035,1.38131,1.38135,1.69,2.25
2014.09.03 04:10:36.187,1.38128,1.38131,1.00,1.00
2014.09.03 04:10:36.698,1.38127,1.38129,1.00,1.00
2014.09.03 04:10:38.152,1.38127,1.38129,1.00,1.00
2014.09.03 04:10:38.354,1.38128,1.38132,1.00,3.75
2014.09.03 04:10:38.456,1.38128,1.3813,1.50,1.00
2014.09.03 04:10:38.962,1.38127,1.3813,1.50,1.00
2014.09.03 04:10:40.353,1.3813,1.38134,1.00,1.25
2014.09.03 04:10:40.707,1.3813,1.38132,1.00,3.75
2014.09.03 04:10:41.229,1.38131,1.38135,1.00,1.25
2014.09.03 04:10:41.766,1.3813,1.38132,2.25,3.75
2014.09.03 04:10:42.272,1.3813,1.38133,1.50,3.75
2014.09.03 04:10:44.015,1.3813,1.38133,3.56,3.75
2014.09.03 04:10:44.807,1.3813,1.38133,1.69,3.75
2014.09.03 04:10:45.938,1.3813,1.38132,1.50,3.75
2014.09.03 04:10:46.089,1.38127,1.38132,1.50,1.00
2014.09.03 04:10:46.595,1.38129,1.38134,1.00,1.12
2014.09.03 04:10:46.816,1.38129,1.38131,1.00,3.75
2014.09.03 04:10:47.019,1.38128,1.3813,1.00,1.00
2014.09.03 04:10:47.171,1.38127,1.3813,1.00,1.00
2014.09.03 04:10:47.676,1.38125,1.38129,1.19,1.00
2014.09.03 04:10:47.828,1.38123,1.3813,2.81,3.19
2014.09.03 04:10:47.930,1.38122,1.38128,1.69,1.50
2014.09.03 04:10:48.233,1.38122,1.38125,1.69,1.00
2014.09.03 04:10:48.728,1.38118,1.38123,2.25,1.00
2014.09.03 04:10:48.830,1.38118,1.3812,1.00,1.00
2014.09.03 04:10:49.334,1.38117,1.3812,1.25,1.00
2014.09.03 04:10:50.155,1.38119,1.3812,1.00,1.00
2014.09.03 04:10:50.358,1.38117,1.3812,1.00,1.00
2014.09.03 04:10:50.721,1.38117,1.38118,1.00,1.00
2014.09.03 04:10:50.924,1.38114,1.38117,1.25,1.50
2014.09.03 04:10:50.975,1.38111,1.38115,1.69,3.75
2014.09.03 04:10:51.278,1.3811,1.38115,1.69,1.00
2014.09.03 04:10:52.167,1.3811,1.38115,1.00,1.50
2014.09.03 04:10:52.883,1.38108,1.3811,1.00,2.50
2014.09.03 04:10:52.934,1.38105,1.3811,3.00,1.50
2014.09.03 04:10:52.985,1.38104,1.3811,4.69,1.00
2014.09.03 04:10:53.505,1.38105,1.38112,1.00,5.06
2014.09.03 04:10:54.682,1.38103,1.38107,1.50,3.75
2014.09.03 04:10:55.242,1.38106,1.38111,1.37,1.37
2014.09.03 04:10:55.293,1.38109,1.38113,2.50,2.62
2014.09.03 04:10:55.446,1.38112,1.38113,1.12,3.75
2014.09.03 04:10:55.699,1.38114,1.38116,1.00,4.44
2014.09.03 04:10:55.901,1.38114,1.38117,1.00,4.44
2014.09.03 04:10:56.205,1.38117,1.3812,1.00,1.00
2014.09.03 04:10:56.710,1.38117,1.3812,2.25,3.75
2014.09.03 04:10:56.862,1.38119,1.3812,1.00,1.00
2014.09.03 04:10:57.381,1.3812,1.38121,2.25,1.00
2014.09.03 04:10:58.459,1.3812,1.38123,2.62,4.35
2014.09.03 04:10:58.662,1.38124,1.38127,2.81,3.75
2014.09.03 04:10:58.714,1.38127,1.38131,2.25,2.44
2014.09.03 04:10:59.723,1.38125,1.3813,3.19,3.75
2014.09.03 04:10:59.825,1.38125,1.38129,2.44,3.75
2014.09.03 04:10:59.926,1.38127,1.3813,1.50,1.00
2014.09.03 04:11:00.431,1.38125,1.38128,3.94,3.75
2014.09.03 04:11:00.929,1.38128,1.3813,1.00,1.00
2014.09.03 04:11:01.487,1.38129,1.38131,1.00,4.75
2014.09.03 04:11:01.994,1.3813,1.38135,1.00,6.19
2014.09.03 04:11:02.298,1.38128,1.38135,1.50,2.81
2014.09.03 04:11:02.903,1.38127,1.38135,1.00,5.81
2014.09.03 04:11:03.421,1.38128,1.38135,1.12,2.06
2014.09.03 04:11:03.928,1.38126,1.38135,2.06,1.87
2014.09.03 04:11:04.498,1.38127,1.38135,1.62,3.75
2014.09.03 04:11:05.004,1.38126,1.3813,3.00,3.75
2014.09.03 04:11:05.508,1.38126,1.3813,2.44,3.75
2014.09.03 04:11:06.025,1.38128,1.38135,1.00,2.44
2014.09.03 04:11:06.738,1.38126,1.38131,1.19,3.75
2014.09.03 04:11:08.803,1.38128,1.38135,1.00,1.69
2014.09.03 04:11:09.309,1.38127,1.38135,2.44,1.50
2014.09.03 04:11:10.413,1.38125,1.38128,1.00,3.75
2014.09.03 04:11:11.325,1.38125,1.38128,1.50,3.75
2014.09.03 04:11:11.843,1.38125,1.38127,1.00,3.75
2014.09.03 04:11:13.012,1.38126,1.38128,1.00,3.75
2014.09.03 04:11:13.517,1.38126,1.38128,1.00,3.75
2014.09.03 04:11:20.329,1.38126,1.38128,1.00,4.69
2014.09.03 04:11:20.380,1.38124,1.38128,1.00,4.69
2014.09.03 04:11:20.432,1.38124,1.38128,1.00,1.25
2014.09.03 04:11:20.938,1.38123,1.38125,1.50,1.00
2014.09.03 04:11:20.989,1.38121,1.38125,3.19,1.00
2014.09.03 04:11:21.494,1.3812,1.38123,1.19,1.00
2014.09.03 04:11:21.646,1.38119,1.38123,1.50,1.00
2014.09.03 04:11:22.151,1.38119,1.38124,1.00,1.25
2014.09.03 04:11:22.662,1.38118,1.38124,1.50,1.00
2014.09.03 04:11:23.163,1.38118,1.38124,1.87,1.00
2014.09.03 04:11:23.783,1.38118,1.38124,1.87,1.00
2014.09.03 04:11:24.327,1.38118,1.38123,3.37,1.00
2014.09.03 04:11:28.000,1.38118,1.38123,6.37,1.00
2014.09.03 04:11:28.541,1.38118,1.38124,4.31,1.00
2014.09.03 04:11:29.054,1.38118,1.38123,4.69,1.00
2014.09.03 04:11:29.828,1.38119,1.38123,1.00,1.00
2014.09.03 04:11:30.360,1.38119,1.38124,1.00,1.00
2014.09.03 04:11:30.918,1.38119,1.38123,2.25,1.00
2014.09.03 04:11:31.914,1.38119,1.38124,1.00,1.69
2014.09.03 04:11:32.569,1.38119,1.38123,1.00,1.00
2014.09.03 04:11:35.584,1.38118,1.38123,2.62,1.25
2014.09.03 04:11:36.140,1.38119,1.38123,1.00,1.69
2014.09.03 04:11:40.703,1.3812,1.38123,1.50,1.25
2014.09.03 04:11:42.217,1.38118,1.38123,2.62,1.00
2014.09.03 04:11:43.036,1.38119,1.38123,1.00,1.00
2014.09.03 04:11:45.168,1.38119,1.38124,1.00,1.69
2014.09.03 04:11:48.139,1.38118,1.38124,2.25,1.69
2014.09.03 04:11:48.690,1.38119,1.38123,1.00,1.00
2014.09.03 04:11:49.316,1.38118,1.38123,3.75,1.00
2014.09.03 04:11:50.975,1.38118,1.38124,3.00,1.69
2014.09.03 04:11:51.480,1.38119,1.38123,1.50,1.00
2014.09.03 04:12:04.070,1.38118,1.38124,1.87,1.00
2014.09.03 04:12:04.474,1.38119,1.38122,1.00,1.25
2014.09.03 04:12:04.626,1.38117,1.38122,1.00,1.31
2014.09.03 04:12:04.677,1.38114,1.3812,3.75,1.25
2014.09.03 04:12:05.182,1.38116,1.3812,1.00,1.25
2014.09.03 04:12:05.384,1.38114,1.3812,1.00,1.25
2014.09.03 04:12:05.913,1.38114,1.3812,1.00,1.19
2014.09.03 04:12:06.267,1.38113,1.38117,2.25,1.25
2014.09.03 04:12:06.369,1.38111,1.38116,2.25,1.69
2014.09.03 04:12:06.672,1.38109,1.38116,2.25,1.69
2014.09.03 04:12:06.774,1.38109,1.38113,2.25,1.25
2014.09.03 04:12:07.127,1.38108,1.38111,1.00,1.00
2014.09.03 04:12:07.665,1.38107,1.38109,1.50,1.00
2014.09.03 04:12:07.969,1.38107,1.38111,3.00,1.00
2014.09.03 04:12:08.222,1.38109,1.38112,1.00,3.75
2014.09.03 04:12:11.884,1.38108,1.38112,2.25,3.75
2014.09.03 04:12:15.737,1.38108,1.38113,3.00,3.94
2014.09.03 04:12:16.618,1.38108,1.38111,3.00,1.00
2014.09.03 04:12:20.269,1.38108,1.38113,3.75,3.75
2014.09.03 04:12:20.776,1.38109,1.38113,1.50,3.94
2014.09.03 04:12:21.661,1.38109,1.38114,1.00,2.44
2014.09.03 04:12:22.982,1.38109,1.38113,2.62,3.75
2014.09.03 04:12:23.587,1.38109,1.38112,2.62,3.75
2014.09.03 04:12:24.101,1.3811,1.38112,1.50,3.75
2014.09.03 04:12:25.355,1.38109,1.38113,1.00,1.00
2014.09.03 04:12:25.860,1.38107,1.38111,1.87,2.50
2014.09.03 04:12:29.901,1.38107,1.38108,1.00,1.00
2014.09.03 04:12:30.917,1.38104,1.38107,1.50,1.00
2014.09.03 04:12:31.018,1.38104,1.38108,1.50,2.44
2014.09.03 04:12:31.069,1.38102,1.38108,1.12,2.44
2014.09.03 04:12:31.619,1.38103,1.38108,1.00,1.69
2014.09.03 04:12:31.990,1.38101,1.38108,3.94,1.69
2014.09.03 04:12:32.501,1.38101,1.38108,2.25,3.19
2014.09.03 04:12:33.996,1.38103,1.38107,1.00,1.25
2014.09.03 04:12:34.551,1.38102,1.38107,1.00,1.69
2014.09.03 04:12:34.854,1.381,1.38107,6.56,1.69
2014.09.03 04:12:36.087,1.381,1.38106,6.56,1.00
2014.09.03 04:12:36.589,1.381,1.38108,5.81,3.94
2014.09.03 04:12:37.118,1.38101,1.38108,1.00,3.94
2014.09.03 04:12:37.270,1.38103,1.38108,1.00,3.94
2014.09.03 04:12:37.573,1.38106,1.38108,1.00,1.00
2014.09.03 04:12:38.085,1.38106,1.38109,1.00,1.69
2014.09.03 04:12:38.643,1.38106,1.38108,1.00,1.00
2014.09.03 04:12:40.368,1.38106,1.38108,1.00,1.00
2014.09.03 04:12:40.890,1.38104,1.38108,1.00,1.00
2014.09.03 04:12:41.428,1.38103,1.38108,1.87,1.00
2014.09.03 04:12:42.034,1.38105,1.38108,1.37,1.00
2014.09.03 04:12:42.840,1.38105,1.38111,3.37,1.25
2014.09.03 04:12:43.244,1.3811,1.38114,1.87,1.50
2014.09.03 04:12:43.346,1.3811,1.38113,3.37,3.75
2014.09.03 04:12:43.599,1.38114,1.38118,1.50,2.27
2014.09.03 04:12:44.256,1.38115,1.38117,1.50,4.34
2014.09.03 04:12:44.560,1.38115,1.38118,1.50,3.75
2014.09.03 04:12:44.906,1.38117,1.3812,1.00,1.69
2014.09.03 04:12:47.803,1.38118,1.38121,1.50,1.69
2014.09.03 04:12:48.107,1.38121,1.38125,3.37,3.75
2014.09.03 04:12:48.158,1.38121,1.38126,2.62,4.50
2014.09.03 04:12:48.663,1.38123,1.38126,1.00,3.75
2014.09.03 04:12:54.835,1.38123,1.38126,1.00,3.75
2014.09.03 04:12:55.371,1.38123,1.38126,1.00,3.75
2014.09.03 04:12:55.573,1.38123,1.38126,1.37,3.75
2014.09.03 04:12:56.134,1.38123,1.38126,2.25,3.75
2014.09.03 04:12:57.842,1.38125,1.38127,2.62,3.75
2014.09.03 04:13:00.025,1.38127,1.3813,1.00,1.00
2014.09.03 04:13:00.815,1.38123,1.38128,2.44,3.75
2014.09.03 04:13:02.750,1.38123,1.38129,1.00,1.31
2014.09.03 04:13:02.801,1.3812,1.38124,3.37,1.00
2014.09.03 04:13:03.357,1.3812,1.38122,1.19,1.00
2014.09.03 04:13:03.609,1.38117,1.38121,1.62,1.00
2014.09.03 04:13:03.997,1.3812,1.38122,1.00,1.00
2014.09.03 04:13:04.503,1.3812,1.38123,1.87,1.00
2014.09.03 04:13:06.090,1.3812,1.38127,2.06,1.69
2014.09.03 04:13:06.141,1.3812,1.38126,2.06,3.75
2014.09.03 04:13:06.668,1.3812,1.38126,2.06,3.75
2014.09.03 04:13:09.310,1.3812,1.38126,1.87,3.75
2014.09.03 04:13:10.326,1.3812,1.38126,1.87,3.75
2014.09.03 04:13:10.991,1.3812,1.38126,1.87,3.75
2014.09.03 04:13:11.651,1.3812,1.38126,1.87,3.75
2014.09.03 04:13:12.157,1.38121,1.38125,2.62,3.75
2014.09.03 04:13:12.662,1.38121,1.38126,1.62,3.75
2014.09.03 04:13:13.404,1.3812,1.38124,3.75,1.00
2014.09.03 04:13:14.343,1.3812,1.38123,2.44,1.00
2014.09.03 04:13:15.635,1.3812,1.38128,4.31,1.69
2014.09.03 04:13:16.408,1.3812,1.38125,5.81,3.75
2014.09.03 04:13:16.611,1.3812,1.38123,5.06,1.00
2014.09.03 04:13:18.380,1.3812,1.38125,4.87,3.75
2014.09.03 04:13:18.878,1.3812,1.38123,3.75,1.00
2014.09.03 04:13:21.931,1.38122,1.38128,1.00,1.25
2014.09.03 04:13:22.544,1.3812,1.38125,2.25,1.00
2014.09.03 04:13:23.064,1.38121,1.38124,2.25,1.00
2014.09.03 04:13:24.135,1.3812,1.38123,2.25,1.00
2014.09.03 04:13:31.359,1.38122,1.38128,1.00,1.69
2014.09.03 04:13:31.662,1.38124,1.38125,1.00,3.75
2014.09.03 04:13:32.016,1.38126,1.3813,1.00,1.00
2014.09.03 04:13:32.522,1.38127,1.3813,1.12,1.00
2014.09.03 04:13:33.705,1.38128,1.3813,1.00,1.00
2014.09.03 04:13:35.690,1.38128,1.38131,1.00,1.00
2014.09.03 04:13:35.892,1.38127,1.3813,1.00,1.00
2014.09.03 04:13:35.993,1.38127,1.3813,1.00,1.50
2014.09.03 04:13:36.095,1.38129,1.38131,1.50,1.00
2014.09.03 04:13:36.599,1.38129,1.38131,1.50,1.00
2014.09.03 04:13:40.090,1.3813,1.38133,1.50,1.00
2014.09.03 04:13:40.600,1.38131,1.38138,1.50,2.44
2014.09.03 04:13:40.701,1.38131,1.38134,1.50,3.75
2014.09.03 04:13:47.116,1.38131,1.38135,1.87,3.75
2014.09.03 04:13:50.241,1.38131,1.38134,1.50,4.50
2014.09.03 04:13:50.735,1.38131,1.38137,1.50,1.19
2014.09.03 04:13:51.822,1.3813,1.38135,1.37,3.75
2014.09.03 04:13:56.095,1.3813,1.38135,1.12,3.75
2014.09.03 04:13:58.861,1.38131,1.38135,1.00,3.75
2014.09.03 04:13:59.366,1.38131,1.38134,1.00,3.75
2014.09.03 04:13:59.898,1.38132,1.38134,1.00,3.75
2014.09.03 04:14:00.508,1.38132,1.38135,1.87,3.75
2014.09.03 04:14:03.512,1.38133,1.38135,1.00,3.75
2014.09.03 04:14:04.240,1.38133,1.38136,1.87,3.75
2014.09.03 04:14:04.544,1.38135,1.38138,1.37,1.19
2014.09.03 04:14:05.128,1.38137,1.38138,1.00,1.00
2014.09.03 04:14:06.372,1.38135,1.3814,1.37,1.00
2014.09.03 04:14:07.560,1.38133,1.38141,1.87,1.25
2014.09.03 04:14:08.943,1.38136,1.38141,1.12,1.25
2014.09.03 04:14:09.848,1.38134,1.3814,1.87,1.00
2014.09.03 04:14:13.622,1.38134,1.3814,2.81,1.00
2014.09.03 04:14:16.778,1.38134,1.38141,2.81,2.81
2014.09.03 04:14:17.737,1.38133,1.3814,2.81,1.00
2014.09.03 04:14:17.940,1.38133,1.3814,3.56,1.50
2014.09.03 04:14:24.724,1.38133,1.38141,3.56,2.81
2014.09.03 04:14:41.183,1.38135,1.38141,1.37,1.31
2014.09.03 04:14:45.302,1.38135,1.38141,1.00,1.25
2014.09.03 04:14:45.783,1.38132,1.3814,1.62,3.19
2014.09.03 04:14:50.138,1.38132,1.3814,1.37,1.69
2014.09.03 04:14:52.276,1.38132,1.38136,2.81,3.75
2014.09.03 04:14:52.886,1.38132,1.38135,1.87,3.75
2014.09.03 04:14:56.210,1.3813,1.38134,1.25,3.75
2014.09.03 04:14:56.412,1.38127,1.38131,2.44,1.00
2014.09.03 04:14:56.816,1.38126,1.3813,2.44,1.00
2014.09.03 04:14:57.321,1.38124,1.3813,3.19,1.50
2014.09.03 04:14:57.850,1.38124,1.38131,1.25,2.44
2014.09.03 04:14:58.399,1.38123,1.38131,1.25,3.19
2014.09.03 04:15:10.047,1.38123,1.3813,1.00,3.56
2014.09.03 04:15:13.646,1.38125,1.3813,1.00,3.56
2014.09.03 04:15:14.168,1.38125,1.3813,1.00,2.62
2014.09.03 04:15:19.579,1.38126,1.3813,1.50,1.69
2014.09.03 04:15:20.668,1.38126,1.38131,1.50,1.50
2014.09.03 04:15:24.582,1.38126,1.3813,2.62,1.50
2014.09.03 04:15:25.088,1.38126,1.3813,2.62,1.00
2014.09.03 04:15:26.046,1.38126,1.3813,2.81,1.00
2014.09.03 04:15:26.350,1.38128,1.38132,1.50,1.00
2014.09.03 04:15:26.401,1.3813,1.38134,2.62,3.75
2014.09.03 04:15:26.452,1.38132,1.38134,1.12,3.75
2014.09.03 04:15:29.494,1.38132,1.38135,1.50,4.50
2014.09.03 04:15:29.797,1.38129,1.38138,3.37,2.44
2014.09.03 04:15:30.207,1.38132,1.38135,1.87,3.75
2014.09.03 04:15:34.717,1.38132,1.38135,2.62,3.75
2014.09.03 04:15:35.076,1.38133,1.38139,1.62,1.50
2014.09.03 04:15:35.581,1.38136,1.38141,1.00,2.44
2014.09.03 04:15:36.086,1.38134,1.38141,3.37,2.44
2014.09.03 04:15:37.463,1.38135,1.3814,1.62,1.00
2014.09.03 04:15:37.969,1.38137,1.38141,1.00,1.00
2014.09.03 04:15:38.764,1.38137,1.3814,1.00,1.00
2014.09.03 04:15:39.273,1.38137,1.38141,1.00,1.00
2014.09.03 04:15:39.782,1.38137,1.3814,1.00,1.00
2014.09.03 04:15:40.452,1.38137,1.38141,1.00,1.00
2014.09.03 04:15:41.289,1.38137,1.3814,1.00,1.00
2014.09.03 04:15:41.821,1.38137,1.38141,1.00,1.00
2014.09.03 04:15:41.973,1.38137,1.38141,1.87,1.00
2014.09.03 04:15:42.024,1.38138,1.38144,1.37,1.19
2014.09.03 04:15:42.176,1.38139,1.38141,1.87,1.00
2014.09.03 04:15:44.970,1.38139,1.38144,1.50,3.75
2014.09.03 04:15:51.196,1.38139,1.38144,1.87,3.75
2014.09.03 04:15:51.802,1.3814,1.38143,1.12,3.75
2014.09.03 04:15:52.415,1.38141,1.38143,1.00,3.75
2014.09.03 04:15:52.819,1.38138,1.38146,1.62,1.50
2014.09.03 04:15:53.123,1.38139,1.38142,1.12,1.00
2014.09.03 04:15:54.495,1.38137,1.38144,1.37,1.19
2014.09.03 04:15:54.597,1.3814,1.38143,1.87,3.94
2014.09.03 04:15:55.101,1.3814,1.38144,1.12,1.19
2014.09.03 04:15:58.541,1.38137,1.38143,6.75,1.00
2014.09.03 04:16:01.338,1.38139,1.38144,1.37,3.75
2014.09.03 04:16:01.842,1.38138,1.38141,1.00,1.00
2014.09.03 04:16:03.424,1.38138,1.3814,1.12,1.00
2014.09.03 04:16:03.827,1.38138,1.38143,1.87,4.69
2014.09.03 04:16:05.272,1.38138,1.3814,1.12,1.00
2014.09.03 04:16:05.474,1.38138,1.38144,1.37,6.19
2014.09.03 04:16:06.018,1.38138,1.38144,1.37,6.19
2014.09.03 04:16:12.336,1.38138,1.38144,1.00,3.94
2014.09.03 04:16:15.651,1.38138,1.38144,1.00,4.69
2014.09.03 04:16:16.465,1.38138,1.3814,1.00,1.00
2014.09.03 04:16:17.277,1.38138,1.3814,1.00,1.00
2014.09.03 04:16:19.202,1.38138,1.3814,1.00,1.00
2014.09.03 04:16:20.210,1.38138,1.3814,1.00,1.00
2014.09.03 04:16:20.311,1.38135,1.38139,6.56,1.00
2014.09.03 04:16:20.972,1.38135,1.38139,3.19,1.00
2014.09.03 04:16:24.913,1.38135,1.3814,4.31,1.00
2014.09.03 04:16:25.417,1.38135,1.3814,2.81,1.00
2014.09.03 04:16:26.123,1.38139,1.3814,1.50,1.00
2014.09.03 04:16:29.507,1.38136,1.38139,1.25,1.00
2014.09.03 04:16:42.558,1.38134,1.3814,1.69,1.00
2014.09.03 04:16:43.063,1.38133,1.38139,5.44,1.00
2014.09.03 04:16:43.699,1.38133,1.38139,3.94,1.00
2014.09.03 04:16:50.174,1.38134,1.38139,1.50,1.25
2014.09.03 04:16:54.102,1.38134,1.38138,1.69,1.00
2014.09.03 04:16:55.837,1.38134,1.38139,1.50,1.50
2014.09.03 04:17:11.096,1.38133,1.38139,2.44,1.00
2014.09.03 04:17:14.512,1.38133,1.38139,2.81,1.00
2014.09.03 04:17:14.613,1.38133,1.38139,2.81,1.00
2014.09.03 04:17:14.916,1.38134,1.38139,1.31,1.00
2014.09.03 04:17:15.911,1.38134,1.38139,1.62,1.00
2014.09.03 04:17:16.215,1.38137,1.38139,2.62,1.00
2014.09.03 04:17:16.568,1.38136,1.38139,2.62,1.00
2014.09.03 04:17:17.073,1.38135,1.38139,1.69,1.00
2014.09.03 04:17:17.698,1.38135,1.38139,2.06,1.00
2014.09.03 04:17:18.211,1.38135,1.38139,1.31,1.00
2014.09.03 04:17:19.115,1.38134,1.3814,3.56,1.00
2014.09.03 04:17:20.931,1.38134,1.38139,3.19,1.00
2014.09.03 04:17:21.285,1.38133,1.38139,1.50,1.12
2014.09.03 04:17:21.336,1.38133,1.38135,1.00,1.00
2014.09.03 04:17:21.386,1.38131,1.38135,3.56,1.00
2014.09.03 04:17:21.437,1.3813,1.38133,2.25,3.75
2014.09.03 04:17:21.589,1.38129,1.38132,1.00,3.75
2014.09.03 04:17:21.640,1.38126,1.38132,5.81,1.00
2014.09.03 04:17:22.148,1.38126,1.38128,1.00,1.00
2014.09.03 04:17:22.199,1.38123,1.38127,3.19,1.00
2014.09.03 04:17:22.704,1.38125,1.38128,1.87,1.00
2014.09.03 04:17:23.011,1.38126,1.38129,1.00,1.00
2014.09.03 04:17:24.029,1.38126,1.38129,1.25,1.00
2014.09.03 04:17:24.552,1.38126,1.38129,1.25,1.00
2014.09.03 04:17:26.942,1.38126,1.38129,1.00,1.00
2014.09.03 04:17:27.446,1.38123,1.38127,3.56,1.00
2014.09.03 04:17:27.950,1.38123,1.38127,1.69,1.00
2014.09.03 04:17:29.191,1.38122,1.38127,1.69,1.00
2014.09.03 04:17:29.949,1.38121,1.38124,3.00,3.75
2014.09.03 04:17:30.253,1.38119,1.38123,3.94,3.75
2014.09.03 04:17:44.289,1.3812,1.38123,1.00,3.75
2014.09.03 04:17:45.376,1.38118,1.38123,2.44,3.75
2014.09.03 04:17:45.632,1.3812,1.38123,1.00,3.75
2014.09.03 04:17:48.997,1.3812,1.38125,1.50,1.19
2014.09.03 04:17:49.501,1.38121,1.38125,1.00,1.19
2014.09.03 04:17:50.124,1.38121,1.38126,1.00,1.69
2014.09.03 04:17:54.276,1.38119,1.38126,1.50,1.69
2014.09.03 04:17:54.788,1.38119,1.38126,1.50,3.19
2014.09.03 04:17:56.764,1.38119,1.38126,1.50,3.19
2014.09.03 04:18:00.610,1.38119,1.38125,2.25,2.06
2014.09.03 04:18:01.216,1.38118,1.38124,1.50,1.69
2014.09.03 04:18:04.571,1.38118,1.38122,1.50,1.00
2014.09.03 04:18:05.084,1.38118,1.38124,1.50,2.06
2014.09.03 04:18:06.206,1.38118,1.38124,1.50,1.62
2014.09.03 04:18:10.330,1.38118,1.38124,1.00,2.44
2014.09.03 04:18:10.583,1.38116,1.38122,1.00,2.06
2014.09.03 04:18:11.099,1.38115,1.3812,1.69,1.12
2014.09.03 04:18:11.714,1.38115,1.3812,2.25,2.06
2014.09.03 04:18:12.795,1.38114,1.3812,1.00,2.06
2014.09.03 04:18:13.505,1.38114,1.3812,1.00,2.06
2014.09.03 04:18:13.758,1.38111,1.38118,1.00,4.31
2014.09.03 04:18:14.263,1.3811,1.38116,1.00,2.06
2014.09.03 04:18:14.624,1.3811,1.38114,1.00,1.87
2014.09.03 04:18:15.029,1.38108,1.38113,1.00,1.12
2014.09.03 04:18:15.080,1.38107,1.38111,1.50,1.19
2014.09.03 04:18:15.182,1.38105,1.38111,1.50,1.56
2014.09.03 04:18:16.379,1.38105,1.38109,1.50,1.00
2014.09.03 04:18:16.913,1.38103,1.38109,2.25,1.00
2014.09.03 04:18:17.502,1.38106,1.38109,1.50,1.00
2014.09.03 04:18:18.016,1.38105,1.38109,1.50,1.00
2014.09.03 04:18:19.305,1.38105,1.38111,1.50,2.06
2014.09.03 04:18:21.576,1.38106,1.38111,1.00,2.06
2014.09.03 04:18:22.082,1.38107,1.38111,1.00,2.06
2014.09.03 04:18:23.094,1.38107,1.38111,1.50,1.25
2014.09.03 04:18:23.667,1.38108,1.38111,1.00,1.25
2014.09.03 04:18:24.491,1.38109,1.38111,1.00,1.00
2014.09.03 04:18:26.436,1.38109,1.38112,1.00,1.25
2014.09.03 04:18:26.742,1.38112,1.38114,3.00,1.50
2014.09.03 04:18:27.095,1.38114,1.38116,1.00,1.19
2014.09.03 04:18:27.146,1.38116,1.38118,1.50,1.50
2014.09.03 04:18:27.652,1.38116,1.3812,1.50,1.69
2014.09.03 04:18:28.203,1.38116,1.3812,1.50,1.25
2014.09.03 04:18:29.193,1.38118,1.38121,1.00,1.19
2014.09.03 04:18:30.125,1.38118,1.38122,1.50,1.25
2014.09.03 04:18:32.931,1.38119,1.38122,1.50,1.00
2014.09.03 04:18:33.647,1.38119,1.38124,1.50,1.69
2014.09.03 04:18:34.954,1.3812,1.38124,1.00,1.69
2014.09.03 04:18:35.460,1.38121,1.38124,1.00,1.25
2014.09.03 04:18:40.032,1.38122,1.38124,1.00,1.25
2014.09.03 04:18:40.567,1.38123,1.38125,1.00,1.19
2014.09.03 04:18:41.595,1.38123,1.38126,1.00,1.69
2014.09.03 04:18:42.145,1.38122,1.38126,1.50,1.69
2014.09.03 04:19:16.181,1.38121,1.38126,1.00,1.50
2014.09.03 04:19:18.043,1.38122,1.38126,1.00,1.69
2014.09.03 04:19:20.290,1.38122,1.38126,1.50,2.44
2014.09.03 04:19:23.804,1.38121,1.38126,1.00,2.44
2014.09.03 04:19:26.958,1.3812,1.38126,1.00,2.44
2014.09.03 04:19:27.465,1.38119,1.38126,1.50,2.44
2014.09.03 04:19:32.411,1.38118,1.38126,1.50,2.06
2014.09.03 04:19:33.665,1.38118,1.38126,1.87,2.06
2014.09.03 04:19:35.057,1.38118,1.38126,1.50,1.69
2014.09.03 04:19:38.243,1.38118,1.38126,1.87,2.81
2014.09.03 04:19:54.439,1.3812,1.38126,1.50,2.81
2014.09.03 04:19:55.757,1.3812,1.38126,1.50,1.50
2014.09.03 04:19:56.443,1.38119,1.38125,1.50,1.00
2014.09.03 04:19:57.251,1.38119,1.38126,1.50,1.50
2014.09.03 04:20:04.075,1.38119,1.38126,1.50,2.44
2014.09.03 04:20:07.535,1.38119,1.38124,1.00,1.00
2014.09.03 04:20:08.041,1.38117,1.38124,1.69,1.00
2014.09.03 04:20:08.546,1.38117,1.38124,1.25,1.25
2014.09.03 04:20:10.333,1.38116,1.38123,4.31,1.00
2014.09.03 04:20:10.787,1.38117,1.38122,1.00,1.69
2014.09.03 04:20:10.888,1.38115,1.3812,1.50,1.00
2014.09.03 04:20:11.431,1.38115,1.38121,1.00,3.19
2014.09.03 04:20:12.211,1.38115,1.38121,1.00,3.94
2014.09.03 04:20:14.250,1.38114,1.38121,1.00,3.94
2014.09.03 04:20:18.994,1.38115,1.38121,1.00,3.94
2014.09.03 04:20:20.304,1.38114,1.38121,1.50,3.94
2014.09.03 04:20:26.618,1.38115,1.38121,1.00,3.19
2014.09.03 04:20:27.376,1.38115,1.38118,1.00,1.00
2014.09.03 04:20:27.629,1.38112,1.38116,1.00,1.00
2014.09.03 04:20:27.680,1.3811,1.38115,1.50,1.00
2014.09.03 04:20:28.084,1.38109,1.38112,1.50,1.00
2014.09.03 04:20:29.048,1.38108,1.38112,1.00,1.50
2014.09.03 04:20:32.862,1.38109,1.38112,1.00,1.50
2014.09.03 04:20:33.830,1.38109,1.38114,1.50,1.69
2014.09.03 04:20:38.465,1.3811,1.38114,1.00,2.06
2014.09.03 04:20:38.976,1.38109,1.38114,1.00,2.81
2014.09.03 04:20:39.230,1.38108,1.38114,1.50,2.81
2014.09.03 04:20:39.331,1.38108,1.38114,1.50,2.81
2014.09.03 04:20:39.433,1.38106,1.38112,1.00,1.50
2014.09.03 04:20:39.483,1.38106,1.38111,1.50,1.19
2014.09.03 04:20:39.686,1.38104,1.3811,1.00,1.69
2014.09.03 04:20:39.838,1.38102,1.38109,1.69,1.87
2014.09.03 04:20:40.645,1.38102,1.38109,1.00,2.06
2014.09.03 04:20:40.747,1.381,1.38109,2.06,2.06
2014.09.03 04:20:41.544,1.381,1.38109,1.69,1.69
2014.09.03 04:20:42.210,1.381,1.38109,2.06,2.06
2014.09.03 04:20:45.730,1.38102,1.3811,1.00,3.56
2014.09.03 04:20:53.666,1.38101,1.3811,2.06,2.44
2014.09.03 04:20:54.179,1.38102,1.3811,1.00,1.69
2014.09.03 04:20:57.977,1.38103,1.38111,1.37,2.44
2014.09.03 04:20:58.483,1.38104,1.38111,1.37,1.19
2014.09.03 04:20:58.987,1.38106,1.38113,1.25,1.25
2014.09.03 04:21:00.013,1.38106,1.38115,2.81,2.06
2014.09.03 04:21:00.518,1.38108,1.38115,1.00,1.19
2014.09.03 04:21:01.080,1.38108,1.38116,1.69,2.44
2014.09.03 04:21:01.742,1.38107,1.38114,3.19,1.00
2014.09.03 04:21:02.250,1.38107,1.38115,1.69,2.81
2014.09.03 04:21:07.158,1.38107,1.38112,1.25,1.00
2014.09.03 04:21:08.792,1.38107,1.38112,1.00,1.37
2014.09.03 04:21:09.309,1.38107,1.38113,1.00,1.37
2014.09.03 04:21:10.497,1.38106,1.38113,2.25,1.12
2014.09.03 04:21:21.925,1.38106,1.38113,1.25,1.62
2014.09.03 04:21:23.732,1.38106,1.38114,1.00,2.16
2014.09.03 04:21:27.021,1.38106,1.38114,2.44,1.41
2014.09.03 04:21:41.166,1.38107,1.38116,1.19,4.41
2014.09.03 04:21:42.391,1.38106,1.38115,4.69,1.78
2014.09.03 04:21:42.927,1.38106,1.38114,3.19,1.41
2014.09.03 04:21:43.281,1.38105,1.38111,1.00,1.25
2014.09.03 04:21:43.785,1.38103,1.38111,2.44,2.81
2014.09.03 04:21:44.249,1.38103,1.3811,1.50,1.31
2014.09.03 04:21:44.765,1.38102,1.3811,1.31,1.31
2014.09.03 04:21:47.849,1.38101,1.3811,2.81,1.19
2014.09.03 04:21:48.450,1.38101,1.3811,2.81,1.31
2014.09.03 04:21:55.777,1.38101,1.38109,1.62,1.19
2014.09.03 04:21:56.584,1.38101,1.38109,1.31,1.31
2014.09.03 04:22:08.908,1.38101,1.38109,1.62,2.44
2014.09.03 04:22:09.416,1.38101,1.38109,1.62,2.44
2014.09.03 04:22:09.990,1.38101,1.38109,1.62,1.50
2014.09.03 04:22:17.514,1.38101,1.38109,1.12,2.06
2014.09.03 04:22:21.933,1.38102,1.38109,1.00,2.06
2014.09.03 04:22:24.716,1.38101,1.38109,1.50,2.06
2014.09.03 04:22:25.019,1.38101,1.38109,1.00,2.25
2014.09.03 04:22:26.628,1.38101,1.38109,1.00,2.06
2014.09.03 04:22:43.618,1.38102,1.38109,1.00,1.59
2014.09.03 04:22:44.202,1.38102,1.38109,1.00,1.50
2014.09.03 04:22:45.716,1.38103,1.38109,1.00,1.59
2014.09.03 04:22:46.236,1.38103,1.38109,1.00,1.50
2014.09.03 04:22:46.970,1.38103,1.3811,1.00,1.69
2014.09.03 04:22:49.542,1.38103,1.3811,1.00,2.25
2014.09.03 04:22:55.611,1.38103,1.3811,1.00,1.69
2014.09.03 04:22:56.727,1.38103,1.3811,1.00,1.78
2014.09.03 04:22:58.620,1.38103,1.3811,1.00,1.78
2014.09.03 04:23:02.359,1.38102,1.3811,3.00,1.25
2014.09.03 04:23:02.883,1.38103,1.3811,1.00,1.25
2014.09.03 04:23:03.391,1.38103,1.3811,1.00,1.34
2014.09.03 04:23:04.009,1.38103,1.3811,1.00,1.25
2014.09.03 04:23:07.510,1.38102,1.3811,3.00,1.31
2014.09.03 04:23:07.562,1.38103,1.3811,1.00,1.41
2014.09.03 04:23:07.664,1.38103,1.3811,1.00,1.31
2014.09.03 04:23:07.866,1.38103,1.3811,1.50,1.41
2014.09.03 04:23:08.069,1.38103,1.3811,1.50,1.31
2014.09.03 04:23:08.291,1.38103,1.3811,1.50,1.41
2014.09.03 04:23:08.796,1.38103,1.3811,1.50,2.16
2014.09.03 04:23:09.578,1.38103,1.3811,1.50,2.16
2014.09.03 04:23:10.279,1.38103,1.3811,1.50,2.81
2014.09.03 04:23:12.596,1.38103,1.3811,1.50,1.31
2014.09.03 04:23:16.135,1.38103,1.3811,1.00,2.06
2014.09.03 04:23:21.283,1.38105,1.3811,1.00,2.06
2014.09.03 04:23:21.435,1.38103,1.3811,2.25,2.06
2014.09.03 04:23:28.489,1.38104,1.3811,1.00,2.06
2014.09.03 04:23:29.036,1.38104,1.3811,1.00,1.25
2014.09.03 04:23:32.649,1.38104,1.3811,1.00,2.06
2014.09.03 04:23:37.727,1.38104,1.3811,1.50,1.31
2014.09.03 04:23:38.259,1.38104,1.3811,1.50,1.62
2014.09.03 04:23:38.772,1.38103,1.3811,1.00,1.62
2014.09.03 04:23:39.278,1.38102,1.38109,1.00,1.19
2014.09.03 04:23:39.587,1.38105,1.38109,1.00,1.19
2014.09.03 04:23:40.093,1.38104,1.38109,1.00,1.19
2014.09.03 04:23:40.646,1.38104,1.3811,1.00,1.69
2014.09.03 04:23:42.251,1.38104,1.3811,1.00,2.81
2014.09.03 04:23:43.398,1.38106,1.3811,1.00,1.69
2014.09.03 04:23:43.902,1.38105,1.3811,1.50,2.06
2014.09.03 04:23:44.570,1.38105,1.3811,1.50,2.81
2014.09.03 04:23:45.922,1.38103,1.3811,1.50,3.19
2014.09.03 04:23:48.079,1.38105,1.3811,1.00,3.19
2014.09.03 04:23:49.058,1.38105,1.3811,1.00,2.06
2014.09.03 04:23:50.477,1.38105,1.3811,1.50,2.81
2014.09.03 04:23:51.566,1.38105,1.3811,1.50,2.06
2014.09.03 04:23:52.710,1.38104,1.3811,2.25,2.06
2014.09.03 04:23:53.219,1.38105,1.3811,1.50,1.69
2014.09.03 04:23:54.415,1.38106,1.3811,1.00,1.69
2014.09.03 04:24:07.369,1.38106,1.38112,1.50,2.44
2014.09.03 04:24:12.915,1.38106,1.38112,1.50,2.06
2014.09.03 04:24:13.420,1.38105,1.38111,1.50,2.06
2014.09.03 04:24:14.222,1.38105,1.3811,1.50,1.19
2014.09.03 04:24:15.393,1.38105,1.38112,1.50,2.44
2014.09.03 04:24:20.064,1.38107,1.38112,1.00,1.69
2014.09.03 04:24:21.967,1.38106,1.38112,1.50,1.69
2014.09.03 04:24:22.483,1.38107,1.38112,2.25,1.25
2014.09.03 04:24:23.316,1.38107,1.38112,1.50,1.69
2014.09.03 04:24:23.771,1.3811,1.38113,1.00,1.25
2014.09.03 04:24:23.872,1.38111,1.38115,1.00,1.50
2014.09.03 04:24:24.075,1.38111,1.38118,1.50,3.94
2014.09.03 04:24:24.125,1.38114,1.38118,1.00,3.94
2014.09.03 04:24:24.631,1.38115,1.38118,1.00,1.19
2014.09.03 04:24:24.833,1.38115,1.38121,1.00,3.00
2014.09.03 04:24:24.884,1.38117,1.38121,1.00,1.50
2014.09.03 04:24:25.389,1.38118,1.38123,1.50,2.44
2014.09.03 04:24:25.895,1.38119,1.38125,1.50,1.69
2014.09.03 04:24:26.199,1.38121,1.38125,1.00,1.69
2014.09.03 04:24:27.006,1.3812,1.38126,1.00,1.12
2014.09.03 04:24:27.556,1.3812,1.38126,1.00,1.87
2014.09.03 04:24:28.061,1.38119,1.38125,1.00,1.31
2014.09.03 04:24:28.940,1.38119,1.38124,1.00,1.19
2014.09.03 04:24:31.505,1.38117,1.38124,1.50,2.06
2014.09.03 04:24:32.019,1.38119,1.38124,1.00,1.31
2014.09.03 04:24:32.525,1.3812,1.38125,1.00,1.56
2014.09.03 04:24:33.047,1.38121,1.38125,1.00,1.19
2014.09.03 04:24:33.567,1.38121,1.38126,1.50,2.06
2014.09.03 04:24:36.734,1.38121,1.38126,1.50,1.00
2014.09.03 04:24:37.695,1.38122,1.38126,1.12,1.00
2014.09.03 04:24:38.149,1.38124,1.38128,1.00,1.69
2014.09.03 04:24:38.668,1.38124,1.38128,1.00,1.00
2014.09.03 04:24:42.732,1.38124,1.38129,1.50,1.69
2014.09.03 04:24:43.731,1.38126,1.3813,1.00,1.19
2014.09.03 04:24:43.781,1.38126,1.38132,1.00,1.00
2014.09.03 04:24:45.237,1.38127,1.38132,1.00,1.00
2014.09.03 04:24:47.208,1.38128,1.38132,1.00,1.00
2014.09.03 04:24:47.741,1.38127,1.38132,1.50,1.00
2014.09.03 04:24:49.317,1.38127,1.38133,1.50,2.44
2014.09.03 04:24:51.821,1.38127,1.38132,1.50,1.00
2014.09.03 04:24:53.807,1.38126,1.38132,1.50,1.25
2014.09.03 04:25:00.309,1.38125,1.38132,1.12,1.50
2014.09.03 04:25:00.360,1.38125,1.38132,1.37,1.50
2014.09.03 04:25:01.410,1.38125,1.38132,1.37,1.69
2014.09.03 04:25:02.306,1.38125,1.38132,1.62,1.69
2014.09.03 04:25:02.869,1.38125,1.38132,2.06,2.44
2014.09.03 04:25:04.264,1.38125,1.38132,2.06,2.44
2014.09.03 04:25:04.667,1.38125,1.38132,2.06,2.44
2014.09.03 04:25:05.262,1.38125,1.38132,2.06,2.44
2014.09.03 04:25:05.771,1.38126,1.38132,1.00,2.44
2014.09.03 04:25:07.858,1.38125,1.38132,1.69,2.44
2014.09.03 04:25:08.573,1.38126,1.38132,1.00,2.44
2014.09.03 04:25:18.476,1.38126,1.38132,1.00,1.62
2014.09.03 04:25:21.632,1.38126,1.38133,1.00,4.31
2014.09.03 04:25:22.391,1.38127,1.38133,1.00,4.31
2014.09.03 04:25:25.263,1.38127,1.38133,1.00,3.56
2014.09.03 04:25:26.752,1.38127,1.38132,1.00,1.00
2014.09.03 04:25:27.349,1.38126,1.38133,1.25,3.19
2014.09.03 04:25:34.092,1.38126,1.38132,1.00,1.00
2014.09.03 04:25:40.000,1.38125,1.38132,1.25,2.44
2014.09.03 04:25:47.607,1.38126,1.38132,1.00,2.44
2014.09.03 04:25:57.953,1.38125,1.38132,2.81,1.25
2014.09.03 04:26:02.131,1.38124,1.38132,1.69,2.06
2014.09.03 04:26:02.436,1.38123,1.38129,1.00,1.31
2014.09.03 04:26:03.313,1.38122,1.38129,1.87,3.56
2014.09.03 04:26:03.667,1.3812,1.38127,1.00,1.12
2014.09.03 04:26:03.718,1.3812,1.38127,1.00,1.37
2014.09.03 04:26:04.230,1.38118,1.38125,1.19,1.87
2014.09.03 04:26:04.585,1.38118,1.38123,1.19,1.00
2014.09.03 04:26:04.788,1.38117,1.38123,1.87,1.25
2014.09.03 04:26:05.093,1.38116,1.38121,1.25,1.00
2014.09.03 04:26:06.104,1.38114,1.38121,2.44,1.31
2014.09.03 04:26:07.114,1.38114,1.38121,2.25,1.19
2014.09.03 04:26:11.979,1.38114,1.38121,1.50,1.00
2014.09.03 04:26:13.017,1.38114,1.38122,1.50,3.19
2014.09.03 04:26:13.528,1.38114,1.38121,1.00,1.12
2014.09.03 04:26:13.834,1.38114,1.3812,1.00,1.37
2014.09.03 04:26:17.897,1.38113,1.3812,1.00,1.87
2014.09.03 04:26:18.200,1.38115,1.38121,1.50,2.06
2014.09.03 04:26:18.503,1.38117,1.3812,1.00,1.00
2014.09.03 04:26:19.043,1.38117,1.38122,1.00,3.56
2014.09.03 04:26:23.680,1.38118,1.38122,1.00,2.81
2014.09.03 04:26:24.678,1.38117,1.38122,1.00,2.81
2014.09.03 04:26:25.411,1.38118,1.38122,1.00,2.81
2014.09.03 04:26:26.069,1.38117,1.38122,1.50,2.81
2014.09.03 04:26:27.635,1.38117,1.38122,1.50,2.06
2014.09.03 04:26:29.701,1.38118,1.38122,1.00,2.06
2014.09.03 04:26:30.235,1.38119,1.38123,1.00,3.56
2014.09.03 04:26:30.749,1.38119,1.38123,1.00,1.87
2014.09.03 04:26:31.616,1.3812,1.38123,1.00,1.50
2014.09.03 04:26:36.190,1.3812,1.38125,1.50,4.69
2014.09.03 04:26:36.496,1.38119,1.38123,1.50,1.37
2014.09.03 04:26:37.003,1.38119,1.38123,1.00,1.37
2014.09.03 04:26:39.078,1.38119,1.38123,1.00,1.37
2014.09.03 04:26:40.604,1.38119,1.38124,1.00,1.62
2014.09.03 04:26:46.428,1.38118,1.38122,1.50,1.12
2014.09.03 04:26:47.380,1.38119,1.38122,1.00,1.12
2014.09.03 04:27:02.204,1.38119,1.38123,1.00,1.87
2014.09.03 04:27:02.255,1.38117,1.3812,1.00,1.12
2014.09.03 04:27:02.306,1.38115,1.3812,3.75,1.37
2014.09.03 04:27:02.811,1.38114,1.38121,1.69,1.31
2014.09.03 04:27:04.974,1.38114,1.3812,1.50,1.56
2014.09.03 04:27:05.176,1.38112,1.3812,1.25,3.56
2014.09.03 04:27:06.415,1.38112,1.3812,1.25,2.06
2014.09.03 04:27:06.919,1.38111,1.38118,3.19,1.37
2014.09.03 04:27:07.424,1.38111,1.38117,1.50,2.06
2014.09.03 04:27:07.475,1.38109,1.38117,1.25,2.06
2014.09.03 04:27:07.677,1.38109,1.38117,1.25,3.56
2014.09.03 04:27:07.879,1.38107,1.38112,1.50,1.25
2014.09.03 04:27:09.064,1.38106,1.38112,2.25,1.25
2014.09.03 04:27:09.578,1.38107,1.38112,1.00,1.25
2014.09.03 04:27:10.083,1.38107,1.38111,1.00,1.25
2014.09.03 04:27:10.293,1.38105,1.38111,3.00,1.25
2014.09.03 04:27:11.173,1.38104,1.38111,2.44,1.31
2014.09.03 04:27:11.788,1.38104,1.38109,1.00,1.25
2014.09.03 04:27:12.299,1.38103,1.38109,2.25,1.25
2014.09.03 04:27:17.341,1.38103,1.38108,2.25,1.25
2014.09.03 04:27:18.895,1.38104,1.38108,1.00,1.31
2014.09.03 04:27:21.406,1.38102,1.38109,1.00,1.62
2014.09.03 04:27:23.301,1.38101,1.38109,4.50,1.62
2014.09.03 04:27:25.110,1.38102,1.38109,1.00,1.62
2014.09.03 04:27:26.297,1.38103,1.38109,1.00,1.62
2014.09.03 04:27:26.807,1.38103,1.38109,1.50,1.25
2014.09.03 04:27:28.017,1.38103,1.38109,1.50,1.19
2014.09.03 04:27:29.043,1.38103,1.38109,1.50,1.69
2014.09.03 04:27:31.350,1.38103,1.38109,1.50,1.19
2014.09.03 04:27:33.663,1.38103,1.3811,3.00,1.50
2014.09.03 04:27:36.304,1.38104,1.3811,1.00,1.50
2014.09.03 04:27:37.496,1.38104,1.38111,1.00,2.06
2014.09.03 04:27:38.816,1.38103,1.38111,3.37,2.06
2014.09.03 04:27:38.874,1.38105,1.38111,1.00,2.06
2014.09.03 04:27:41.107,1.38106,1.38111,1.00,2.06
2014.09.03 04:27:43.112,1.38105,1.38112,1.50,1.56
2014.09.03 04:27:52.436,1.38106,1.38111,1.00,1.69
2014.09.03 04:27:56.317,1.38107,1.38111,1.37,1.00
2014.09.03 04:27:56.849,1.38107,1.38111,1.12,1.50
2014.09.03 04:27:57.382,1.38107,1.38113,1.00,1.19
2014.09.03 04:27:59.233,1.38108,1.38113,1.00,1.31
2014.09.03 04:27:59.738,1.38108,1.38114,1.50,3.19
2014.09.03 04:28:02.714,1.38109,1.38114,1.00,2.81
2014.09.03 04:28:03.218,1.3811,1.38114,1.00,1.69
2014.09.03 04:28:03.824,1.38111,1.38114,1.00,1.19
2014.09.03 04:28:04.128,1.38111,1.38118,1.00,5.44
2014.09.03 04:28:04.495,1.38109,1.38118,3.00,5.44
2014.09.03 04:28:05.010,1.3811,1.38118,1.50,2.44
2014.09.03 04:28:06.727,1.38111,1.38118,1.00,2.44
2014.09.03 04:28:07.231,1.38112,1.38118,1.00,1.19
2014.09.03 04:28:08.994,1.38112,1.38119,1.00,3.94
2014.09.03 04:28:11.362,1.38111,1.38119,3.19,2.44
2014.09.03 04:28:11.413,1.38112,1.38119,1.37,2.44
2014.09.03 04:28:11.918,1.38114,1.38119,1.00,1.19
2014.09.03 04:28:12.445,1.38114,1.38121,1.00,3.94
2014.09.03 04:28:13.535,1.38114,1.38121,1.69,3.19
2014.09.03 04:28:17.806,1.38114,1.38121,2.81,1.69
2014.09.03 04:28:18.816,1.38115,1.38122,2.25,1.19
2014.09.03 04:28:19.322,1.38113,1.38121,2.06,2.81
2014.09.03 04:28:19.931,1.38113,1.38121,1.56,2.44
2014.09.03 04:28:20.032,1.38113,1.38121,1.31,2.44
2014.09.03 04:28:20.184,1.38116,1.38121,1.00,1.69
2014.09.03 04:28:20.694,1.38115,1.38121,1.12,1.19
2014.09.03 04:28:21.456,1.38115,1.38122,1.12,3.19
2014.09.03 04:28:21.917,1.38117,1.38122,1.00,1.69
2014.09.03 04:28:22.467,1.38116,1.38122,1.00,1.69
2014.09.03 04:28:24.565,1.38116,1.38122,1.00,2.44
2014.09.03 04:28:25.077,1.38115,1.38121,2.25,1.25
2014.09.03 04:28:25.531,1.38113,1.38121,2.81,2.06
2014.09.03 04:28:32.271,1.38113,1.38121,2.81,1.69
2014.09.03 04:28:32.576,1.38116,1.38121,1.37,1.19
2014.09.03 04:28:33.192,1.38116,1.38123,1.37,1.69
2014.09.03 04:28:38.187,1.38116,1.38123,1.37,2.44
2014.09.03 04:28:39.279,1.38116,1.38123,1.62,1.69
2014.09.03 04:28:46.791,1.38116,1.38123,1.37,2.44
2014.09.03 04:28:47.753,1.38116,1.38123,1.00,2.81
2014.09.03 04:28:47.854,1.38116,1.3812,1.00,1.00
2014.09.03 04:28:47.955,1.38113,1.3812,1.25,1.00
2014.09.03 04:28:48.460,1.38111,1.38119,3.19,1.25
2014.09.03 04:28:49.320,1.38111,1.38119,1.25,1.69
2014.09.03 04:28:51.674,1.38111,1.38119,2.81,1.19
2014.09.03 04:28:52.200,1.38112,1.38119,3.37,1.19
2014.09.03 04:28:52.781,1.38112,1.3812,3.37,1.25
2014.09.03 04:28:53.752,1.38114,1.38121,1.50,3.19
2014.09.03 04:28:54.263,1.38115,1.38121,1.00,1.25
2014.09.03 04:28:54.778,1.38114,1.38122,4.87,3.94
2014.09.03 04:28:55.287,1.38115,1.38122,1.00,3.94
2014.09.03 04:28:56.289,1.38115,1.38122,1.50,2.44
2014.09.03 04:29:01.054,1.38115,1.38122,2.06,1.69
2014.09.03 04:29:01.820,1.38115,1.38122,1.87,2.44
2014.09.03 04:29:08.938,1.38115,1.38122,3.37,1.50
2014.09.03 04:29:13.320,1.38114,1.38121,1.37,1.19
2014.09.03 04:29:18.292,1.38114,1.38121,1.37,1.19
2014.09.03 04:29:18.877,1.38113,1.38121,2.81,1.69
2014.09.03 04:29:18.928,1.38115,1.38121,1.00,1.69
2014.09.03 04:29:21.762,1.38113,1.38121,2.06,2.06
2014.09.03 04:29:33.926,1.38113,1.38121,1.62,2.06
2014.09.03 04:29:36.261,1.38113,1.38121,1.62,1.00
2014.09.03 04:29:41.027,1.38115,1.38122,1.37,4.69
2014.09.03 04:29:43.223,1.38115,1.38122,1.12,3.19
2014.09.03 04:29:43.526,1.38117,1.38122,1.00,2.44
2014.09.03 04:29:44.499,1.38117,1.38122,1.00,1.00
2014.09.03 04:29:48.453,1.38115,1.38122,3.37,1.00
2014.09.03 04:29:50.373,1.38115,1.38123,3.37,1.69
2014.09.03 04:29:52.024,1.38116,1.38123,1.00,2.44
2014.09.03 04:29:53.778,1.38115,1.38123,3.37,2.44
2014.09.03 04:29:56.370,1.38115,1.38123,1.87,3.19
2014.09.03 04:29:57.843,1.38115,1.38122,2.62,1.00
2014.09.03 04:29:58.347,1.38116,1.38123,1.37,3.56
2014.09.03 04:29:58.600,1.38115,1.38123,1.87,4.31
2014.09.03 04:29:59.184,1.38115,1.38122,1.87,1.19
2014.09.03 04:30:02.500,1.38116,1.38122,1.00,1.19
2014.09.03 04:30:02.601,1.38116,1.38123,1.00,3.94
2014.09.03 04:30:03.231,1.38115,1.38123,1.87,3.94
2014.09.03 04:30:03.901,1.38115,1.38122,1.87,1.19
2014.09.03 04:30:06.577,1.38116,1.38122,1.00,1.19
2014.09.03 04:30:07.412,1.38116,1.38123,1.00,4.69
2014.09.03 04:30:08.963,1.38117,1.38123,1.00,4.69
2014.09.03 04:30:22.974,1.38117,1.38122,1.00,2.81
2014.09.03 04:30:25.831,1.38117,1.38122,1.00,2.06
2014.09.03 04:30:27.210,1.38116,1.38122,1.00,2.06
2014.09.03 04:30:27.776,1.38116,1.38121,1.00,1.50
2014.09.03 04:30:37.138,1.38116,1.38122,1.00,1.25
2014.09.03 04:30:39.210,1.38114,1.3812,1.00,1.00
2014.09.03 04:30:39.513,1.38111,1.38113,1.50,1.00
2014.09.03 04:30:39.816,1.38106,1.38113,3.19,1.12
2014.09.03 04:30:40.335,1.38106,1.38112,1.19,1.50
2014.09.03 04:30:40.859,1.38105,1.38113,1.31,2.81
2014.09.03 04:30:41.889,1.38104,1.38113,2.81,2.81
2014.09.03 04:30:42.396,1.38104,1.38112,2.81,1.00
2014.09.03 04:30:49.632,1.38104,1.38112,1.62,2.25
2014.09.03 04:30:51.458,1.38107,1.38114,1.12,3.19
2014.09.03 04:30:56.392,1.38106,1.38113,1.37,1.69
2014.09.03 04:30:57.507,1.38106,1.38114,1.62,1.69
2014.09.03 04:31:09.192,1.38107,1.38114,1.31,1.25
2014.09.03 04:31:10.621,1.38107,1.38113,1.31,1.00
2014.09.03 04:31:15.639,1.38106,1.38113,2.06,1.25
2014.09.03 04:31:16.208,1.38106,1.38112,2.06,1.50
2014.09.03 04:31:17.626,1.38106,1.38113,2.81,1.25
2014.09.03 04:31:25.440,1.38107,1.38114,1.37,2.81
2014.09.03 04:31:29.605,1.38107,1.38115,2.81,1.25
2014.09.03 04:31:30.186,1.38107,1.38114,2.06,1.69
2014.09.03 04:31:31.886,1.38107,1.38115,2.06,1.00
2014.09.03 04:31:32.496,1.38107,1.38116,2.06,4.31
2014.09.03 04:31:33.458,1.38109,1.38116,1.37,2.06
2014.09.03 04:31:34.168,1.38108,1.38116,1.62,2.81
2014.09.03 04:31:36.374,1.38108,1.38116,1.37,1.69
2014.09.03 04:31:38.078,1.38109,1.38117,1.37,3.94
2014.09.03 04:31:38.623,1.38109,1.38116,1.37,1.00
2014.09.03 04:31:40.657,1.38108,1.38115,3.56,1.50
2014.09.03 04:31:40.760,1.38108,1.38115,3.56,1.50
2014.09.03 04:31:41.271,1.38108,1.38115,3.56,1.50
2014.09.03 04:31:41.789,1.38108,1.38116,4.31,1.00
2014.09.03 04:31:42.293,1.38108,1.38116,4.31,1.00
2014.09.03 04:31:42.797,1.38109,1.38117,1.87,1.69
2014.09.03 04:31:44.071,1.38109,1.38117,2.44,1.25
2014.09.03 04:31:50.149,1.38112,1.38117,1.00,1.69
2014.09.03 04:31:51.808,1.38109,1.38117,2.81,1.69
2014.09.03 04:32:01.420,1.3811,1.38117,1.69,1.62
2014.09.03 04:32:02.188,1.3811,1.38113,1.25,1.00
2014.09.03 04:32:02.341,1.38108,1.38113,3.00,1.00
2014.09.03 04:32:02.846,1.38108,1.38114,1.00,1.69
2014.09.03 04:32:07.404,1.38108,1.38116,1.69,3.66
2014.09.03 04:32:10.040,1.38107,1.38115,3.56,1.34
2014.09.03 04:32:13.613,1.38108,1.38115,1.87,1.12
2014.09.03 04:32:14.615,1.38108,1.38115,1.87,1.78
2014.09.03 04:32:15.414,1.38107,1.38114,1.69,1.69
2014.09.03 04:32:15.936,1.38108,1.38115,1.00,2.16
2014.09.03 04:32:16.443,1.38106,1.38114,1.19,1.41
2014.09.03 04:32:17.319,1.38108,1.38115,1.50,4.41
2014.09.03 04:32:17.942,1.38108,1.38115,1.69,3.66
2014.09.03 04:32:20.081,1.38108,1.38115,1.69,3.66
2014.09.03 04:32:20.592,1.38106,1.38114,3.56,2.16
2014.09.03 04:32:22.430,1.38107,1.38113,1.25,1.00
2014.09.03 04:32:37.321,1.38107,1.38112,1.25,1.00
2014.09.03 04:32:37.371,1.38107,1.3811,1.00,1.00
2014.09.03 04:32:37.473,1.38105,1.38112,1.50,3.94
2014.09.03 04:32:38.484,1.38105,1.38113,1.69,2.06
2014.09.03 04:32:39.328,1.38105,1.38113,1.69,1.19
2014.09.03 04:32:39.581,1.38105,1.38114,2.44,1.69
2014.09.03 04:33:01.320,1.38107,1.38115,1.19,2.06
2014.09.03 04:33:04.635,1.38107,1.38115,2.44,2.06
2014.09.03 04:33:05.148,1.38106,1.38114,3.19,2.62
2014.09.03 04:33:05.857,1.38106,1.38114,2.44,3.56
2014.09.03 04:33:11.359,1.38108,1.38114,1.00,1.19
2014.09.03 04:33:12.547,1.38108,1.38115,1.25,3.19
2014.09.03 04:33:13.646,1.38106,1.38115,2.44,4.31
2014.09.03 04:33:14.192,1.38105,1.38114,5.44,1.00
2014.09.03 04:33:25.386,1.38106,1.38114,1.69,1.37
2014.09.03 04:33:29.331,1.38106,1.38114,1.69,1.00
2014.09.03 04:33:29.842,1.38106,1.38115,1.69,2.06
2014.09.03 04:33:30.473,1.38106,1.38115,2.44,1.12
2014.09.03 04:33:31.974,1.38106,1.38114,1.69,1.50
2014.09.03 04:33:34.378,1.38108,1.38115,1.00,2.81
2014.09.03 04:33:34.883,1.38106,1.38114,3.19,1.00
2014.09.03 04:33:36.681,1.38106,1.38116,1.69,4.31
2014.09.03 04:33:38.910,1.38106,1.38115,2.44,2.81
2014.09.03 04:33:39.978,1.38107,1.38115,1.19,2.06
2014.09.03 04:33:42.383,1.38106,1.38115,2.81,2.06
2014.09.03 04:33:43.800,1.38107,1.38115,1.19,1.31
2014.09.03 04:33:46.390,1.38106,1.38115,3.56,1.12
2014.09.03 04:33:48.427,1.38107,1.38115,1.19,1.31
2014.09.03 04:33:50.407,1.38106,1.38114,2.06,1.00
2014.09.03 04:33:52.210,1.38106,1.38114,1.31,1.50
2014.09.03 04:33:57.851,1.38107,1.38114,1.19,1.50
2014.09.03 04:34:00.279,1.38107,1.38115,1.19,1.25
2014.09.03 04:34:00.895,1.38106,1.38115,2.44,1.69
2014.09.03 04:34:03.916,1.38107,1.38115,1.19,1.25
2014.09.03 04:34:04.952,1.38106,1.38115,1.69,1.19
2014.09.03 04:34:05.495,1.38106,1.38113,1.69,1.00
2014.09.03 04:34:06.229,1.38107,1.38113,1.19,1.00
2014.09.03 04:34:06.739,1.38107,1.38112,1.19,1.00
2014.09.03 04:34:07.243,1.38107,1.38113,1.19,1.00
2014.09.03 04:34:08.324,1.38106,1.38113,2.44,1.00
2014.09.03 04:34:09.451,1.38107,1.38113,1.19,1.00
2014.09.03 04:34:10.529,1.38106,1.38113,2.44,1.00
2014.09.03 04:34:11.105,1.38106,1.38112,2.44,1.00
2014.09.03 04:34:11.829,1.38106,1.38114,2.44,1.69
2014.09.03 04:34:13.428,1.38106,1.38112,2.44,1.50
2014.09.03 04:34:16.436,1.38106,1.38113,1.69,1.00
2014.09.03 04:34:17.234,1.38106,1.38112,1.69,1.00
2014.09.03 04:34:19.854,1.38107,1.38112,1.19,1.00
2014.09.03 04:34:21.256,1.38106,1.38112,2.06,1.00
2014.09.03 04:34:22.213,1.38109,1.38112,1.00,1.00
2014.09.03 04:34:22.264,1.38109,1.38114,1.00,1.50
2014.09.03 04:34:22.768,1.38108,1.38113,1.00,1.00
2014.09.03 04:34:23.285,1.38106,1.38113,2.06,1.50
2014.09.03 04:34:25.378,1.38106,1.38112,1.31,1.00
2014.09.03 04:34:28.959,1.38106,1.38113,1.19,1.00
2014.09.03 04:34:30.192,1.38105,1.38112,1.31,1.00
2014.09.03 04:34:30.755,1.38105,1.38111,1.19,1.00
2014.09.03 04:34:30.859,1.38105,1.38109,1.19,1.00
2014.09.03 04:34:31.063,1.38101,1.38105,1.25,1.50
2014.09.03 04:34:31.417,1.38099,1.38103,1.19,1.00
2014.09.03 04:34:31.518,1.38097,1.38103,1.31,1.00
2014.09.03 04:34:33.053,1.38096,1.38104,3.56,1.25
2014.09.03 04:34:33.104,1.38099,1.38104,1.00,1.25
2014.09.03 04:34:34.118,1.381,1.38105,1.00,2.44
2014.09.03 04:34:34.743,1.381,1.38105,1.00,1.50
2014.09.03 04:34:35.262,1.38099,1.38106,1.69,1.69
2014.09.03 04:34:35.971,1.38099,1.38105,1.69,1.00
2014.09.03 04:34:43.511,1.38099,1.38105,2.44,1.00
2014.09.03 04:34:50.311,1.38099,1.38105,1.69,1.00
2014.09.03 04:35:01.307,1.38099,1.38106,1.25,2.06
2014.09.03 04:35:14.075,1.38098,1.38106,2.44,1.50
2014.09.03 04:35:16.292,1.38099,1.38106,1.00,1.50
2014.09.03 04:35:16.826,1.38099,1.38106,1.69,1.50
2014.09.03 04:35:17.793,1.38099,1.38106,1.25,1.69
2014.09.03 04:35:18.858,1.38099,1.38106,1.69,1.50
2014.09.03 04:35:21.327,1.38099,1.38107,1.69,1.25
2014.09.03 04:35:28.073,1.38099,1.38108,1.69,4.31
2014.09.03 04:35:28.900,1.381,1.38108,1.00,2.81
2014.09.03 04:35:36.457,1.381,1.38108,1.25,1.87
2014.09.03 04:36:16.261,1.38101,1.38108,1.50,1.69
2014.09.03 04:36:16.791,1.381,1.38108,1.25,2.44
2014.09.03 04:36:17.302,1.381,1.38108,1.25,1.50
2014.09.03 04:36:18.702,1.381,1.38108,1.25,1.87
2014.09.03 04:36:25.503,1.38099,1.38108,4.87,2.81
2014.09.03 04:36:26.383,1.38101,1.38108,1.00,2.06
2014.09.03 04:36:28.136,1.381,1.38108,1.25,2.06
2014.09.03 04:36:30.067,1.381,1.38108,1.00,1.31
2014.09.03 04:36:36.028,1.381,1.38108,1.00,1.62
2014.09.03 04:36:36.630,1.381,1.38108,1.00,1.31
2014.09.03 04:36:37.257,1.381,1.38108,1.00,1.62
2014.09.03 04:36:43.651,1.381,1.38108,1.25,2.06
2014.09.03 04:36:44.006,1.38103,1.38108,1.00,1.31
2014.09.03 04:36:44.208,1.38101,1.38108,2.25,1.31
2014.09.03 04:36:44.916,1.38101,1.38108,2.44,1.12
2014.09.03 04:36:46.034,1.38101,1.38108,1.50,2.81
2014.09.03 04:36:47.027,1.38101,1.38108,1.69,2.81
2014.09.03 04:36:48.428,1.381,1.38108,1.25,3.56
2014.09.03 04:37:03.147,1.38101,1.38108,1.00,3.56
2014.09.03 04:37:03.651,1.381,1.38108,1.00,3.56
2014.09.03 04:37:04.218,1.38099,1.38107,1.00,2.06
2014.09.03 04:37:04.723,1.38098,1.38106,1.00,1.37
2014.09.03 04:37:04.925,1.38098,1.38105,1.00,1.62
2014.09.03 04:37:05.431,1.38098,1.38103,1.00,1.37
2014.09.03 04:37:05.482,1.38095,1.38103,1.00,1.37
2014.09.03 04:37:05.987,1.38094,1.38102,1.00,1.12
2014.09.03 04:37:06.537,1.38093,1.38102,1.50,2.62
2014.09.03 04:37:07.268,1.38093,1.38102,1.50,3.56
2014.09.03 04:37:10.051,1.38093,1.38102,1.87,2.44
2014.09.03 04:37:11.113,1.38096,1.38102,1.00,1.19
2014.09.03 04:37:11.264,1.38096,1.38104,1.37,1.69
2014.09.03 04:37:15.288,1.38097,1.38104,1.69,1.50
2014.09.03 04:37:17.255,1.38098,1.38104,1.19,1.50
2014.09.03 04:37:18.543,1.38098,1.38105,1.19,1.12
2014.09.03 04:37:19.401,1.38098,1.38107,2.81,3.56
2014.09.03 04:37:19.704,1.381,1.38108,1.19,1.31
2014.09.03 04:37:22.976,1.38102,1.38109,1.00,1.31
2014.09.03 04:37:23.513,1.38102,1.38111,2.44,5.06
2014.09.03 04:37:29.789,1.38102,1.38111,2.06,4.31
2014.09.03 04:37:30.329,1.38103,1.38111,1.00,2.06
2014.09.03 04:37:31.289,1.38103,1.3811,1.50,1.87
2014.09.03 04:37:32.201,1.38103,1.3811,1.50,1.12
2014.09.03 04:37:33.233,1.38103,1.38111,3.94,3.56
2014.09.03 04:37:34.306,1.38103,1.3811,2.44,1.87
2014.09.03 04:37:34.408,1.38103,1.3811,1.69,6.37
2014.09.03 04:37:34.509,1.38101,1.38109,1.69,3.56
2014.09.03 04:37:35.498,1.381,1.38107,1.69,1.31
2014.09.03 04:37:36.426,1.381,1.38107,2.06,1.25
2014.09.03 04:37:36.745,1.38104,1.38109,1.87,1.69
2014.09.03 04:37:37.250,1.38103,1.38108,1.69,1.00
2014.09.03 04:37:37.301,1.38103,1.3811,1.69,1.50
2014.09.03 04:37:37.806,1.38103,1.3811,1.50,1.50
2014.09.03 04:37:39.003,1.38103,1.38111,1.87,1.69
2014.09.03 04:37:39.313,1.38103,1.38109,1.87,1.00
2014.09.03 04:37:39.822,1.38102,1.38109,1.00,1.12
2014.09.03 04:37:40.334,1.38101,1.38109,2.06,1.87
2014.09.03 04:37:42.818,1.38101,1.38109,2.06,3.56
2014.09.03 04:37:43.932,1.38103,1.38108,1.00,1.00
2014.09.03 04:37:44.438,1.38101,1.3811,3.56,4.31
2014.09.03 04:37:44.976,1.38102,1.38111,2.62,3.19
2014.09.03 04:37:46.320,1.38103,1.38111,2.81,1.69
2014.09.03 04:37:46.825,1.38103,1.3811,5.44,1.00
2014.09.03 04:37:47.354,1.38103,1.38111,4.69,1.25
2014.09.03 04:37:48.930,1.38104,1.3811,1.25,1.00
2014.09.03 04:37:49.445,1.38104,1.38111,1.25,2.06
2014.09.03 04:37:50.768,1.38104,1.38112,1.69,2.06
2014.09.03 04:37:51.282,1.38104,1.3811,1.69,1.00
2014.09.03 04:37:51.791,1.38104,1.38111,1.69,1.87
2014.09.03 04:37:52.716,1.38104,1.3811,1.69,1.00
2014.09.03 04:37:53.450,1.38104,1.38111,1.69,1.12
2014.09.03 04:37:53.967,1.38104,1.3811,1.00,1.00
2014.09.03 04:37:54.641,1.38104,1.38111,2.25,1.12
2014.09.03 04:37:55.207,1.38104,1.3811,3.19,1.00
2014.09.03 04:37:55.757,1.38104,1.38111,2.44,1.12
2014.09.03 04:38:01.959,1.38104,1.38111,1.69,1.37
2014.09.03 04:38:02.465,1.38102,1.38109,1.00,1.56
2014.09.03 04:38:02.990,1.38102,1.38109,1.00,1.19
2014.09.03 04:38:03.513,1.38101,1.38109,2.06,2.06
2014.09.03 04:38:05.499,1.38101,1.38109,2.81,1.31
2014.09.03 04:38:07.760,1.38102,1.3811,2.25,2.44
2014.09.03 04:38:10.364,1.38102,1.3811,1.69,2.44
2014.09.03 04:38:20.581,1.38102,1.3811,1.69,1.00
2014.09.03 04:38:21.184,1.38102,1.38111,2.44,5.06
2014.09.03 04:38:23.218,1.38102,1.38111,3.75,4.31
2014.09.03 04:38:26.239,1.38102,1.38111,4.69,4.31
2014.09.03 04:38:29.063,1.38102,1.38111,5.44,3.56
2014.09.03 04:38:29.164,1.38102,1.38111,3.19,4.31
2014.09.03 04:38:29.311,1.381,1.38109,9.56,1.69
2014.09.03 04:38:35.822,1.38102,1.38109,1.00,1.69
2014.09.03 04:38:37.133,1.38102,1.3811,2.25,1.31
2014.09.03 04:38:39.725,1.38102,1.3811,2.44,2.06
2014.09.03 04:38:47.148,1.38102,1.3811,2.44,2.06
2014.09.03 04:38:49.997,1.38102,1.3811,1.69,2.44
2014.09.03 04:38:51.434,1.38102,1.3811,2.25,1.25
2014.09.03 04:38:55.093,1.38102,1.3811,2.25,1.62
2014.09.03 04:38:56.363,1.38102,1.3811,1.50,2.06
2014.09.03 04:38:58.176,1.38102,1.3811,2.44,2.06
2014.09.03 04:39:16.478,1.38105,1.3811,1.00,2.81
2014.09.03 04:39:17.004,1.38105,1.38109,1.00,1.62
2014.09.03 04:39:28.626,1.38105,1.3811,1.00,2.06
2014.09.03 04:39:29.855,1.38105,1.38109,1.00,1.00
2014.09.03 04:39:31.526,1.38105,1.38111,1.00,4.69
2014.09.03 04:39:55.178,1.38105,1.38111,1.00,1.31
2014.09.03 04:39:56.087,1.38105,1.38111,1.00,1.31
2014.09.03 04:40:00.817,1.38106,1.38111,1.00,1.31
2014.09.03 04:40:01.344,1.38107,1.38111,1.00,1.31
2014.09.03 04:40:02.123,1.38106,1.38111,1.00,1.31
2014.09.03 04:40:02.773,1.38105,1.38112,3.00,1.56
2014.09.03 04:40:03.376,1.38105,1.38111,3.00,1.31
2014.09.03 04:40:04.360,1.38105,1.38113,3.00,3.56
2014.09.03 04:40:07.024,1.38106,1.38113,1.50,3.56
2014.09.03 04:40:10.119,1.38105,1.38113,1.50,3.56
2014.09.03 04:40:16.506,1.38104,1.38112,2.25,1.56
2014.09.03 04:40:33.460,1.38104,1.38111,1.00,2.81
2014.09.03 04:40:34.322,1.38104,1.38111,1.69,1.87
2014.09.03 04:40:34.373,1.38106,1.38111,1.37,1.50
2014.09.03 04:40:34.677,1.3811,1.38113,1.12,1.50
2014.09.03 04:40:34.728,1.38112,1.38116,1.00,1.69
2014.09.03 04:40:35.133,1.38114,1.38117,1.00,1.19
2014.09.03 04:40:35.645,1.38115,1.3812,1.00,1.69
2014.09.03 04:40:35.949,1.38117,1.38121,1.00,1.19
2014.09.03 04:40:36.151,1.38117,1.38123,2.25,1.00
2014.09.03 04:40:37.679,1.38116,1.38122,3.00,1.37
2014.09.03 04:40:38.185,1.38115,1.38121,1.25,1.00
2014.09.03 04:40:38.749,1.38114,1.38121,5.44,1.25
2014.09.03 04:40:39.303,1.38115,1.38121,1.50,1.25
2014.09.03 04:40:42.537,1.38116,1.38121,1.00,1.25
2014.09.03 04:40:43.045,1.38115,1.38121,1.00,1.25
2014.09.03 04:40:58.167,1.38115,1.38122,1.00,2.44
2014.09.03 04:41:00.693,1.38115,1.38119,1.00,1.50
2014.09.03 04:41:05.368,1.38115,1.38119,1.37,1.50
2014.09.03 04:41:05.723,1.38115,1.38121,1.00,1.00
2014.09.03 04:41:06.228,1.38116,1.38122,1.50,1.69
2014.09.03 04:41:08.638,1.38115,1.38122,3.19,1.25
2014.09.03 04:41:11.529,1.38119,1.38122,1.00,3.19
2014.09.03 04:41:11.832,1.3812,1.38125,1.00,1.00
2014.09.03 04:41:12.337,1.38121,1.38125,1.00,1.00
2014.09.03 04:41:12.438,1.38119,1.38125,1.69,1.00
2014.09.03 04:41:14.913,1.38119,1.38125,1.00,1.31
2014.09.03 04:41:18.691,1.38119,1.38126,1.00,3.56
2014.09.03 04:41:22.228,1.3812,1.38126,1.12,1.19
2014.09.03 04:41:23.329,1.3812,1.38129,1.87,3.94
2014.09.03 04:41:25.026,1.38123,1.38129,1.37,2.44
2014.09.03 04:41:25.179,1.38123,1.3813,2.06,2.44
2014.09.03 04:41:25.735,1.38123,1.38131,6.56,2.06
2014.09.03 04:41:26.240,1.38123,1.38131,6.56,1.31
2014.09.03 04:41:27.041,1.38125,1.38131,1.00,1.31
2014.09.03 04:41:27.408,1.38123,1.38128,2.06,1.50
2014.09.03 04:41:27.610,1.38123,1.38131,2.06,2.81
2014.09.03 04:41:28.115,1.38124,1.38131,1.37,1.19
2014.09.03 04:41:28.367,1.38127,1.38131,1.00,1.19
2014.09.03 04:41:28.469,1.3813,1.38134,1.00,1.50
2014.09.03 04:41:29.029,1.38129,1.38136,1.00,5.06
2014.09.03 04:41:29.897,1.38129,1.38133,1.00,1.50
2014.09.03 04:41:35.973,1.38129,1.38134,1.00,1.69
2014.09.03 04:41:36.994,1.38127,1.38135,2.81,2.81
2014.09.03 04:41:38.489,1.38127,1.38135,2.81,2.44
2014.09.03 04:41:39.251,1.38127,1.38135,2.81,1.50
2014.09.03 04:41:39.904,1.38127,1.38134,2.81,1.50
2014.09.03 04:41:40.867,1.38127,1.38133,2.81,1.00
2014.09.03 04:41:41.535,1.38127,1.38134,2.06,1.00
2014.09.03 04:41:42.054,1.38127,1.38135,2.06,3.00
2014.09.03 04:41:44.261,1.38127,1.38133,2.62,1.50
2014.09.03 04:41:44.766,1.38127,1.38133,2.25,1.50
2014.09.03 04:41:46.474,1.38126,1.38133,3.19,1.50
2014.09.03 04:41:46.778,1.38128,1.38133,1.37,1.50
2014.09.03 04:41:47.656,1.38129,1.38136,1.12,1.69
2014.09.03 04:41:48.370,1.38129,1.38134,1.12,1.50
2014.09.03 04:41:48.472,1.38129,1.38131,1.00,1.00
2014.09.03 04:41:48.522,1.38127,1.38131,1.25,1.00
2014.09.03 04:41:48.624,1.38128,1.38133,1.00,1.00
2014.09.03 04:41:48.826,1.38124,1.38133,3.75,1.69
2014.09.03 04:41:49.028,1.38126,1.38134,1.69,3.19
2014.09.03 04:41:49.332,1.38129,1.38134,1.00,1.69
2014.09.03 04:41:49.585,1.38128,1.38136,4.69,1.25
2014.09.03 04:41:51.707,1.38128,1.38134,4.69,1.50
2014.09.03 04:41:52.212,1.38128,1.38133,2.06,1.50
2014.09.03 04:41:52.732,1.38128,1.38133,1.12,1.50
2014.09.03 04:41:53.136,1.38127,1.38136,2.06,4.31
2014.09.03 04:41:53.490,1.38129,1.38137,1.00,4.31
2014.09.03 04:41:57.858,1.38129,1.38137,2.06,1.19
2014.09.03 04:41:59.432,1.38129,1.38138,3.56,2.44
2014.09.03 04:42:00.507,1.38129,1.38136,3.56,1.00
2014.09.03 04:42:02.223,1.38129,1.38137,3.56,1.25
2014.09.03 04:42:02.760,1.3813,1.38138,1.62,2.44
2014.09.03 04:42:03.297,1.3813,1.38138,1.31,2.44
2014.09.03 04:42:05.292,1.3813,1.38138,2.81,2.44
2014.09.03 04:42:09.396,1.3813,1.38138,3.56,1.69
2014.09.03 04:42:09.699,1.38132,1.38138,1.00,1.69
2014.09.03 04:42:10.355,1.38132,1.38138,1.00,1.25
2014.09.03 04:42:10.878,1.38131,1.38138,1.31,1.25
2014.09.03 04:42:11.604,1.38132,1.38138,1.00,1.25
2014.09.03 04:42:12.463,1.38132,1.38138,1.00,1.69
2014.09.03 04:42:17.506,1.3813,1.38138,3.56,2.44
2014.09.03 04:42:19.146,1.38131,1.38138,1.37,2.44
2014.09.03 04:42:20.826,1.38131,1.38138,1.12,1.69
2014.09.03 04:42:27.753,1.3813,1.38138,2.62,1.25
2014.09.03 04:42:30.858,1.38131,1.38138,1.87,2.44
2014.09.03 04:42:35.000,1.38132,1.38138,1.00,1.19
2014.09.03 04:42:38.028,1.38132,1.38138,2.62,1.19
2014.09.03 04:42:38.564,1.3813,1.38138,5.06,1.69
2014.09.03 04:42:39.075,1.3813,1.38138,4.31,1.69
2014.09.03 04:42:39.608,1.3813,1.38138,4.87,1.25
2014.09.03 04:42:40.445,1.38131,1.38137,1.12,1.00
2014.09.03 04:42:41.108,1.3813,1.38138,1.25,4.31
2014.09.03 04:42:41.259,1.38129,1.38134,1.69,1.50
2014.09.03 04:42:41.563,1.38127,1.38133,1.12,1.19
2014.09.03 04:42:42.600,1.38126,1.38133,1.50,1.31
2014.09.03 04:42:44.700,1.38126,1.38133,1.87,1.19
2014.09.03 04:42:50.897,1.38127,1.38134,1.12,5.81
2014.09.03 04:42:53.028,1.38127,1.38134,1.12,5.06
2014.09.03 04:42:54.750,1.38127,1.38134,1.12,5.81
2014.09.03 04:43:05.821,1.38127,1.38133,1.12,1.19
2014.09.03 04:43:06.853,1.38127,1.38134,1.12,3.94
2014.09.03 04:43:09.289,1.38126,1.38134,2.62,4.31
2014.09.03 04:43:20.855,1.38126,1.38132,1.00,1.19
2014.09.03 04:43:26.335,1.38124,1.38132,2.06,2.81
2014.09.03 04:43:26.840,1.38126,1.38131,1.50,1.25
2014.09.03 04:43:27.370,1.38126,1.3813,1.50,1.00
2014.09.03 04:43:27.878,1.38125,1.3813,1.12,1.00
2014.09.03 04:43:28.434,1.38125,1.38131,1.12,1.00
2014.09.03 04:43:29.301,1.38125,1.3813,1.12,1.00
2014.09.03 04:43:30.217,1.38125,1.38131,1.12,1.50
2014.09.03 04:43:31.027,1.38125,1.3813,1.12,1.00
2014.09.03 04:43:31.844,1.38125,1.38131,1.12,1.00
2014.09.03 04:43:32.354,1.38123,1.3813,4.31,1.00
2014.09.03 04:43:32.757,1.38123,1.38131,3.94,2.25
2014.09.03 04:43:34.275,1.38123,1.3813,3.75,1.69
2014.09.03 04:43:36.302,1.38123,1.38131,4.31,3.19
2014.09.03 04:43:37.393,1.38124,1.38131,1.00,3.19
2014.09.03 04:43:40.604,1.38123,1.38131,2.81,2.06
2014.09.03 04:43:43.829,1.38125,1.3813,1.00,1.12
2014.09.03 04:43:43.945,1.38125,1.38132,2.62,1.25
2014.09.03 04:43:44.097,1.38127,1.38133,1.00,1.19
2014.09.03 04:43:44.300,1.38128,1.38134,1.12,1.69
2014.09.03 04:43:44.502,1.38129,1.38135,2.06,1.50
2014.09.03 04:43:45.007,1.38131,1.38137,1.37,1.19
2014.09.03 04:43:45.613,1.38131,1.3814,1.37,6.56
2014.09.03 04:43:47.317,1.38131,1.38139,1.00,2.06
2014.09.03 04:43:47.621,1.38129,1.38137,1.69,1.37
2014.09.03 04:43:48.727,1.38128,1.38137,3.94,2.81
2014.09.03 04:43:49.516,1.38128,1.38136,3.19,1.62
2014.09.03 04:43:50.845,1.38128,1.38135,1.50,1.56
2014.09.03 04:43:51.355,1.38128,1.38134,1.00,1.62
2014.09.03 04:43:51.860,1.38128,1.38134,1.00,1.31
2014.09.03 04:43:54.229,1.38128,1.38134,1.00,2.06
2014.09.03 04:43:55.256,1.38128,1.38135,1.00,2.81
2014.09.03 04:43:59.340,1.38128,1.38135,2.25,1.31
2014.09.03 04:44:01.823,1.38129,1.38135,1.00,1.12
2014.09.03 04:44:02.384,1.38129,1.38135,1.00,1.31
2014.09.03 04:44:02.900,1.38129,1.38135,1.00,5.81
2014.09.03 04:44:03.763,1.38127,1.38133,1.00,1.87
2014.09.03 04:44:04.168,1.38124,1.38131,3.19,1.00
2014.09.03 04:44:05.178,1.38124,1.38131,1.69,2.25
2014.09.03 04:44:05.581,1.38124,1.3813,1.19,1.87
2014.09.03 04:44:05.683,1.38121,1.38129,2.44,1.69
2014.09.03 04:44:06.600,1.38121,1.38129,1.25,2.81
2014.09.03 04:44:07.589,1.38121,1.3813,3.19,3.56
2014.09.03 04:44:08.760,1.38121,1.38129,1.00,2.06
2014.09.03 04:44:12.808,1.3812,1.38129,1.25,2.81
2014.09.03 04:44:17.476,1.38119,1.38129,1.69,5.06
2014.09.03 04:44:19.605,1.38119,1.38127,2.44,1.62
2014.09.03 04:44:29.092,1.3812,1.38127,3.19,1.37
2014.09.03 04:44:31.117,1.3812,1.38127,2.25,1.37
2014.09.03 04:44:49.875,1.3812,1.38128,2.06,1.31
2014.09.03 04:44:52.524,1.3812,1.38129,2.06,2.81
2014.09.03 04:44:53.692,1.38121,1.38129,1.00,2.06
2014.09.03 04:45:06.497,1.38121,1.38129,1.50,2.06
2014.09.03 04:45:07.012,1.3812,1.38127,1.69,1.37
2014.09.03 04:45:08.890,1.38119,1.38126,1.25,1.12
2014.09.03 04:45:10.308,1.38118,1.38125,5.06,1.50
2014.09.03 04:45:10.825,1.38118,1.38126,4.31,1.31
2014.09.03 04:45:11.327,1.38119,1.38127,1.19,2.81
2014.09.03 04:45:14.911,1.38119,1.38125,1.19,1.50
2014.09.03 04:45:15.416,1.38119,1.38124,1.19,1.87
2014.09.03 04:45:15.871,1.38117,1.38122,1.00,1.00
2014.09.03 04:45:16.277,1.38114,1.38121,1.12,1.69
2014.09.03 04:45:16.801,1.38114,1.3812,1.12,1.50
2014.09.03 04:45:17.313,1.38113,1.3812,1.87,1.50
2014.09.03 04:45:18.065,1.38113,1.3812,1.87,2.44
2014.09.03 04:45:23.101,1.38113,1.38118,1.00,1.25
2014.09.03 04:45:23.556,1.3811,1.38118,2.06,1.31
2014.09.03 04:45:24.061,1.3811,1.38117,1.31,1.00
2014.09.03 04:45:24.515,1.3811,1.38115,1.12,1.25
2014.09.03 04:45:25.726,1.3811,1.38115,3.37,1.25
2014.09.03 04:45:26.234,1.38112,1.38115,1.00,1.25
2014.09.03 04:45:26.587,1.38111,1.38118,1.25,1.31
2014.09.03 04:45:28.985,1.38111,1.38119,1.87,2.81
2014.09.03 04:45:31.089,1.38111,1.38118,2.06,1.25
2014.09.03 04:45:34.840,1.38111,1.38119,1.12,2.81
2014.09.03 04:45:38.827,1.38112,1.3812,1.12,2.44
2014.09.03 04:45:43.747,1.38112,1.3812,3.56,1.19
2014.09.03 04:45:43.949,1.38113,1.38121,1.12,2.81
2014.09.03 04:45:44.151,1.38115,1.38121,1.00,1.31
2014.09.03 04:45:49.247,1.38114,1.38121,2.62,1.62
2014.09.03 04:45:50.250,1.38114,1.3812,1.50,1.31
2014.09.03 04:45:52.340,1.38114,1.3812,1.87,1.25
2014.09.03 04:45:53.327,1.38114,1.38122,2.62,2.44
2014.09.03 04:45:54.370,1.38114,1.3812,1.87,1.25
2014.09.03 04:45:54.674,1.38112,1.38117,2.62,1.25
2014.09.03 04:45:54.977,1.3811,1.38117,2.06,2.44
2014.09.03 04:45:55.078,1.3811,1.38115,1.50,1.87
2014.09.03 04:45:55.230,1.38107,1.38114,1.12,1.25
2014.09.03 04:45:55.482,1.38106,1.38112,3.00,2.06
2014.09.03 04:45:55.816,1.38103,1.3811,1.25,1.12
2014.09.03 04:45:56.636,1.38103,1.3811,1.50,2.81
2014.09.03 04:45:57.639,1.38103,1.38108,1.50,1.25
2014.09.03 04:46:10.087,1.38101,1.38108,4.50,1.00
2014.09.03 04:46:12.793,1.38101,1.38107,4.31,1.00
2014.09.03 04:46:13.295,1.38101,1.38108,4.31,2.44
2014.09.03 04:46:13.967,1.38101,1.38107,4.31,1.50
2014.09.03 04:46:14.887,1.38101,1.38108,4.31,1.25
2014.09.03 04:46:21.012,1.38101,1.38108,5.06,1.25
2014.09.03 04:46:23.199,1.38103,1.38109,1.12,1.69
2014.09.03 04:46:29.133,1.38103,1.3811,1.87,2.06
2014.09.03 04:46:31.622,1.38104,1.3811,1.00,2.06
2014.09.03 04:46:32.127,1.38103,1.3811,3.00,1.56
2014.09.03 04:46:33.238,1.38102,1.3811,3.56,1.87
2014.09.03 04:46:33.743,1.38103,1.38109,1.50,1.25
2014.09.03 04:46:34.606,1.38103,1.3811,2.44,2.44
2014.09.03 04:46:35.437,1.38104,1.3811,1.00,1.25
2014.09.03 04:46:37.394,1.38105,1.3811,1.00,1.25
2014.09.03 04:46:37.914,1.38105,1.38111,1.00,1.25
2014.09.03 04:46:38.475,1.38104,1.38111,2.62,1.25
2014.09.03 04:46:38.976,1.38105,1.38111,1.00,1.25
2014.09.03 04:46:41.271,1.38104,1.38111,2.62,1.25
2014.09.03 04:46:42.032,1.38105,1.38112,1.00,3.19
2014.09.03 04:46:42.709,1.38104,1.38112,2.62,3.19
2014.09.03 04:46:43.258,1.38105,1.38112,1.00,3.94
2014.09.03 04:46:43.763,1.38104,1.38111,1.00,1.19
2014.09.03 04:46:43.864,1.38102,1.3811,1.00,1.25
2014.09.03 04:46:44.167,1.38103,1.38111,2.62,1.19
2014.09.03 04:46:44.674,1.38106,1.38111,1.00,1.19
2014.09.03 04:46:44.977,1.3811,1.38113,1.00,1.31
2014.09.03 04:46:45.028,1.38108,1.38113,1.00,1.31
2014.09.03 04:46:47.085,1.38105,1.38113,3.19,1.69
2014.09.03 04:46:47.439,1.38105,1.38111,1.19,1.00
2014.09.03 04:46:48.474,1.38104,1.3811,1.12,1.25
2014.09.03 04:46:56.640,1.38104,1.3811,1.00,2.44
2014.09.03 04:46:57.232,1.38103,1.3811,3.37,2.44
2014.09.03 04:47:06.366,1.38103,1.38109,1.00,2.44
2014.09.03 04:47:08.560,1.38103,1.38109,1.00,1.69
2014.09.03 04:47:18.672,1.38102,1.38109,2.62,1.50
2014.09.03 04:47:19.181,1.38102,1.38109,2.62,3.94
2014.09.03 04:47:21.408,1.38102,1.38107,1.00,1.00
2014.09.03 04:47:21.611,1.381,1.38106,2.62,1.25
2014.09.03 04:47:22.124,1.38099,1.38106,1.69,1.31
2014.09.03 04:47:22.636,1.38099,1.38104,1.00,1.25
2014.09.03 04:47:23.154,1.38098,1.38104,1.00,1.25
2014.09.03 04:47:23.659,1.38097,1.38103,1.00,1.25
2014.09.03 04:47:24.173,1.38096,1.38103,2.81,1.25
2014.09.03 04:47:24.833,1.38096,1.38103,1.62,1.25
2014.09.03 04:47:25.397,1.38096,1.38103,1.25,1.25
2014.09.03 04:47:29.715,1.38096,1.38103,2.81,1.25
2014.09.03 04:47:31.303,1.38096,1.38104,3.37,2.44
2014.09.03 04:47:31.824,1.38096,1.38104,1.50,2.44
2014.09.03 04:47:36.812,1.38096,1.38104,4.12,3.94
2014.09.03 04:47:39.717,1.38096,1.38102,4.12,1.25
2014.09.03 04:47:40.760,1.38096,1.38102,4.12,1.19
2014.09.03 04:47:41.764,1.38096,1.38102,4.12,1.19
2014.09.03 04:47:43.969,1.38096,1.38103,1.87,2.44
2014.09.03 04:47:46.051,1.38096,1.38102,3.37,1.19
2014.09.03 04:47:49.448,1.38096,1.38103,2.62,1.69
2014.09.03 04:47:52.640,1.38096,1.38103,2.62,1.69
2014.09.03 04:47:53.103,1.38095,1.38102,1.87,1.69
2014.09.03 04:47:53.608,1.38095,1.38101,1.50,1.69
2014.09.03 04:47:54.449,1.38095,1.38101,1.50,3.19
2014.09.03 04:47:57.749,1.38095,1.381,1.50,2.44
2014.09.03 04:48:01.358,1.38095,1.381,1.00,2.44
2014.09.03 04:48:01.864,1.38095,1.381,1.50,2.44
2014.09.03 04:48:04.167,1.38094,1.381,2.25,2.44
2014.09.03 04:48:04.676,1.38095,1.381,1.50,2.44
2014.09.03 04:48:04.878,1.38095,1.38101,1.50,2.44
2014.09.03 04:48:07.091,1.38093,1.38101,1.50,1.25
2014.09.03 04:48:07.294,1.38092,1.38098,3.00,1.25
2014.09.03 04:48:07.547,1.38091,1.38098,2.81,1.69
2014.09.03 04:48:07.901,1.38089,1.38093,1.50,1.25
2014.09.03 04:48:08.053,1.38086,1.38093,1.69,1.69
2014.09.03 04:48:08.104,1.38086,1.38091,1.00,1.19
2014.09.03 04:48:08.623,1.38083,1.38091,3.19,1.19
2014.09.03 04:48:08.984,1.38083,1.38091,1.25,1.19
2014.09.03 04:48:09.495,1.38083,1.38089,1.00,1.25
2014.09.03 04:48:11.320,1.38083,1.38091,1.12,2.44
2014.09.03 04:48:15.920,1.38082,1.3809,4.87,1.25
2014.09.03 04:48:19.422,1.38082,1.3809,3.37,1.25
2014.09.03 04:48:19.984,1.38082,1.3809,4.12,1.25
2014.09.03 04:48:22.827,1.38082,1.38089,3.37,1.19
2014.09.03 04:48:26.608,1.38082,1.3809,3.37,2.44
2014.09.03 04:48:30.756,1.38082,1.3809,2.62,1.25
2014.09.03 04:48:31.925,1.38083,1.38089,1.87,1.19
2014.09.03 04:48:32.913,1.38083,1.38089,1.87,1.25
2014.09.03 04:48:35.253,1.38082,1.38089,1.62,1.25
2014.09.03 04:48:36.227,1.38082,1.38089,2.62,2.44
2014.09.03 04:48:38.321,1.38082,1.3809,1.37,2.44
2014.09.03 04:48:39.323,1.38082,1.38088,1.37,1.25
2014.09.03 04:48:48.364,1.38082,1.38088,3.00,1.25
2014.09.03 04:49:02.492,1.38082,1.38089,1.87,1.25
2014.09.03 04:49:07.869,1.38082,1.38088,1.87,1.19
2014.09.03 04:49:09.005,1.38082,1.38088,1.87,1.25
2014.09.03 04:49:12.680,1.38081,1.38088,1.37,2.44
2014.09.03 04:49:14.915,1.38081,1.38089,1.37,1.19
2014.09.03 04:49:16.738,1.38081,1.38088,1.69,1.25
2014.09.03 04:49:21.256,1.38083,1.38088,1.37,1.25
2014.09.03 04:49:21.710,1.38083,1.38091,1.37,4.31
2014.09.03 04:49:21.811,1.38082,1.38091,2.25,3.56
2014.09.03 04:49:22.745,1.38081,1.38088,4.31,1.25
2014.09.03 04:49:23.547,1.38081,1.38088,2.44,1.25
2014.09.03 04:49:24.254,1.38081,1.38089,2.44,2.44
2014.09.03 04:49:24.803,1.38082,1.38089,1.62,1.25
2014.09.03 04:49:26.055,1.38082,1.3809,1.87,2.81
2014.09.03 04:49:28.283,1.38082,1.3809,1.87,2.44
2014.09.03 04:49:37.561,1.38082,1.38089,1.87,2.44
2014.09.03 04:49:38.882,1.38082,1.38089,1.37,2.44
2014.09.03 04:49:42.226,1.38082,1.38089,2.62,2.44
2014.09.03 04:49:43.352,1.38083,1.38089,1.87,1.25
2014.09.03 04:49:46.440,1.38084,1.3809,1.87,1.69
2014.09.03 04:49:46.941,1.38083,1.3809,1.37,1.69
2014.09.03 04:49:47.445,1.38083,1.38089,1.37,1.25
2014.09.03 04:49:47.962,1.38082,1.38089,1.62,1.25
2014.09.03 04:49:52.782,1.38084,1.3809,1.00,2.44
2014.09.03 04:49:53.355,1.38084,1.3809,1.00,1.25
2014.09.03 04:49:55.258,1.38083,1.3809,1.31,1.25
2014.09.03 04:49:56.483,1.38083,1.3809,1.87,3.19
2014.09.03 04:49:58.407,1.38083,1.38088,1.87,1.25
2014.09.03 04:50:01.534,1.38083,1.38088,1.87,1.25
2014.09.03 04:50:04.453,1.38083,1.38088,2.62,1.25
2014.09.03 04:50:05.094,1.38083,1.3809,1.87,3.19
2014.09.03 04:50:06.986,1.38083,1.38088,1.87,1.25
2014.09.03 04:50:10.006,1.38082,1.38088,1.12,1.25
2014.09.03 04:50:10.511,1.38083,1.38088,1.50,1.25
2014.09.03 04:50:11.300,1.38083,1.38087,1.50,2.44
2014.09.03 04:50:12.515,1.38082,1.38086,1.00,1.25
2014.09.03 04:50:13.471,1.38084,1.38087,1.00,2.44
2014.09.03 04:50:14.416,1.38084,1.38087,1.50,1.25
2014.09.03 04:50:16.506,1.38084,1.38087,1.50,1.19
2014.09.03 04:50:17.947,1.38081,1.38084,1.50,1.12
2014.09.03 04:50:18.452,1.3808,1.38085,1.12,2.44
2014.09.03 04:50:19.105,1.3808,1.38082,1.50,2.44
2014.09.03 04:50:19.613,1.38079,1.38082,1.50,2.44
2014.09.03 04:50:20.231,1.3808,1.38082,1.00,2.44
2014.09.03 04:50:21.046,1.38079,1.38082,2.25,1.19
2014.09.03 04:50:21.618,1.38078,1.38081,1.00,1.56
2014.09.03 04:50:21.670,1.38074,1.38077,2.25,1.50
2014.09.03 04:50:21.822,1.38069,1.38074,1.30,1.25
2014.09.03 04:50:22.075,1.38069,1.38072,1.00,1.00
2014.09.03 04:50:22.177,1.38068,1.38074,1.00,1.25
2014.09.03 04:50:22.933,1.38068,1.38072,1.00,2.44
2014.09.03 04:50:23.950,1.38066,1.38071,1.00,1.25
2014.09.03 04:50:24.456,1.38065,1.38071,1.50,2.06
2014.09.03 04:50:24.658,1.38062,1.38065,3.00,1.87
2014.09.03 04:50:24.759,1.38059,1.38065,2.25,5.62
2014.09.03 04:50:24.860,1.38059,1.38063,1.00,1.19
2014.09.03 04:50:24.911,1.38056,1.38063,1.50,1.19
2014.09.03 04:50:25.427,1.38056,1.38061,2.25,1.25
2014.09.03 04:50:25.528,1.38059,1.38061,1.00,1.25
2014.09.03 04:50:25.630,1.3806,1.38064,1.50,1.50
2014.09.03 04:50:25.681,1.38063,1.38064,1.00,1.00
2014.09.03 04:50:25.783,1.38066,1.38069,1.00,1.25
2014.09.03 04:50:26.290,1.38066,1.38069,1.00,1.25
2014.09.03 04:50:26.593,1.38062,1.38069,1.69,1.69
2014.09.03 04:50:26.644,1.38062,1.38068,1.50,1.19
2014.09.03 04:50:26.948,1.38061,1.38065,1.50,1.19
2014.09.03 04:50:27.352,1.38063,1.38065,1.00,1.19
2014.09.03 04:50:27.454,1.38063,1.38067,1.50,1.25
2014.09.03 04:50:27.656,1.38065,1.38067,1.50,1.25
2014.09.03 04:50:27.959,1.38068,1.3807,1.00,1.25
2014.09.03 04:50:28.262,1.38069,1.38071,1.00,1.19
2014.09.03 04:50:28.667,1.3807,1.38071,1.00,1.00
2014.09.03 04:50:28.768,1.3807,1.38073,1.00,1.25
2014.09.03 04:50:29.274,1.38071,1.38074,1.00,1.19
2014.09.03 04:50:29.779,1.38072,1.38074,1.00,1.19
2014.09.03 04:50:29.983,1.38073,1.38076,1.00,1.25
2014.09.03 04:50:33.771,1.38073,1.38077,1.00,1.00
2014.09.03 04:50:34.390,1.38072,1.38077,1.00,1.00
2014.09.03 04:50:34.951,1.3807,1.38077,1.12,1.12
2014.09.03 04:50:35.456,1.38068,1.38077,3.56,4.12
2014.09.03 04:50:36.952,1.38068,1.38076,2.81,1.31
2014.09.03 04:50:37.964,1.38068,1.38077,2.81,5.81
2014.09.03 04:50:40.854,1.38068,1.38074,1.31,1.00
2014.09.03 04:50:41.360,1.38068,1.38075,1.31,1.25
2014.09.03 04:50:42.836,1.38068,1.38076,2.06,1.19
2014.09.03 04:50:43.014,1.38069,1.38077,1.69,2.44
2014.09.03 04:50:43.219,1.38069,1.38077,3.56,2.44
2014.09.03 04:50:43.926,1.38072,1.38078,1.00,1.19
2014.09.03 04:50:44.178,1.38069,1.38077,2.06,1.69
2014.09.03 04:50:44.683,1.38069,1.38076,1.31,1.00
2014.09.03 04:50:45.315,1.38068,1.38076,1.37,2.44
2014.09.03 04:50:49.812,1.38068,1.38076,1.62,3.19
2014.09.03 04:50:53.189,1.38068,1.38076,1.31,3.19
2014.09.03 04:50:53.730,1.38068,1.38074,1.25,1.50
2014.09.03 04:50:54.386,1.38065,1.38074,5.81,3.19
2014.09.03 04:50:55.817,1.38065,1.38073,2.06,1.00
2014.09.03 04:50:55.918,1.38064,1.38069,1.37,1.00
2014.09.03 04:50:55.969,1.38063,1.38069,1.50,1.50
2014.09.03 04:50:56.121,1.38063,1.38066,1.00,1.00
2014.09.03 04:50:56.223,1.38057,1.38066,5.06,2.44
2014.09.03 04:50:56.325,1.38057,1.38064,2.81,1.25
2014.09.03 04:50:56.830,1.38057,1.38065,2.81,1.69
2014.09.03 04:50:59.310,1.38058,1.38065,1.31,1.50
2014.09.03 04:50:59.613,1.3806,1.38067,1.37,4.69
2014.09.03 04:50:59.815,1.38059,1.38067,2.44,1.69
2014.09.03 04:50:59.866,1.38062,1.38067,1.00,1.19
2014.09.03 04:51:00.068,1.38059,1.38067,2.06,1.69
2014.09.03 04:51:00.573,1.38059,1.38067,3.19,2.44
2014.09.03 04:51:01.532,1.38058,1.38065,1.56,1.00
2014.09.03 04:51:01.634,1.38056,1.38063,3.56,1.00
2014.09.03 04:51:02.145,1.38056,1.38062,1.56,1.50
2014.09.03 04:51:02.953,1.38056,1.38063,1.56,1.00
2014.09.03 04:51:03.206,1.38057,1.38066,4.31,3.94
2014.09.03 04:51:03.358,1.38056,1.38065,1.69,3.00
2014.09.03 04:51:03.460,1.38055,1.38063,1.25,2.62
2014.09.03 04:51:03.561,1.38054,1.38061,1.19,1.00
2014.09.03 04:51:04.066,1.38054,1.38062,1.19,3.00
2014.09.03 04:51:04.773,1.38054,1.38061,2.06,1.00
2014.09.03 04:51:05.277,1.38054,1.38061,1.12,1.50
2014.09.03 04:51:05.791,1.38054,1.3806,1.12,1.00
2014.09.03 04:51:06.326,1.38054,1.3806,1.37,1.00
2014.09.03 04:51:06.907,1.38054,1.38061,1.87,1.00
2014.09.03 04:51:07.415,1.38054,1.38061,1.00,1.50
2014.09.03 04:51:07.980,1.38053,1.38061,1.50,1.25
2014.09.03 04:51:08.643,1.38053,1.38061,1.69,2.44
2014.09.03 04:51:10.629,1.38055,1.38061,1.50,1.25
2014.09.03 04:51:11.178,1.38056,1.38062,1.00,1.69
2014.09.03 04:51:11.280,1.38056,1.38064,1.69,3.75
2014.09.03 04:51:11.786,1.38055,1.38063,2.44,1.00
2014.09.03 04:51:12.744,1.38054,1.38062,1.25,1.19
2014.09.03 04:51:13.452,1.38055,1.38062,1.50,2.44
2014.09.03 04:51:13.966,1.38054,1.38062,1.69,2.81
2014.09.03 04:51:14.627,1.38053,1.38061,3.94,2.81
2014.09.03 04:51:14.931,1.38052,1.38061,1.69,3.56
2014.09.03 04:51:15.435,1.38051,1.38059,5.81,1.12
2014.09.03 04:51:16.686,1.38051,1.38056,2.06,1.00
2014.09.03 04:51:16.940,1.38049,1.38057,1.12,3.56
2014.09.03 04:51:17.648,1.3805,1.38058,1.00,1.19
2014.09.03 04:51:18.206,1.38051,1.38058,1.00,1.19
2014.09.03 04:51:18.712,1.3805,1.38058,1.87,2.44
2014.09.03 04:51:19.219,1.3805,1.38058,2.06,1.50
2014.09.03 04:51:20.004,1.3805,1.38057,2.81,1.00
2014.09.03 04:51:21.056,1.38049,1.38057,4.31,1.50
2014.09.03 04:51:22.058,1.3805,1.38059,1.69,1.69
2014.09.03 04:51:22.876,1.38051,1.38059,1.69,1.31
2014.09.03 04:51:23.028,1.38054,1.38059,1.00,1.31
2014.09.03 04:51:23.532,1.38054,1.38061,1.00,2.16
2014.09.03 04:51:30.877,1.38051,1.3806,4.31,2.53
2014.09.03 04:51:31.383,1.3805,1.38059,3.56,1.78
2014.09.03 04:51:33.281,1.38051,1.3806,1.69,2.91
2014.09.03 04:51:34.513,1.38051,1.3806,2.81,1.78
2014.09.03 04:51:35.886,1.38054,1.38062,1.00,2.91
2014.09.03 04:51:36.413,1.38055,1.38063,2.25,2.53
2014.09.03 04:51:38.422,1.38056,1.38063,1.00,1.47
2014.09.03 04:51:44.747,1.38055,1.38062,3.56,1.00
2014.09.03 04:51:46.422,1.38055,1.38062,2.44,1.25
2014.09.03 04:51:52.381,1.38055,1.38063,1.62,1.69
2014.09.03 04:51:54.481,1.38056,1.38062,2.06,1.00
2014.09.03 04:51:57.314,1.38056,1.38062,1.25,1.00
2014.09.03 04:51:58.373,1.38056,1.38063,1.50,1.00
2014.09.03 04:51:59.957,1.38056,1.38062,4.12,1.00
2014.09.03 04:52:00.777,1.38056,1.38063,4.12,1.00
2014.09.03 04:52:01.643,1.38056,1.38062,4.12,1.00
2014.09.03 04:52:02.303,1.38056,1.38062,5.06,1.00
2014.09.03 04:52:02.982,1.38056,1.38062,4.12,1.00
2014.09.03 04:52:06.995,1.38057,1.38062,1.00,1.12
2014.09.03 04:52:08.550,1.38058,1.38062,1.12,1.12
2014.09.03 04:52:09.979,1.38057,1.38062,2.44,1.00
2014.09.03 04:52:10.634,1.38057,1.38063,1.31,1.00
2014.09.03 04:52:11.249,1.38057,1.38062,1.69,1.00
2014.09.03 04:52:12.258,1.38059,1.38062,1.00,1.00
2014.09.03 04:52:12.310,1.38059,1.38063,2.62,1.00
2014.09.03 04:52:12.411,1.3806,1.38066,1.37,1.25
2014.09.03 04:52:12.967,1.38061,1.38067,1.37,1.69
2014.09.03 04:52:13.068,1.38062,1.38068,1.87,1.00
2014.09.03 04:52:13.119,1.38065,1.38071,2.25,2.81
2014.09.03 04:52:13.473,1.38066,1.38074,3.19,2.44
2014.09.03 04:52:13.675,1.38068,1.38075,2.06,1.87
2014.09.03 04:52:14.021,1.38071,1.38077,2.25,1.19
2014.09.03 04:52:14.274,1.38072,1.3808,3.94,1.00
2014.09.03 04:52:14.476,1.38075,1.3808,1.00,1.00
2014.09.03 04:52:14.980,1.38075,1.38082,3.37,1.19
2014.09.03 04:52:15.517,1.38075,1.38082,4.12,1.19
2014.09.03 04:52:15.618,1.38075,1.38084,4.31,2.81
2014.09.03 04:52:16.945,1.38075,1.38084,3.94,3.56
2014.09.03 04:52:17.821,1.38075,1.38083,2.44,1.56
2014.09.03 04:52:18.939,1.38074,1.38082,4.69,1.62
2014.09.03 04:52:19.452,1.38074,1.38082,3.94,1.62
2014.09.03 04:52:20.541,1.38075,1.38083,2.44,3.56
2014.09.03 04:52:23.225,1.38074,1.38082,1.19,3.56
2014.09.03 04:52:23.528,1.38072,1.38077,1.50,1.00
2014.09.03 04:52:23.680,1.38067,1.38076,3.19,2.81
2014.09.03 04:52:23.782,1.38066,1.38073,3.94,1.37
2014.09.03 04:52:24.135,1.38066,1.38074,1.19,3.37
2014.09.03 04:52:24.640,1.38066,1.38073,1.19,2.25
2014.09.03 04:52:25.190,1.38065,1.38073,1.19,2.44
2014.09.03 04:52:25.723,1.38065,1.38072,1.19,1.00
2014.09.03 04:52:26.709,1.38064,1.38072,1.69,1.69
2014.09.03 04:52:30.443,1.38064,1.38072,2.44,1.31
2014.09.03 04:52:34.886,1.38066,1.38073,1.00,1.78
2014.09.03 04:52:35.089,1.38068,1.38073,1.00,1.31
2014.09.03 04:52:35.242,1.3807,1.38076,1.87,1.19
2014.09.03 04:52:35.343,1.3807,1.38077,2.06,1.25
2014.09.03 04:52:36.278,1.3807,1.38078,2.81,2.44
2014.09.03 04:52:37.634,1.38069,1.38077,1.50,1.69
2014.09.03 04:52:37.786,1.38068,1.38075,1.25,1.00
2014.09.03 04:52:38.089,1.38066,1.38074,1.69,1.69
2014.09.03 04:52:39.154,1.38065,1.38074,1.50,3.19
2014.09.03 04:52:40.661,1.38065,1.38072,1.12,1.00
2014.09.03 04:52:40.965,1.38061,1.38069,2.06,1.37
2014.09.03 04:52:41.269,1.38058,1.38064,1.19,1.00
2014.09.03 04:52:41.522,1.38053,1.3806,3.19,1.00
2014.09.03 04:52:42.028,1.38053,1.38059,1.19,1.00
2014.09.03 04:52:42.633,1.38051,1.38059,1.50,1.25
2014.09.03 04:52:45.629,1.38052,1.38059,1.00,1.00
2014.09.03 04:52:46.053,1.38051,1.38057,1.25,1.00
2014.09.03 04:52:46.205,1.38048,1.38055,1.25,2.06
2014.09.03 04:52:47.713,1.38049,1.38056,1.00,1.56
2014.09.03 04:52:49.689,1.38051,1.38056,1.00,1.19
2014.09.03 04:52:50.581,1.38051,1.38057,1.50,1.00
2014.09.03 04:52:52.070,1.38051,1.38058,2.62,2.44
2014.09.03 04:52:52.171,1.38053,1.38059,1.37,1.00
2014.09.03 04:52:52.273,1.38054,1.38059,1.87,1.50
2014.09.03 04:52:52.374,1.38056,1.38062,1.69,1.50
2014.09.03 04:52:52.425,1.38059,1.38062,1.00,1.50
2014.09.03 04:52:52.526,1.38059,1.38064,3.00,1.00
2014.09.03 04:52:52.627,1.38059,1.38066,3.75,1.69
2014.09.03 04:52:54.458,1.38059,1.38067,3.94,1.69
2014.09.03 04:52:58.768,1.3806,1.38067,1.37,1.69
2014.09.03 04:53:00.867,1.3806,1.38067,1.12,1.69
2014.09.03 04:53:02.053,1.3806,1.38067,1.37,1.00
2014.09.03 04:53:03.003,1.3806,1.38067,1.37,1.69
2014.09.03 04:53:06.080,1.3806,1.38067,1.12,1.69
2014.09.03 04:53:06.731,1.3806,1.38067,1.12,1.00
2014.09.03 04:53:07.362,1.3806,1.38067,1.37,1.00
2014.09.03 04:53:07.872,1.3806,1.38066,1.37,1.25
2014.09.03 04:53:09.905,1.3806,1.38066,1.37,2.44
2014.09.03 04:53:10.360,1.38059,1.38066,2.62,2.44
2014.09.03 04:53:10.411,1.38059,1.38066,2.62,2.44
2014.09.03 04:53:10.924,1.38059,1.38065,3.37,1.19
2014.09.03 04:53:12.208,1.3806,1.38066,1.37,1.25
2014.09.03 04:53:15.500,1.3806,1.38066,1.37,1.19
2014.09.03 04:53:16.532,1.38059,1.38066,3.56,1.25
2014.09.03 04:53:17.549,1.38061,1.38067,1.37,1.25
2014.09.03 04:53:18.064,1.38062,1.38067,1.37,1.25
2014.09.03 04:53:18.570,1.3806,1.38066,1.37,1.25
2014.09.03 04:53:18.621,1.3806,1.38066,1.00,1.25
2014.09.03 04:53:20.101,1.3806,1.38066,1.37,1.25
2014.09.03 04:53:20.932,1.3806,1.38066,1.00,1.25
2014.09.03 04:53:21.437,1.38059,1.38066,3.94,1.25
2014.09.03 04:53:21.987,1.3806,1.38067,1.00,1.25
2014.09.03 04:53:22.698,1.3806,1.38067,1.37,1.25
2014.09.03 04:53:24.592,1.3806,1.38067,1.00,1.25
2014.09.03 04:53:25.185,1.3806,1.38067,1.37,1.25
2014.09.03 04:53:29.294,1.38062,1.38068,1.00,1.19
2014.09.03 04:53:29.950,1.38065,1.38068,1.00,1.19
2014.09.03 04:53:30.253,1.38066,1.38068,1.00,1.00
2014.09.03 04:53:30.506,1.38067,1.3807,1.00,2.44
2014.09.03 04:53:31.011,1.38067,1.38071,1.00,3.56
2014.09.03 04:53:32.278,1.38064,1.3807,1.37,1.25
2014.09.03 04:53:32.683,1.38067,1.3807,1.00,1.25
2014.09.03 04:53:32.987,1.38067,1.38074,1.00,1.31
2014.09.03 04:53:34.208,1.38067,1.38076,4.12,4.31
2014.09.03 04:53:34.310,1.38069,1.38076,1.00,1.50
2014.09.03 04:53:34.613,1.38075,1.38081,1.00,1.19
2014.09.03 04:53:35.609,1.38076,1.38081,1.00,1.19
2014.09.03 04:53:35.659,1.38076,1.38083,1.00,2.81
2014.09.03 04:53:36.165,1.38077,1.38082,1.00,1.00
2014.09.03 04:53:36.266,1.38075,1.38082,1.50,1.00
2014.09.03 04:53:36.720,1.38077,1.38084,1.00,2.06
2014.09.03 04:53:37.363,1.38077,1.38084,1.00,1.56
2014.09.03 04:53:38.594,1.38077,1.38083,1.00,1.12
2014.09.03 04:53:38.897,1.38075,1.38084,3.19,1.62
2014.09.03 04:53:39.400,1.38075,1.38083,1.00,3.56
2014.09.03 04:53:40.051,1.38075,1.38082,1.00,1.62
2014.09.03 04:53:40.103,1.38073,1.38082,3.94,1.62
2014.09.03 04:53:40.558,1.38073,1.3808,2.25,3.56
2014.09.03 04:53:40.861,1.3807,1.38078,3.00,2.44
2014.09.03 04:53:41.743,1.3807,1.38077,1.50,1.19
2014.09.03 04:53:42.064,1.3807,1.38075,1.00,2.06
2014.09.03 04:53:42.165,1.38067,1.38075,3.19,2.06
2014.09.03 04:53:42.671,1.38066,1.38072,1.19,1.87
2014.09.03 04:53:43.334,1.38065,1.38072,1.00,2.81
2014.09.03 04:54:03.305,1.38066,1.38072,1.00,1.19
2014.09.03 04:54:03.659,1.38068,1.38072,1.00,1.19
2014.09.03 04:54:04.215,1.38068,1.38075,1.00,3.56
2014.09.03 04:54:04.720,1.38068,1.38074,1.00,2.06
2014.09.03 04:54:05.074,1.38064,1.38071,1.00,1.69
2014.09.03 04:54:06.142,1.38064,1.38071,1.50,1.31
2014.09.03 04:54:08.471,1.38065,1.38072,1.00,1.31
2014.09.03 04:54:10.317,1.38064,1.38072,1.69,1.31
2014.09.03 04:54:14.192,1.38064,1.38073,3.19,3.94
2014.09.03 04:54:19.136,1.38064,1.38073,3.75,3.94
2014.09.03 04:54:20.114,1.38064,1.38073,5.44,3.19
2014.09.03 04:54:22.243,1.38065,1.38073,1.00,2.06
2014.09.03 04:54:23.968,1.38065,1.38073,1.50,2.06
2014.09.03 04:54:24.509,1.38065,1.38072,1.00,1.69
2014.09.03 04:54:27.840,1.38065,1.38071,1.00,1.19
2014.09.03 04:54:37.759,1.38065,1.38072,1.00,2.81
2014.09.03 04:54:39.080,1.38065,1.38071,1.00,1.31
2014.09.03 04:54:39.606,1.38064,1.38071,1.50,1.19
2014.09.03 04:54:39.960,1.38064,1.38073,3.56,3.56
2014.09.03 04:54:40.113,1.38068,1.38073,1.00,3.19
2014.09.03 04:54:40.214,1.38069,1.38074,1.00,1.00
2014.09.03 04:54:40.719,1.3807,1.38076,1.50,1.31
2014.09.03 04:54:41.266,1.38071,1.38076,1.00,1.19
2014.09.03 04:54:41.771,1.38071,1.38078,1.00,1.69
2014.09.03 04:54:44.873,1.38071,1.38078,1.00,2.06
2014.09.03 04:54:49.842,1.38071,1.38078,1.00,1.31
2014.09.03 04:54:51.884,1.38071,1.38078,1.00,2.06
2014.09.03 04:54:52.189,1.38067,1.38075,1.00,2.81
2014.09.03 04:54:52.701,1.38066,1.38075,4.50,2.81
2014.09.03 04:54:54.187,1.38066,1.38075,3.56,1.31
2014.09.03 04:54:54.541,1.38068,1.38076,1.00,5.44
2014.09.03 04:54:54.844,1.38071,1.38078,2.44,2.44
2014.09.03 04:54:55.147,1.38074,1.38079,1.50,2.44
2014.09.03 04:54:55.299,1.38074,1.38082,1.69,2.25
2014.09.03 04:54:55.803,1.38075,1.38083,1.00,2.81
2014.09.03 04:54:56.500,1.38076,1.38083,1.00,2.06
2014.09.03 04:54:57.056,1.38078,1.38084,1.00,1.31
2014.09.03 04:54:57.593,1.38078,1.38085,1.50,4.31
2014.09.03 04:54:57.997,1.38076,1.38084,1.50,1.31
2014.09.03 04:54:58.915,1.38076,1.38084,1.69,1.69
2014.09.03 04:55:00.440,1.38077,1.38084,1.00,1.31
2014.09.03 04:55:00.919,1.38079,1.38084,1.00,1.31
2014.09.03 04:55:01.420,1.38079,1.38085,1.00,4.31
2014.09.03 04:55:04.517,1.38079,1.38084,1.00,1.19
2014.09.03 04:55:09.203,1.38079,1.38085,1.50,1.12
2014.09.03 04:55:10.301,1.38079,1.38085,1.00,2.06
2014.09.03 04:55:13.390,1.38078,1.38085,1.50,3.56
2014.09.03 04:55:14.456,1.38077,1.38085,1.50,3.56
2014.09.03 04:55:15.851,1.38077,1.38084,1.50,1.19
2014.09.03 04:55:19.644,1.38077,1.38084,1.50,1.69
2014.09.03 04:55:27.827,1.38077,1.38083,1.50,1.19
2014.09.03 04:55:30.053,1.38077,1.38084,1.50,2.44
2014.09.03 04:55:41.131,1.38078,1.38084,1.00,1.19
2014.09.03 04:55:41.636,1.38077,1.38084,1.00,2.81
2014.09.03 04:55:42.853,1.38078,1.38084,1.00,2.81
2014.09.03 04:55:44.732,1.38077,1.38084,1.00,2.81
2014.09.03 04:55:45.238,1.38076,1.38084,1.25,2.44
2014.09.03 04:55:46.762,1.38075,1.38083,6.19,1.19
2014.09.03 04:55:49.121,1.38076,1.38083,1.00,1.19
2014.09.03 04:55:50.852,1.38075,1.38083,4.69,2.44
2014.09.03 04:55:51.363,1.38076,1.38083,1.00,2.44
2014.09.03 04:56:06.174,1.38075,1.38083,1.69,1.69
2014.09.03 04:56:06.877,1.38075,1.38081,1.25,1.00
2014.09.03 04:56:07.130,1.38072,1.38079,1.25,2.44
2014.09.03 04:56:07.231,1.3807,1.38077,1.50,1.19
2014.09.03 04:56:07.747,1.38069,1.38076,1.00,1.25
2014.09.03 04:56:08.680,1.38069,1.38075,1.00,1.00
2014.09.03 04:56:08.832,1.38066,1.38075,6.94,1.12
2014.09.03 04:56:08.933,1.38067,1.38074,1.00,2.06
2014.09.03 04:56:09.439,1.38066,1.38074,1.25,4.31
2014.09.03 04:56:10.042,1.38065,1.38073,1.25,2.44
2014.09.03 04:56:13.104,1.38065,1.38072,1.00,2.06
2014.09.03 04:56:14.105,1.38065,1.38072,1.25,1.31
2014.09.03 04:56:16.650,1.38065,1.38072,1.00,2.81
2014.09.03 04:56:17.729,1.38065,1.38072,1.00,1.12
2014.09.03 04:56:18.837,1.38065,1.38072,1.00,1.37
2014.09.03 04:56:19.345,1.38064,1.3807,1.00,5.06
2014.09.03 04:56:19.396,1.38062,1.38068,1.69,1.00
2014.09.03 04:56:19.904,1.38061,1.38068,2.44,1.37
2014.09.03 04:56:20.386,1.3806,1.38066,1.00,1.00
2014.09.03 04:56:20.891,1.3806,1.38067,1.50,1.12
2014.09.03 04:56:23.255,1.3806,1.38068,1.00,2.06
2014.09.03 04:56:26.699,1.38061,1.38068,1.00,1.87
2014.09.03 04:56:27.237,1.3806,1.38068,3.19,1.37
2014.09.03 04:56:27.744,1.38061,1.38069,1.00,2.06
2014.09.03 04:56:29.630,1.38061,1.38068,1.25,2.81
2014.09.03 04:56:31.453,1.3806,1.38068,4.31,2.62
2014.09.03 04:56:31.988,1.3806,1.38068,4.31,2.62
2014.09.03 04:56:32.541,1.3806,1.38068,5.81,2.81
2014.09.03 04:56:33.088,1.3806,1.38068,5.81,2.81
2014.09.03 04:56:33.596,1.3806,1.38068,3.56,3.56
2014.09.03 04:56:34.863,1.3806,1.38068,3.19,3.56
2014.09.03 04:56:35.672,1.3806,1.38068,3.94,3.56
2014.09.03 04:56:36.837,1.3806,1.38068,1.69,1.87
2014.09.03 04:56:39.634,1.3806,1.38068,2.44,1.87
2014.09.03 04:56:40.632,1.38061,1.38068,1.00,2.62
2014.09.03 04:56:41.140,1.38061,1.38068,1.50,2.06
2014.09.03 04:56:41.287,1.38061,1.38063,1.50,1.00
2014.09.03 04:56:41.541,1.38058,1.3806,1.00,1.25
2014.09.03 04:56:41.643,1.38052,1.3806,1.00,1.25
2014.09.03 04:56:42.147,1.38051,1.3806,1.69,1.25
2014.09.03 04:56:42.597,1.38051,1.38059,1.25,1.19
2014.09.03 04:56:42.948,1.38051,1.38059,1.25,2.06
2014.09.03 04:56:43.378,1.38051,1.38059,1.25,2.06
2014.09.03 04:56:43.479,1.3805,1.38059,1.69,1.56
2014.09.03 04:56:43.993,1.3805,1.38058,2.44,1.31
2014.09.03 04:56:44.711,1.3805,1.38059,2.44,2.06
2014.09.03 04:56:45.033,1.3805,1.38059,1.69,2.06
2014.09.03 04:56:45.264,1.3805,1.38059,1.69,2.06
2014.09.03 04:56:45.366,1.3805,1.38059,2.44,2.06
2014.09.03 04:56:46.692,1.3805,1.38058,1.69,1.56
2014.09.03 04:56:46.894,1.3805,1.38058,1.69,2.06
2014.09.03 04:56:47.403,1.38051,1.38058,1.00,2.06
2014.09.03 04:56:48.217,1.38053,1.38058,1.00,1.69
2014.09.03 04:56:48.318,1.38051,1.38058,1.00,1.69
2014.09.03 04:56:48.831,1.38051,1.38058,1.00,1.12
2014.09.03 04:56:55.591,1.38051,1.38058,1.00,1.37
2014.09.03 04:56:56.118,1.38051,1.38058,1.00,1.00
2014.09.03 04:56:59.501,1.38051,1.38059,1.00,1.31
2014.09.03 04:57:00.022,1.38052,1.38059,1.00,1.31
2014.09.03 04:57:00.575,1.38052,1.38059,1.00,1.62
2014.09.03 04:57:03.614,1.38052,1.38059,1.00,1.12
2014.09.03 04:57:07.409,1.38052,1.38059,1.00,1.37
2014.09.03 04:57:08.648,1.38053,1.38059,1.00,2.06
2014.09.03 04:57:10.419,1.38052,1.38059,1.00,2.06
2014.09.03 04:57:11.006,1.38052,1.38059,2.25,1.12
2014.09.03 04:57:12.434,1.38052,1.38058,2.25,1.00
2014.09.03 04:57:13.080,1.38055,1.38058,1.00,1.00
2014.09.03 04:57:13.283,1.38056,1.38062,1.69,1.87
2014.09.03 04:57:13.384,1.38059,1.38062,1.00,1.37
2014.09.03 04:57:13.536,1.3806,1.38066,1.50,1.19
2014.09.03 04:57:13.839,1.38064,1.38066,1.00,1.19
2014.09.03 04:57:14.041,1.38061,1.38066,1.00,1.19
2014.09.03 04:57:14.674,1.3806,1.38066,1.50,1.19
2014.09.03 04:57:14.776,1.38061,1.38067,1.00,1.25
2014.09.03 04:57:14.978,1.3806,1.38065,1.69,1.00
2014.09.03 04:57:15.684,1.38059,1.38067,1.69,3.19
2014.09.03 04:57:16.208,1.38059,1.38067,1.00,3.19
2014.09.03 04:57:16.724,1.3806,1.38067,1.00,1.19
2014.09.03 04:57:20.463,1.3806,1.38066,1.00,1.19
2014.09.03 04:57:21.952,1.3806,1.38067,1.00,1.19
2014.09.03 04:57:27.863,1.3806,1.38067,1.00,1.31
2014.09.03 04:57:29.481,1.3806,1.38064,1.12,1.00
2014.09.03 04:57:29.784,1.38055,1.3806,2.25,1.69
2014.09.03 04:57:30.289,1.38054,1.3806,1.00,2.81
2014.09.03 04:57:30.770,1.38052,1.3806,2.06,3.56
2014.09.03 04:57:32.507,1.38055,1.3806,1.00,2.44
2014.09.03 04:57:33.014,1.38054,1.3806,1.00,3.56
2014.09.03 04:57:33.216,1.38052,1.3806,2.44,3.56
2014.09.03 04:57:35.328,1.38053,1.3806,1.00,1.19
2014.09.03 04:57:35.833,1.38052,1.3806,2.06,4.31
2014.09.03 04:57:36.480,1.38052,1.3806,1.87,3.56
2014.09.03 04:57:36.985,1.38052,1.3806,1.50,3.56
2014.09.03 04:57:37.688,1.38052,1.38059,1.50,1.31
2014.09.03 04:57:38.360,1.38053,1.38059,1.00,1.19
2014.09.03 04:57:38.716,1.38053,1.3806,2.44,2.06
2014.09.03 04:57:39.603,1.38054,1.38061,1.00,2.06
2014.09.03 04:57:40.108,1.38054,1.38062,1.00,2.81
2014.09.03 04:57:40.618,1.38055,1.38062,1.00,1.62
2014.09.03 04:57:50.490,1.38056,1.38063,1.00,4.69
2014.09.03 04:57:50.541,1.38058,1.38063,1.00,3.56
2014.09.03 04:57:51.047,1.38059,1.38064,1.50,1.69
2014.09.03 04:57:51.149,1.3806,1.38066,1.50,1.00
2014.09.03 04:57:51.670,1.3806,1.38068,2.62,3.94
2014.09.03 04:57:52.183,1.3806,1.38068,2.62,2.81
2014.09.03 04:57:52.872,1.3806,1.38068,2.25,3.19
2014.09.03 04:57:52.973,1.3806,1.38066,1.00,2.25
2014.09.03 04:57:53.226,1.38057,1.38063,1.25,2.62
2014.09.03 04:57:53.757,1.38056,1.38063,1.69,3.75
2014.09.03 04:57:54.265,1.38056,1.38063,1.00,3.94
2014.09.03 04:57:55.985,1.38054,1.38063,2.44,5.44
2014.09.03 04:57:56.490,1.38053,1.3806,1.25,1.62
2014.09.03 04:57:56.793,1.38052,1.38059,1.19,1.37
2014.09.03 04:57:56.845,1.38051,1.38058,3.37,1.56
2014.09.03 04:57:57.198,1.38051,1.38057,1.00,1.62
2014.09.03 04:57:57.451,1.38048,1.38054,1.00,2.81
2014.09.03 04:57:57.963,1.38047,1.38054,1.00,5.06
2014.09.03 04:57:58.470,1.38046,1.38054,3.19,2.06
2014.09.03 04:58:04.437,1.38047,1.38054,1.87,1.19
2014.09.03 04:58:04.841,1.38049,1.38057,2.81,2.06
2014.09.03 04:58:06.125,1.38049,1.38056,3.94,1.62
2014.09.03 04:58:06.328,1.38048,1.38053,1.69,1.37
2014.09.03 04:58:06.682,1.38047,1.38053,1.00,1.56
2014.09.03 04:58:07.187,1.38046,1.38053,1.00,1.56
2014.09.03 04:58:11.247,1.38047,1.38053,1.00,5.06
2014.09.03 04:58:11.606,1.38045,1.38053,1.50,3.56
2014.09.03 04:58:13.257,1.38045,1.38053,1.12,4.69
2014.09.03 04:58:14.249,1.38045,1.38053,1.37,4.31
2014.09.03 04:58:14.858,1.38046,1.38053,1.50,3.19
2014.09.03 04:58:15.405,1.38046,1.38053,1.00,2.44
2014.09.03 04:58:15.910,1.38047,1.38053,1.12,2.06
2014.09.03 04:58:22.398,1.38046,1.38054,1.12,5.06
2014.09.03 04:58:23.856,1.38046,1.38053,1.37,1.31
2014.09.03 04:58:28.429,1.38048,1.38053,1.00,1.25
2014.09.03 04:58:30.422,1.38047,1.38054,1.00,1.31
2014.09.03 04:58:33.091,1.38047,1.38055,1.25,6.56
2014.09.03 04:58:37.699,1.38047,1.38054,1.00,1.31
2014.09.03 04:58:42.291,1.38045,1.38054,7.31,2.81
2014.09.03 04:58:43.451,1.38046,1.38053,1.00,4.31
2014.09.03 04:58:44.820,1.38044,1.38052,2.06,2.06
2014.09.03 04:58:45.933,1.38044,1.38051,1.12,1.19
2014.09.03 04:58:48.369,1.38044,1.3805,1.87,1.19
2014.09.03 04:58:49.331,1.38044,1.38052,1.12,5.06
2014.09.03 04:58:50.277,1.38044,1.38051,1.00,2.44
2014.09.03 04:58:53.885,1.38044,1.38049,1.00,1.00
2014.09.03 04:58:54.291,1.38046,1.38049,1.00,1.00
2014.09.03 04:58:54.393,1.38042,1.38049,1.87,1.00
2014.09.03 04:58:54.950,1.38042,1.38049,1.87,1.69
2014.09.03 04:58:55.716,1.38043,1.38049,1.00,1.69
2014.09.03 04:58:57.240,1.38043,1.38049,1.00,1.00
2014.09.03 04:58:57.443,1.38045,1.38051,1.00,7.31
2014.09.03 04:58:57.797,1.38042,1.3805,3.37,1.25
2014.09.03 04:58:58.313,1.38044,1.3805,1.00,1.31
2014.09.03 04:59:01.290,1.38044,1.38049,1.00,1.25
2014.09.03 04:59:08.894,1.38044,1.38049,1.00,1.31
2014.09.03 04:59:10.059,1.38044,1.38051,1.00,6.19
2014.09.03 04:59:14.768,1.38044,1.38049,1.00,1.31
2014.09.03 04:59:15.040,1.38042,1.38049,1.00,1.31
2014.09.03 04:59:15.907,1.38042,1.38049,1.00,2.06
2014.09.03 04:59:17.788,1.38042,1.38049,1.00,2.81
2014.09.03 04:59:19.210,1.38042,1.38049,1.00,2.81
2014.09.03 04:59:19.261,1.38042,1.38047,1.00,1.50
2014.09.03 04:59:19.773,1.3804,1.38048,3.56,1.19
2014.09.03 04:59:22.853,1.38042,1.38048,1.00,1.19
2014.09.03 04:59:24.509,1.38042,1.38049,1.00,2.81
2014.09.03 04:59:25.974,1.38042,1.38049,1.37,2.44
2014.09.03 04:59:26.480,1.38041,1.38049,1.31,2.44
2014.09.03 04:59:26.531,1.38043,1.38049,1.50,2.44
2014.09.03 04:59:26.834,1.3805,1.38053,1.00,1.19
2014.09.03 04:59:27.037,1.38048,1.38053,2.25,1.19
2014.09.03 04:59:27.138,1.3805,1.38053,1.00,1.19
2014.09.03 04:59:27.239,1.3805,1.38054,1.00,1.00
2014.09.03 04:59:27.744,1.38048,1.38053,1.00,1.69
2014.09.03 04:59:27.846,1.38046,1.38053,1.25,3.19
2014.09.03 04:59:29.004,1.38046,1.38052,1.00,1.31
2014.09.03 04:59:29.514,1.38045,1.38052,1.00,1.31
2014.09.03 04:59:30.126,1.38045,1.38052,1.00,1.31
2014.09.03 04:59:30.429,1.38045,1.3805,1.00,1.50
2014.09.03 04:59:30.793,1.38044,1.38048,1.12,1.00
2014.09.03 04:59:31.552,1.38043,1.38048,2.06,1.00
2014.09.03 04:59:31.764,1.38043,1.3805,2.06,1.00
2014.09.03 04:59:32.285,1.38043,1.3805,2.62,1.31
2014.09.03 04:59:33.056,1.38043,1.38051,2.81,2.81
2014.09.03 04:59:34.089,1.38043,1.38051,2.81,1.69
2014.09.03 04:59:34.700,1.38043,1.38051,2.81,2.06
2014.09.03 04:59:34.751,1.38043,1.38046,2.81,1.00
2014.09.03 04:59:35.055,1.38041,1.38044,1.00,1.50
2014.09.03 04:59:35.409,1.3804,1.38043,4.31,1.50
2014.09.03 04:59:35.561,1.3804,1.38045,1.69,1.00
2014.09.03 04:59:36.073,1.3804,1.38046,1.19,1.50
2014.09.03 04:59:36.453,1.38039,1.38045,1.00,1.00
2014.09.03 04:59:37.380,1.38038,1.38045,1.12,1.50
2014.09.03 04:59:38.992,1.38039,1.38046,1.50,2.06
2014.09.03 04:59:39.597,1.3804,1.38047,1.00,2.44
2014.09.03 04:59:39.698,1.38042,1.38047,1.00,1.19
2014.09.03 04:59:40.001,1.38045,1.38047,1.50,1.19
2014.09.03 04:59:40.506,1.38046,1.38048,1.00,1.50
2014.09.03 04:59:40.758,1.38047,1.38049,1.00,2.25
2014.09.03 04:59:41.882,1.38045,1.38049,1.00,1.87
2014.09.03 04:59:41.984,1.38043,1.38049,2.25,1.87
2014.09.03 04:59:45.080,1.38046,1.38049,1.50,2.06
2014.09.03 04:59:48.750,1.38046,1.38049,1.50,2.81
2014.09.03 04:59:51.394,1.38046,1.38049,1.50,2.06
2014.09.03 04:59:53.474,1.38045,1.38049,1.00,2.06
2014.09.03 04:59:53.777,1.38045,1.38049,1.00,2.06
2014.09.03 04:59:55.711,1.38044,1.38049,1.00,3.56
2014.09.03 04:59:55.812,1.38041,1.38048,1.25,1.62
2014.09.03 04:59:56.754,1.3804,1.38048,2.25,2.81
