2007.05.01 20:00:07.286,1.6306,1.6307,0.80,12.40
2007.05.01 20:00:42.320,1.6306,1.6307,0.80,14.80
2007.05.01 20:00:42.464,1.6305,1.6307,0.80,15.60
2007.05.01 20:00:42.502,1.6305,1.6307,0.80,18.60
2007.05.01 20:00:42.689,1.6305,1.6307,0.80,19.40
2007.05.01 20:00:42.749,1.6305,1.6307,0.80,20.20
2007.05.01 20:00:42.925,1.6305,1.6307,0.80,24.20
2007.05.01 20:00:42.995,1.6305,1.6307,0.80,25.00
2007.05.01 20:00:43.127,1.6305,1.6307,0.80,21.00
2007.05.01 20:00:43.308,1.6305,1.6307,0.80,18.60
2007.05.01 20:00:43.476,1.6305,1.6307,4.80,18.60
2007.05.01 20:00:43.660,1.6306,1.6307,0.80,14.80
2007.05.01 20:00:44.256,1.6306,1.6307,0.80,17.20
2007.05.01 20:00:44.348,1.6305,1.6307,0.80,21.00
2007.05.01 20:00:46.822,1.6305,1.6307,0.80,25.00
2007.05.01 20:00:47.047,1.6305,1.63065,0.80,7.60
2007.05.01 20:00:48.855,1.6305,1.63065,4.80,7.60
2007.05.01 20:00:49.135,1.6305,1.6307,4.80,16.40
2007.05.01 20:00:50.231,1.6306,1.6307,0.80,16.40
2007.05.01 20:00:51.054,1.6306,1.6307,0.80,12.40
2007.05.01 20:00:51.110,1.6306,1.6307,0.80,4.80
2007.05.01 20:00:55.904,1.6305,1.6307,24.30,4.80
2007.05.01 20:02:10.494,1.6306,1.6307,0.80,5.60
2007.05.01 20:02:17.155,1.6306,1.6307,0.80,5.60
2007.05.01 20:02:17.962,1.63055,1.6307,4.80,13.20
2007.05.01 20:02:18.262,1.6305,1.6307,15.00,7.60
2007.05.01 20:02:18.753,1.6306,1.63075,0.80,7.60
2007.05.01 20:02:59.641,1.6305,1.6306,22.70,0.80
2007.05.01 20:02:59.715,1.6305,1.6306,18.70,1.60
2007.05.01 20:02:59.761,1.6305,1.6306,15.50,2.40
2007.05.01 20:02:59.774,1.6305,1.6306,12.30,2.40
2007.05.01 20:02:59.958,1.6305,1.6306,4.80,2.40
2007.05.01 20:02:59.977,1.6305,1.6306,8.80,2.40
2007.05.01 20:03:00.051,1.6305,1.6306,0.80,2.40
2007.05.01 20:03:00.274,1.6305,1.6306,0.80,3.20
2007.05.01 20:03:02.741,1.63045,1.6306,4.00,4.00
2007.05.01 20:03:02.775,1.6304,1.6306,25.10,4.00
2007.05.01 20:03:02.797,1.6304,1.6306,21.90,9.60
2007.05.01 20:03:02.835,1.6304,1.6306,21.10,9.60
2007.05.01 20:03:02.990,1.6304,1.6306,13.60,17.20
2007.05.01 20:03:03.050,1.6304,1.6306,5.60,21.20
2007.05.01 20:03:03.193,1.6304,1.6306,8.00,21.20
2007.05.01 20:03:04.908,1.6304,1.6306,8.80,21.20
2007.05.01 20:03:05.107,1.6305,1.6306,0.80,20.40
2007.05.01 20:03:05.232,1.6305,1.6306,0.80,14.80
2007.05.01 20:03:06.741,1.63045,1.6306,4.00,15.60
2007.05.01 20:03:06.846,1.6304,1.6306,9.60,15.60
2007.05.01 20:03:06.859,1.6304,1.6306,8.80,15.60
2007.05.01 20:03:06.951,1.6304,1.6306,16.80,11.60
2007.05.01 20:03:07.082,1.6304,1.6306,24.30,4.00
2007.05.01 20:03:07.174,1.6304,1.6306,21.10,4.00
2007.05.01 20:03:07.257,1.6304,1.6306,23.50,9.60
2007.05.01 20:03:08.340,1.6304,1.6306,8.40,9.60
2007.05.01 20:03:11.822,1.6304,1.6306,10.60,12.60
2007.05.01 20:03:15.201,1.63035,1.6306,25.10,12.60
2007.05.01 20:03:15.232,1.63035,1.6306,25.10,20.20
2007.05.01 20:03:15.345,1.63035,1.6306,17.10,24.20
2007.05.01 20:03:15.524,1.6304,1.6306,0.70,28.20
2007.05.01 20:03:53.325,1.6304,1.6306,5.60,30.60
2007.05.01 20:03:53.394,1.6304,1.6306,5.60,31.40
2007.05.01 20:03:53.571,1.6304,1.6306,1.60,31.40
2007.05.01 20:03:53.604,1.6304,1.6306,0.80,31.40
2007.05.01 20:03:53.709,1.6304,1.6306,0.80,32.20
2007.05.01 20:03:56.250,1.6304,1.6306,4.80,32.20
2007.05.01 20:03:56.312,1.6304,1.6306,4.80,29.80
2007.05.01 20:03:56.420,1.6304,1.6306,5.60,29.80
2007.05.01 20:03:56.777,1.6304,1.6306,5.60,29.00
2007.05.01 20:03:57.013,1.6304,1.6306,5.60,28.20
2007.05.01 20:04:09.723,1.6304,1.6306,5.60,27.40
2007.05.01 20:04:09.785,1.6304,1.6306,5.60,26.60
2007.05.01 20:04:09.979,1.6305,1.6306,0.80,14.00
2007.05.01 20:04:15.091,1.6305,1.6306,0.80,6.40
2007.05.01 20:04:35.234,1.6305,1.6306,0.80,0.80
2007.05.01 20:05:25.432,1.6305,1.6306,0.80,6.40
2007.05.01 20:05:27.374,1.6304,1.6306,17.10,7.20
2007.05.01 20:05:30.383,1.6304,1.6306,21.10,7.20
2007.05.01 20:05:31.339,1.6305,1.6306,0.80,6.40
2007.05.01 20:05:32.764,1.6305,1.6306,0.80,7.20
2007.05.01 20:05:32.786,1.6305,1.6306,0.80,8.00
2007.05.01 20:05:32.848,1.6305,1.6306,0.80,8.80
2007.05.01 20:05:33.638,1.6304,1.6306,21.10,9.60
2007.05.01 20:05:36.001,1.6305,1.6306,0.80,6.40
2007.05.01 20:05:53.167,1.6305,1.6306,0.80,5.60
2007.05.01 20:05:53.225,1.6305,1.6306,4.80,13.20
2007.05.01 20:05:53.286,1.6305,1.6306,4.80,7.60
2007.05.01 20:05:53.455,1.6305,1.63065,4.80,7.60
2007.05.01 20:05:53.702,1.6305,1.6307,4.80,22.80
2007.05.01 20:05:53.792,1.6305,1.6307,4.80,17.20
2007.05.01 20:06:09.342,1.6305,1.6307,8.80,0.80
2007.05.01 20:06:09.421,1.6305,1.6308,4.80,24.20
2007.05.01 20:06:09.526,1.6305,1.63065,4.80,0.50
2007.05.01 20:06:09.790,1.6305,1.6307,0.80,15.60
2007.05.01 20:06:10.065,1.6305,1.6307,0.80,0.70
2007.05.01 20:06:10.277,1.6305,1.6308,0.80,29.00
2007.05.01 20:06:10.318,1.6305,1.6308,0.80,29.80
2007.05.01 20:06:10.352,1.6305,1.6308,0.80,30.60
2007.05.01 20:06:11.050,1.6305,1.6308,0.80,33.80
2007.05.01 20:06:15.401,1.6305,1.6307,0.80,0.60
2007.05.01 20:06:15.445,1.6305,1.6308,0.80,37.00
2007.05.01 20:06:15.786,1.6305,1.6308,0.80,32.20
2007.05.01 20:06:15.872,1.6305,1.6308,0.80,32.20
2007.05.01 20:06:15.961,1.6305,1.6307,4.80,0.80
2007.05.01 20:06:16.391,1.6305,1.6307,7.20,0.90
2007.05.01 20:06:17.449,1.6305,1.6307,14.70,0.60
2007.05.01 20:06:17.519,1.6305,1.63075,18.70,0.90
2007.05.01 20:06:17.745,1.6305,1.6308,14.70,27.40
2007.05.01 20:06:17.831,1.6305,1.63075,10.70,15.60
2007.05.01 20:06:18.000,1.6305,1.6307,3.20,15.60
2007.05.01 20:06:19.319,1.6305,1.6307,0.80,15.60
2007.05.01 20:06:19.815,1.6305,1.6308,0.80,28.20
2007.05.01 20:07:02.310,1.6305,1.6307,4.80,15.60
2007.05.01 20:07:03.146,1.6305,1.6307,7.20,15.60
2007.05.01 20:07:12.186,1.6305,1.6307,8.00,15.60
2007.05.01 20:07:12.193,1.6305,1.6307,15.50,8.00
2007.05.01 20:07:12.195,1.6306,1.6307,0.80,8.00
2007.05.01 20:07:12.310,1.6306,1.63075,0.80,7.60
2007.05.01 20:07:20.178,1.6305,1.63075,20.30,7.60
2007.05.01 20:07:20.457,1.6305,1.63075,22.70,7.60
2007.05.01 20:08:12.690,1.6306,1.63075,0.80,7.60
2007.05.01 20:08:14.479,1.6306,1.6308,0.80,21.20
2007.05.01 20:08:20.402,1.6306,1.63075,0.80,10.60
2007.05.01 20:08:21.219,1.6306,1.63075,0.80,0.50
2007.05.01 20:08:42.186,1.6305,1.63075,23.50,0.90
2007.05.01 20:08:42.703,1.6305,1.63075,20.30,7.60
2007.05.01 20:08:44.109,1.6306,1.63075,0.80,7.60
2007.05.01 20:08:48.675,1.63055,1.63075,4.00,7.60
2007.05.01 20:08:48.826,1.6305,1.63075,19.50,7.60
2007.05.01 20:08:48.911,1.6305,1.63075,16.30,7.60
2007.05.01 20:08:49.207,1.6305,1.63075,18.70,7.60
2007.05.01 20:09:15.575,1.6305,1.63075,22.70,7.60
2007.05.01 20:09:16.933,1.6305,1.63075,22.70,0.80
2007.05.01 20:09:36.486,1.6305,1.63075,23.50,0.70
2007.05.01 20:09:36.614,1.6305,1.6308,24.30,24.20
2007.05.01 20:09:36.676,1.6306,1.63075,0.80,0.70
2007.05.01 20:09:40.757,1.6306,1.63075,4.80,0.80
2007.05.01 20:09:41.269,1.6306,1.6308,0.80,22.80
2007.05.01 20:09:43.326,1.6306,1.6308,4.80,20.40
2007.05.01 20:09:47.683,1.6306,1.6308,4.80,20.40
2007.05.01 20:09:47.936,1.6306,1.6308,0.80,20.40
2007.05.01 20:09:48.109,1.6306,1.6308,0.80,21.20
2007.05.01 20:09:48.215,1.6306,1.63075,0.80,7.60
2007.05.01 20:09:55.142,1.6305,1.63075,26.50,7.60
2007.05.01 20:09:55.236,1.6305,1.63075,22.50,7.60
2007.05.01 20:09:55.261,1.6305,1.63075,21.70,7.60
2007.05.01 20:10:15.618,1.6305,1.63075,25.70,7.60
2007.05.01 20:10:18.150,1.6305,1.63075,11.90,7.60
2007.05.01 20:10:32.223,1.6305,1.6307,6.80,3.00
2007.05.01 20:10:32.354,1.63045,1.6307,26.70,10.60
2007.05.01 20:10:32.355,1.6305,1.6307,0.70,10.60
2007.05.01 20:10:53.499,1.6305,1.6307,4.80,10.60
2007.05.01 20:11:05.176,1.6305,1.6307,0.80,10.60
2007.05.01 20:11:05.415,1.6305,1.6307,4.80,10.60
2007.05.01 20:11:09.300,1.6305,1.6307,4.80,7.60
2007.05.01 20:11:09.433,1.6305,1.6307,7.20,7.60
2007.05.01 20:11:23.797,1.6305,1.6307,3.20,8.40
2007.05.01 20:11:23.833,1.6305,1.6307,3.20,14.00
2007.05.01 20:11:23.880,1.6305,1.6307,3.20,21.80
2007.05.01 20:11:23.893,1.6305,1.6307,0.80,25.80
2007.05.01 20:11:23.984,1.6305,1.6307,0.80,29.80
2007.05.01 20:11:24.062,1.6305,1.63065,0.80,7.60
2007.05.01 20:11:28.952,1.6305,1.63065,4.80,7.60
2007.05.01 20:11:34.251,1.6305,1.63065,0.80,7.60
2007.05.01 20:12:09.315,1.63045,1.63065,4.00,7.60
2007.05.01 20:12:09.519,1.6304,1.63065,29.10,7.60
2007.05.01 20:12:10.263,1.6304,1.63065,26.70,7.60
2007.05.01 20:12:12.298,1.6304,1.63065,27.50,7.60
2007.05.01 20:12:14.152,1.6305,1.63065,0.80,7.60
2007.05.01 20:12:19.176,1.6304,1.63065,27.50,7.60
2007.05.01 20:12:24.216,1.6305,1.63065,0.80,7.60
2007.05.01 20:12:26.940,1.6305,1.63065,0.80,0.80
2007.05.01 20:12:29.177,1.6304,1.63065,27.50,0.60
2007.05.01 20:12:30.929,1.6304,1.63065,26.70,8.40
2007.05.01 20:12:31.032,1.6304,1.63065,25.90,9.20
2007.05.01 20:12:31.092,1.6304,1.63065,25.10,10.00
2007.05.01 20:12:31.127,1.6304,1.63065,25.10,10.80
2007.05.01 20:12:31.200,1.6304,1.6306,25.10,0.50
2007.05.01 20:12:31.320,1.6304,1.6306,27.50,0.70
2007.05.01 20:12:33.663,1.6304,1.63065,27.50,10.80
2007.05.01 20:12:33.723,1.6304,1.6306,27.50,0.80
2007.05.01 20:12:33.964,1.6304,1.6307,20.00,35.40
2007.05.01 20:12:34.037,1.6304,1.6307,12.00,34.60
2007.05.01 20:12:34.227,1.6305,1.6307,0.80,30.60
2007.05.01 20:12:34.374,1.6305,1.6306,0.80,0.60
2007.05.01 20:12:35.181,1.6304,1.6307,9.60,29.80
2007.05.01 20:12:44.221,1.6305,1.6307,0.80,29.80
2007.05.01 20:12:45.243,1.6304,1.6306,9.60,0.70
2007.05.01 20:12:49.568,1.6304,1.6307,9.60,30.60
2007.05.01 20:12:50.202,1.6305,1.6307,0.80,30.60
2007.05.01 20:13:58.053,1.6305,1.6306,4.80,0.80
2007.05.01 20:13:58.379,1.6305,1.6306,0.80,0.80
2007.05.01 20:13:59.966,1.6305,1.63065,0.80,7.60
2007.05.01 20:14:02.205,1.6305,1.63065,5.60,7.60
2007.05.01 20:14:02.263,1.6305,1.63065,6.40,7.60
2007.05.01 20:14:02.376,1.6305,1.63065,5.60,7.60
2007.05.01 20:14:02.469,1.6305,1.63065,4.80,7.60
2007.05.01 20:14:02.557,1.6305,1.63065,5.60,7.60
2007.05.01 20:14:02.686,1.6305,1.63065,4.80,7.60
2007.05.01 20:14:02.722,1.63055,1.6307,4.00,22.00
2007.05.01 20:14:02.768,1.6306,1.6307,0.80,22.00
2007.05.01 20:14:02.855,1.6306,1.6307,0.80,16.40
2007.05.01 20:14:03.200,1.63055,1.6307,4.00,16.40
2007.05.01 20:14:03.232,1.63055,1.6307,4.00,8.80
2007.05.01 20:14:03.276,1.63055,1.6307,4.00,0.80
2007.05.01 20:14:06.468,1.6305,1.6307,24.30,0.80
2007.05.01 20:14:11.232,1.63055,1.63075,8.00,7.60
2007.05.01 20:14:11.307,1.63055,1.63075,12.00,7.60
2007.05.01 20:14:11.412,1.63055,1.63075,16.00,7.60
2007.05.01 20:14:12.396,1.63065,1.63075,2.40,7.60
2007.05.01 20:14:20.073,1.6306,1.6308,16.00,18.00
2007.05.01 20:14:21.311,1.6306,1.6308,2.20,18.00
2007.05.01 20:14:22.254,1.63055,1.6308,23.50,15.60
2007.05.01 20:14:22.346,1.63055,1.6308,23.50,7.60
2007.05.01 20:14:22.371,1.63065,1.6308,0.70,7.60
2007.05.01 20:14:23.117,1.63065,1.63085,0.70,7.60
2007.05.01 20:14:25.411,1.6306,1.6309,24.30,29.80
2007.05.01 20:14:25.927,1.63055,1.63085,28.30,7.60
2007.05.01 20:14:26.701,1.63055,1.63085,24.30,7.60
2007.05.01 20:14:26.710,1.63055,1.6308,20.30,3.00
2007.05.01 20:14:26.898,1.63055,1.6308,21.10,3.80
2007.05.01 20:14:28.220,1.63055,1.6308,25.10,11.40
2007.05.01 20:14:28.341,1.6307,1.6308,0.80,7.60
2007.05.01 20:14:28.472,1.6306,1.6308,13.60,15.60
2007.05.01 20:14:33.526,1.6306,1.6309,14.40,27.40
2007.05.01 20:14:34.112,1.6306,1.63085,21.10,15.60
2007.05.01 20:14:34.122,1.6306,1.6309,25.10,29.80
2007.05.01 20:14:49.442,1.6307,1.6309,0.80,0.80
2007.05.01 20:14:56.327,1.63075,1.63095,4.00,18.00
2007.05.01 20:14:56.353,1.6308,1.63095,0.80,18.00
2007.05.01 20:14:56.422,1.6308,1.63095,0.80,10.00
2007.05.01 20:14:56.496,1.6308,1.631,0.80,21.20
2007.05.01 20:14:56.831,1.6308,1.6311,0.80,35.80
2007.05.01 20:14:57.354,1.6308,1.6311,4.80,35.80
2007.05.01 20:14:58.883,1.6308,1.6311,0.80,35.80
2007.05.01 20:15:04.065,1.6308,1.631,0.80,13.20
2007.05.01 20:15:07.265,1.6308,1.631,4.80,13.20
2007.05.01 20:15:08.814,1.6308,1.631,0.80,13.20
2007.05.01 20:15:09.786,1.63075,1.631,12.30,13.20
2007.05.01 20:15:17.775,1.6308,1.631,0.90,13.20
2007.05.01 20:15:17.871,1.63075,1.631,12.30,13.20
2007.05.01 20:15:20.742,1.6308,1.631,1.50,13.20
2007.05.01 20:15:20.743,1.6308,1.631,2.30,7.60
2007.05.01 20:15:20.787,1.6308,1.631,1.50,11.60
2007.05.01 20:15:20.972,1.63075,1.631,24.30,7.60
2007.05.01 20:15:21.061,1.63075,1.63105,24.30,7.60
2007.05.01 20:15:21.066,1.63075,1.63105,20.30,7.60
2007.05.01 20:15:21.721,1.6308,1.63105,20.30,7.60
2007.05.01 20:15:21.772,1.63085,1.63105,8.80,7.60
2007.05.01 20:15:22.259,1.6309,1.631,1.60,2.40
2007.05.01 20:15:22.291,1.6309,1.631,0.80,2.40
2007.05.01 20:15:23.286,1.63085,1.63105,4.80,7.60
2007.05.01 20:15:23.299,1.6309,1.63105,2.50,7.60
2007.05.01 20:15:24.336,1.63085,1.6311,16.30,24.80
2007.05.01 20:15:24.585,1.63085,1.63105,8.80,7.60
2007.05.01 20:15:24.847,1.63085,1.6311,12.30,24.80
2007.05.01 20:15:25.100,1.6309,1.63105,0.80,7.60
2007.05.01 20:15:25.244,1.6308,1.63105,20.30,7.60
2007.05.01 20:15:25.374,1.63075,1.63105,20.30,7.60
2007.05.01 20:15:25.386,1.63075,1.6309,20.30,2.40
2007.05.01 20:15:30.188,1.6309,1.631,0.80,3.20
2007.05.01 20:15:30.250,1.6309,1.63105,0.80,7.60
2007.05.01 20:15:30.324,1.63085,1.631,4.80,2.40
2007.05.01 20:15:38.850,1.6309,1.631,4.80,2.40
2007.05.01 20:15:39.196,1.6309,1.63105,4.80,7.60
2007.05.01 20:15:40.375,1.6309,1.63105,0.80,7.60
2007.05.01 20:15:43.172,1.6309,1.63105,4.80,7.60
2007.05.01 20:15:47.793,1.6309,1.63105,0.80,7.60
2007.05.01 20:15:48.243,1.6309,1.631,0.80,2.40
2007.05.01 20:15:53.332,1.6309,1.63105,0.80,7.60
2007.05.01 20:15:53.409,1.6309,1.6311,0.80,22.40
2007.05.01 20:15:55.298,1.6309,1.6311,0.80,24.80
2007.05.01 20:15:55.650,1.6309,1.6311,4.80,24.80
2007.05.01 20:15:58.212,1.6309,1.631,4.80,2.40
2007.05.01 20:15:58.974,1.6309,1.631,1.60,2.40
2007.05.01 20:16:02.293,1.63085,1.6311,16.30,24.80
2007.05.01 20:16:04.352,1.63085,1.6311,12.30,24.80
2007.05.01 20:16:08.660,1.63085,1.6311,16.30,24.80
2007.05.01 20:16:14.342,1.63085,1.6311,12.30,24.80
2007.05.01 20:16:16.821,1.6309,1.6311,0.70,24.80
2007.05.01 20:16:23.344,1.6309,1.631,1.90,2.40
2007.05.01 20:16:24.203,1.6309,1.631,0.80,2.40
2007.05.01 20:16:26.755,1.63085,1.631,16.30,2.40
2007.05.01 20:16:34.401,1.6309,1.631,0.80,2.40
2007.05.01 20:16:35.259,1.6309,1.6311,0.80,24.80
2007.05.01 20:16:36.179,1.6309,1.6311,4.80,24.80
2007.05.01 20:16:37.210,1.6309,1.631,4.80,2.40
2007.05.01 20:16:43.828,1.6309,1.631,0.80,2.40
2007.05.01 20:16:46.375,1.6309,1.631,4.80,2.40
2007.05.01 20:16:52.323,1.6309,1.6311,4.80,24.80
2007.05.01 20:17:40.203,1.6309,1.6311,8.00,24.80
2007.05.01 20:17:40.294,1.6309,1.6311,8.00,16.80
2007.05.01 20:17:40.371,1.63095,1.6311,4.00,16.80
2007.05.01 20:17:40.564,1.631,1.6311,0.80,16.80
2007.05.01 20:17:40.626,1.631,1.6312,0.80,27.20
2007.05.01 20:17:40.964,1.631,1.6312,0.80,26.40
2007.05.01 20:17:41.122,1.631,1.6311,0.80,0.70
2007.05.01 20:17:44.658,1.631,1.63115,4.80,8.80
2007.05.01 20:17:44.709,1.6311,1.63115,0.80,8.20
2007.05.01 20:18:34.248,1.631,1.6311,28.30,1.20
2007.05.01 20:18:34.343,1.631,1.6311,24.30,1.20
2007.05.01 20:18:34.355,1.631,1.6311,20.30,1.20
2007.05.01 20:18:34.490,1.631,1.6311,16.30,1.20
2007.05.01 20:18:35.039,1.631,1.6311,8.30,1.20
2007.05.01 20:18:35.073,1.631,1.6311,0.80,1.20
2007.05.01 20:18:39.406,1.631,1.6311,0.80,8.80
2007.05.01 20:18:39.886,1.631,1.6311,0.80,1.20
2007.05.01 20:18:40.145,1.631,1.6311,0.80,8.80
2007.05.01 20:18:40.967,1.631,1.6311,0.80,1.20
2007.05.01 20:18:43.040,1.63095,1.6311,4.80,1.20
2007.05.01 20:18:46.329,1.6309,1.6311,8.40,5.00
2007.05.01 20:18:46.701,1.63085,1.6311,19.50,5.00
2007.05.01 20:18:46.835,1.6309,1.6311,3.40,12.60
2007.05.01 20:18:46.910,1.63085,1.6311,11.50,17.40
2007.05.01 20:18:46.944,1.6308,1.6311,17.90,17.40
2007.05.01 20:18:47.185,1.63085,1.6311,8.30,17.40
2007.05.01 20:18:47.282,1.6309,1.6311,0.80,19.80
2007.05.01 20:18:47.291,1.63085,1.6311,8.30,27.80
2007.05.01 20:18:47.326,1.6309,1.63105,0.80,7.60
2007.05.01 20:19:52.671,1.6309,1.63105,4.80,7.60
2007.05.01 20:19:52.687,1.6309,1.63105,8.80,7.60
2007.05.01 20:19:52.791,1.631,1.63105,0.80,7.60
2007.05.01 20:21:52.706,1.631,1.63105,1.60,7.60
2007.05.01 20:21:52.835,1.631,1.6311,1.60,1.20
2007.05.01 20:22:24.843,1.631,1.6311,1.60,2.80
2007.05.01 20:22:26.976,1.63095,1.6311,13.10,2.80
2007.05.01 20:22:58.637,1.631,1.6311,1.60,2.00
2007.05.01 20:22:58.791,1.631,1.6311,7.20,2.00
2007.05.01 20:22:59.007,1.6311,1.6312,0.80,10.40
2007.05.01 20:22:59.051,1.6311,1.6312,1.60,10.40
2007.05.01 20:22:59.267,1.6311,1.6313,2.40,16.40
2007.05.01 20:22:59.275,1.6311,1.6313,6.40,16.40
2007.05.01 20:22:59.337,1.6312,1.6313,0.80,8.40
2007.05.01 20:22:59.424,1.6312,1.6313,0.80,13.20
2007.05.01 20:22:59.521,1.6312,1.6313,0.80,9.20
2007.05.01 20:23:00.041,1.6312,1.6313,0.80,10.00
2007.05.01 20:23:00.377,1.6312,1.6313,0.80,12.40
2007.05.01 20:23:00.398,1.6312,1.6313,0.80,12.80
2007.05.01 20:23:01.498,1.6312,1.6313,0.80,16.00
2007.05.01 20:23:01.699,1.6311,1.6313,6.40,16.80
2007.05.01 20:23:01.730,1.6311,1.6312,5.60,0.80
2007.05.01 20:23:01.827,1.6311,1.6312,0.80,0.80
2007.05.01 20:23:26.202,1.6311,1.63125,0.80,7.60
2007.05.01 20:23:26.280,1.6312,1.63125,0.80,7.60
2007.05.01 20:23:26.527,1.6312,1.6313,0.80,21.20
2007.05.01 20:23:27.002,1.6312,1.63125,0.80,7.60
2007.05.01 20:23:29.830,1.6312,1.6313,0.80,16.40
2007.05.01 20:23:33.417,1.6312,1.6313,0.80,8.80
2007.05.01 20:23:33.453,1.6312,1.63135,0.80,7.60
2007.05.01 20:23:36.208,1.6312,1.6313,0.80,7.60
2007.05.01 20:23:36.343,1.6311,1.6313,22.40,7.60
2007.05.01 20:23:52.259,1.6311,1.63135,21.90,7.60
2007.05.01 20:23:57.653,1.6311,1.6312,29.90,0.80
2007.05.01 20:23:57.704,1.63105,1.6312,29.90,0.80
2007.05.01 20:23:57.773,1.6311,1.6312,5.70,0.80
2007.05.01 20:23:57.855,1.63105,1.6312,20.30,0.80
2007.05.01 20:23:57.912,1.6311,1.6312,0.80,0.80
2007.05.01 20:24:07.290,1.6311,1.6312,2.60,0.80
2007.05.01 20:24:07.443,1.6311,1.63125,1.60,7.60
2007.05.01 20:24:10.803,1.6311,1.63125,8.80,7.60
2007.05.01 20:24:10.847,1.63115,1.6313,4.80,20.40
2007.05.01 20:24:16.334,1.6312,1.6313,0.80,22.80
2007.05.01 20:24:22.264,1.63115,1.6313,4.80,20.40
2007.05.01 20:24:24.340,1.6311,1.6313,16.30,12.80
2007.05.01 20:24:24.387,1.6311,1.6313,20.30,3.20
2007.05.01 20:24:26.774,1.6312,1.63135,0.80,7.60
2007.05.01 20:24:27.931,1.63115,1.6313,4.80,7.60
2007.05.01 20:24:29.538,1.6312,1.63135,0.80,7.60
2007.05.01 20:24:35.895,1.6312,1.6313,0.80,7.60
2007.05.01 20:24:37.166,1.6312,1.63135,0.80,7.60
2007.05.01 20:24:40.695,1.6311,1.63135,29.90,7.60
2007.05.01 20:24:41.990,1.6312,1.6313,0.80,7.60
2007.05.01 20:25:31.177,1.6312,1.6313,0.80,10.00
2007.05.01 20:25:57.339,1.6312,1.6313,0.80,7.60
2007.05.01 20:26:04.107,1.6312,1.63135,0.80,7.60
2007.05.01 20:26:15.796,1.6311,1.6313,21.10,0.80
2007.05.01 20:26:15.801,1.6311,1.6313,21.10,1.60
2007.05.01 20:26:15.825,1.6311,1.6313,20.30,2.40
2007.05.01 20:26:15.991,1.6311,1.6313,20.30,3.20
2007.05.01 20:26:16.000,1.6311,1.6313,20.30,5.10
2007.05.01 20:26:16.822,1.6311,1.6313,20.30,5.90
2007.05.01 20:26:16.917,1.6311,1.6313,20.30,6.70
2007.05.01 20:26:19.502,1.6311,1.6313,20.30,5.70
2007.05.01 20:26:19.668,1.6311,1.6313,20.30,4.90
2007.05.01 20:26:19.705,1.6311,1.6313,20.30,3.30
2007.05.01 20:26:19.761,1.6311,1.6313,20.30,2.50
2007.05.01 20:26:19.915,1.6312,1.6313,0.80,5.60
2007.05.01 20:26:19.952,1.6312,1.6313,0.80,13.20
2007.05.01 20:26:19.966,1.6312,1.6313,0.80,11.60
2007.05.01 20:26:20.020,1.6312,1.6313,0.80,7.60
2007.05.01 20:26:35.447,1.6312,1.63135,0.80,7.60
2007.05.01 20:26:40.036,1.6312,1.6314,8.00,20.80
2007.05.01 20:26:40.131,1.6312,1.6314,7.20,20.80
2007.05.01 20:26:40.358,1.6312,1.6314,9.90,13.20
2007.05.01 20:26:40.478,1.6312,1.6314,9.10,13.20
2007.05.01 20:26:40.489,1.6312,1.6314,17.10,9.20
2007.05.01 20:26:40.732,1.6312,1.6314,16.30,9.20
2007.05.01 20:26:41.238,1.6312,1.6313,16.30,2.40
2007.05.01 20:26:41.764,1.6312,1.6313,16.30,7.20
2007.05.01 20:26:41.858,1.6312,1.6313,16.30,4.80
2007.05.01 20:26:41.896,1.6312,1.6313,8.80,4.80
2007.05.01 20:26:41.917,1.6311,1.6313,20.30,4.80
2007.05.01 20:26:43.893,1.6311,1.6313,21.10,4.80
2007.05.01 20:26:43.903,1.6311,1.6313,21.90,4.80
2007.05.01 20:26:43.970,1.6311,1.6313,22.70,4.80
2007.05.01 20:26:44.195,1.6311,1.6313,25.70,4.80
2007.05.01 20:26:44.266,1.6312,1.6313,0.80,4.80
2007.05.01 20:26:44.723,1.6312,1.6313,4.80,4.80
2007.05.01 20:26:44.840,1.6312,1.63135,4.80,7.60
2007.05.01 20:26:44.924,1.6312,1.63135,6.40,7.60
2007.05.01 20:26:44.979,1.6313,1.63135,0.80,7.60
2007.05.01 20:26:45.014,1.6313,1.6314,0.80,20.00
2007.05.01 20:26:45.147,1.6313,1.6314,0.80,16.00
2007.05.01 20:26:45.229,1.6312,1.6314,3.20,20.00
2007.05.01 20:26:45.310,1.6312,1.63135,3.20,7.60
2007.05.01 20:26:45.322,1.6312,1.63135,12.80,7.60
2007.05.01 20:26:45.362,1.6312,1.63135,13.60,7.60
2007.05.01 20:26:45.378,1.6312,1.63135,5.60,7.60
2007.05.01 20:26:45.721,1.6313,1.63135,0.80,7.60
2007.05.01 20:26:45.729,1.6313,1.6314,0.80,19.20
2007.05.01 20:26:46.007,1.6313,1.6314,0.80,17.60
2007.05.01 20:26:46.015,1.6313,1.6314,0.80,20.00
2007.05.01 20:26:46.226,1.6313,1.6314,0.80,15.20
2007.05.01 20:26:47.304,1.6313,1.6314,0.80,7.60
2007.05.01 20:26:47.371,1.6312,1.6314,24.10,4.40
2007.05.01 20:26:47.970,1.6312,1.6314,16.10,4.40
2007.05.01 20:26:48.013,1.6312,1.6314,8.60,12.00
2007.05.01 20:26:48.257,1.6312,1.6314,3.80,16.80
2007.05.01 20:26:48.361,1.6312,1.6313,3.80,2.40
2007.05.01 20:27:02.186,1.6312,1.6313,7.00,2.40
2007.05.01 20:27:02.277,1.6312,1.6313,11.00,2.40
2007.05.01 20:27:02.296,1.6312,1.6314,11.00,9.60
2007.05.01 20:27:02.330,1.6313,1.6314,0.80,8.80
2007.05.01 20:27:02.452,1.6313,1.6314,0.80,12.80
2007.05.01 20:27:03.298,1.6313,1.6314,0.80,15.20
2007.05.01 20:27:03.845,1.6313,1.6314,0.80,7.60
2007.05.01 20:27:03.868,1.6313,1.6314,0.80,3.60
2007.05.01 20:27:06.168,1.6312,1.6314,28.10,4.40
2007.05.01 20:27:06.289,1.6312,1.6314,27.30,4.40
2007.05.01 20:27:06.411,1.6312,1.6314,23.30,4.40
2007.05.01 20:27:06.676,1.6312,1.6314,19.30,10.00
2007.05.01 20:27:07.290,1.6312,1.6313,19.30,2.40
2007.05.01 20:27:10.441,1.6312,1.6313,11.80,2.40
2007.05.01 20:27:10.515,1.63115,1.6312,4.00,2.40
2007.05.01 20:27:12.639,1.6312,1.6313,11.80,2.40
2007.05.01 20:27:18.626,1.6312,1.6313,15.80,2.40
2007.05.01 20:27:18.756,1.6313,1.6314,0.80,10.00
2007.05.01 20:27:18.759,1.6313,1.6314,0.80,1.20
2007.05.01 20:27:18.869,1.6313,1.6314,0.80,8.80
2007.05.01 20:27:19.365,1.6313,1.6314,0.80,11.20
2007.05.01 20:27:19.442,1.6313,1.6315,0.80,30.40
2007.05.01 20:27:25.215,1.6313,1.63145,0.80,11.20
2007.05.01 20:27:25.228,1.6312,1.6314,19.30,0.90
2007.05.01 20:27:25.281,1.6312,1.6314,16.10,0.50
2007.05.01 20:27:25.444,1.6312,1.63145,24.10,17.60
2007.05.01 20:27:25.497,1.6312,1.6314,20.10,0.80
2007.05.01 20:27:25.776,1.6312,1.63145,19.30,21.60
2007.05.01 20:27:26.270,1.6312,1.6314,19.30,0.60
2007.05.01 20:27:26.289,1.6312,1.6314,19.30,17.20
2007.05.01 20:27:34.703,1.6312,1.6313,11.80,0.80
2007.05.01 20:27:34.915,1.6312,1.6314,3.80,20.80
2007.05.01 20:27:36.476,1.6312,1.6313,0.60,0.50
2007.05.01 20:27:38.718,1.63115,1.6314,18.50,19.20
2007.05.01 20:27:38.792,1.6312,1.6314,11.00,18.40
2007.05.01 20:27:38.835,1.6313,1.6314,0.80,0.50
2007.05.01 20:27:39.525,1.6312,1.6315,18.20,36.80
2007.05.01 20:27:40.070,1.6313,1.6314,0.80,0.70
2007.05.01 20:27:40.261,1.6312,1.63145,35.30,11.20
2007.05.01 20:27:59.145,1.6312,1.6314,25.40,11.20
2007.05.01 20:27:59.283,1.6312,1.6313,25.40,2.40
2007.05.01 20:28:00.219,1.63115,1.6313,16.30,2.40
2007.05.01 20:28:00.624,1.63115,1.6313,19.30,2.40
2007.05.01 20:28:00.703,1.6312,1.6314,1.00,17.60
2007.05.01 20:28:01.399,1.63115,1.6313,15.30,2.40
2007.05.01 20:28:02.665,1.63115,1.6314,19.10,20.80
2007.05.01 20:28:02.704,1.6312,1.6314,7.80,20.00
2007.05.01 20:28:02.730,1.6313,1.6314,0.80,0.60
2007.05.01 20:28:02.949,1.6312,1.6315,15.00,39.20
2007.05.01 20:28:03.241,1.6313,1.6314,0.80,0.90
2007.05.01 20:28:04.463,1.6312,1.6314,15.80,18.40
2007.05.01 20:28:04.802,1.6313,1.6314,0.80,0.90
2007.05.01 20:28:04.811,1.6312,1.63145,19.30,19.20
2007.05.01 20:28:04.820,1.63115,1.63145,19.30,20.00
2007.05.01 20:28:04.915,1.63115,1.63145,27.30,16.00
2007.05.01 20:28:04.981,1.6312,1.6314,0.70,0.50
2007.05.01 20:28:05.084,1.63115,1.63145,27.30,16.00
2007.05.01 20:28:05.664,1.6312,1.6314,0.80,0.60
2007.05.01 20:28:06.377,1.6312,1.6313,19.30,0.50
2007.05.01 20:28:07.677,1.6312,1.6314,23.30,13.20
2007.05.01 20:28:07.724,1.6312,1.6313,26.50,0.70
2007.05.01 20:28:07.802,1.6313,1.6314,0.80,6.00
2007.05.01 20:28:07.822,1.6313,1.6314,0.80,0.50
2007.05.01 20:28:07.823,1.6313,1.6315,0.80,31.30
2007.05.01 20:28:08.336,1.6313,1.6314,0.80,14.40
2007.05.01 20:28:09.259,1.6313,1.6315,0.80,34.50
2007.05.01 20:28:31.263,1.6313,1.6314,0.80,8.80
2007.05.01 20:28:31.466,1.6313,1.6314,0.80,8.00
2007.05.01 20:28:31.492,1.6313,1.6314,0.80,0.60
2007.05.01 20:28:32.253,1.6313,1.6314,0.80,2.80
2007.05.01 20:28:34.531,1.6313,1.6314,0.80,3.60
2007.05.01 20:28:46.315,1.6313,1.6314,1.60,3.60
2007.05.01 20:28:46.367,1.6313,1.6314,2.40,3.60
2007.05.01 20:28:46.539,1.6313,1.6314,3.20,3.60
2007.05.01 20:28:46.824,1.6313,1.6314,3.20,1.20
2007.05.01 20:28:47.330,1.6313,1.6314,3.20,3.60
2007.05.01 20:28:53.168,1.6312,1.6314,33.80,3.60
2007.05.01 20:28:58.461,1.6313,1.6314,1.60,1.20
2007.05.01 20:29:00.634,1.6312,1.6314,33.70,1.20
2007.05.01 20:29:00.702,1.6313,1.6314,1.20,1.20
2007.05.01 20:29:00.813,1.6312,1.6314,34.50,1.20
2007.05.01 20:29:01.249,1.63115,1.6314,33.70,2.00
2007.05.01 20:29:01.328,1.63115,1.6314,29.70,2.00
2007.05.01 20:29:01.333,1.63115,1.6314,26.50,2.00
2007.05.01 20:29:01.463,1.6312,1.6314,5.40,10.00
2007.05.01 20:29:04.865,1.63115,1.6314,15.30,10.00
2007.05.01 20:29:04.880,1.63115,1.6314,15.30,17.60
2007.05.01 20:29:05.256,1.63115,1.6314,12.30,17.60
2007.05.01 20:29:06.316,1.6312,1.6314,0.80,21.60
2007.05.01 20:29:11.221,1.63115,1.6314,8.30,25.60
2007.05.01 20:29:12.250,1.6312,1.6314,0.80,21.60
2007.05.01 20:29:15.617,1.63115,1.6314,12.30,25.60
2007.05.01 20:29:18.848,1.63115,1.6314,12.30,26.40
2007.05.01 20:29:18.888,1.6312,1.6314,0.80,19.60
2007.05.01 20:29:19.057,1.63115,1.6314,4.80,20.40
2007.05.01 20:29:19.157,1.63115,1.63135,4.80,7.60
2007.05.01 20:29:19.234,1.63115,1.6313,0.80,0.80
2007.05.01 20:29:19.310,1.6311,1.6313,26.70,6.40
2007.05.01 20:29:19.413,1.63105,1.6313,18.70,6.40
2007.05.01 20:29:31.285,1.6311,1.6313,17.90,0.80
2007.05.01 20:29:31.288,1.6311,1.63135,17.90,11.60
2007.05.01 20:29:31.381,1.6311,1.6313,13.90,8.00
2007.05.01 20:29:31.398,1.6311,1.6313,6.40,15.60
2007.05.01 20:29:31.872,1.6311,1.6313,10.40,15.60
2007.05.01 20:29:32.386,1.6311,1.6313,6.40,15.60
2007.05.01 20:29:40.259,1.6311,1.6313,10.40,15.60
2007.05.01 20:29:42.313,1.6311,1.6313,6.40,15.60
2007.05.01 20:29:46.915,1.6311,1.6313,13.90,8.00
2007.05.01 20:29:46.929,1.6311,1.63135,17.90,7.60
2007.05.01 20:29:47.150,1.63115,1.63135,4.00,7.60
2007.05.01 20:29:47.237,1.6312,1.63135,0.80,7.60
2007.05.01 20:29:48.693,1.6312,1.63135,0.80,4.00
2007.05.01 20:29:48.760,1.6312,1.6313,0.80,5.60
2007.05.01 20:29:48.805,1.63115,1.6313,7.50,6.40
2007.05.01 20:30:13.123,1.6311,1.6313,18.70,6.40
2007.05.01 20:30:13.159,1.6311,1.6313,18.70,5.60
2007.05.01 20:30:13.285,1.6311,1.6313,21.90,5.60
2007.05.01 20:30:13.440,1.6311,1.63135,21.90,7.60
2007.05.01 20:30:13.854,1.6311,1.63135,25.90,7.60
2007.05.01 20:30:15.634,1.6312,1.63135,0.80,7.60
2007.05.01 20:30:45.749,1.6311,1.6313,29.90,0.80
2007.05.01 20:30:45.752,1.6311,1.6313,25.90,0.80
2007.05.01 20:30:45.831,1.6311,1.6313,21.90,0.80
2007.05.01 20:30:47.834,1.6311,1.6313,21.10,0.80
2007.05.01 20:30:47.838,1.6311,1.6313,17.90,6.40
2007.05.01 20:30:47.888,1.6311,1.6313,17.10,9.40
2007.05.01 20:30:47.961,1.6311,1.6313,16.30,13.40
2007.05.01 20:30:52.635,1.6311,1.6312,8.00,6.40
2007.05.01 20:30:52.675,1.6311,1.6312,15.50,6.40
2007.05.01 20:31:01.227,1.6311,1.6312,7.50,6.40
2007.05.01 20:31:01.322,1.6311,1.6312,7.50,10.40
2007.05.01 20:31:01.411,1.631,1.6312,11.40,10.40
2007.05.01 20:31:01.428,1.631,1.6312,19.40,6.40
2007.05.01 20:31:01.546,1.631,1.6312,18.70,6.40
2007.05.01 20:31:03.616,1.631,1.6312,17.90,6.40
2007.05.01 20:31:03.666,1.631,1.6312,17.10,6.40
2007.05.01 20:31:04.013,1.631,1.6312,8.30,6.40
2007.05.01 20:31:04.120,1.631,1.6312,7.50,6.40
2007.05.01 20:31:04.130,1.63095,1.6312,11.50,14.00
2007.05.01 20:31:04.377,1.63095,1.6312,11.50,16.40
2007.05.01 20:31:04.477,1.63095,1.6312,7.50,20.40
2007.05.01 20:31:04.935,1.63095,1.6312,7.50,24.40
2007.05.01 20:31:07.195,1.63095,1.63115,4.00,7.60
2007.05.01 20:31:07.207,1.631,1.63115,0.80,7.60
2007.05.01 20:31:07.951,1.631,1.6312,8.30,10.40
2007.05.01 20:31:08.025,1.631,1.6312,16.30,6.40
2007.05.01 20:31:14.834,1.631,1.6312,16.30,8.80
2007.05.01 20:31:14.845,1.631,1.6312,16.30,11.20
2007.05.01 20:31:14.883,1.631,1.6312,8.80,19.60
2007.05.01 20:31:14.968,1.631,1.6312,0.80,19.60
2007.05.01 20:31:15.247,1.63095,1.6311,11.50,0.80
2007.05.01 20:31:15.414,1.63095,1.6311,7.50,0.80
2007.05.01 20:31:17.705,1.63095,1.6311,7.50,6.40
2007.05.01 20:31:18.245,1.6309,1.6311,18.70,6.40
2007.05.01 20:31:33.454,1.6309,1.6311,20.30,6.40
2007.05.01 20:31:33.760,1.6309,1.6311,19.50,6.40
2007.05.01 20:31:39.462,1.6309,1.6311,18.70,6.40
2007.05.01 20:31:43.108,1.6309,1.6311,18.70,5.60
2007.05.01 20:31:43.249,1.6309,1.6311,9.90,4.80
2007.05.01 20:31:43.328,1.631,1.6311,1.10,4.80
2007.05.01 20:31:43.359,1.631,1.6311,2.70,7.60
2007.05.01 20:31:43.727,1.631,1.6311,3.50,7.60
2007.05.01 20:31:43.826,1.631,1.63115,3.50,7.60
2007.05.01 20:31:44.050,1.631,1.6312,3.50,20.20
2007.05.01 20:31:45.298,1.631,1.6311,2.70,0.80
2007.05.01 20:31:50.761,1.631,1.6312,3.50,21.20
2007.05.01 20:31:52.754,1.631,1.6312,3.50,25.20
2007.05.01 20:31:52.766,1.631,1.6311,2.70,0.80
2007.05.01 20:31:53.443,1.631,1.6312,3.50,21.20
2007.05.01 20:31:53.757,1.631,1.6312,3.50,13.20
2007.05.01 20:31:54.798,1.631,1.6312,11.00,5.60
2007.05.01 20:31:55.051,1.631,1.6312,15.00,5.60
2007.05.01 20:31:55.312,1.631,1.6312,11.00,13.60
2007.05.01 20:31:55.408,1.631,1.6312,3.50,21.20
2007.05.01 20:32:03.142,1.631,1.6312,3.50,25.20
2007.05.01 20:32:03.228,1.631,1.6312,3.50,29.20
2007.05.01 20:32:03.275,1.631,1.6311,2.70,0.80
2007.05.01 20:32:03.353,1.631,1.6311,6.70,0.80
2007.05.01 20:32:03.479,1.631,1.6311,14.20,0.80
2007.05.01 20:32:03.642,1.631,1.6311,18.20,0.80
2007.05.01 20:32:03.724,1.631,1.6311,10.70,0.80
2007.05.01 20:32:03.783,1.631,1.6311,2.70,0.80
2007.05.01 20:32:09.217,1.631,1.6311,2.40,0.80
2007.05.01 20:32:15.887,1.631,1.6312,3.20,23.40
2007.05.01 20:32:15.935,1.631,1.6312,3.20,16.40
2007.05.01 20:32:16.558,1.631,1.63125,3.20,20.40
2007.05.01 20:32:30.512,1.631,1.6312,3.20,0.80
2007.05.01 20:33:03.673,1.631,1.6312,3.20,22.00
2007.05.01 20:33:31.722,1.631,1.6312,3.20,26.00
2007.05.01 20:33:31.792,1.631,1.6312,10.70,22.40
2007.05.01 20:33:31.948,1.631,1.6311,9.90,2.40
2007.05.01 20:33:31.983,1.631,1.6311,17.90,2.40
2007.05.01 20:33:53.195,1.631,1.6311,18.70,1.60
2007.05.01 20:33:53.309,1.631,1.6312,18.70,15.80
2007.05.01 20:33:53.436,1.631,1.6312,18.70,11.80
2007.05.01 20:33:54.530,1.631,1.6311,18.70,1.60
2007.05.01 20:33:58.861,1.631,1.6312,18.70,11.80
2007.05.01 20:34:12.264,1.631,1.6312,18.70,14.20
2007.05.01 20:34:12.317,1.631,1.6312,18.70,11.80
2007.05.01 20:34:14.848,1.631,1.6311,18.70,1.60
2007.05.01 20:34:15.656,1.631,1.6311,17.90,2.40
2007.05.01 20:34:20.206,1.631,1.6311,18.70,1.60
2007.05.01 20:34:20.312,1.631,1.6312,18.70,18.20
2007.05.01 20:34:20.357,1.631,1.6312,18.70,15.80
2007.05.01 20:34:20.428,1.631,1.6312,18.70,11.80
2007.05.01 20:34:21.747,1.631,1.6311,18.70,1.60
2007.05.01 20:34:23.523,1.631,1.6312,18.70,11.80
2007.05.01 20:34:25.580,1.631,1.6311,18.70,1.60
2007.05.01 20:34:33.994,1.631,1.6312,18.70,8.80
2007.05.01 20:34:39.911,1.631,1.6311,18.70,1.60
2007.05.01 20:34:41.335,1.631,1.6312,18.70,15.00
2007.05.01 20:34:41.792,1.631,1.6312,11.20,22.60
2007.05.01 20:34:41.865,1.631,1.6312,3.20,26.60
2007.05.01 20:35:00.307,1.631,1.6312,2.40,30.60
2007.05.01 20:35:00.329,1.631,1.6312,1.60,30.60
2007.05.01 20:35:00.345,1.631,1.6312,0.80,30.60
2007.05.01 20:35:01.747,1.631,1.6312,0.80,29.80
2007.05.01 20:35:01.867,1.631,1.6312,1.60,29.80
2007.05.01 20:35:01.869,1.631,1.6312,2.40,27.40
2007.05.01 20:35:01.906,1.631,1.6312,3.20,26.60
2007.05.01 20:35:01.972,1.631,1.6312,3.20,25.00
2007.05.01 20:35:10.807,1.631,1.6312,3.20,17.00
2007.05.01 20:35:15.258,1.631,1.6312,2.40,17.00
2007.05.01 20:35:15.286,1.631,1.6312,1.60,17.00
2007.05.01 20:35:15.408,1.631,1.6312,0.80,17.00
2007.05.01 20:35:31.545,1.631,1.6312,0.80,17.00
2007.05.01 20:35:31.747,1.631,1.6312,0.80,17.00
2007.05.01 20:35:35.450,1.631,1.6312,2.70,17.00
2007.05.01 20:35:35.569,1.63095,1.6312,20.30,9.40
2007.05.01 20:35:45.471,1.631,1.6312,2.20,9.40
2007.05.01 20:35:45.495,1.631,1.6312,0.80,17.00
2007.05.01 20:35:45.930,1.631,1.6311,0.80,1.60
2007.05.01 20:35:45.935,1.63095,1.6311,12.30,3.20
2007.05.01 20:35:46.062,1.631,1.6311,0.80,4.00
2007.05.01 20:35:46.240,1.631,1.6311,0.80,8.00
2007.05.01 20:35:46.268,1.6309,1.631,12.80,4.00
2007.05.01 20:35:46.326,1.6308,1.631,17.90,8.80
2007.05.01 20:35:46.362,1.6309,1.631,3.10,12.80
2007.05.01 20:35:46.431,1.6308,1.631,17.90,15.20
2007.05.01 20:35:46.445,1.6307,1.631,36.90,19.20
2007.05.01 20:35:46.538,1.6308,1.631,9.00,15.20
2007.05.01 20:35:46.548,1.6307,1.631,30.50,15.20
2007.05.01 20:35:46.601,1.63075,1.631,15.50,22.80
2007.05.01 20:35:46.940,1.6307,1.631,30.50,28.40
2007.05.01 20:35:47.027,1.63065,1.63095,34.50,7.60
2007.05.01 20:35:47.304,1.63065,1.63095,30.50,7.60
2007.05.01 20:35:49.570,1.6307,1.63095,27.30,7.60
2007.05.01 20:35:49.591,1.6308,1.63095,1.20,7.60
2007.05.01 20:35:49.628,1.6307,1.63095,28.90,7.60
2007.05.01 20:35:49.704,1.6308,1.63095,1.20,7.60
2007.05.01 20:35:53.625,1.6308,1.63095,3.20,7.60
2007.05.01 20:35:53.714,1.6309,1.631,0.80,17.20
2007.05.01 20:35:53.734,1.6309,1.631,0.80,13.20
2007.05.01 20:35:53.761,1.6309,1.631,0.80,9.20
2007.05.01 20:35:53.914,1.63085,1.631,8.30,1.60
2007.05.01 20:36:01.673,1.6308,1.631,22.70,2.40
2007.05.01 20:36:01.757,1.6308,1.631,15.50,6.40
2007.05.01 20:36:01.780,1.6308,1.631,15.50,10.40
2007.05.01 20:36:01.866,1.6308,1.631,15.50,14.40
2007.05.01 20:36:01.994,1.6308,1.631,7.50,18.40
2007.05.01 20:36:02.077,1.6307,1.63095,30.50,7.60
2007.05.01 20:36:03.850,1.6307,1.63095,26.50,7.60
2007.05.01 20:36:04.881,1.6307,1.63095,30.50,7.60
2007.05.01 20:36:05.338,1.6308,1.63095,0.80,7.60
2007.05.01 20:36:05.385,1.6308,1.63095,1.60,7.60
2007.05.01 20:36:05.398,1.6308,1.63095,2.40,7.60
2007.05.01 20:36:05.658,1.6308,1.631,6.40,13.20
2007.05.01 20:36:05.720,1.6308,1.631,7.20,13.20
2007.05.01 20:36:05.743,1.6308,1.631,12.00,13.20
2007.05.01 20:36:05.802,1.6308,1.631,20.00,9.20
2007.05.01 20:36:05.891,1.6308,1.631,27.50,1.60
2007.05.01 20:36:14.856,1.6308,1.631,23.50,1.60
2007.05.01 20:36:15.872,1.6308,1.631,27.50,1.60
2007.05.01 20:36:17.951,1.6308,1.63105,27.50,9.20
2007.05.01 20:36:18.183,1.6308,1.631,23.50,0.90
2007.05.01 20:36:18.972,1.6308,1.63105,27.50,9.20
2007.05.01 20:36:22.622,1.6309,1.63105,0.80,9.20
2007.05.01 20:36:22.668,1.6309,1.631,1.60,0.80
2007.05.01 20:36:22.780,1.6309,1.63105,2.40,9.20
2007.05.01 20:36:23.224,1.6309,1.631,3.20,0.90
2007.05.01 20:36:23.366,1.6309,1.631,8.00,0.90
2007.05.01 20:36:23.779,1.6309,1.6311,12.00,17.20
2007.05.01 20:36:25.066,1.6309,1.6311,8.00,17.20
2007.05.01 20:36:33.707,1.6309,1.6311,12.00,17.20
2007.05.01 20:36:34.719,1.6309,1.631,8.00,0.80
2007.05.01 20:36:41.895,1.6309,1.6311,15.50,9.60
2007.05.01 20:36:41.922,1.6309,1.63115,19.50,9.20
2007.05.01 20:36:43.247,1.6309,1.631,23.50,0.80
2007.05.01 20:36:43.495,1.6309,1.631,24.30,0.80
2007.05.01 20:36:43.643,1.6309,1.631,28.30,0.50
2007.05.01 20:36:44.674,1.6309,1.631,24.30,0.60
2007.05.01 20:36:57.240,1.6309,1.631,18.70,1.60
2007.05.01 20:37:03.465,1.6309,1.631,10.70,1.60
2007.05.01 20:37:03.622,1.6309,1.631,3.20,1.60
2007.05.01 20:37:05.878,1.6309,1.631,10.70,1.60
2007.05.01 20:37:05.939,1.6309,1.631,18.70,1.60
2007.05.01 20:37:06.890,1.6309,1.631,11.20,1.60
2007.05.01 20:37:06.921,1.6309,1.631,3.20,1.60
2007.05.01 20:37:07.979,1.6309,1.631,11.20,1.60
2007.05.01 20:37:08.153,1.6309,1.631,18.70,1.60
2007.05.01 20:37:09.758,1.6309,1.631,17.90,1.60
2007.05.01 20:37:09.781,1.6309,1.631,17.10,1.60
2007.05.01 20:37:09.952,1.6309,1.631,9.60,1.60
2007.05.01 20:37:10.058,1.6309,1.631,0.80,1.60
2007.05.01 20:37:10.213,1.63085,1.631,7.50,2.40
2007.05.01 20:37:14.170,1.63085,1.6311,7.50,31.40
2007.05.01 20:37:14.821,1.63085,1.63105,7.50,5.60
2007.05.01 20:37:14.885,1.6308,1.63105,24.30,13.20
2007.05.01 20:37:15.877,1.6308,1.63105,20.30,13.20
2007.05.01 20:37:17.799,1.6308,1.6311,20.30,34.60
2007.05.01 20:37:19.732,1.6308,1.6311,20.30,30.60
2007.05.01 20:37:19.975,1.6309,1.6311,0.80,30.60
2007.05.01 20:37:20.045,1.6309,1.6311,1.60,30.60
2007.05.01 20:37:20.187,1.6309,1.63105,2.40,0.50
2007.05.01 20:37:20.246,1.6309,1.6311,8.00,23.40
2007.05.01 20:37:20.322,1.6309,1.6311,8.80,23.40
2007.05.01 20:37:20.945,1.6309,1.63115,16.30,27.40
2007.05.01 20:37:21.003,1.6309,1.63115,20.30,19.40
2007.05.01 20:37:21.619,1.6309,1.6311,19.50,0.70
2007.05.01 20:37:21.653,1.6309,1.63115,18.70,19.40
2007.05.01 20:37:21.725,1.6309,1.63115,18.70,23.40
2007.05.01 20:37:21.790,1.6309,1.63115,10.40,27.40
2007.05.01 20:37:21.830,1.6309,1.6311,6.40,0.50
2007.05.01 20:37:21.837,1.6309,1.63115,0.80,33.00
2007.05.01 20:37:22.164,1.63085,1.631,7.50,0.80
2007.05.01 20:37:25.391,1.6308,1.63105,20.30,8.40
2007.05.01 20:37:25.512,1.6309,1.63105,0.80,9.20
2007.05.01 20:37:26.493,1.6309,1.63105,0.80,0.90
2007.05.01 20:37:28.179,1.6309,1.631,0.80,0.60
2007.05.01 20:37:29.521,1.6309,1.63105,0.80,0.60
2007.05.01 20:37:32.026,1.6309,1.6311,8.00,12.40
2007.05.01 20:37:32.136,1.6309,1.6311,9.60,12.40
2007.05.01 20:37:32.301,1.6309,1.6311,13.60,12.40
2007.05.01 20:37:32.972,1.6309,1.6311,12.00,12.40
2007.05.01 20:37:33.050,1.6309,1.6311,10.40,12.40
2007.05.01 20:37:33.052,1.6309,1.6311,17.10,4.80
2007.05.01 20:37:33.057,1.6309,1.63115,25.10,8.40
2007.05.01 20:37:33.216,1.63085,1.63115,29.10,9.20
2007.05.01 20:37:33.317,1.6308,1.63115,30.70,8.40
2007.05.01 20:37:33.319,1.6308,1.63115,26.70,8.40
2007.05.01 20:37:34.063,1.63085,1.6311,15.50,8.40
2007.05.01 20:37:34.068,1.63085,1.631,0.60,0.80
2007.05.01 20:37:38.455,1.6308,1.631,0.90,0.80
2007.05.01 20:37:38.764,1.6307,1.6311,20.30,27.40
2007.05.01 20:37:38.901,1.6307,1.63095,0.80,0.80
2007.05.01 20:37:59.183,1.6307,1.63095,8.50,7.60
2007.05.01 20:37:59.721,1.6307,1.63095,2.80,7.60
2007.05.01 20:37:59.826,1.63075,1.631,0.60,12.40
2007.05.01 20:38:15.763,1.63075,1.631,7.50,16.40
2007.05.01 20:38:19.362,1.6307,1.631,16.30,16.40
2007.05.01 20:38:35.650,1.6307,1.631,19.30,21.20
2007.05.01 20:38:35.757,1.6307,1.631,15.30,25.20
2007.05.01 20:38:35.826,1.63075,1.631,2.60,28.40
2007.05.01 20:38:45.238,1.63075,1.631,8.30,23.60
2007.05.01 20:38:45.453,1.63075,1.631,12.30,19.60
2007.05.01 20:38:45.812,1.63075,1.631,17.90,16.40
2007.05.01 20:38:45.916,1.6308,1.6309,2.10,8.00
2007.05.01 20:38:45.939,1.6308,1.6309,0.70,15.60
2007.05.01 20:38:53.862,1.6308,1.6309,10.40,15.60
2007.05.01 20:38:56.351,1.6308,1.6309,6.40,15.60
2007.05.01 20:39:01.322,1.6308,1.6309,0.80,15.60
2007.05.01 20:39:01.397,1.6307,1.6309,9.40,15.60
2007.05.01 20:39:01.467,1.6307,1.6309,13.40,7.60
2007.05.01 20:39:01.487,1.63075,1.631,7.50,28.40
2007.05.01 20:39:01.743,1.6307,1.63095,24.90,7.60
2007.05.01 20:39:01.771,1.6307,1.63095,19.30,7.60
2007.05.01 20:39:01.779,1.6307,1.63095,16.30,7.60
2007.05.01 20:39:02.016,1.6307,1.6309,8.80,7.60
2007.05.01 20:39:02.095,1.6307,1.6309,4.80,15.60
2007.05.01 20:39:06.779,1.63065,1.6309,16.30,15.60
2007.05.01 20:39:16.237,1.6307,1.6309,12.30,8.00
2007.05.01 20:39:16.403,1.6307,1.63095,16.30,7.60
2007.05.01 20:39:16.741,1.6308,1.631,11.50,8.80
2007.05.01 20:39:16.764,1.6308,1.631,15.30,8.80
2007.05.01 20:39:16.886,1.6308,1.631,19.30,0.80
2007.05.01 20:39:16.920,1.6308,1.631,24.90,0.80
2007.05.01 20:39:17.251,1.6308,1.631,20.90,0.80
2007.05.01 20:39:17.297,1.6308,1.631,20.90,3.20
2007.05.01 20:39:18.723,1.6308,1.631,20.90,0.80
2007.05.01 20:39:18.787,1.63085,1.631,7.50,0.80
2007.05.01 20:39:51.125,1.6309,1.631,0.80,0.80
2007.05.01 20:39:51.976,1.63085,1.631,8.30,0.80
2007.05.01 20:39:54.222,1.63085,1.631,3.40,0.80
2007.05.01 20:39:54.273,1.6308,1.631,1.50,0.80
2007.05.01 20:39:59.038,1.6308,1.631,1.30,8.80
2007.05.01 20:39:59.099,1.63075,1.631,3.70,16.40
2007.05.01 20:39:59.265,1.6309,1.631,0.80,16.40
2007.05.01 20:40:01.733,1.63075,1.631,17.10,16.40
2007.05.01 20:40:01.764,1.63075,1.631,2.30,16.40
2007.05.01 20:40:01.848,1.63075,1.631,15.50,8.40
2007.05.01 20:40:01.909,1.6307,1.631,28.30,0.80
2007.05.01 20:40:11.824,1.6307,1.631,24.30,8.80
2007.05.01 20:40:11.905,1.6307,1.6312,24.30,11.00
2007.05.01 20:40:13.699,1.6307,1.6312,24.30,13.40
2007.05.01 20:40:13.801,1.63075,1.631,1.10,16.40
2007.05.01 20:40:13.869,1.6307,1.631,24.30,8.80
2007.05.01 20:40:14.030,1.6308,1.631,5.60,0.80
2007.05.01 20:40:14.435,1.6308,1.631,2.40,3.20
2007.05.01 20:40:15.286,1.6307,1.631,33.90,0.80
2007.05.01 20:40:15.372,1.6308,1.631,21.90,0.80
2007.05.01 20:40:15.443,1.6308,1.631,17.90,8.80
2007.05.01 20:40:15.444,1.6309,1.63095,0.80,7.60
2007.05.01 20:40:21.809,1.6309,1.631,0.80,16.40
2007.05.01 20:40:21.867,1.6308,1.631,0.80,16.40
2007.05.01 20:40:22.064,1.6308,1.63095,0.80,7.60
2007.05.01 20:40:27.042,1.63075,1.63095,4.80,7.60
2007.05.01 20:40:32.719,1.6308,1.63095,3.60,7.60
2007.05.01 20:40:32.748,1.63075,1.63095,14.40,7.60
2007.05.01 20:40:32.771,1.6309,1.63095,0.80,7.60
2007.05.01 20:40:34.011,1.6308,1.631,14.40,16.40
2007.05.01 20:40:48.723,1.6308,1.631,20.00,16.40
2007.05.01 20:40:48.757,1.6308,1.631,22.20,15.60
2007.05.01 20:40:48.805,1.63085,1.631,17.60,15.60
2007.05.01 20:40:48.954,1.63085,1.631,13.60,7.60
2007.05.01 20:40:49.100,1.6309,1.63105,2.40,7.60
2007.05.01 20:40:49.349,1.63085,1.6311,13.10,15.60
2007.05.01 20:40:49.397,1.63085,1.6311,13.90,11.40
2007.05.01 20:40:49.471,1.63085,1.6311,8.30,14.60
2007.05.01 20:40:49.714,1.63085,1.6311,8.30,10.80
2007.05.01 20:40:49.761,1.6309,1.6311,6.40,7.60
2007.05.01 20:40:49.874,1.6309,1.63105,6.40,7.60
2007.05.01 20:40:54.230,1.63085,1.6311,8.30,11.60
2007.05.01 20:40:56.321,1.6309,1.6311,6.40,11.60
2007.05.01 20:40:56.333,1.6309,1.6311,10.40,11.60
2007.05.01 20:40:56.369,1.631,1.6311,0.80,11.60
2007.05.01 20:40:57.058,1.631,1.6311,0.80,7.60
2007.05.01 20:40:57.077,1.631,1.63115,0.80,7.60
2007.05.01 20:40:57.567,1.631,1.6311,0.80,7.60
2007.05.01 20:40:58.092,1.631,1.63115,0.80,7.60
2007.05.01 20:40:58.253,1.631,1.6311,0.80,3.20
2007.05.01 20:40:58.484,1.6309,1.6311,16.30,4.00
2007.05.01 20:40:58.713,1.6309,1.6311,16.30,3.20
2007.05.01 20:40:58.809,1.6309,1.6311,8.30,7.20
2007.05.01 20:40:58.849,1.6309,1.6311,8.30,4.00
2007.05.01 20:40:58.882,1.6309,1.63105,0.80,7.60
2007.05.01 20:40:59.111,1.6309,1.6311,0.80,7.60
2007.05.01 20:41:03.209,1.6309,1.6311,0.80,11.60
2007.05.01 20:41:05.333,1.6309,1.6311,0.80,14.00
2007.05.01 20:41:12.308,1.6309,1.6311,0.80,11.60
2007.05.01 20:41:14.340,1.6309,1.6312,0.80,26.60
2007.05.01 20:41:15.436,1.6309,1.6312,0.80,26.60
2007.05.01 20:41:28.528,1.6309,1.6311,0.80,0.70
2007.05.01 20:41:59.298,1.631,1.6312,0.80,27.40
2007.05.01 20:42:02.374,1.631,1.6311,0.80,8.40
2007.05.01 20:42:02.554,1.631,1.6311,0.80,8.40
2007.05.01 20:42:03.804,1.63085,1.6311,13.90,8.40
2007.05.01 20:42:04.004,1.6309,1.6311,3.90,0.80
2007.05.01 20:42:04.138,1.6308,1.6311,33.10,0.80
2007.05.01 20:42:04.258,1.6309,1.6311,9.80,4.80
2007.05.01 20:42:04.301,1.6308,1.6311,21.90,4.80
2007.05.01 20:42:04.316,1.6309,1.6311,5.90,12.60
2007.05.01 20:42:04.339,1.6308,1.6311,25.90,8.60
2007.05.01 20:42:04.490,1.6309,1.6311,6.20,4.60
2007.05.01 20:42:04.739,1.63085,1.631,19.50,0.80
2007.05.01 20:42:04.806,1.6309,1.631,0.50,0.80
2007.05.01 20:42:04.862,1.63075,1.631,25.90,0.80
2007.05.01 20:42:06.266,1.63075,1.631,28.30,0.80
2007.05.01 20:42:13.100,1.63075,1.631,20.30,5.60
2007.05.01 20:42:13.155,1.6308,1.631,4.30,13.20
2007.05.01 20:42:15.572,1.63075,1.631,20.30,17.20
2007.05.01 20:42:37.133,1.6308,1.631,6.40,18.00
2007.05.01 20:42:37.320,1.6308,1.631,6.40,18.80
2007.05.01 20:42:37.325,1.6308,1.631,6.40,19.60
2007.05.01 20:43:05.843,1.6308,1.631,6.40,22.60
2007.05.01 20:43:23.733,1.6308,1.631,0.80,25.80
2007.05.01 20:43:23.753,1.63075,1.6309,11.50,0.80
2007.05.01 20:43:23.859,1.63075,1.6309,7.50,0.80
2007.05.01 20:43:24.464,1.63075,1.6309,7.50,1.60
2007.05.01 20:43:24.470,1.63075,1.6309,7.50,2.40
2007.05.01 20:43:24.576,1.63075,1.6309,7.50,3.20
2007.05.01 20:43:24.589,1.63075,1.6309,7.50,4.00
2007.05.01 20:43:25.180,1.63075,1.6309,7.50,6.40
2007.05.01 20:43:25.201,1.63075,1.6308,7.50,0.80
2007.05.01 20:43:25.277,1.63075,1.6308,7.50,4.00
2007.05.01 20:43:25.405,1.6307,1.6308,13.90,4.00
2007.05.01 20:43:25.495,1.6307,1.6308,9.90,4.00
2007.05.01 20:43:25.620,1.6307,1.6308,2.40,4.00
2007.05.01 20:43:25.696,1.6307,1.6308,2.40,12.00
2007.05.01 20:43:25.878,1.6307,1.6308,2.40,19.60
2007.05.01 20:43:25.924,1.6306,1.6308,0.80,19.60
2007.05.01 20:43:29.695,1.6306,1.6308,6.40,19.60
2007.05.01 20:43:29.710,1.6306,1.6308,10.40,19.60
2007.05.01 20:43:29.772,1.6306,1.6308,10.40,16.40
2007.05.01 20:43:29.810,1.6306,1.6308,14.40,16.40
2007.05.01 20:43:29.969,1.6307,1.6308,0.80,15.60
2007.05.01 20:43:29.978,1.6307,1.6308,0.80,8.00
2007.05.01 20:43:30.025,1.6307,1.6309,0.80,19.60
2007.05.01 20:43:30.201,1.6307,1.6309,0.80,16.40
2007.05.01 20:43:40.244,1.6307,1.6309,3.20,16.40
2007.05.01 20:44:01.007,1.6307,1.6309,3.20,7.60
2007.05.01 20:44:03.999,1.6307,1.63095,3.20,11.60
2007.05.01 20:44:08.047,1.6307,1.6309,7.20,0.90
2007.05.01 20:44:08.126,1.6307,1.631,14.70,37.00
2007.05.01 20:44:08.344,1.6307,1.63095,10.70,0.50
2007.05.01 20:44:08.407,1.6307,1.6309,3.20,0.60
2007.05.01 20:44:08.692,1.6307,1.631,0.80,16.40
2007.05.01 20:44:08.753,1.6307,1.631,4.80,15.60
2007.05.01 20:44:08.888,1.6307,1.63095,12.30,0.60
2007.05.01 20:44:16.206,1.6308,1.631,0.80,15.60
2007.05.01 20:44:16.313,1.6308,1.631,0.80,0.70
2007.05.01 20:44:23.014,1.6308,1.631,4.80,0.50
2007.05.01 20:44:23.131,1.6308,1.6311,12.30,35.40
2007.05.01 20:44:27.710,1.6308,1.63105,12.30,0.70
2007.05.01 20:44:30.756,1.6308,1.63105,12.30,0.70
2007.05.01 20:44:34.750,1.6309,1.63105,5.60,7.60
2007.05.01 20:44:34.837,1.6309,1.63105,6.40,7.60
2007.05.01 20:44:35.191,1.6309,1.63105,0.80,7.60
2007.05.01 20:44:37.906,1.6309,1.6311,0.80,7.60
2007.05.01 20:44:38.187,1.6309,1.6311,3.20,7.60
2007.05.01 20:44:39.207,1.6309,1.6311,0.80,7.60
2007.05.01 20:44:39.315,1.6309,1.6311,0.80,10.00
2007.05.01 20:44:44.764,1.6309,1.6311,4.80,10.00
2007.05.01 20:44:48.628,1.6309,1.6311,4.80,10.80
2007.05.01 20:44:48.735,1.6309,1.6311,12.80,10.80
2007.05.01 20:44:48.770,1.6309,1.6311,12.80,16.40
2007.05.01 20:44:48.930,1.6309,1.6311,16.30,8.80
2007.05.01 20:44:49.049,1.6309,1.6311,8.30,12.80
2007.05.01 20:44:49.081,1.6309,1.6311,0.80,20.40
2007.05.01 20:44:49.364,1.6309,1.6311,0.80,18.00
2007.05.01 20:45:00.906,1.6309,1.6311,0.80,22.00
2007.05.01 20:45:03.268,1.63085,1.6311,11.50,22.00
2007.05.01 20:45:03.361,1.63085,1.6311,11.50,14.00
2007.05.01 20:45:03.486,1.63085,1.6311,7.50,18.00
2007.05.01 20:45:03.787,1.63085,1.6311,7.50,26.00
2007.05.01 20:45:03.889,1.6308,1.63105,19.30,7.60
2007.05.01 20:45:04.349,1.6308,1.631,19.30,2.40
2007.05.01 20:45:05.357,1.6308,1.63105,19.30,7.60
2007.05.01 20:45:07.314,1.63075,1.63105,23.30,7.60
2007.05.01 20:45:13.758,1.63075,1.63105,19.30,7.60
2007.05.01 20:45:17.162,1.63075,1.631,19.30,2.40
2007.05.01 20:45:24.681,1.63075,1.631,23.30,2.40
2007.05.01 20:45:24.914,1.63075,1.631,27.30,2.40
2007.05.01 20:45:25.317,1.63075,1.63105,27.30,7.60
2007.05.01 20:45:54.614,1.6308,1.63105,27.30,7.60
2007.05.01 20:45:54.732,1.63085,1.63105,4.00,7.60
2007.05.01 20:45:54.776,1.6309,1.63105,0.80,7.60
2007.05.01 20:45:54.857,1.6309,1.63105,3.80,7.60
2007.05.01 20:45:57.763,1.6309,1.63105,4.60,7.60
2007.05.01 20:45:57.785,1.6309,1.63105,5.40,7.60
2007.05.01 20:45:57.835,1.6309,1.63105,6.20,7.60
2007.05.01 20:46:01.004,1.6309,1.63105,10.20,7.60
2007.05.01 20:46:01.083,1.6309,1.6311,17.70,6.40
2007.05.01 20:46:10.288,1.6309,1.6311,20.10,0.80
2007.05.01 20:46:10.289,1.6309,1.6311,24.10,0.80
2007.05.01 20:46:10.307,1.631,1.63115,0.80,7.60
2007.05.01 20:46:11.029,1.631,1.6312,0.80,29.20
2007.05.01 20:46:11.135,1.631,1.6312,0.80,25.20
2007.05.01 20:46:15.768,1.631,1.6312,0.80,24.40
2007.05.01 20:46:15.914,1.631,1.6312,0.80,23.60
2007.05.01 20:46:20.745,1.631,1.63115,0.80,7.60
2007.05.01 20:46:20.746,1.6309,1.6311,24.90,0.80
2007.05.01 20:46:20.825,1.6309,1.6311,24.10,0.80
2007.05.01 20:46:20.963,1.6309,1.6311,21.70,6.40
2007.05.01 20:46:24.750,1.6309,1.6311,6.00,6.40
2007.05.01 20:46:25.272,1.6309,1.6311,21.70,5.60
2007.05.01 20:46:25.354,1.631,1.63115,0.80,7.60
2007.05.01 20:47:01.222,1.6311,1.63115,0.80,7.60
2007.05.01 20:47:01.393,1.6311,1.6312,0.80,4.00
2007.05.01 20:47:01.438,1.6311,1.63125,0.80,7.60
2007.05.01 20:47:01.632,1.6311,1.6313,0.80,15.40
2007.05.01 20:47:02.147,1.6311,1.6313,0.80,19.40
2007.05.01 20:47:08.839,1.6311,1.6313,0.80,0.70
2007.05.01 20:47:13.211,1.6311,1.6312,0.80,0.80
2007.05.01 20:47:39.318,1.6311,1.6313,0.80,31.40
2007.05.01 20:47:44.881,1.6311,1.6313,0.80,27.40
2007.05.01 20:47:49.108,1.63105,1.6313,12.30,27.40
2007.05.01 20:47:49.450,1.6311,1.6313,0.80,31.40
2007.05.01 20:47:51.730,1.6311,1.6313,0.80,27.40
2007.05.01 20:47:59.368,1.63105,1.6313,8.30,31.40
2007.05.01 20:48:02.651,1.63105,1.6313,8.30,27.40
2007.05.01 20:48:06.158,1.63105,1.6313,12.30,21.80
2007.05.01 20:48:06.254,1.63105,1.6313,8.30,19.40
2007.05.01 20:48:06.338,1.63105,1.6313,8.30,18.60
2007.05.01 20:48:08.706,1.631,1.6313,16.30,15.60
2007.05.01 20:48:09.023,1.631,1.63125,4.30,7.60
2007.05.01 20:48:21.704,1.631,1.6312,12.30,0.80
2007.05.01 20:48:21.765,1.631,1.6312,12.30,6.40
2007.05.01 20:48:21.991,1.631,1.6312,4.80,14.00
2007.05.01 20:48:22.021,1.631,1.6312,0.80,18.00
2007.05.01 20:48:22.283,1.631,1.6312,0.80,20.40
2007.05.01 20:48:28.268,1.6311,1.6312,0.80,19.60
2007.05.01 20:48:28.288,1.6311,1.6312,0.80,17.20
2007.05.01 20:48:45.533,1.6311,1.6312,0.80,21.20
2007.05.01 20:50:08.914,1.6311,1.6312,0.80,13.20
2007.05.01 20:50:09.044,1.6311,1.6312,0.80,5.60
2007.05.01 20:50:09.209,1.6311,1.63125,0.80,7.60
2007.05.01 20:50:26.076,1.6311,1.6313,0.80,17.00
2007.05.01 20:50:27.329,1.6311,1.6313,0.80,21.00
2007.05.01 20:50:51.023,1.6311,1.6313,0.80,21.80
2007.05.01 20:50:51.033,1.6311,1.6313,0.80,22.60
2007.05.01 20:50:51.040,1.6311,1.6313,0.80,23.40
2007.05.01 20:50:51.249,1.6311,1.6312,0.80,5.60
2007.05.01 20:50:51.267,1.63105,1.6312,11.50,6.40
2007.05.01 20:50:51.383,1.63105,1.6312,7.50,6.40
2007.05.01 20:52:07.696,1.631,1.6312,12.30,6.40
2007.05.01 20:52:07.967,1.631,1.6312,4.80,14.00
2007.05.01 20:52:08.116,1.631,1.6312,0.80,14.00
2007.05.01 20:52:15.398,1.631,1.6312,8.30,6.40
2007.05.01 20:52:15.475,1.631,1.6312,16.30,6.40
2007.05.01 20:52:19.764,1.631,1.6312,8.80,14.00
2007.05.01 20:52:19.884,1.631,1.6312,0.80,18.00
2007.05.01 20:52:30.857,1.631,1.6312,0.80,22.00
2007.05.01 20:52:31.301,1.631,1.6312,12.30,14.40
2007.05.01 20:52:31.420,1.631,1.6312,12.30,8.80
2007.05.01 20:52:31.442,1.6311,1.63125,0.80,7.60
2007.05.01 20:52:31.795,1.6311,1.6313,0.80,27.40
2007.05.01 20:52:31.799,1.6311,1.6313,0.80,19.40
2007.05.01 20:52:33.360,1.6311,1.6313,0.80,21.80
2007.05.01 20:52:36.875,1.6311,1.6313,0.80,21.80
2007.05.01 20:52:42.580,1.63105,1.63125,4.80,7.60
2007.05.01 20:52:46.413,1.6311,1.6313,0.80,21.80
2007.05.01 20:52:46.711,1.631,1.63125,24.30,7.60
2007.05.01 20:52:46.845,1.6309,1.63125,38.50,7.60
2007.05.01 20:52:46.950,1.63095,1.63125,24.30,7.60
2007.05.01 20:52:46.963,1.631,1.63125,2.20,7.60
2007.05.01 20:52:48.052,1.631,1.6313,12.30,20.40
2007.05.01 20:52:48.196,1.631,1.6313,12.30,26.00
2007.05.01 20:52:48.201,1.63105,1.6313,1.10,25.00
2007.05.01 20:52:48.351,1.631,1.6312,15.50,5.60
2007.05.01 20:52:48.715,1.631,1.6313,15.50,21.80
2007.05.01 20:52:48.810,1.631,1.63125,4.90,7.60
2007.05.01 20:52:50.809,1.6309,1.6312,24.90,5.60
2007.05.01 20:52:50.926,1.63095,1.6312,20.30,6.40
2007.05.01 20:52:53.907,1.63095,1.63125,36.60,18.00
2007.05.01 20:53:18.112,1.631,1.63125,16.30,21.00
2007.05.01 20:53:18.203,1.631,1.63125,16.30,18.00
2007.05.01 20:53:18.477,1.631,1.6312,8.80,0.70
2007.05.01 20:53:18.543,1.631,1.63125,0.80,18.00
2007.05.01 20:53:19.066,1.631,1.6312,0.80,0.70
2007.05.01 20:53:27.394,1.631,1.6312,0.80,14.00
2007.05.01 20:53:29.367,1.631,1.6312,0.80,18.00
2007.05.01 20:53:29.567,1.631,1.6312,0.80,14.00
2007.05.01 20:53:29.877,1.631,1.6312,0.80,15.60
2007.05.01 20:53:30.019,1.631,1.6312,8.30,8.80
2007.05.01 20:53:30.150,1.631,1.6312,16.30,8.80
2007.05.01 20:53:30.222,1.631,1.6312,16.30,12.80
2007.05.01 20:53:30.244,1.631,1.6312,16.30,14.40
2007.05.01 20:53:30.295,1.631,1.6312,16.30,16.80
2007.05.01 20:53:30.318,1.631,1.6312,16.30,20.80
2007.05.01 20:53:32.124,1.631,1.6312,16.30,20.00
2007.05.01 20:53:36.324,1.631,1.6312,3.80,20.00
2007.05.01 20:53:44.207,1.6309,1.6312,28.30,17.60
2007.05.01 20:53:44.334,1.631,1.6312,8.40,12.80
2007.05.01 20:53:44.397,1.63095,1.6312,20.30,8.80
2007.05.01 20:53:44.452,1.63095,1.6312,20.30,9.60
2007.05.01 20:53:44.866,1.63095,1.6312,20.30,17.20
2007.05.01 20:53:44.933,1.63095,1.6312,12.30,21.20
2007.05.01 20:53:58.841,1.63095,1.6312,12.30,28.20
2007.05.01 20:54:02.542,1.63095,1.6312,12.30,27.40
2007.05.01 20:54:02.598,1.63095,1.6312,12.30,26.60
2007.05.01 20:54:02.641,1.631,1.6312,0.80,22.80
2007.05.01 20:54:35.205,1.631,1.6312,0.80,21.20
2007.05.01 20:55:12.007,1.631,1.6312,0.80,20.40
2007.05.01 20:55:14.151,1.631,1.6312,0.80,22.80
2007.05.01 20:55:14.310,1.631,1.6312,0.80,26.80
2007.05.01 20:55:14.319,1.631,1.6312,0.80,33.80
2007.05.01 20:55:14.954,1.631,1.6312,0.80,34.60
2007.05.01 20:55:15.059,1.631,1.6312,0.80,35.40
2007.05.01 20:55:36.760,1.631,1.6312,0.80,31.40
2007.05.01 20:55:36.882,1.631,1.6312,0.80,29.00
2007.05.01 20:55:36.982,1.631,1.6312,0.80,17.80
2007.05.01 20:55:37.178,1.631,1.6312,0.80,21.80
2007.05.01 20:55:38.100,1.631,1.6312,0.80,25.80
2007.05.01 20:55:38.395,1.631,1.6312,0.80,14.80
2007.05.01 20:55:39.042,1.631,1.6312,0.80,22.80
2007.05.01 20:55:40.958,1.631,1.6312,0.80,22.00
2007.05.01 20:55:40.987,1.631,1.6312,0.80,21.20
2007.05.01 20:55:41.135,1.631,1.6312,0.80,20.40
2007.05.01 20:55:41.206,1.631,1.6312,0.80,22.80
2007.05.01 20:55:41.404,1.631,1.6312,0.80,26.80
2007.05.01 20:55:41.410,1.631,1.6312,0.80,30.80
2007.05.01 20:55:45.146,1.631,1.6312,0.80,30.00
2007.05.01 20:55:48.734,1.631,1.6312,0.80,21.00
2007.05.01 20:55:48.776,1.631,1.6312,0.80,18.60
2007.05.01 20:55:48.846,1.631,1.6312,0.80,14.60
2007.05.01 20:55:49.002,1.63095,1.6312,12.30,14.60
2007.05.01 20:55:49.070,1.63095,1.6312,12.30,22.60
2007.05.01 20:55:53.817,1.631,1.6312,0.80,11.60
2007.05.01 20:56:01.638,1.631,1.6312,0.60,11.60
2007.05.01 20:56:01.665,1.63095,1.6312,17.90,8.40
2007.05.01 20:56:01.928,1.631,1.6312,4.30,0.80
2007.05.01 20:56:02.069,1.63095,1.6312,25.90,0.80
2007.05.01 20:56:06.751,1.631,1.6312,0.70,6.40
2007.05.01 20:56:06.760,1.631,1.6312,3.50,18.00
2007.05.01 20:56:06.904,1.63095,1.6312,8.30,25.80
2007.05.01 20:56:06.919,1.63095,1.6312,8.30,26.60
2007.05.01 20:56:06.994,1.63095,1.6312,8.30,27.40
2007.05.01 20:56:22.984,1.631,1.6312,0.80,25.00
2007.05.01 20:56:23.602,1.631,1.6312,0.80,27.40
2007.05.01 20:56:23.692,1.63095,1.6311,7.50,0.80
2007.05.01 20:56:45.069,1.6309,1.6311,21.90,0.80
2007.05.01 20:56:45.375,1.6309,1.6311,17.90,0.80
2007.05.01 20:56:50.188,1.6309,1.6311,10.40,8.40
2007.05.01 20:56:50.212,1.63085,1.6311,21.90,8.40
2007.05.01 20:56:50.325,1.63085,1.6311,17.90,16.40
2007.05.01 20:56:50.411,1.63085,1.6311,21.90,8.40
2007.05.01 20:56:50.433,1.6309,1.6311,2.10,0.80
2007.05.01 20:56:50.729,1.6309,1.631,5.90,0.80
2007.05.01 20:56:50.813,1.63085,1.631,17.10,0.80
2007.05.01 20:56:50.861,1.6309,1.631,1.90,0.80
2007.05.01 20:56:50.920,1.63085,1.631,3.90,0.80
2007.05.01 20:56:54.727,1.63085,1.631,13.10,0.80
2007.05.01 20:56:54.869,1.6309,1.63105,3.00,7.60
2007.05.01 20:56:55.816,1.6309,1.6311,2.70,16.40
2007.05.01 20:56:59.682,1.6309,1.6311,2.80,16.40
2007.05.01 20:56:59.780,1.6309,1.6311,4.70,8.40
2007.05.01 20:56:59.803,1.6309,1.6311,2.30,11.60
2007.05.01 20:56:59.919,1.6308,1.6311,32.90,4.00
2007.05.01 20:57:00.002,1.6308,1.6311,32.90,6.40
2007.05.01 20:57:00.514,1.6309,1.6311,4.50,6.40
2007.05.01 20:57:02.189,1.6308,1.6311,31.30,10.40
2007.05.01 20:57:09.874,1.6308,1.6311,31.30,6.40
2007.05.01 20:57:12.149,1.6308,1.6311,32.10,10.40
2007.05.01 20:57:19.855,1.6309,1.6311,15.50,6.40
2007.05.01 20:57:22.380,1.6309,1.6311,15.50,10.40
2007.05.01 20:57:22.635,1.6309,1.631,15.50,0.80
2007.05.01 20:57:22.727,1.6309,1.631,7.50,0.80
2007.05.01 20:57:22.892,1.63085,1.631,7.50,0.80
2007.05.01 20:57:57.994,1.6308,1.631,19.00,8.40
2007.05.01 20:57:58.077,1.6308,1.631,14.20,8.40
2007.05.01 20:57:59.022,1.6308,1.631,21.70,0.80
2007.05.01 20:57:59.043,1.6308,1.631,25.70,0.80
2007.05.01 20:57:59.660,1.6308,1.631,29.70,0.80
2007.05.01 20:58:00.296,1.6308,1.631,27.30,0.80
2007.05.01 20:58:09.442,1.6308,1.631,24.30,0.80
2007.05.01 20:58:17.309,1.6308,1.631,27.30,0.80
2007.05.01 20:58:37.604,1.6308,1.631,26.50,0.80
2007.05.01 20:58:37.640,1.6308,1.631,25.70,0.80
2007.05.01 20:58:37.710,1.6308,1.631,22.70,0.80
2007.05.01 20:58:37.758,1.6308,1.631,21.90,0.80
2007.05.01 20:59:01.780,1.6308,1.631,14.40,8.40
2007.05.01 20:59:01.891,1.6308,1.631,6.40,8.40
2007.05.01 20:59:02.035,1.6308,1.631,6.40,0.80
2007.05.01 20:59:04.368,1.6308,1.631,14.40,0.80
2007.05.01 20:59:07.437,1.6308,1.631,6.40,0.80
2007.05.01 20:59:10.842,1.6308,1.631,14.40,0.80
2007.05.01 20:59:15.038,1.6308,1.631,6.40,0.80
2007.05.01 20:59:30.165,1.6308,1.631,0.80,0.80
2007.05.01 20:59:30.201,1.6307,1.631,20.40,0.80
2007.05.01 20:59:31.475,1.6306,1.631,34.60,0.80
2007.05.01 20:59:33.340,1.6307,1.631,6.70,0.80
2007.05.01 20:59:33.532,1.6306,1.631,34.20,0.80
2007.05.01 20:59:45.854,1.6307,1.631,5.60,0.80
2007.05.01 20:59:51.194,1.6308,1.631,0.80,4.80
2007.05.01 20:59:51.238,1.6307,1.631,24.00,4.80
2007.05.01 20:59:52.129,1.6307,1.631,20.80,8.80
2007.05.01 20:59:55.134,1.6307,1.631,20.00,8.00
