2007.05.23 22:00:00.184,1.636,1.6363,12.40,0.60
2007.05.23 22:00:01.258,1.636,1.6364,12.40,37.50
2007.05.23 22:00:01.345,1.6361,1.6364,4.00,29.50
2007.05.23 22:00:01.473,1.6361,1.6365,4.00,49.50
2007.05.23 22:00:02.705,1.6361,1.6364,8.00,0.90
2007.05.23 22:00:10.758,1.6361,1.6364,8.00,0.50
2007.05.23 22:00:10.895,1.6361,1.6364,8.00,0.80
2007.05.23 22:00:11.364,1.6361,1.63645,8.00,37.50
2007.05.23 22:00:11.625,1.6361,1.63645,8.00,41.50
2007.05.23 22:00:11.802,1.6361,1.63645,8.00,33.50
2007.05.23 22:00:11.909,1.6361,1.6363,8.00,0.70
2007.05.23 22:00:11.982,1.636,1.6363,17.20,0.80
2007.05.23 22:00:12.443,1.636,1.6364,40.30,13.60
2007.05.23 22:00:13.651,1.636,1.6363,44.30,0.50
2007.05.23 22:00:14.949,1.63615,1.6364,4.40,8.00
2007.05.23 22:00:15.039,1.6362,1.63645,8.00,9.60
2007.05.23 22:00:16.362,1.6362,1.6366,8.00,29.60
2007.05.23 22:00:22.827,1.6362,1.6366,12.00,29.60
2007.05.23 22:00:22.853,1.6362,1.63655,16.40,9.60
2007.05.23 22:00:23.414,1.6362,1.6365,28.30,0.60
2007.05.23 22:00:26.243,1.6363,1.63655,8.00,0.50
2007.05.23 22:00:26.409,1.6363,1.63665,8.00,25.60
2007.05.23 22:00:33.723,1.6364,1.6366,12.00,17.60
2007.05.23 22:00:33.734,1.6364,1.6366,16.00,17.60
2007.05.23 22:00:33.876,1.6364,1.6366,21.60,17.60
2007.05.23 22:00:33.979,1.6365,1.6366,8.00,13.60
2007.05.23 22:00:34.018,1.6365,1.6366,8.00,8.00
2007.05.23 22:00:34.448,1.6365,1.6366,10.40,8.00
2007.05.23 22:00:36.737,1.63645,1.6365,4.40,4.00
2007.05.23 22:00:36.751,1.6365,1.6366,2.40,38.30
2007.05.23 22:00:36.964,1.6365,1.6366,2.40,26.40
2007.05.23 22:00:37.056,1.6362,1.6365,16.40,12.00
2007.05.23 22:00:38.698,1.6362,1.6365,28.30,8.00
2007.05.23 22:00:38.763,1.6362,1.6365,28.30,4.00
2007.05.23 22:00:38.791,1.6363,1.6365,8.00,4.00
2007.05.23 22:00:41.283,1.6363,1.6365,16.00,4.00
2007.05.23 22:00:41.413,1.6363,1.6365,17.60,4.00
2007.05.23 22:00:41.421,1.6363,1.6365,20.00,4.00
2007.05.23 22:00:41.806,1.6363,1.63655,20.00,5.60
2007.05.23 22:00:41.898,1.63635,1.6366,4.40,6.40
2007.05.23 22:00:41.921,1.6364,1.6366,8.00,2.40
2007.05.23 22:00:42.261,1.6364,1.6366,12.00,2.40
2007.05.23 22:00:42.759,1.6364,1.6366,12.00,6.40
2007.05.23 22:00:42.768,1.6364,1.6366,8.00,10.40
2007.05.23 22:00:42.875,1.6364,1.6366,8.00,14.40
2007.05.23 22:00:44.417,1.6364,1.6366,8.00,10.40
2007.05.23 22:00:46.301,1.6364,1.6366,8.00,6.40
2007.05.23 22:00:46.802,1.6363,1.6366,18.00,10.40
2007.05.23 22:00:47.936,1.6364,1.6366,8.00,10.40
2007.05.23 22:00:49.315,1.6364,1.6366,8.00,6.40
2007.05.23 22:00:49.514,1.6364,1.6366,8.00,7.20
2007.05.23 22:00:49.721,1.6364,1.6366,8.00,11.20
2007.05.23 22:00:49.746,1.6364,1.6366,8.00,12.00
2007.05.23 22:00:49.923,1.63635,1.6366,4.40,16.00
2007.05.23 22:00:50.021,1.6363,1.6366,18.00,16.00
2007.05.23 22:00:51.745,1.6363,1.6366,14.00,20.00
2007.05.23 22:00:59.220,1.6363,1.6366,14.00,22.40
2007.05.23 22:00:59.237,1.6363,1.6365,10.00,4.00
2007.05.23 22:00:59.347,1.6363,1.6365,10.00,0.90
2007.05.23 22:00:59.936,1.6363,1.6365,5.60,0.60
2007.05.23 22:01:00.454,1.6363,1.6366,10.00,23.60
2007.05.23 22:01:00.478,1.6363,1.6366,14.00,0.80
2007.05.23 22:01:00.956,1.6363,1.6367,9.60,45.70
2007.05.23 22:01:01.341,1.6363,1.6366,9.60,0.90
2007.05.23 22:01:01.376,1.6363,1.6366,9.60,0.80
2007.05.23 22:01:01.486,1.6363,1.6364,9.60,0.70
2007.05.23 22:01:01.690,1.6363,1.6365,5.60,21.60
2007.05.23 22:01:01.939,1.6363,1.6365,1.60,24.80
2007.05.23 22:01:02.153,1.6363,1.6365,9.60,30.40
2007.05.23 22:01:02.461,1.6364,1.6365,0.80,29.70
2007.05.23 22:01:02.757,1.6363,1.6364,8.80,0.90
2007.05.23 22:01:02.815,1.6363,1.63655,8.80,28.00
2007.05.23 22:01:02.865,1.6363,1.63655,8.80,28.80
2007.05.23 22:01:02.961,1.6363,1.63655,12.80,20.80
2007.05.23 22:01:03.477,1.6363,1.6365,12.80,0.70
2007.05.23 22:01:03.530,1.6363,1.6366,12.80,39.20
2007.05.23 22:01:04.322,1.6363,1.6364,0.80,0.50
2007.05.23 22:01:04.420,1.6362,1.6364,22.00,0.50
2007.05.23 22:01:04.910,1.6362,1.6365,18.00,25.60
2007.05.23 22:01:04.993,1.6362,1.6364,13.60,0.60
2007.05.23 22:01:05.078,1.6362,1.6364,5.60,0.90
2007.05.23 22:01:05.171,1.6362,1.6365,5.60,41.60
2007.05.23 22:01:05.193,1.6362,1.6364,5.60,30.30
2007.05.23 22:01:05.275,1.6362,1.6364,5.60,39.90
2007.05.23 22:01:05.299,1.6362,1.6364,1.60,47.90
2007.05.23 22:01:05.393,1.6361,1.6363,6.40,0.90
2007.05.23 22:01:05.547,1.6361,1.6363,4.00,0.50
2007.05.23 22:01:05.730,1.6361,1.6364,16.00,28.80
2007.05.23 22:01:05.767,1.6361,1.6364,20.40,19.20
2007.05.23 22:01:06.026,1.6362,1.6364,4.00,16.80
2007.05.23 22:01:06.530,1.6362,1.63645,4.00,22.40
2007.05.23 22:01:08.542,1.6362,1.63645,4.80,23.20
2007.05.23 22:01:08.651,1.6362,1.6364,16.80,0.80
2007.05.23 22:01:08.810,1.6362,1.6364,21.20,0.80
2007.05.23 22:01:08.888,1.6362,1.6365,21.20,20.00
2007.05.23 22:01:09.518,1.6362,1.6364,21.20,0.80
2007.05.23 22:01:09.806,1.6362,1.6365,23.60,22.40
2007.05.23 22:01:10.494,1.6362,1.6364,22.80,0.90
2007.05.23 22:01:10.699,1.6362,1.6364,12.40,0.60
2007.05.23 22:01:11.904,1.6362,1.6365,8.00,42.30
2007.05.23 22:01:12.204,1.6362,1.6364,4.00,0.60
2007.05.23 22:01:12.288,1.6362,1.6365,4.00,44.70
2007.05.23 22:01:12.562,1.6361,1.6363,12.40,0.70
2007.05.23 22:01:12.660,1.6361,1.6363,12.40,0.90
2007.05.23 22:01:12.760,1.6361,1.6363,26.00,0.60
2007.05.23 22:01:12.921,1.63615,1.6364,4.40,19.20
2007.05.23 22:01:13.067,1.6362,1.6364,4.00,19.20
2007.05.23 22:01:13.336,1.6362,1.6363,4.00,0.80
2007.05.23 22:01:13.385,1.6362,1.6363,4.00,0.80
2007.05.23 22:01:13.424,1.6362,1.6364,4.00,0.60
2007.05.23 22:01:13.454,1.6361,1.63645,23.60,22.40
2007.05.23 22:01:13.537,1.6361,1.6364,25.20,0.70
2007.05.23 22:01:17.257,1.6361,1.63645,29.20,22.40
2007.05.23 22:01:17.307,1.6361,1.63645,31.60,22.40
2007.05.23 22:01:17.492,1.6361,1.6364,31.60,0.60
2007.05.23 22:01:17.813,1.6361,1.6364,31.60,0.60
2007.05.23 22:01:18.580,1.6361,1.6364,31.60,0.50
2007.05.23 22:01:21.792,1.6361,1.6365,27.20,43.90
2007.05.23 22:01:24.377,1.6362,1.6364,0.80,0.90
2007.05.23 22:01:24.573,1.6362,1.6364,1.60,0.80
2007.05.23 22:01:28.209,1.6362,1.6364,13.60,20.80
2007.05.23 22:01:28.422,1.6362,1.6364,14.40,15.20
2007.05.23 22:01:28.908,1.6362,1.6364,18.40,7.20
2007.05.23 22:01:28.911,1.6362,1.6364,22.80,7.20
2007.05.23 22:01:41.319,1.6362,1.6364,18.80,15.20
2007.05.23 22:01:41.349,1.6362,1.6364,14.40,15.20
2007.05.23 22:01:50.234,1.6362,1.6364,14.40,11.20
2007.05.23 22:01:50.707,1.6362,1.6364,10.40,15.20
2007.05.23 22:01:50.773,1.6362,1.6364,9.60,15.20
2007.05.23 22:01:50.839,1.6362,1.6364,13.60,7.20
2007.05.23 22:01:50.912,1.6362,1.6364,12.80,7.20
2007.05.23 22:01:51.182,1.6362,1.6363,12.80,3.20
2007.05.23 22:01:51.235,1.6362,1.6363,0.80,7.20
2007.05.23 22:01:51.417,1.6362,1.6363,0.80,8.00
2007.05.23 22:01:51.461,1.6361,1.6363,4.00,8.80
2007.05.23 22:01:51.530,1.6361,1.6363,4.00,9.60
2007.05.23 22:01:52.678,1.6361,1.6363,16.00,5.60
2007.05.23 22:01:52.965,1.6361,1.6363,12.00,13.60
2007.05.23 22:01:53.040,1.6361,1.6363,12.00,19.20
2007.05.23 22:01:53.270,1.6361,1.6363,16.00,11.20
2007.05.23 22:01:53.294,1.6361,1.6363,16.00,5.60
2007.05.23 22:01:53.389,1.6361,1.6363,17.60,5.60
2007.05.23 22:01:55.334,1.6361,1.6363,17.60,6.40
2007.05.23 22:01:55.491,1.6361,1.6363,17.60,7.20
2007.05.23 22:02:00.569,1.6361,1.6363,21.60,8.80
2007.05.23 22:02:01.747,1.63605,1.6363,26.00,8.80
2007.05.23 22:02:02.075,1.6361,1.6363,6.90,8.80
2007.05.23 22:02:02.199,1.63605,1.6363,14.00,12.80
2007.05.23 22:02:02.375,1.63605,1.6363,12.40,12.80
2007.05.23 22:02:03.328,1.6361,1.6362,1.90,4.00
2007.05.23 22:02:03.858,1.636,1.6362,14.00,4.00
2007.05.23 22:02:03.972,1.63595,1.6362,14.00,4.00
2007.05.23 22:02:04.176,1.6361,1.6363,6.20,21.60
2007.05.23 22:02:04.224,1.636,1.63625,21.60,5.60
2007.05.23 22:02:04.271,1.6361,1.6362,0.90,4.00
2007.05.23 22:02:04.457,1.636,1.6362,40.70,4.00
2007.05.23 22:02:06.265,1.636,1.6362,40.70,4.80
2007.05.23 22:02:06.384,1.636,1.6362,39.10,7.20
2007.05.23 22:02:06.488,1.636,1.6362,39.10,8.00
2007.05.23 22:02:06.690,1.6361,1.6362,1.30,11.20
2007.05.23 22:02:06.753,1.6359,1.6362,44.40,7.20
2007.05.23 22:02:06.783,1.6359,1.6362,44.40,7.20
2007.05.23 22:02:07.250,1.6359,1.6362,40.40,15.20
2007.05.23 22:02:07.317,1.63595,1.6362,14.00,15.20
2007.05.23 22:02:07.394,1.63595,1.6362,14.00,19.20
2007.05.23 22:02:07.489,1.636,1.6362,4.70,20.00
2007.05.23 22:02:07.542,1.636,1.6362,2.00,21.60
2007.05.23 22:02:08.095,1.6359,1.6362,35.60,21.60
2007.05.23 22:02:10.688,1.636,1.6362,1.10,24.00
2007.05.23 22:02:10.774,1.6359,1.6361,29.20,4.00
2007.05.23 22:02:10.849,1.6359,1.6361,29.20,4.00
2007.05.23 22:02:10.961,1.6359,1.6361,9.30,4.00
2007.05.23 22:02:11.309,1.6358,1.6361,55.50,7.20
2007.05.23 22:02:11.347,1.6359,1.6361,6.80,8.00
2007.05.23 22:02:11.620,1.6359,1.6361,4.20,8.80
2007.05.23 22:02:11.629,1.6358,1.6361,39.60,11.20
2007.05.23 22:02:15.507,1.6358,1.6361,38.80,11.20
2007.05.23 22:02:15.945,1.6358,1.6361,38.80,11.20
2007.05.23 22:02:16.075,1.6358,1.6361,38.80,15.20
2007.05.23 22:02:16.252,1.6358,1.6361,34.80,19.20
2007.05.23 22:02:16.468,1.6358,1.636,32.40,0.80
2007.05.23 22:02:16.668,1.6358,1.636,32.40,0.80
2007.05.23 22:02:16.698,1.6359,1.636,0.80,2.40
2007.05.23 22:02:16.784,1.6358,1.636,18.40,5.60
2007.05.23 22:02:26.096,1.6358,1.636,18.40,5.60
2007.05.23 22:02:26.155,1.6358,1.636,38.30,5.60
2007.05.23 22:02:26.196,1.636,1.6361,0.80,13.60
2007.05.23 22:02:26.332,1.636,1.6361,1.10,13.60
2007.05.23 22:02:26.397,1.6359,1.636,16.80,0.80
2007.05.23 22:02:26.488,1.636,1.6361,0.60,13.60
2007.05.23 22:02:26.845,1.6359,1.6361,16.80,8.00
2007.05.23 22:02:27.345,1.636,1.63615,0.60,5.60
2007.05.23 22:02:27.411,1.6361,1.6362,0.80,25.60
2007.05.23 22:02:27.443,1.636,1.6362,1.60,22.40
2007.05.23 22:02:27.957,1.636,1.6362,1.60,20.00
2007.05.23 22:02:27.980,1.636,1.6362,1.60,14.40
2007.05.23 22:02:31.264,1.6361,1.6362,0.80,17.60
2007.05.23 22:02:31.571,1.6361,1.6362,0.80,18.40
2007.05.23 22:02:32.488,1.6361,1.6362,0.80,19.20
2007.05.23 22:02:33.512,1.6361,1.6362,0.80,15.20
2007.05.23 22:02:33.726,1.6361,1.6362,0.80,19.20
2007.05.23 22:02:35.714,1.6361,1.6362,0.80,15.20
2007.05.23 22:02:39.755,1.6361,1.6362,0.80,19.20
2007.05.23 22:02:41.361,1.636,1.6362,8.80,19.20
2007.05.23 22:02:41.831,1.636,1.6362,8.00,20.00
2007.05.23 22:02:42.197,1.636,1.6361,8.00,4.00
2007.05.23 22:02:42.290,1.636,1.6361,8.00,8.00
2007.05.23 22:02:42.372,1.63595,1.6361,4.40,8.00
2007.05.23 22:02:42.407,1.6359,1.6361,12.40,8.00
2007.05.23 22:02:44.932,1.6359,1.6361,8.00,8.00
2007.05.23 22:02:44.941,1.6359,1.6362,12.00,26.40
2007.05.23 22:02:46.951,1.6359,1.6362,12.80,26.40
2007.05.23 22:02:49.895,1.6359,1.6363,12.80,44.00
2007.05.23 22:02:50.251,1.6359,1.63625,12.80,34.40
2007.05.23 22:02:50.345,1.6359,1.6362,8.80,38.40
2007.05.23 22:02:50.430,1.6359,1.6361,8.80,4.80
2007.05.23 22:02:50.476,1.6359,1.6361,8.80,6.40
2007.05.23 22:02:50.513,1.6359,1.636,8.80,0.50
2007.05.23 22:02:50.765,1.6359,1.636,8.80,0.50
2007.05.23 22:02:50.800,1.6359,1.6361,13.20,10.40
2007.05.23 22:02:50.970,1.6359,1.636,5.20,6.40
2007.05.23 22:02:51.020,1.6359,1.636,0.80,6.40
2007.05.23 22:02:51.644,1.6359,1.636,0.80,5.60
2007.05.23 22:02:51.661,1.6359,1.636,4.80,5.60
2007.05.23 22:02:51.739,1.6359,1.636,4.80,2.40
2007.05.23 22:02:51.776,1.6359,1.636,4.80,1.60
2007.05.23 22:02:51.969,1.6359,1.636,12.80,1.60
2007.05.23 22:02:52.081,1.6359,1.6362,17.20,12.80
2007.05.23 22:02:52.264,1.6359,1.6362,13.20,16.80
2007.05.23 22:02:52.371,1.6359,1.6362,13.20,19.20
2007.05.23 22:02:54.142,1.6359,1.6362,13.20,27.20
2007.05.23 22:02:54.266,1.6359,1.6362,13.20,24.00
2007.05.23 22:02:54.277,1.6359,1.636,9.20,3.20
2007.05.23 22:02:54.434,1.6359,1.636,9.20,4.80
2007.05.23 22:02:54.472,1.6359,1.636,9.20,6.40
2007.05.23 22:02:57.866,1.6359,1.636,8.40,6.40
2007.05.23 22:02:59.993,1.6359,1.636,4.00,6.40
2007.05.23 22:03:00.254,1.6358,1.636,14.00,6.40
2007.05.23 22:03:05.286,1.6358,1.636,9.60,6.40
2007.05.23 22:03:06.774,1.6358,1.636,14.00,6.40
2007.05.23 22:03:07.045,1.6358,1.636,9.60,6.40
2007.05.23 22:03:07.885,1.6358,1.636,13.60,6.40
2007.05.23 22:03:18.716,1.6358,1.636,9.60,14.40
2007.05.23 22:03:21.743,1.6358,1.636,9.60,10.40
2007.05.23 22:03:21.898,1.6358,1.636,9.60,14.40
2007.05.23 22:03:23.162,1.6358,1.636,13.60,10.40
2007.05.23 22:03:23.824,1.6358,1.636,9.60,18.40
2007.05.23 22:03:23.887,1.6358,1.636,9.60,14.40
2007.05.23 22:03:26.274,1.6358,1.636,13.60,6.40
2007.05.23 22:03:26.359,1.6358,1.636,13.60,10.40
2007.05.23 22:03:26.477,1.6358,1.636,13.60,12.00
2007.05.23 22:03:27.026,1.6358,1.636,0.50,12.00
2007.05.23 22:03:27.378,1.63575,1.636,18.00,10.40
2007.05.23 22:03:28.230,1.6358,1.636,0.90,18.40
2007.05.23 22:03:28.386,1.6358,1.636,0.70,14.40
2007.05.23 22:03:30.194,1.6358,1.636,3.90,16.80
2007.05.23 22:03:30.300,1.63575,1.636,13.20,16.80
2007.05.23 22:03:30.408,1.6358,1.636,0.70,20.80
2007.05.23 22:03:30.488,1.6357,1.636,30.00,20.80
2007.05.23 22:03:30.499,1.6357,1.6359,26.80,4.00
2007.05.23 22:03:30.525,1.6357,1.6359,8.80,4.80
2007.05.23 22:03:30.666,1.6357,1.6359,7.40,5.60
2007.05.23 22:03:31.143,1.6356,1.6359,39.60,4.80
2007.05.23 22:03:31.164,1.6356,1.6359,39.60,4.00
2007.05.23 22:03:31.249,1.6357,1.6359,11.70,3.20
2007.05.23 22:03:31.320,1.6358,1.6359,0.80,3.20
2007.05.23 22:03:31.444,1.6357,1.6359,27.60,3.20
2007.05.23 22:03:32.516,1.6357,1.636,30.80,21.60
2007.05.23 22:03:35.461,1.6357,1.636,30.80,20.80
2007.05.23 22:03:35.484,1.6358,1.636,1.00,19.20
2007.05.23 22:03:36.489,1.6357,1.636,34.80,18.40
2007.05.23 22:03:40.221,1.6357,1.636,30.80,14.40
2007.05.23 22:03:40.338,1.6358,1.636,2.20,10.40
2007.05.23 22:03:41.041,1.6358,1.636,1.60,14.40
2007.05.23 22:03:43.225,1.6358,1.636,4.70,6.40
2007.05.23 22:03:44.645,1.63575,1.636,14.80,6.40
2007.05.23 22:03:44.787,1.63575,1.636,14.00,6.40
2007.05.23 22:03:44.853,1.63575,1.636,14.80,6.40
2007.05.23 22:03:45.167,1.63575,1.636,14.00,6.40
2007.05.23 22:03:48.513,1.63575,1.636,14.00,7.20
2007.05.23 22:03:48.532,1.6358,1.636,4.80,8.00
2007.05.23 22:03:48.569,1.63575,1.636,14.00,8.80
2007.05.23 22:03:48.685,1.63575,1.636,10.00,12.80
2007.05.23 22:03:48.813,1.63575,1.636,10.00,16.80
2007.05.23 22:03:49.494,1.63575,1.636,10.00,16.00
2007.05.23 22:03:49.553,1.6358,1.636,1.80,15.20
2007.05.23 22:03:49.732,1.6358,1.636,2.10,11.20
2007.05.23 22:03:49.841,1.6357,1.636,30.80,19.20
2007.05.23 22:03:50.565,1.6357,1.636,30.80,18.40
2007.05.23 22:03:50.684,1.6358,1.636,1.00,14.40
2007.05.23 22:03:50.983,1.6358,1.636,1.40,14.40
2007.05.23 22:03:55.083,1.6359,1.636,8.00,14.40
2007.05.23 22:03:55.166,1.6359,1.636,12.00,13.60
2007.05.23 22:03:55.191,1.636,1.63605,0.80,5.60
2007.05.23 22:03:55.285,1.636,1.63605,0.80,5.60
2007.05.23 22:03:55.307,1.636,1.63605,1.60,5.60
2007.05.23 22:03:55.402,1.636,1.63605,1.60,5.60
2007.05.23 22:03:55.613,1.6359,1.636,12.00,8.00
2007.05.23 22:03:56.345,1.636,1.6361,4.00,3.20
2007.05.23 22:03:56.427,1.636,1.6361,5.60,3.20
2007.05.23 22:03:59.438,1.636,1.6361,4.80,3.20
2007.05.23 22:04:01.067,1.636,1.6361,4.80,4.00
2007.05.23 22:04:01.143,1.636,1.6361,4.80,4.80
2007.05.23 22:04:01.180,1.636,1.6361,4.80,5.60
2007.05.23 22:04:03.534,1.636,1.6361,2.40,5.60
2007.05.23 22:04:04.453,1.636,1.6361,4.00,5.60
2007.05.23 22:04:06.152,1.636,1.6361,4.00,4.00
2007.05.23 22:04:06.276,1.636,1.6361,4.00,3.20
2007.05.23 22:04:06.559,1.636,1.6362,4.00,19.20
2007.05.23 22:04:09.208,1.636,1.6361,4.00,3.20
2007.05.23 22:04:09.292,1.636,1.6361,4.00,4.00
2007.05.23 22:04:09.329,1.636,1.6361,8.00,4.00
2007.05.23 22:04:15.346,1.636,1.6361,12.00,4.00
2007.05.23 22:04:23.489,1.636,1.6361,11.20,4.00
2007.05.23 22:04:23.551,1.636,1.6361,10.40,4.00
2007.05.23 22:04:24.500,1.636,1.6361,8.80,4.00
2007.05.23 22:04:24.785,1.636,1.6361,0.80,4.00
2007.05.23 22:04:35.234,1.6359,1.636,17.20,0.80
2007.05.23 22:04:35.352,1.636,1.6361,0.80,7.20
2007.05.23 22:04:35.451,1.6359,1.636,10.80,1.60
2007.05.23 22:04:36.699,1.6359,1.636,22.80,1.60
2007.05.23 22:04:36.737,1.6359,1.636,23.60,0.80
2007.05.23 22:04:36.788,1.6359,1.636,26.00,0.80
2007.05.23 22:04:36.906,1.6359,1.6361,26.00,3.80
2007.05.23 22:04:37.011,1.6359,1.6361,26.00,3.20
2007.05.23 22:04:37.429,1.636,1.6361,0.80,3.20
2007.05.23 22:04:40.386,1.6359,1.636,25.20,0.80
2007.05.23 22:04:40.427,1.6359,1.636,25.20,0.80
2007.05.23 22:04:40.682,1.6359,1.636,22.80,0.80
2007.05.23 22:04:40.721,1.6359,1.636,10.80,0.80
2007.05.23 22:04:42.068,1.6359,1.636,10.80,1.60
2007.05.23 22:04:44.158,1.6359,1.636,10.80,4.80
2007.05.23 22:04:45.885,1.6359,1.636,6.40,4.80
2007.05.23 22:04:51.806,1.6359,1.636,2.40,4.80
2007.05.23 22:04:55.199,1.6359,1.636,1.60,4.80
2007.05.23 22:04:55.237,1.6359,1.636,0.80,4.80
2007.05.23 22:04:55.297,1.6358,1.636,14.00,4.80
2007.05.23 22:04:55.324,1.6358,1.636,14.80,4.80
2007.05.23 22:04:55.400,1.6358,1.636,15.60,4.80
2007.05.23 22:04:55.555,1.6358,1.636,11.20,4.80
2007.05.23 22:04:59.666,1.6358,1.636,11.20,4.00
2007.05.23 22:04:59.879,1.6358,1.636,11.20,4.80
2007.05.23 22:04:59.937,1.6358,1.636,11.20,12.80
2007.05.23 22:05:00.350,1.6358,1.636,11.20,4.80
2007.05.23 22:05:00.434,1.6358,1.636,11.20,1.60
2007.05.23 22:05:00.908,1.6358,1.636,15.60,1.60
2007.05.23 22:05:03.164,1.6358,1.636,11.20,1.60
2007.05.23 22:05:06.215,1.6358,1.636,15.60,0.80
2007.05.23 22:05:06.313,1.6358,1.636,15.60,4.00
2007.05.23 22:05:06.466,1.6358,1.636,15.60,4.80
2007.05.23 22:05:07.000,1.6358,1.636,11.20,4.80
2007.05.23 22:05:07.014,1.6358,1.636,11.20,12.80
2007.05.23 22:05:08.212,1.6358,1.636,15.20,8.80
2007.05.23 22:05:13.823,1.6358,1.63605,15.20,14.40
2007.05.23 22:05:14.312,1.6358,1.63605,15.20,10.40
2007.05.23 22:05:15.645,1.6358,1.6361,11.20,41.50
2007.05.23 22:05:15.704,1.6358,1.636,11.20,8.80
2007.05.23 22:05:15.874,1.6358,1.636,11.20,18.40
2007.05.23 22:05:15.965,1.6358,1.6359,3.20,0.90
2007.05.23 22:05:17.127,1.6358,1.636,3.20,18.40
2007.05.23 22:05:17.172,1.6358,1.636,3.20,0.90
2007.05.23 22:05:17.387,1.6358,1.6361,3.20,53.50
2007.05.23 22:05:17.439,1.6358,1.636,3.20,0.50
2007.05.23 22:05:21.147,1.6358,1.636,7.20,0.50
2007.05.23 22:05:23.221,1.6358,1.6361,11.20,53.50
2007.05.23 22:05:23.227,1.6358,1.6359,11.20,0.80
2007.05.23 22:05:23.426,1.6358,1.636,10.40,12.80
2007.05.23 22:05:23.987,1.6358,1.636,9.60,12.80
2007.05.23 22:05:24.018,1.6358,1.636,8.80,12.80
2007.05.23 22:05:24.042,1.6358,1.6359,8.00,0.80
2007.05.23 22:05:29.430,1.6357,1.636,17.20,12.80
2007.05.23 22:05:38.305,1.6357,1.636,12.80,18.40
2007.05.23 22:05:39.232,1.6357,1.63605,29.10,9.60
2007.05.23 22:05:39.315,1.6357,1.63605,35.50,9.60
2007.05.23 22:05:42.100,1.6357,1.636,35.50,12.00
2007.05.23 22:05:42.218,1.6357,1.6358,19.60,0.80
2007.05.23 22:05:42.264,1.63575,1.6358,4.40,1.60
2007.05.23 22:05:42.270,1.63575,1.6358,4.40,4.80
2007.05.23 22:05:42.305,1.6358,1.6359,8.00,4.00
2007.05.23 22:05:48.895,1.6358,1.6359,8.00,0.70
2007.05.23 22:05:51.168,1.6358,1.6359,8.00,8.70
2007.05.23 22:05:51.228,1.6358,1.63595,8.00,7.20
2007.05.23 22:05:51.315,1.6357,1.6359,20.70,0.90
2007.05.23 22:05:51.335,1.6357,1.63595,23.10,11.20
2007.05.23 22:05:51.407,1.6357,1.63595,27.10,9.60
2007.05.23 22:05:54.218,1.6357,1.63595,23.10,9.60
2007.05.23 22:05:54.303,1.6357,1.63595,19.10,9.60
2007.05.23 22:05:54.399,1.6357,1.6359,18.30,0.80
2007.05.23 22:05:57.348,1.6357,1.63595,15.90,9.60
2007.05.23 22:05:57.392,1.6357,1.63595,16.70,9.60
2007.05.23 22:05:59.307,1.63575,1.6359,4.40,0.50
2007.05.23 22:05:59.374,1.6358,1.636,8.00,0.70
2007.05.23 22:05:59.779,1.63575,1.63605,4.40,9.60
2007.05.23 22:05:59.788,1.6357,1.636,8.80,0.50
2007.05.23 22:06:00.402,1.6357,1.636,8.00,0.90
2007.05.23 22:06:12.501,1.6357,1.6358,8.00,3.20
2007.05.23 22:06:12.780,1.6357,1.6358,8.00,6.40
2007.05.23 22:06:12.829,1.6356,1.6357,14.40,0.90
2007.05.23 22:06:12.912,1.6356,1.6358,6.40,20.00
2007.05.23 22:06:13.487,1.6356,1.6357,4.00,0.60
2007.05.23 22:06:18.474,1.6355,1.6357,19.60,4.00
2007.05.23 22:06:20.631,1.6355,1.6357,19.60,3.20
2007.05.23 22:06:20.685,1.6356,1.6357,4.00,3.20
2007.05.23 22:06:20.720,1.6356,1.6358,4.00,27.10
2007.05.23 22:06:20.788,1.6356,1.6358,4.00,15.20
2007.05.23 22:06:21.439,1.6356,1.6358,4.00,13.60
2007.05.23 22:06:21.755,1.6355,1.6358,17.60,17.60
2007.05.23 22:06:21.943,1.63555,1.6358,4.40,12.00
2007.05.23 22:06:22.085,1.6356,1.6358,4.00,4.00
2007.05.23 22:06:22.166,1.6356,1.6359,8.00,33.50
2007.05.23 22:06:22.177,1.6356,1.6358,8.00,5.60
2007.05.23 22:06:22.431,1.6356,1.6358,4.00,13.60
2007.05.23 22:06:22.669,1.6355,1.6358,22.00,17.60
2007.05.23 22:06:22.773,1.6356,1.6358,4.00,9.60
2007.05.23 22:06:22.973,1.6356,1.6358,4.00,4.00
2007.05.23 22:06:23.400,1.6356,1.6358,4.80,4.00
2007.05.23 22:06:23.696,1.6356,1.6359,8.80,20.80
2007.05.23 22:06:23.705,1.6356,1.6358,8.80,5.60
2007.05.23 22:06:23.794,1.6356,1.6358,4.80,13.60
2007.05.23 22:06:23.891,1.6356,1.6358,5.60,13.60
2007.05.23 22:06:23.956,1.6356,1.6358,6.40,8.00
2007.05.23 22:06:23.993,1.6356,1.6359,10.40,20.80
2007.05.23 22:06:24.208,1.6356,1.63585,10.40,5.60
2007.05.23 22:06:24.239,1.6356,1.6358,6.40,4.00
2007.05.23 22:06:24.380,1.6356,1.6358,6.40,12.00
2007.05.23 22:06:25.331,1.6356,1.6358,5.60,12.00
2007.05.23 22:06:25.465,1.63555,1.6356,4.40,0.80
2007.05.23 22:06:25.483,1.63555,1.6356,4.40,1.60
2007.05.23 22:06:25.785,1.6355,1.6356,15.60,1.60
2007.05.23 22:06:25.811,1.6355,1.6356,10.00,4.80
2007.05.23 22:06:25.871,1.6355,1.6356,6.00,4.80
2007.05.23 22:06:26.004,1.6355,1.6356,1.60,4.80
2007.05.23 22:06:31.220,1.6355,1.6356,1.60,1.60
2007.05.23 22:06:31.234,1.6355,1.6356,5.60,1.60
2007.05.23 22:06:31.317,1.6355,1.6356,5.60,0.80
2007.05.23 22:06:32.272,1.6355,1.6356,9.60,0.80
2007.05.23 22:06:32.375,1.6355,1.6358,14.00,17.60
2007.05.23 22:06:33.133,1.6355,1.6358,14.00,0.70
2007.05.23 22:06:33.396,1.6355,1.6359,15.60,36.70
2007.05.23 22:06:40.731,1.6355,1.6358,11.20,0.80
2007.05.23 22:06:42.436,1.6355,1.6358,12.00,0.50
2007.05.23 22:06:42.460,1.6355,1.6358,12.80,0.60
2007.05.23 22:06:42.496,1.6355,1.6359,13.60,32.70
2007.05.23 22:06:45.468,1.6355,1.6359,17.60,32.70
2007.05.23 22:06:46.229,1.6355,1.6358,17.60,20.00
2007.05.23 22:06:46.315,1.6355,1.6358,22.00,15.20
2007.05.23 22:07:11.215,1.6355,1.6357,17.60,4.00
2007.05.23 22:07:12.442,1.6355,1.6357,16.80,4.00
2007.05.23 22:07:14.001,1.6355,1.6357,16.80,8.00
2007.05.23 22:07:14.215,1.6355,1.6357,20.80,8.00
2007.05.23 22:07:14.322,1.6355,1.6357,20.80,4.00
2007.05.23 22:07:14.427,1.6355,1.6357,22.40,4.00
2007.05.23 22:07:19.493,1.6355,1.6357,8.40,4.00
2007.05.23 22:07:20.367,1.6354,1.6357,50.00,4.00
2007.05.23 22:07:23.697,1.6356,1.6357,1.50,4.00
2007.05.23 22:07:23.917,1.63555,1.6357,8.40,3.20
2007.05.23 22:07:23.919,1.63555,1.6357,16.40,3.20
2007.05.23 22:07:24.138,1.63555,1.6357,24.40,3.20
2007.05.23 22:07:24.150,1.63555,1.6357,25.20,3.20
2007.05.23 22:07:24.160,1.6356,1.6357,10.20,3.20
2007.05.23 22:07:24.233,1.6357,1.6358,1.70,2.40
2007.05.23 22:07:24.244,1.6356,1.6358,42.30,2.40
2007.05.23 22:07:24.350,1.6356,1.6358,44.70,1.60
2007.05.23 22:07:24.407,1.6356,1.6358,45.50,1.60
2007.05.23 22:07:24.433,1.6356,1.6359,46.30,9.60
2007.05.23 22:07:24.661,1.6356,1.6359,42.30,9.60
2007.05.23 22:07:24.741,1.6356,1.6359,34.30,5.60
2007.05.23 22:07:24.925,1.6357,1.636,3.80,21.60
2007.05.23 22:07:25.175,1.6357,1.636,5.40,21.60
2007.05.23 22:07:25.420,1.63565,1.636,17.20,21.60
2007.05.23 22:07:25.461,1.63565,1.636,18.00,21.60
2007.05.23 22:07:25.945,1.63565,1.636,17.20,21.60
2007.05.23 22:07:26.189,1.63565,1.636,17.20,20.00
2007.05.23 22:07:26.238,1.6357,1.636,1.30,19.20
2007.05.23 22:07:26.431,1.6356,1.636,45.90,19.20
2007.05.23 22:07:26.702,1.6357,1.636,16.30,15.20
2007.05.23 22:07:26.731,1.6357,1.636,8.60,6.40
2007.05.23 22:07:26.918,1.6358,1.636,2.50,2.40
2007.05.23 22:07:26.980,1.63575,1.636,12.40,1.60
2007.05.23 22:07:26.995,1.6358,1.636,0.70,0.80
2007.05.23 22:07:27.994,1.6357,1.636,35.50,0.80
2007.05.23 22:07:28.957,1.6357,1.6361,36.30,6.40
2007.05.23 22:07:31.175,1.6357,1.6358,38.60,0.80
2007.05.23 22:07:31.332,1.6357,1.6358,28.40,1.60
2007.05.23 22:07:31.351,1.6359,1.636,0.60,23.90
2007.05.23 22:07:31.951,1.6357,1.6358,18.00,1.60
2007.05.23 22:07:32.069,1.63565,1.6358,18.00,1.60
2007.05.23 22:07:32.716,1.63565,1.6358,14.00,1.60
2007.05.23 22:07:32.810,1.6357,1.6358,3.70,1.60
2007.05.23 22:07:32.843,1.6356,1.6358,41.20,0.80
2007.05.23 22:07:32.932,1.6356,1.6359,41.20,8.00
2007.05.23 22:07:33.077,1.63565,1.6359,18.00,8.00
2007.05.23 22:07:33.436,1.63565,1.6359,20.40,8.00
2007.05.23 22:07:33.582,1.63565,1.6359,21.20,8.00
2007.05.23 22:07:34.858,1.63565,1.6359,21.20,4.00
2007.05.23 22:07:34.990,1.6357,1.6359,16.80,4.00
2007.05.23 22:07:35.177,1.6358,1.6359,3.30,4.00
2007.05.23 22:07:35.389,1.63575,1.6359,17.20,0.80
2007.05.23 22:07:35.405,1.6357,1.6359,32.80,0.80
2007.05.23 22:07:35.470,1.6358,1.6359,0.50,4.00
2007.05.23 22:07:35.678,1.6358,1.6359,1.30,4.00
2007.05.23 22:07:35.715,1.6358,1.6359,0.80,4.00
2007.05.23 22:07:35.813,1.6357,1.63595,36.70,5.60
2007.05.23 22:07:35.895,1.6357,1.6361,41.10,7.20
2007.05.23 22:07:35.921,1.6357,1.636,41.10,4.00
2007.05.23 22:07:36.003,1.6358,1.6361,1.10,7.20
2007.05.23 22:07:36.387,1.6358,1.6361,0.90,4.00
2007.05.23 22:07:37.643,1.6358,1.6361,5.60,8.00
2007.05.23 22:07:37.748,1.6357,1.6361,37.10,12.00
2007.05.23 22:07:37.852,1.6358,1.6361,12.40,12.00
2007.05.23 22:07:38.159,1.63585,1.636,12.40,8.00
2007.05.23 22:07:38.303,1.6358,1.636,12.40,8.00
2007.05.23 22:07:38.432,1.63575,1.636,12.40,8.00
2007.05.23 22:07:38.534,1.63575,1.636,12.40,11.20
2007.05.23 22:07:54.346,1.63575,1.636,4.40,7.20
2007.05.23 22:07:54.427,1.6357,1.636,20.40,7.20
2007.05.23 22:07:54.510,1.6357,1.636,20.40,4.00
2007.05.23 22:07:55.162,1.6357,1.636,24.40,4.00
2007.05.23 22:07:55.216,1.6357,1.636,26.80,4.00
2007.05.23 22:07:55.259,1.6358,1.636,4.00,4.00
2007.05.23 22:07:55.385,1.6358,1.63605,12.00,5.60
2007.05.23 22:07:55.463,1.6358,1.6361,12.00,32.70
2007.05.23 22:07:55.469,1.6358,1.6361,12.00,20.80
2007.05.23 22:07:57.735,1.6358,1.6361,3.80,20.80
2007.05.23 22:07:59.280,1.6358,1.6361,5.70,16.80
2007.05.23 22:08:00.200,1.6359,1.6361,0.60,16.80
2007.05.23 22:08:00.307,1.6359,1.6361,3.90,12.80
2007.05.23 22:08:00.317,1.6359,1.6361,4.10,7.20
2007.05.23 22:08:00.871,1.6359,1.6361,0.60,4.00
2007.05.23 22:08:00.882,1.63585,1.6362,16.40,24.80
2007.05.23 22:08:00.929,1.63585,1.6362,16.40,22.40
2007.05.23 22:08:01.195,1.6359,1.6362,4.30,18.40
2007.05.23 22:08:02.441,1.6359,1.6362,7.50,18.40
2007.05.23 22:08:02.474,1.63585,1.6362,22.00,18.40
2007.05.23 22:08:02.589,1.63585,1.6362,22.80,18.40
2007.05.23 22:08:02.766,1.636,1.6362,2.10,14.40
2007.05.23 22:08:02.855,1.6359,1.6362,29.20,8.80
2007.05.23 22:08:03.461,1.63595,1.6362,16.40,4.80
2007.05.23 22:08:03.915,1.63595,1.6362,16.40,8.80
2007.05.23 22:08:04.435,1.636,1.6362,5.90,8.80
2007.05.23 22:08:04.494,1.636,1.6362,1.70,8.80
2007.05.23 22:08:04.621,1.63595,1.6362,20.40,8.80
2007.05.23 22:08:04.788,1.636,1.6362,1.10,8.80
2007.05.23 22:08:04.863,1.63595,1.6362,22.00,8.80
2007.05.23 22:08:05.466,1.63595,1.6362,21.20,8.80
2007.05.23 22:08:05.503,1.63595,1.6362,20.40,8.80
2007.05.23 22:08:05.561,1.63595,1.6362,23.60,8.80
2007.05.23 22:08:06.481,1.636,1.6362,3.70,8.80
2007.05.23 22:08:06.630,1.63595,1.6362,24.40,8.00
2007.05.23 22:08:06.724,1.636,1.6362,5.40,4.00
2007.05.23 22:08:07.412,1.63605,1.6362,1.10,4.00
2007.05.23 22:08:08.372,1.63605,1.6363,12.40,4.00
2007.05.23 22:08:08.477,1.636,1.6363,14.90,8.00
2007.05.23 22:08:10.141,1.63595,1.6363,31.60,8.00
2007.05.23 22:08:10.244,1.636,1.6363,4.60,8.00
2007.05.23 22:08:10.271,1.63595,1.6363,26.80,8.00
2007.05.23 22:08:10.353,1.636,1.6363,22.80,8.00
2007.05.23 22:08:10.789,1.6361,1.6363,2.00,13.60
2007.05.23 22:08:10.798,1.63595,1.6363,33.20,13.60
2007.05.23 22:08:11.446,1.636,1.6363,4.60,13.60
2007.05.23 22:08:13.241,1.6361,1.6363,1.90,9.60
2007.05.23 22:08:14.182,1.63595,1.6363,30.80,13.60
2007.05.23 22:08:14.286,1.63595,1.6363,26.80,17.60
2007.05.23 22:08:14.333,1.63605,1.6363,2.00,12.00
2007.05.23 22:08:14.359,1.63605,1.6363,12.40,12.00
2007.05.23 22:08:14.532,1.63605,1.6363,12.40,15.20
2007.05.23 22:08:15.816,1.636,1.6363,21.20,11.20
2007.05.23 22:08:15.903,1.63595,1.6363,21.20,16.80
2007.05.23 22:08:16.385,1.636,1.6363,6.20,13.60
2007.05.23 22:08:17.164,1.63595,1.6363,21.20,21.60
2007.05.23 22:08:17.215,1.63595,1.6362,21.20,4.00
2007.05.23 22:08:17.359,1.6359,1.6362,38.80,4.80
2007.05.23 22:08:22.749,1.636,1.6362,6.70,8.80
2007.05.23 22:08:32.647,1.636,1.6362,3.40,4.80
2007.05.23 22:08:32.767,1.636,1.6362,12.60,4.80
2007.05.23 22:08:32.879,1.63595,1.6362,25.20,4.80
2007.05.23 22:08:32.896,1.636,1.6362,2.50,8.80
2007.05.23 22:08:32.911,1.63595,1.63625,25.20,14.40
2007.05.23 22:08:34.381,1.63595,1.63625,26.00,14.40
2007.05.23 22:08:34.439,1.63595,1.63625,26.80,14.40
2007.05.23 22:08:34.645,1.63595,1.63625,27.60,14.40
2007.05.23 22:08:35.436,1.63595,1.63625,28.40,14.40
2007.05.23 22:08:47.945,1.636,1.63625,24.00,10.40
2007.05.23 22:08:48.906,1.636,1.6362,28.40,0.90
2007.05.23 22:08:50.526,1.636,1.6363,24.40,43.90
2007.05.23 22:09:03.902,1.636,1.6362,20.00,4.80
2007.05.23 22:09:05.131,1.636,1.6362,24.40,4.80
2007.05.23 22:09:22.262,1.636,1.6362,26.80,4.80
2007.05.23 22:09:22.320,1.6361,1.6362,4.00,4.80
2007.05.23 22:09:22.416,1.6361,1.6362,5.60,4.80
2007.05.23 22:09:22.427,1.6361,1.6362,6.40,4.00
2007.05.23 22:09:22.443,1.6361,1.6363,7.20,21.60
2007.05.23 22:09:22.730,1.6361,1.6363,7.20,13.60
2007.05.23 22:09:22.751,1.6361,1.6363,8.00,13.60
2007.05.23 22:09:22.942,1.6361,1.6363,12.00,13.60
2007.05.23 22:09:24.062,1.6361,1.6363,16.00,9.60
2007.05.23 22:09:24.400,1.6361,1.6363,17.60,9.60
2007.05.23 22:09:25.109,1.6361,1.6363,16.80,9.60
2007.05.23 22:09:25.191,1.6361,1.6363,16.00,9.60
2007.05.23 22:09:25.230,1.6361,1.6363,11.20,16.80
2007.05.23 22:09:25.355,1.6361,1.6363,11.20,12.80
2007.05.23 22:09:25.424,1.6361,1.6363,10.40,12.80
2007.05.23 22:09:25.443,1.6361,1.6362,10.40,0.80
2007.05.23 22:09:25.489,1.6361,1.6362,10.40,1.60
2007.05.23 22:09:25.861,1.6361,1.6362,2.40,1.60
2007.05.23 22:09:26.500,1.6361,1.6362,2.40,4.80
2007.05.23 22:09:35.258,1.6361,1.6362,2.40,4.00
2007.05.23 22:09:35.361,1.6361,1.6362,2.40,3.20
2007.05.23 22:09:35.710,1.6361,1.6362,6.40,3.20
2007.05.23 22:09:35.778,1.6361,1.6363,6.40,9.60
2007.05.23 22:09:35.865,1.6361,1.6363,6.40,4.00
2007.05.23 22:09:36.429,1.6361,1.6363,8.80,4.00
2007.05.23 22:09:37.412,1.6361,1.6363,3.60,4.00
2007.05.23 22:09:43.981,1.6361,1.63635,16.80,5.60
2007.05.23 22:09:43.999,1.63615,1.6364,12.40,4.00
2007.05.23 22:09:45.524,1.6362,1.6364,0.70,8.00
2007.05.23 22:09:51.004,1.63615,1.6364,2.00,8.00
2007.05.23 22:09:51.111,1.636,1.6364,53.20,8.00
2007.05.23 22:09:52.922,1.63605,1.63635,17.20,5.60
2007.05.23 22:09:52.952,1.6361,1.6363,2.10,12.00
2007.05.23 22:09:55.675,1.63605,1.6363,13.20,8.00
2007.05.23 22:09:55.746,1.63605,1.6364,17.20,18.40
2007.05.23 22:09:55.870,1.63605,1.6364,17.20,17.60
2007.05.23 22:09:55.982,1.636,1.6364,50.10,17.60
2007.05.23 22:09:56.322,1.636,1.6364,49.60,13.60
2007.05.23 22:09:56.974,1.63605,1.6364,17.20,13.60
2007.05.23 22:10:02.267,1.63605,1.6364,21.20,17.60
2007.05.23 22:10:02.454,1.6361,1.6364,2.70,21.60
2007.05.23 22:10:02.469,1.6361,1.6364,2.70,22.40
2007.05.23 22:10:02.572,1.6361,1.6364,5.40,23.20
2007.05.23 22:10:02.575,1.6361,1.6364,5.20,24.00
2007.05.23 22:10:02.998,1.6361,1.6363,6.00,8.00
2007.05.23 22:10:04.005,1.6361,1.6363,4.20,4.00
2007.05.23 22:10:07.745,1.6361,1.6363,12.80,8.00
2007.05.23 22:10:08.106,1.6361,1.6363,12.80,4.00
2007.05.23 22:10:08.390,1.6361,1.6363,12.00,4.00
2007.05.23 22:10:13.227,1.6361,1.6364,16.00,21.60
2007.05.23 22:10:16.486,1.63605,1.6364,20.40,21.60
2007.05.23 22:10:17.730,1.63605,1.6363,16.40,4.00
2007.05.23 22:10:23.195,1.6361,1.6364,1.40,21.60
2007.05.23 22:10:23.769,1.6361,1.6364,4.40,25.60
2007.05.23 22:10:27.719,1.6361,1.6363,3.90,4.00
2007.05.23 22:10:33.212,1.6361,1.6364,6.80,25.60
2007.05.23 22:10:37.645,1.6361,1.6363,1.40,4.00
2007.05.23 22:10:41.709,1.6361,1.6363,1.60,4.80
2007.05.23 22:10:42.217,1.63605,1.6363,16.40,8.80
2007.05.23 22:10:52.232,1.6361,1.6363,16.00,4.80
2007.05.23 22:10:52.410,1.6361,1.6363,16.00,0.80
2007.05.23 22:10:52.422,1.6361,1.6364,16.00,26.40
2007.05.23 22:10:52.430,1.6361,1.6364,16.00,25.60
2007.05.23 22:10:57.693,1.6361,1.6363,12.00,4.00
2007.05.23 22:11:02.495,1.6361,1.6364,16.00,25.60
2007.05.23 22:11:03.442,1.6361,1.6364,15.20,25.60
2007.05.23 22:11:05.443,1.6361,1.6364,16.00,25.60
2007.05.23 22:11:07.711,1.6361,1.6363,12.00,4.00
2007.05.23 22:11:12.233,1.6361,1.6364,16.00,25.60
2007.05.23 22:11:13.564,1.6361,1.6365,16.00,45.60
2007.05.23 22:11:17.710,1.6361,1.6363,12.00,0.80
2007.05.23 22:11:22.128,1.6361,1.63645,16.00,29.60
2007.05.23 22:11:26.309,1.6361,1.6364,16.00,29.60
2007.05.23 22:11:26.711,1.6361,1.63635,12.00,13.60
2007.05.23 22:11:26.914,1.6361,1.63635,4.00,13.60
2007.05.23 22:11:29.416,1.6361,1.63635,3.20,13.60
2007.05.23 22:11:32.136,1.6361,1.63635,7.20,9.60
2007.05.23 22:11:36.687,1.6361,1.63635,3.20,13.60
2007.05.23 22:11:42.173,1.6361,1.6363,7.20,4.00
2007.05.23 22:11:45.269,1.6361,1.6363,7.20,8.00
2007.05.23 22:11:46.695,1.6361,1.6363,3.20,12.00
2007.05.23 22:11:52.178,1.6361,1.6363,7.20,8.00
2007.05.23 22:11:56.760,1.6361,1.6363,3.20,12.00
2007.05.23 22:12:02.190,1.6361,1.6363,7.20,8.00
2007.05.23 22:12:05.381,1.6361,1.6363,6.40,8.00
2007.05.23 22:12:06.759,1.6361,1.6363,2.40,12.00
2007.05.23 22:12:07.475,1.6361,1.6363,3.20,12.00
2007.05.23 22:12:11.690,1.6361,1.6363,7.20,8.00
2007.05.23 22:12:13.722,1.6361,1.6363,1.10,8.00
2007.05.23 22:12:14.182,1.636,1.6363,39.50,12.00
2007.05.23 22:12:14.290,1.636,1.6363,39.50,16.00
2007.05.23 22:12:14.430,1.636,1.6363,39.50,16.80
2007.05.23 22:12:14.483,1.636,1.6363,27.60,19.20
2007.05.23 22:12:14.576,1.636,1.6363,27.60,25.60
2007.05.23 22:12:15.421,1.636,1.6363,26.80,25.60
2007.05.23 22:12:17.181,1.6361,1.6363,1.00,26.40
2007.05.23 22:12:21.268,1.6361,1.6363,0.80,25.60
2007.05.23 22:12:22.441,1.6361,1.6363,1.10,27.20
2007.05.23 22:12:22.719,1.636,1.6362,26.80,0.80
2007.05.23 22:12:22.759,1.636,1.6362,23.60,4.80
2007.05.23 22:12:22.776,1.636,1.6362,23.60,5.60
2007.05.23 22:12:29.642,1.636,1.6362,23.60,4.80
2007.05.23 22:12:29.686,1.6361,1.6363,0.90,25.60
2007.05.23 22:12:29.879,1.636,1.6363,29.20,31.20
2007.05.23 22:12:31.152,1.636,1.6363,29.20,32.00
2007.05.23 22:12:49.607,1.6361,1.6363,2.40,31.20
2007.05.23 22:13:00.406,1.6361,1.6363,2.40,25.60
2007.05.23 22:13:02.923,1.6361,1.63635,2.40,31.20
2007.05.23 22:13:02.938,1.6361,1.6363,2.40,31.20
2007.05.23 22:13:08.297,1.6361,1.6363,2.40,25.60
2007.05.23 22:14:11.750,1.6361,1.6363,2.40,24.80
2007.05.23 22:14:13.782,1.6361,1.6363,2.40,25.60
2007.05.23 22:14:45.451,1.6361,1.6363,2.40,24.00
2007.05.23 22:14:45.498,1.6361,1.6363,2.40,22.40
2007.05.23 22:14:49.842,1.6361,1.6363,1.60,28.00
2007.05.23 22:14:50.405,1.636,1.6363,14.40,24.00
2007.05.23 22:14:54.661,1.636,1.6362,10.40,4.00
2007.05.23 22:14:59.658,1.636,1.6363,14.40,24.00
2007.05.23 22:15:04.709,1.636,1.6362,10.40,4.00
2007.05.23 22:15:09.723,1.636,1.6363,14.40,24.00
2007.05.23 22:15:11.801,1.636,1.6363,13.60,24.00
2007.05.23 22:15:11.938,1.636,1.6363,12.80,24.00
2007.05.23 22:15:12.210,1.636,1.6362,8.80,4.00
2007.05.23 22:15:12.420,1.636,1.6362,8.00,4.00
2007.05.23 22:15:14.245,1.636,1.6363,12.00,35.10
2007.05.23 22:15:14.667,1.636,1.6362,8.00,4.00
2007.05.23 22:15:15.390,1.63595,1.6362,12.40,4.00
2007.05.23 22:15:24.171,1.636,1.6363,3.90,35.10
2007.05.23 22:15:24.706,1.63595,1.6362,12.40,4.00
2007.05.23 22:15:34.210,1.63595,1.6363,16.40,35.10
2007.05.23 22:15:34.713,1.636,1.6362,0.90,4.00
2007.05.23 22:15:35.206,1.63595,1.6362,12.40,8.00
2007.05.23 22:15:35.229,1.63595,1.6362,0.70,12.00
2007.05.23 22:15:35.304,1.6358,1.6362,41.20,12.80
2007.05.23 22:15:35.841,1.6359,1.6362,8.80,16.80
2007.05.23 22:15:42.655,1.6358,1.6362,41.20,19.20
2007.05.23 22:15:42.663,1.6358,1.6361,49.10,4.00
2007.05.23 22:15:42.766,1.6358,1.636,39.50,3.20
2007.05.23 22:15:42.927,1.6358,1.636,39.50,3.20
2007.05.23 22:15:43.008,1.6358,1.636,35.60,3.20
2007.05.23 22:15:43.167,1.6359,1.636,1.80,3.20
2007.05.23 22:15:43.412,1.6359,1.636,2.80,3.20
2007.05.23 22:15:46.216,1.6359,1.636,7.20,3.20
2007.05.23 22:15:46.411,1.6359,1.636,8.00,3.20
2007.05.23 22:15:47.248,1.6359,1.636,12.00,3.20
2007.05.23 22:15:47.339,1.6359,1.636,8.00,3.20
2007.05.23 22:15:47.350,1.6359,1.6361,8.00,8.80
2007.05.23 22:15:47.469,1.636,1.6361,1.60,8.00
2007.05.23 22:15:47.501,1.636,1.6361,2.40,8.00
2007.05.23 22:15:47.648,1.636,1.6361,3.20,8.00
2007.05.23 22:15:47.752,1.636,1.6361,7.20,8.00
2007.05.23 22:15:47.763,1.636,1.6361,8.00,8.00
2007.05.23 22:15:47.837,1.636,1.6362,8.00,9.60
2007.05.23 22:15:47.955,1.636,1.6362,12.00,1.60
2007.05.23 22:15:48.199,1.636,1.6362,15.20,1.60
2007.05.23 22:15:48.266,1.636,1.6362,19.20,1.60
2007.05.23 22:15:48.503,1.636,1.6362,20.00,1.60
2007.05.23 22:15:51.028,1.636,1.6362,24.00,1.60
2007.05.23 22:15:52.805,1.636,1.6362,16.00,5.60
2007.05.23 22:15:56.329,1.636,1.6362,20.00,5.60
2007.05.23 22:15:58.257,1.636,1.6362,16.00,9.60
2007.05.23 22:15:58.827,1.636,1.6362,16.00,5.60
2007.05.23 22:16:00.216,1.636,1.6362,15.20,5.60
2007.05.23 22:16:00.231,1.636,1.6362,14.40,5.60
2007.05.23 22:16:00.246,1.636,1.6362,13.60,5.60
2007.05.23 22:16:00.721,1.636,1.6362,9.60,5.60
2007.05.23 22:16:00.731,1.636,1.6362,8.80,5.60
2007.05.23 22:16:00.744,1.636,1.6362,8.80,9.60
2007.05.23 22:16:00.840,1.636,1.6362,8.80,12.00
2007.05.23 22:16:00.850,1.636,1.6362,8.80,16.00
2007.05.23 22:16:01.452,1.636,1.6362,8.00,16.00
2007.05.23 22:16:04.800,1.636,1.6362,8.00,12.00
2007.05.23 22:16:04.814,1.636,1.6362,8.00,9.60
2007.05.23 22:16:08.414,1.636,1.6362,12.00,9.60
2007.05.23 22:16:08.673,1.636,1.6362,12.80,9.60
2007.05.23 22:16:08.768,1.636,1.6362,16.00,9.60
2007.05.23 22:16:08.820,1.636,1.6362,8.00,9.60
2007.05.23 22:16:08.863,1.636,1.6362,8.80,9.60
2007.05.23 22:16:08.928,1.636,1.6362,16.80,5.60
2007.05.23 22:16:10.216,1.636,1.6362,13.60,8.80
2007.05.23 22:16:15.864,1.63595,1.6362,18.00,8.80
2007.05.23 22:16:41.864,1.63595,1.6362,22.00,4.80
2007.05.23 22:16:41.923,1.636,1.6362,4.20,8.80
2007.05.23 22:16:49.129,1.636,1.6362,17.60,4.80
2007.05.23 22:16:58.275,1.636,1.6362,13.60,8.80
2007.05.23 22:17:10.180,1.636,1.6362,17.60,8.80
2007.05.23 22:18:52.676,1.636,1.6362,16.80,8.80
2007.05.23 22:18:52.696,1.636,1.6362,16.00,8.80
2007.05.23 22:18:52.709,1.636,1.6361,12.00,4.00
2007.05.23 22:18:52.769,1.636,1.6361,12.00,7.20
2007.05.23 22:18:53.132,1.636,1.6361,4.00,11.20
2007.05.23 22:18:53.290,1.6359,1.636,14.40,3.20
2007.05.23 22:18:53.431,1.6359,1.636,14.40,3.20
2007.05.23 22:19:27.299,1.6359,1.636,10.40,3.20
2007.05.23 22:19:29.519,1.63585,1.636,14.80,3.20
2007.05.23 22:19:56.426,1.63585,1.636,14.00,3.20
2007.05.23 22:19:56.445,1.6359,1.636,3.80,3.20
2007.05.23 22:19:56.454,1.63585,1.636,12.40,3.20
2007.05.23 22:19:59.833,1.6358,1.636,22.80,3.20
2007.05.23 22:20:00.000,1.6358,1.636,22.80,4.00
2007.05.23 22:20:00.137,1.6358,1.636,22.80,4.80
2007.05.23 22:20:00.453,1.6358,1.636,22.00,4.80
2007.05.23 22:20:00.643,1.6358,1.636,21.20,4.80
2007.05.23 22:20:00.755,1.6358,1.636,20.40,4.80
2007.05.23 22:20:01.778,1.6358,1.636,16.00,4.00
2007.05.23 22:20:01.902,1.6358,1.636,16.00,3.20
2007.05.23 22:20:02.184,1.6358,1.636,16.80,3.20
2007.05.23 22:20:02.273,1.6358,1.636,17.60,3.20
2007.05.23 22:20:02.433,1.6358,1.636,18.40,3.20
2007.05.23 22:20:05.421,1.6358,1.636,20.00,3.20
2007.05.23 22:20:07.743,1.6358,1.6361,20.00,21.60
2007.05.23 22:20:11.439,1.6358,1.636,20.00,0.50
2007.05.23 22:20:11.489,1.6358,1.6361,20.00,22.40
2007.05.23 22:20:11.690,1.6358,1.6361,24.40,16.80
2007.05.23 22:20:12.426,1.6358,1.6361,22.00,16.80
2007.05.23 22:20:12.674,1.6358,1.6361,21.20,24.80
2007.05.23 22:20:12.938,1.6358,1.636,20.40,0.90
2007.05.23 22:20:14.435,1.6358,1.6361,21.20,24.80
2007.05.23 22:20:14.716,1.6358,1.6361,22.00,16.80
2007.05.23 22:20:14.784,1.6358,1.6361,22.80,16.80
2007.05.23 22:20:15.228,1.6358,1.636,18.80,0.80
2007.05.23 22:20:18.846,1.6358,1.6361,14.40,26.40
2007.05.23 22:20:18.899,1.6358,1.6361,14.40,25.60
2007.05.23 22:20:19.522,1.6358,1.6361,15.20,25.60
2007.05.23 22:20:20.835,1.6358,1.636,19.60,0.50
2007.05.23 22:20:20.906,1.6358,1.636,19.60,0.70
2007.05.23 22:20:21.459,1.6358,1.6361,18.80,20.80
2007.05.23 22:20:25.460,1.6358,1.6361,18.00,19.20
2007.05.23 22:20:25.639,1.6358,1.6361,17.20,19.20
2007.05.23 22:20:25.836,1.6358,1.6361,16.40,33.60
2007.05.23 22:20:27.383,1.6358,1.6361,18.00,19.20
2007.05.23 22:20:27.421,1.6358,1.636,18.80,0.70
2007.05.23 22:21:09.162,1.6358,1.636,18.00,4.80
2007.05.23 22:21:09.335,1.6358,1.636,17.20,4.80
2007.05.23 22:21:09.423,1.6358,1.636,16.40,4.80
2007.05.23 22:21:10.683,1.6358,1.636,17.20,4.80
2007.05.23 22:21:10.858,1.6358,1.636,18.00,4.80
2007.05.23 22:21:11.473,1.6358,1.636,18.80,4.80
2007.05.23 22:21:13.080,1.6358,1.636,18.80,0.70
2007.05.23 22:21:15.435,1.6358,1.6361,19.60,21.60
2007.05.23 22:21:20.280,1.6358,1.6361,22.80,19.20
2007.05.23 22:21:20.492,1.6358,1.6361,22.80,19.20
2007.05.23 22:21:54.817,1.6358,1.636,18.40,1.60
2007.05.23 22:21:55.690,1.6358,1.636,22.40,1.60
2007.05.23 22:22:39.772,1.6358,1.636,26.80,1.60
2007.05.23 22:22:39.783,1.6358,1.636,22.80,1.60
2007.05.23 22:22:40.156,1.6358,1.636,18.80,5.60
2007.05.23 22:22:40.661,1.6358,1.636,14.80,5.60
2007.05.23 22:22:42.364,1.6358,1.636,14.00,5.60
2007.05.23 22:22:46.167,1.6358,1.636,13.20,5.60
2007.05.23 22:22:46.348,1.6358,1.636,12.40,5.60
2007.05.23 22:22:46.393,1.6358,1.636,11.60,5.60
2007.05.23 22:22:46.690,1.6358,1.636,8.40,5.60
2007.05.23 22:22:46.796,1.6358,1.636,8.40,13.60
2007.05.23 22:22:46.855,1.6358,1.636,4.00,13.60
2007.05.23 22:22:48.678,1.6358,1.636,8.00,9.60
2007.05.23 22:22:48.898,1.6358,1.636,4.00,9.60
2007.05.23 22:22:49.448,1.6358,1.636,7.20,9.60
2007.05.23 22:22:52.200,1.6358,1.636,8.00,9.60
2007.05.23 22:22:52.210,1.6358,1.636,8.80,9.60
2007.05.23 22:22:52.386,1.6358,1.636,9.60,9.60
2007.05.23 22:22:54.379,1.6357,1.636,30.80,9.60
2007.05.23 22:22:57.199,1.6358,1.636,3.60,9.60
2007.05.23 22:22:57.269,1.6357,1.636,30.00,9.60
2007.05.23 22:22:57.419,1.6357,1.636,25.20,9.60
2007.05.23 22:22:59.131,1.6357,1.636,26.00,9.60
2007.05.23 22:22:59.384,1.6358,1.636,4.50,9.60
2007.05.23 22:22:59.408,1.6357,1.636,30.80,9.60
2007.05.23 22:23:11.675,1.6358,1.636,1.00,12.80
2007.05.23 22:23:11.723,1.6358,1.636,1.20,24.80
2007.05.23 22:23:11.758,1.63575,1.636,5.20,24.80
2007.05.23 22:23:11.781,1.6358,1.636,0.80,27.20
2007.05.23 22:23:11.885,1.6358,1.636,0.50,31.20
2007.05.23 22:23:12.156,1.63575,1.6359,5.20,8.00
2007.05.23 22:23:12.455,1.6357,1.6359,6.90,11.20
2007.05.23 22:23:18.372,1.6356,1.6359,53.90,9.60
2007.05.23 22:23:18.480,1.6357,1.6359,3.70,9.60
2007.05.23 22:23:18.597,1.6356,1.6359,50.70,9.60
2007.05.23 22:23:20.783,1.6357,1.6359,14.40,9.60
2007.05.23 22:23:21.181,1.6357,1.6359,20.80,1.60
2007.05.23 22:23:21.263,1.6358,1.6359,1.40,1.60
2007.05.23 22:23:21.382,1.6358,1.636,1.30,15.20
2007.05.23 22:23:25.669,1.6358,1.636,3.20,27.20
2007.05.23 22:23:25.741,1.63575,1.636,4.40,27.20
2007.05.23 22:23:25.776,1.6358,1.636,4.00,31.20
2007.05.23 22:23:26.205,1.63575,1.6359,4.40,4.00
2007.05.23 22:23:26.248,1.6357,1.6359,14.40,4.00
2007.05.23 22:23:26.394,1.6357,1.6359,13.60,5.60
2007.05.23 22:23:26.500,1.6357,1.6358,13.60,1.60
2007.05.23 22:23:41.388,1.6357,1.6358,12.00,1.60
2007.05.23 22:23:41.629,1.63565,1.6358,16.40,1.60
2007.05.23 22:23:42.742,1.63565,1.6358,20.40,1.60
2007.05.23 22:23:42.784,1.6356,1.6358,39.60,0.80
2007.05.23 22:23:42.808,1.6356,1.6359,39.60,1.60
2007.05.23 22:23:42.841,1.6357,1.6359,3.80,9.60
2007.05.23 22:23:43.036,1.6356,1.6359,35.60,10.40
2007.05.23 22:23:43.112,1.6357,1.6359,1.20,2.40
2007.05.23 22:23:43.436,1.63565,1.6359,22.80,2.40
2007.05.23 22:23:43.499,1.63565,1.6359,24.40,2.40
2007.05.23 22:23:44.378,1.63565,1.6359,24.40,0.80
2007.05.23 22:23:44.696,1.6358,1.6359,1.50,0.80
2007.05.23 22:23:44.722,1.6358,1.6359,0.80,0.80
2007.05.23 22:23:44.791,1.6358,1.636,1.60,15.20
2007.05.23 22:23:44.899,1.6357,1.636,26.40,11.20
2007.05.23 22:23:45.219,1.6357,1.636,26.40,11.20
2007.05.23 22:23:45.279,1.63575,1.636,19.60,5.60
2007.05.23 22:23:53.914,1.63575,1.636,19.60,1.60
2007.05.23 22:23:59.276,1.6358,1.636,1.70,1.60
2007.05.23 22:23:59.965,1.6357,1.636,34.00,1.60
2007.05.23 22:24:00.666,1.6357,1.6361,49.60,41.50
2007.05.23 22:24:21.672,1.6358,1.6361,16.40,9.60
2007.05.23 22:24:21.862,1.6358,1.6362,12.80,42.30
2007.05.23 22:24:22.068,1.6358,1.6361,13.60,0.80
2007.05.23 22:24:22.123,1.63585,1.6362,4.40,42.30
2007.05.23 22:24:22.176,1.6359,1.6362,4.00,42.30
2007.05.23 22:24:22.483,1.6359,1.6362,4.00,0.70
2007.05.23 22:24:24.397,1.6359,1.6362,4.00,0.50
2007.05.23 22:24:26.971,1.6359,1.6362,8.40,0.70
2007.05.23 22:24:27.124,1.636,1.6362,4.00,0.50
2007.05.23 22:24:28.163,1.63595,1.6362,4.40,0.80
2007.05.23 22:24:28.232,1.6359,1.63625,8.40,37.50
2007.05.23 22:24:31.782,1.636,1.6362,4.00,31.90
2007.05.23 22:24:33.088,1.636,1.6362,8.00,27.90
2007.05.23 22:25:01.404,1.63595,1.6362,4.40,27.90
2007.05.23 22:25:01.506,1.6357,1.6362,36.70,27.90
2007.05.23 22:25:02.562,1.6359,1.6362,8.40,31.90
2007.05.23 22:25:04.838,1.6359,1.6362,2.20,31.90
2007.05.23 22:25:12.185,1.6359,1.6362,0.90,37.50
2007.05.23 22:25:12.196,1.63585,1.6362,8.40,35.10
2007.05.23 22:25:12.259,1.6359,1.6362,2.00,31.10
2007.05.23 22:25:25.893,1.6359,1.6362,2.00,25.50
2007.05.23 22:25:39.812,1.6359,1.6362,12.40,25.50
2007.05.23 22:25:40.174,1.6359,1.6362,8.00,31.10
2007.05.23 22:25:40.233,1.636,1.6362,4.00,27.10
2007.05.23 22:25:40.522,1.636,1.6362,4.00,15.20
2007.05.23 22:25:45.447,1.636,1.6362,4.00,11.20
2007.05.23 22:25:47.172,1.6359,1.6362,15.20,15.20
2007.05.23 22:25:50.259,1.636,1.6362,4.00,11.20
2007.05.23 22:25:53.679,1.6359,1.6362,15.20,15.20
2007.05.23 22:26:00.271,1.636,1.6362,4.00,11.20
2007.05.23 22:26:03.687,1.6359,1.6362,15.20,15.20
2007.05.23 22:26:04.323,1.6359,1.6362,15.20,0.50
2007.05.23 22:26:10.209,1.636,1.6363,4.00,60.70
2007.05.23 22:26:13.728,1.6359,1.6362,15.20,0.50
2007.05.23 22:26:20.274,1.6359,1.6362,11.20,0.50
2007.05.23 22:26:20.841,1.636,1.6363,8.00,63.10
2007.05.23 22:26:21.000,1.636,1.6362,8.00,0.90
2007.05.23 22:26:21.150,1.63595,1.63625,4.40,15.20
2007.05.23 22:26:21.260,1.6359,1.6363,11.20,47.20
2007.05.23 22:26:21.345,1.6359,1.6363,8.00,46.40
2007.05.23 22:26:30.286,1.6359,1.6362,8.00,19.20
2007.05.23 22:26:50.242,1.6359,1.6361,8.00,9.60
2007.05.23 22:26:50.409,1.6358,1.6361,30.30,13.60
2007.05.23 22:26:50.457,1.6358,1.6361,31.10,13.60
2007.05.23 22:26:50.512,1.6358,1.6361,31.90,13.60
2007.05.23 22:26:50.741,1.6358,1.6361,31.90,9.60
2007.05.23 22:26:52.275,1.6358,1.6361,15.60,4.00
2007.05.23 22:26:53.291,1.63585,1.6361,4.40,4.00
2007.05.23 22:26:53.521,1.6359,1.6362,8.00,27.10
2007.05.23 22:26:54.243,1.63585,1.6361,4.40,4.00
2007.05.23 22:26:54.357,1.6358,1.6361,14.80,4.00
2007.05.23 22:26:54.719,1.6358,1.6361,14.00,4.00
2007.05.23 22:26:54.793,1.6358,1.6361,13.20,4.00
2007.05.23 22:26:54.844,1.6358,1.6361,12.40,4.00
2007.05.23 22:26:56.068,1.63585,1.6361,4.40,4.00
2007.05.23 22:26:56.163,1.6359,1.6361,8.00,4.00
2007.05.23 22:26:57.110,1.6359,1.6362,8.00,31.10
2007.05.23 22:27:02.271,1.636,1.6362,4.00,23.10
2007.05.23 22:27:02.805,1.6359,1.6362,19.60,15.20
2007.05.23 22:27:03.152,1.6359,1.6362,6.70,15.20
2007.05.23 22:27:03.724,1.63595,1.6362,1.40,9.60
2007.05.23 22:27:03.867,1.636,1.6362,1.40,9.60
2007.05.23 22:27:06.200,1.6358,1.6362,42.70,9.60
2007.05.23 22:27:30.374,1.6358,1.6362,38.70,13.60
2007.05.23 22:28:16.103,1.6359,1.6362,8.40,19.20
2007.05.23 22:28:16.678,1.6359,1.6362,8.40,15.20
2007.05.23 22:28:16.859,1.6359,1.6362,8.40,9.60
2007.05.23 22:28:17.121,1.63595,1.6362,4.40,9.60
2007.05.23 22:28:17.232,1.636,1.6362,4.00,1.60
2007.05.23 22:28:21.253,1.636,1.6362,4.00,13.60
2007.05.23 22:28:45.411,1.636,1.6362,8.00,9.60
2007.05.23 22:29:37.226,1.6359,1.6362,12.40,9.60
2007.05.23 22:29:37.330,1.636,1.6362,4.00,5.60
2007.05.23 22:29:37.718,1.6359,1.6362,19.60,9.60
2007.05.23 22:29:38.563,1.6359,1.6362,15.60,13.60
2007.05.23 22:29:42.172,1.636,1.6362,4.00,9.60
2007.05.23 22:29:43.205,1.636,1.6362,4.00,17.60
2007.05.23 22:29:50.270,1.636,1.6362,8.00,13.60
2007.05.23 22:29:50.378,1.636,1.6362,4.00,9.60
2007.05.23 22:29:57.681,1.6359,1.6362,15.60,13.60
2007.05.23 22:29:59.792,1.6359,1.6362,15.60,17.60
2007.05.23 22:30:00.219,1.63595,1.6362,4.40,17.60
2007.05.23 22:30:00.278,1.636,1.6362,4.00,17.60
2007.05.23 22:30:09.529,1.636,1.6362,4.00,23.20
2007.05.23 22:30:11.722,1.636,1.6362,4.00,19.20
2007.05.23 22:30:11.860,1.63595,1.6362,4.40,19.20
2007.05.23 22:30:11.894,1.6359,1.6362,8.40,19.20
2007.05.23 22:30:12.149,1.6359,1.6362,4.00,24.80
2007.05.23 22:30:12.379,1.6359,1.6362,4.00,36.70
2007.05.23 22:30:30.372,1.6359,1.6362,8.00,32.70
2007.05.23 22:31:03.925,1.6359,1.6361,8.00,0.80
2007.05.23 22:31:04.131,1.6359,1.6361,8.00,4.80
2007.05.23 22:31:04.170,1.6359,1.6361,8.00,10.40
2007.05.23 22:31:09.830,1.6359,1.6361,8.00,6.40
2007.05.23 22:31:14.674,1.6359,1.6361,8.00,10.40
2007.05.23 22:31:18.271,1.63585,1.6361,12.40,10.40
2007.05.23 22:31:19.723,1.63585,1.6361,12.40,6.40
2007.05.23 22:31:24.703,1.63585,1.6361,12.40,10.40
2007.05.23 22:31:29.656,1.63585,1.6361,12.40,6.40
2007.05.23 22:31:34.707,1.63585,1.6361,12.40,10.40
2007.05.23 22:31:39.656,1.6359,1.6361,3.30,6.40
2007.05.23 22:31:44.712,1.6359,1.6361,3.80,10.40
2007.05.23 22:31:49.698,1.6359,1.6361,8.00,6.40
2007.05.23 22:31:54.648,1.6359,1.6361,8.00,10.40
2007.05.23 22:31:59.679,1.6359,1.6361,8.00,6.40
2007.05.23 22:32:04.660,1.6359,1.6361,8.00,10.40
2007.05.23 22:32:09.686,1.6359,1.6361,8.00,6.40
2007.05.23 22:32:14.662,1.6359,1.6361,8.00,10.40
2007.05.23 22:32:16.651,1.6359,1.6361,8.00,6.40
2007.05.23 22:32:16.749,1.6359,1.6361,8.00,4.80
2007.05.23 22:32:16.817,1.6359,1.6361,8.00,4.00
2007.05.23 22:32:18.540,1.6359,1.63615,8.00,9.60
2007.05.23 22:33:49.700,1.6359,1.636,8.00,0.80
2007.05.23 22:33:49.740,1.6359,1.636,8.00,1.60
2007.05.23 22:33:50.294,1.6359,1.636,8.00,7.20
2007.05.23 22:34:08.219,1.63585,1.636,4.40,7.20
2007.05.23 22:34:08.289,1.6358,1.636,18.40,7.20
2007.05.23 22:34:08.747,1.6358,1.636,14.40,7.20
2007.05.23 22:34:14.894,1.6358,1.636,10.40,11.20
2007.05.23 22:34:18.935,1.6358,1.6361,10.40,46.30
2007.05.23 22:34:36.230,1.6358,1.63605,18.40,16.80
2007.05.23 22:34:39.715,1.6358,1.636,10.40,0.80
2007.05.23 22:34:40.134,1.6358,1.63605,10.40,16.80
2007.05.23 22:34:43.216,1.6358,1.63605,9.60,16.80
2007.05.23 22:34:43.238,1.6358,1.63605,9.60,32.70
2007.05.23 22:34:43.321,1.6358,1.636,8.80,0.60
2007.05.23 22:34:43.415,1.6358,1.636,8.00,0.80
2007.05.23 22:34:45.196,1.6358,1.63605,8.00,20.80
2007.05.23 22:34:45.712,1.6358,1.63605,12.00,16.80
2007.05.23 22:34:45.829,1.6358,1.636,16.00,0.50
2007.05.23 22:34:45.954,1.6358,1.63605,8.00,16.80
2007.05.23 22:34:46.335,1.6358,1.63605,8.00,28.00
2007.05.23 22:34:46.426,1.6358,1.636,8.80,0.80
2007.05.23 22:34:46.702,1.6358,1.636,9.60,0.50
2007.05.23 22:34:46.724,1.6358,1.63605,13.60,20.80
2007.05.23 22:34:46.879,1.6358,1.636,14.40,0.60
2007.05.23 22:34:55.423,1.6358,1.636,15.20,0.90
2007.05.23 22:34:59.775,1.6358,1.63605,7.20,24.80
2007.05.23 22:34:59.856,1.6358,1.6361,7.20,48.00
2007.05.23 22:35:04.313,1.6358,1.63605,11.20,20.80
2007.05.23 22:35:04.896,1.6358,1.636,15.20,0.90
2007.05.23 22:35:14.849,1.6358,1.636,19.20,7.20
2007.05.23 22:35:45.401,1.6358,1.636,18.40,7.20
2007.05.23 22:35:47.381,1.6358,1.636,19.20,7.20
2007.05.23 22:36:03.874,1.6358,1.636,23.60,7.20
2007.05.23 22:36:05.588,1.6358,1.636,19.60,7.20
2007.05.23 22:36:18.546,1.6358,1.636,18.80,7.20
2007.05.23 22:36:18.791,1.6358,1.636,21.20,7.20
2007.05.23 22:36:18.842,1.6358,1.636,21.20,6.40
2007.05.23 22:36:18.896,1.6358,1.636,21.20,5.60
2007.05.23 22:36:19.092,1.6358,1.636,16.80,5.60
2007.05.23 22:36:19.470,1.6358,1.636,17.60,5.60
2007.05.23 22:36:19.768,1.6358,1.636,15.20,5.60
2007.05.23 22:36:19.871,1.6358,1.636,19.60,6.40
2007.05.23 22:36:19.949,1.6358,1.636,19.60,7.20
2007.05.23 22:36:20.146,1.6358,1.636,15.20,7.20
2007.05.23 22:36:20.406,1.6358,1.636,14.40,7.20
2007.05.23 22:36:21.147,1.6358,1.636,18.80,7.20
2007.05.23 22:36:23.213,1.6358,1.6361,18.80,43.90
2007.05.23 22:36:53.317,1.6358,1.636,14.80,7.20
2007.05.23 22:36:53.424,1.6358,1.636,10.40,7.20
2007.05.23 22:36:54.832,1.6358,1.636,14.40,7.20
2007.05.23 22:37:10.356,1.6358,1.636,14.40,11.20
2007.05.23 22:37:10.872,1.6358,1.636,14.40,7.20
2007.05.23 22:37:13.719,1.6358,1.636,18.80,7.20
2007.05.23 22:37:15.227,1.6358,1.636,14.40,7.20
2007.05.23 22:37:44.219,1.6358,1.636,14.40,6.40
2007.05.23 22:37:44.238,1.6358,1.636,18.40,6.40
2007.05.23 22:37:44.273,1.6358,1.636,20.80,6.40
2007.05.23 22:37:44.391,1.6358,1.636,20.80,5.60
2007.05.23 22:37:44.456,1.6358,1.636,19.20,5.60
2007.05.23 22:37:44.518,1.6358,1.636,20.00,5.60
2007.05.23 22:37:44.875,1.6358,1.636,24.00,5.60
2007.05.23 22:37:49.771,1.6358,1.636,28.40,5.60
2007.05.23 22:37:50.457,1.6359,1.636,1.60,5.60
2007.05.23 22:37:50.468,1.6359,1.636,3.20,5.60
2007.05.23 22:37:50.531,1.6359,1.636,4.00,5.60
2007.05.23 22:37:51.426,1.6359,1.636,3.20,5.60
2007.05.23 22:37:51.493,1.6359,1.636,2.40,5.60
2007.05.23 22:37:54.189,1.6359,1.636,6.40,5.60
2007.05.23 22:37:54.248,1.6359,1.636,5.60,5.60
2007.05.23 22:37:54.328,1.6359,1.636,4.80,5.60
2007.05.23 22:37:54.351,1.6359,1.636,4.00,6.40
2007.05.23 22:37:54.470,1.6359,1.636,4.00,7.20
2007.05.23 22:37:55.107,1.6358,1.636,10.40,7.20
2007.05.23 22:38:14.298,1.6358,1.636,14.40,7.20
2007.05.23 22:38:15.396,1.6358,1.636,15.20,7.20
2007.05.23 22:38:15.421,1.6358,1.636,16.00,7.20
2007.05.23 22:38:15.481,1.6358,1.636,16.80,7.20
2007.05.23 22:38:15.990,1.6358,1.636,20.80,7.20
2007.05.23 22:39:32.236,1.6358,1.636,20.00,7.20
2007.05.23 22:39:32.257,1.6358,1.636,19.20,7.20
2007.05.23 22:39:32.305,1.6358,1.636,15.20,7.20
2007.05.23 22:39:32.385,1.6358,1.636,18.80,7.20
2007.05.23 22:39:33.395,1.6358,1.636,14.40,7.20
2007.05.23 22:39:35.738,1.6358,1.636,18.40,7.20
2007.05.23 22:39:39.735,1.6358,1.636,18.40,9.60
2007.05.23 22:39:39.755,1.6358,1.636,17.60,9.60
2007.05.23 22:39:39.796,1.6358,1.636,13.60,9.60
2007.05.23 22:39:39.915,1.6358,1.636,12.80,9.60
2007.05.23 22:39:39.955,1.6358,1.636,8.80,17.60
2007.05.23 22:39:40.207,1.6358,1.636,8.80,13.60
2007.05.23 22:39:40.265,1.6358,1.636,9.60,10.40
2007.05.23 22:39:40.526,1.6358,1.636,10.40,15.20
2007.05.23 22:39:40.597,1.6358,1.636,2.40,19.20
2007.05.23 22:39:40.715,1.6358,1.636,6.40,19.20
2007.05.23 22:39:40.789,1.6358,1.636,6.40,13.60
2007.05.23 22:39:40.825,1.6358,1.636,18.40,9.60
2007.05.23 22:39:41.228,1.6358,1.636,18.40,5.60
2007.05.23 22:39:41.731,1.6358,1.636,14.40,5.60
2007.05.23 22:39:43.071,1.6358,1.636,14.40,13.60
2007.05.23 22:39:43.263,1.6358,1.6359,13.60,5.60
2007.05.23 22:39:43.307,1.6358,1.6359,9.60,5.60
2007.05.23 22:39:43.355,1.6358,1.6359,10.40,5.60
2007.05.23 22:39:43.418,1.6358,1.6359,9.60,6.40
2007.05.23 22:39:58.435,1.6358,1.6359,9.60,5.60
2007.05.23 22:39:58.740,1.6358,1.636,9.60,29.50
2007.05.23 22:39:58.792,1.6358,1.636,5.60,9.60
2007.05.23 22:39:58.811,1.6358,1.636,5.60,15.20
2007.05.23 22:39:59.048,1.6358,1.636,5.60,9.60
2007.05.23 22:39:59.076,1.6358,1.636,13.60,9.60
2007.05.23 22:40:15.726,1.6358,1.636,17.60,9.60
2007.05.23 22:40:15.899,1.6358,1.636,17.60,5.60
2007.05.23 22:40:16.306,1.6358,1.636,20.00,5.60
2007.05.23 22:40:16.330,1.6359,1.636,0.80,5.60
2007.05.23 22:40:16.400,1.6359,1.636,1.60,5.60
2007.05.23 22:40:16.452,1.6359,1.636,2.40,5.60
2007.05.23 22:40:16.566,1.6359,1.636,3.20,5.60
2007.05.23 22:40:28.905,1.6359,1.636,11.20,5.60
2007.05.23 22:40:30.076,1.6359,1.636,19.20,5.60
2007.05.23 22:40:30.171,1.6359,1.636,23.20,5.60
2007.05.23 22:40:30.202,1.636,1.6361,0.80,4.80
2007.05.23 22:40:30.311,1.636,1.6361,1.60,11.20
2007.05.23 22:40:30.494,1.636,1.6361,2.40,9.60
2007.05.23 22:40:30.717,1.636,1.6361,1.60,9.60
2007.05.23 22:40:30.789,1.636,1.6361,0.80,5.60
2007.05.23 22:40:31.404,1.6359,1.6361,19.60,5.60
2007.05.23 22:40:32.220,1.6359,1.6361,15.60,9.60
2007.05.23 22:40:32.244,1.6359,1.636,15.60,5.60
2007.05.23 22:40:32.339,1.6359,1.636,11.20,5.60
2007.05.23 22:40:33.189,1.6359,1.636,3.20,5.60
2007.05.23 22:40:34.209,1.6359,1.6361,7.20,10.40
2007.05.23 22:40:34.411,1.6359,1.6361,7.20,9.60
2007.05.23 22:40:36.209,1.6359,1.6361,15.20,5.60
2007.05.23 22:40:43.207,1.6359,1.6361,11.20,9.60
2007.05.23 22:40:43.375,1.6359,1.636,11.20,5.60
2007.05.23 22:40:45.293,1.6359,1.636,15.20,5.60
2007.05.23 22:40:45.788,1.6359,1.636,7.20,5.60
2007.05.23 22:40:45.905,1.6359,1.6361,7.20,9.60
2007.05.23 22:40:47.234,1.636,1.6361,0.80,9.60
2007.05.23 22:40:47.307,1.636,1.6361,1.60,9.60
2007.05.23 22:40:47.425,1.636,1.6361,5.60,9.60
2007.05.23 22:40:47.836,1.636,1.6361,5.60,5.60
2007.05.23 22:40:53.144,1.636,1.6361,4.80,5.60
2007.05.23 22:40:53.198,1.636,1.6361,4.00,5.60
2007.05.23 22:40:53.392,1.636,1.6361,4.00,6.40
2007.05.23 22:40:53.419,1.6359,1.6361,22.00,6.40
2007.05.23 22:40:53.848,1.6359,1.6361,26.00,6.40
2007.05.23 22:40:53.916,1.6359,1.6361,21.60,6.40
2007.05.23 22:40:58.704,1.636,1.6361,0.80,6.40
2007.05.23 22:40:58.724,1.636,1.6361,1.60,5.60
2007.05.23 22:40:59.448,1.636,1.6361,3.20,5.60
2007.05.23 22:41:04.699,1.636,1.6362,3.20,22.40
2007.05.23 22:41:04.709,1.636,1.6362,7.20,18.40
2007.05.23 22:41:04.838,1.6361,1.6362,0.80,12.00
2007.05.23 22:41:05.428,1.6361,1.6362,0.80,9.60
2007.05.23 22:41:06.372,1.636,1.6362,15.20,10.40
2007.05.23 22:41:06.435,1.636,1.6362,15.20,12.00
2007.05.23 22:41:06.646,1.636,1.6362,11.20,16.00
2007.05.23 22:41:06.741,1.636,1.6361,11.20,5.60
2007.05.23 22:41:07.192,1.636,1.6361,3.20,5.60
2007.05.23 22:41:09.658,1.636,1.6361,6.40,5.60
2007.05.23 22:41:09.713,1.636,1.6362,6.40,14.40
2007.05.23 22:41:09.898,1.6361,1.6362,0.80,20.00
2007.05.23 22:41:10.409,1.6361,1.6362,0.80,19.20
2007.05.23 22:41:16.495,1.6361,1.6362,0.80,0.70
2007.05.23 22:41:19.441,1.6361,1.6362,0.80,9.60
2007.05.23 22:41:19.792,1.6361,1.6362,0.80,5.60
2007.05.23 22:41:20.396,1.6361,1.6362,2.40,5.60
2007.05.23 22:41:46.221,1.6361,1.6362,1.60,5.60
2007.05.23 22:41:46.457,1.636,1.6362,33.60,5.60
2007.05.23 22:41:46.477,1.6361,1.6362,0.80,5.60
2007.05.23 22:41:51.967,1.6361,1.6362,0.80,4.80
2007.05.23 22:41:58.137,1.6361,1.6362,0.80,8.80
2007.05.23 22:41:58.169,1.636,1.6362,7.20,8.80
2007.05.23 22:41:58.372,1.636,1.6362,7.20,9.60
2007.05.23 22:41:58.420,1.636,1.6362,8.00,10.40
2007.05.23 22:41:58.442,1.636,1.6362,8.00,11.20
2007.05.23 22:41:58.794,1.636,1.6361,8.00,4.80
2007.05.23 22:41:59.983,1.636,1.6361,8.00,5.60
2007.05.23 22:42:04.438,1.636,1.6361,9.60,5.60
2007.05.23 22:42:05.051,1.636,1.6361,5.60,5.60
2007.05.23 22:42:09.392,1.636,1.6361,4.00,5.60
2007.05.23 22:42:18.648,1.636,1.6361,3.20,5.60
2007.05.23 22:42:18.708,1.636,1.6361,3.20,9.60
2007.05.23 22:42:18.765,1.636,1.6361,2.40,9.60
2007.05.23 22:42:19.331,1.636,1.6361,2.40,21.50
2007.05.23 22:42:19.428,1.6359,1.6361,4.00,21.50
2007.05.23 22:42:22.306,1.63585,1.6361,4.40,29.50
2007.05.23 22:42:22.582,1.6358,1.6361,4.00,35.10
2007.05.23 22:42:22.711,1.6358,1.6361,4.00,39.10
2007.05.23 22:42:22.732,1.6358,1.6361,4.00,41.50
2007.05.23 22:42:23.077,1.6358,1.6361,8.40,35.90
2007.05.23 22:42:23.335,1.6358,1.6361,12.40,35.90
2007.05.23 22:42:23.441,1.6358,1.6361,12.40,24.00
2007.05.23 22:42:23.628,1.6359,1.6361,8.00,24.00
2007.05.23 22:42:23.745,1.6359,1.6361,12.00,31.90
2007.05.23 22:42:23.858,1.636,1.6361,0.80,17.50
2007.05.23 22:42:23.864,1.636,1.6361,1.60,17.50
2007.05.23 22:42:24.160,1.636,1.6361,1.60,21.50
2007.05.23 22:42:24.243,1.636,1.6361,1.60,9.60
2007.05.23 22:42:24.523,1.636,1.6361,4.00,9.60
2007.05.23 22:42:45.345,1.636,1.6361,4.00,13.60
2007.05.23 22:42:55.277,1.636,1.6361,4.00,5.60
2007.05.23 22:43:22.254,1.636,1.6361,3.20,5.60
2007.05.23 22:43:22.256,1.636,1.6361,2.40,5.60
2007.05.23 22:43:22.409,1.6359,1.6361,20.40,6.40
2007.05.23 22:43:22.453,1.6359,1.636,20.40,0.80
2007.05.23 22:43:22.511,1.6359,1.636,20.40,1.60
2007.05.23 22:43:22.673,1.6359,1.636,20.40,6.40
2007.05.23 22:43:22.701,1.6359,1.636,8.40,6.40
2007.05.23 22:43:22.767,1.6359,1.636,4.00,6.40
2007.05.23 22:43:22.791,1.6359,1.636,4.00,10.40
2007.05.23 22:43:27.916,1.6357,1.636,8.40,18.40
2007.05.23 22:43:28.403,1.6357,1.636,8.40,30.30
2007.05.23 22:43:42.064,1.6357,1.636,4.00,35.90
2007.05.23 22:43:42.297,1.6357,1.636,8.00,24.00
2007.05.23 22:43:42.314,1.6357,1.636,8.80,24.00
2007.05.23 22:43:42.403,1.6357,1.636,9.60,24.00
2007.05.23 22:43:51.154,1.6357,1.6359,5.60,4.00
2007.05.23 22:43:51.190,1.6357,1.6358,5.60,5.60
2007.05.23 22:43:51.213,1.6357,1.6358,10.00,6.40
2007.05.23 22:43:52.109,1.6357,1.6358,6.00,6.40
2007.05.23 22:43:52.230,1.6357,1.6358,1.60,6.40
2007.05.23 22:43:52.724,1.6357,1.6358,1.60,0.80
2007.05.23 22:43:52.736,1.6357,1.6359,1.60,23.20
2007.05.23 22:43:53.137,1.6357,1.6359,5.60,23.20
2007.05.23 22:43:53.234,1.6357,1.6359,5.60,17.60
2007.05.23 22:43:54.244,1.6357,1.6359,4.80,17.60
2007.05.23 22:43:54.457,1.6357,1.6359,4.00,17.60
2007.05.23 22:43:57.249,1.6357,1.6359,4.00,13.60
2007.05.23 22:43:57.712,1.63565,1.6357,4.40,4.80
2007.05.23 22:43:57.829,1.63565,1.6357,4.40,5.60
2007.05.23 22:43:58.209,1.6356,1.6357,4.00,5.60
2007.05.23 22:43:59.227,1.6356,1.6357,8.00,5.60
2007.05.23 22:43:59.232,1.6356,1.6357,10.40,0.80
2007.05.23 22:43:59.333,1.6356,1.6357,22.40,0.80
2007.05.23 22:43:59.361,1.6357,1.6358,0.80,7.20
2007.05.23 22:43:59.435,1.6357,1.6358,1.60,6.40
2007.05.23 22:44:12.427,1.6357,1.6358,0.80,6.40
2007.05.23 22:44:12.782,1.6356,1.6358,17.20,6.40
2007.05.23 22:44:19.164,1.6356,1.6358,12.80,6.40
2007.05.23 22:44:20.470,1.6357,1.6358,0.80,6.40
2007.05.23 22:44:20.665,1.6357,1.6358,1.60,6.40
2007.05.23 22:44:22.299,1.6357,1.6358,1.60,4.80
2007.05.23 22:44:27.142,1.6357,1.6359,1.60,19.20
2007.05.23 22:44:42.255,1.6357,1.6358,0.80,0.80
2007.05.23 22:44:42.458,1.6356,1.6359,17.20,44.70
2007.05.23 22:44:50.738,1.6356,1.6359,13.20,40.70
2007.05.23 22:45:11.126,1.6356,1.6358,21.20,4.80
2007.05.23 22:45:11.205,1.6357,1.6358,0.80,4.80
2007.05.23 22:45:11.429,1.6357,1.6358,1.60,4.80
2007.05.23 22:45:16.265,1.6357,1.6358,0.80,4.80
2007.05.23 22:45:16.396,1.6356,1.6358,19.20,4.80
2007.05.23 22:45:16.715,1.6356,1.6358,11.20,4.80
2007.05.23 22:45:16.785,1.6356,1.6358,13.20,4.80
2007.05.23 22:45:19.345,1.6356,1.6357,13.20,0.80
2007.05.23 22:45:19.738,1.6356,1.6357,13.20,4.00
2007.05.23 22:45:19.839,1.6356,1.6357,8.80,4.00
2007.05.23 22:45:20.231,1.6356,1.6357,4.80,4.00
2007.05.23 22:45:31.381,1.6356,1.6357,2.40,4.00
2007.05.23 22:46:28.435,1.6356,1.6357,2.40,3.20
2007.05.23 22:46:29.468,1.6356,1.6357,2.40,4.00
2007.05.23 22:46:38.322,1.6356,1.6357,1.60,4.00
2007.05.23 22:46:38.361,1.6356,1.6357,0.80,4.00
2007.05.23 22:46:55.863,1.6356,1.6357,0.80,3.20
2007.05.23 22:46:56.075,1.6356,1.6357,0.80,4.00
2007.05.23 22:47:32.373,1.6355,1.6357,12.40,4.00
2007.05.23 22:47:32.846,1.6355,1.6357,16.40,4.00
2007.05.23 22:47:32.953,1.6355,1.6357,12.00,4.00
2007.05.23 22:47:33.611,1.6355,1.6357,16.00,4.00
2007.05.23 22:47:34.214,1.6355,1.6357,20.40,4.00
2007.05.23 22:47:35.701,1.6354,1.6357,42.00,4.00
2007.05.23 22:47:36.218,1.6354,1.6357,38.00,4.00
2007.05.23 22:47:36.253,1.6355,1.6357,3.50,4.00
2007.05.23 22:47:36.491,1.6355,1.6357,0.60,4.80
2007.05.23 22:47:36.658,1.63545,1.6356,16.40,0.80
2007.05.23 22:47:36.748,1.6355,1.6356,4.30,1.60
2007.05.23 22:47:36.762,1.63545,1.6356,16.40,4.80
2007.05.23 22:47:37.126,1.63545,1.6356,8.40,4.80
2007.05.23 22:47:49.341,1.6355,1.6356,2.60,4.80
2007.05.23 22:47:50.235,1.6355,1.6356,3.90,4.00
2007.05.23 22:47:50.377,1.6354,1.6356,38.80,3.20
2007.05.23 22:47:50.394,1.6354,1.6356,34.80,3.20
2007.05.23 22:47:52.695,1.6355,1.6357,2.40,21.60
2007.05.23 22:47:52.730,1.6355,1.6357,2.50,17.60
2007.05.23 22:47:52.776,1.63545,1.6357,12.40,12.00
2007.05.23 22:47:52.811,1.63545,1.6357,16.40,4.00
2007.05.23 22:47:58.257,1.6355,1.6357,2.10,12.00
2007.05.23 22:47:58.410,1.6355,1.6357,4.10,12.00
2007.05.23 22:47:58.458,1.63545,1.6357,18.00,12.00
2007.05.23 22:47:58.600,1.63545,1.6357,18.80,12.00
2007.05.23 22:48:15.516,1.6355,1.6357,18.40,8.00
2007.05.23 22:48:19.123,1.6355,1.6357,18.40,4.00
2007.05.23 22:48:22.723,1.6355,1.6357,21.60,0.80
2007.05.23 22:49:13.665,1.6355,1.6357,29.60,0.80
2007.05.23 22:49:13.775,1.6355,1.6357,30.40,0.80
2007.05.23 22:49:13.820,1.6355,1.6357,32.80,0.80
2007.05.23 22:49:14.421,1.6356,1.6357,0.80,0.80
2007.05.23 22:49:32.452,1.6355,1.6357,26.00,0.80
2007.05.23 22:49:35.093,1.6355,1.6357,21.60,0.80
2007.05.23 22:49:40.408,1.6355,1.6357,20.00,0.80
2007.05.23 22:49:40.434,1.6355,1.6357,19.20,0.80
2007.05.23 22:49:40.713,1.6355,1.6357,23.60,0.80
2007.05.23 22:49:45.265,1.6355,1.6357,19.60,0.80
2007.05.23 22:49:47.802,1.6355,1.6357,15.20,0.80
2007.05.23 22:49:48.404,1.6355,1.6357,16.00,0.80
2007.05.23 22:49:48.561,1.6355,1.6357,16.80,0.80
2007.05.23 22:49:48.571,1.6355,1.6357,17.60,0.80
2007.05.23 22:50:00.213,1.6355,1.6357,16.80,0.80
2007.05.23 22:50:00.222,1.6355,1.6357,16.00,0.80
2007.05.23 22:50:00.247,1.6355,1.6357,19.60,0.80
2007.05.23 22:50:01.775,1.6355,1.6357,20.40,0.80
2007.05.23 22:50:15.294,1.6356,1.6357,0.80,0.80
2007.05.23 22:50:15.354,1.6356,1.6357,1.60,0.80
2007.05.23 22:50:15.466,1.6356,1.6357,2.40,0.80
2007.05.23 22:50:19.395,1.6356,1.6357,4.80,0.80
2007.05.23 22:50:25.369,1.6355,1.6357,35.60,0.80
2007.05.23 22:50:38.374,1.6355,1.6358,34.80,18.40
2007.05.23 22:50:38.488,1.6357,1.6358,0.80,17.60
2007.05.23 22:50:38.515,1.6356,1.6358,4.00,16.80
2007.05.23 22:50:38.573,1.6357,1.6358,0.90,16.80
2007.05.23 22:50:38.716,1.6356,1.6358,8.00,13.60
2007.05.23 22:50:38.811,1.6356,1.6358,38.30,9.60
2007.05.23 22:50:38.843,1.6357,1.6358,3.70,4.00
2007.05.23 22:50:39.013,1.6357,1.6358,1.10,8.00
2007.05.23 22:50:39.115,1.63565,1.6359,17.20,8.00
2007.05.23 22:50:40.131,1.6357,1.6359,2.50,8.00
2007.05.23 22:50:40.640,1.63565,1.6359,17.20,8.00
2007.05.23 22:50:42.726,1.6357,1.6359,2.70,8.00
2007.05.23 22:50:43.448,1.6357,1.6359,11.20,8.00
2007.05.23 22:50:43.729,1.6357,1.6359,10.40,8.00
2007.05.23 22:50:43.904,1.6357,1.6359,11.20,8.00
2007.05.23 22:50:43.943,1.6357,1.6359,12.00,8.00
2007.05.23 22:50:44.163,1.6357,1.63595,24.00,5.60
2007.05.23 22:50:44.211,1.6357,1.6359,28.40,0.80
2007.05.23 22:50:46.435,1.6357,1.6359,26.80,0.80
2007.05.23 22:51:13.190,1.6358,1.6359,5.60,4.80
2007.05.23 22:51:13.353,1.6358,1.6359,2.40,4.80
2007.05.23 22:51:13.388,1.6357,1.6359,12.40,4.80
2007.05.23 22:51:13.893,1.6357,1.6359,8.40,4.80
2007.05.23 22:51:14.109,1.6357,1.6359,4.40,12.80
2007.05.23 22:51:14.131,1.6356,1.6359,21.20,18.40
2007.05.23 22:51:45.119,1.6356,1.6359,16.80,18.40
2007.05.23 22:51:46.825,1.6356,1.6359,20.80,14.40
2007.05.23 22:51:52.663,1.6356,1.6359,16.80,14.40
2007.05.23 22:51:52.724,1.6356,1.6359,12.80,14.40
2007.05.23 22:51:52.740,1.6356,1.6359,12.00,14.40
2007.05.23 22:51:52.844,1.6356,1.63595,12.00,18.40
2007.05.23 22:51:53.413,1.6356,1.63595,8.00,18.40
2007.05.23 22:51:55.779,1.6356,1.6359,9.60,0.50
2007.05.23 22:51:56.039,1.6356,1.63585,9.60,0.90
2007.05.23 22:51:56.192,1.6356,1.63585,13.60,9.60
2007.05.23 22:51:56.292,1.6356,1.63585,16.80,9.60
2007.05.23 22:51:56.415,1.6356,1.63585,17.60,9.60
2007.05.23 22:52:19.713,1.6356,1.6358,13.60,0.50
2007.05.23 22:52:19.947,1.6356,1.6359,13.60,18.40
2007.05.23 22:52:26.237,1.6356,1.6358,12.80,4.00
2007.05.23 22:52:26.295,1.6356,1.6358,12.00,4.00
2007.05.23 22:52:26.413,1.6356,1.6358,11.20,4.00
2007.05.23 22:52:26.806,1.6356,1.6358,8.00,4.00
2007.05.23 22:52:26.849,1.6356,1.6358,8.00,8.00
2007.05.23 22:52:29.252,1.6356,1.6358,8.00,11.20
2007.05.23 22:52:29.291,1.6356,1.6357,8.00,0.80
2007.05.23 22:52:29.814,1.63555,1.6357,4.40,0.80
2007.05.23 22:52:29.825,1.6355,1.6357,24.40,0.80
2007.05.23 22:52:31.063,1.6355,1.6357,24.40,4.80
2007.05.23 22:52:31.094,1.6355,1.6357,20.00,4.80
2007.05.23 22:52:31.773,1.6355,1.6357,16.00,8.80
2007.05.23 22:52:31.901,1.6355,1.6357,16.00,4.80
2007.05.23 22:52:37.934,1.63545,1.6357,20.40,4.80
2007.05.23 22:52:38.740,1.63545,1.6357,20.40,8.80
2007.05.23 22:52:41.761,1.6355,1.6357,16.00,8.80
2007.05.23 22:52:41.768,1.6355,1.6357,16.80,8.80
2007.05.23 22:52:42.134,1.6355,1.6357,28.80,4.80
2007.05.23 22:52:42.172,1.6356,1.6357,1.90,4.80
2007.05.23 22:52:42.238,1.6355,1.6357,20.80,8.80
2007.05.23 22:52:42.472,1.6356,1.6357,1.80,8.80
2007.05.23 22:52:43.689,1.6356,1.6357,2.20,8.80
2007.05.23 22:52:43.696,1.63535,1.6357,47.50,12.80
2007.05.23 22:52:43.797,1.6355,1.6357,4.80,12.80
2007.05.23 22:52:43.807,1.6355,1.6357,12.80,8.80
2007.05.23 22:52:44.427,1.6355,1.6357,1.60,8.80
2007.05.23 22:52:47.219,1.6354,1.6357,45.10,12.80
2007.05.23 22:52:48.438,1.6355,1.6357,4.30,16.80
2007.05.23 22:52:57.153,1.6354,1.6357,45.10,8.80
2007.05.23 22:52:58.690,1.6355,1.6357,1.50,4.80
2007.05.23 22:52:58.887,1.6355,1.6357,3.00,12.80
2007.05.23 22:52:59.364,1.6355,1.6357,1.70,8.80
2007.05.23 22:52:59.424,1.63545,1.6357,20.40,0.80
2007.05.23 22:52:59.692,1.6355,1.6357,9.80,0.80
2007.05.23 22:52:59.701,1.6356,1.6357,0.90,0.80
2007.05.23 22:52:59.785,1.6355,1.6357,27.20,0.80
2007.05.23 22:53:00.410,1.6355,1.6357,28.40,0.80
2007.05.23 22:53:01.473,1.6356,1.6357,2.40,0.80
2007.05.23 22:53:09.207,1.6356,1.6358,7.20,20.00
2007.05.23 22:53:09.326,1.6356,1.6358,7.20,16.00
2007.05.23 22:53:09.457,1.6356,1.6358,11.20,16.80
2007.05.23 22:53:09.538,1.6356,1.6358,12.00,16.80
2007.05.23 22:53:10.452,1.6356,1.6358,12.80,16.80
2007.05.23 22:53:10.461,1.6356,1.6358,13.60,16.80
2007.05.23 22:53:10.489,1.6356,1.6358,14.40,16.80
2007.05.23 22:53:12.774,1.6356,1.6358,18.80,10.40
2007.05.23 22:53:12.836,1.6356,1.6358,19.60,9.60
2007.05.23 22:53:12.926,1.6356,1.6358,15.60,9.60
2007.05.23 22:53:13.010,1.6356,1.6358,20.40,1.60
2007.05.23 22:53:13.116,1.6356,1.6358,28.40,1.60
2007.05.23 22:53:13.221,1.6357,1.6358,4.00,1.60
2007.05.23 22:53:13.234,1.6358,1.6359,3.20,14.40
2007.05.23 22:53:13.470,1.6358,1.63595,7.20,5.60
2007.05.23 22:53:13.475,1.6358,1.63595,7.20,5.60
2007.05.23 22:53:13.519,1.6358,1.636,7.20,23.20
2007.05.23 22:53:16.832,1.6358,1.6359,7.20,0.80
2007.05.23 22:53:16.878,1.6358,1.6359,3.20,0.80
2007.05.23 22:53:17.431,1.6357,1.6359,18.80,0.80
2007.05.23 22:53:17.490,1.6357,1.6359,18.00,0.80
2007.05.23 22:53:21.917,1.6357,1.6359,13.60,0.80
2007.05.23 22:53:22.667,1.6357,1.6359,17.60,0.80
2007.05.23 22:53:22.679,1.6357,1.636,17.60,27.20
2007.05.23 22:53:22.802,1.6357,1.636,20.00,27.20
2007.05.23 22:53:22.948,1.6357,1.636,24.40,28.00
2007.05.23 22:53:23.348,1.6358,1.636,3.20,24.80
2007.05.23 22:53:23.434,1.6358,1.636,3.20,19.20
2007.05.23 22:53:37.145,1.6358,1.6359,3.20,4.00
2007.05.23 22:53:37.441,1.6357,1.6359,25.20,4.80
2007.05.23 22:53:37.458,1.6357,1.6359,24.40,4.80
2007.05.23 22:53:37.498,1.6357,1.6359,23.60,4.80
2007.05.23 22:53:37.977,1.6357,1.6359,19.60,4.80
2007.05.23 22:53:38.205,1.6357,1.636,19.60,34.40
2007.05.23 22:53:38.413,1.6357,1.6359,20.40,0.90
2007.05.23 22:53:39.701,1.6357,1.63595,16.00,10.40
2007.05.23 22:53:39.863,1.6357,1.6359,13.60,0.50
2007.05.23 22:53:39.875,1.6357,1.6359,11.20,0.90
2007.05.23 22:53:39.963,1.6357,1.63595,10.40,18.40
2007.05.23 22:53:40.811,1.6357,1.6359,14.40,0.80
2007.05.23 22:53:40.911,1.6357,1.63595,10.40,14.40
2007.05.23 22:53:41.613,1.6357,1.63595,14.40,14.40
2007.05.23 22:53:42.356,1.6357,1.63595,14.40,6.40
2007.05.23 22:53:42.426,1.6357,1.6359,16.00,0.80
2007.05.23 22:53:42.745,1.6357,1.636,16.00,34.40
2007.05.23 22:53:43.050,1.6357,1.63595,16.00,6.40
2007.05.23 22:53:46.397,1.6357,1.6359,19.20,0.80
2007.05.23 22:53:46.455,1.6357,1.6359,22.40,0.80
2007.05.23 22:53:46.573,1.6357,1.636,23.20,32.00
2007.05.23 22:53:48.763,1.6357,1.636,25.60,32.00
2007.05.23 22:53:48.854,1.6357,1.636,30.00,0.80
2007.05.23 22:53:53.191,1.6357,1.63605,30.00,35.20
2007.05.23 22:53:53.265,1.6357,1.636,27.60,0.60
2007.05.23 22:53:53.289,1.6357,1.636,26.80,0.60
2007.05.23 22:53:53.373,1.6357,1.63605,26.00,35.20
2007.05.23 22:53:53.380,1.6358,1.63605,4.00,35.20
2007.05.23 22:53:53.438,1.6358,1.636,4.00,26.40
2007.05.23 22:53:54.114,1.6358,1.6359,8.00,0.80
2007.05.23 22:53:55.864,1.6357,1.636,25.60,28.00
2007.05.23 22:54:00.718,1.6358,1.636,12.40,0.60
2007.05.23 22:54:00.798,1.6358,1.63605,8.00,9.60
2007.05.23 22:54:00.821,1.6358,1.63605,8.00,13.60
2007.05.23 22:54:01.629,1.6358,1.63605,8.00,14.40
2007.05.23 22:54:01.641,1.6358,1.63605,8.00,18.40
2007.05.23 22:54:01.745,1.63575,1.63605,4.40,18.40
2007.05.23 22:54:01.842,1.6357,1.636,24.40,0.80
2007.05.23 22:54:02.097,1.6357,1.6361,20.00,41.50
2007.05.23 22:54:02.155,1.6357,1.6361,20.00,41.50
2007.05.23 22:54:02.218,1.6357,1.636,20.00,0.80
2007.05.23 22:54:02.285,1.6357,1.6361,20.00,41.50
2007.05.23 22:54:02.417,1.6357,1.636,20.00,0.90
2007.05.23 22:54:02.465,1.6357,1.6361,18.40,37.50
2007.05.23 22:54:02.846,1.6357,1.636,22.80,0.90
2007.05.23 22:54:05.500,1.6357,1.636,22.80,4.80
2007.05.23 22:54:05.557,1.6357,1.636,22.80,5.60
2007.05.23 22:54:05.627,1.6357,1.636,22.80,6.40
2007.05.23 22:54:05.660,1.6357,1.636,22.80,10.40
2007.05.23 22:54:05.688,1.6357,1.636,22.80,11.20
2007.05.23 22:54:05.803,1.6357,1.6359,22.80,4.00
2007.05.23 22:54:05.874,1.6358,1.6359,8.00,4.00
2007.05.23 22:54:08.681,1.6358,1.6359,8.00,4.80
2007.05.23 22:54:08.866,1.6357,1.6359,18.40,4.80
2007.05.23 22:54:11.780,1.6357,1.6359,14.40,12.80
2007.05.23 22:54:13.234,1.6357,1.6358,14.40,4.00
2007.05.23 22:54:13.270,1.6357,1.6358,13.60,4.00
2007.05.23 22:54:13.444,1.6357,1.6358,10.40,4.00
2007.05.23 22:54:13.527,1.6357,1.6358,2.40,4.00
2007.05.23 22:54:13.773,1.6357,1.6358,2.40,4.80
2007.05.23 22:54:13.793,1.6357,1.6358,2.40,5.60
2007.05.23 22:54:13.872,1.6357,1.6358,2.40,9.60
2007.05.23 22:54:15.312,1.6357,1.6358,2.40,15.20
2007.05.23 22:54:15.529,1.6356,1.6358,5.60,15.20
2007.05.23 22:54:15.673,1.6356,1.6358,5.60,14.40
2007.05.23 22:54:15.812,1.6356,1.6358,5.60,13.60
2007.05.23 22:54:16.074,1.6356,1.6358,5.60,8.00
2007.05.23 22:54:19.237,1.6356,1.6358,5.60,4.00
2007.05.23 22:54:19.735,1.6356,1.6358,13.60,4.00
2007.05.23 22:54:25.721,1.6356,1.6358,17.60,4.00
2007.05.23 22:54:34.338,1.6356,1.63585,17.60,5.60
2007.05.23 22:54:34.368,1.6356,1.6359,17.60,18.40
2007.05.23 22:54:38.384,1.63555,1.6359,22.00,18.40
2007.05.23 22:54:41.666,1.6356,1.6358,6.70,0.80
2007.05.23 22:54:41.695,1.6355,1.6358,46.70,1.60
2007.05.23 22:54:42.137,1.6355,1.6358,48.30,5.60
2007.05.23 22:54:42.204,1.6356,1.6358,2.10,5.60
2007.05.23 22:54:43.434,1.63555,1.6358,22.00,1.60
2007.05.23 22:55:03.210,1.63555,1.6358,24.40,1.60
2007.05.23 22:55:03.440,1.63555,1.6358,25.20,1.60
2007.05.23 22:55:04.436,1.63555,1.6358,26.00,1.60
2007.05.23 22:55:04.560,1.63555,1.6358,26.80,1.60
2007.05.23 22:55:04.611,1.63555,1.6358,27.60,1.60
2007.05.23 22:55:17.526,1.6356,1.6358,27.60,1.60
2007.05.23 22:55:17.822,1.6356,1.6358,5.10,1.60
2007.05.23 22:55:19.196,1.6356,1.6358,12.90,1.60
2007.05.23 22:55:19.302,1.6355,1.6358,49.90,1.60
2007.05.23 22:55:19.340,1.6355,1.6358,45.10,1.60
2007.05.23 22:55:19.608,1.6355,1.6358,45.90,1.60
2007.05.23 22:55:19.842,1.63555,1.6358,22.00,1.60
2007.05.23 22:55:59.365,1.6356,1.6358,17.60,5.60
2007.05.23 22:56:19.926,1.6356,1.6358,9.60,5.60
2007.05.23 22:56:22.165,1.6356,1.6358,9.60,9.60
2007.05.23 22:56:23.850,1.6356,1.6358,13.60,1.60
2007.05.23 22:56:41.459,1.6356,1.6358,9.60,9.60
2007.05.23 22:56:41.739,1.6356,1.6358,10.40,9.60
2007.05.23 22:56:41.797,1.6356,1.6358,11.20,9.60
2007.05.23 22:56:41.843,1.6356,1.6358,12.00,9.60
2007.05.23 22:56:43.472,1.6356,1.6358,11.20,9.60
2007.05.23 22:56:43.530,1.6356,1.6358,10.40,9.60
2007.05.23 22:56:43.615,1.6356,1.6358,9.60,9.60
2007.05.23 22:56:43.787,1.6356,1.6358,13.60,1.60
2007.05.23 22:56:46.180,1.6356,1.6358,13.60,9.60
2007.05.23 22:56:49.505,1.6356,1.6358,14.40,9.60
2007.05.23 22:56:49.533,1.6356,1.6358,15.20,9.60
2007.05.23 22:56:49.558,1.6356,1.6358,16.00,9.60
2007.05.23 22:56:49.927,1.6356,1.6358,12.00,9.60
2007.05.23 22:57:11.680,1.6357,1.6358,4.00,9.60
2007.05.23 22:57:11.841,1.6357,1.6358,4.00,8.80
2007.05.23 22:57:12.040,1.6357,1.6359,4.00,25.60
2007.05.23 22:57:12.060,1.6357,1.6359,4.00,20.00
2007.05.23 22:57:12.094,1.6357,1.6359,16.00,12.00
2007.05.23 22:57:12.308,1.6358,1.6359,0.80,8.80
2007.05.23 22:57:12.322,1.6358,1.6359,1.60,8.80
2007.05.23 22:57:12.354,1.6358,1.6359,1.60,0.80
2007.05.23 22:57:12.720,1.6358,1.6359,0.80,0.80
2007.05.23 22:57:12.839,1.6357,1.6359,22.00,0.80
2007.05.23 22:57:14.704,1.6357,1.6359,21.20,0.80
2007.05.23 22:57:14.808,1.6357,1.6359,14.00,4.80
2007.05.23 22:57:14.889,1.6357,1.6358,14.00,0.80
2007.05.23 22:57:14.893,1.6357,1.6358,8.80,1.60
2007.05.23 22:57:15.092,1.6357,1.6359,8.80,5.60
2007.05.23 22:57:15.364,1.6357,1.6358,8.00,0.60
2007.05.23 22:57:15.438,1.6357,1.6359,4.80,24.80
2007.05.23 22:57:15.525,1.6357,1.6359,4.00,25.60
2007.05.23 22:57:15.633,1.6357,1.6358,8.00,0.80
2007.05.23 22:57:16.757,1.6357,1.6358,12.00,0.60
2007.05.23 22:57:16.805,1.6357,1.6358,12.00,0.80
2007.05.23 22:57:16.865,1.6357,1.6358,4.00,0.80
2007.05.23 22:57:16.929,1.6357,1.6359,4.00,0.70
2007.05.23 22:57:17.061,1.6357,1.636,4.00,50.30
2007.05.23 22:57:17.193,1.6357,1.636,7.20,52.70
2007.05.23 22:57:17.274,1.6357,1.636,3.20,40.80
2007.05.23 22:57:17.449,1.6357,1.6359,4.00,9.60
2007.05.23 22:57:17.473,1.6357,1.6359,4.80,9.60
2007.05.23 22:57:17.488,1.6357,1.6358,4.80,0.60
2007.05.23 22:57:18.170,1.6357,1.6359,4.00,18.40
2007.05.23 22:57:18.214,1.6357,1.6359,0.80,21.60
2007.05.23 22:57:18.399,1.6356,1.6359,24.40,20.80
2007.05.23 22:57:18.712,1.6356,1.6358,24.40,0.80
2007.05.23 22:57:18.750,1.6356,1.6359,24.40,0.60
2007.05.23 22:57:19.182,1.6357,1.636,8.00,54.30
2007.05.23 22:57:19.195,1.6357,1.63595,8.00,14.40
2007.05.23 22:57:19.704,1.6357,1.63595,12.00,10.40
2007.05.23 22:57:21.231,1.63565,1.63595,4.40,14.40
2007.05.23 22:57:21.244,1.6356,1.6359,22.00,0.50
2007.05.23 22:57:21.443,1.6356,1.63595,22.00,18.40
2007.05.23 22:57:21.513,1.6356,1.63595,22.00,19.20
2007.05.23 22:57:21.527,1.6356,1.6359,22.00,0.90
2007.05.23 22:57:21.575,1.6356,1.63595,22.00,20.80
2007.05.23 22:57:25.623,1.6356,1.6359,18.00,15.20
2007.05.23 22:57:25.836,1.6356,1.6359,13.60,20.80
2007.05.23 22:57:26.147,1.6356,1.63595,17.60,24.80
2007.05.23 22:57:28.648,1.6356,1.6359,13.60,20.80
2007.05.23 22:57:28.883,1.6356,1.63585,5.60,13.60
2007.05.23 22:57:31.254,1.6356,1.63585,9.60,9.60
2007.05.23 22:57:31.679,1.6356,1.6358,21.50,0.70
2007.05.23 22:57:31.800,1.6356,1.63585,29.50,0.70
2007.05.23 22:57:31.926,1.6356,1.636,29.50,25.60
2007.05.23 22:57:32.289,1.6356,1.636,29.50,19.20
2007.05.23 22:57:32.690,1.6356,1.6359,37.50,0.60
2007.05.23 22:57:32.782,1.6357,1.6359,4.40,0.60
2007.05.23 22:57:32.821,1.6357,1.6361,12.40,46.30
2007.05.23 22:57:32.953,1.6357,1.6361,12.40,39.90
2007.05.23 22:57:32.970,1.6357,1.636,12.40,0.90
2007.05.23 22:57:34.708,1.6357,1.63605,12.40,13.60
2007.05.23 22:57:34.736,1.6357,1.63605,8.00,17.60
2007.05.23 22:57:34.816,1.6357,1.636,8.00,0.50
2007.05.23 22:57:36.262,1.6357,1.636,8.00,0.90
2007.05.23 22:57:38.726,1.6357,1.63605,12.00,25.60
2007.05.23 22:57:38.789,1.6357,1.636,12.00,17.60
2007.05.23 22:57:38.869,1.6357,1.636,4.00,21.60
2007.05.23 22:57:39.137,1.6356,1.6359,31.90,0.50
2007.05.23 22:57:39.187,1.6356,1.6359,31.10,0.90
2007.05.23 22:57:39.302,1.6357,1.6359,0.80,0.80
2007.05.23 22:57:39.348,1.6357,1.63605,8.80,21.60
2007.05.23 22:57:39.452,1.6357,1.63605,9.60,21.60
2007.05.23 22:57:39.814,1.6357,1.636,8.80,0.90
2007.05.23 22:57:40.502,1.6357,1.636,8.00,0.70
2007.05.23 22:57:42.850,1.6357,1.636,8.00,21.60
2007.05.23 22:57:44.429,1.6357,1.636,8.00,22.40
2007.05.23 22:57:44.517,1.6357,1.636,8.00,23.20
2007.05.23 22:57:44.643,1.6357,1.6359,8.00,4.00
2007.05.23 22:57:44.762,1.6357,1.6358,8.00,4.00
2007.05.23 22:57:44.869,1.63565,1.6358,4.40,4.00
2007.05.23 22:57:44.903,1.6356,1.6358,27.10,4.00
2007.05.23 22:57:45.125,1.6356,1.6359,31.10,17.60
2007.05.23 22:57:45.244,1.6356,1.6359,19.20,17.60
2007.05.23 22:57:50.465,1.6356,1.6359,19.20,18.40
2007.05.23 22:57:50.518,1.6356,1.6359,19.20,19.20
2007.05.23 22:57:50.532,1.6356,1.6359,19.20,20.00
2007.05.23 22:57:52.787,1.6356,1.6358,15.20,4.00
2007.05.23 22:57:55.140,1.6356,1.6359,19.20,20.00
2007.05.23 22:57:56.454,1.6356,1.6359,19.20,20.80
2007.05.23 22:57:56.506,1.6356,1.6359,19.20,21.60
2007.05.23 22:57:56.647,1.63555,1.6359,23.60,21.60
2007.05.23 22:58:02.702,1.6356,1.6358,5.20,4.00
2007.05.23 22:58:05.308,1.63555,1.6359,23.60,21.60
2007.05.23 22:58:07.285,1.63555,1.6358,19.60,4.00
2007.05.23 22:58:07.653,1.63555,1.6359,23.60,21.60
2007.05.23 22:58:10.140,1.6356,1.6358,4.70,4.00
2007.05.23 22:58:10.269,1.63555,1.6358,11.60,8.00
2007.05.23 22:58:11.231,1.6356,1.6358,0.90,8.00
2007.05.23 22:58:11.287,1.63555,1.6358,7.60,8.00
2007.05.23 22:58:11.337,1.6356,1.6358,1.60,8.00
2007.05.23 22:58:11.525,1.6356,1.6358,2.10,4.00
2007.05.23 22:58:11.728,1.63555,1.6359,16.40,21.60
2007.05.23 22:58:20.169,1.6356,1.6358,2.60,4.00
2007.05.23 22:58:21.616,1.6356,1.6359,2.30,21.60
2007.05.23 22:58:22.748,1.6356,1.6358,2.90,4.00
2007.05.23 22:58:27.718,1.6356,1.6359,12.00,21.60
2007.05.23 22:58:28.223,1.6356,1.6358,4.00,4.00
2007.05.23 22:58:28.349,1.6356,1.6358,8.00,4.00
2007.05.23 22:58:28.394,1.6356,1.6358,8.80,4.00
2007.05.23 22:58:28.422,1.6356,1.6358,9.60,4.00
2007.05.23 22:58:29.447,1.6356,1.6358,9.60,8.00
2007.05.23 22:58:30.415,1.6356,1.6358,12.00,8.00
2007.05.23 22:58:33.294,1.6356,1.6358,8.00,12.00
2007.05.23 22:58:34.934,1.6356,1.6358,12.00,8.00
2007.05.23 22:58:35.064,1.6357,1.6359,4.00,13.60
2007.05.23 22:58:35.726,1.6356,1.6359,16.00,13.60
2007.05.23 22:58:42.256,1.63565,1.6359,18.80,8.00
2007.05.23 22:58:42.299,1.6358,1.636,0.70,13.60
2007.05.23 22:58:42.430,1.6357,1.636,17.60,13.60
2007.05.23 22:58:45.290,1.6357,1.636,43.10,9.60
2007.05.23 22:58:50.070,1.6357,1.636,39.10,5.60
2007.05.23 22:58:50.131,1.63575,1.6361,19.60,20.80
2007.05.23 22:58:50.495,1.63575,1.6361,19.60,18.40
2007.05.23 22:58:59.288,1.63575,1.6361,19.60,10.40
2007.05.23 22:59:00.168,1.63575,1.6361,23.60,14.40
2007.05.23 22:59:03.475,1.6358,1.6361,2.40,14.40
2007.05.23 22:59:03.520,1.63575,1.6361,25.20,14.40
2007.05.23 22:59:03.569,1.63575,1.6362,42.00,41.50
2007.05.23 22:59:03.622,1.63575,1.6362,26.00,41.50
2007.05.23 22:59:03.899,1.6358,1.63615,26.00,10.40
2007.05.23 22:59:04.247,1.63585,1.63615,12.40,10.40
2007.05.23 22:59:04.273,1.6359,1.6361,0.70,0.50
2007.05.23 22:59:10.662,1.6359,1.63615,11.20,14.40
2007.05.23 22:59:10.783,1.6359,1.63615,11.20,18.40
2007.05.23 22:59:11.171,1.6359,1.63615,3.20,18.40
2007.05.23 22:59:11.484,1.6358,1.63615,34.70,18.40
2007.05.23 22:59:11.505,1.6358,1.63615,22.80,18.40
2007.05.23 22:59:14.394,1.6358,1.63615,22.80,14.40
2007.05.23 22:59:14.689,1.6358,1.6361,18.40,0.90
2007.05.23 22:59:15.408,1.6358,1.6362,14.40,35.10
2007.05.23 22:59:17.804,1.6358,1.6362,14.40,39.10
2007.05.23 22:59:17.872,1.6358,1.63615,18.80,18.40
2007.05.23 22:59:19.869,1.6358,1.6361,0.80,0.70
2007.05.23 22:59:24.694,1.6358,1.6361,0.90,0.90
2007.05.23 22:59:24.705,1.6358,1.6361,0.70,0.60
2007.05.23 22:59:26.254,1.63575,1.6362,18.80,39.10
2007.05.23 22:59:26.739,1.6357,1.63615,57.90,18.40
2007.05.23 22:59:26.761,1.6357,1.63615,57.90,22.40
2007.05.23 22:59:33.160,1.6357,1.6361,57.10,12.80
2007.05.23 22:59:33.265,1.6357,1.6361,57.10,8.80
2007.05.23 22:59:33.413,1.63575,1.6361,22.80,14.40
2007.05.23 22:59:35.226,1.6358,1.6361,6.30,10.40
2007.05.23 22:59:38.347,1.63575,1.6361,26.80,14.40
2007.05.23 22:59:42.229,1.6357,1.6361,52.30,8.80
2007.05.23 22:59:42.252,1.6357,1.6361,52.30,12.80
2007.05.23 22:59:42.371,1.6357,1.6361,52.30,12.80
2007.05.23 22:59:48.138,1.6358,1.6361,22.80,12.80
2007.05.23 22:59:51.107,1.6358,1.6361,18.40,18.40
2007.05.23 22:59:51.282,1.6358,1.6361,14.40,18.40
2007.05.23 22:59:53.143,1.6358,1.6361,13.60,18.40
2007.05.23 22:59:53.185,1.6358,1.636,5.60,4.00
2007.05.23 22:59:53.208,1.6358,1.636,4.80,4.00
2007.05.23 22:59:53.304,1.6358,1.636,1.60,4.00
2007.05.23 22:59:53.382,1.63575,1.636,4.40,4.00
2007.05.23 22:59:53.407,1.6357,1.636,12.40,4.00
2007.05.23 22:59:56.169,1.6357,1.6359,12.40,4.00
2007.05.23 22:59:56.214,1.6357,1.6359,8.00,4.00
2007.05.23 22:59:56.289,1.6357,1.6359,8.00,8.00
