2018.04.27 20:00:00.464,1.32295,1.323,1.12,2.62
2018.04.27 20:00:00.794,1.32298,1.32304,2.25,2.06
2018.04.27 20:00:01.210,1.32295,1.323,1.25,1.37
2018.04.27 20:00:01.316,1.32297,1.32303,1.00,3.07
2018.04.27 20:00:01.420,1.32297,1.32304,1.50,7.39
2018.04.27 20:00:02.032,1.32297,1.32304,2.06,6.19
2018.04.27 20:00:02.552,1.32296,1.323,1.39,1.00
2018.04.27 20:00:03.017,1.32294,1.323,2.44,2.25
2018.04.27 20:00:05.784,1.32294,1.323,1.25,4.29
2018.04.27 20:00:06.094,1.3229,1.32296,1.07,2.62
2018.04.27 20:00:06.198,1.32289,1.32294,1.12,1.00
2018.04.27 20:00:06.960,1.32289,1.32293,1.69,1.25
2018.04.27 20:00:07.983,1.32289,1.32293,1.50,1.31
2018.04.27 20:00:08.036,1.32287,1.32293,1.81,1.62
2018.04.27 20:00:09.098,1.32287,1.32294,1.87,5.25
2018.04.27 20:00:09.413,1.32287,1.32293,1.50,1.69
2018.04.27 20:00:09.952,1.32287,1.32293,1.69,1.69
2018.04.27 20:00:10.552,1.32286,1.32294,4.58,3.75
2018.04.27 20:00:11.089,1.32287,1.32294,1.62,4.31
2018.04.27 20:00:11.555,1.32286,1.32292,2.14,1.31
2018.04.27 20:00:12.091,1.32287,1.32293,1.76,1.69
2018.04.27 20:00:12.674,1.32289,1.32295,1.44,3.26
2018.04.27 20:00:12.727,1.32292,1.32295,1.25,1.39
2018.04.27 20:00:12.781,1.32292,1.32298,1.37,1.39
2018.04.27 20:00:13.320,1.32293,1.32299,1.00,2.51
2018.04.27 20:00:13.726,1.32293,1.32298,1.31,1.31
2018.04.27 20:00:14.546,1.32292,1.32298,2.63,1.25
2018.04.27 20:00:15.094,1.32292,1.32299,1.38,1.76
2018.04.27 20:00:15.648,1.32292,1.32299,1.19,1.76
2018.04.27 20:00:16.805,1.32291,1.32298,1.76,3.38
2018.04.27 20:00:17.315,1.32292,1.32299,1.25,1.47
2018.04.27 20:00:17.829,1.32293,1.32299,1.25,1.47
2018.04.27 20:00:19.660,1.32293,1.32299,1.25,1.76
2018.04.27 20:00:19.970,1.32294,1.323,1.44,4.20
2018.04.27 20:00:20.088,1.32294,1.323,1.50,4.20
2018.04.27 20:00:20.603,1.32293,1.323,1.81,3.07
2018.04.27 20:00:21.502,1.32293,1.323,1.88,4.31
2018.04.27 20:00:22.056,1.32293,1.323,1.13,3.38
2018.04.27 20:00:22.603,1.32292,1.323,3.38,4.31
2018.04.27 20:00:23.167,1.32292,1.323,3.08,6.83
2018.04.27 20:00:23.537,1.32292,1.323,3.00,7.58
2018.04.27 20:00:24.093,1.32292,1.323,3.83,6.83
2018.04.27 20:00:24.763,1.32292,1.323,2.51,4.57
2018.04.27 20:00:25.079,1.32293,1.323,1.50,5.89
2018.04.27 20:00:25.914,1.32293,1.323,1.44,4.95
2018.04.27 20:00:26.761,1.32292,1.323,3.45,4.76
2018.04.27 20:00:26.916,1.32293,1.323,1.13,3.45
2018.04.27 20:00:27.622,1.32293,1.323,1.00,3.08
2018.04.27 20:00:28.012,1.32293,1.323,1.50,3.83
2018.04.27 20:00:29.204,1.32294,1.32297,1.00,1.25
2018.04.27 20:00:29.256,1.32291,1.32297,1.89,1.25
2018.04.27 20:00:29.361,1.32291,1.32294,1.10,1.12
2018.04.27 20:00:29.940,1.3229,1.32295,1.69,1.87
2018.04.27 20:00:30.452,1.3229,1.32295,2.06,2.25
2018.04.27 20:00:30.786,1.32291,1.32296,1.19,1.69
2018.04.27 20:00:31.586,1.3229,1.32297,2.25,3.64
2018.04.27 20:00:32.136,1.32291,1.32296,2.06,1.25
2018.04.27 20:00:32.639,1.32291,1.32296,1.87,1.25
2018.04.27 20:00:33.140,1.32291,1.32296,1.87,1.62
2018.04.27 20:00:34.149,1.3229,1.32296,1.87,1.31
2018.04.27 20:00:34.624,1.3229,1.32295,1.12,2.25
2018.04.27 20:00:35.741,1.32289,1.32293,1.12,1.00
2018.04.27 20:00:36.344,1.3229,1.32293,1.00,1.00
2018.04.27 20:00:36.886,1.3229,1.32294,1.69,1.31
2018.04.27 20:00:37.449,1.32289,1.32294,2.06,1.50
2018.04.27 20:00:38.021,1.32288,1.32294,1.31,1.69
2018.04.27 20:00:38.895,1.32289,1.32294,1.25,1.88
2018.04.27 20:00:39.410,1.32289,1.32294,1.44,1.50
2018.04.27 20:00:39.921,1.32288,1.32294,1.87,1.31
2018.04.27 20:00:39.974,1.32293,1.32296,1.00,1.07
2018.04.27 20:00:40.028,1.32293,1.32299,2.44,1.20
2018.04.27 20:00:40.207,1.32294,1.32301,1.50,2.44
2018.04.27 20:00:40.518,1.32294,1.32301,2.06,2.44
2018.04.27 20:00:41.050,1.32294,1.32301,1.69,1.95
2018.04.27 20:00:41.311,1.32293,1.32301,3.00,2.25
2018.04.27 20:00:42.217,1.32294,1.32301,3.26,1.50
2018.04.27 20:00:43.488,1.32296,1.32302,1.19,3.00
2018.04.27 20:00:44.012,1.32296,1.32302,1.76,1.88
2018.04.27 20:00:44.529,1.32297,1.32303,1.25,5.25
2018.04.27 20:00:45.073,1.32296,1.32303,1.50,5.25
2018.04.27 20:00:45.384,1.32297,1.32302,1.19,1.62
2018.04.27 20:00:45.899,1.32297,1.32302,1.25,1.62
2018.04.27 20:00:46.553,1.32297,1.32302,1.19,1.62
2018.04.27 20:00:47.146,1.32296,1.32302,1.76,1.50
2018.04.27 20:00:47.693,1.32298,1.32303,1.12,3.00
2018.04.27 20:00:47.954,1.32299,1.32305,1.81,2.14
2018.04.27 20:00:48.594,1.32301,1.32306,1.00,2.70
2018.04.27 20:00:49.397,1.323,1.32306,1.87,1.47
2018.04.27 20:00:50.023,1.32301,1.32306,1.00,2.51
2018.04.27 20:00:50.560,1.323,1.32306,1.69,2.14
2018.04.27 20:00:50.818,1.32303,1.32308,1.25,1.01
2018.04.27 20:00:51.463,1.32303,1.32309,1.25,1.31
2018.04.27 20:00:51.979,1.32301,1.32309,3.00,2.00
2018.04.27 20:00:52.708,1.32301,1.32308,2.32,1.87
2018.04.27 20:00:53.211,1.32301,1.32308,1.57,1.69
2018.04.27 20:00:54.203,1.32301,1.3231,1.57,4.57
2018.04.27 20:00:54.898,1.32302,1.3231,1.19,4.01
2018.04.27 20:00:55.782,1.32301,1.3231,2.14,3.82
2018.04.27 20:00:56.491,1.32301,1.3231,2.51,3.82
2018.04.27 20:00:56.807,1.32306,1.3231,1.00,4.57
2018.04.27 20:00:56.861,1.32307,1.32311,1.00,1.20
2018.04.27 20:00:57.121,1.3231,1.32315,1.00,1.87
2018.04.27 20:00:58.081,1.32311,1.32316,1.00,1.01
2018.04.27 20:00:59.071,1.32311,1.32317,1.25,4.39
2018.04.27 20:01:00.187,1.32312,1.32317,1.00,3.64
2018.04.27 20:01:00.343,1.32314,1.32318,1.00,1.57
2018.04.27 20:01:00.870,1.32312,1.32319,2.06,2.14
2018.04.27 20:01:01.626,1.32312,1.3232,2.14,1.57
2018.04.27 20:01:02.537,1.32313,1.32321,1.31,3.64
2018.04.27 20:01:03.054,1.32313,1.32321,2.14,2.32
2018.04.27 20:01:04.253,1.32313,1.32321,1.39,2.89
2018.04.27 20:01:05.973,1.32313,1.32321,2.14,2.51
2018.04.27 20:01:06.510,1.32313,1.3232,1.31,1.76
2018.04.27 20:01:07.045,1.32313,1.3232,1.31,2.06
2018.04.27 20:01:08.920,1.32312,1.3232,1.76,2.14
2018.04.27 20:01:09.446,1.32312,1.3232,2.51,2.06
2018.04.27 20:01:09.549,1.32313,1.3232,1.39,2.06
2018.04.27 20:01:10.065,1.32314,1.32321,1.12,1.70
2018.04.27 20:01:10.272,1.32316,1.32321,1.00,1.57
2018.04.27 20:01:10.845,1.32315,1.32321,1.00,2.14
2018.04.27 20:01:11.352,1.32316,1.32322,1.00,2.51
2018.04.27 20:01:11.895,1.32315,1.32321,1.12,1.25
2018.04.27 20:01:12.729,1.32314,1.32322,1.81,3.26
2018.04.27 20:01:20.649,1.32316,1.32322,2.06,2.06
2018.04.27 20:01:21.767,1.32316,1.32322,1.31,2.51
2018.04.27 20:01:24.608,1.32315,1.32322,1.81,1.95
2018.04.27 20:01:26.333,1.32315,1.32322,2.06,1.95
2018.04.27 20:01:26.743,1.32316,1.32322,2.25,1.39
2018.04.27 20:01:28.173,1.32316,1.32322,1.31,2.14
2018.04.27 20:01:30.336,1.32315,1.32322,2.06,1.95
2018.04.27 20:01:31.545,1.32315,1.32322,2.25,1.95
2018.04.27 20:01:32.606,1.32316,1.32321,1.12,1.20
2018.04.27 20:01:35.038,1.32316,1.32323,2.25,4.05
2018.04.27 20:01:35.586,1.32316,1.32321,2.25,1.12
2018.04.27 20:01:36.141,1.32316,1.32323,2.25,4.80
2018.04.27 20:01:36.646,1.32316,1.32323,1.31,4.80
2018.04.27 20:01:37.243,1.32318,1.32323,1.25,2.32
2018.04.27 20:01:37.843,1.32318,1.32323,1.19,2.25
2018.04.27 20:01:39.336,1.32318,1.32324,1.56,3.94
2018.04.27 20:01:40.604,1.32318,1.32324,2.44,1.00
2018.04.27 20:01:43.474,1.32319,1.32323,1.56,1.00
2018.04.27 20:01:44.644,1.32319,1.32323,1.69,1.00
2018.04.27 20:01:45.225,1.32321,1.32325,2.06,1.00
2018.04.27 20:01:45.278,1.32321,1.32328,4.69,1.95
2018.04.27 20:01:45.433,1.32323,1.32329,2.81,1.20
2018.04.27 20:01:47.913,1.32322,1.3233,9.56,2.14
2018.04.27 20:01:48.454,1.32323,1.3233,1.12,1.76
2018.04.27 20:01:49.004,1.32323,1.3233,1.12,3.82
2018.04.27 20:01:49.212,1.32323,1.32327,1.12,1.50
2018.04.27 20:01:49.266,1.32321,1.32326,1.76,1.00
2018.04.27 20:01:49.784,1.32319,1.32325,2.44,1.50
2018.04.27 20:01:50.436,1.32319,1.32325,2.44,2.44
2018.04.27 20:01:53.004,1.32318,1.32324,1.31,1.69
2018.04.27 20:01:55.149,1.32317,1.32324,1.76,2.81
2018.04.27 20:01:55.687,1.32317,1.32324,1.39,3.00
2018.04.27 20:01:56.299,1.32317,1.32324,1.39,3.56
2018.04.27 20:01:57.055,1.32319,1.32324,1.00,2.62
2018.04.27 20:01:57.365,1.32318,1.32325,3.19,1.87
2018.04.27 20:01:58.088,1.32321,1.32326,1.87,1.00
2018.04.27 20:01:58.654,1.32322,1.32327,1.00,2.51
2018.04.27 20:01:59.162,1.32322,1.32328,1.50,1.57
2018.04.27 20:02:00.071,1.32322,1.32328,1.50,1.01
2018.04.27 20:02:00.616,1.32321,1.32329,1.62,2.51
2018.04.27 20:02:01.868,1.32322,1.32328,1.12,2.25
2018.04.27 20:02:03.626,1.32319,1.32325,4.57,1.00
2018.04.27 20:02:04.714,1.32319,1.32325,2.62,1.00
2018.04.27 20:02:05.020,1.32322,1.32327,1.69,1.25
2018.04.27 20:02:07.553,1.32322,1.32328,1.69,1.01
2018.04.27 20:02:12.221,1.32323,1.32329,1.69,4.57
2018.04.27 20:02:13.709,1.32323,1.32324,1.00,1.00
2018.04.27 20:02:13.764,1.32319,1.32322,1.50,1.00
2018.04.27 20:02:13.869,1.32318,1.32321,1.39,1.00
2018.04.27 20:02:14.109,1.32314,1.32318,1.01,1.00
2018.04.27 20:02:14.610,1.32312,1.32318,2.51,1.00
2018.04.27 20:02:15.122,1.32312,1.32317,2.00,1.00
2018.04.27 20:02:21.947,1.32313,1.32317,1.31,1.00
2018.04.27 20:02:22.489,1.32313,1.32317,1.37,1.00
2018.04.27 20:02:25.825,1.32311,1.32317,2.44,1.00
2018.04.27 20:02:26.635,1.32309,1.32314,1.57,1.00
2018.04.27 20:02:26.947,1.32308,1.32312,1.37,1.00
2018.04.27 20:02:27.105,1.32306,1.32311,1.69,1.00
2018.04.27 20:02:27.312,1.32311,1.32317,2.25,1.37
2018.04.27 20:02:27.625,1.32311,1.32315,3.26,1.00
2018.04.27 20:02:28.085,1.3231,1.32314,1.32,1.00
2018.04.27 20:02:28.363,1.32309,1.32314,1.31,1.00
2018.04.27 20:02:29.025,1.3231,1.32314,1.25,1.00
2018.04.27 20:02:29.236,1.32308,1.32312,2.51,1.00
2018.04.27 20:02:29.397,1.32307,1.32313,3.00,1.12
2018.04.27 20:02:29.503,1.3231,1.32314,1.50,1.12
2018.04.27 20:02:30.372,1.32309,1.32313,1.62,1.00
2018.04.27 20:02:30.921,1.32308,1.32313,4.95,1.00
2018.04.27 20:02:31.026,1.32309,1.32315,1.87,2.25
2018.04.27 20:02:31.731,1.32309,1.32315,2.89,1.69
2018.04.27 20:02:32.966,1.32309,1.32315,1.57,2.25
2018.04.27 20:02:33.237,1.32309,1.32313,1.50,1.00
2018.04.27 20:02:34.194,1.32309,1.32313,1.31,1.00
2018.04.27 20:02:34.887,1.32309,1.32315,1.31,4.50
2018.04.27 20:02:35.730,1.32309,1.32315,2.06,2.25
2018.04.27 20:02:36.259,1.32308,1.32315,2.06,1.37
2018.04.27 20:02:37.196,1.32309,1.32315,1.12,1.88
2018.04.27 20:02:38.008,1.32309,1.32313,1.12,1.25
2018.04.27 20:02:38.226,1.32306,1.32312,1.37,1.12
2018.04.27 20:02:39.556,1.32307,1.32312,1.12,1.50
2018.04.27 20:02:40.480,1.32306,1.32312,1.00,2.25
2018.04.27 20:02:41.017,1.32307,1.32312,1.00,2.81
2018.04.27 20:02:41.593,1.32306,1.32312,1.00,2.06
2018.04.27 20:02:42.175,1.32306,1.32312,1.37,2.06
2018.04.27 20:02:42.962,1.32307,1.32312,1.12,3.38
2018.04.27 20:02:43.266,1.32308,1.32313,1.37,1.00
2018.04.27 20:02:44.542,1.32309,1.32313,1.37,1.00
2018.04.27 20:02:47.247,1.32309,1.32315,1.37,1.69
2018.04.27 20:02:56.275,1.32309,1.32315,1.56,1.13
2018.04.27 20:02:56.793,1.32309,1.32315,1.81,1.44
2018.04.27 20:02:57.492,1.32308,1.32315,4.20,1.25
2018.04.27 20:03:00.726,1.32308,1.32316,3.64,2.14
2018.04.27 20:03:01.266,1.3231,1.32316,1.56,1.00
2018.04.27 20:03:03.223,1.3231,1.32316,1.12,1.00
2018.04.27 20:03:04.128,1.32312,1.32319,1.81,2.33
2018.04.27 20:03:04.181,1.32314,1.32321,1.50,3.08
2018.04.27 20:03:04.234,1.32313,1.32321,7.20,2.14
2018.04.27 20:03:05.291,1.32314,1.32321,4.20,2.06
2018.04.27 20:03:06.042,1.32314,1.32321,3.26,1.31
2018.04.27 20:03:06.579,1.32316,1.32322,1.10,1.50
2018.04.27 20:03:07.086,1.32317,1.32322,1.01,1.50
2018.04.27 20:03:07.620,1.32316,1.32322,2.32,1.00
2018.04.27 20:03:13.067,1.32316,1.32322,2.32,1.00
2018.04.27 20:03:14.322,1.32317,1.32322,2.32,1.00
2018.04.27 20:03:15.253,1.32316,1.32322,1.57,1.50
2018.04.27 20:03:15.770,1.32315,1.32321,1.62,1.31
2018.04.27 20:03:17.717,1.32315,1.32321,1.69,1.12
2018.04.27 20:03:18.229,1.32315,1.32322,3.45,1.87
2018.04.27 20:03:18.743,1.32315,1.32321,1.76,1.25
2018.04.27 20:03:19.586,1.32317,1.32323,3.00,1.37
2018.04.27 20:03:19.898,1.3232,1.32327,1.95,3.38
2018.04.27 20:03:20.240,1.3232,1.32327,1.76,3.56
2018.04.27 20:03:20.811,1.3232,1.32327,2.70,3.19
2018.04.27 20:03:21.346,1.3232,1.32327,1.76,3.19
2018.04.27 20:03:21.965,1.3232,1.32327,2.70,3.19
2018.04.27 20:03:22.500,1.32321,1.32327,1.62,1.69
2018.04.27 20:03:23.007,1.3232,1.32327,3.45,2.44
2018.04.27 20:03:24.699,1.3232,1.32327,1.69,3.08
2018.04.27 20:03:25.203,1.32321,1.32326,1.12,1.00
2018.04.27 20:03:25.513,1.32319,1.32324,1.50,1.50
2018.04.27 20:03:26.197,1.3232,1.32325,3.00,1.00
2018.04.27 20:03:26.739,1.3232,1.32326,4.12,1.13
2018.04.27 20:03:27.685,1.3232,1.32326,1.37,1.44
2018.04.27 20:03:28.507,1.3232,1.32326,1.69,1.50
2018.04.27 20:03:29.718,1.3232,1.32326,2.44,1.69
2018.04.27 20:03:30.239,1.32321,1.32326,1.31,1.50
2018.04.27 20:03:30.817,1.32321,1.32326,1.69,1.13
2018.04.27 20:03:31.715,1.32321,1.32326,1.31,1.00
2018.04.27 20:03:32.304,1.32317,1.32324,1.95,3.60
2018.04.27 20:03:33.407,1.32316,1.32322,2.19,1.69
2018.04.27 20:03:34.882,1.32318,1.32325,4.95,2.25
2018.04.27 20:03:35.391,1.32318,1.32324,2.44,1.13
2018.04.27 20:03:35.446,1.32317,1.32322,1.95,1.44
2018.04.27 20:03:36.064,1.32316,1.32322,2.44,1.38
2018.04.27 20:03:36.760,1.32316,1.32322,1.69,1.25
2018.04.27 20:03:37.421,1.32317,1.32322,1.62,1.44
2018.04.27 20:03:41.092,1.32317,1.32321,1.31,1.25
2018.04.27 20:03:47.810,1.32318,1.32321,1.25,1.25
2018.04.27 20:03:49.734,1.32317,1.32322,2.06,1.69
2018.04.27 20:03:49.786,1.32316,1.3232,3.82,1.50
2018.04.27 20:03:49.891,1.32314,1.32319,1.62,3.38
2018.04.27 20:03:50.101,1.32311,1.32317,2.06,1.12
2018.04.27 20:03:51.365,1.3231,1.32317,3.94,2.06
2018.04.27 20:03:51.882,1.32311,1.32317,1.25,3.00
2018.04.27 20:03:52.575,1.32312,1.32317,1.00,1.12
2018.04.27 20:03:53.078,1.32311,1.32317,1.31,1.10
2018.04.27 20:03:53.621,1.32311,1.32317,3.56,1.25
2018.04.27 20:03:53.835,1.32313,1.32318,1.50,1.50
2018.04.27 20:03:54.364,1.32313,1.32318,1.00,2.25
2018.04.27 20:03:55.955,1.32312,1.32318,2.14,1.00
2018.04.27 20:03:56.514,1.32312,1.32318,3.64,1.00
2018.04.27 20:03:58.350,1.32315,1.3232,3.19,1.57
2018.04.27 20:03:58.455,1.32318,1.32324,2.06,1.25
2018.04.27 20:03:58.509,1.32321,1.32325,2.44,1.00
2018.04.27 20:03:58.563,1.32322,1.32327,1.87,1.00
2018.04.27 20:03:59.957,1.32322,1.32327,1.87,1.19
2018.04.27 20:04:00.113,1.3232,1.32324,1.20,2.63
2018.04.27 20:04:00.219,1.32316,1.32322,2.44,2.25
2018.04.27 20:04:00.831,1.32316,1.32322,1.50,4.31
2018.04.27 20:04:01.348,1.32315,1.32322,2.70,3.94
2018.04.27 20:04:01.956,1.32316,1.32322,1.37,4.31
2018.04.27 20:04:02.617,1.32315,1.32322,2.70,3.19
2018.04.27 20:04:03.205,1.32315,1.32322,1.76,4.31
2018.04.27 20:04:03.259,1.32313,1.32318,3.07,1.44
2018.04.27 20:04:03.779,1.32313,1.32319,2.44,1.50
2018.04.27 20:04:04.303,1.32313,1.32319,1.69,1.12
2018.04.27 20:04:05.353,1.32315,1.3232,2.44,1.25
2018.04.27 20:04:05.663,1.32314,1.3232,3.19,1.00
2018.04.27 20:04:09.973,1.32313,1.3232,4.39,2.25
2018.04.27 20:04:11.591,1.32313,1.3232,1.62,1.01
2018.04.27 20:04:12.453,1.32313,1.3232,3.00,2.44
2018.04.27 20:04:19.385,1.32313,1.3232,4.50,1.50
2018.04.27 20:04:20.865,1.32313,1.3232,3.45,1.50
2018.04.27 20:04:23.119,1.32314,1.3232,1.37,1.95
2018.04.27 20:04:23.779,1.32314,1.3232,1.12,2.33
2018.04.27 20:04:24.456,1.32313,1.3232,3.38,1.20
2018.04.27 20:04:26.976,1.32316,1.32322,2.00,1.20
2018.04.27 20:04:27.082,1.32317,1.32323,3.56,1.00
2018.04.27 20:04:28.607,1.32317,1.32323,1.20,1.44
2018.04.27 20:04:29.042,1.32319,1.32323,1.25,1.00
2018.04.27 20:04:30.318,1.32319,1.32323,1.19,1.00
2018.04.27 20:04:31.736,1.32318,1.32323,1.56,1.00
2018.04.27 20:04:40.082,1.32317,1.32323,3.19,1.00
2018.04.27 20:04:40.599,1.32321,1.32325,1.37,1.57
2018.04.27 20:04:40.860,1.32323,1.32329,4.20,1.00
2018.04.27 20:04:40.913,1.32327,1.3233,1.25,1.12
2018.04.27 20:04:41.123,1.32328,1.32332,1.00,1.12
2018.04.27 20:04:41.265,1.32329,1.32334,1.37,1.31
2018.04.27 20:04:42.167,1.32329,1.32335,1.37,2.51
2018.04.27 20:04:42.670,1.32329,1.32334,1.69,1.25
2018.04.27 20:04:43.844,1.32329,1.32335,1.50,3.26
2018.04.27 20:04:45.033,1.32329,1.32334,1.31,1.25
2018.04.27 20:04:45.587,1.32329,1.32334,1.62,1.25
2018.04.27 20:04:46.816,1.3233,1.32334,1.62,1.31
2018.04.27 20:04:47.324,1.3233,1.32334,1.31,1.31
2018.04.27 20:04:47.857,1.32327,1.32332,1.01,1.88
2018.04.27 20:04:48.218,1.32327,1.32331,1.69,1.44
2018.04.27 20:04:48.735,1.32327,1.32331,1.31,1.44
2018.04.27 20:04:49.260,1.32323,1.32328,1.01,1.25
2018.04.27 20:04:49.813,1.32323,1.32329,1.01,1.13
2018.04.27 20:04:50.353,1.32322,1.3233,4.01,3.94
2018.04.27 20:04:50.925,1.32322,1.3233,3.07,3.75
2018.04.27 20:04:51.576,1.32324,1.3233,1.50,1.88
2018.04.27 20:04:51.628,1.32325,1.32331,1.50,2.25
2018.04.27 20:04:52.146,1.32327,1.32332,2.06,1.50
2018.04.27 20:04:52.649,1.32327,1.32332,1.56,1.38
2018.04.27 20:04:52.753,1.32327,1.32332,1.62,1.13
2018.04.27 20:04:53.113,1.32325,1.32332,4.01,1.88
2018.04.27 20:04:53.705,1.32326,1.32331,1.62,1.25
2018.04.27 20:04:54.276,1.32326,1.32331,1.00,1.44
2018.04.27 20:04:55.101,1.32326,1.32331,1.25,1.25
2018.04.27 20:04:55.836,1.32326,1.32331,1.25,1.38
2018.04.27 20:04:56.344,1.32325,1.32331,3.56,1.38
2018.04.27 20:04:57.025,1.32325,1.32331,2.81,1.00
2018.04.27 20:04:57.531,1.32325,1.32331,3.56,1.38
2018.04.27 20:04:57.686,1.32324,1.32329,1.56,1.00
2018.04.27 20:04:58.276,1.32324,1.32329,1.66,1.00
2018.04.27 20:05:00.953,1.32322,1.32329,2.51,1.25
2018.04.27 20:05:01.474,1.32324,1.32329,1.31,1.12
2018.04.27 20:05:01.526,1.32324,1.3233,1.31,1.37
2018.04.27 20:05:02.099,1.32327,1.3233,1.00,1.13
2018.04.27 20:05:02.844,1.32326,1.32332,2.06,2.70
2018.04.27 20:05:03.338,1.32324,1.32329,1.39,1.87
2018.04.27 20:05:03.394,1.32322,1.32327,1.66,1.12
2018.04.27 20:05:03.707,1.32322,1.32327,1.00,1.75
2018.04.27 20:05:05.641,1.32321,1.32327,2.06,1.50
2018.04.27 20:05:05.958,1.32325,1.32329,1.69,1.50
2018.04.27 20:05:06.536,1.32326,1.32329,1.19,1.00
2018.04.27 20:05:06.742,1.32325,1.32329,1.25,1.00
2018.04.27 20:05:07.257,1.32325,1.32329,1.19,1.00
2018.04.27 20:05:07.787,1.32323,1.32329,2.62,1.00
2018.04.27 20:05:08.521,1.32325,1.32329,1.19,1.00
2018.04.27 20:05:10.602,1.32322,1.32325,1.26,1.00
2018.04.27 20:05:11.324,1.32322,1.32328,1.19,2.25
2018.04.27 20:05:11.848,1.32322,1.32328,1.19,2.25
2018.04.27 20:05:12.482,1.32322,1.32328,1.31,2.25
2018.04.27 20:05:13.045,1.32323,1.32328,1.19,2.06
2018.04.27 20:05:14.488,1.32323,1.32328,1.31,1.31
2018.04.27 20:05:15.089,1.32322,1.32328,2.51,1.31
2018.04.27 20:05:16.917,1.32322,1.32328,1.39,1.37
2018.04.27 20:05:18.262,1.32323,1.32328,1.19,1.00
2018.04.27 20:05:20.746,1.32322,1.32329,4.20,1.12
2018.04.27 20:05:21.058,1.32327,1.32331,1.25,1.12
2018.04.27 20:05:21.779,1.32327,1.32332,1.19,2.89
2018.04.27 20:05:22.767,1.32327,1.32331,1.25,1.00
2018.04.27 20:05:23.377,1.32327,1.32331,1.19,1.00
2018.04.27 20:05:25.745,1.32327,1.32332,1.31,2.70
2018.04.27 20:05:26.349,1.32327,1.32332,1.31,1.48
2018.04.27 20:05:27.881,1.32327,1.32332,1.31,1.95
2018.04.27 20:05:28.710,1.32327,1.32332,1.31,2.89
2018.04.27 20:05:30.797,1.32327,1.32331,1.31,1.25
2018.04.27 20:05:34.311,1.32329,1.32331,1.00,1.00
2018.04.27 20:05:34.935,1.32329,1.32332,1.25,1.31
2018.04.27 20:05:35.475,1.32329,1.32332,1.19,1.69
2018.04.27 20:05:35.976,1.32329,1.32332,1.25,1.25
2018.04.27 20:05:36.584,1.32329,1.32332,1.19,1.69
2018.04.27 20:05:40.929,1.32329,1.32332,1.00,1.00
2018.04.27 20:05:41.536,1.32329,1.32332,1.00,1.88
2018.04.27 20:05:41.853,1.32326,1.32331,1.31,2.81
2018.04.27 20:05:42.039,1.32326,1.32328,1.12,1.00
2018.04.27 20:05:42.990,1.32325,1.32328,1.31,1.00
2018.04.27 20:05:43.989,1.32325,1.32328,1.31,1.00
2018.04.27 20:05:44.491,1.32325,1.32328,1.31,1.00
2018.04.27 20:05:45.145,1.32325,1.32328,1.31,1.00
2018.04.27 20:05:46.403,1.32325,1.32328,1.31,1.00
2018.04.27 20:05:47.908,1.32325,1.32328,1.31,1.00
2018.04.27 20:05:48.962,1.32324,1.32328,1.62,1.00
2018.04.27 20:05:52.473,1.32325,1.32328,1.31,1.00
2018.04.27 20:05:53.039,1.32325,1.32328,1.31,1.00
2018.04.27 20:05:53.569,1.32325,1.32328,1.31,1.00
2018.04.27 20:05:55.700,1.32325,1.32328,1.12,1.00
2018.04.27 20:05:56.204,1.32325,1.32328,1.31,1.00
2018.04.27 20:05:59.344,1.32322,1.32327,2.63,1.25
2018.04.27 20:05:59.396,1.32322,1.32328,1.69,1.37
2018.04.27 20:06:00.046,1.32322,1.32328,2.51,2.25
2018.04.27 20:06:00.637,1.32321,1.32328,1.76,1.12
2018.04.27 20:06:01.169,1.32321,1.32328,1.39,2.44
2018.04.27 20:06:04.394,1.32322,1.32328,1.57,1.50
2018.04.27 20:06:05.526,1.32321,1.32328,1.20,2.44
2018.04.27 20:06:07.246,1.32321,1.32327,1.20,2.06
2018.04.27 20:06:07.795,1.3232,1.32327,3.19,1.50
2018.04.27 20:06:08.289,1.32321,1.32327,1.25,3.00
2018.04.27 20:06:08.792,1.3232,1.32327,1.57,2.06
2018.04.27 20:06:09.491,1.3232,1.32326,1.76,1.00
2018.04.27 20:06:10.765,1.3232,1.32327,1.95,1.81
2018.04.27 20:06:14.048,1.32321,1.32327,1.56,1.12
2018.04.27 20:06:16.211,1.32323,1.32327,1.70,1.50
2018.04.27 20:06:40.235,1.32324,1.32327,1.95,1.13
2018.04.27 20:06:42.419,1.32324,1.32328,1.95,1.50
2018.04.27 20:06:43.818,1.32324,1.32327,1.10,1.31
2018.04.27 20:06:45.132,1.32322,1.32326,1.39,1.31
2018.04.27 20:06:45.644,1.32322,1.32326,1.20,2.44
2018.04.27 20:06:52.097,1.32322,1.32325,2.14,1.44
2018.04.27 20:06:52.665,1.32322,1.32325,2.14,1.00
2018.04.27 20:06:53.832,1.32322,1.32325,2.14,1.44
2018.04.27 20:06:54.364,1.32322,1.32325,2.14,1.25
2018.04.27 20:06:59.339,1.32323,1.32327,1.00,1.37
2018.04.27 20:06:59.689,1.32328,1.32331,1.20,1.00
2018.04.27 20:07:00.394,1.32327,1.32329,1.20,1.00
2018.04.27 20:07:00.939,1.32327,1.32329,1.45,1.00
2018.04.27 20:07:02.922,1.32327,1.32328,1.20,1.50
2018.04.27 20:07:04.085,1.32327,1.32328,1.20,1.00
2018.04.27 20:07:04.592,1.32326,1.32328,1.01,1.00
2018.04.27 20:07:05.124,1.32326,1.32328,1.29,1.00
2018.04.27 20:07:08.241,1.32325,1.32328,1.76,1.00
2018.04.27 20:07:08.798,1.32325,1.32327,1.39,1.12
2018.04.27 20:07:09.613,1.32323,1.32326,2.89,1.00
2018.04.27 20:07:10.145,1.32324,1.32326,1.95,1.00
2018.04.27 20:07:10.659,1.32324,1.32327,1.20,1.12
2018.04.27 20:07:19.972,1.32323,1.32327,2.14,1.31
2018.04.27 20:07:21.781,1.32324,1.32326,1.20,1.00
2018.04.27 20:07:27.313,1.32324,1.32327,2.14,1.00
2018.04.27 20:07:28.066,1.32325,1.32327,2.14,1.00
2018.04.27 20:07:28.335,1.32325,1.32328,1.20,1.12
2018.04.27 20:07:28.879,1.32324,1.32328,1.39,1.12
2018.04.27 20:07:28.931,1.32325,1.32328,1.39,1.12
2018.04.27 20:07:32.934,1.32324,1.32328,2.51,1.00
2018.04.27 20:07:33.830,1.32324,1.32328,2.51,1.00
2018.04.27 20:07:35.398,1.32324,1.32328,1.39,1.00
2018.04.27 20:07:35.713,1.32324,1.32328,1.26,1.00
2018.04.27 20:07:36.239,1.32324,1.32328,2.51,1.00
2018.04.27 20:07:38.759,1.32324,1.32328,1.39,1.12
2018.04.27 20:07:45.211,1.32327,1.32328,1.25,1.00
2018.04.27 20:07:45.733,1.32325,1.32329,1.19,1.00
2018.04.27 20:07:45.798,1.32326,1.32331,1.39,1.69
2018.04.27 20:07:45.851,1.32326,1.32333,2.14,1.31
2018.04.27 20:07:46.162,1.32329,1.32333,1.29,1.12
2018.04.27 20:07:48.335,1.32331,1.32333,1.00,1.00
2018.04.27 20:07:51.951,1.32329,1.32333,1.76,1.25
2018.04.27 20:07:52.640,1.3233,1.32334,1.29,1.25
2018.04.27 20:07:54.185,1.32333,1.32334,1.00,1.00
2018.04.27 20:07:59.264,1.32333,1.32335,1.29,1.00
2018.04.27 20:07:59.421,1.32332,1.32334,1.76,1.00
2018.04.27 20:07:59.808,1.32333,1.32335,1.29,1.00
2018.04.27 20:08:00.344,1.32333,1.32335,1.29,1.00
2018.04.27 20:08:02.497,1.32332,1.32335,1.56,1.00
2018.04.27 20:08:02.655,1.32329,1.32334,1.31,1.87
2018.04.27 20:08:03.157,1.32328,1.32333,1.56,1.25
2018.04.27 20:08:04.841,1.3233,1.32333,1.31,1.25
2018.04.27 20:08:06.113,1.3233,1.32334,1.31,2.44
2018.04.27 20:08:06.621,1.3233,1.32334,1.31,1.00
2018.04.27 20:08:06.934,1.32329,1.32332,1.56,1.00
2018.04.27 20:08:08.485,1.3233,1.32334,1.19,1.12
2018.04.27 20:08:09.793,1.32332,1.32334,1.00,1.00
2018.04.27 20:08:10.510,1.32331,1.32334,1.25,1.00
2018.04.27 20:08:11.166,1.32331,1.32334,1.19,1.00
2018.04.27 20:08:11.722,1.3233,1.32334,1.31,1.25
2018.04.27 20:08:11.979,1.32328,1.32333,1.31,1.31
2018.04.27 20:08:12.485,1.32328,1.32333,1.31,1.31
2018.04.27 20:08:13.125,1.32329,1.32333,1.25,1.87
2018.04.27 20:08:13.841,1.32327,1.32332,1.56,1.12
2018.04.27 20:08:14.501,1.32329,1.32333,1.00,2.25
2018.04.27 20:08:15.529,1.3233,1.32333,1.25,1.12
2018.04.27 20:08:16.581,1.32329,1.32333,1.25,2.06
2018.04.27 20:08:16.786,1.32329,1.32333,2.06,1.25
2018.04.27 20:08:17.335,1.32332,1.32334,1.25,1.00
2018.04.27 20:08:18.387,1.3233,1.32334,1.69,1.00
2018.04.27 20:08:21.264,1.32332,1.32335,1.25,1.25
2018.04.27 20:08:21.799,1.32333,1.32337,1.00,3.00
2018.04.27 20:08:22.447,1.32333,1.32337,1.00,3.00
2018.04.27 20:08:26.677,1.32334,1.32337,1.25,2.06
2018.04.27 20:08:29.595,1.32333,1.32337,2.06,1.00
2018.04.27 20:08:30.598,1.32334,1.32337,1.25,1.69
2018.04.27 20:08:34.775,1.32333,1.32337,1.12,1.00
2018.04.27 20:08:39.500,1.32332,1.32337,1.25,1.87
2018.04.27 20:08:40.013,1.32332,1.32337,1.19,1.25
2018.04.27 20:08:40.540,1.32333,1.32336,1.25,1.12
2018.04.27 20:08:41.308,1.32332,1.32336,1.25,1.25
2018.04.27 20:08:42.028,1.32332,1.32336,1.19,2.25
2018.04.27 20:08:42.558,1.32332,1.32335,1.25,1.00
2018.04.27 20:08:43.193,1.32333,1.32336,1.00,1.87
2018.04.27 20:08:43.791,1.32334,1.32337,1.25,2.62
2018.04.27 20:08:44.330,1.32333,1.32337,1.00,1.69
2018.04.27 20:08:47.909,1.32334,1.32337,1.25,3.37
2018.04.27 20:08:48.013,1.32332,1.32337,1.00,5.62
2018.04.27 20:08:48.617,1.32333,1.32336,1.25,1.50
2018.04.27 20:08:54.750,1.32334,1.32336,1.25,1.50
2018.04.27 20:09:00.520,1.32334,1.32337,1.00,2.44
2018.04.27 20:09:00.868,1.32332,1.32337,1.25,1.69
2018.04.27 20:09:01.384,1.32331,1.32336,1.31,1.50
2018.04.27 20:09:01.923,1.32331,1.32336,1.31,1.87
2018.04.27 20:09:02.972,1.32331,1.32336,1.31,1.50
2018.04.27 20:09:07.712,1.32331,1.32336,1.31,1.87
2018.04.27 20:09:08.805,1.32331,1.32336,1.31,1.50
2018.04.27 20:09:09.410,1.32331,1.32336,1.31,1.87
2018.04.27 20:09:12.128,1.32331,1.32336,1.31,1.50
2018.04.27 20:09:12.631,1.32331,1.32336,1.31,1.87
2018.04.27 20:09:13.576,1.32331,1.32336,1.31,1.50
2018.04.27 20:09:14.156,1.32331,1.32336,1.31,1.87
2018.04.27 20:09:14.663,1.32332,1.32335,1.19,1.25
2018.04.27 20:09:17.883,1.32332,1.32336,1.25,2.62
2018.04.27 20:09:19.774,1.32332,1.32336,1.19,1.50
2018.04.27 20:09:21.278,1.32332,1.32337,1.25,3.75
2018.04.27 20:09:21.332,1.32332,1.32335,1.19,1.25
2018.04.27 20:09:23.104,1.3233,1.32335,1.66,1.25
2018.04.27 20:09:25.285,1.32331,1.32336,1.19,2.25
2018.04.27 20:09:25.864,1.32331,1.32335,1.69,1.31
2018.04.27 20:09:26.606,1.32331,1.32336,2.06,1.31
2018.04.27 20:09:28.032,1.3233,1.32335,2.06,1.25
2018.04.27 20:09:28.547,1.32332,1.32337,1.62,4.87
2018.04.27 20:09:29.125,1.32332,1.32337,1.62,3.75
2018.04.27 20:09:29.645,1.32332,1.32336,1.56,1.25
2018.04.27 20:09:31.856,1.32332,1.32336,1.56,1.25
2018.04.27 20:09:32.403,1.32334,1.32337,1.25,2.25
2018.04.27 20:09:32.722,1.32336,1.32338,1.19,1.25
2018.04.27 20:09:32.775,1.32335,1.32338,1.31,1.69
2018.04.27 20:09:33.672,1.32335,1.32337,1.56,1.25
2018.04.27 20:09:34.543,1.32336,1.3234,1.31,1.01
2018.04.27 20:09:35.238,1.32337,1.32341,1.25,2.14
2018.04.27 20:09:36.029,1.32337,1.32341,1.19,2.14
2018.04.27 20:09:37.186,1.32337,1.32341,1.31,1.39
2018.04.27 20:09:37.689,1.32338,1.32341,1.25,2.06
2018.04.27 20:09:44.910,1.32336,1.32342,1.31,5.25
2018.04.27 20:09:45.947,1.32337,1.32341,1.19,1.31
2018.04.27 20:09:46.481,1.32337,1.32341,1.25,1.31
2018.04.27 20:09:47.127,1.32338,1.3234,1.25,1.25
2018.04.27 20:09:48.276,1.32336,1.32341,1.31,1.31
2018.04.27 20:09:52.270,1.32335,1.3234,1.62,1.69
2018.04.27 20:09:52.791,1.32335,1.32339,1.19,1.12
2018.04.27 20:09:53.001,1.32334,1.32339,1.25,2.25
2018.04.27 20:09:53.208,1.32334,1.32337,1.25,1.25
2018.04.27 20:09:55.555,1.32333,1.32337,1.25,1.25
2018.04.27 20:09:58.532,1.32333,1.32335,1.25,1.12
2018.04.27 20:09:58.586,1.32325,1.32332,1.39,2.81
2018.04.27 20:09:59.197,1.32327,1.32331,1.19,1.25
2018.04.27 20:10:00.180,1.32326,1.32332,1.29,3.00
2018.04.27 20:10:00.287,1.32324,1.32331,1.64,2.81
2018.04.27 20:10:00.653,1.32327,1.32332,1.19,1.62
2018.04.27 20:10:01.842,1.32327,1.32333,1.19,1.37
2018.04.27 20:10:02.556,1.32327,1.32333,1.31,2.25
2018.04.27 20:10:03.068,1.32327,1.32333,1.31,1.62
2018.04.27 20:10:03.582,1.32327,1.32333,1.62,1.62
2018.04.27 20:10:04.485,1.32329,1.32333,1.25,2.06
2018.04.27 20:10:05.664,1.32329,1.32333,1.12,1.12
2018.04.27 20:10:06.422,1.32329,1.32334,1.31,1.87
2018.04.27 20:10:07.006,1.32329,1.32334,1.31,1.87
2018.04.27 20:10:07.539,1.32329,1.32334,1.64,1.50
2018.04.27 20:10:08.076,1.32329,1.32334,1.64,1.50
2018.04.27 20:10:09.592,1.32329,1.32334,1.39,1.12
2018.04.27 20:10:10.285,1.32329,1.32334,1.39,1.12
2018.04.27 20:10:10.593,1.32331,1.32336,1.29,1.37
2018.04.27 20:10:10.695,1.32331,1.32336,1.29,1.00
2018.04.27 20:10:11.210,1.32331,1.32336,1.29,1.00
2018.04.27 20:10:11.744,1.32332,1.32337,1.76,1.50
2018.04.27 20:10:12.237,1.32335,1.3234,1.00,1.37
2018.04.27 20:10:12.291,1.32336,1.32341,1.31,1.12
2018.04.27 20:10:12.449,1.32337,1.32341,1.19,1.12
2018.04.27 20:10:13.057,1.32337,1.32341,1.25,1.12
2018.04.27 20:10:13.577,1.32336,1.32341,1.01,1.87
2018.04.27 20:10:14.146,1.32337,1.32343,1.01,2.81
2018.04.27 20:10:14.336,1.32338,1.32343,1.01,2.25
2018.04.27 20:10:14.905,1.32337,1.32343,1.31,2.25
2018.04.27 20:10:15.685,1.32337,1.32343,1.20,3.37
2018.04.27 20:10:16.303,1.32339,1.32343,1.00,1.12
2018.04.27 20:10:16.607,1.3234,1.32343,1.29,1.69
2018.04.27 20:10:17.117,1.3234,1.32344,1.39,3.56
2018.04.27 20:10:17.885,1.3234,1.32343,1.39,1.25
2018.04.27 20:10:18.656,1.32341,1.32345,1.25,3.56
2018.04.27 20:10:19.163,1.32341,1.32347,1.29,3.56
2018.04.27 20:10:19.268,1.32342,1.32348,1.76,3.56
2018.04.27 20:10:19.429,1.32346,1.3235,1.31,1.31
2018.04.27 20:10:19.974,1.32346,1.32351,1.39,1.00
2018.04.27 20:10:21.182,1.32347,1.32352,1.01,3.36
2018.04.27 20:10:23.887,1.32345,1.32351,1.64,2.25
2018.04.27 20:10:24.044,1.32343,1.32349,1.76,2.25
2018.04.27 20:10:24.200,1.32349,1.32351,1.00,2.06
2018.04.27 20:10:24.254,1.32349,1.32354,1.69,2.06
2018.04.27 20:10:24.410,1.32347,1.32354,1.07,2.44
2018.04.27 20:10:24.780,1.32347,1.32352,2.51,1.25
2018.04.27 20:10:25.298,1.32347,1.32353,1.76,1.12
2018.04.27 20:10:25.829,1.3235,1.32355,1.00,3.19
2018.04.27 20:10:26.350,1.3235,1.32356,2.14,1.87
2018.04.27 20:10:26.920,1.3235,1.32356,2.51,1.12
2018.04.27 20:10:27.526,1.32352,1.32356,1.12,1.50
2018.04.27 20:10:28.103,1.32353,1.32355,1.00,1.25
2018.04.27 20:10:28.258,1.32352,1.32357,1.31,3.56
2018.04.27 20:10:28.777,1.32352,1.32357,1.64,1.00
2018.04.27 20:10:29.702,1.32351,1.32356,2.89,1.25
2018.04.27 20:10:29.913,1.32353,1.32359,2.14,3.75
2018.04.27 20:10:30.500,1.32353,1.32357,2.14,1.25
2018.04.27 20:10:30.760,1.32356,1.32357,1.20,1.25
2018.04.27 20:10:31.376,1.32356,1.32357,1.20,1.25
2018.04.27 20:10:31.894,1.32356,1.32358,1.10,1.25
2018.04.27 20:10:32.050,1.32354,1.32357,1.20,2.81
2018.04.27 20:10:32.567,1.32354,1.32356,1.10,1.12
2018.04.27 20:10:33.641,1.32354,1.32356,1.10,1.12
2018.04.27 20:10:34.197,1.32354,1.32356,1.20,1.12
2018.04.27 20:10:34.250,1.32353,1.32356,1.20,1.25
2018.04.27 20:10:34.357,1.32354,1.32358,1.20,1.50
2018.04.27 20:10:34.774,1.32355,1.32356,1.10,1.25
2018.04.27 20:10:35.139,1.32355,1.32358,1.95,1.25
2018.04.27 20:10:35.365,1.32356,1.32358,1.10,3.19
2018.04.27 20:10:35.880,1.32356,1.32358,1.20,2.62
2018.04.27 20:10:36.615,1.32355,1.32358,2.32,1.25
2018.04.27 20:10:36.931,1.32356,1.32358,1.39,1.25
2018.04.27 20:10:36.983,1.32357,1.3236,1.10,1.25
2018.04.27 20:10:37.034,1.32359,1.32361,1.20,1.25
2018.04.27 20:10:37.290,1.3236,1.32363,1.20,2.06
2018.04.27 20:10:37.803,1.3236,1.32363,1.20,1.31
2018.04.27 20:10:38.082,1.32359,1.32363,1.20,1.25
2018.04.27 20:10:38.186,1.3236,1.32364,1.20,2.81
2018.04.27 20:10:38.550,1.3236,1.32362,1.10,1.25
2018.04.27 20:10:39.087,1.32359,1.32363,1.95,1.25
2018.04.27 20:10:39.415,1.3236,1.32364,1.20,4.50
2018.04.27 20:10:39.959,1.32361,1.32363,1.20,1.25
2018.04.27 20:10:41.599,1.3236,1.32363,1.39,1.25
2018.04.27 20:10:41.912,1.32362,1.32365,1.10,7.50
2018.04.27 20:10:41.965,1.32361,1.32365,1.20,6.75
2018.04.27 20:10:42.225,1.3236,1.32363,1.20,5.06
2018.04.27 20:10:42.278,1.3236,1.32363,1.57,1.25
2018.04.27 20:10:42.693,1.32363,1.32366,1.20,2.06
2018.04.27 20:10:43.235,1.32363,1.32366,1.20,2.06
2018.04.27 20:10:43.287,1.32363,1.32365,1.20,1.31
2018.04.27 20:10:43.917,1.32364,1.32366,1.20,1.25
2018.04.27 20:10:44.473,1.32364,1.32366,1.20,1.25
2018.04.27 20:10:45.063,1.32364,1.32365,1.20,1.25
2018.04.27 20:10:45.863,1.32363,1.32365,1.20,1.25
2018.04.27 20:10:48.167,1.32363,1.32366,1.20,2.06
2018.04.27 20:10:48.687,1.32363,1.32365,1.20,1.25
2018.04.27 20:10:49.287,1.32363,1.32366,1.20,2.44
2018.04.27 20:10:49.821,1.32364,1.32367,1.20,3.00
2018.04.27 20:10:49.925,1.32364,1.32365,1.20,1.25
2018.04.27 20:10:51.061,1.32364,1.32366,1.20,1.69
2018.04.27 20:10:51.668,1.32364,1.32365,1.20,1.25
2018.04.27 20:10:54.118,1.32364,1.32366,1.20,1.00
2018.04.27 20:10:54.640,1.32364,1.32365,1.20,1.25
2018.04.27 20:10:55.183,1.32364,1.32366,1.20,1.25
2018.04.27 20:10:55.731,1.32364,1.32367,1.20,2.44
2018.04.27 20:10:56.252,1.32364,1.32366,1.20,1.25
2018.04.27 20:10:56.783,1.32364,1.32366,1.20,1.37
2018.04.27 20:10:59.156,1.32363,1.32364,1.57,1.25
2018.04.27 20:11:00.712,1.3236,1.32365,2.51,2.81
2018.04.27 20:11:01.252,1.3236,1.32364,1.01,1.69
2018.04.27 20:11:01.985,1.32359,1.32363,2.70,1.25
2018.04.27 20:11:03.687,1.32359,1.32364,1.01,2.44
2018.04.27 20:11:05.008,1.32358,1.32363,1.76,1.25
2018.04.27 20:11:06.158,1.32358,1.32362,1.76,1.25
2018.04.27 20:11:09.641,1.32358,1.32363,1.76,1.69
2018.04.27 20:11:10.236,1.32358,1.32363,1.76,1.69
2018.04.27 20:11:13.153,1.32358,1.32363,1.45,2.44
2018.04.27 20:11:13.945,1.32358,1.32362,1.45,1.25
2018.04.27 20:11:17.961,1.32359,1.32362,1.47,1.25
2018.04.27 20:11:19.384,1.32358,1.32362,2.32,1.00
2018.04.27 20:11:21.408,1.32358,1.3236,1.10,1.31
2018.04.27 20:11:21.460,1.32354,1.32359,1.39,2.44
2018.04.27 20:11:21.973,1.32354,1.32358,1.39,1.25
2018.04.27 20:11:22.521,1.32354,1.32359,1.39,1.25
2018.04.27 20:11:23.042,1.32355,1.3236,1.62,3.56
2018.04.27 20:11:23.566,1.32355,1.32359,1.56,1.25
2018.04.27 20:11:24.092,1.32355,1.32359,1.56,1.25
2018.04.27 20:11:26.252,1.32356,1.3236,1.56,1.31
2018.04.27 20:11:26.406,1.32354,1.32358,1.76,1.25
2018.04.27 20:11:26.668,1.32356,1.32361,1.62,3.94
2018.04.27 20:11:26.720,1.32355,1.32359,1.56,1.25
2018.04.27 20:11:27.266,1.32356,1.3236,2.06,1.25
2018.04.27 20:11:27.792,1.32356,1.32361,2.14,2.44
2018.04.27 20:11:28.246,1.32357,1.32361,1.37,2.44
2018.04.27 20:11:28.767,1.32357,1.3236,1.62,1.25
2018.04.27 20:11:29.839,1.32356,1.32361,2.14,3.19
2018.04.27 20:11:37.829,1.32351,1.32355,1.76,1.25
2018.04.27 20:11:37.904,1.32352,1.32357,1.31,2.06
2018.04.27 20:11:37.957,1.32353,1.32357,1.37,1.25
2018.04.27 20:11:38.458,1.32352,1.32356,2.44,1.25
2018.04.27 20:11:38.991,1.32353,1.32357,1.56,1.25
2018.04.27 20:11:39.832,1.32354,1.32358,1.56,1.25
2018.04.27 20:11:40.727,1.32353,1.32357,2.44,1.25
2018.04.27 20:11:41.867,1.32355,1.32358,1.62,1.25
2018.04.27 20:11:42.186,1.32352,1.32356,2.14,1.25
2018.04.27 20:11:43.505,1.32353,1.32357,1.56,1.25
2018.04.27 20:11:50.266,1.32353,1.32358,1.69,2.44
2018.04.27 20:11:50.768,1.32352,1.32357,3.26,1.25
2018.04.27 20:11:51.326,1.32352,1.32358,2.51,1.25
2018.04.27 20:11:53.034,1.32353,1.3236,1.56,3.45
2018.04.27 20:11:53.191,1.32352,1.32357,2.51,1.25
2018.04.27 20:11:54.042,1.32352,1.32357,1.69,1.00
2018.04.27 20:11:54.914,1.32351,1.32355,1.95,1.25
2018.04.27 20:11:57.406,1.32351,1.32356,1.87,1.25
2018.04.27 20:11:58.985,1.32351,1.32357,1.87,1.69
2018.04.27 20:12:00.342,1.32351,1.32356,1.69,1.25
2018.04.27 20:12:04.136,1.32352,1.32357,1.37,1.69
2018.04.27 20:12:04.683,1.32352,1.32357,1.37,1.69
2018.04.27 20:12:07.414,1.32351,1.32356,1.69,1.25
2018.04.27 20:12:07.987,1.32351,1.32356,1.69,1.25
2018.04.27 20:12:08.527,1.32351,1.32356,1.76,1.25
2018.04.27 20:12:09.687,1.3235,1.32357,2.14,1.69
2018.04.27 20:12:10.291,1.3235,1.32356,2.14,1.25
2018.04.27 20:12:10.633,1.32349,1.32353,1.01,1.25
2018.04.27 20:12:10.687,1.32348,1.32352,1.01,1.25
2018.04.27 20:12:11.887,1.32349,1.32353,1.12,1.25
2018.04.27 20:12:12.398,1.32349,1.32354,1.31,4.69
2018.04.27 20:12:12.794,1.32347,1.32352,1.01,1.25
2018.04.27 20:12:12.896,1.32347,1.32354,1.76,2.44
2018.04.27 20:12:13.411,1.32347,1.32353,1.76,1.25
2018.04.27 20:12:14.362,1.32347,1.32353,1.76,1.25
2018.04.27 20:12:16.132,1.32346,1.32352,3.26,1.25
2018.04.27 20:12:16.645,1.32348,1.32353,1.62,2.44
2018.04.27 20:12:17.663,1.32347,1.32354,2.04,4.31
2018.04.27 20:12:18.281,1.32347,1.32353,1.76,1.25
2018.04.27 20:12:19.855,1.32347,1.32354,1.76,3.19
2018.04.27 20:12:20.924,1.32347,1.32353,1.76,1.25
2018.04.27 20:12:21.443,1.32348,1.32354,1.37,4.69
2018.04.27 20:12:22.182,1.32348,1.32353,1.37,1.25
2018.04.27 20:12:22.934,1.32348,1.32354,1.37,2.81
2018.04.27 20:12:23.688,1.32348,1.32353,1.37,1.25
2018.04.27 20:12:26.334,1.32347,1.32354,2.32,4.31
2018.04.27 20:12:26.891,1.32347,1.32353,2.32,1.25
2018.04.27 20:12:30.584,1.32347,1.32354,2.32,1.50
2018.04.27 20:12:32.199,1.32348,1.32355,1.66,4.12
2018.04.27 20:12:32.253,1.32349,1.32356,2.44,1.76
2018.04.27 20:12:32.568,1.32349,1.32355,1.56,1.25
2018.04.27 20:12:33.173,1.3235,1.32356,1.62,1.12
2018.04.27 20:12:33.714,1.32351,1.32357,1.31,1.39
2018.04.27 20:12:34.257,1.32352,1.32357,1.31,1.00
2018.04.27 20:12:36.803,1.3235,1.32357,1.76,1.00
2018.04.27 20:12:40.172,1.3235,1.32357,1.76,1.00
2018.04.27 20:12:40.744,1.3235,1.32357,2.14,1.12
2018.04.27 20:12:41.533,1.3235,1.32357,2.14,1.00
2018.04.27 20:12:45.127,1.3235,1.32357,2.32,1.50
2018.04.27 20:12:45.662,1.3235,1.32357,2.14,1.00
2018.04.27 20:12:48.210,1.32351,1.32357,1.56,1.00
2018.04.27 20:12:50.202,1.32351,1.32357,1.56,1.00
2018.04.27 20:12:56.128,1.3235,1.32356,1.89,1.00
2018.04.27 20:12:56.689,1.3235,1.32356,1.89,1.00
2018.04.27 20:12:57.507,1.3235,1.32357,1.89,1.87
2018.04.27 20:12:58.321,1.32349,1.32357,2.51,1.87
2018.04.27 20:12:59.103,1.3235,1.32356,1.66,1.00
2018.04.27 20:12:59.641,1.32349,1.32356,3.45,1.00
2018.04.27 20:13:00.165,1.3235,1.32357,1.66,1.87
2018.04.27 20:13:00.668,1.3235,1.32356,1.89,1.00
2018.04.27 20:13:01.358,1.3235,1.32357,1.89,1.12
2018.04.27 20:13:02.074,1.3235,1.32357,1.89,1.12
2018.04.27 20:13:02.682,1.3235,1.32357,1.89,1.12
2018.04.27 20:13:04.284,1.32351,1.32357,1.66,1.12
2018.04.27 20:13:06.143,1.32349,1.32357,3.45,1.12
2018.04.27 20:13:09.672,1.32351,1.32357,1.39,1.00
2018.04.27 20:13:10.285,1.32352,1.32357,1.56,1.00
2018.04.27 20:13:11.038,1.3235,1.32357,1.95,1.00
2018.04.27 20:13:12.629,1.3235,1.32356,2.14,1.00
2018.04.27 20:13:13.609,1.3235,1.32356,2.14,1.00
2018.04.27 20:13:14.162,1.32351,1.32358,2.14,1.37
2018.04.27 20:13:14.690,1.32351,1.32358,2.14,1.12
2018.04.27 20:13:15.229,1.32352,1.32359,1.56,2.89
2018.04.27 20:13:15.801,1.32352,1.32359,1.66,1.62
2018.04.27 20:13:16.509,1.32352,1.32359,1.66,1.31
2018.04.27 20:13:20.948,1.32352,1.32359,1.56,2.81
2018.04.27 20:13:25.168,1.32352,1.32359,1.66,2.81
2018.04.27 20:13:29.292,1.32351,1.32358,1.76,1.00
2018.04.27 20:13:30.226,1.32351,1.32358,1.66,1.00
2018.04.27 20:13:32.886,1.32351,1.32358,1.66,1.00
2018.04.27 20:13:33.428,1.32351,1.32358,1.66,3.19
2018.04.27 20:13:34.421,1.32351,1.32357,1.66,1.25
2018.04.27 20:13:34.524,1.3235,1.32358,1.57,4.76
2018.04.27 20:13:34.936,1.3235,1.32357,1.57,1.62
2018.04.27 20:13:35.929,1.3235,1.32358,1.57,4.76
2018.04.27 20:13:39.283,1.32347,1.32355,1.70,3.37
2018.04.27 20:13:39.336,1.32347,1.32353,1.70,1.25
2018.04.27 20:13:40.028,1.32347,1.32353,1.56,2.62
2018.04.27 20:13:44.969,1.32347,1.32352,1.62,1.00
2018.04.27 20:13:47.934,1.32347,1.32352,1.31,1.87
2018.04.27 20:13:48.675,1.32347,1.32352,1.31,2.06
2018.04.27 20:13:49.289,1.32347,1.32352,1.31,1.87
2018.04.27 20:13:49.995,1.32347,1.32352,1.31,2.06
2018.04.27 20:13:56.184,1.32347,1.3235,1.31,1.00
2018.04.27 20:13:56.351,1.3234,1.32346,2.51,1.50
2018.04.27 20:13:56.871,1.32341,1.32346,1.56,1.50
2018.04.27 20:13:58.043,1.32341,1.32345,1.69,1.00
2018.04.27 20:13:58.784,1.32341,1.32346,1.69,1.00
2018.04.27 20:13:59.866,1.32341,1.32344,1.56,1.00
2018.04.27 20:13:59.972,1.32339,1.32344,1.62,1.00
2018.04.27 20:14:00.246,1.32339,1.32341,1.12,1.00
2018.04.27 20:14:00.299,1.32339,1.32342,1.56,1.00
2018.04.27 20:14:00.455,1.3234,1.32344,1.31,1.25
2018.04.27 20:14:00.609,1.3234,1.32345,1.31,1.12
2018.04.27 20:14:00.870,1.3234,1.32346,1.31,3.19
2018.04.27 20:14:01.374,1.3234,1.32346,1.56,2.44
2018.04.27 20:14:01.897,1.3234,1.32346,1.56,3.00
2018.04.27 20:14:02.413,1.32339,1.32346,1.76,4.69
2018.04.27 20:14:02.963,1.3234,1.32346,1.57,1.31
2018.04.27 20:14:03.322,1.32341,1.32346,1.31,1.12
2018.04.27 20:14:03.477,1.32341,1.32346,1.56,1.69
2018.04.27 20:14:17.051,1.3234,1.32346,2.06,1.00
2018.04.27 20:14:18.791,1.3234,1.32347,2.00,1.31
2018.04.27 20:14:23.751,1.32339,1.32346,1.12,1.00
2018.04.27 20:14:24.754,1.32338,1.32347,1.57,3.82
2018.04.27 20:14:25.389,1.32338,1.32346,2.07,1.31
2018.04.27 20:14:25.940,1.32339,1.32346,1.10,3.19
2018.04.27 20:14:29.662,1.32338,1.32346,1.76,2.81
2018.04.27 20:14:30.756,1.32338,1.32346,2.14,2.81
2018.04.27 20:14:38.488,1.32339,1.32346,1.12,1.12
2018.04.27 20:14:45.734,1.32339,1.32348,2.89,4.01
2018.04.27 20:14:46.840,1.32339,1.32348,3.26,4.39
2018.04.27 20:14:47.375,1.32339,1.32348,2.51,3.45
2018.04.27 20:14:47.936,1.32339,1.32348,3.64,5.74
2018.04.27 20:14:48.307,1.32341,1.3235,2.25,4.20
2018.04.27 20:14:48.361,1.32342,1.3235,2.06,1.31
2018.04.27 20:14:48.414,1.32341,1.3235,1.76,2.62
2018.04.27 20:14:48.932,1.32341,1.3235,2.14,2.51
2018.04.27 20:14:49.586,1.32341,1.3235,2.14,1.47
2018.04.27 20:14:51.146,1.32342,1.3235,1.76,2.14
2018.04.27 20:14:53.511,1.32345,1.32353,2.44,3.11
2018.04.27 20:14:53.565,1.32345,1.32354,2.89,2.51
2018.04.27 20:14:54.155,1.32347,1.32356,1.76,2.70
2018.04.27 20:14:54.945,1.32348,1.32356,1.25,3.30
2018.04.27 20:14:55.477,1.32348,1.32356,1.19,3.30
2018.04.27 20:14:57.499,1.32347,1.32356,1.01,4.05
2018.04.27 20:14:58.153,1.32347,1.32356,1.66,1.99
2018.04.27 20:14:58.789,1.32348,1.32356,1.00,3.30
2018.04.27 20:14:59.924,1.32346,1.32355,3.82,2.92
2018.04.27 20:15:00.429,1.32347,1.32355,1.66,1.10
2018.04.27 20:15:00.994,1.32348,1.32356,1.57,1.95
2018.04.27 20:15:01.628,1.32346,1.32355,3.45,1.12
2018.04.27 20:15:01.784,1.32348,1.32356,1.66,1.95
2018.04.27 20:15:02.856,1.32348,1.32356,1.66,1.95
2018.04.27 20:15:03.414,1.32348,1.32355,1.39,1.00
2018.04.27 20:15:04.060,1.32348,1.32356,1.39,1.95
2018.04.27 20:15:04.585,1.32349,1.32357,1.01,3.64
2018.04.27 20:15:05.965,1.32349,1.32357,1.20,2.70
2018.04.27 20:15:06.551,1.3235,1.32356,1.31,1.00
2018.04.27 20:15:07.372,1.32349,1.32357,1.39,2.70
2018.04.27 20:15:08.687,1.32349,1.32356,1.20,1.00
2018.04.27 20:15:11.508,1.32349,1.32357,1.01,2.70
2018.04.27 20:15:13.103,1.32349,1.32356,1.01,1.00
2018.04.27 20:15:21.294,1.32349,1.32357,1.39,1.95
2018.04.27 20:15:22.140,1.32349,1.32356,1.20,1.25
2018.04.27 20:15:23.193,1.32348,1.32357,1.95,3.26
2018.04.27 20:15:24.445,1.32348,1.32357,1.76,2.51
2018.04.27 20:15:25.321,1.32348,1.32357,1.85,3.82
2018.04.27 20:15:28.052,1.32348,1.32357,1.57,3.07
2018.04.27 20:15:30.740,1.32347,1.32357,1.20,3.82
2018.04.27 20:15:31.377,1.32347,1.32357,1.01,3.07
2018.04.27 20:15:33.501,1.32346,1.32354,1.89,1.37
2018.04.27 20:15:34.696,1.32343,1.32353,3.45,1.95
2018.04.27 20:15:37.069,1.32345,1.32353,1.01,2.14
2018.04.27 20:15:37.624,1.32345,1.32353,1.20,1.12
2018.04.27 20:15:43.027,1.32345,1.32353,1.20,2.06
2018.04.27 20:15:43.541,1.32345,1.32353,1.39,2.06
2018.04.27 20:15:49.424,1.32345,1.32353,1.01,1.12
2018.04.27 20:15:50.965,1.32344,1.32353,2.07,1.12
2018.04.27 20:15:51.973,1.32345,1.32353,1.01,1.20
2018.04.27 20:15:54.148,1.32344,1.32353,2.32,1.95
2018.04.27 20:15:58.318,1.32344,1.32353,2.89,2.14
2018.04.27 20:15:58.852,1.32344,1.32353,2.89,2.14
2018.04.27 20:15:59.236,1.32344,1.32353,3.26,2.14
2018.04.27 20:16:00.294,1.32345,1.32354,2.07,1.57
2018.04.27 20:16:00.346,1.32346,1.32355,1.20,6.26
2018.04.27 20:16:07.390,1.32347,1.32357,1.12,4.20
2018.04.27 20:16:08.075,1.32347,1.32357,1.39,3.82
2018.04.27 20:16:09.056,1.32348,1.32357,1.94,2.32
2018.04.27 20:16:09.636,1.32347,1.32356,1.01,1.62
2018.04.27 20:16:11.950,1.32347,1.32356,1.01,1.39
2018.04.27 20:16:18.061,1.32348,1.32357,1.01,1.95
2018.04.27 20:16:21.085,1.32348,1.32357,1.01,3.64
2018.04.27 20:16:21.589,1.32347,1.32357,1.76,5.14
2018.04.27 20:16:22.225,1.32346,1.32356,1.95,2.14
2018.04.27 20:16:24.478,1.32351,1.32358,1.00,1.20
2018.04.27 20:16:24.659,1.32351,1.32359,1.76,1.47
2018.04.27 20:16:25.271,1.32349,1.32358,2.06,1.76
2018.04.27 20:16:28.025,1.32349,1.32358,1.62,1.76
2018.04.27 20:16:28.562,1.32349,1.32358,1.62,1.76
2018.04.27 20:16:35.640,1.3235,1.32359,3.56,1.76
2018.04.27 20:16:35.694,1.3235,1.32359,2.06,2.51
2018.04.27 20:16:36.217,1.32353,1.32363,2.00,6.45
2018.04.27 20:16:36.761,1.32355,1.32363,1.31,5.51
2018.04.27 20:16:37.413,1.32355,1.32363,1.37,6.45
2018.04.27 20:16:39.853,1.32355,1.32362,1.56,1.70
2018.04.27 20:16:40.391,1.32355,1.32363,1.62,2.14
2018.04.27 20:16:41.188,1.32355,1.32362,1.56,1.76
2018.04.27 20:16:47.425,1.32355,1.32363,1.81,1.76
2018.04.27 20:16:48.277,1.32355,1.32364,1.50,9.30
2018.04.27 20:17:19.076,1.32356,1.32362,1.37,1.20
2018.04.27 20:17:19.683,1.32356,1.32365,1.39,2.89
2018.04.27 20:17:20.292,1.32356,1.32364,1.95,1.39
2018.04.27 20:17:25.241,1.32355,1.32363,1.47,1.47
2018.04.27 20:17:26.237,1.32355,1.32365,5.62,2.51
2018.04.27 20:17:26.396,1.32357,1.32364,1.01,1.00
2018.04.27 20:17:38.902,1.32357,1.32366,1.01,4.20
2018.04.27 20:17:45.951,1.32356,1.32366,1.20,4.20
2018.04.27 20:17:51.318,1.32357,1.32365,1.01,1.57
2018.04.27 20:17:58.432,1.32356,1.32365,1.01,1.57
2018.04.27 20:17:59.706,1.32356,1.32366,1.39,4.01
2018.04.27 20:18:00.676,1.32355,1.32365,2.14,1.69
2018.04.27 20:18:01.198,1.32356,1.32362,1.01,1.00
2018.04.27 20:18:02.030,1.32355,1.32362,1.39,1.00
2018.04.27 20:18:09.996,1.32355,1.32361,1.47,1.00
2018.04.27 20:18:10.609,1.32353,1.32362,2.04,1.00
2018.04.27 20:18:11.161,1.32354,1.32361,1.01,1.00
2018.04.27 20:18:12.044,1.32354,1.32362,1.01,1.20
2018.04.27 20:18:12.199,1.32353,1.32361,1.70,1.00
2018.04.27 20:18:16.936,1.32352,1.3236,1.64,1.12
2018.04.27 20:18:19.136,1.32351,1.32358,1.37,1.00
2018.04.27 20:18:19.721,1.32351,1.32358,1.50,1.37
2018.04.27 20:18:21.288,1.32349,1.32358,2.51,2.06
2018.04.27 20:18:26.184,1.32349,1.32357,1.66,1.31
2018.04.27 20:18:41.133,1.32349,1.32355,1.39,1.00
2018.04.27 20:18:41.657,1.32349,1.32358,1.70,2.51
2018.04.27 20:18:42.257,1.3235,1.32358,1.47,1.76
2018.04.27 20:18:44.941,1.3235,1.32355,1.47,1.00
2018.04.27 20:18:44.993,1.3235,1.32358,1.47,2.14
2018.04.27 20:18:45.922,1.3235,1.32358,1.47,2.14
2018.04.27 20:18:46.386,1.3235,1.32358,1.47,1.39
2018.04.27 20:18:46.990,1.3235,1.32358,1.47,2.14
2018.04.27 20:18:47.522,1.3235,1.32358,1.47,2.14
2018.04.27 20:19:00.849,1.3235,1.32358,1.47,1.39
2018.04.27 20:19:03.762,1.3235,1.32358,1.47,3.26
2018.04.27 20:19:04.709,1.32348,1.32358,2.70,1.66
2018.04.27 20:19:43.803,1.32348,1.32358,2.51,2.32
2018.04.27 20:19:47.616,1.32348,1.32358,2.70,3.26
2018.04.27 20:19:54.357,1.3235,1.32358,1.70,2.25
2018.04.27 20:20:00.187,1.32349,1.32358,1.45,2.32
2018.04.27 20:20:04.631,1.32349,1.32358,2.14,2.44
2018.04.27 20:20:07.897,1.32349,1.32358,1.95,2.25
2018.04.27 20:20:08.912,1.3235,1.32358,1.20,1.50
2018.04.27 20:20:10.188,1.32351,1.32361,2.70,4.01
2018.04.27 20:20:33.411,1.32351,1.32356,3.82,1.00
2018.04.27 20:20:33.571,1.32349,1.32355,1.20,1.00
2018.04.27 20:20:33.910,1.32347,1.32353,4.20,1.00
2018.04.27 20:20:34.020,1.32347,1.32355,1.20,1.00
2018.04.27 20:20:34.124,1.32346,1.32351,1.95,1.00
2018.04.27 20:20:34.745,1.32345,1.3235,4.20,1.00
2018.04.27 20:20:35.249,1.32345,1.3235,3.45,1.00
2018.04.27 20:20:35.933,1.32344,1.3235,1.95,1.00
2018.04.27 20:20:36.452,1.32344,1.3235,1.70,1.00
2018.04.27 20:20:38.497,1.32344,1.32349,1.82,1.00
2018.04.27 20:20:39.959,1.32344,1.3235,1.57,1.00
2018.04.27 20:20:55.171,1.32344,1.3235,1.95,1.00
2018.04.27 20:21:00.005,1.32344,1.32349,1.87,1.00
2018.04.27 20:21:01.086,1.32344,1.32348,1.50,1.00
2018.04.27 20:21:01.138,1.32343,1.32347,2.89,1.00
2018.04.27 20:21:01.243,1.32343,1.32351,1.39,1.69
2018.04.27 20:21:01.788,1.32343,1.3235,1.45,1.00
2018.04.27 20:21:02.049,1.32343,1.32346,1.45,1.00
2018.04.27 20:21:02.102,1.3234,1.32347,1.20,3.00
2018.04.27 20:21:02.361,1.32342,1.32345,1.62,1.00
2018.04.27 20:21:02.894,1.32342,1.32345,1.76,1.00
2018.04.27 20:21:03.501,1.32342,1.32345,1.76,1.00
2018.04.27 20:21:03.844,1.32342,1.32347,1.76,1.00
2018.04.27 20:21:04.385,1.32342,1.32348,1.57,1.00
2018.04.27 20:21:04.490,1.32347,1.32352,1.50,2.70
2018.04.27 20:21:05.023,1.32346,1.32352,2.14,1.25
2018.04.27 20:21:07.968,1.32346,1.32352,1.01,1.19
2018.04.27 20:21:08.893,1.32345,1.32352,2.14,1.19
2018.04.27 20:21:10.544,1.32345,1.3235,1.57,1.00
2018.04.27 20:21:11.343,1.32345,1.32349,1.63,1.00
2018.04.27 20:21:16.136,1.32344,1.32349,1.76,1.00
2018.04.27 20:21:29.884,1.32344,1.3235,1.39,1.12
2018.04.27 20:21:31.320,1.32343,1.32349,1.76,1.00
2018.04.27 20:21:33.199,1.32343,1.3235,1.70,1.12
2018.04.27 20:21:33.823,1.32343,1.32349,1.76,1.00
2018.04.27 20:21:34.480,1.32342,1.3235,3.08,1.12
2018.04.27 20:21:35.112,1.32343,1.32349,1.01,1.00
2018.04.27 20:21:40.357,1.32342,1.3235,2.14,1.12
2018.04.27 20:21:40.858,1.32344,1.32349,1.01,1.00
2018.04.27 20:21:40.911,1.32342,1.32346,1.70,1.00
2018.04.27 20:21:41.069,1.32338,1.32344,1.39,1.00
2018.04.27 20:21:41.489,1.32336,1.32341,4.57,1.00
2018.04.27 20:21:41.646,1.32334,1.3234,2.70,1.12
2018.04.27 20:21:43.040,1.32335,1.32341,1.01,1.12
2018.04.27 20:21:43.688,1.32336,1.3234,1.25,1.00
2018.04.27 20:21:46.662,1.32335,1.32341,1.01,1.00
2018.04.27 20:21:48.953,1.32335,1.3234,1.01,1.00
2018.04.27 20:21:49.752,1.32334,1.32341,1.01,1.00
2018.04.27 20:21:51.632,1.32335,1.32338,1.10,1.00
2018.04.27 20:21:53.885,1.32333,1.32338,5.70,1.00
2018.04.27 20:21:58.887,1.32334,1.32337,1.76,1.00
2018.04.27 20:22:01.792,1.32333,1.32338,1.64,1.00
2018.04.27 20:22:02.330,1.32334,1.32337,1.58,1.00
2018.04.27 20:22:04.473,1.32333,1.32338,2.51,1.00
2018.04.27 20:22:05.091,1.32334,1.32337,1.58,1.00
2018.04.27 20:22:06.038,1.32333,1.32338,2.51,1.00
2018.04.27 20:22:06.604,1.32334,1.32337,1.20,1.00
2018.04.27 20:22:07.279,1.32333,1.32338,1.76,1.00
2018.04.27 20:22:07.937,1.32334,1.32337,1.39,1.00
2018.04.27 20:22:08.448,1.32334,1.32337,1.39,1.00
2018.04.27 20:22:09.210,1.32334,1.32337,1.58,1.00
2018.04.27 20:22:09.717,1.32334,1.32338,1.39,1.00
2018.04.27 20:22:10.477,1.32334,1.32337,1.58,1.00
2018.04.27 20:22:11.101,1.32333,1.32338,3.64,1.00
2018.04.27 20:22:11.640,1.32334,1.32337,1.58,1.00
2018.04.27 20:22:14.328,1.32333,1.32337,3.08,1.00
2018.04.27 20:22:19.683,1.32333,1.32338,2.51,1.12
2018.04.27 20:22:20.247,1.32333,1.32337,1.31,1.00
2018.04.27 20:22:20.786,1.32332,1.32337,1.95,1.12
2018.04.27 20:22:22.562,1.32333,1.3234,1.63,3.56
2018.04.27 20:22:38.138,1.32332,1.3234,1.20,1.94
2018.04.27 20:22:38.664,1.32333,1.3234,1.48,2.06
2018.04.27 20:22:40.293,1.32332,1.32339,1.01,1.69
2018.04.27 20:22:40.750,1.32331,1.32338,1.01,1.13
2018.04.27 20:22:42.156,1.3233,1.32339,1.01,2.63
2018.04.27 20:22:42.666,1.3233,1.32338,2.51,1.69
2018.04.27 20:22:43.685,1.3233,1.32338,1.48,1.20
2018.04.27 20:22:44.270,1.3233,1.32338,2.14,2.14
2018.04.27 20:22:44.861,1.32327,1.32333,2.51,1.19
2018.04.27 20:22:45.391,1.32326,1.32334,1.47,3.08
2018.04.27 20:22:45.940,1.32325,1.32334,3.26,1.39
2018.04.27 20:22:51.080,1.32325,1.32333,1.20,2.44
2018.04.27 20:22:54.911,1.32324,1.32329,2.14,1.00
2018.04.27 20:22:55.067,1.32323,1.32329,2.14,1.31
2018.04.27 20:22:55.576,1.32321,1.32327,1.31,1.25
2018.04.27 20:22:56.208,1.3232,1.32327,4.20,1.56
2018.04.27 20:22:56.919,1.32321,1.32327,1.00,1.50
2018.04.27 20:23:00.665,1.32319,1.32327,1.20,2.51
2018.04.27 20:23:00.873,1.32319,1.32326,1.00,2.44
2018.04.27 20:23:02.386,1.32318,1.32326,1.39,1.95
2018.04.27 20:23:07.100,1.32316,1.32323,1.47,2.62
2018.04.27 20:23:11.944,1.32315,1.32321,1.20,2.06
2018.04.27 20:23:12.490,1.32315,1.32321,1.66,2.44
2018.04.27 20:23:14.462,1.32315,1.32321,1.01,2.06
2018.04.27 20:23:15.052,1.32315,1.32321,1.37,2.06
2018.04.27 20:23:15.740,1.32315,1.3232,1.37,1.62
2018.04.27 20:23:25.336,1.32313,1.3232,2.19,1.50
2018.04.27 20:23:31.983,1.32314,1.3232,2.00,2.00
2018.04.27 20:23:32.635,1.32314,1.3232,1.66,1.50
2018.04.27 20:23:34.348,1.32313,1.32319,1.39,1.75
2018.04.27 20:23:34.865,1.32313,1.32319,1.00,3.26
2018.04.27 20:23:37.310,1.32309,1.32317,2.06,1.69
2018.04.27 20:23:38.052,1.32307,1.32315,3.26,2.25
2018.04.27 20:23:38.397,1.32308,1.32315,2.44,3.07
2018.04.27 20:23:39.188,1.32309,1.32315,1.31,2.14
2018.04.27 20:23:39.706,1.32309,1.32315,1.87,1.12
2018.04.27 20:23:40.394,1.3231,1.32315,1.12,1.12
2018.04.27 20:23:42.781,1.3231,1.32316,2.25,1.20
2018.04.27 20:23:45.096,1.32311,1.32316,1.63,1.57
2018.04.27 20:23:48.485,1.3231,1.32315,1.38,1.00
2018.04.27 20:23:50.801,1.32308,1.32315,3.08,1.62
2018.04.27 20:23:51.921,1.32309,1.32315,2.25,1.50
2018.04.27 20:23:53.083,1.3231,1.32317,2.25,1.76
2018.04.27 20:24:01.091,1.3231,1.32316,1.50,1.00
2018.04.27 20:24:01.806,1.3231,1.32317,2.25,1.87
2018.04.27 20:24:06.107,1.32312,1.32317,1.19,1.20
2018.04.27 20:24:06.747,1.32311,1.32317,2.25,1.12
2018.04.27 20:24:06.857,1.32312,1.32317,1.56,1.37
2018.04.27 20:24:13.109,1.3231,1.32316,2.06,1.50
2018.04.27 20:24:25.622,1.32314,1.32319,1.50,3.45
2018.04.27 20:24:25.676,1.32317,1.32321,1.88,1.87
2018.04.27 20:24:26.801,1.32317,1.32323,1.75,2.06
2018.04.27 20:24:30.662,1.32318,1.32325,2.19,1.39
2018.04.27 20:24:31.186,1.3232,1.32326,1.37,3.19
2018.04.27 20:24:32.937,1.3232,1.32327,1.12,1.48
2018.04.27 20:24:33.497,1.3232,1.32328,1.12,4.76
2018.04.27 20:24:35.203,1.3232,1.32327,2.06,2.06
2018.04.27 20:24:38.271,1.32319,1.32327,1.01,3.26
2018.04.27 20:24:43.284,1.32319,1.32326,1.87,1.01
2018.04.27 20:24:45.761,1.3232,1.32327,2.06,2.51
2018.04.27 20:24:48.080,1.32321,1.32328,1.31,1.57
2018.04.27 20:24:59.328,1.32321,1.32328,1.38,4.01
2018.04.27 20:25:03.137,1.32321,1.32328,1.75,5.14
2018.04.27 20:25:08.970,1.32321,1.32328,1.19,2.14
2018.04.27 20:25:09.607,1.32318,1.32328,2.70,1.95
2018.04.27 20:25:10.175,1.32319,1.32327,1.20,3.08
2018.04.27 20:25:10.331,1.32316,1.32325,2.51,1.00
2018.04.27 20:25:10.839,1.32318,1.32324,1.01,1.00
2018.04.27 20:25:20.807,1.32318,1.32324,1.01,1.00
2018.04.27 20:25:21.321,1.32317,1.32324,1.31,1.12
2018.04.27 20:25:23.688,1.32317,1.32324,1.01,2.44
2018.04.27 20:25:24.282,1.32317,1.32324,1.69,2.51
2018.04.27 20:25:26.840,1.32316,1.32323,2.70,1.25
2018.04.27 20:25:36.346,1.32317,1.32324,1.00,2.14
2018.04.27 20:25:36.897,1.32317,1.32324,1.31,2.14
2018.04.27 20:25:39.134,1.32317,1.32324,4.58,1.12
2018.04.27 20:25:39.444,1.32315,1.32324,5.89,2.06
2018.04.27 20:25:39.496,1.32315,1.32324,5.32,2.25
2018.04.27 20:25:40.027,1.32317,1.32324,1.10,2.25
2018.04.27 20:25:40.149,1.32316,1.32324,1.01,2.25
2018.04.27 20:25:49.981,1.32316,1.32323,1.01,1.25
2018.04.27 20:25:52.869,1.32317,1.32325,1.01,2.33
2018.04.27 20:25:53.384,1.32317,1.32325,1.76,1.76
2018.04.27 20:25:58.389,1.32317,1.32325,1.39,1.76
2018.04.27 20:26:00.553,1.32319,1.32326,2.14,1.50
2018.04.27 20:26:01.409,1.3232,1.32328,1.39,1.37
2018.04.27 20:26:01.959,1.32321,1.32328,1.01,1.00
2018.04.27 20:26:03.322,1.32322,1.32328,1.01,1.25
2018.04.27 20:26:03.853,1.32322,1.32329,1.64,2.06
2018.04.27 20:26:04.664,1.32323,1.32329,1.32,2.06
2018.04.27 20:26:05.926,1.32323,1.32329,1.32,1.31
2018.04.27 20:26:08.348,1.32323,1.32329,1.32,1.31
2018.04.27 20:26:08.850,1.32323,1.3233,1.32,1.37
2018.04.27 20:26:09.456,1.32322,1.3233,1.39,1.31
2018.04.27 20:26:13.852,1.32324,1.32331,1.32,2.44
2018.04.27 20:26:16.914,1.32324,1.32331,1.76,3.19
2018.04.27 20:26:17.409,1.32324,1.3233,1.57,1.31
2018.04.27 20:26:17.913,1.32324,1.3233,1.57,1.31
2018.04.27 20:26:18.439,1.32324,1.3233,1.20,2.81
2018.04.27 20:26:19.840,1.32324,1.3233,1.20,2.06
2018.04.27 20:26:20.435,1.32324,1.3233,1.20,2.81
2018.04.27 20:26:22.259,1.32322,1.3233,1.01,2.81
2018.04.27 20:26:25.073,1.32322,1.32329,1.64,1.00
2018.04.27 20:26:27.782,1.32323,1.32329,1.76,1.00
2018.04.27 20:26:28.946,1.32324,1.3233,1.20,2.25
2018.04.27 20:26:33.497,1.32324,1.32331,1.58,2.25
2018.04.27 20:26:38.894,1.32324,1.32331,1.20,2.25
2018.04.27 20:26:40.634,1.32324,1.32331,1.58,2.63
2018.04.27 20:26:49.220,1.32324,1.32331,1.58,1.44
2018.04.27 20:26:54.421,1.32324,1.32331,1.58,1.88
2018.04.27 20:26:54.957,1.32324,1.32331,1.20,2.44
2018.04.27 20:27:01.278,1.32324,1.32332,1.57,3.00
2018.04.27 20:27:04.916,1.32324,1.32332,1.57,4.13
2018.04.27 20:27:05.512,1.32324,1.3233,1.76,1.00
2018.04.27 20:27:07.600,1.32324,1.3233,1.76,1.00
2018.04.27 20:27:12.224,1.32324,1.32329,1.57,1.25
2018.04.27 20:27:12.740,1.32324,1.32329,1.57,1.19
2018.04.27 20:27:12.996,1.32321,1.32327,1.57,1.50
2018.04.27 20:27:13.593,1.32321,1.32327,1.57,1.69
2018.04.27 20:27:14.132,1.32321,1.32327,1.45,1.88
2018.04.27 20:27:16.053,1.32321,1.32326,1.45,2.25
2018.04.27 20:27:17.030,1.32321,1.32326,1.45,1.31
2018.04.27 20:27:22.440,1.32323,1.32326,1.20,1.31
2018.04.27 20:27:23.024,1.32323,1.32326,1.20,2.44
2018.04.27 20:27:23.685,1.32323,1.32326,1.20,1.69
2018.04.27 20:27:27.698,1.32323,1.32326,1.20,1.50
2018.04.27 20:27:29.062,1.32323,1.32326,1.20,1.50
2018.04.27 20:27:32.884,1.32323,1.32326,1.20,2.06
2018.04.27 20:27:35.236,1.32317,1.32325,1.75,1.81
2018.04.27 20:27:35.288,1.32321,1.32325,1.20,2.25
2018.04.27 20:27:35.952,1.32321,1.32325,1.20,1.81
2018.04.27 20:27:37.226,1.32321,1.32324,1.20,1.19
2018.04.27 20:27:41.019,1.32321,1.32325,1.20,2.44
2018.04.27 20:27:53.134,1.32322,1.32325,1.20,1.31
2018.04.27 20:27:53.750,1.32321,1.32325,1.20,1.69
2018.04.27 20:27:54.268,1.32322,1.32325,1.20,1.50
2018.04.27 20:27:54.780,1.32322,1.32325,1.20,1.31
2018.04.27 20:27:55.430,1.32322,1.32325,1.20,1.31
2018.04.27 20:27:55.786,1.32324,1.32328,1.10,2.81
2018.04.27 20:27:56.395,1.32324,1.32328,1.20,2.44
2018.04.27 20:28:09.870,1.32325,1.32328,1.20,2.06
2018.04.27 20:28:10.375,1.32324,1.32328,1.20,2.06
2018.04.27 20:28:10.910,1.32325,1.32328,1.20,2.06
2018.04.27 20:28:11.535,1.32325,1.32328,1.20,2.06
2018.04.27 20:28:12.700,1.32324,1.32329,1.20,1.37
2018.04.27 20:28:13.214,1.32325,1.32329,1.20,1.62
2018.04.27 20:28:13.885,1.32325,1.3233,1.20,2.63
2018.04.27 20:28:14.951,1.32325,1.3233,1.20,1.87
2018.04.27 20:28:21.538,1.32326,1.3233,1.20,1.62
2018.04.27 20:28:22.256,1.32326,1.3233,1.10,1.62
2018.04.27 20:28:37.186,1.32326,1.32331,1.20,1.69
2018.04.27 20:28:38.039,1.32326,1.32331,1.20,2.06
2018.04.27 20:28:40.491,1.32326,1.32331,1.20,1.56
2018.04.27 20:28:41.024,1.32326,1.32332,1.20,2.44
2018.04.27 20:28:41.584,1.32326,1.32331,1.20,1.56
2018.04.27 20:28:42.160,1.32326,1.32332,1.20,1.69
2018.04.27 20:28:44.599,1.32326,1.32331,1.20,1.19
2018.04.27 20:28:48.509,1.32326,1.32331,1.20,1.25
2018.04.27 20:28:50.977,1.32326,1.32331,1.20,1.69
2018.04.27 20:29:00.513,1.32326,1.32331,1.20,1.00
2018.04.27 20:29:01.061,1.32325,1.32331,1.45,1.00
2018.04.27 20:29:01.683,1.32326,1.32331,1.45,1.00
2018.04.27 20:29:02.583,1.32325,1.32331,1.70,1.00
2018.04.27 20:29:03.133,1.32326,1.32331,1.45,1.00
2018.04.27 20:29:03.645,1.32325,1.32332,1.39,1.00
2018.04.27 20:29:04.530,1.32326,1.32333,1.20,2.06
2018.04.27 20:29:05.234,1.32326,1.32333,1.45,2.06
2018.04.27 20:29:07.037,1.32326,1.32333,1.57,2.25
2018.04.27 20:29:07.089,1.32325,1.3233,1.57,1.44
2018.04.27 20:29:07.589,1.32326,1.32331,1.20,1.12
2018.04.27 20:29:08.378,1.32326,1.32333,1.57,2.44
2018.04.27 20:29:09.508,1.32326,1.32332,1.57,1.00
2018.04.27 20:29:09.715,1.32329,1.32333,1.20,1.56
2018.04.27 20:29:10.279,1.32329,1.32333,1.20,1.56
2018.04.27 20:29:10.331,1.3233,1.32335,1.20,1.31
2018.04.27 20:29:10.797,1.32331,1.32335,1.20,1.31
2018.04.27 20:29:10.849,1.32331,1.32336,1.20,1.63
2018.04.27 20:29:11.643,1.32331,1.32337,1.20,1.50
2018.04.27 20:29:13.028,1.32332,1.32337,1.20,2.81
2018.04.27 20:29:13.079,1.32332,1.32335,1.20,1.19
2018.04.27 20:29:13.130,1.32332,1.32337,1.20,2.06
2018.04.27 20:29:13.596,1.32335,1.32339,1.20,1.87
2018.04.27 20:29:14.068,1.32333,1.32339,3.26,2.44
2018.04.27 20:29:14.611,1.32333,1.32335,1.20,1.00
2018.04.27 20:29:14.767,1.32332,1.32335,1.20,1.00
2018.04.27 20:29:15.397,1.32331,1.32336,1.20,1.12
2018.04.27 20:29:15.914,1.32331,1.32335,1.20,1.12
2018.04.27 20:29:21.330,1.32332,1.32336,1.20,4.31
2018.04.27 20:29:21.835,1.32331,1.32335,1.20,1.12
2018.04.27 20:29:23.138,1.32331,1.32337,1.20,2.63
2018.04.27 20:29:26.933,1.32331,1.32337,1.20,1.88
2018.04.27 20:29:27.400,1.32331,1.32337,1.20,1.69
2018.04.27 20:29:27.809,1.32332,1.32337,1.20,1.69
2018.04.27 20:29:30.696,1.3233,1.32335,1.45,1.19
2018.04.27 20:29:31.202,1.3233,1.32334,1.20,1.44
2018.04.27 20:29:31.572,1.3233,1.32334,1.20,1.88
2018.04.27 20:29:32.289,1.32329,1.32333,1.20,2.06
2018.04.27 20:29:32.548,1.32328,1.32332,1.20,1.50
2018.04.27 20:29:33.533,1.32327,1.32331,1.20,2.06
2018.04.27 20:29:34.050,1.32326,1.32331,1.20,1.87
2018.04.27 20:29:34.565,1.32326,1.3233,1.20,1.00
2018.04.27 20:29:36.139,1.32326,1.32332,1.57,1.63
2018.04.27 20:29:38.887,1.32326,1.32332,1.20,1.81
2018.04.27 20:29:39.456,1.32326,1.32332,1.57,1.81
2018.04.27 20:29:40.016,1.32326,1.32331,1.57,1.00
2018.04.27 20:29:41.320,1.32327,1.32332,1.20,1.56
2018.04.27 20:29:41.443,1.32328,1.32334,1.20,1.19
2018.04.27 20:29:41.496,1.32333,1.32337,1.20,1.19
2018.04.27 20:29:42.027,1.32332,1.32335,1.20,1.00
2018.04.27 20:29:42.287,1.32326,1.32333,1.12,1.88
2018.04.27 20:29:42.339,1.32329,1.32334,1.20,4.50
2018.04.27 20:29:42.468,1.32331,1.32335,1.20,4.31
2018.04.27 20:29:43.031,1.32331,1.32337,1.20,2.25
2018.04.27 20:29:45.025,1.32332,1.32336,1.20,1.13
2018.04.27 20:29:52.455,1.32332,1.32336,1.20,2.25
2018.04.27 20:29:52.989,1.32332,1.32336,1.20,2.25
2018.04.27 20:29:56.387,1.32332,1.32336,1.20,1.31
2018.04.27 20:29:56.918,1.32331,1.32338,1.20,3.19
2018.04.27 20:29:57.876,1.32331,1.32338,1.20,2.44
2018.04.27 20:29:58.532,1.32331,1.32337,1.57,1.37
2018.04.27 20:29:59.049,1.32333,1.32338,1.20,3.19
2018.04.27 20:30:02.466,1.32333,1.32338,1.20,2.81
2018.04.27 20:30:03.503,1.32332,1.32337,1.20,1.37
2018.04.27 20:30:22.468,1.32331,1.32335,1.20,1.88
2018.04.27 20:30:22.982,1.3233,1.32335,1.20,1.88
2018.04.27 20:30:23.524,1.3233,1.32335,1.20,1.88
2018.04.27 20:30:24.172,1.3233,1.32335,1.20,1.88
2018.04.27 20:30:26.129,1.3233,1.32335,1.20,1.88
2018.04.27 20:30:26.615,1.3233,1.32334,1.20,1.13
2018.04.27 20:30:35.702,1.3233,1.32333,1.20,1.44
2018.04.27 20:30:39.620,1.3233,1.32333,1.20,1.13
2018.04.27 20:30:39.967,1.32328,1.32333,1.20,1.31
2018.04.27 20:30:40.965,1.32328,1.32333,1.20,1.13
2018.04.27 20:30:48.115,1.32329,1.32334,1.20,2.06
2018.04.27 20:30:48.966,1.32325,1.32333,1.50,1.13
2018.04.27 20:31:01.085,1.32325,1.32334,1.37,2.81
2018.04.27 20:31:02.934,1.32325,1.32331,1.37,1.00
2018.04.27 20:31:06.060,1.32323,1.3233,1.50,1.00
2018.04.27 20:31:06.114,1.32323,1.3233,1.12,1.87
2018.04.27 20:31:06.167,1.32318,1.32328,3.26,5.44
2018.04.27 20:31:06.271,1.32316,1.32326,3.64,1.87
2018.04.27 20:31:07.061,1.32316,1.32324,2.51,1.13
2018.04.27 20:31:07.666,1.32316,1.32324,1.76,1.13
2018.04.27 20:31:08.281,1.32316,1.32325,2.70,1.88
2018.04.27 20:31:09.442,1.32317,1.32325,1.38,1.88
2018.04.27 20:31:10.148,1.32316,1.32325,3.83,1.50
2018.04.27 20:31:10.537,1.32317,1.32327,2.33,3.56
2018.04.27 20:31:11.199,1.32318,1.32326,1.69,1.62
2018.04.27 20:31:11.702,1.32318,1.32326,1.88,1.69
2018.04.27 20:31:15.453,1.32317,1.32325,1.69,1.69
2018.04.27 20:31:15.763,1.32317,1.32325,2.44,1.88
2018.04.27 20:31:16.287,1.32317,1.32325,1.62,2.25
2018.04.27 20:31:17.963,1.32316,1.32325,2.89,2.19
2018.04.27 20:31:20.929,1.32316,1.32324,2.70,1.00
2018.04.27 20:31:21.456,1.32316,1.32325,3.26,2.19
2018.04.27 20:31:22.450,1.32316,1.32323,3.26,1.19
2018.04.27 20:31:22.965,1.32316,1.32323,1.37,1.25
2018.04.27 20:31:25.334,1.32314,1.32323,3.82,1.13
2018.04.27 20:31:25.697,1.32317,1.32325,1.81,1.69
2018.04.27 20:31:27.036,1.32318,1.32325,1.00,1.25
2018.04.27 20:31:29.735,1.32319,1.32327,2.06,4.69
2018.04.27 20:31:30.521,1.32319,1.32327,3.07,4.31
2018.04.27 20:31:31.178,1.32319,1.32325,2.32,1.88
2018.04.27 20:31:32.289,1.32317,1.32325,2.44,1.12
2018.04.27 20:31:33.032,1.3232,1.32327,1.20,1.63
2018.04.27 20:31:33.910,1.32322,1.32326,1.20,1.38
2018.04.27 20:31:34.204,1.32323,1.32326,1.20,1.00
2018.04.27 20:31:34.360,1.32322,1.32326,1.20,1.38
2018.04.27 20:31:34.413,1.32319,1.32326,1.57,2.06
2018.04.27 20:31:34.467,1.32322,1.32326,1.20,1.00
2018.04.27 20:31:35.349,1.32322,1.32328,1.20,1.13
2018.04.27 20:31:35.750,1.32322,1.32328,1.20,1.31
2018.04.27 20:31:36.288,1.32322,1.32327,1.20,1.38
2018.04.27 20:31:39.499,1.32322,1.32327,1.20,1.00
2018.04.27 20:31:40.048,1.32322,1.32329,1.20,3.00
2018.04.27 20:31:46.942,1.32322,1.32328,1.20,1.38
2018.04.27 20:31:47.501,1.32322,1.32328,1.20,1.31
2018.04.27 20:31:51.626,1.32322,1.32327,1.20,1.00
2018.04.27 20:31:52.137,1.32323,1.3233,1.20,2.06
2018.04.27 20:31:57.875,1.32321,1.32325,1.20,2.25
2018.04.27 20:31:58.182,1.32315,1.32322,1.20,3.00
2018.04.27 20:32:01.413,1.32316,1.3232,1.20,1.62
2018.04.27 20:32:02.059,1.32316,1.32321,1.20,2.44
2018.04.27 20:32:02.565,1.32316,1.32321,1.20,2.81
2018.04.27 20:32:03.784,1.32315,1.3232,1.20,1.62
2018.04.27 20:32:03.836,1.32312,1.3232,1.57,2.06
2018.04.27 20:32:04.352,1.32312,1.32319,1.20,1.62
2018.04.27 20:32:05.064,1.32312,1.32319,1.57,1.37
2018.04.27 20:32:06.114,1.32312,1.32319,1.57,1.37
2018.04.27 20:32:06.765,1.32313,1.3232,1.20,3.75
2018.04.27 20:32:09.526,1.32315,1.3232,1.20,4.31
2018.04.27 20:32:10.352,1.32315,1.3232,1.20,4.31
2018.04.27 20:32:12.260,1.32315,1.32321,1.20,1.62
2018.04.27 20:32:12.936,1.32316,1.32321,1.20,1.50
2018.04.27 20:32:14.313,1.32316,1.32319,1.20,1.37
2018.04.27 20:32:14.418,1.32313,1.32317,1.20,1.00
2018.04.27 20:32:14.523,1.32312,1.32317,1.20,2.06
2018.04.27 20:32:15.072,1.32311,1.32316,1.20,2.06
2018.04.27 20:32:15.696,1.32313,1.32316,1.20,1.62
2018.04.27 20:32:16.239,1.32312,1.32318,1.20,1.37
2018.04.27 20:32:16.969,1.32312,1.32318,1.20,1.69
2018.04.27 20:32:22.002,1.32312,1.32318,1.20,1.69
2018.04.27 20:32:23.140,1.32312,1.32318,1.20,1.69
2018.04.27 20:32:27.787,1.32312,1.32319,1.57,1.69
2018.04.27 20:32:32.155,1.32312,1.32318,1.20,1.75
2018.04.27 20:32:39.380,1.32312,1.3232,1.20,4.31
2018.04.27 20:32:40.465,1.32312,1.3232,1.57,4.69
2018.04.27 20:32:44.566,1.32314,1.3232,1.20,3.67
2018.04.27 20:32:46.593,1.32314,1.32319,1.20,1.62
2018.04.27 20:32:47.840,1.32314,1.32319,1.20,1.31
2018.04.27 20:32:50.974,1.32313,1.32317,1.20,1.37
2018.04.27 20:32:51.080,1.3231,1.32317,1.20,1.61
2018.04.27 20:32:51.374,1.32312,1.32317,1.20,1.05
2018.04.27 20:32:57.914,1.3231,1.32315,1.20,1.37
2018.04.27 20:32:57.969,1.32308,1.32314,1.20,1.50
2018.04.27 20:32:59.064,1.32308,1.32313,1.20,1.99
2018.04.27 20:33:05.916,1.32308,1.32312,1.20,1.50
2018.04.27 20:33:14.853,1.32307,1.32313,1.20,2.06
2018.04.27 20:33:15.946,1.32306,1.32313,1.20,2.06
2018.04.27 20:33:16.478,1.32307,1.32313,1.20,2.06
2018.04.27 20:33:17.396,1.32307,1.32314,1.20,4.31
2018.04.27 20:33:17.990,1.32307,1.32313,1.20,1.87
2018.04.27 20:33:36.899,1.32307,1.32312,1.20,1.50
2018.04.27 20:33:37.545,1.32307,1.32312,1.20,1.50
2018.04.27 20:33:38.245,1.32307,1.32312,1.20,1.50
2018.04.27 20:33:38.812,1.32307,1.32312,1.20,1.69
2018.04.27 20:33:39.328,1.32307,1.32312,1.20,1.31
2018.04.27 20:33:40.423,1.32307,1.32313,1.20,3.19
2018.04.27 20:33:41.030,1.32307,1.32312,1.20,1.50
2018.04.27 20:33:41.827,1.32307,1.32313,1.20,2.25
2018.04.27 20:33:42.362,1.32307,1.32312,1.20,1.00
2018.04.27 20:33:49.095,1.32307,1.32313,1.20,3.75
2018.04.27 20:33:49.626,1.32307,1.32313,1.20,3.19
2018.04.27 20:33:53.886,1.32308,1.32312,1.20,1.00
2018.04.27 20:34:12.874,1.32307,1.32312,1.20,1.50
2018.04.27 20:34:13.645,1.32307,1.32312,1.20,1.12
2018.04.27 20:34:22.157,1.32307,1.32311,1.20,1.25
2018.04.27 20:34:22.674,1.32307,1.32313,1.20,1.62
2018.04.27 20:34:25.578,1.32308,1.32314,1.20,2.81
2018.04.27 20:34:25.888,1.32311,1.32315,1.20,1.62
2018.04.27 20:34:28.075,1.32314,1.32319,1.20,1.62
2018.04.27 20:34:28.606,1.32313,1.3232,1.20,5.06
2018.04.27 20:34:29.215,1.32313,1.32319,1.20,1.69
2018.04.27 20:34:36.137,1.32314,1.3232,1.20,4.31
2018.04.27 20:34:36.883,1.32314,1.32319,1.20,1.62
2018.04.27 20:34:38.242,1.32315,1.32321,1.20,2.44
2018.04.27 20:34:39.136,1.32315,1.32321,1.20,2.06
2018.04.27 20:34:39.786,1.32316,1.32322,1.20,2.06
2018.04.27 20:34:39.838,1.32316,1.32323,1.57,1.87
2018.04.27 20:34:40.216,1.3232,1.32324,1.20,1.62
2018.04.27 20:34:40.999,1.3232,1.32324,1.20,1.62
2018.04.27 20:34:41.861,1.32321,1.32328,1.20,3.00
2018.04.27 20:34:41.967,1.32323,1.32328,1.20,1.62
2018.04.27 20:34:42.279,1.32329,1.32333,1.20,1.37
2018.04.27 20:34:47.724,1.32325,1.32333,1.57,3.19
2018.04.27 20:34:48.756,1.32325,1.32331,1.57,1.81
2018.04.27 20:34:50.244,1.32325,1.32331,1.20,1.62
2018.04.27 20:34:56.590,1.3232,1.32325,1.57,1.00
2018.04.27 20:34:56.695,1.32318,1.32323,1.20,1.38
2018.04.27 20:34:56.800,1.32314,1.32318,1.20,2.25
2018.04.27 20:34:56.852,1.32313,1.32318,1.20,3.94
2018.04.27 20:34:56.904,1.32309,1.32317,1.76,2.44
2018.04.27 20:34:59.976,1.32309,1.32317,1.39,3.38
2018.04.27 20:35:00.767,1.32309,1.32315,1.39,1.00
2018.04.27 20:35:01.769,1.32309,1.32317,1.57,1.31
2018.04.27 20:35:05.627,1.32309,1.32317,1.57,2.63
2018.04.27 20:35:06.158,1.32309,1.32315,1.76,1.12
2018.04.27 20:35:06.674,1.32309,1.32315,1.76,1.31
2018.04.27 20:35:08.374,1.32309,1.32315,1.39,1.25
2018.04.27 20:35:08.934,1.32309,1.32316,1.20,2.44
2018.04.27 20:35:13.096,1.32309,1.32315,1.57,1.31
2018.04.27 20:35:13.654,1.32309,1.32315,1.57,1.69
2018.04.27 20:35:15.876,1.32312,1.32317,1.20,2.00
2018.04.27 20:35:16.408,1.32313,1.32318,1.20,1.31
2018.04.27 20:35:16.686,1.32313,1.32319,1.20,1.62
2018.04.27 20:35:16.739,1.32313,1.3232,1.57,1.31
2018.04.27 20:35:16.844,1.32316,1.32321,1.20,2.44
2018.04.27 20:35:19.390,1.32317,1.32322,1.20,1.69
2018.04.27 20:35:20.673,1.32317,1.32323,1.20,2.63
2018.04.27 20:35:26.101,1.32318,1.32323,1.20,1.69
2018.04.27 20:35:26.701,1.32317,1.32323,1.20,1.69
2018.04.27 20:35:27.015,1.32319,1.32325,1.20,1.56
2018.04.27 20:35:27.851,1.32319,1.32326,1.20,4.50
2018.04.27 20:35:30.253,1.32318,1.32326,1.20,3.19
2018.04.27 20:35:31.024,1.32317,1.32326,1.57,3.94
2018.04.27 20:35:32.529,1.3232,1.32326,1.20,4.13
2018.04.27 20:35:33.085,1.32319,1.32324,1.20,1.00
2018.04.27 20:35:33.619,1.32319,1.32325,1.20,1.75
2018.04.27 20:35:34.254,1.32319,1.32325,1.20,1.94
2018.04.27 20:35:34.516,1.32319,1.32325,1.20,1.75
2018.04.27 20:35:36.529,1.32319,1.32325,1.20,1.94
2018.04.27 20:35:37.045,1.32319,1.32325,1.20,2.00
2018.04.27 20:35:39.992,1.32319,1.32325,1.20,1.94
2018.04.27 20:35:40.666,1.32317,1.32324,1.57,1.38
2018.04.27 20:35:41.160,1.32317,1.32324,1.57,1.44
2018.04.27 20:35:41.691,1.32317,1.32324,1.57,1.38
2018.04.27 20:35:42.837,1.32317,1.32324,1.57,1.44
2018.04.27 20:35:43.616,1.32317,1.32324,1.57,1.38
2018.04.27 20:35:44.236,1.32317,1.32324,1.57,1.44
2018.04.27 20:35:44.787,1.32317,1.32324,1.57,1.38
2018.04.27 20:35:46.386,1.32317,1.32324,1.57,1.38
2018.04.27 20:35:47.521,1.32317,1.32324,1.57,1.38
2018.04.27 20:35:48.835,1.32317,1.32324,1.57,1.13
2018.04.27 20:35:51.346,1.32318,1.32325,1.57,2.00
2018.04.27 20:35:51.935,1.32319,1.32327,2.32,3.19
2018.04.27 20:35:52.040,1.3232,1.32327,1.00,4.69
2018.04.27 20:35:52.663,1.3232,1.32327,1.12,3.94
2018.04.27 20:36:00.079,1.3232,1.32327,1.00,1.88
2018.04.27 20:36:01.512,1.32319,1.32325,1.57,2.44
2018.04.27 20:36:01.822,1.32319,1.32324,1.57,1.69
2018.04.27 20:36:01.981,1.32318,1.32325,1.57,3.19
2018.04.27 20:36:02.212,1.32319,1.32324,1.57,1.31
2018.04.27 20:36:02.417,1.32319,1.32325,1.57,1.94
2018.04.27 20:36:02.652,1.3232,1.32325,1.20,2.63
2018.04.27 20:36:04.363,1.3232,1.32325,1.20,1.69
2018.04.27 20:36:05.090,1.3232,1.32324,1.20,1.25
2018.04.27 20:36:06.214,1.32319,1.32324,1.20,1.50
2018.04.27 20:36:06.422,1.32318,1.32324,1.57,1.63
2018.04.27 20:36:06.939,1.32318,1.32324,1.20,2.44
2018.04.27 20:36:08.206,1.32318,1.32324,1.20,2.44
2018.04.27 20:36:08.831,1.32318,1.32324,1.20,2.25
2018.04.27 20:36:09.929,1.32318,1.32324,1.20,2.44
2018.04.27 20:36:16.390,1.32318,1.32324,1.20,1.69
2018.04.27 20:36:17.900,1.32318,1.32324,1.20,1.94
2018.04.27 20:36:18.595,1.32318,1.32324,1.20,1.88
2018.04.27 20:36:19.108,1.32318,1.32324,1.20,2.19
2018.04.27 20:36:20.715,1.32318,1.32324,1.20,2.00
2018.04.27 20:36:22.300,1.32318,1.32324,1.20,1.75
2018.04.27 20:36:25.026,1.32318,1.32324,1.20,2.25
2018.04.27 20:36:25.741,1.32318,1.32324,1.20,2.44
2018.04.27 20:36:26.686,1.32318,1.32324,1.20,2.25
2018.04.27 20:36:28.292,1.32317,1.32323,1.57,1.75
2018.04.27 20:36:28.948,1.32318,1.32322,1.20,1.00
2018.04.27 20:36:34.012,1.32318,1.32324,1.20,1.94
2018.04.27 20:36:34.267,1.32318,1.32324,1.20,2.63
2018.04.27 20:36:34.827,1.32318,1.32324,1.20,1.81
2018.04.27 20:36:35.352,1.32318,1.32324,1.20,2.19
2018.04.27 20:36:35.871,1.32318,1.32324,1.20,1.75
2018.04.27 20:36:40.109,1.32318,1.32324,1.20,1.56
2018.04.27 20:36:40.714,1.32318,1.32324,1.20,1.75
2018.04.27 20:36:41.319,1.32318,1.32324,1.20,1.75
2018.04.27 20:36:41.870,1.32318,1.32324,1.20,1.75
2018.04.27 20:36:42.627,1.32318,1.32324,1.20,1.75
2018.04.27 20:36:45.270,1.32318,1.32324,1.20,2.44
2018.04.27 20:36:45.817,1.32318,1.32324,1.20,2.00
2018.04.27 20:36:46.600,1.32319,1.32324,1.20,2.00
2018.04.27 20:36:47.151,1.32319,1.32324,1.20,1.69
2018.04.27 20:36:51.786,1.32319,1.32325,1.20,5.06
2018.04.27 20:36:52.435,1.32319,1.32324,1.20,1.69
2018.04.27 20:36:52.998,1.32319,1.32324,1.20,1.88
2018.04.27 20:36:58.043,1.32319,1.32324,1.20,1.88
2018.04.27 20:37:25.457,1.32318,1.32326,1.20,1.69
2018.04.27 20:37:25.768,1.32323,1.32328,1.20,4.13
2018.04.27 20:37:27.012,1.32323,1.32327,1.20,1.25
2018.04.27 20:37:28.039,1.32323,1.32329,1.20,2.00
2018.04.27 20:37:32.030,1.32325,1.32329,1.20,1.69
2018.04.27 20:37:33.085,1.32325,1.32331,1.20,4.13
2018.04.27 20:37:33.856,1.32326,1.32331,1.20,2.00
2018.04.27 20:37:34.406,1.32325,1.32329,1.20,1.13
2018.04.27 20:37:35.035,1.32325,1.32329,1.20,1.38
2018.04.27 20:37:37.765,1.32325,1.32329,1.20,1.25
2018.04.27 20:37:38.937,1.32325,1.32329,1.20,1.44
2018.04.27 20:37:39.451,1.32325,1.32329,1.20,1.25
2018.04.27 20:37:39.985,1.32325,1.32329,1.20,1.38
2018.04.27 20:37:40.486,1.32325,1.32329,1.20,1.13
2018.04.27 20:38:05.031,1.32325,1.3233,1.20,1.94
2018.04.27 20:38:17.590,1.32325,1.32329,1.20,1.00
2018.04.27 20:38:23.789,1.32325,1.3233,1.20,1.88
2018.04.27 20:38:24.362,1.32325,1.3233,1.20,1.50
2018.04.27 20:38:26.586,1.32325,1.3233,1.20,1.88
2018.04.27 20:38:27.318,1.32325,1.3233,1.20,1.50
2018.04.27 20:38:33.968,1.32321,1.3233,2.63,1.13
2018.04.27 20:38:44.647,1.32321,1.3233,2.44,1.38
2018.04.27 20:38:45.334,1.32322,1.3233,1.37,1.19
2018.04.27 20:38:49.023,1.32322,1.32331,1.50,2.06
2018.04.27 20:38:55.535,1.32323,1.32331,1.00,2.06
2018.04.27 20:39:05.108,1.32324,1.3233,1.00,1.38
2018.04.27 20:39:12.893,1.32324,1.32331,1.00,1.38
2018.04.27 20:39:13.434,1.32324,1.32331,1.00,1.13
2018.04.27 20:39:16.088,1.32323,1.3233,1.37,1.25
2018.04.27 20:39:16.617,1.32321,1.3233,4.13,1.38
2018.04.27 20:39:17.885,1.32321,1.3233,3.94,1.00
2018.04.27 20:39:18.582,1.32321,1.3233,4.13,1.38
2018.04.27 20:39:35.539,1.32326,1.32333,1.20,3.00
2018.04.27 20:39:35.857,1.32328,1.32333,1.20,2.06
2018.04.27 20:39:36.674,1.32328,1.32331,1.20,1.00
2018.04.27 20:39:38.356,1.32328,1.32332,1.20,1.00
2018.04.27 20:39:39.211,1.32328,1.32333,1.20,2.63
2018.04.27 20:39:42.244,1.32328,1.32333,1.20,1.88
2018.04.27 20:39:42.839,1.32328,1.32333,1.20,2.63
2018.04.27 20:39:43.341,1.32328,1.32333,1.20,1.69
2018.04.27 20:39:44.646,1.32328,1.32332,1.20,1.31
2018.04.27 20:39:46.146,1.32328,1.32332,1.20,1.88
2018.04.27 20:39:46.691,1.32328,1.32332,1.20,1.38
2018.04.27 20:39:47.732,1.32328,1.32332,1.20,1.25
2018.04.27 20:39:48.311,1.32328,1.32332,1.20,1.88
2018.04.27 20:39:49.212,1.32328,1.32332,1.20,1.25
2018.04.27 20:39:55.227,1.32328,1.32333,1.20,1.88
2018.04.27 20:39:55.737,1.32328,1.32333,1.20,1.13
2018.04.27 20:39:56.075,1.32327,1.32333,1.20,1.88
2018.04.27 20:39:56.622,1.32327,1.32331,1.20,1.19
2018.04.27 20:40:00.719,1.32327,1.32332,1.20,2.63
2018.04.27 20:40:03.297,1.32327,1.32333,1.20,2.25
2018.04.27 20:40:03.883,1.32327,1.32332,1.20,1.50
2018.04.27 20:40:04.214,1.32324,1.32327,1.20,1.38
2018.04.27 20:40:04.267,1.32321,1.32325,1.20,1.50
2018.04.27 20:40:04.782,1.3232,1.32325,1.57,1.69
2018.04.27 20:40:04.885,1.3232,1.32325,1.57,1.88
2018.04.27 20:40:05.604,1.3232,1.32325,1.20,1.69
2018.04.27 20:40:06.719,1.3232,1.32325,1.20,1.88
2018.04.27 20:40:06.926,1.3232,1.32325,1.20,1.25
2018.04.27 20:40:07.351,1.32322,1.32329,1.57,3.19
2018.04.27 20:40:07.765,1.32325,1.3233,1.20,1.81
2018.04.27 20:40:08.628,1.32326,1.32331,1.20,2.44
2018.04.27 20:40:09.721,1.32327,1.32331,1.20,1.62
2018.04.27 20:40:10.245,1.32327,1.32331,1.20,1.69
2018.04.27 20:40:14.536,1.32327,1.32331,1.20,1.88
2018.04.27 20:40:15.837,1.32327,1.32331,1.20,1.88
2018.04.27 20:40:51.607,1.32327,1.32333,1.57,1.69
2018.04.27 20:40:52.164,1.32328,1.32334,1.57,1.69
2018.04.27 20:40:52.858,1.3233,1.32334,1.20,2.25
2018.04.27 20:40:54.112,1.32329,1.32333,1.20,1.38
2018.04.27 20:40:55.936,1.32329,1.32333,1.20,1.00
2018.04.27 20:40:56.497,1.32329,1.32334,1.20,2.44
2018.04.27 20:41:03.979,1.32334,1.32339,1.20,2.63
2018.04.27 20:41:04.189,1.32332,1.32338,1.57,1.38
2018.04.27 20:41:04.242,1.3233,1.32335,1.57,1.50
2018.04.27 20:41:05.138,1.32329,1.32335,4.39,1.69
2018.04.27 20:41:05.684,1.32329,1.32335,4.01,1.31
2018.04.27 20:41:09.149,1.32331,1.32339,1.95,3.00
2018.04.27 20:41:09.464,1.32338,1.32344,1.20,1.94
2018.04.27 20:41:09.993,1.32338,1.32343,1.20,1.13
2018.04.27 20:41:11.185,1.32338,1.32343,1.20,1.13
2018.04.27 20:41:18.988,1.32337,1.32343,1.20,1.94
2018.04.27 20:41:54.803,1.32337,1.32343,1.20,1.88
2018.04.27 20:41:59.325,1.32336,1.32342,1.20,2.63
2018.04.27 20:42:00.410,1.32336,1.32341,1.20,1.44
2018.04.27 20:42:01.586,1.32334,1.3234,1.20,1.81
2018.04.27 20:42:02.729,1.32333,1.32339,1.57,1.13
2018.04.27 20:42:03.334,1.32333,1.32339,1.57,1.13
2018.04.27 20:42:03.939,1.32333,1.32339,1.57,1.13
2018.04.27 20:42:05.004,1.32337,1.32344,1.20,1.94
2018.04.27 20:42:05.056,1.32336,1.32344,1.20,1.13
2018.04.27 20:42:05.591,1.32336,1.32343,1.20,1.19
2018.04.27 20:42:06.093,1.32336,1.32345,1.57,1.13
2018.04.27 20:42:07.198,1.32336,1.32344,1.57,1.13
2018.04.27 20:42:08.436,1.32336,1.32344,1.57,1.13
2018.04.27 20:42:08.997,1.32336,1.32344,1.57,1.13
2018.04.27 20:42:09.590,1.32336,1.32343,1.57,1.00
2018.04.27 20:42:10.176,1.32336,1.32343,1.57,1.19
2018.04.27 20:42:10.785,1.32338,1.32343,1.20,1.19
2018.04.27 20:42:12.063,1.32338,1.32345,1.20,2.19
2018.04.27 20:42:13.068,1.32342,1.32348,1.20,1.56
2018.04.27 20:42:13.175,1.32339,1.32345,1.20,1.81
2018.04.27 20:42:13.504,1.32337,1.32344,1.20,2.81
2018.04.27 20:42:13.557,1.32337,1.32344,1.20,2.44
2018.04.27 20:42:13.610,1.32337,1.32344,1.20,2.63
2018.04.27 20:42:14.126,1.32337,1.32344,1.20,2.63
2018.04.27 20:42:14.180,1.32337,1.32344,1.20,1.88
2018.04.27 20:42:14.731,1.32337,1.32343,1.20,1.13
2018.04.27 20:42:16.017,1.32337,1.32341,1.20,1.00
2018.04.27 20:42:16.526,1.32337,1.32343,1.20,1.94
2018.04.27 20:42:19.791,1.32336,1.32343,1.20,1.62
2018.04.27 20:42:19.843,1.32336,1.32346,1.95,1.94
2018.04.27 20:42:20.476,1.3234,1.32346,1.20,2.63
2018.04.27 20:42:23.529,1.3234,1.32346,1.20,2.63
2018.04.27 20:42:26.037,1.3234,1.32346,1.20,2.63
2018.04.27 20:42:27.076,1.3234,1.32344,1.20,1.00
2018.04.27 20:42:35.772,1.32338,1.32344,1.57,1.13
2018.04.27 20:42:36.415,1.32338,1.32343,1.57,1.00
2018.04.27 20:42:37.049,1.32338,1.32344,1.57,1.13
2018.04.27 20:42:39.561,1.32338,1.32344,1.57,1.38
2018.04.27 20:42:40.095,1.32338,1.32344,1.20,1.13
2018.04.27 20:42:40.651,1.32338,1.32344,1.20,1.19
2018.04.27 20:42:41.992,1.32338,1.32344,1.20,1.13
2018.04.27 20:42:43.048,1.32338,1.32345,1.20,1.69
2018.04.27 20:42:43.589,1.32338,1.32343,1.20,1.25
2018.04.27 20:42:47.456,1.32338,1.32344,1.20,1.13
2018.04.27 20:42:48.136,1.32338,1.32344,1.20,1.13
2018.04.27 20:42:48.795,1.32338,1.32343,1.20,1.19
2018.04.27 20:42:49.945,1.32338,1.32343,1.20,1.00
2018.04.27 20:42:50.637,1.32338,1.32344,1.20,1.13
2018.04.27 20:42:59.467,1.32338,1.32343,1.20,1.13
2018.04.27 20:43:08.462,1.3234,1.32345,1.20,1.13
2018.04.27 20:43:08.970,1.3234,1.32346,1.20,3.00
2018.04.27 20:43:10.516,1.32337,1.32344,1.57,1.13
2018.04.27 20:43:11.070,1.32337,1.32345,1.57,2.19
2018.04.27 20:43:11.707,1.32337,1.32343,1.57,1.00
2018.04.27 20:43:12.241,1.32337,1.32345,1.57,2.06
2018.04.27 20:43:12.555,1.3234,1.32347,1.20,3.37
2018.04.27 20:43:13.064,1.3234,1.32346,1.20,1.12
2018.04.27 20:43:17.354,1.32341,1.32346,1.20,1.12
2018.04.27 20:43:22.433,1.3234,1.32345,1.20,1.50
2018.04.27 20:43:22.484,1.3234,1.32345,1.20,1.50
2018.04.27 20:43:23.705,1.3234,1.32345,1.20,1.87
2018.04.27 20:43:24.547,1.32339,1.32345,1.20,1.69
2018.04.27 20:43:27.121,1.32338,1.32343,1.20,1.37
2018.04.27 20:43:27.330,1.32336,1.32341,1.20,1.00
2018.04.27 20:43:27.987,1.32336,1.32343,1.20,4.50
2018.04.27 20:43:29.384,1.32335,1.3234,1.20,1.31
2018.04.27 20:43:29.437,1.32338,1.32344,1.20,2.19
2018.04.27 20:43:29.975,1.32337,1.32342,1.20,1.69
2018.04.27 20:43:35.213,1.32338,1.32342,1.20,1.69
2018.04.27 20:43:35.317,1.32337,1.32344,1.57,1.69
2018.04.27 20:43:35.370,1.3234,1.32345,1.20,3.00
2018.04.27 20:43:36.539,1.3234,1.32345,1.20,1.00
2018.04.27 20:43:40.566,1.3234,1.32345,1.20,1.19
2018.04.27 20:43:41.092,1.3234,1.32346,1.20,5.25
2018.04.27 20:43:41.197,1.32339,1.32343,1.20,1.38
2018.04.27 20:43:41.567,1.32337,1.32344,1.57,2.06
2018.04.27 20:43:41.671,1.32337,1.32343,1.57,1.88
2018.04.27 20:43:42.188,1.32337,1.32341,1.20,1.00
2018.04.27 20:43:48.400,1.32336,1.32342,1.20,1.88
2018.04.27 20:43:49.351,1.32336,1.32341,1.20,1.69
2018.04.27 20:43:49.674,1.32335,1.32339,1.20,2.63
2018.04.27 20:43:49.859,1.3233,1.32339,2.33,2.19
2018.04.27 20:43:49.912,1.3233,1.32337,1.20,3.38
2018.04.27 20:43:50.419,1.3233,1.32336,1.20,3.00
2018.04.27 20:43:51.240,1.3233,1.32335,1.20,1.62
2018.04.27 20:43:52.388,1.3233,1.32335,1.20,1.88
2018.04.27 20:43:52.595,1.3233,1.32337,1.58,1.00
2018.04.27 20:43:52.680,1.3233,1.32338,2.32,2.44
2018.04.27 20:43:52.986,1.32334,1.32337,1.20,1.00
2018.04.27 20:43:53.191,1.32334,1.32339,1.20,1.12
2018.04.27 20:43:53.242,1.32334,1.32339,1.20,1.63
2018.04.27 20:43:53.294,1.32334,1.32339,1.20,1.25
2018.04.27 20:43:53.398,1.32334,1.32339,1.20,1.31
2018.04.27 20:43:53.606,1.32334,1.32339,1.20,1.25
2018.04.27 20:43:53.814,1.32334,1.32339,1.20,1.63
2018.04.27 20:43:53.970,1.32334,1.32339,1.20,1.12
2018.04.27 20:43:54.073,1.32334,1.32339,1.20,1.44
2018.04.27 20:43:54.126,1.32334,1.32339,1.20,1.13
2018.04.27 20:43:54.229,1.32334,1.32339,1.20,1.63
2018.04.27 20:43:54.592,1.32334,1.3234,1.20,3.19
2018.04.27 20:43:54.799,1.32334,1.3234,1.20,3.56
2018.04.27 20:43:54.852,1.32334,1.32339,1.20,1.25
2018.04.27 20:43:54.904,1.32334,1.32339,1.20,1.63
2018.04.27 20:43:54.956,1.32334,1.32339,1.20,1.25
2018.04.27 20:43:55.349,1.32334,1.32339,1.20,1.63
2018.04.27 20:43:55.506,1.32334,1.32339,1.20,1.12
2018.04.27 20:43:55.558,1.32334,1.32339,1.20,1.63
2018.04.27 20:43:56.146,1.32334,1.32339,1.20,1.12
2018.04.27 20:43:56.199,1.32333,1.32338,1.20,1.63
2018.04.27 20:43:56.251,1.32332,1.32338,1.20,3.00
2018.04.27 20:43:56.812,1.32332,1.32337,1.20,1.50
2018.04.27 20:43:57.329,1.3233,1.32335,1.20,1.81
2018.04.27 20:43:58.798,1.32328,1.32335,1.20,1.50
2018.04.27 20:43:59.061,1.32332,1.32336,1.20,2.06
2018.04.27 20:43:59.168,1.3233,1.32335,1.20,1.25
2018.04.27 20:43:59.324,1.32328,1.32335,1.20,2.62
2018.04.27 20:43:59.642,1.32327,1.32331,1.20,1.25
2018.04.27 20:43:59.695,1.32325,1.32332,1.20,1.25
2018.04.27 20:43:59.747,1.32326,1.3233,1.20,1.31
2018.04.27 20:44:00.449,1.32327,1.32331,1.20,1.25
2018.04.27 20:44:00.789,1.32323,1.32332,1.20,1.25
2018.04.27 20:44:00.946,1.32322,1.32333,1.01,2.06
2018.04.27 20:44:01.458,1.32323,1.32332,1.20,1.63
2018.04.27 20:44:02.098,1.32323,1.32332,1.20,1.31
2018.04.27 20:44:02.616,1.32323,1.32332,1.20,1.25
2018.04.27 20:44:03.140,1.32323,1.32332,1.20,1.31
2018.04.27 20:44:03.714,1.32323,1.32332,1.20,1.12
2018.04.27 20:44:05.455,1.32323,1.32332,1.48,1.63
2018.04.27 20:44:05.748,1.32323,1.32332,1.20,1.31
2018.04.27 20:44:05.978,1.32323,1.32333,1.01,2.06
2018.04.27 20:44:06.521,1.32323,1.32332,1.20,1.63
2018.04.27 20:44:07.654,1.32325,1.32334,2.81,1.00
2018.04.27 20:44:07.708,1.32328,1.32334,1.01,1.00
2018.04.27 20:44:07.761,1.32327,1.32336,1.01,1.13
2018.04.27 20:44:07.918,1.32327,1.32336,1.01,2.06
2018.04.27 20:44:07.970,1.32324,1.32336,2.51,1.56
2018.04.27 20:44:08.074,1.32324,1.32334,1.39,2.25
2018.04.27 20:44:08.631,1.32323,1.32333,1.75,1.50
2018.04.27 20:44:13.661,1.32322,1.32334,1.01,3.75
2018.04.27 20:44:13.817,1.32323,1.32333,1.81,1.31
2018.04.27 20:44:14.390,1.32323,1.32333,1.75,2.25
2018.04.27 20:44:19.722,1.32324,1.32333,1.50,2.06
2018.04.27 20:44:20.244,1.32324,1.32333,1.44,1.63
2018.04.27 20:44:21.045,1.32324,1.32333,1.81,2.06
2018.04.27 20:44:21.593,1.32323,1.32333,1.44,1.63
2018.04.27 20:44:22.837,1.32323,1.32333,1.81,2.25
2018.04.27 20:44:23.341,1.32323,1.32333,1.81,1.63
2018.04.27 20:44:23.911,1.32323,1.32333,1.75,1.87
2018.04.27 20:44:24.622,1.32323,1.32333,1.56,1.63
2018.04.27 20:44:25.331,1.32321,1.32332,1.95,2.06
2018.04.27 20:44:25.384,1.32319,1.32329,1.89,1.63
2018.04.27 20:44:25.437,1.32318,1.32329,1.76,2.06
2018.04.27 20:44:25.696,1.32318,1.32328,1.01,1.56
2018.04.27 20:44:25.999,1.32316,1.32325,1.25,1.81
2018.04.27 20:44:26.540,1.32317,1.32326,1.10,4.50
2018.04.27 20:44:30.931,1.32316,1.32325,1.89,1.31
2018.04.27 20:44:31.597,1.32317,1.32324,1.10,1.00
2018.04.27 20:44:33.478,1.32316,1.32326,3.64,1.25
2018.04.27 20:44:33.885,1.32316,1.32326,3.45,1.25
2018.04.27 20:44:34.091,1.32317,1.32327,1.01,2.25
2018.04.27 20:44:34.843,1.32318,1.32326,1.01,1.25
2018.04.27 20:44:36.893,1.32316,1.32325,1.39,5.25
2018.04.27 20:44:37.105,1.3231,1.32323,6.26,3.75
2018.04.27 20:44:37.242,1.32309,1.32318,1.37,1.00
2018.04.27 20:44:37.296,1.32305,1.32318,4.50,5.63
2018.04.27 20:44:37.349,1.32306,1.32317,1.44,1.81
2018.04.27 20:44:37.666,1.32309,1.3232,1.56,1.13
2018.04.27 20:44:38.069,1.32311,1.32322,1.31,1.69
2018.04.27 20:44:38.124,1.32313,1.32325,1.19,1.12
2018.04.27 20:44:38.281,1.32313,1.32326,2.25,3.56
2018.04.27 20:44:40.324,1.32315,1.32327,3.75,1.31
2018.04.27 20:44:40.853,1.32315,1.32327,6.00,2.06
2018.04.27 20:44:41.370,1.32316,1.32327,1.62,2.81
2018.04.27 20:44:42.736,1.32315,1.32327,3.75,1.50
2018.04.27 20:44:44.109,1.32317,1.32327,1.19,1.50
2018.04.27 20:44:44.163,1.32317,1.32329,2.44,1.00
2018.04.27 20:44:44.270,1.3232,1.3233,1.25,1.00
2018.04.27 20:44:44.794,1.32318,1.32331,2.62,2.06
2018.04.27 20:44:45.359,1.32318,1.32331,2.81,1.87
2018.04.27 20:44:45.895,1.32319,1.32331,1.56,1.87
2018.04.27 20:44:47.434,1.32318,1.32331,4.31,2.06
2018.04.27 20:44:47.951,1.32319,1.32331,1.56,2.06
2018.04.27 20:44:51.817,1.32319,1.32331,1.37,1.63
2018.04.27 20:44:57.245,1.32319,1.32331,1.12,1.38
2018.04.27 20:44:57.773,1.3232,1.32331,1.25,1.44
2018.04.27 20:45:00.027,1.3232,1.32331,1.12,1.38
2018.04.27 20:45:00.179,1.3232,1.32332,1.25,2.62
2018.04.27 20:45:00.692,1.32319,1.32331,1.44,2.25
2018.04.27 20:45:01.211,1.32319,1.32331,1.25,3.00
2018.04.27 20:45:02.238,1.32321,1.32331,1.00,1.00
2018.04.27 20:45:02.293,1.32319,1.32332,1.50,1.50
2018.04.27 20:45:02.806,1.32319,1.32331,2.62,2.25
2018.04.27 20:45:04.864,1.32319,1.32331,1.69,2.25
2018.04.27 20:45:05.418,1.32319,1.32331,1.87,2.25
2018.04.27 20:45:05.788,1.32322,1.32333,1.00,1.00
2018.04.27 20:45:05.996,1.32322,1.32335,1.00,2.25
2018.04.27 20:45:06.689,1.32322,1.32334,1.50,1.00
2018.04.27 20:45:07.508,1.32322,1.32335,1.00,2.25
2018.04.27 20:45:08.097,1.32322,1.32334,1.50,1.00
2018.04.27 20:45:12.836,1.32322,1.32333,1.00,1.00
2018.04.27 20:45:14.319,1.32321,1.32333,2.44,1.00
2018.04.27 20:45:14.989,1.32322,1.32333,1.00,1.00
2018.04.27 20:45:15.883,1.32322,1.32333,1.87,1.00
2018.04.27 20:45:15.936,1.32323,1.32336,3.37,2.25
2018.04.27 20:45:15.989,1.32323,1.32334,1.50,1.00
2018.04.27 20:45:16.566,1.32322,1.32335,2.62,1.50
2018.04.27 20:45:17.300,1.32322,1.32334,2.62,1.00
2018.04.27 20:45:28.103,1.32322,1.32334,2.62,1.00
2018.04.27 20:45:28.696,1.32322,1.32335,2.62,2.25
2018.04.27 20:45:32.938,1.32322,1.32336,1.87,3.75
2018.04.27 20:45:37.991,1.32322,1.32335,1.87,1.00
2018.04.27 20:45:38.995,1.32322,1.32335,1.50,1.00
2018.04.27 20:45:41.390,1.32323,1.32336,1.00,3.75
2018.04.27 20:45:48.248,1.32323,1.32335,1.00,1.00
2018.04.27 20:45:49.155,1.32323,1.32336,2.25,1.00
2018.04.27 20:45:54.008,1.32323,1.32335,1.50,1.00
2018.04.27 20:45:54.762,1.32324,1.32335,1.00,1.00
2018.04.27 20:45:55.536,1.32324,1.32336,1.50,1.50
2018.04.27 20:45:56.444,1.32325,1.32336,2.25,1.00
2018.04.27 20:45:57.071,1.32326,1.32336,1.00,1.00
2018.04.27 20:45:58.116,1.32326,1.32337,1.00,1.00
2018.04.27 20:45:58.270,1.32326,1.32339,1.00,3.75
2018.04.27 20:45:58.860,1.32326,1.32338,1.00,1.00
2018.04.27 20:45:59.594,1.32328,1.32338,1.50,1.00
2018.04.27 20:46:00.350,1.32328,1.32339,1.50,3.00
2018.04.27 20:46:00.893,1.32328,1.32338,1.50,1.00
2018.04.27 20:46:01.628,1.32328,1.32339,1.50,3.00
2018.04.27 20:46:02.927,1.32328,1.32338,1.50,1.00
2018.04.27 20:46:07.526,1.32327,1.32338,1.00,2.25
2018.04.27 20:46:08.427,1.32325,1.32338,1.00,2.25
2018.04.27 20:46:15.798,1.32323,1.32334,2.25,1.00
2018.04.27 20:46:16.124,1.32322,1.32332,1.50,1.00
2018.04.27 20:46:17.124,1.32322,1.32333,1.50,3.00
2018.04.27 20:46:17.763,1.32322,1.32332,1.50,1.00
2018.04.27 20:46:20.978,1.32322,1.32333,1.50,3.00
2018.04.27 20:46:21.724,1.32322,1.32332,1.50,1.00
2018.04.27 20:46:22.387,1.32322,1.32333,1.50,3.00
2018.04.27 20:46:24.568,1.3232,1.32332,1.12,1.00
2018.04.27 20:46:25.356,1.3232,1.32333,1.12,3.00
2018.04.27 20:46:31.539,1.3232,1.32332,1.12,1.00
2018.04.27 20:46:32.296,1.32318,1.3233,3.00,1.00
2018.04.27 20:46:33.621,1.32318,1.32331,1.50,2.25
2018.04.27 20:46:35.013,1.32318,1.3233,1.50,1.50
2018.04.27 20:46:35.323,1.32317,1.32328,1.50,1.50
2018.04.27 20:46:35.835,1.32317,1.32328,1.87,1.00
2018.04.27 20:46:36.354,1.32319,1.32328,1.00,1.00
2018.04.27 20:46:37.355,1.3232,1.3233,1.00,1.50
2018.04.27 20:46:41.584,1.32318,1.32329,1.00,1.00
2018.04.27 20:46:42.122,1.32317,1.32329,1.00,1.50
2018.04.27 20:46:42.588,1.32316,1.32326,1.12,1.00
2018.04.27 20:46:42.691,1.32316,1.32328,2.25,1.50
2018.04.27 20:46:43.166,1.32317,1.32326,1.00,1.00
2018.04.27 20:46:43.839,1.32315,1.32325,1.00,1.00
2018.04.27 20:46:44.121,1.32312,1.32324,3.75,1.00
2018.04.27 20:46:44.512,1.32312,1.32322,1.00,1.00
2018.04.27 20:46:44.618,1.32314,1.32326,1.12,1.00
2018.04.27 20:46:45.130,1.32314,1.32325,1.12,1.00
2018.04.27 20:46:46.437,1.32313,1.32326,3.37,1.50
2018.04.27 20:46:47.828,1.32315,1.32326,1.00,1.00
2018.04.27 20:46:48.037,1.32313,1.32325,1.50,1.00
2018.04.27 20:46:48.577,1.32312,1.32325,2.25,1.50
2018.04.27 20:46:49.240,1.32313,1.32325,1.00,2.25
2018.04.27 20:46:50.656,1.32313,1.32324,1.00,1.00
2018.04.27 20:46:55.736,1.32312,1.32324,3.00,1.00
2018.04.27 20:46:56.646,1.32313,1.32324,1.00,1.00
2018.04.27 20:46:58.649,1.32312,1.32323,1.00,1.00
2018.04.27 20:46:59.155,1.32311,1.32323,1.12,1.50
2018.04.27 20:46:59.694,1.32311,1.32321,1.12,1.00
2018.04.27 20:47:02.158,1.32309,1.32319,1.50,1.50
2018.04.27 20:47:02.417,1.32307,1.32318,2.25,1.00
2018.04.27 20:47:03.090,1.32308,1.32318,1.00,1.00
2018.04.27 20:47:03.672,1.32306,1.32318,2.62,1.50
2018.04.27 20:47:04.931,1.32306,1.32316,1.00,1.50
2018.04.27 20:47:05.475,1.32305,1.32315,2.25,1.00
2018.04.27 20:47:05.979,1.32306,1.32315,1.00,1.00
2018.04.27 20:47:06.388,1.32302,1.32314,2.62,1.50
2018.04.27 20:47:06.942,1.32301,1.32313,1.12,1.00
2018.04.27 20:47:07.172,1.32299,1.32312,3.00,2.25
2018.04.27 20:47:07.224,1.32297,1.32308,2.25,1.50
2018.04.27 20:47:08.231,1.32297,1.32309,2.25,1.50
2018.04.27 20:47:21.861,1.32296,1.32304,2.25,1.00
2018.04.27 20:47:22.407,1.32295,1.32304,1.00,1.00
2018.04.27 20:47:22.966,1.32294,1.32304,2.25,1.00
2018.04.27 20:47:23.512,1.32293,1.32304,1.50,1.50
2018.04.27 20:47:23.703,1.32291,1.32304,1.12,1.50
2018.04.27 20:47:28.859,1.32291,1.32304,1.37,1.50
2018.04.27 20:47:42.255,1.32291,1.32303,2.62,1.00
2018.04.27 20:47:55.611,1.32291,1.32303,1.12,1.50
2018.04.27 20:48:02.430,1.32293,1.32305,1.12,1.00
2018.04.27 20:48:02.737,1.32296,1.32307,1.00,1.50
2018.04.27 20:48:05.230,1.32296,1.32306,1.00,1.00
2018.04.27 20:48:05.735,1.32296,1.32307,1.00,1.00
2018.04.27 20:48:15.768,1.32296,1.32308,1.00,2.25
2018.04.27 20:48:17.638,1.32295,1.32307,1.00,1.00
2018.04.27 20:48:20.285,1.32294,1.32302,2.25,1.00
2018.04.27 20:48:20.850,1.32293,1.32303,1.00,1.00
2018.04.27 20:48:22.278,1.32292,1.32303,2.25,1.00
2018.04.27 20:48:23.347,1.32292,1.32301,2.25,1.00
2018.04.27 20:48:23.400,1.32292,1.32303,2.25,1.00
2018.04.27 20:48:28.205,1.32293,1.32303,1.00,1.50
2018.04.27 20:48:28.832,1.32292,1.32303,1.50,1.50
2018.04.27 20:48:30.784,1.32291,1.32303,1.50,1.50
2018.04.27 20:48:33.469,1.32291,1.32303,3.37,1.00
2018.04.27 20:48:34.172,1.32293,1.32303,1.00,1.00
2018.04.27 20:48:35.354,1.32293,1.32304,1.00,1.00
2018.04.27 20:48:38.181,1.32293,1.32303,1.00,1.00
2018.04.27 20:48:42.377,1.32292,1.32303,1.12,1.00
2018.04.27 20:48:42.913,1.32292,1.32304,1.12,1.50
2018.04.27 20:48:53.834,1.32293,1.32304,1.00,1.00
2018.04.27 20:49:10.078,1.32293,1.32305,1.00,3.75
2018.04.27 20:49:15.780,1.32292,1.32305,1.12,3.75
2018.04.27 20:49:19.897,1.32293,1.32304,1.87,1.00
2018.04.27 20:49:20.435,1.32293,1.32305,1.12,3.00
2018.04.27 20:49:21.609,1.32293,1.32304,1.87,1.00
2018.04.27 20:49:25.796,1.32294,1.32304,1.00,1.00
2018.04.27 20:49:28.255,1.32294,1.32305,1.00,3.00
2018.04.27 20:49:28.860,1.32295,1.32306,1.00,1.00
2018.04.27 20:49:29.398,1.32294,1.32305,1.00,1.00
2018.04.27 20:49:35.602,1.32294,1.32304,1.00,1.00
2018.04.27 20:49:40.786,1.32295,1.32304,1.00,1.00
2018.04.27 20:49:45.768,1.32295,1.32305,1.00,1.00
2018.04.27 20:49:46.657,1.32295,1.32304,1.00,1.00
2018.04.27 20:49:54.444,1.32295,1.32306,1.00,2.25
2018.04.27 20:50:00.476,1.32296,1.32309,2.25,2.25
2018.04.27 20:50:00.529,1.32298,1.32308,1.50,1.00
2018.04.27 20:50:01.080,1.32297,1.32309,1.00,1.50
2018.04.27 20:50:01.624,1.32298,1.32308,1.00,1.00
2018.04.27 20:50:02.870,1.32296,1.32308,3.75,1.00
2018.04.27 20:50:03.519,1.32297,1.32308,1.00,1.00
2018.04.27 20:50:07.903,1.32296,1.32308,3.75,1.50
2018.04.27 20:50:08.524,1.32297,1.32308,1.00,1.50
2018.04.27 20:50:09.140,1.32296,1.32308,3.75,1.50
2018.04.27 20:50:11.760,1.32297,1.32308,1.00,1.50
2018.04.27 20:50:16.153,1.32298,1.32309,1.00,1.00
2018.04.27 20:50:16.727,1.32299,1.3231,1.00,1.00
2018.04.27 20:50:17.387,1.32299,1.32311,1.12,1.00
2018.04.27 20:50:19.411,1.32299,1.32312,1.12,1.00
2018.04.27 20:50:20.625,1.32298,1.32313,4.69,1.50
2018.04.27 20:50:25.893,1.32298,1.32312,5.06,1.00
2018.04.27 20:50:27.074,1.32301,1.32312,1.00,1.00
2018.04.27 20:50:27.673,1.32301,1.3231,1.00,1.00
2018.04.27 20:50:27.776,1.32299,1.3231,3.00,1.00
2018.04.27 20:50:28.632,1.323,1.3231,1.00,1.00
2018.04.27 20:50:28.749,1.32301,1.32313,1.00,1.50
2018.04.27 20:50:29.282,1.32301,1.32312,1.00,1.00
2018.04.27 20:50:29.860,1.32301,1.32311,1.00,1.00
2018.04.27 20:50:30.367,1.32301,1.32312,1.00,1.00
2018.04.27 20:50:30.929,1.32301,1.32313,1.00,1.00
2018.04.27 20:50:33.449,1.323,1.32316,1.87,2.62
2018.04.27 20:50:34.128,1.32302,1.32316,1.00,2.62
2018.04.27 20:50:35.166,1.32303,1.32316,1.00,1.87
2018.04.27 20:50:44.189,1.32301,1.32316,1.00,1.12
2018.04.27 20:50:45.083,1.323,1.32314,1.12,1.00
2018.04.27 20:50:48.050,1.32301,1.32315,1.50,1.00
2018.04.27 20:50:48.614,1.32301,1.32314,1.00,1.00
2018.04.27 20:50:53.175,1.323,1.32314,1.00,1.87
2018.04.27 20:50:53.285,1.32303,1.32319,1.87,1.00
2018.04.27 20:50:53.392,1.32306,1.32321,1.00,1.50
2018.04.27 20:50:53.923,1.32307,1.32321,1.00,1.00
2018.04.27 20:50:55.334,1.32307,1.32322,1.00,1.50
2018.04.27 20:50:57.732,1.32308,1.32322,1.12,1.00
2018.04.27 20:50:57.791,1.32311,1.32326,1.00,1.00
2018.04.27 20:50:57.844,1.32313,1.32327,1.00,2.25
2018.04.27 20:50:58.196,1.3231,1.32324,1.00,1.00
2018.04.27 20:50:58.527,1.32312,1.32325,1.00,1.00
2018.04.27 20:50:59.076,1.32312,1.32326,1.00,1.50
2018.04.27 20:50:59.749,1.32313,1.32326,1.00,1.00
2018.04.27 20:50:59.958,1.32311,1.32326,1.12,1.50
2018.04.27 20:51:00.569,1.32312,1.32326,1.50,2.06
2018.04.27 20:51:01.393,1.32312,1.32324,1.00,1.00
2018.04.27 20:51:01.630,1.3231,1.32324,1.00,1.00
2018.04.27 20:51:02.106,1.32309,1.32321,1.00,1.50
2018.04.27 20:51:02.159,1.32307,1.3232,1.00,1.00
2018.04.27 20:51:02.314,1.32304,1.3232,2.25,1.25
2018.04.27 20:51:02.418,1.32307,1.32319,1.00,1.00
2018.04.27 20:51:03.140,1.32308,1.32319,1.00,1.00
2018.04.27 20:51:04.083,1.3231,1.32323,1.00,1.00
2018.04.27 20:51:04.609,1.32311,1.32324,1.00,1.50
2018.04.27 20:51:05.160,1.3231,1.32321,1.00,1.00
2018.04.27 20:51:05.677,1.32307,1.32321,2.25,1.00
2018.04.27 20:51:05.892,1.32307,1.32323,2.25,1.00
2018.04.27 20:51:12.711,1.32307,1.32324,1.00,1.87
2018.04.27 20:51:12.933,1.32306,1.32321,1.00,1.00
2018.04.27 20:51:13.469,1.32305,1.32322,1.00,1.00
2018.04.27 20:51:13.819,1.32308,1.32323,1.00,1.00
2018.04.27 20:51:15.990,1.32307,1.32322,1.00,1.00
2018.04.27 20:51:17.645,1.32305,1.32321,1.00,1.00
2018.04.27 20:51:18.337,1.32306,1.3232,1.00,1.00
2018.04.27 20:51:18.864,1.32305,1.32319,1.00,1.00
2018.04.27 20:51:19.197,1.32305,1.32321,1.00,1.00
2018.04.27 20:51:22.482,1.32306,1.32322,1.00,1.00
2018.04.27 20:51:23.611,1.32306,1.3232,1.00,1.00
2018.04.27 20:51:23.882,1.32303,1.3232,1.00,1.00
2018.04.27 20:51:24.093,1.32306,1.32323,1.00,3.00
2018.04.27 20:51:24.596,1.32308,1.32323,1.00,1.00
2018.04.27 20:51:35.804,1.32307,1.32324,1.00,1.00
2018.04.27 20:51:40.972,1.3231,1.32324,1.00,1.00
2018.04.27 20:51:41.378,1.3231,1.32326,1.00,1.00
2018.04.27 20:51:42.696,1.3231,1.32327,1.00,1.00
2018.04.27 20:51:46.501,1.32311,1.32328,1.00,3.00
2018.04.27 20:51:47.150,1.3231,1.32329,1.00,2.44
2018.04.27 20:51:48.595,1.32311,1.32331,1.50,1.12
2018.04.27 20:51:48.701,1.32312,1.32328,1.00,1.00
2018.04.27 20:51:49.029,1.32314,1.32328,1.00,3.19
2018.04.27 20:52:00.778,1.32313,1.32328,1.00,3.19
2018.04.27 20:52:01.284,1.32314,1.32328,1.00,3.19
2018.04.27 20:52:02.371,1.32312,1.32325,1.50,1.00
2018.04.27 20:52:02.527,1.32312,1.32328,1.00,1.00
2018.04.27 20:52:03.252,1.32311,1.32327,1.50,1.00
2018.04.27 20:52:03.897,1.32311,1.32328,1.50,3.19
2018.04.27 20:52:04.549,1.32314,1.32328,1.00,1.50
2018.04.27 20:52:10.675,1.32315,1.32332,1.00,1.00
2018.04.27 20:52:11.921,1.32315,1.3233,1.00,1.00
2018.04.27 20:52:11.974,1.32315,1.32332,1.00,1.00
2018.04.27 20:52:12.130,1.32315,1.3233,1.50,1.00
2018.04.27 20:52:15.584,1.32318,1.32336,1.00,1.00
2018.04.27 20:52:16.133,1.32318,1.32335,1.00,1.00
2018.04.27 20:52:16.186,1.3232,1.32336,1.00,2.25
2018.04.27 20:52:16.695,1.3232,1.32335,1.00,1.00
2018.04.27 20:52:16.749,1.32318,1.32334,1.00,1.00
2018.04.27 20:52:18.160,1.32319,1.32335,1.00,1.00
2018.04.27 20:52:22.938,1.32319,1.32336,1.00,1.00
2018.04.27 20:52:23.117,1.32318,1.32334,1.00,1.00
2018.04.27 20:52:23.427,1.3232,1.32335,1.00,1.00
2018.04.27 20:52:24.014,1.3232,1.32336,1.00,1.00
2018.04.27 20:52:25.027,1.32319,1.32335,1.00,1.00
2018.04.27 20:52:26.682,1.32318,1.32334,1.00,1.00
2018.04.27 20:52:27.459,1.32318,1.32333,1.00,1.00
2018.04.27 20:52:27.512,1.32315,1.32333,1.00,2.25
2018.04.27 20:52:37.674,1.32316,1.32337,1.50,1.00
2018.04.27 20:52:38.089,1.3232,1.32338,1.00,1.50
2018.04.27 20:52:40.289,1.32321,1.32337,1.00,1.00
2018.04.27 20:52:49.009,1.32319,1.32335,1.00,1.00
2018.04.27 20:52:57.169,1.32318,1.32334,1.00,1.00
2018.04.27 20:52:57.688,1.32319,1.32335,1.00,1.00
2018.04.27 20:52:59.678,1.32318,1.32334,1.00,1.00
2018.04.27 20:53:00.716,1.32316,1.32334,1.00,1.00
2018.04.27 20:53:03.066,1.32318,1.32334,1.00,1.00
2018.04.27 20:53:03.963,1.32319,1.32335,1.00,1.00
2018.04.27 20:53:04.671,1.32319,1.32334,1.00,1.00
2018.04.27 20:53:05.800,1.32317,1.32332,1.00,1.00
2018.04.27 20:53:06.276,1.32319,1.32332,1.00,1.00
2018.04.27 20:53:07.033,1.32318,1.32331,1.50,1.00
2018.04.27 20:53:08.373,1.32315,1.32329,2.25,1.00
2018.04.27 20:53:08.894,1.32316,1.32329,1.00,1.00
2018.04.27 20:53:09.105,1.32316,1.32327,1.00,1.50
2018.04.27 20:53:09.212,1.32312,1.32328,2.25,1.00
2018.04.27 20:53:09.420,1.32315,1.32328,1.00,1.00
2018.04.27 20:53:12.738,1.32314,1.32328,1.50,1.00
2018.04.27 20:53:13.095,1.32312,1.32328,1.50,1.00
2018.04.27 20:53:13.198,1.3231,1.32327,1.00,1.00
2018.04.27 20:53:14.004,1.32309,1.32328,1.00,1.00
2018.04.27 20:53:14.683,1.3231,1.32326,1.00,1.00
2018.04.27 20:53:19.235,1.32307,1.32325,1.00,1.00
2018.04.27 20:53:20.121,1.32308,1.32324,1.00,1.00
2018.04.27 20:53:22.204,1.32307,1.32323,1.00,1.00
2018.04.27 20:53:33.808,1.32306,1.32324,1.00,1.00
2018.04.27 20:53:34.332,1.3231,1.32327,1.00,1.00
2018.04.27 20:53:34.849,1.32311,1.32327,1.00,1.00
2018.04.27 20:53:36.404,1.32299,1.32317,2.62,1.00
2018.04.27 20:53:36.510,1.32298,1.32316,1.00,1.00
2018.04.27 20:53:36.562,1.32301,1.32318,1.00,1.00
2018.04.27 20:53:43.799,1.32301,1.3232,1.00,1.00
2018.04.27 20:53:47.485,1.323,1.32319,1.00,1.00
2018.04.27 20:53:49.258,1.32298,1.32315,1.00,1.00
2018.04.27 20:53:49.844,1.32297,1.32314,1.00,1.00
2018.04.27 20:53:54.297,1.32296,1.32313,1.00,1.00
2018.04.27 20:53:59.565,1.32297,1.3231,1.00,1.00
2018.04.27 20:53:59.669,1.32293,1.3231,1.00,1.50
2018.04.27 20:54:00.112,1.32296,1.32312,1.50,1.00
2018.04.27 20:54:00.267,1.32298,1.32315,1.00,1.00
2018.04.27 20:54:00.629,1.32295,1.32314,1.00,1.00
2018.04.27 20:54:04.338,1.32295,1.32312,1.00,1.00
2018.04.27 20:54:06.213,1.32294,1.32313,1.00,1.00
2018.04.27 20:54:08.692,1.32296,1.32313,1.00,1.00
2018.04.27 20:54:09.240,1.32295,1.32314,1.00,1.00
2018.04.27 20:54:14.362,1.32295,1.32312,1.00,1.00
2018.04.27 20:54:14.524,1.32295,1.32315,1.00,1.00
2018.04.27 20:54:15.174,1.32296,1.32314,1.00,1.00
2018.04.27 20:54:21.802,1.32297,1.32314,1.00,1.00
2018.04.27 20:54:25.738,1.32297,1.32316,1.00,1.00
2018.04.27 20:54:35.770,1.32297,1.32314,1.00,1.00
2018.04.27 20:54:45.829,1.323,1.3232,1.50,1.00
2018.04.27 20:54:45.883,1.32305,1.32322,1.00,1.00
2018.04.27 20:54:45.937,1.32304,1.32324,1.00,1.00
2018.04.27 20:54:46.069,1.32309,1.32326,1.00,1.00
2018.04.27 20:54:46.485,1.32309,1.32328,1.00,1.00
2018.04.27 20:54:47.036,1.32308,1.32327,1.00,1.00
2018.04.27 20:54:47.849,1.32309,1.32328,1.00,1.00
2018.04.27 20:54:57.698,1.3231,1.32327,1.00,1.00
2018.04.27 20:54:58.310,1.32309,1.32326,1.00,1.00
2018.04.27 20:54:58.834,1.3231,1.32327,1.00,1.00
2018.04.27 20:54:59.350,1.32309,1.32326,1.00,1.00
2018.04.27 20:55:00.683,1.32305,1.32323,1.00,1.00
2018.04.27 20:55:01.227,1.32304,1.32322,1.00,1.00
2018.04.27 20:55:01.585,1.32306,1.32323,1.00,1.00
2018.04.27 20:55:04.638,1.32305,1.32322,1.00,1.00
2018.04.27 20:55:06.138,1.32304,1.32323,1.00,1.00
2018.04.27 20:55:06.811,1.32305,1.32322,1.00,1.00
2018.04.27 20:55:07.456,1.32304,1.32321,1.00,1.00
2018.04.27 20:55:07.621,1.32292,1.32313,1.50,1.00
2018.04.27 20:55:07.673,1.3229,1.32312,1.00,1.00
2018.04.27 20:55:07.777,1.32287,1.32308,1.00,1.00
2018.04.27 20:55:08.460,1.32288,1.32306,1.00,1.00
2018.04.27 20:55:12.150,1.32289,1.32307,1.00,1.00
2018.04.27 20:55:12.927,1.32288,1.32301,1.00,1.50
2018.04.27 20:55:12.979,1.32281,1.32301,1.50,1.50
2018.04.27 20:55:13.031,1.32283,1.32301,1.00,1.00
2018.04.27 20:55:13.083,1.32284,1.32305,1.00,1.00
2018.04.27 20:55:13.393,1.32287,1.32307,1.00,1.00
2018.04.27 20:55:13.704,1.32289,1.32307,1.00,1.00
2018.04.27 20:55:18.130,1.32291,1.32308,1.00,1.00
2018.04.27 20:55:25.004,1.32293,1.32308,1.00,1.00
2018.04.27 20:55:25.060,1.32293,1.3231,1.00,1.00
2018.04.27 20:55:25.266,1.32295,1.32312,1.00,1.00
2018.04.27 20:55:32.293,1.32296,1.32313,1.00,1.00
2018.04.27 20:55:37.144,1.32293,1.3231,1.00,1.00
2018.04.27 20:55:37.480,1.32289,1.32307,1.00,1.00
2018.04.27 20:55:40.490,1.3229,1.32309,1.00,1.00
2018.04.27 20:55:43.827,1.32289,1.32308,1.00,1.00
2018.04.27 20:55:44.262,1.32291,1.32308,1.00,1.00
2018.04.27 20:55:44.467,1.32293,1.32311,1.00,1.50
2018.04.27 20:55:45.057,1.32293,1.3231,1.00,1.00
2018.04.27 20:55:45.679,1.32293,1.32311,1.00,1.00
2018.04.27 20:55:45.834,1.32294,1.32314,1.00,1.00
2018.04.27 20:55:46.371,1.32295,1.32313,1.00,1.00
2018.04.27 20:55:46.475,1.32294,1.32311,1.00,1.00
2018.04.27 20:55:46.696,1.32295,1.32313,1.00,1.00
2018.04.27 20:55:47.472,1.32296,1.32315,1.00,1.00
2018.04.27 20:55:55.198,1.32294,1.32315,1.00,1.00
2018.04.27 20:55:55.784,1.32295,1.32314,1.00,1.00
2018.04.27 20:55:58.831,1.32296,1.32315,1.00,1.00
2018.04.27 20:56:03.582,1.32298,1.32318,1.50,1.00
2018.04.27 20:56:03.687,1.32301,1.3232,1.00,1.00
2018.04.27 20:56:03.894,1.32296,1.32318,1.00,1.00
2018.04.27 20:56:04.000,1.32294,1.32313,1.00,1.00
2018.04.27 20:56:09.317,1.32292,1.32311,1.50,1.00
2018.04.27 20:56:10.041,1.32294,1.32313,1.00,1.00
2018.04.27 20:56:14.683,1.3229,1.32311,1.00,1.00
2018.04.27 20:56:14.735,1.3229,1.32306,1.00,1.00
2018.04.27 20:56:15.383,1.32289,1.32307,1.69,1.00
2018.04.27 20:56:16.126,1.32289,1.32308,1.00,1.00
2018.04.27 20:56:16.834,1.32291,1.32309,1.00,1.00
2018.04.27 20:56:20.018,1.32289,1.32308,1.00,1.00
2018.04.27 20:56:20.122,1.32292,1.32313,1.00,1.00
2018.04.27 20:56:21.205,1.32294,1.32313,1.00,1.00
2018.04.27 20:56:24.678,1.32293,1.32312,1.00,1.00
2018.04.27 20:56:25.407,1.32294,1.32313,1.00,1.00
2018.04.27 20:56:27.072,1.32292,1.32313,1.00,1.00
2018.04.27 20:56:29.737,1.32293,1.32312,1.00,1.00
2018.04.27 20:56:30.100,1.32296,1.32315,1.00,1.00
2018.04.27 20:56:30.258,1.323,1.32322,1.00,1.00
2018.04.27 20:56:30.529,1.32302,1.32323,1.00,1.00
2018.04.27 20:56:30.583,1.32297,1.32325,1.37,1.00
2018.04.27 20:56:30.980,1.32303,1.32327,1.00,1.00
2018.04.27 20:56:31.289,1.32298,1.32324,1.37,1.00
2018.04.27 20:56:31.701,1.32297,1.32323,1.37,1.00
2018.04.27 20:56:34.646,1.32296,1.32319,2.81,1.00
2018.04.27 20:56:35.189,1.323,1.3232,1.12,1.00
2018.04.27 20:56:35.573,1.323,1.32325,1.12,1.00
2018.04.27 20:56:36.002,1.323,1.32325,1.37,1.00
2018.04.27 20:56:36.580,1.32301,1.32326,1.37,1.00
2018.04.27 20:56:37.157,1.323,1.32326,1.87,1.00
2018.04.27 20:56:37.677,1.32302,1.32325,1.37,1.00
2018.04.27 20:56:38.191,1.32301,1.32326,1.37,1.00
2018.04.27 20:56:41.844,1.32305,1.32327,1.50,1.00
2018.04.27 20:56:42.355,1.32304,1.32324,1.00,1.00
2018.04.27 20:56:42.898,1.32305,1.32324,1.00,1.00
2018.04.27 20:56:43.706,1.32305,1.32326,1.00,1.00
2018.04.27 20:56:44.359,1.32304,1.32326,1.00,1.00
2018.04.27 20:56:44.894,1.32305,1.32327,1.00,1.00
2018.04.27 20:56:45.401,1.32304,1.32327,1.00,1.00
2018.04.27 20:56:45.453,1.32302,1.32322,1.37,1.00
2018.04.27 20:56:45.765,1.32303,1.32327,1.12,1.00
2018.04.27 20:56:45.817,1.32305,1.32327,1.00,1.00
2018.04.27 20:56:46.209,1.32305,1.32325,1.00,1.00
2018.04.27 20:56:46.413,1.32305,1.32334,1.00,2.44
2018.04.27 20:56:46.967,1.32304,1.32335,1.50,4.16
2018.04.27 20:56:47.216,1.32301,1.32335,1.37,1.50
2018.04.27 20:56:47.785,1.32302,1.32334,1.37,1.00
2018.04.27 20:56:48.101,1.32302,1.32331,1.37,1.00
2018.04.27 20:56:48.499,1.32304,1.32333,1.87,1.00
2018.04.27 20:56:49.278,1.32301,1.32333,1.37,1.00
2018.04.27 20:56:49.595,1.32304,1.32332,1.00,1.00
2018.04.27 20:56:49.855,1.32305,1.32332,1.37,1.00
2018.04.27 20:56:50.009,1.32305,1.32335,1.87,1.50
2018.04.27 20:56:50.320,1.32305,1.32335,1.00,2.25
2018.04.27 20:56:50.731,1.32305,1.32335,1.37,1.50
2018.04.27 20:56:50.783,1.32305,1.32335,1.12,1.50
2018.04.27 20:56:51.745,1.32305,1.3234,1.87,1.50
2018.04.27 20:56:51.797,1.32305,1.32338,1.37,1.50
2018.04.27 20:56:52.107,1.32305,1.32336,1.12,1.50
2018.04.27 20:56:52.586,1.32295,1.32332,2.62,1.00
2018.04.27 20:56:52.894,1.32292,1.32326,1.37,1.00
2018.04.27 20:56:53.098,1.32289,1.3233,2.25,1.00
2018.04.27 20:56:53.149,1.3229,1.3233,1.37,1.00
2018.04.27 20:56:53.245,1.32292,1.32335,1.37,1.00
2018.04.27 20:56:53.650,1.32293,1.32335,1.87,1.50
2018.04.27 20:56:53.855,1.32293,1.32335,1.87,1.50
2018.04.27 20:56:54.266,1.32293,1.32332,1.87,1.00
2018.04.27 20:56:55.150,1.3229,1.32329,1.87,1.00
2018.04.27 20:56:56.109,1.3229,1.32329,1.87,1.00
2018.04.27 20:56:56.627,1.32288,1.32326,1.75,1.00
2018.04.27 20:56:57.301,1.32288,1.32325,1.75,1.00
2018.04.27 20:56:57.624,1.32288,1.32328,1.75,1.00
2018.04.27 20:56:58.369,1.32288,1.32325,1.75,1.00
2018.04.27 20:56:58.525,1.32288,1.32323,1.75,1.00
2018.04.27 20:56:59.064,1.32288,1.32324,1.75,1.00
2018.04.27 20:56:59.584,1.32288,1.32323,1.75,1.00
2018.04.27 20:57:00.106,1.32288,1.32324,1.75,2.25
2018.04.27 20:57:00.158,1.32288,1.32321,1.75,1.00
2018.04.27 20:57:00.211,1.32288,1.32324,1.75,1.50
2018.04.27 20:57:01.235,1.32296,1.32325,1.00,1.00
2018.04.27 20:57:02.679,1.32294,1.32324,1.12,1.00
2018.04.27 20:57:06.420,1.3229,1.32321,1.37,1.00
2018.04.27 20:57:07.589,1.3229,1.32321,1.87,1.00
2018.04.27 20:57:07.764,1.32294,1.32326,1.37,1.00
2018.04.27 20:57:09.251,1.32294,1.32324,1.37,1.50
2018.04.27 20:57:10.929,1.32294,1.32324,1.12,1.50
2018.04.27 20:57:11.306,1.32294,1.32327,1.12,2.25
2018.04.27 20:57:13.126,1.32294,1.32327,1.37,1.00
2018.04.27 20:57:16.773,1.32294,1.32327,1.37,1.00
2018.04.27 20:57:18.669,1.32292,1.32323,1.37,1.00
2018.04.27 20:57:18.977,1.32286,1.3231,4.87,3.00
2018.04.27 20:57:19.341,1.32286,1.32308,1.12,1.00
2018.04.27 20:57:19.393,1.3228,1.32305,1.87,1.50
2018.04.27 20:57:20.418,1.32278,1.32304,1.50,1.00
2018.04.27 20:57:20.469,1.3228,1.32305,1.00,1.50
2018.04.27 20:57:20.826,1.3228,1.323,1.00,1.00
2018.04.27 20:57:25.128,1.32278,1.323,1.50,1.00
2018.04.27 20:57:27.672,1.3228,1.323,1.00,1.00
2018.04.27 20:57:28.680,1.32279,1.32301,1.00,1.00
2018.04.27 20:57:35.943,1.32278,1.323,1.87,1.00
2018.04.27 20:57:37.125,1.32278,1.32301,1.00,1.00
2018.04.27 20:57:38.741,1.32282,1.3231,1.37,1.00
2018.04.27 20:57:38.795,1.3228,1.3231,1.00,2.25
2018.04.27 20:57:38.955,1.32278,1.32308,1.50,1.00
2018.04.27 20:57:39.500,1.32278,1.32307,3.00,1.00
2018.04.27 20:57:40.239,1.32278,1.32305,1.87,1.00
2018.04.27 20:57:41.184,1.32278,1.32304,2.62,1.00
2018.04.27 20:57:41.538,1.32278,1.323,2.62,2.25
2018.04.27 20:57:41.756,1.32269,1.32305,1.37,1.00
2018.04.27 20:57:41.809,1.32271,1.32309,1.37,1.25
2018.04.27 20:57:42.086,1.32274,1.32305,1.12,1.00
2018.04.27 20:57:42.554,1.32275,1.32309,1.00,1.00
2018.04.27 20:57:43.019,1.32275,1.3231,2.06,4.69
2018.04.27 20:57:44.444,1.32275,1.3231,1.87,3.00
2018.04.27 20:57:47.399,1.3228,1.3231,1.37,1.00
2018.04.27 20:57:47.737,1.32285,1.3231,1.37,1.00
2018.04.27 20:57:48.709,1.32285,1.3231,1.12,1.00
2018.04.27 20:57:49.950,1.3228,1.3231,1.37,1.00
2018.04.27 20:57:50.290,1.32275,1.3231,1.37,1.00
2018.04.27 20:57:51.318,1.32272,1.3231,1.87,1.00
2018.04.27 20:57:53.664,1.32275,1.3231,1.37,1.00
2018.04.27 20:57:56.000,1.32275,1.3231,1.37,1.00
2018.04.27 20:57:56.466,1.32275,1.3231,1.37,1.00
2018.04.27 20:57:57.683,1.32272,1.32305,1.37,1.00
2018.04.27 20:57:57.735,1.32272,1.32309,1.37,1.50
2018.04.27 20:57:57.786,1.32272,1.32306,1.87,1.00
2018.04.27 20:57:58.414,1.32271,1.32304,1.87,1.00
2018.04.27 20:57:58.517,1.32272,1.32305,1.37,1.00
2018.04.27 20:58:00.112,1.32274,1.32306,1.37,1.50
2018.04.27 20:58:00.369,1.32271,1.32308,4.12,1.00
2018.04.27 20:58:00.884,1.32271,1.32309,5.85,1.00
2018.04.27 20:58:01.408,1.32271,1.3231,4.16,2.25
2018.04.27 20:58:03.535,1.32271,1.32311,3.94,3.00
2018.04.27 20:58:05.897,1.32271,1.3231,3.94,1.00
2018.04.27 20:58:06.732,1.32271,1.32309,4.69,1.00
2018.04.27 20:58:09.155,1.32271,1.32309,4.69,1.50
2018.04.27 20:58:09.571,1.32272,1.32307,2.66,1.50
2018.04.27 20:58:09.905,1.32272,1.32305,2.66,1.00
2018.04.27 20:58:11.150,1.32272,1.3231,4.16,1.00
2018.04.27 20:58:11.373,1.32272,1.32306,1.37,1.00
2018.04.27 20:58:11.903,1.32272,1.32305,2.66,1.00
2018.04.27 20:58:15.831,1.32272,1.3231,1.62,1.50
2018.04.27 20:58:16.388,1.32272,1.3231,2.44,1.50
2018.04.27 20:58:18.129,1.32272,1.32311,2.44,3.75
2018.04.27 20:58:19.121,1.32275,1.3231,1.37,1.50
2018.04.27 20:58:21.642,1.32271,1.32309,5.44,1.00
2018.04.27 20:58:22.463,1.32271,1.32308,1.94,1.00
2018.04.27 20:58:22.661,1.32271,1.32308,1.94,1.00
2018.04.27 20:58:22.886,1.32271,1.3231,5.44,1.50
2018.04.27 20:58:23.976,1.32271,1.32311,1.69,1.50
2018.04.27 20:58:24.186,1.32271,1.32309,2.06,1.00
2018.04.27 20:58:24.757,1.3227,1.3231,5.81,2.25
2018.04.27 20:58:25.282,1.32272,1.3231,2.44,1.50
2018.04.27 20:58:26.327,1.32275,1.3231,1.37,3.00
2018.04.27 20:58:26.972,1.32275,1.32305,1.37,1.50
2018.04.27 20:58:27.529,1.32271,1.32304,4.31,1.00
2018.04.27 20:58:27.683,1.32271,1.32301,1.37,1.00
2018.04.27 20:58:28.538,1.32271,1.323,1.37,1.00
2018.04.27 20:58:30.108,1.32271,1.323,1.37,1.00
2018.04.27 20:58:31.114,1.3227,1.32301,3.37,1.00
2018.04.27 20:58:31.713,1.3227,1.323,4.12,1.00
2018.04.27 20:58:32.594,1.32276,1.32311,1.37,1.50
2018.04.27 20:58:32.646,1.32285,1.32316,1.12,1.00
2018.04.27 20:58:32.957,1.32282,1.32315,1.87,1.50
2018.04.27 20:58:33.060,1.3228,1.32316,1.50,1.50
2018.04.27 20:58:33.576,1.32281,1.32315,1.00,1.00
2018.04.27 20:58:34.881,1.32282,1.32315,1.00,2.25
2018.04.27 20:58:35.469,1.32285,1.32315,1.00,2.25
2018.04.27 20:58:36.675,1.32284,1.32316,1.00,2.25
2018.04.27 20:58:37.330,1.32285,1.32315,1.00,1.00
2018.04.27 20:58:37.753,1.32282,1.32316,1.00,1.00
2018.04.27 20:58:37.857,1.32284,1.32316,1.00,1.50
2018.04.27 20:58:38.423,1.32285,1.32316,1.00,1.00
2018.04.27 20:58:38.953,1.32285,1.32315,1.50,1.50
2018.04.27 20:58:42.815,1.3228,1.32315,1.00,1.50
2018.04.27 20:58:43.482,1.32279,1.32315,1.00,1.50
2018.04.27 20:58:44.384,1.3228,1.32315,1.00,1.50
2018.04.27 20:58:44.898,1.32281,1.32315,1.00,2.25
2018.04.27 20:58:48.172,1.32276,1.32315,1.37,2.25
2018.04.27 20:58:48.678,1.32276,1.32315,1.00,2.62
2018.04.27 20:58:50.803,1.32277,1.32315,1.00,2.25
2018.04.27 20:58:51.546,1.32276,1.32315,1.00,1.50
2018.04.27 20:58:52.134,1.32277,1.32315,1.00,2.25
2018.04.27 20:58:52.641,1.32276,1.32316,1.00,1.87
2018.04.27 20:58:53.229,1.32277,1.32316,1.00,2.62
2018.04.27 20:58:53.742,1.32277,1.32315,1.00,1.00
2018.04.27 20:58:54.618,1.32276,1.32315,1.00,1.00
2018.04.27 20:58:55.223,1.32277,1.32315,1.00,1.00
2018.04.27 20:58:56.025,1.32275,1.32315,1.87,1.00
2018.04.27 20:58:59.140,1.32276,1.32318,1.37,1.50
2018.04.27 20:58:59.396,1.32276,1.32315,1.50,1.00
2018.04.27 20:58:59.498,1.32277,1.32317,1.12,1.50
2018.04.27 20:58:59.652,1.32277,1.32315,1.00,1.00
2018.04.27 20:59:00.015,1.32275,1.32315,1.12,1.00
2018.04.27 20:59:00.066,1.32272,1.32297,1.37,0.75
2018.04.27 20:59:00.118,1.32272,1.32318,1.00,1.37
2018.04.27 20:59:00.169,1.32274,1.32318,1.00,1.37
2018.04.27 20:59:00.220,1.32272,1.32318,1.87,1.87
2018.04.27 20:59:00.800,1.32275,1.32321,1.00,1.87
2018.04.27 20:59:01.121,1.32272,1.32326,1.37,1.75
2018.04.27 20:59:02.368,1.32281,1.32322,0.37,0.37
2018.04.27 20:59:03.806,1.32281,1.32318,0.37,0.75
2018.04.27 20:59:03.858,1.32275,1.32316,1.12,0.37
2018.04.27 20:59:04.408,1.32275,1.32315,0.75,0.37
2018.04.27 20:59:04.723,1.32275,1.32311,0.75,0.75
2018.04.27 20:59:05.132,1.32275,1.32309,0.75,0.75
2018.04.27 20:59:08.245,1.32272,1.32309,0.75,1.50
2018.04.27 20:59:08.771,1.32272,1.32308,0.75,0.75
2018.04.27 20:59:09.253,1.32272,1.32285,0.75,0.75
2018.04.27 20:59:09.305,1.32272,1.32308,0.75,1.87
2018.04.27 20:59:09.357,1.32272,1.32285,0.75,0.75
2018.04.27 20:59:10.308,1.32272,1.3229,0.75,1.42
2018.04.27 20:59:10.820,1.32272,1.32289,0.75,1.50
2018.04.27 20:59:11.113,1.32272,1.32285,0.75,0.75
2018.04.27 20:59:12.115,1.32272,1.32297,0.75,0.37
2018.04.27 20:59:12.640,1.32272,1.32298,0.75,0.75
2018.04.27 20:59:13.150,1.32272,1.32295,0.75,0.75
2018.04.27 20:59:13.682,1.32272,1.3229,0.75,0.75
2018.04.27 20:59:13.784,1.32272,1.32292,0.75,1.50
2018.04.27 20:59:14.142,1.32272,1.3229,0.75,0.75
2018.04.27 20:59:14.478,1.32272,1.32285,0.75,1.50
2018.04.27 20:59:15.125,1.32272,1.32287,0.75,1.50
2018.04.27 20:59:16.186,1.32272,1.32286,0.75,0.37
2018.04.27 20:59:18.059,1.32272,1.32287,0.75,1.12
2018.04.27 20:59:22.923,1.32272,1.32284,0.75,0.37
2018.04.27 20:59:23.394,1.32272,1.32287,0.75,1.87
2018.04.27 20:59:23.827,1.32272,1.32295,0.75,0.37
2018.04.27 20:59:24.241,1.32272,1.32291,0.75,0.37
2018.04.27 20:59:24.292,1.32272,1.32294,0.75,0.37
2018.04.27 20:59:24.553,1.32272,1.32291,0.75,0.37
2018.04.27 20:59:24.900,1.32272,1.32295,0.75,0.37
2018.04.27 20:59:24.952,1.32272,1.32291,0.75,0.37
2018.04.27 20:59:26.846,1.32272,1.32296,0.75,0.37
2018.04.27 20:59:26.898,1.32272,1.32303,0.75,0.37
2018.04.27 20:59:26.950,1.32272,1.32306,0.75,0.37
2018.04.27 20:59:27.104,1.32272,1.32308,0.75,0.37
2018.04.27 20:59:27.155,1.32272,1.32302,0.75,0.37
2018.04.27 20:59:27.461,1.32272,1.32298,0.75,0.37
2018.04.27 20:59:27.766,1.32272,1.32295,0.75,0.37
2018.04.27 20:59:28.111,1.32272,1.32293,0.75,0.37
2018.04.27 20:59:29.122,1.32272,1.32295,0.75,0.37
2018.04.27 20:59:31.037,1.32272,1.32297,0.75,0.37
2018.04.27 20:59:32.139,1.32272,1.32299,0.75,0.37
2018.04.27 20:59:32.815,1.32272,1.32295,0.75,0.37
2018.04.27 20:59:33.116,1.32272,1.32289,0.75,0.37
2018.04.27 20:59:34.004,1.32272,1.32291,0.75,0.37
2018.04.27 20:59:34.056,1.32272,1.32294,0.75,0.37
2018.04.27 20:59:34.158,1.32272,1.32312,0.75,0.37
2018.04.27 20:59:37.712,1.32272,1.32308,0.75,0.37
2018.04.27 20:59:38.080,1.32272,1.32299,0.75,0.37
2018.04.27 20:59:38.591,1.32272,1.32307,0.75,0.37
2018.04.27 20:59:38.947,1.32272,1.32311,0.75,0.37
2018.04.27 20:59:39.146,1.32272,1.32314,0.75,0.37
2018.04.27 20:59:39.290,1.32272,1.32309,0.75,0.37
2018.04.27 20:59:39.804,1.32272,1.32307,0.75,0.37
2018.04.27 20:59:40.369,1.32272,1.32326,0.75,0.75
2018.04.27 20:59:41.120,1.32272,1.32327,0.75,0.75
2018.04.27 20:59:43.039,1.32272,1.32326,0.75,0.75
2018.04.27 20:59:43.292,1.32272,1.32303,0.75,0.75
2018.04.27 20:59:44.143,1.32272,1.32301,0.75,0.75
2018.04.27 20:59:44.194,1.32272,1.3232,0.75,1.50
2018.04.27 20:59:44.245,1.32272,1.32323,0.75,0.75
2018.04.27 20:59:44.804,1.32272,1.3232,0.75,0.75
2018.04.27 20:59:45.176,1.32272,1.32316,0.75,0.75
2018.04.27 20:59:45.742,1.32272,1.32315,0.75,0.75
2018.04.27 20:59:47.505,1.32272,1.32314,0.75,0.75
2018.04.27 20:59:47.556,1.32272,1.32317,0.75,0.75
2018.04.27 20:59:47.607,1.32272,1.32315,0.75,0.75
2018.04.27 20:59:51.140,1.32272,1.32318,0.75,0.75
2018.04.27 20:59:52.356,1.32272,1.32315,0.75,0.75
2018.04.27 20:59:53.410,1.32272,1.32329,0.75,0.75
