2011.10.21 20:00:00.195,1.05799,1.05818,1.50,1.50
2011.10.21 20:00:00.325,1.05801,1.0582,1.13,1.50
2011.10.21 20:00:00.696,1.05792,1.0581,1.50,1.50
2011.10.21 20:00:01.306,1.05792,1.05816,3.00,1.50
2011.10.21 20:00:02.511,1.05789,1.05813,5.25,1.50
2011.10.21 20:00:02.630,1.05789,1.05816,6.00,1.43
2011.10.21 20:00:02.858,1.05791,1.05812,3.00,1.20
2011.10.21 20:00:03.315,1.05791,1.05817,3.00,2.25
2011.10.21 20:00:03.926,1.05791,1.05815,3.00,1.50
2011.10.21 20:00:04.907,1.05791,1.05815,2.25,1.50
2011.10.21 20:00:05.034,1.05791,1.05811,2.25,1.50
2011.10.21 20:00:05.617,1.0579,1.05811,3.00,1.50
2011.10.21 20:00:06.439,1.05789,1.0581,3.75,1.50
2011.10.21 20:00:07.019,1.05789,1.05814,2.25,1.13
2011.10.21 20:00:07.549,1.0579,1.05814,2.70,1.50
2011.10.21 20:00:08.147,1.05788,1.05814,1.50,2.70
2011.10.21 20:00:09.919,1.05786,1.05807,3.00,1.88
2011.10.21 20:00:10.618,1.05781,1.05805,1.50,1.50
2011.10.21 20:00:11.297,1.05782,1.05802,1.50,1.50
2011.10.21 20:00:11.674,1.05781,1.05801,1.50,1.50
2011.10.21 20:00:13.388,1.05781,1.058,1.50,1.50
2011.10.21 20:00:13.509,1.05777,1.05803,1.50,1.50
2011.10.21 20:00:13.979,1.05778,1.05802,1.50,1.50
2011.10.21 20:00:14.536,1.05776,1.05802,1.50,1.50
2011.10.21 20:00:14.777,1.05777,1.05802,1.50,1.50
2011.10.21 20:00:15.424,1.05777,1.05802,1.50,1.50
2011.10.21 20:00:15.550,1.05774,1.05802,1.50,1.20
2011.10.21 20:00:15.910,1.0577,1.05796,1.50,1.50
2011.10.21 20:00:18.626,1.05771,1.05792,1.50,1.50
2011.10.21 20:00:19.076,1.05771,1.05792,1.50,1.50
2011.10.21 20:00:19.425,1.05771,1.05792,1.50,1.50
2011.10.21 20:00:20.032,1.05771,1.05792,1.50,1.50
2011.10.21 20:00:20.398,1.05769,1.05792,2.25,1.50
2011.10.21 20:00:20.736,1.05769,1.05792,1.50,1.50
2011.10.21 20:00:21.075,1.05769,1.05792,1.50,1.50
2011.10.21 20:00:21.198,1.05769,1.05792,1.50,1.50
2011.10.21 20:00:21.966,1.05769,1.05793,2.25,1.50
2011.10.21 20:00:22.319,1.05773,1.05796,1.50,1.50
2011.10.21 20:00:22.896,1.05773,1.05796,1.50,1.50
2011.10.21 20:00:23.127,1.05784,1.05799,2.70,2.18
2011.10.21 20:00:23.597,1.05771,1.05795,1.65,1.50
2011.10.21 20:00:23.718,1.05773,1.05795,1.20,1.50
2011.10.21 20:00:24.673,1.05777,1.05795,1.13,1.50
2011.10.21 20:00:24.801,1.05773,1.05795,1.20,1.50
2011.10.21 20:00:25.836,1.05773,1.05798,1.95,1.50
2011.10.21 20:00:26.177,1.05773,1.05798,1.95,1.50
2011.10.21 20:00:26.982,1.05773,1.05798,2.70,1.50
2011.10.21 20:00:27.557,1.05773,1.05798,1.95,1.50
2011.10.21 20:00:28.937,1.05773,1.05798,1.95,1.50
2011.10.21 20:00:29.697,1.05773,1.05798,1.50,1.50
2011.10.21 20:00:29.817,1.05773,1.05798,1.50,1.50
2011.10.21 20:00:30.157,1.05773,1.05798,2.25,2.25
2011.10.21 20:00:30.275,1.05774,1.05795,1.50,1.50
2011.10.21 20:00:30.615,1.05773,1.05793,1.13,1.50
2011.10.21 20:00:30.736,1.05773,1.05793,1.13,1.50
2011.10.21 20:00:31.298,1.05771,1.05793,1.20,1.50
2011.10.21 20:00:31.418,1.05775,1.05798,1.20,1.50
2011.10.21 20:00:33.146,1.05772,1.05798,2.70,1.50
2011.10.21 20:00:34.381,1.05772,1.05795,1.95,1.73
2011.10.21 20:00:34.727,1.0577,1.05795,1.20,1.73
2011.10.21 20:00:35.085,1.05769,1.05795,1.95,2.10
2011.10.21 20:00:35.556,1.05769,1.05795,2.70,2.10
2011.10.21 20:00:36.200,1.05772,1.05793,1.50,1.50
2011.10.21 20:00:36.537,1.05772,1.05793,1.50,1.50
2011.10.21 20:00:37.106,1.05772,1.05793,1.50,1.50
2011.10.21 20:00:37.585,1.0577,1.0579,1.50,1.50
2011.10.21 20:00:37.712,1.05766,1.05791,1.95,1.13
2011.10.21 20:00:38.419,1.05766,1.05791,2.70,1.13
2011.10.21 20:00:39.018,1.05768,1.05789,1.50,1.50
2011.10.21 20:00:39.685,1.05769,1.05791,1.95,1.50
2011.10.21 20:00:40.275,1.05767,1.05791,1.58,1.50
2011.10.21 20:00:42.890,1.05767,1.05789,1.58,1.50
2011.10.21 20:00:44.082,1.05767,1.05789,1.58,1.50
2011.10.21 20:00:44.216,1.05766,1.05787,1.95,1.50
2011.10.21 20:00:44.779,1.05766,1.05786,1.95,1.50
2011.10.21 20:00:50.218,1.05768,1.05788,1.20,2.25
2011.10.21 20:00:51.107,1.05767,1.05786,1.65,1.50
2011.10.21 20:00:51.742,1.05766,1.05786,1.20,1.50
2011.10.21 20:00:52.296,1.05764,1.05785,1.65,1.50
2011.10.21 20:00:52.420,1.05764,1.05785,1.20,1.50
2011.10.21 20:00:52.537,1.05765,1.05787,1.20,1.50
2011.10.21 20:00:52.775,1.05765,1.05785,1.20,1.50
2011.10.21 20:00:53.748,1.05765,1.05787,1.20,1.50
2011.10.21 20:00:56.393,1.05765,1.05787,1.95,1.50
2011.10.21 20:00:56.523,1.05766,1.05787,1.50,1.50
2011.10.21 20:00:56.890,1.05765,1.05787,2.40,1.50
2011.10.21 20:00:57.127,1.05764,1.05785,1.50,1.50
2011.10.21 20:00:57.356,1.05766,1.05787,1.20,1.50
2011.10.21 20:00:57.478,1.05766,1.05787,1.20,1.50
2011.10.21 20:00:58.628,1.05765,1.05786,1.50,1.50
2011.10.21 20:00:59.195,1.05765,1.05786,1.50,1.50
2011.10.21 20:01:01.261,1.05765,1.05787,2.25,1.50
2011.10.21 20:01:01.380,1.05765,1.05786,1.50,1.50
2011.10.21 20:01:01.608,1.05766,1.05786,1.20,1.50
2011.10.21 20:01:02.452,1.05765,1.05786,1.95,1.50
2011.10.21 20:01:02.857,1.05766,1.05787,1.95,1.50
2011.10.21 20:01:03.594,1.05766,1.05787,1.20,1.50
2011.10.21 20:01:04.166,1.05765,1.05786,1.50,1.50
2011.10.21 20:01:04.286,1.05764,1.05786,2.25,1.50
2011.10.21 20:01:04.847,1.05764,1.05784,1.50,1.50
2011.10.21 20:01:06.936,1.05765,1.05786,2.63,2.25
2011.10.21 20:01:07.692,1.05782,1.05794,1.95,1.50
2011.10.21 20:01:07.829,1.05783,1.05802,1.20,1.50
2011.10.21 20:01:08.542,1.05778,1.058,1.20,1.50
2011.10.21 20:01:08.674,1.05777,1.05797,1.20,1.50
2011.10.21 20:01:09.948,1.05776,1.05797,1.95,1.50
2011.10.21 20:01:10.506,1.05776,1.05797,1.20,1.50
2011.10.21 20:01:11.106,1.05776,1.05797,1.95,1.50
2011.10.21 20:01:11.949,1.05777,1.05797,1.20,1.50
2011.10.21 20:01:13.619,1.05777,1.05797,1.20,1.50
2011.10.21 20:01:13.742,1.05779,1.05797,1.65,1.50
2011.10.21 20:01:19.420,1.05784,1.058,1.13,1.50
2011.10.21 20:01:19.986,1.05784,1.05803,1.20,1.50
2011.10.21 20:01:22.190,1.05784,1.05803,1.95,1.50
2011.10.21 20:01:22.551,1.05783,1.05802,1.20,1.50
2011.10.21 20:01:23.232,1.05782,1.05802,1.20,1.50
2011.10.21 20:01:24.069,1.05781,1.05797,1.20,1.50
2011.10.21 20:01:24.309,1.05773,1.05794,1.50,1.50
2011.10.21 20:01:24.427,1.05773,1.05795,1.88,1.50
2011.10.21 20:01:25.001,1.05774,1.05797,2.33,1.50
2011.10.21 20:01:25.347,1.05774,1.05796,1.95,1.50
2011.10.21 20:01:25.576,1.05774,1.05796,1.95,1.50
2011.10.21 20:01:25.696,1.05774,1.05796,1.95,1.50
2011.10.21 20:01:25.955,1.05774,1.05796,1.95,1.50
2011.10.21 20:01:27.475,1.05774,1.05796,1.95,1.50
2011.10.21 20:01:27.817,1.05773,1.05797,1.20,1.50
2011.10.21 20:01:27.938,1.05773,1.05797,1.65,1.50
2011.10.21 20:01:28.059,1.05775,1.05797,1.65,1.50
2011.10.21 20:01:28.183,1.05777,1.05795,1.20,1.13
2011.10.21 20:01:28.761,1.05773,1.05791,1.50,1.50
2011.10.21 20:01:29.611,1.0577,1.05792,1.88,1.50
2011.10.21 20:01:29.733,1.0577,1.05789,1.50,1.50
2011.10.21 20:01:30.086,1.05767,1.05789,3.08,1.50
2011.10.21 20:01:30.646,1.05767,1.05789,2.33,1.50
2011.10.21 20:01:31.291,1.05767,1.05789,2.33,1.50
2011.10.21 20:01:31.697,1.05767,1.05789,1.95,1.50
2011.10.21 20:01:32.037,1.05765,1.05789,1.88,1.50
2011.10.21 20:01:33.778,1.05766,1.05789,1.20,1.50
2011.10.21 20:01:34.866,1.0577,1.05792,1.13,1.50
2011.10.21 20:01:36.531,1.05773,1.05792,1.13,1.50
2011.10.21 20:01:37.219,1.05772,1.05791,1.20,1.50
2011.10.21 20:01:37.458,1.0577,1.05788,1.20,1.50
2011.10.21 20:01:37.696,1.05767,1.05788,1.50,1.50
2011.10.21 20:01:38.267,1.05767,1.05788,2.70,1.50
2011.10.21 20:01:38.649,1.05769,1.05791,1.13,1.50
2011.10.21 20:01:39.187,1.05769,1.05791,1.13,1.50
2011.10.21 20:01:39.765,1.05769,1.05791,1.13,1.50
2011.10.21 20:01:39.998,1.05767,1.05793,1.95,2.25
2011.10.21 20:01:40.766,1.05767,1.05786,1.50,1.50
2011.10.21 20:01:41.336,1.05766,1.05789,2.70,1.50
2011.10.21 20:01:42.488,1.05766,1.05786,2.70,1.50
2011.10.21 20:01:42.825,1.05766,1.05786,2.70,1.50
2011.10.21 20:01:43.608,1.05767,1.05787,1.50,1.50
2011.10.21 20:01:44.176,1.05767,1.05787,1.50,1.50
2011.10.21 20:01:44.898,1.05769,1.05787,1.50,1.50
2011.10.21 20:01:48.704,1.05767,1.05791,2.63,1.50
2011.10.21 20:01:49.265,1.05767,1.05791,3.38,1.50
2011.10.21 20:01:49.978,1.05767,1.0579,3.00,1.50
2011.10.21 20:01:50.544,1.05767,1.0579,1.50,1.50
2011.10.21 20:01:50.774,1.05767,1.0579,1.50,1.50
2011.10.21 20:01:51.338,1.05767,1.0579,1.50,1.50
2011.10.21 20:01:55.715,1.05767,1.0579,1.50,1.50
2011.10.21 20:01:56.169,1.05767,1.0579,1.50,1.50
2011.10.21 20:01:56.606,1.05767,1.0579,1.50,1.50
2011.10.21 20:01:57.590,1.05767,1.0579,1.50,1.50
2011.10.21 20:01:58.140,1.05767,1.0579,1.50,1.50
2011.10.21 20:02:00.815,1.05767,1.05788,1.50,1.50
2011.10.21 20:02:01.730,1.05767,1.05788,1.50,1.50
2011.10.21 20:02:01.848,1.05767,1.05788,1.50,1.50
2011.10.21 20:02:03.157,1.05767,1.05788,1.20,1.50
2011.10.21 20:02:04.059,1.05767,1.05788,1.20,1.50
2011.10.21 20:02:04.627,1.05767,1.05787,1.20,1.50
2011.10.21 20:02:04.748,1.05764,1.05784,2.40,1.50
2011.10.21 20:02:04.977,1.05765,1.05786,1.20,1.50
2011.10.21 20:02:05.546,1.05764,1.05784,3.41,1.50
2011.10.21 20:02:08.007,1.05767,1.05788,1.20,1.50
2011.10.21 20:02:08.128,1.05768,1.05792,1.13,2.25
2011.10.21 20:02:08.491,1.05771,1.05792,1.13,1.50
2011.10.21 20:02:09.048,1.05772,1.05793,1.50,1.50
2011.10.21 20:02:09.291,1.05773,1.05793,1.13,1.50
2011.10.21 20:02:09.650,1.05777,1.05799,1.13,1.50
2011.10.21 20:02:10.126,1.05777,1.05799,1.13,1.50
2011.10.21 20:02:10.688,1.05778,1.05799,1.13,1.50
2011.10.21 20:02:10.806,1.0578,1.05799,1.13,1.50
2011.10.21 20:02:11.368,1.05776,1.05798,1.13,1.50
2011.10.21 20:02:11.953,1.05776,1.05798,1.13,1.50
2011.10.21 20:02:13.205,1.05779,1.05799,1.13,1.50
2011.10.21 20:02:14.437,1.05778,1.05799,1.13,1.50
2011.10.21 20:02:15.004,1.05774,1.05799,1.60,1.50
2011.10.21 20:02:15.516,1.05773,1.05799,1.58,1.50
2011.10.21 20:02:17.749,1.05773,1.05796,1.20,1.13
2011.10.21 20:02:17.868,1.0577,1.05789,1.30,1.13
2011.10.21 20:02:18.346,1.05766,1.0579,1.20,1.13
2011.10.21 20:02:18.576,1.05766,1.0579,1.20,1.13
2011.10.21 20:02:19.257,1.05766,1.05788,1.58,1.13
2011.10.21 20:02:20.585,1.05766,1.05788,1.58,1.13
2011.10.21 20:02:22.681,1.05766,1.05788,1.20,1.13
2011.10.21 20:02:23.039,1.05766,1.05788,1.20,1.13
2011.10.21 20:02:23.276,1.05765,1.05788,1.50,1.13
2011.10.21 20:02:23.619,1.05763,1.05788,1.95,1.13
2011.10.21 20:02:24.636,1.05764,1.05788,1.65,1.13
2011.10.21 20:02:27.655,1.05764,1.05789,4.65,1.13
2011.10.21 20:02:28.676,1.05764,1.05789,3.90,1.13
2011.10.21 20:02:29.231,1.05765,1.05791,1.65,1.13
2011.10.21 20:02:31.695,1.05765,1.05791,1.20,1.13
2011.10.21 20:02:33.541,1.05765,1.05792,1.20,1.50
2011.10.21 20:02:34.662,1.05765,1.05788,1.20,1.13
2011.10.21 20:02:35.133,1.05766,1.05792,1.20,1.50
2011.10.21 20:02:35.477,1.05766,1.05792,1.20,1.50
2011.10.21 20:02:35.818,1.05766,1.05792,1.20,1.50
2011.10.21 20:02:36.555,1.05766,1.05792,1.20,1.50
2011.10.21 20:02:37.497,1.05766,1.05792,1.20,1.50
2011.10.21 20:02:37.836,1.05766,1.05792,1.20,1.50
2011.10.21 20:02:38.188,1.05764,1.05791,1.20,1.13
2011.10.21 20:02:38.931,1.05764,1.05791,1.20,1.13
2011.10.21 20:02:48.735,1.05764,1.05788,1.20,1.50
2011.10.21 20:02:50.232,1.05762,1.05788,2.13,1.50
2011.10.21 20:02:50.477,1.05762,1.05788,5.21,1.50
2011.10.21 20:02:51.251,1.05762,1.05783,1.50,1.50
2011.10.21 20:02:51.680,1.05762,1.05783,1.50,1.50
2011.10.21 20:02:52.476,1.05759,1.05783,1.50,1.50
2011.10.21 20:02:57.256,1.0576,1.05783,1.50,1.50
2011.10.21 20:03:04.801,1.0576,1.05781,1.50,1.50
2011.10.21 20:03:04.921,1.05756,1.0578,1.50,1.50
2011.10.21 20:03:05.465,1.05751,1.05776,1.20,1.50
2011.10.21 20:03:06.027,1.05752,1.05776,1.20,1.50
2011.10.21 20:03:15.580,1.05753,1.05776,1.20,1.50
2011.10.21 20:03:15.708,1.05753,1.05776,1.58,1.50
2011.10.21 20:03:16.048,1.05756,1.05779,1.65,1.50
2011.10.21 20:03:16.632,1.05755,1.05779,1.65,1.50
2011.10.21 20:03:18.998,1.0576,1.05783,1.20,1.50
2011.10.21 20:03:19.570,1.0576,1.05783,1.20,1.50
2011.10.21 20:03:20.126,1.05759,1.05787,1.20,1.50
2011.10.21 20:03:20.358,1.0576,1.05787,1.68,1.50
2011.10.21 20:03:20.480,1.05764,1.05789,1.20,1.50
2011.10.21 20:03:20.598,1.05766,1.05789,1.58,1.50
2011.10.21 20:03:20.837,1.05766,1.05789,2.03,1.50
2011.10.21 20:03:21.407,1.05767,1.05789,1.20,1.50
2011.10.21 20:03:21.767,1.05771,1.0579,1.20,1.50
2011.10.21 20:03:26.449,1.05771,1.05796,1.20,1.50
2011.10.21 20:03:27.135,1.05771,1.05796,1.20,1.50
2011.10.21 20:03:29.158,1.05771,1.05794,1.20,1.50
2011.10.21 20:03:30.195,1.05769,1.05794,2.03,1.50
2011.10.21 20:03:34.138,1.05771,1.05794,1.20,1.50
2011.10.21 20:03:34.487,1.05772,1.05794,1.20,1.50
2011.10.21 20:03:35.247,1.05772,1.05794,1.20,1.50
2011.10.21 20:03:35.486,1.05772,1.05794,1.20,1.50
2011.10.21 20:03:36.431,1.05772,1.05794,1.20,1.50
2011.10.21 20:03:36.655,1.05772,1.05794,1.20,1.50
2011.10.21 20:03:37.226,1.05771,1.05794,1.20,1.50
2011.10.21 20:03:38.005,1.05772,1.05794,1.20,1.50
2011.10.21 20:03:38.565,1.05771,1.05794,1.20,1.50
2011.10.21 20:03:39.086,1.05772,1.05794,1.20,1.50
2011.10.21 20:03:41.957,1.05772,1.05793,1.20,1.13
2011.10.21 20:03:42.079,1.05765,1.0579,1.13,1.50
2011.10.21 20:03:42.428,1.05764,1.05787,1.58,1.50
2011.10.21 20:03:42.996,1.05764,1.05784,1.13,1.50
2011.10.21 20:03:47.679,1.0576,1.05784,1.58,1.50
2011.10.21 20:03:47.798,1.05758,1.05784,1.95,1.50
2011.10.21 20:03:48.146,1.05758,1.05784,1.95,1.50
2011.10.21 20:03:48.697,1.0576,1.05787,1.20,2.63
2011.10.21 20:03:49.060,1.05766,1.05787,1.95,2.25
2011.10.21 20:03:50.067,1.05763,1.05786,1.20,1.50
2011.10.21 20:03:51.739,1.05762,1.05784,1.50,1.50
2011.10.21 20:03:55.030,1.05759,1.05784,1.58,1.13
2011.10.21 20:03:55.683,1.05753,1.0578,2.28,1.13
2011.10.21 20:03:55.821,1.05757,1.0578,1.20,2.63
2011.10.21 20:03:56.387,1.05757,1.05779,1.20,1.50
2011.10.21 20:03:59.809,1.05752,1.05777,1.20,1.50
2011.10.21 20:04:00.156,1.0575,1.05772,1.20,1.50
2011.10.21 20:04:00.748,1.0575,1.05772,1.20,1.50
2011.10.21 20:04:04.187,1.05748,1.0577,1.20,1.50
2011.10.21 20:04:04.309,1.05748,1.05768,1.20,1.50
2011.10.21 20:04:06.417,1.05748,1.0577,1.20,2.25
2011.10.21 20:04:06.645,1.05748,1.0577,1.20,2.25
2011.10.21 20:04:06.987,1.05748,1.0577,1.20,2.25
2011.10.21 20:04:07.539,1.05748,1.05769,1.20,1.50
2011.10.21 20:04:10.238,1.05748,1.0577,1.20,2.25
2011.10.21 20:04:12.057,1.05748,1.05769,1.20,2.25
2011.10.21 20:04:12.419,1.05742,1.05765,2.43,2.25
2011.10.21 20:04:13.000,1.05745,1.05765,1.20,1.50
2011.10.21 20:04:14.216,1.05745,1.05765,1.20,1.50
2011.10.21 20:04:15.310,1.05745,1.05765,1.20,1.50
2011.10.21 20:04:15.874,1.05745,1.05765,1.20,1.50
2011.10.21 20:04:16.486,1.05745,1.05765,1.20,1.50
2011.10.21 20:04:17.556,1.05745,1.05765,1.20,1.50
2011.10.21 20:04:18.684,1.05745,1.05765,1.20,1.50
2011.10.21 20:04:19.245,1.05745,1.05765,1.95,1.50
2011.10.21 20:04:19.808,1.05742,1.05765,1.20,2.25
2011.10.21 20:04:21.977,1.05742,1.05764,1.20,1.50
2011.10.21 20:04:23.568,1.05742,1.05765,1.20,2.25
2011.10.21 20:04:24.855,1.05742,1.05764,1.20,1.50
2011.10.21 20:04:25.331,1.05742,1.05764,1.20,1.50
2011.10.21 20:04:26.349,1.05743,1.05765,1.88,1.50
2011.10.21 20:04:26.589,1.05753,1.05778,1.20,2.25
2011.10.21 20:04:26.707,1.05752,1.05778,1.20,1.50
2011.10.21 20:04:27.266,1.05752,1.05778,1.20,1.50
2011.10.21 20:04:27.968,1.05752,1.05778,1.20,1.50
2011.10.21 20:04:28.327,1.05752,1.05778,2.40,1.50
2011.10.21 20:04:28.886,1.05752,1.05778,1.65,1.50
2011.10.21 20:04:29.226,1.05752,1.05778,1.65,1.50
2011.10.21 20:04:29.677,1.05752,1.05778,1.28,1.50
2011.10.21 20:04:30.236,1.05751,1.05778,1.20,1.50
2011.10.21 20:04:38.877,1.0575,1.05778,1.16,1.50
2011.10.21 20:04:39.135,1.0575,1.05778,1.16,1.50
2011.10.21 20:04:42.937,1.0575,1.05778,1.91,1.50
2011.10.21 20:04:52.869,1.05752,1.05778,1.95,1.50
2011.10.21 20:04:53.218,1.05751,1.05778,1.20,1.50
2011.10.21 20:04:55.377,1.0575,1.05778,1.16,1.50
2011.10.21 20:04:55.827,1.05752,1.05778,1.58,1.50
2011.10.21 20:04:56.386,1.05753,1.05778,1.20,1.50
2011.10.21 20:04:56.931,1.05752,1.05778,1.28,1.50
2011.10.21 20:04:57.051,1.05751,1.05778,2.05,1.50
2011.10.21 20:04:57.650,1.0575,1.05778,3.51,1.50
2011.10.21 20:04:59.898,1.05753,1.05778,1.50,1.50
2011.10.21 20:05:00.395,1.05753,1.05778,1.95,1.50
2011.10.21 20:05:01.087,1.05756,1.05778,1.13,1.50
2011.10.21 20:05:01.206,1.05756,1.05778,1.13,1.50
2011.10.21 20:05:02.320,1.05756,1.05778,1.13,1.50
2011.10.21 20:05:02.668,1.05756,1.05778,1.13,1.50
2011.10.21 20:05:03.499,1.05756,1.05778,1.58,1.50
2011.10.21 20:05:04.078,1.05757,1.05778,1.13,1.50
2011.10.21 20:05:04.616,1.05757,1.05778,1.13,1.50
2011.10.21 20:05:05.175,1.05757,1.05778,1.13,1.50
2011.10.21 20:05:06.607,1.05757,1.05778,1.13,1.50
2011.10.21 20:05:06.845,1.05757,1.05778,1.13,1.50
2011.10.21 20:05:08.416,1.05757,1.05778,1.13,1.50
2011.10.21 20:05:09.537,1.05757,1.05781,1.13,1.50
2011.10.21 20:05:13.195,1.05756,1.05781,1.20,1.50
2011.10.21 20:05:14.427,1.05757,1.05781,2.33,1.50
2011.10.21 20:05:14.552,1.05757,1.05781,2.25,1.50
2011.10.21 20:05:15.033,1.05761,1.05782,1.13,1.50
2011.10.21 20:05:15.389,1.05761,1.05782,1.13,1.50
2011.10.21 20:05:16.215,1.05761,1.05782,1.13,1.50
2011.10.21 20:05:16.342,1.05757,1.05782,2.21,1.50
2011.10.21 20:05:16.846,1.05763,1.05786,1.20,1.50
2011.10.21 20:05:17.209,1.0576,1.05788,1.88,1.20
2011.10.21 20:05:17.672,1.0576,1.05788,1.13,1.20
2011.10.21 20:05:18.045,1.05762,1.05789,3.08,1.50
2011.10.21 20:05:19.065,1.05762,1.05785,1.88,1.50
2011.10.21 20:05:19.400,1.05762,1.05785,1.13,1.50
2011.10.21 20:05:19.747,1.05759,1.05785,1.01,1.95
2011.10.21 20:05:20.306,1.05759,1.05785,1.50,1.20
2011.10.21 20:05:20.902,1.05759,1.05788,2.51,1.95
2011.10.21 20:05:21.831,1.0576,1.05788,1.11,1.95
2011.10.21 20:05:22.396,1.05761,1.05788,1.86,1.50
2011.10.21 20:05:22.515,1.05762,1.0579,1.01,1.50
2011.10.21 20:05:25.116,1.05762,1.0579,2.13,1.50
2011.10.21 20:05:25.349,1.05766,1.05794,1.01,2.70
2011.10.21 20:05:25.916,1.05765,1.05794,1.38,2.70
2011.10.21 20:05:27.866,1.05765,1.05794,2.13,2.70
2011.10.21 20:05:28.455,1.05765,1.05794,1.38,2.70
2011.10.21 20:05:29.379,1.05765,1.05794,2.13,2.70
2011.10.21 20:05:29.987,1.05766,1.05794,1.01,2.70
2011.10.21 20:05:30.569,1.05766,1.05794,1.76,2.70
2011.10.21 20:05:30.686,1.05767,1.05794,1.50,2.70
2011.10.21 20:05:33.021,1.05765,1.05791,1.86,1.20
2011.10.21 20:05:33.140,1.05766,1.05791,1.01,1.20
2011.10.21 20:05:33.708,1.05766,1.05794,1.01,2.70
2011.10.21 20:05:35.269,1.05768,1.05793,1.50,1.50
2011.10.21 20:05:35.616,1.05766,1.05793,1.01,1.50
2011.10.21 20:05:36.177,1.05765,1.05793,2.13,1.20
2011.10.21 20:05:36.790,1.05766,1.05793,1.01,1.20
2011.10.21 20:05:37.149,1.05769,1.05793,1.50,1.50
2011.10.21 20:05:37.268,1.05768,1.05793,1.50,1.50
2011.10.21 20:05:37.511,1.05765,1.05792,1.50,1.13
2011.10.21 20:05:37.754,1.05765,1.05792,1.50,1.50
2011.10.21 20:05:39.616,1.05766,1.05791,1.20,1.13
2011.10.21 20:05:40.439,1.05765,1.0579,1.50,1.50
2011.10.21 20:05:40.682,1.05764,1.0579,1.50,1.50
2011.10.21 20:05:40.810,1.05764,1.0579,1.50,1.50
2011.10.21 20:05:42.827,1.05766,1.0579,1.50,1.50
2011.10.21 20:05:43.171,1.05766,1.0579,1.50,1.50
2011.10.21 20:05:44.614,1.05763,1.05791,2.96,1.50
2011.10.21 20:05:45.580,1.05761,1.0579,3.81,1.20
2011.10.21 20:05:45.938,1.05762,1.05787,1.23,1.88
2011.10.21 20:05:46.166,1.0576,1.05787,1.50,1.88
2011.10.21 20:05:46.399,1.05758,1.05786,1.95,1.13
2011.10.21 20:05:46.757,1.05758,1.05787,1.95,1.88
2011.10.21 20:05:46.884,1.05758,1.05787,1.95,1.88
2011.10.21 20:05:47.127,1.05757,1.05784,1.50,1.13
2011.10.21 20:05:47.370,1.05757,1.05783,1.01,1.50
2011.10.21 20:05:47.611,1.05762,1.05783,1.50,1.50
2011.10.21 20:05:47.956,1.05762,1.05783,1.50,1.50
2011.10.21 20:05:51.029,1.05762,1.05783,1.95,1.50
2011.10.21 20:05:51.595,1.05762,1.05783,1.50,1.50
2011.10.21 20:05:52.155,1.05762,1.05786,1.50,1.50
2011.10.21 20:05:52.746,1.05763,1.05786,1.20,1.50
2011.10.21 20:05:53.247,1.05764,1.05786,1.20,1.50
2011.10.21 20:05:53.892,1.0576,1.05784,1.23,1.88
2011.10.21 20:05:54.022,1.05758,1.05783,1.68,1.13
2011.10.21 20:05:54.139,1.05757,1.05782,1.50,1.13
2011.10.21 20:05:54.656,1.05756,1.05778,1.50,1.50
2011.10.21 20:05:54.785,1.05752,1.05778,1.20,1.50
2011.10.21 20:05:55.368,1.05752,1.05778,1.95,1.50
2011.10.21 20:05:55.707,1.05752,1.05778,1.95,1.50
2011.10.21 20:05:56.959,1.05752,1.05775,1.20,1.50
2011.10.21 20:05:57.541,1.05756,1.05775,1.50,1.50
2011.10.21 20:05:58.426,1.05755,1.05775,1.50,1.50
2011.10.21 20:05:59.231,1.05755,1.05776,1.50,1.50
2011.10.21 20:05:59.858,1.0575,1.05772,1.50,1.13
2011.10.21 20:06:00.223,1.05749,1.05773,2.23,1.13
2011.10.21 20:06:00.580,1.05751,1.05778,1.50,1.13
2011.10.21 20:06:01.179,1.05752,1.05774,1.50,1.50
2011.10.21 20:06:01.778,1.05753,1.05774,1.50,1.50
2011.10.21 20:06:04.439,1.05754,1.05774,1.50,1.50
2011.10.21 20:06:07.178,1.05751,1.05774,1.95,1.50
2011.10.21 20:06:07.636,1.05754,1.05775,1.50,1.50
2011.10.21 20:06:08.655,1.05752,1.05776,1.50,1.50
2011.10.21 20:06:09.217,1.05753,1.05776,1.50,1.50
2011.10.21 20:06:10.059,1.05753,1.05776,1.50,1.50
2011.10.21 20:06:10.179,1.05753,1.05776,1.50,1.50
2011.10.21 20:06:11.455,1.05752,1.05776,1.50,1.50
2011.10.21 20:06:11.576,1.05751,1.05776,1.20,1.50
2011.10.21 20:06:12.146,1.05751,1.05776,1.50,1.50
2011.10.21 20:06:12.717,1.0575,1.05776,1.50,1.50
2011.10.21 20:06:13.305,1.05751,1.05776,1.50,1.50
2011.10.21 20:06:13.876,1.05752,1.05776,1.50,1.50
2011.10.21 20:06:14.419,1.05751,1.05776,1.50,1.50
2011.10.21 20:06:14.626,1.05751,1.05776,1.50,1.50
2011.10.21 20:06:14.855,1.05751,1.05776,1.50,1.50
2011.10.21 20:06:15.196,1.05751,1.05776,1.50,1.50
2011.10.21 20:06:15.646,1.05751,1.05776,1.50,1.50
2011.10.21 20:06:16.447,1.05749,1.05776,1.76,1.50
2011.10.21 20:06:18.087,1.05748,1.05774,1.20,2.25
2011.10.21 20:06:19.356,1.05746,1.05771,1.50,1.50
2011.10.21 20:06:20.441,1.05756,1.05772,1.50,2.25
2011.10.21 20:06:21.051,1.05753,1.05773,1.50,1.50
2011.10.21 20:06:21.636,1.05754,1.05774,1.20,1.50
2011.10.21 20:06:22.775,1.05753,1.05773,1.50,1.50
2011.10.21 20:06:23.768,1.05754,1.05776,1.50,1.50
2011.10.21 20:06:24.346,1.05754,1.05776,1.50,1.50
2011.10.21 20:06:26.590,1.05758,1.05777,1.50,1.50
2011.10.21 20:06:26.925,1.05758,1.05779,1.50,1.50
2011.10.21 20:06:28.949,1.05755,1.05779,1.01,1.58
2011.10.21 20:06:29.072,1.05757,1.05779,1.50,1.20
2011.10.21 20:06:29.877,1.05758,1.05783,1.50,1.13
2011.10.21 20:06:30.445,1.05758,1.05783,1.50,1.13
2011.10.21 20:06:31.828,1.05756,1.05781,1.20,1.05
2011.10.21 20:06:32.379,1.05758,1.05784,1.50,2.25
2011.10.21 20:06:32.949,1.05756,1.0578,1.50,1.50
2011.10.21 20:06:33.177,1.05756,1.0578,1.50,1.50
2011.10.21 20:06:33.759,1.05757,1.0578,1.50,1.50
2011.10.21 20:06:34.341,1.05758,1.0578,1.50,1.50
2011.10.21 20:06:35.996,1.05758,1.0578,1.50,1.50
2011.10.21 20:06:36.696,1.05758,1.0578,1.50,1.50
2011.10.21 20:06:37.816,1.05757,1.0578,1.50,1.50
2011.10.21 20:06:38.311,1.05766,1.0578,1.13,1.50
2011.10.21 20:06:38.558,1.05772,1.05788,1.20,1.50
2011.10.21 20:06:38.677,1.05772,1.05794,1.20,1.50
2011.10.21 20:06:39.366,1.05772,1.05795,1.20,1.50
2011.10.21 20:06:39.837,1.0577,1.05795,1.23,1.50
2011.10.21 20:06:40.080,1.05771,1.05795,2.43,1.50
2011.10.21 20:06:40.677,1.05771,1.05796,1.95,1.50
2011.10.21 20:06:41.040,1.05775,1.05796,4.50,1.50
2011.10.21 20:06:41.605,1.05778,1.05801,1.95,1.50
2011.10.21 20:06:41.840,1.05778,1.05801,1.95,1.88
2011.10.21 20:06:42.315,1.05778,1.05801,1.50,3.38
2011.10.21 20:06:42.668,1.05781,1.05801,1.50,2.63
2011.10.21 20:06:42.913,1.05774,1.05796,1.23,1.13
2011.10.21 20:06:44.318,1.05773,1.05795,1.23,1.50
2011.10.21 20:06:45.231,1.05773,1.05796,1.20,1.50
2011.10.21 20:06:45.796,1.05773,1.05795,1.20,1.50
2011.10.21 20:06:57.107,1.05775,1.05798,1.95,1.50
2011.10.21 20:06:57.754,1.05775,1.05799,2.43,1.50
2011.10.21 20:06:59.323,1.05775,1.05801,2.43,1.50
2011.10.21 20:06:59.692,1.05778,1.05802,1.20,1.50
2011.10.21 20:07:01.955,1.05778,1.05802,1.20,1.50
2011.10.21 20:07:04.437,1.05777,1.05799,1.50,1.50
2011.10.21 20:07:04.555,1.05775,1.05799,1.68,1.50
2011.10.21 20:07:05.116,1.05774,1.05799,2.13,1.50
2011.10.21 20:07:06.428,1.05774,1.05799,1.38,1.50
2011.10.21 20:07:07.015,1.05774,1.05799,2.13,1.50
2011.10.21 20:07:08.015,1.05774,1.05799,2.13,1.50
2011.10.21 20:07:08.675,1.05776,1.05799,1.68,1.50
2011.10.21 20:07:10.169,1.05775,1.05799,2.88,1.50
2011.10.21 20:07:13.986,1.05776,1.05799,1.20,1.50
2011.10.21 20:07:14.106,1.05777,1.05799,1.20,1.50
2011.10.21 20:07:14.466,1.05779,1.05801,1.65,1.13
2011.10.21 20:07:14.811,1.05778,1.05799,1.20,1.50
2011.10.21 20:07:14.926,1.05776,1.05799,1.95,1.88
2011.10.21 20:07:16.336,1.05777,1.05799,1.95,1.50
2011.10.21 20:07:16.457,1.05777,1.05799,1.95,1.50
2011.10.21 20:07:18.587,1.05777,1.05799,1.20,1.88
2011.10.21 20:07:19.237,1.05776,1.05796,1.50,1.50
2011.10.21 20:07:20.296,1.05778,1.05795,1.50,1.50
2011.10.21 20:07:20.959,1.05777,1.05797,1.20,2.25
2011.10.21 20:07:22.339,1.05776,1.05797,1.50,2.25
2011.10.21 20:07:22.678,1.05775,1.05795,2.70,1.50
2011.10.21 20:07:22.798,1.05775,1.05795,3.45,1.50
2011.10.21 20:07:23.367,1.05775,1.05795,1.95,1.50
2011.10.21 20:07:23.956,1.05775,1.05795,1.20,1.50
2011.10.21 20:07:24.853,1.05775,1.05795,1.20,1.50
2011.10.21 20:07:25.211,1.05775,1.05795,1.65,1.50
2011.10.21 20:07:25.808,1.05776,1.05795,1.20,1.50
2011.10.21 20:07:27.940,1.05774,1.05795,2.70,1.50
2011.10.21 20:07:28.604,1.05774,1.05794,1.95,1.50
2011.10.21 20:07:30.720,1.05775,1.05795,1.20,1.50
2011.10.21 20:07:31.287,1.05775,1.05794,1.20,1.50
2011.10.21 20:07:32.307,1.05776,1.05794,1.20,1.50
2011.10.21 20:07:32.875,1.05775,1.05794,1.20,1.50
2011.10.21 20:07:33.501,1.05775,1.05794,1.95,1.50
2011.10.21 20:07:43.038,1.05776,1.05796,1.20,2.25
2011.10.21 20:07:43.599,1.05775,1.05796,2.70,1.50
2011.10.21 20:07:44.196,1.05776,1.05796,1.50,1.50
2011.10.21 20:07:44.426,1.05775,1.05796,1.95,1.88
2011.10.21 20:07:44.995,1.05775,1.05796,1.95,1.13
2011.10.21 20:07:47.075,1.05775,1.05797,1.20,1.88
2011.10.21 20:07:47.862,1.05775,1.05795,1.20,1.50
2011.10.21 20:07:48.521,1.0577,1.05794,1.95,1.50
2011.10.21 20:07:49.306,1.0577,1.05794,1.95,1.50
2011.10.21 20:07:49.646,1.0577,1.05794,1.95,1.50
2011.10.21 20:07:50.319,1.0577,1.05794,2.70,1.50
2011.10.21 20:07:50.438,1.0577,1.05792,1.50,1.13
2011.10.21 20:07:50.679,1.05765,1.05791,1.23,1.13
2011.10.21 20:07:50.797,1.05765,1.05791,1.23,1.13
2011.10.21 20:07:54.588,1.05764,1.05789,1.65,1.50
2011.10.21 20:07:55.905,1.05763,1.05789,1.95,1.50
2011.10.21 20:07:56.026,1.05763,1.05789,1.20,1.50
2011.10.21 20:07:57.568,1.05759,1.05788,1.95,1.50
2011.10.21 20:07:57.687,1.05758,1.05788,1.95,1.95
2011.10.21 20:08:00.060,1.05759,1.05779,1.95,1.50
2011.10.21 20:08:00.178,1.05759,1.05781,1.20,1.50
2011.10.21 20:08:01.758,1.05758,1.05781,1.95,1.50
2011.10.21 20:08:05.361,1.05758,1.05781,1.50,1.50
2011.10.21 20:08:05.809,1.05759,1.05782,1.20,2.25
2011.10.21 20:08:06.145,1.05758,1.05781,3.68,1.50
2011.10.21 20:08:06.267,1.05758,1.05781,3.68,1.50
2011.10.21 20:08:06.608,1.05758,1.05781,2.93,1.50
2011.10.21 20:08:09.329,1.05757,1.0578,1.20,1.50
2011.10.21 20:08:09.679,1.05756,1.0578,1.20,1.50
2011.10.21 20:08:09.906,1.05756,1.0578,1.20,1.50
2011.10.21 20:08:10.476,1.05755,1.0578,1.65,1.50
2011.10.21 20:08:10.598,1.05754,1.0578,1.20,1.50
2011.10.21 20:08:10.723,1.05753,1.0578,1.65,1.50
2011.10.21 20:08:10.850,1.05752,1.0578,1.20,1.50
2011.10.21 20:08:11.417,1.05748,1.05772,2.33,1.50
2011.10.21 20:08:13.367,1.05747,1.05772,2.03,1.50
2011.10.21 20:08:13.494,1.05746,1.05772,1.20,1.50
2011.10.21 20:08:14.097,1.05746,1.05773,1.20,2.25
2011.10.21 20:08:15.141,1.05747,1.05773,1.20,1.88
2011.10.21 20:08:16.304,1.0575,1.05773,1.20,1.88
2011.10.21 20:08:16.668,1.05751,1.05773,1.65,1.50
2011.10.21 20:08:17.126,1.05751,1.05773,3.08,1.50
2011.10.21 20:08:18.600,1.05749,1.05773,1.65,1.50
2011.10.21 20:08:18.721,1.05744,1.05773,1.20,1.50
2011.10.21 20:08:19.069,1.05745,1.05773,1.50,1.50
2011.10.21 20:08:19.646,1.05748,1.05773,1.20,1.50
2011.10.21 20:08:20.209,1.05746,1.05772,1.20,1.50
2011.10.21 20:08:20.570,1.05742,1.05768,1.20,1.50
2011.10.21 20:08:20.918,1.0574,1.05768,3.53,1.50
2011.10.21 20:08:21.037,1.05742,1.05768,1.65,1.50
2011.10.21 20:08:21.267,1.05744,1.05768,1.20,1.50
2011.10.21 20:08:21.857,1.05746,1.05767,1.65,1.50
2011.10.21 20:08:24.537,1.05743,1.05767,2.88,1.50
2011.10.21 20:08:24.658,1.05743,1.05767,2.88,1.50
2011.10.21 20:08:24.899,1.05743,1.05767,1.23,1.50
2011.10.21 20:08:25.256,1.05742,1.05767,2.50,1.50
2011.10.21 20:08:25.379,1.05742,1.05767,2.50,1.50
2011.10.21 20:08:26.035,1.05743,1.05767,1.65,1.50
2011.10.21 20:08:29.298,1.05742,1.05766,1.20,1.50
2011.10.21 20:08:29.999,1.0574,1.05763,1.65,1.50
2011.10.21 20:08:30.556,1.05738,1.05762,4.28,1.50
2011.10.21 20:08:31.339,1.05739,1.05762,1.65,1.50
2011.10.21 20:08:32.626,1.05739,1.05762,1.65,1.50
2011.10.21 20:08:33.286,1.05739,1.05762,1.65,1.50
2011.10.21 20:08:33.855,1.0574,1.05762,1.65,1.50
2011.10.21 20:08:34.469,1.05739,1.05762,1.65,1.50
2011.10.21 20:08:35.176,1.0574,1.05762,1.65,1.50
2011.10.21 20:08:35.807,1.05739,1.05762,1.65,1.50
2011.10.21 20:08:36.797,1.05738,1.05762,3.53,1.50
2011.10.21 20:08:37.919,1.05738,1.05762,2.40,1.50
2011.10.21 20:08:39.077,1.05738,1.05762,1.65,1.50
2011.10.21 20:08:42.658,1.05737,1.05761,1.95,1.50
2011.10.21 20:08:43.240,1.05737,1.0576,1.20,1.13
2011.10.21 20:08:46.065,1.05735,1.0576,1.20,1.13
2011.10.21 20:08:46.408,1.05737,1.0576,1.20,1.13
2011.10.21 20:08:47.174,1.05734,1.0576,1.65,1.13
2011.10.21 20:08:48.876,1.05734,1.0576,1.65,1.13
2011.10.21 20:08:49.231,1.0573,1.05754,1.20,1.50
2011.10.21 20:08:50.807,1.0573,1.05754,1.20,1.50
2011.10.21 20:08:51.156,1.0573,1.05754,1.20,1.50
2011.10.21 20:08:52.157,1.05728,1.0575,1.20,1.80
2011.10.21 20:08:55.762,1.05721,1.05747,2.25,1.50
2011.10.21 20:08:56.747,1.05722,1.05747,1.95,1.50
2011.10.21 20:08:57.088,1.05722,1.05747,1.20,1.50
2011.10.21 20:08:57.618,1.05724,1.05747,1.20,1.73
2011.10.21 20:08:58.177,1.05727,1.0575,2.21,1.20
2011.10.21 20:08:58.970,1.05727,1.0575,3.33,1.20
2011.10.21 20:08:59.526,1.0573,1.05751,1.01,1.20
2011.10.21 20:08:59.869,1.0573,1.05756,1.01,1.13
2011.10.21 20:08:59.988,1.05733,1.05758,1.50,2.25
2011.10.21 20:09:00.738,1.05734,1.05761,1.76,1.50
2011.10.21 20:09:01.328,1.05734,1.05763,2.13,2.25
2011.10.21 20:09:04.875,1.05737,1.05763,1.01,1.50
2011.10.21 20:09:05.436,1.05737,1.05763,1.38,1.50
2011.10.21 20:09:05.781,1.05737,1.05763,1.38,1.50
2011.10.21 20:09:06.457,1.05739,1.05763,1.01,1.50
2011.10.21 20:09:06.846,1.05739,1.05764,1.01,1.50
2011.10.21 20:09:07.788,1.05739,1.05764,1.01,1.50
2011.10.21 20:09:08.447,1.05739,1.05764,1.01,1.50
2011.10.21 20:09:09.352,1.05737,1.05764,1.01,1.50
2011.10.21 20:09:09.491,1.05734,1.05763,2.13,1.95
2011.10.21 20:09:11.529,1.05735,1.0576,1.01,1.95
2011.10.21 20:09:11.782,1.05735,1.0576,1.01,1.20
2011.10.21 20:09:12.018,1.05735,1.05764,1.38,4.20
2011.10.21 20:09:12.257,1.05735,1.05764,1.38,2.70
2011.10.21 20:09:12.923,1.05735,1.05764,1.38,2.70
2011.10.21 20:09:13.071,1.05736,1.05765,1.83,1.50
2011.10.21 20:09:13.635,1.05737,1.05766,1.01,1.20
2011.10.21 20:09:14.703,1.05737,1.05766,1.01,1.20
2011.10.21 20:09:15.156,1.05737,1.05766,1.01,1.20
2011.10.21 20:09:15.738,1.05739,1.05767,1.95,1.50
2011.10.21 20:09:16.077,1.05738,1.05767,1.01,1.50
2011.10.21 20:09:16.584,1.05737,1.05767,2.13,1.50
2011.10.21 20:09:16.816,1.05737,1.05767,2.13,1.50
2011.10.21 20:09:17.057,1.05737,1.05767,2.13,1.50
2011.10.21 20:09:17.286,1.05738,1.05767,1.01,1.50
2011.10.21 20:09:17.832,1.05737,1.05767,2.13,1.50
2011.10.21 20:09:19.177,1.05735,1.05764,1.01,2.25
2011.10.21 20:09:19.302,1.05733,1.05764,1.46,2.25
2011.10.21 20:09:19.539,1.05735,1.05764,1.38,2.25
2011.10.21 20:09:24.007,1.05735,1.05761,1.01,1.13
2011.10.21 20:09:24.869,1.05739,1.05762,1.20,1.13
2011.10.21 20:09:24.999,1.05737,1.05763,1.16,1.13
2011.10.21 20:09:25.566,1.05735,1.05762,1.38,1.13
2011.10.21 20:09:28.406,1.05735,1.05762,1.01,1.13
2011.10.21 20:09:28.749,1.05734,1.05762,1.46,1.50
2011.10.21 20:09:39.179,1.05734,1.05764,1.01,1.88
2011.10.21 20:09:44.997,1.05734,1.0576,1.01,1.20
2011.10.21 20:09:45.556,1.05734,1.0576,1.01,1.20
2011.10.21 20:09:47.399,1.05734,1.0576,1.01,1.20
2011.10.21 20:09:47.969,1.05734,1.0576,1.01,1.20
2011.10.21 20:09:48.876,1.05735,1.05764,1.01,2.63
2011.10.21 20:09:48.998,1.05734,1.05762,1.01,1.20
2011.10.21 20:09:50.991,1.05733,1.05764,1.38,3.83
2011.10.21 20:09:51.546,1.05733,1.05764,1.38,4.58
2011.10.21 20:09:52.697,1.05734,1.05762,1.01,1.95
2011.10.21 20:09:54.877,1.05731,1.05753,1.20,1.50
2011.10.21 20:09:57.203,1.0573,1.05753,1.20,1.50
2011.10.21 20:09:57.437,1.05727,1.05753,1.95,1.50
2011.10.21 20:09:57.557,1.0573,1.05753,1.13,1.50
2011.10.21 20:09:58.295,1.05733,1.05759,1.38,1.20
2011.10.21 20:09:58.543,1.05733,1.05762,1.38,1.20
2011.10.21 20:09:58.670,1.05733,1.05763,1.83,2.53
2011.10.21 20:09:58.789,1.05736,1.05764,1.38,1.13
2011.10.21 20:09:59.706,1.05736,1.05763,1.38,1.13
2011.10.21 20:09:59.962,1.05736,1.05763,1.38,1.13
2011.10.21 20:10:00.376,1.05736,1.05763,1.38,1.13
2011.10.21 20:10:00.617,1.05736,1.05763,1.01,1.13
2011.10.21 20:10:02.196,1.05736,1.05763,1.38,1.13
2011.10.21 20:10:02.535,1.05736,1.05763,1.38,1.13
2011.10.21 20:10:03.626,1.05736,1.05764,1.46,1.13
2011.10.21 20:10:05.115,1.05736,1.05766,1.83,2.70
2011.10.21 20:10:05.357,1.05736,1.05766,1.83,2.70
2011.10.21 20:10:05.595,1.05736,1.05766,1.83,2.70
2011.10.21 20:10:06.426,1.05736,1.05766,1.46,2.70
2011.10.21 20:10:06.777,1.05736,1.05764,1.46,1.50
2011.10.21 20:10:06.896,1.05735,1.05764,1.46,1.50
2011.10.21 20:10:08.117,1.05735,1.05764,1.01,1.95
2011.10.21 20:10:08.685,1.05733,1.05764,1.83,1.95
2011.10.21 20:10:09.295,1.05733,1.05764,2.58,1.95
2011.10.21 20:10:09.755,1.05735,1.05764,1.46,1.50
2011.10.21 20:10:10.715,1.05735,1.05764,1.46,1.50
2011.10.21 20:10:11.596,1.05735,1.05764,1.46,1.50
2011.10.21 20:10:11.825,1.05735,1.05764,1.46,1.50
2011.10.21 20:10:12.386,1.05736,1.05764,1.20,1.50
2011.10.21 20:10:12.969,1.05739,1.05763,1.46,1.50
2011.10.21 20:10:13.428,1.05737,1.05767,1.83,1.95
2011.10.21 20:10:16.635,1.05738,1.05767,1.01,1.95
2011.10.21 20:10:17.167,1.05737,1.05767,1.46,1.95
2011.10.21 20:10:17.505,1.05737,1.05767,1.46,1.95
2011.10.21 20:10:18.127,1.05736,1.05767,2.58,1.95
2011.10.21 20:10:18.797,1.05737,1.05767,1.46,1.95
2011.10.21 20:10:19.384,1.05736,1.05767,2.58,1.95
2011.10.21 20:10:21.054,1.05736,1.0576,1.13,1.20
2011.10.21 20:10:21.183,1.05731,1.05756,1.38,1.50
2011.10.21 20:10:22.109,1.05731,1.05753,1.01,1.88
2011.10.21 20:10:22.241,1.05729,1.0575,1.01,1.65
2011.10.21 20:10:22.482,1.05725,1.0575,1.38,1.20
2011.10.21 20:10:22.731,1.05728,1.05754,1.83,1.50
2011.10.21 20:10:23.296,1.05727,1.05756,2.28,1.50
2011.10.21 20:10:23.806,1.05728,1.05756,1.46,1.50
2011.10.21 20:10:24.438,1.05727,1.05756,2.28,1.50
2011.10.21 20:10:24.863,1.0573,1.05756,1.95,1.50
2011.10.21 20:10:25.098,1.0573,1.05756,1.95,1.50
2011.10.21 20:10:25.955,1.05728,1.05755,1.08,1.50
2011.10.21 20:10:26.087,1.05726,1.05755,1.08,2.25
2011.10.21 20:10:26.686,1.05725,1.05755,2.21,2.25
2011.10.21 20:10:31.308,1.05725,1.0575,1.76,1.05
2011.10.21 20:10:34.978,1.05726,1.0575,1.38,1.05
2011.10.21 20:10:36.156,1.05725,1.05755,2.13,1.50
2011.10.21 20:10:36.428,1.05727,1.05755,1.01,1.50
2011.10.21 20:10:37.215,1.05726,1.05755,1.01,1.50
2011.10.21 20:10:37.445,1.05726,1.05755,1.01,1.50
2011.10.21 20:10:38.041,1.05725,1.05755,2.13,1.50
2011.10.21 20:10:39.376,1.05725,1.05754,1.01,1.95
2011.10.21 20:10:40.385,1.05725,1.05754,1.01,1.95
2011.10.21 20:10:41.114,1.05725,1.05754,1.01,1.95
2011.10.21 20:10:44.028,1.05725,1.05754,1.76,1.95
2011.10.21 20:10:51.615,1.05726,1.05754,1.01,1.13
2011.10.21 20:10:51.735,1.05726,1.05754,1.01,1.13
2011.10.21 20:10:51.965,1.05726,1.05754,1.01,1.13
2011.10.21 20:10:54.396,1.05725,1.05754,1.38,2.33
2011.10.21 20:10:54.956,1.05725,1.05754,1.38,2.33
2011.10.21 20:10:55.828,1.05725,1.05754,1.38,2.33
2011.10.21 20:10:58.091,1.05726,1.05754,1.01,2.33
2011.10.21 20:10:58.209,1.05729,1.05754,1.01,1.88
2011.10.21 20:10:58.438,1.05729,1.05754,1.01,1.88
2011.10.21 20:10:59.080,1.05729,1.05754,1.01,1.88
2011.10.21 20:11:00.202,1.05729,1.05754,1.01,1.88
2011.10.21 20:11:00.454,1.05731,1.05754,1.01,1.13
2011.10.21 20:11:02.749,1.05731,1.05756,1.01,1.95
2011.10.21 20:11:03.242,1.05731,1.05748,1.01,1.50
2011.10.21 20:11:03.380,1.05725,1.05748,1.01,1.50
2011.10.21 20:11:03.501,1.05724,1.05748,1.01,1.50
2011.10.21 20:11:04.076,1.05724,1.05752,1.38,1.50
2011.10.21 20:11:04.447,1.05726,1.05752,1.38,1.88
2011.10.21 20:11:04.786,1.05726,1.05752,1.01,1.88
2011.10.21 20:11:05.929,1.05726,1.05752,1.01,1.88
2011.10.21 20:11:06.506,1.05726,1.05752,1.01,1.50
2011.10.21 20:11:06.626,1.05724,1.05752,2.13,1.50
2011.10.21 20:11:07.195,1.05724,1.05752,2.13,1.50
2011.10.21 20:11:07.698,1.05726,1.05752,1.01,1.50
2011.10.21 20:11:07.818,1.05726,1.05752,1.01,1.88
2011.10.21 20:11:09.927,1.05726,1.05752,1.38,1.13
2011.10.21 20:11:10.276,1.05726,1.05752,1.01,1.13
2011.10.21 20:11:15.357,1.05726,1.05755,2.13,1.13
2011.10.21 20:11:15.710,1.05726,1.05751,1.01,1.50
2011.10.21 20:11:16.579,1.05725,1.05752,1.01,1.58
2011.10.21 20:11:17.168,1.05724,1.05752,2.21,1.13
2011.10.21 20:11:20.655,1.05724,1.05752,1.01,1.13
2011.10.21 20:11:22.594,1.05724,1.05752,1.01,1.13
2011.10.21 20:11:22.824,1.05724,1.05752,1.01,1.13
2011.10.21 20:11:24.534,1.05724,1.05753,1.76,1.50
2011.10.21 20:11:25.364,1.05724,1.05753,1.01,1.50
2011.10.21 20:11:26.389,1.05724,1.05751,1.01,1.50
2011.10.21 20:11:26.995,1.05724,1.05751,1.01,1.95
2011.10.21 20:11:30.316,1.05724,1.05752,1.01,1.95
2011.10.21 20:11:30.880,1.05724,1.05747,1.01,1.88
2011.10.21 20:11:31.240,1.05722,1.05749,1.76,1.50
2011.10.21 20:11:31.469,1.05721,1.0575,1.83,1.50
2011.10.21 20:11:33.423,1.05716,1.05745,1.48,2.33
2011.10.21 20:11:33.770,1.05714,1.05743,1.76,1.13
2011.10.21 20:11:34.377,1.05713,1.05743,2.58,1.88
2011.10.21 20:11:35.506,1.05713,1.05743,1.83,1.88
2011.10.21 20:11:35.737,1.05713,1.05743,2.58,1.88
2011.10.21 20:11:36.293,1.05713,1.05743,1.83,1.88
2011.10.21 20:11:38.085,1.05713,1.05743,1.83,2.63
2011.10.21 20:11:39.469,1.05717,1.05743,1.01,1.13
2011.10.21 20:11:39.586,1.05717,1.05743,1.01,1.13
2011.10.21 20:11:40.928,1.05717,1.05743,1.01,1.13
2011.10.21 20:11:41.287,1.05713,1.05741,1.01,1.20
2011.10.21 20:11:41.408,1.05713,1.05741,1.01,1.20
2011.10.21 20:11:41.856,1.05713,1.05741,1.01,1.20
2011.10.21 20:11:43.365,1.05713,1.05741,1.01,1.20
2011.10.21 20:11:43.716,1.05711,1.05741,1.83,1.95
2011.10.21 20:11:46.328,1.05711,1.05741,1.08,3.08
2011.10.21 20:11:46.887,1.05711,1.05737,1.46,1.50
2011.10.21 20:11:47.676,1.05711,1.05737,1.46,1.50
2011.10.21 20:11:48.712,1.05711,1.05734,1.01,1.50
2011.10.21 20:11:49.070,1.05709,1.05734,1.01,1.50
2011.10.21 20:11:49.295,1.05709,1.05734,1.76,1.50
2011.10.21 20:11:49.965,1.05709,1.05735,1.01,1.95
2011.10.21 20:11:50.836,1.05709,1.05735,1.76,1.95
2011.10.21 20:11:53.856,1.05709,1.05735,1.01,1.50
2011.10.21 20:11:54.087,1.0571,1.05734,1.01,1.20
2011.10.21 20:11:55.318,1.05709,1.05737,1.76,2.33
2011.10.21 20:11:55.437,1.05708,1.05735,1.01,1.50
2011.10.21 20:11:56.179,1.05708,1.05735,1.76,1.50
2011.10.21 20:11:56.757,1.05708,1.05735,1.01,1.95
2011.10.21 20:11:57.495,1.05708,1.05735,1.01,1.95
2011.10.21 20:11:58.167,1.05708,1.05735,1.01,1.95
2011.10.21 20:12:06.305,1.0571,1.05738,1.01,1.13
2011.10.21 20:12:06.656,1.0571,1.05738,1.76,1.13
2011.10.21 20:12:07.219,1.0571,1.05738,1.76,1.13
2011.10.21 20:12:09.950,1.0571,1.05738,1.01,1.20
2011.10.21 20:12:10.187,1.05709,1.05738,2.13,1.20
2011.10.21 20:12:10.943,1.05709,1.05738,1.01,1.20
2011.10.21 20:12:12.078,1.05715,1.05738,1.20,1.13
2011.10.21 20:12:12.202,1.05715,1.05739,1.95,1.13
2011.10.21 20:12:12.320,1.0572,1.05741,1.50,1.50
2011.10.21 20:12:12.442,1.05721,1.05743,1.50,3.00
2011.10.21 20:12:12.572,1.05714,1.05739,1.01,1.13
2011.10.21 20:12:13.041,1.05715,1.05744,1.76,1.58
2011.10.21 20:12:13.159,1.05718,1.05744,1.01,1.58
2011.10.21 20:12:13.506,1.05718,1.05744,1.01,1.13
2011.10.21 20:12:15.408,1.05718,1.05743,1.76,1.13
2011.10.21 20:12:15.650,1.05726,1.05751,1.50,3.45
2011.10.21 20:12:15.888,1.05723,1.05747,1.01,1.13
2011.10.21 20:12:17.223,1.05718,1.05744,1.01,1.50
2011.10.21 20:12:17.361,1.05713,1.05741,1.01,1.50
2011.10.21 20:12:17.830,1.05713,1.05741,1.38,1.50
2011.10.21 20:12:18.623,1.05717,1.05742,1.01,1.58
2011.10.21 20:12:19.582,1.05717,1.05742,1.01,1.58
2011.10.21 20:12:20.159,1.0572,1.05746,1.01,1.58
2011.10.21 20:12:20.277,1.0572,1.05746,1.01,1.58
2011.10.21 20:12:20.627,1.05723,1.05746,1.01,1.95
2011.10.21 20:12:21.076,1.05722,1.05746,1.01,1.13
2011.10.21 20:12:26.798,1.05722,1.05747,1.01,1.50
2011.10.21 20:12:27.028,1.05722,1.05748,1.01,1.20
2011.10.21 20:12:27.735,1.05726,1.05751,1.50,1.20
2011.10.21 20:12:28.100,1.05727,1.05751,1.50,1.20
2011.10.21 20:12:28.221,1.05726,1.05753,1.01,2.25
2011.10.21 20:12:28.910,1.05724,1.05749,1.38,1.20
2011.10.21 20:12:29.258,1.05723,1.05745,1.01,1.13
2011.10.21 20:12:29.504,1.05719,1.05743,1.50,1.20
2011.10.21 20:12:29.628,1.05716,1.05742,1.01,1.13
2011.10.21 20:12:29.977,1.05715,1.0574,1.01,1.95
2011.10.21 20:12:30.436,1.05715,1.0574,1.01,1.95
2011.10.21 20:12:31.037,1.05712,1.0574,1.01,1.95
2011.10.21 20:12:31.620,1.05715,1.0574,1.01,1.20
2011.10.21 20:12:31.737,1.05715,1.05741,1.01,1.13
2011.10.21 20:12:32.337,1.05718,1.05741,1.01,1.13
2011.10.21 20:12:32.680,1.0572,1.05745,1.50,1.58
2011.10.21 20:12:32.801,1.05723,1.05749,1.13,1.20
2011.10.21 20:12:33.488,1.05726,1.05751,1.23,1.13
2011.10.21 20:12:33.716,1.05726,1.05752,1.23,1.13
2011.10.21 20:12:35.492,1.05724,1.05753,1.48,1.20
2011.10.21 20:12:35.617,1.05725,1.05753,1.23,1.20
2011.10.21 20:12:35.982,1.05725,1.05755,2.70,1.58
2011.10.21 20:12:38.976,1.05728,1.05754,1.20,1.13
2011.10.21 20:12:39.326,1.05728,1.05758,2.21,1.58
2011.10.21 20:12:40.165,1.05728,1.05758,2.21,1.58
2011.10.21 20:12:41.068,1.05728,1.05758,1.46,1.20
2011.10.21 20:12:41.586,1.05728,1.05758,2.21,1.20
2011.10.21 20:12:42.145,1.05728,1.05758,1.46,1.20
2011.10.21 20:12:43.919,1.05728,1.05757,1.01,1.20
2011.10.21 20:12:44.506,1.05728,1.05757,1.01,1.58
2011.10.21 20:12:47.287,1.05728,1.05756,1.01,1.13
2011.10.21 20:12:47.625,1.05728,1.05753,1.01,1.20
2011.10.21 20:12:48.197,1.05727,1.05753,1.38,1.20
2011.10.21 20:12:48.711,1.05727,1.05753,1.01,1.20
2011.10.21 20:12:49.332,1.05727,1.05751,1.01,1.50
2011.10.21 20:12:50.050,1.05727,1.05751,1.01,1.50
2011.10.21 20:12:50.445,1.05727,1.05751,1.01,1.50
2011.10.21 20:12:50.788,1.05724,1.05751,1.38,1.50
2011.10.21 20:12:52.516,1.05724,1.0575,1.38,1.20
2011.10.21 20:12:52.977,1.05724,1.05747,1.38,1.50
2011.10.21 20:12:53.098,1.05724,1.05747,1.38,1.50
2011.10.21 20:12:57.047,1.05726,1.05752,1.01,1.88
2011.10.21 20:12:57.170,1.05732,1.05752,1.13,1.13
2011.10.21 20:12:57.641,1.05732,1.05759,2.13,1.58
2011.10.21 20:12:57.761,1.05733,1.0576,1.38,1.13
2011.10.21 20:12:58.538,1.05732,1.05759,3.33,1.13
2011.10.21 20:12:58.897,1.05732,1.05759,1.76,1.13
2011.10.21 20:12:59.017,1.05733,1.05759,1.01,1.13
2011.10.21 20:12:59.356,1.05733,1.05759,1.01,1.13
2011.10.21 20:12:59.616,1.05733,1.05759,1.01,1.13
2011.10.21 20:13:00.531,1.05731,1.05758,1.50,2.25
2011.10.21 20:13:00.769,1.05728,1.05754,1.23,1.20
2011.10.21 20:13:01.116,1.05727,1.05754,1.01,1.20
2011.10.21 20:13:02.368,1.05727,1.05753,1.01,1.20
2011.10.21 20:13:02.980,1.05725,1.05753,1.01,1.95
2011.10.21 20:13:03.487,1.05725,1.05753,1.01,1.95
2011.10.21 20:13:04.581,1.0573,1.05753,1.13,1.50
2011.10.21 20:13:05.080,1.05732,1.05758,1.38,1.58
2011.10.21 20:13:06.075,1.05732,1.05758,1.01,1.58
2011.10.21 20:13:08.177,1.05733,1.05759,1.50,1.50
2011.10.21 20:13:08.737,1.05739,1.05762,1.01,1.58
2011.10.21 20:13:09.248,1.05739,1.05762,1.01,1.58
2011.10.21 20:13:10.748,1.05735,1.0576,1.60,1.50
2011.10.21 20:13:11.936,1.05739,1.05762,1.01,1.58
2011.10.21 20:13:12.528,1.05739,1.05763,1.01,1.13
2011.10.21 20:13:13.113,1.05739,1.05766,1.01,1.20
2011.10.21 20:13:16.055,1.05738,1.05767,2.23,1.13
2011.10.21 20:13:30.465,1.05743,1.05767,1.38,1.13
2011.10.21 20:13:49.276,1.05745,1.05767,1.01,1.88
2011.10.21 20:13:55.407,1.05743,1.05767,1.01,1.50
2011.10.21 20:13:55.526,1.05741,1.05767,1.76,1.50
2011.10.21 20:13:55.865,1.05741,1.05767,1.76,1.88
2011.10.21 20:14:08.555,1.05741,1.05767,2.13,1.50
2011.10.21 20:14:09.833,1.05743,1.05767,1.01,1.50
2011.10.21 20:14:10.395,1.05742,1.05767,1.01,1.50
2011.10.21 20:14:11.125,1.05743,1.05767,1.01,1.50
2011.10.21 20:14:12.473,1.05742,1.05767,1.01,1.50
2011.10.21 20:14:13.035,1.05741,1.05765,2.13,1.50
2011.10.21 20:14:26.535,1.05742,1.05767,1.01,1.50
2011.10.21 20:14:30.164,1.05741,1.05767,2.13,1.50
2011.10.21 20:14:35.244,1.05741,1.05767,1.38,1.50
2011.10.21 20:14:57.775,1.05742,1.05767,1.01,1.50
2011.10.21 20:14:58.006,1.05742,1.05766,1.76,1.50
2011.10.21 20:14:58.834,1.05742,1.05766,1.01,1.50
2011.10.21 20:15:00.755,1.05742,1.05767,1.01,1.50
2011.10.21 20:15:13.125,1.05742,1.05766,1.76,1.95
2011.10.21 20:15:14.368,1.05742,1.05766,1.01,1.95
2011.10.21 20:15:15.514,1.05742,1.05766,1.01,1.95
2011.10.21 20:15:20.712,1.05742,1.05766,1.01,1.58
2011.10.21 20:15:27.183,1.05742,1.05766,1.01,1.58
2011.10.21 20:15:27.745,1.0574,1.05766,1.76,1.58
2011.10.21 20:15:27.865,1.0574,1.05766,1.01,1.58
2011.10.21 20:15:33.658,1.0574,1.05766,1.01,1.58
2011.10.21 20:15:33.781,1.0574,1.05766,1.01,1.58
2011.10.21 20:15:34.393,1.0574,1.05765,1.01,1.50
2011.10.21 20:15:34.956,1.05739,1.05765,1.38,1.13
2011.10.21 20:15:39.122,1.0574,1.05765,1.38,1.13
2011.10.21 20:15:39.803,1.0574,1.05765,1.38,1.50
2011.10.21 20:15:46.213,1.0574,1.05765,1.01,1.13
2011.10.21 20:15:46.555,1.05742,1.05765,1.01,1.13
2011.10.21 20:15:47.695,1.05743,1.05765,1.01,1.13
2011.10.21 20:15:49.867,1.05743,1.05765,1.01,1.13
2011.10.21 20:16:05.356,1.05743,1.05767,2.13,1.13
2011.10.21 20:16:06.031,1.05744,1.05767,1.01,1.13
2011.10.21 20:16:06.986,1.05744,1.05767,1.01,1.13
2011.10.21 20:16:07.618,1.05745,1.05767,1.01,1.13
2011.10.21 20:16:13.600,1.05743,1.05766,1.01,1.58
2011.10.21 20:16:13.827,1.0574,1.05766,1.48,1.58
2011.10.21 20:16:14.386,1.0574,1.05766,1.01,1.20
2011.10.21 20:16:17.826,1.0574,1.05766,1.01,1.58
2011.10.21 20:16:21.148,1.0574,1.05766,1.01,1.58
2011.10.21 20:16:27.045,1.0574,1.05765,1.01,1.20
2011.10.21 20:16:27.599,1.0574,1.05766,1.01,2.52
2011.10.21 20:16:28.155,1.0574,1.05766,1.01,2.52
2011.10.21 20:16:28.936,1.0574,1.05766,1.01,2.52
2011.10.21 20:16:29.544,1.0574,1.05766,1.01,2.52
2011.10.21 20:16:35.696,1.05742,1.05766,1.01,2.52
2011.10.21 20:16:42.715,1.05741,1.05766,1.01,2.72
2011.10.21 20:16:45.326,1.05742,1.05766,1.01,2.12
2011.10.21 20:16:45.557,1.05742,1.05766,1.01,2.12
2011.10.21 20:16:46.212,1.05742,1.05766,1.01,2.12
2011.10.21 20:16:48.875,1.05742,1.05766,1.01,1.75
2011.10.21 20:16:49.466,1.05742,1.05767,1.01,1.80
2011.10.21 20:16:50.027,1.05742,1.05766,1.01,1.22
2011.10.21 20:16:59.660,1.05742,1.05766,1.01,1.01
2011.10.21 20:17:00.227,1.05742,1.05766,1.01,1.06
2011.10.21 20:17:00.788,1.05744,1.05773,1.20,1.95
2011.10.21 20:17:01.313,1.05744,1.05768,1.20,1.13
2011.10.21 20:17:01.441,1.05746,1.05773,1.20,1.50
2011.10.21 20:17:01.886,1.05746,1.05773,1.20,1.50
2011.10.21 20:17:02.006,1.05746,1.05773,1.20,1.50
2011.10.21 20:17:02.242,1.05746,1.05773,1.20,1.50
2011.10.21 20:17:02.466,1.05746,1.05773,1.20,1.50
2011.10.21 20:17:03.028,1.05746,1.05773,1.20,1.50
2011.10.21 20:17:03.596,1.0575,1.05776,1.20,1.50
2011.10.21 20:17:03.827,1.0575,1.05776,1.20,1.50
2011.10.21 20:17:04.386,1.0575,1.05776,1.20,1.50
2011.10.21 20:17:04.946,1.0575,1.05776,1.20,1.50
2011.10.21 20:17:09.896,1.0575,1.05776,1.20,1.50
2011.10.21 20:17:11.811,1.0575,1.05776,1.20,1.50
2011.10.21 20:17:13.795,1.05748,1.05776,1.01,1.50
2011.10.21 20:17:14.356,1.05748,1.05776,1.01,1.50
2011.10.21 20:17:27.034,1.05748,1.05776,1.01,1.50
2011.10.21 20:17:27.155,1.05748,1.05776,1.01,1.50
2011.10.21 20:17:27.825,1.05748,1.05776,1.01,1.50
2011.10.21 20:17:29.916,1.05748,1.05776,1.01,2.25
2011.10.21 20:17:30.256,1.05748,1.05776,1.01,2.25
2011.10.21 20:17:30.375,1.05748,1.05776,1.01,2.25
2011.10.21 20:17:42.277,1.05748,1.05777,1.01,2.70
2011.10.21 20:17:42.615,1.05747,1.05777,1.01,2.70
2011.10.21 20:17:43.175,1.05747,1.05777,1.01,2.70
2011.10.21 20:17:43.950,1.05747,1.05777,1.01,4.95
2011.10.21 20:17:48.337,1.05747,1.05774,1.46,1.50
2011.10.21 20:17:48.567,1.05748,1.05776,1.01,1.50
2011.10.21 20:17:49.126,1.05749,1.05776,1.68,1.50
2011.10.21 20:17:49.248,1.05749,1.05776,1.68,1.50
2011.10.21 20:17:50.026,1.05749,1.05776,1.20,1.50
2011.10.21 20:17:50.538,1.05751,1.05776,1.20,1.50
2011.10.21 20:17:50.659,1.05751,1.05776,1.20,1.50
2011.10.21 20:17:51.178,1.05751,1.05776,1.20,1.50
2011.10.21 20:17:54.096,1.05751,1.05777,1.20,1.50
2011.10.21 20:17:54.688,1.05751,1.05776,1.20,1.50
2011.10.21 20:17:55.025,1.05751,1.05777,1.20,1.50
2011.10.21 20:17:57.366,1.05751,1.05776,1.20,1.50
2011.10.21 20:18:01.968,1.05751,1.05778,1.20,3.75
2011.10.21 20:18:02.525,1.0575,1.05777,1.68,1.50
2011.10.21 20:18:03.197,1.05752,1.05778,1.50,4.50
2011.10.21 20:18:03.842,1.05762,1.05779,1.50,3.00
2011.10.21 20:18:03.980,1.05762,1.05782,2.13,2.70
2011.10.21 20:18:04.537,1.05763,1.05782,1.38,1.95
2011.10.21 20:18:05.161,1.05767,1.05782,1.01,1.95
2011.10.21 20:18:05.499,1.05768,1.05784,1.01,1.50
2011.10.21 20:18:05.739,1.05768,1.05792,1.01,2.25
2011.10.21 20:18:11.989,1.05769,1.05793,1.01,1.20
2011.10.21 20:18:12.560,1.0577,1.05799,1.76,1.20
2011.10.21 20:18:14.149,1.05774,1.05799,1.01,1.20
2011.10.21 20:18:16.016,1.05773,1.05799,1.01,1.20
2011.10.21 20:18:18.758,1.05777,1.05803,1.01,1.95
2011.10.21 20:18:19.113,1.05776,1.05802,1.50,1.20
2011.10.21 20:18:19.240,1.05776,1.058,1.50,1.20
2011.10.21 20:18:21.249,1.05776,1.05802,1.01,1.50
2011.10.21 20:18:21.597,1.05776,1.05802,1.01,1.50
2011.10.21 20:18:21.936,1.05777,1.05803,1.01,1.95
2011.10.21 20:18:22.166,1.05777,1.05803,1.01,1.95
2011.10.21 20:18:24.358,1.05778,1.05803,1.01,1.95
2011.10.21 20:18:24.697,1.05778,1.05803,1.01,1.95
2011.10.21 20:18:24.816,1.05778,1.05803,1.01,1.95
2011.10.21 20:18:26.365,1.05779,1.05803,1.01,1.95
2011.10.21 20:18:28.908,1.05779,1.05803,1.01,1.95
2011.10.21 20:18:29.906,1.05776,1.05803,1.01,3.08
2011.10.21 20:18:30.519,1.05776,1.05803,1.01,3.08
2011.10.21 20:18:31.076,1.05779,1.05803,1.01,1.88
2011.10.21 20:18:33.277,1.05778,1.05803,1.01,1.50
2011.10.21 20:18:35.140,1.0578,1.05807,1.20,1.13
2011.10.21 20:18:35.372,1.05783,1.05809,1.46,2.18
2011.10.21 20:18:35.844,1.05783,1.05809,1.01,1.43
2011.10.21 20:18:36.198,1.05783,1.05809,1.13,1.05
2011.10.21 20:18:37.132,1.05782,1.05809,1.01,1.43
2011.10.21 20:18:37.257,1.05782,1.05809,1.01,1.05
2011.10.21 20:18:38.907,1.05786,1.05808,1.01,1.13
2011.10.21 20:18:39.270,1.05787,1.05808,1.01,1.13
2011.10.21 20:18:39.826,1.05787,1.05808,1.01,1.13
2011.10.21 20:18:44.195,1.05788,1.0581,1.01,4.13
2011.10.21 20:18:44.940,1.05788,1.0581,1.01,4.13
2011.10.21 20:18:45.326,1.05788,1.0581,1.01,4.05
2011.10.21 20:18:46.091,1.05787,1.05809,1.01,1.13
2011.10.21 20:18:47.095,1.05786,1.05809,1.76,1.43
2011.10.21 20:18:52.511,1.05786,1.05807,1.76,1.13
2011.10.21 20:18:52.636,1.05785,1.05806,1.01,1.13
2011.10.21 20:18:52.992,1.05783,1.05803,1.01,1.13
2011.10.21 20:18:53.360,1.05783,1.05804,1.01,1.13
2011.10.21 20:18:54.099,1.05781,1.05801,1.01,1.50
2011.10.21 20:18:54.682,1.05781,1.05799,1.01,1.13
2011.10.21 20:18:55.053,1.05778,1.05798,1.01,1.13
2011.10.21 20:18:55.530,1.05781,1.058,1.01,1.13
2011.10.21 20:18:55.647,1.05781,1.058,1.01,1.13
2011.10.21 20:18:56.440,1.05781,1.058,1.01,1.13
2011.10.21 20:18:57.158,1.05781,1.058,1.01,1.13
2011.10.21 20:18:57.716,1.05781,1.058,1.01,1.13
2011.10.21 20:18:58.276,1.05781,1.058,1.01,1.13
2011.10.21 20:18:58.886,1.05781,1.058,1.01,1.13
2011.10.21 20:18:59.115,1.05781,1.058,1.01,1.13
2011.10.21 20:19:02.730,1.05781,1.058,1.01,1.13
2011.10.21 20:19:03.757,1.05781,1.058,1.01,1.50
2011.10.21 20:19:04.111,1.05777,1.05799,1.76,1.58
2011.10.21 20:19:04.228,1.05777,1.05798,1.01,1.88
2011.10.21 20:19:07.136,1.05777,1.05799,1.01,1.95
2011.10.21 20:19:10.080,1.05777,1.05798,1.01,1.50
2011.10.21 20:19:12.697,1.05776,1.05796,1.38,1.13
2011.10.21 20:19:13.616,1.05776,1.05796,1.13,1.13
2011.10.21 20:19:13.993,1.05773,1.05797,1.01,2.25
2011.10.21 20:19:14.557,1.05773,1.05797,1.01,1.50
2011.10.21 20:19:15.129,1.05773,1.05797,1.01,1.50
2011.10.21 20:19:15.699,1.05774,1.05797,1.01,1.50
2011.10.21 20:19:22.176,1.05774,1.05797,1.01,1.50
2011.10.21 20:19:37.970,1.05773,1.05796,1.01,1.13
2011.10.21 20:19:38.630,1.05773,1.05796,1.01,1.13
2011.10.21 20:19:41.335,1.05773,1.05796,1.01,1.50
2011.10.21 20:19:41.899,1.05774,1.05796,1.01,1.13
2011.10.21 20:19:42.901,1.05773,1.05796,1.01,1.13
2011.10.21 20:19:45.407,1.05774,1.05796,1.01,1.13
2011.10.21 20:19:45.978,1.05773,1.05796,1.38,1.13
2011.10.21 20:19:46.098,1.05775,1.05796,1.01,1.13
2011.10.21 20:19:46.439,1.0578,1.05798,1.01,1.35
2011.10.21 20:19:47.008,1.05781,1.058,1.01,1.73
2011.10.21 20:19:59.938,1.05781,1.05799,1.01,1.35
2011.10.21 20:20:00.607,1.0578,1.058,1.38,1.05
2011.10.21 20:20:00.728,1.0578,1.05804,1.38,1.13
2011.10.21 20:20:01.576,1.0578,1.05804,2.13,1.13
2011.10.21 20:20:03.214,1.0578,1.05804,1.38,1.13
2011.10.21 20:20:15.756,1.05781,1.05805,1.76,2.63
2011.10.21 20:20:28.134,1.05782,1.05808,1.01,4.13
2011.10.21 20:20:28.720,1.05782,1.05807,1.01,1.13
2011.10.21 20:20:29.340,1.05782,1.05804,1.01,1.88
2011.10.21 20:20:31.377,1.05782,1.05804,1.01,2.63
2011.10.21 20:20:39.299,1.05782,1.05804,1.01,2.63
2011.10.21 20:20:39.895,1.05782,1.05804,1.01,2.63
2011.10.21 20:20:41.105,1.05781,1.05804,1.01,2.63
2011.10.21 20:20:41.672,1.05781,1.05804,1.01,2.63
2011.10.21 20:20:43.160,1.05779,1.05804,1.01,2.63
2011.10.21 20:20:43.717,1.05779,1.05803,1.01,1.13
2011.10.21 20:20:44.168,1.05779,1.05803,1.01,1.13
2011.10.21 20:20:47.122,1.05778,1.05801,1.01,1.13
2011.10.21 20:20:47.490,1.05777,1.05801,1.01,1.13
2011.10.21 20:20:47.608,1.05777,1.05801,1.01,1.13
2011.10.21 20:20:48.859,1.05777,1.05797,1.01,1.13
2011.10.21 20:20:49.307,1.05776,1.05798,1.01,1.50
2011.10.21 20:20:49.426,1.05776,1.05798,1.01,1.50
2011.10.21 20:20:50.218,1.05772,1.05797,1.76,1.88
2011.10.21 20:20:51.577,1.0577,1.05794,2.13,1.50
2011.10.21 20:20:51.696,1.0577,1.05794,1.01,1.88
2011.10.21 20:20:51.926,1.0577,1.05794,1.01,1.88
2011.10.21 20:20:56.259,1.05771,1.05794,1.01,1.13
2011.10.21 20:21:03.248,1.05771,1.05796,1.76,1.50
2011.10.21 20:21:12.460,1.05776,1.05799,1.13,1.13
2011.10.21 20:21:13.056,1.05776,1.05799,1.13,1.50
2011.10.21 20:21:18.695,1.05776,1.058,1.13,1.50
2011.10.21 20:21:21.786,1.05776,1.05799,1.13,1.50
2011.10.21 20:21:29.838,1.05772,1.05799,1.38,1.13
2011.10.21 20:21:30.179,1.05772,1.05799,1.01,1.50
2011.10.21 20:21:34.630,1.05778,1.05802,1.50,2.63
2011.10.21 20:21:34.856,1.05774,1.05799,1.65,1.13
2011.10.21 20:21:35.435,1.05773,1.05799,1.20,1.13
2011.10.21 20:21:37.900,1.05772,1.05799,1.01,1.13
2011.10.21 20:21:40.075,1.05772,1.05799,1.01,1.13
2011.10.21 20:21:40.594,1.05772,1.05799,1.01,1.13
2011.10.21 20:21:50.505,1.05773,1.05801,1.01,1.20
2011.10.21 20:21:51.285,1.05773,1.05801,1.01,1.20
2011.10.21 20:21:51.845,1.05773,1.05801,1.01,1.20
2011.10.21 20:21:52.735,1.05773,1.05801,1.01,1.95
2011.10.21 20:21:52.965,1.05773,1.05801,1.01,1.95
2011.10.21 20:21:53.305,1.05773,1.05801,1.01,1.95
2011.10.21 20:21:53.857,1.05773,1.05801,1.01,1.20
2011.10.21 20:21:57.348,1.05773,1.05801,1.01,1.20
2011.10.21 20:21:59.097,1.05776,1.05801,1.50,1.20
2011.10.21 20:21:59.330,1.05777,1.05802,1.50,1.88
2011.10.21 20:22:01.169,1.05776,1.058,1.50,3.00
2011.10.21 20:22:01.737,1.05773,1.05798,1.01,1.20
2011.10.21 20:22:02.108,1.05773,1.05798,1.01,1.20
2011.10.21 20:22:10.967,1.05772,1.05798,1.01,1.20
2011.10.21 20:22:11.368,1.05772,1.05798,1.01,1.20
2011.10.21 20:22:12.677,1.05772,1.05798,1.01,1.20
2011.10.21 20:22:12.908,1.05772,1.05798,1.01,1.20
2011.10.21 20:22:13.138,1.05772,1.05798,1.01,1.20
2011.10.21 20:22:13.476,1.05772,1.05798,1.01,1.20
2011.10.21 20:22:15.857,1.05772,1.05798,1.01,1.20
2011.10.21 20:22:16.415,1.05772,1.05798,1.01,1.20
2011.10.21 20:22:17.195,1.05772,1.05798,1.01,1.20
2011.10.21 20:22:17.747,1.05772,1.05798,1.01,1.20
2011.10.21 20:22:17.975,1.05772,1.05798,1.01,1.20
2011.10.21 20:22:18.865,1.05772,1.05798,1.01,1.20
2011.10.21 20:22:19.422,1.05772,1.05798,1.01,1.20
2011.10.21 20:22:24.410,1.05773,1.05799,1.01,1.20
2011.10.21 20:22:32.535,1.05773,1.05797,1.01,1.20
2011.10.21 20:22:33.946,1.05773,1.05797,1.01,1.20
2011.10.21 20:22:34.177,1.05773,1.058,1.01,3.83
2011.10.21 20:22:35.320,1.05776,1.058,1.50,3.83
2011.10.21 20:22:35.678,1.0578,1.05804,1.01,1.20
2011.10.21 20:22:35.910,1.0578,1.05808,1.01,4.58
2011.10.21 20:22:36.247,1.05781,1.05807,1.01,1.13
2011.10.21 20:22:36.609,1.05777,1.058,1.01,1.20
2011.10.21 20:22:37.594,1.05773,1.058,1.01,3.45
2011.10.21 20:22:38.949,1.05773,1.058,1.01,3.45
2011.10.21 20:22:39.357,1.05773,1.058,1.01,3.45
2011.10.21 20:22:42.926,1.05772,1.05797,1.01,1.20
2011.10.21 20:22:44.199,1.05772,1.05797,1.01,1.20
2011.10.21 20:22:44.538,1.05772,1.05797,1.01,1.20
2011.10.21 20:22:45.437,1.05772,1.05797,1.01,1.20
2011.10.21 20:22:46.357,1.05772,1.05797,1.01,1.20
2011.10.21 20:22:48.317,1.05772,1.05797,1.01,1.58
2011.10.21 20:22:50.299,1.05774,1.05799,1.50,1.20
2011.10.21 20:22:50.419,1.05776,1.05799,1.01,1.20
2011.10.21 20:22:55.157,1.05776,1.05799,1.01,1.20
2011.10.21 20:22:55.741,1.05776,1.05799,1.01,1.20
2011.10.21 20:22:58.937,1.05777,1.05799,1.01,1.20
2011.10.21 20:23:01.068,1.05778,1.05802,1.01,1.20
2011.10.21 20:23:08.197,1.05778,1.05802,1.76,1.20
2011.10.21 20:23:08.776,1.05778,1.05801,1.01,1.20
2011.10.21 20:23:15.383,1.05778,1.058,1.01,1.20
2011.10.21 20:23:16.816,1.05778,1.058,1.76,1.20
2011.10.21 20:23:19.147,1.05777,1.05802,1.76,1.95
2011.10.21 20:23:22.048,1.05777,1.05802,1.76,1.95
2011.10.21 20:23:32.216,1.05777,1.05802,1.76,2.33
2011.10.21 20:23:47.458,1.05777,1.05802,1.01,1.95
2011.10.21 20:23:56.888,1.05777,1.05802,1.76,2.33
2011.10.21 20:24:19.149,1.05777,1.05803,1.01,1.13
2011.10.21 20:24:25.686,1.05777,1.05799,1.01,1.50
2011.10.21 20:24:26.236,1.05776,1.05799,1.50,1.50
2011.10.21 20:24:26.920,1.05776,1.05799,1.50,1.50
2011.10.21 20:24:27.148,1.05776,1.05799,1.50,1.50
2011.10.21 20:24:27.782,1.05776,1.05799,1.50,1.50
2011.10.21 20:24:30.966,1.05775,1.05799,1.76,1.50
2011.10.21 20:24:35.800,1.05776,1.05799,1.50,1.50
2011.10.21 20:24:39.360,1.05775,1.05799,1.76,1.88
2011.10.21 20:24:39.926,1.05775,1.05799,1.76,1.88
2011.10.21 20:24:40.699,1.05773,1.05794,1.01,1.50
2011.10.21 20:24:40.822,1.0577,1.05794,1.76,1.50
2011.10.21 20:24:40.946,1.05777,1.05796,1.01,1.50
2011.10.21 20:24:41.192,1.05778,1.05801,1.01,2.25
2011.10.21 20:24:47.818,1.05778,1.05803,1.01,1.95
2011.10.21 20:24:54.157,1.05777,1.05803,1.76,1.95
2011.10.21 20:24:55.046,1.05778,1.05803,1.01,1.95
2011.10.21 20:24:55.555,1.05777,1.05803,1.01,1.95
2011.10.21 20:25:05.847,1.05777,1.05803,1.01,1.95
2011.10.21 20:25:16.835,1.05777,1.05803,1.76,1.95
2011.10.21 20:25:18.498,1.05778,1.05803,1.01,1.95
2011.10.21 20:25:20.667,1.05778,1.05803,1.01,1.95
2011.10.21 20:25:22.182,1.05776,1.05801,1.76,1.58
2011.10.21 20:25:22.534,1.05774,1.058,1.01,1.50
2011.10.21 20:25:23.105,1.05782,1.058,4.50,1.13
2011.10.21 20:25:23.231,1.05778,1.05803,4.98,1.13
2011.10.21 20:25:23.350,1.05781,1.05806,1.50,1.50
2011.10.21 20:25:23.468,1.05785,1.05806,1.50,1.50
2011.10.21 20:25:32.677,1.05785,1.05809,1.50,2.25
2011.10.21 20:25:32.937,1.05785,1.05809,1.50,2.25
2011.10.21 20:25:33.497,1.05785,1.05809,1.50,1.50
2011.10.21 20:25:34.323,1.05786,1.0581,1.50,1.50
2011.10.21 20:25:34.991,1.05786,1.0581,1.50,1.50
2011.10.21 20:25:35.780,1.05786,1.0581,1.50,3.38
2011.10.21 20:25:37.976,1.05786,1.0581,1.50,3.38
2011.10.21 20:25:39.800,1.05786,1.0581,1.50,1.50
2011.10.21 20:25:40.478,1.05787,1.0581,1.23,1.50
2011.10.21 20:25:40.830,1.05794,1.05815,1.28,3.28
2011.10.21 20:25:40.953,1.05793,1.05816,1.50,1.50
2011.10.21 20:25:41.073,1.05795,1.05816,1.20,1.50
2011.10.21 20:25:41.430,1.05792,1.05817,1.98,3.38
2011.10.21 20:25:45.792,1.0579,1.05815,1.76,1.50
2011.10.21 20:25:46.356,1.0579,1.05814,1.01,1.50
2011.10.21 20:25:47.477,1.0579,1.05814,1.01,1.50
2011.10.21 20:25:53.419,1.0579,1.05815,1.01,2.63
2011.10.21 20:25:53.756,1.0579,1.05815,1.01,2.63
2011.10.21 20:25:55.748,1.0579,1.05815,1.01,2.63
2011.10.21 20:25:55.979,1.0579,1.05815,1.01,2.63
2011.10.21 20:25:56.542,1.05788,1.05814,1.93,1.50
2011.10.21 20:25:56.999,1.05787,1.05812,1.20,2.63
2011.10.21 20:25:57.120,1.05789,1.05813,1.20,2.63
2011.10.21 20:25:57.801,1.05788,1.05813,1.20,2.63
2011.10.21 20:25:58.399,1.05789,1.05811,1.20,2.63
2011.10.21 20:25:58.737,1.05786,1.05811,1.46,2.63
2011.10.21 20:25:58.857,1.05787,1.05811,1.46,2.63
2011.10.21 20:26:00.348,1.05789,1.05811,1.20,2.63
2011.10.21 20:26:00.577,1.05786,1.05811,1.91,2.63
2011.10.21 20:26:00.702,1.05788,1.05811,1.20,2.63
2011.10.21 20:26:01.257,1.05788,1.05811,1.65,2.63
2011.10.21 20:26:01.380,1.05789,1.05813,1.20,2.63
2011.10.21 20:26:02.947,1.05791,1.05815,1.20,3.38
2011.10.21 20:26:03.523,1.05791,1.05815,2.40,3.38
2011.10.21 20:26:06.707,1.0579,1.05814,1.95,1.50
2011.10.21 20:26:07.389,1.05791,1.05815,1.20,2.63
2011.10.21 20:26:07.948,1.05792,1.05814,1.20,2.63
2011.10.21 20:26:08.069,1.05792,1.05814,1.20,2.63
2011.10.21 20:26:08.299,1.05792,1.05814,1.20,2.63
2011.10.21 20:26:09.010,1.05792,1.05814,1.20,2.63
2011.10.21 20:26:09.577,1.05792,1.05814,1.20,2.63
2011.10.21 20:26:10.137,1.05792,1.05814,1.20,1.88
2011.10.21 20:26:10.647,1.05792,1.05814,1.20,2.63
2011.10.21 20:26:11.216,1.05792,1.05814,1.95,1.88
2011.10.21 20:26:11.777,1.05792,1.05814,1.95,2.63
2011.10.21 20:26:12.338,1.05792,1.05814,1.95,1.88
2011.10.21 20:26:13.896,1.05792,1.05814,1.95,2.63
2011.10.21 20:26:14.320,1.05792,1.05814,1.95,2.63
2011.10.21 20:26:14.446,1.05792,1.05814,1.95,2.63
2011.10.21 20:26:16.656,1.05792,1.05814,1.95,2.63
2011.10.21 20:26:17.216,1.05792,1.05814,1.20,2.63
2011.10.21 20:26:17.446,1.05792,1.05814,1.20,2.63
2011.10.21 20:26:19.216,1.05792,1.05814,1.20,2.63
2011.10.21 20:26:19.777,1.05792,1.05814,1.20,2.63
2011.10.21 20:26:20.119,1.05791,1.05815,1.20,2.63
2011.10.21 20:26:20.348,1.05791,1.05811,1.20,2.63
2011.10.21 20:26:20.929,1.0579,1.05811,1.20,2.63
2011.10.21 20:26:21.540,1.05788,1.05811,1.46,2.63
2011.10.21 20:26:23.138,1.05788,1.05811,1.46,2.63
2011.10.21 20:26:23.260,1.05788,1.05811,1.46,2.63
2011.10.21 20:26:25.321,1.05788,1.05811,1.46,2.63
2011.10.21 20:26:26.010,1.05789,1.05811,1.01,2.63
2011.10.21 20:26:28.814,1.05787,1.05812,1.46,2.63
2011.10.21 20:26:29.160,1.05782,1.0581,1.20,1.50
2011.10.21 20:26:29.868,1.05782,1.0581,1.20,1.50
2011.10.21 20:26:32.408,1.05784,1.05809,1.20,1.50
2011.10.21 20:26:32.749,1.05784,1.05809,1.20,1.50
2011.10.21 20:26:36.297,1.05782,1.05809,1.20,1.50
2011.10.21 20:26:36.638,1.05782,1.05809,1.20,1.50
2011.10.21 20:26:37.233,1.05789,1.05811,1.20,2.63
2011.10.21 20:26:37.578,1.05791,1.05812,2.13,2.63
2011.10.21 20:26:38.263,1.05792,1.05812,1.01,2.63
2011.10.21 20:26:38.598,1.05788,1.05812,1.58,2.63
2011.10.21 20:26:38.938,1.05788,1.05812,1.20,2.63
2011.10.21 20:26:41.529,1.05785,1.05812,1.65,3.00
2011.10.21 20:26:41.991,1.0579,1.05812,1.20,1.13
2011.10.21 20:26:42.348,1.0579,1.05812,1.65,1.13
2011.10.21 20:26:45.916,1.0579,1.05812,1.65,1.13
2011.10.21 20:26:46.149,1.05791,1.05812,1.65,1.13
2011.10.21 20:26:46.379,1.05794,1.05813,1.13,3.00
2011.10.21 20:26:46.730,1.05804,1.05816,1.20,1.13
2011.10.21 20:26:46.853,1.05806,1.05819,1.76,2.25
2011.10.21 20:26:47.101,1.05798,1.05819,1.50,2.25
2011.10.21 20:26:47.221,1.05794,1.05819,1.50,2.25
2011.10.21 20:26:47.339,1.05794,1.05819,1.50,2.25
2011.10.21 20:26:47.461,1.05793,1.05819,1.20,2.25
2011.10.21 20:26:47.809,1.05795,1.05817,1.13,1.50
2011.10.21 20:26:49.088,1.05797,1.05819,1.13,2.25
2011.10.21 20:26:49.648,1.05797,1.05819,1.88,2.25
2011.10.21 20:26:49.771,1.058,1.05818,1.13,2.25
2011.10.21 20:26:50.131,1.0581,1.05825,1.01,1.13
2011.10.21 20:26:50.372,1.05799,1.05819,1.23,1.50
2011.10.21 20:26:54.568,1.05798,1.05819,1.13,1.50
2011.10.21 20:26:55.145,1.05797,1.05819,1.88,1.50
2011.10.21 20:26:57.469,1.05797,1.05818,1.13,1.50
2011.10.21 20:26:57.807,1.05798,1.05818,1.13,1.88
2011.10.21 20:27:00.288,1.05797,1.05818,1.88,1.88
2011.10.21 20:27:00.847,1.05797,1.05819,1.13,1.50
2011.10.21 20:27:07.478,1.05797,1.05819,1.88,1.50
2011.10.21 20:27:19.097,1.05796,1.05817,1.13,1.13
2011.10.21 20:27:19.216,1.05796,1.05817,1.13,1.13
2011.10.21 20:27:19.926,1.05795,1.05817,1.88,1.13
2011.10.21 20:27:20.456,1.05796,1.05817,1.13,1.13
2011.10.21 20:27:21.406,1.05796,1.05817,1.13,1.13
2011.10.21 20:27:22.718,1.05795,1.05817,1.88,1.13
2011.10.21 20:27:22.960,1.05795,1.05814,1.13,1.13
2011.10.21 20:27:23.188,1.05795,1.05815,3.00,1.13
2011.10.21 20:27:23.533,1.05802,1.05819,1.13,1.88
2011.10.21 20:27:23.879,1.05802,1.05818,1.13,1.50
2011.10.21 20:27:24.247,1.05802,1.05818,2.03,1.50
2011.10.21 20:27:24.369,1.05802,1.05818,1.58,1.50
2011.10.21 20:27:30.507,1.05802,1.05818,1.58,1.50
2011.10.21 20:27:30.628,1.05798,1.05818,3.10,1.50
2011.10.21 20:27:30.857,1.05796,1.05819,1.23,1.50
2011.10.21 20:27:30.978,1.05796,1.05819,1.13,1.50
2011.10.21 20:27:35.007,1.05796,1.05819,1.13,1.50
2011.10.21 20:27:35.129,1.05798,1.05819,4.50,1.50
2011.10.21 20:27:35.467,1.05801,1.05819,2.03,1.50
2011.10.21 20:27:35.697,1.05801,1.05819,2.03,1.50
2011.10.21 20:27:35.817,1.05801,1.05819,2.03,1.50
2011.10.21 20:27:38.885,1.05801,1.05819,2.03,1.50
2011.10.21 20:27:39.927,1.05801,1.05819,1.65,1.50
2011.10.21 20:27:40.570,1.05801,1.05819,2.03,1.50
2011.10.21 20:27:46.528,1.05801,1.05819,2.03,1.50
2011.10.21 20:27:47.085,1.05801,1.05819,2.13,1.50
2011.10.21 20:27:47.676,1.05801,1.05819,2.03,1.50
2011.10.21 20:27:47.796,1.05801,1.0582,2.78,1.50
2011.10.21 20:27:59.168,1.05801,1.0582,1.65,1.50
2011.10.21 20:28:03.507,1.05804,1.05819,1.20,1.50
2011.10.21 20:28:03.749,1.05805,1.05823,1.50,1.50
2011.10.21 20:28:03.870,1.05818,1.05836,1.01,1.20
2011.10.21 20:28:03.990,1.05821,1.0583,4.50,1.20
2011.10.21 20:28:04.111,1.05815,1.05839,1.28,1.65
2011.10.21 20:28:04.235,1.05817,1.0583,1.01,1.58
2011.10.21 20:28:04.471,1.05817,1.05827,1.01,1.50
2011.10.21 20:28:04.589,1.05818,1.05837,1.01,2.62
2011.10.21 20:28:04.709,1.05819,1.05843,1.01,1.20
2011.10.21 20:28:08.441,1.05819,1.05844,1.01,1.20
2011.10.21 20:28:08.777,1.05822,1.05847,1.01,1.20
2011.10.21 20:28:11.845,1.05821,1.05847,1.01,1.20
2011.10.21 20:28:12.090,1.05816,1.05843,3.63,1.20
2011.10.21 20:28:12.736,1.05818,1.05844,1.01,1.20
2011.10.21 20:28:12.861,1.05819,1.05844,1.01,1.20
2011.10.21 20:28:14.088,1.05822,1.05849,1.50,1.50
2011.10.21 20:28:14.651,1.05823,1.0585,1.01,1.50
2011.10.21 20:28:23.029,1.05823,1.05849,1.01,1.13
2011.10.21 20:28:24.857,1.0582,1.05847,1.01,1.50
2011.10.21 20:28:25.418,1.0582,1.05847,1.01,1.50
2011.10.21 20:28:32.015,1.0582,1.05845,1.01,1.20
2011.10.21 20:28:38.569,1.05817,1.05843,1.95,1.50
2011.10.21 20:28:43.077,1.05817,1.05842,1.95,1.50
2011.10.21 20:28:43.679,1.05826,1.05844,1.50,1.50
2011.10.21 20:28:44.908,1.05826,1.05844,1.50,1.50
2011.10.21 20:28:45.628,1.05826,1.05844,1.50,1.50
2011.10.21 20:28:45.857,1.05826,1.05844,1.50,1.50
2011.10.21 20:28:46.427,1.05826,1.05844,1.50,1.50
2011.10.21 20:28:52.058,1.05826,1.05844,1.50,1.50
2011.10.21 20:28:55.919,1.05825,1.05844,1.50,2.25
2011.10.21 20:28:56.270,1.05817,1.05843,1.24,2.25
2011.10.21 20:28:59.220,1.05807,1.05835,1.88,2.33
2011.10.21 20:28:59.341,1.05807,1.05834,1.50,1.50
2011.10.21 20:28:59.920,1.05807,1.05834,1.20,1.13
2011.10.21 20:29:00.508,1.05807,1.05833,1.20,1.50
2011.10.21 20:29:00.738,1.05807,1.05833,1.20,1.50
2011.10.21 20:29:09.887,1.05807,1.05834,1.20,1.50
2011.10.21 20:29:10.671,1.05807,1.05834,1.20,1.50
2011.10.21 20:29:13.052,1.05804,1.05834,3.90,1.50
2011.10.21 20:29:13.425,1.05797,1.05822,1.20,1.50
2011.10.21 20:29:13.783,1.05801,1.0583,3.00,1.20
2011.10.21 20:29:17.602,1.05801,1.0583,3.00,1.20
2011.10.21 20:29:18.267,1.05801,1.0583,3.00,1.20
2011.10.21 20:29:24.877,1.05801,1.0583,3.00,1.20
2011.10.21 20:29:26.198,1.05801,1.0583,3.00,1.20
2011.10.21 20:29:26.355,1.05801,1.0583,3.00,1.20
2011.10.21 20:29:26.858,1.05801,1.0583,3.00,1.20
2011.10.21 20:29:27.446,1.05801,1.0583,3.00,1.20
2011.10.21 20:29:27.567,1.05801,1.0583,3.00,1.20
2011.10.21 20:29:27.798,1.05801,1.05832,3.45,1.50
2011.10.21 20:29:28.379,1.05801,1.05832,3.45,1.50
2011.10.21 20:29:28.960,1.05801,1.05832,3.45,1.50
2011.10.21 20:29:31.769,1.05801,1.0583,3.00,1.20
2011.10.21 20:29:36.651,1.05805,1.05832,3.00,1.50
2011.10.21 20:29:37.264,1.05805,1.05829,3.00,1.50
2011.10.21 20:29:37.403,1.05803,1.05829,1.50,2.25
2011.10.21 20:29:38.010,1.05803,1.05829,1.50,2.25
2011.10.21 20:29:43.109,1.05803,1.05829,1.50,2.25
2011.10.21 20:29:43.668,1.05803,1.05829,1.50,2.25
2011.10.21 20:29:45.807,1.05803,1.05829,1.50,2.25
2011.10.21 20:29:46.137,1.05803,1.05829,1.50,2.25
2011.10.21 20:29:47.735,1.05803,1.05829,1.50,2.25
2011.10.21 20:29:48.077,1.05803,1.05829,1.50,2.25
2011.10.21 20:29:48.527,1.05803,1.05829,1.50,2.25
2011.10.21 20:29:49.759,1.05803,1.05829,1.55,2.25
2011.10.21 20:29:51.059,1.05803,1.05829,1.60,1.50
2011.10.21 20:29:51.181,1.05803,1.05829,1.60,1.50
2011.10.21 20:29:51.419,1.05803,1.05829,1.60,1.50
2011.10.21 20:29:51.891,1.05802,1.05829,1.10,1.50
2011.10.21 20:29:52.457,1.05801,1.05826,1.12,1.50
2011.10.21 20:29:53.132,1.05802,1.05826,1.05,1.50
2011.10.21 20:29:53.956,1.058,1.05826,1.71,1.50
2011.10.21 20:29:55.918,1.058,1.05826,1.71,1.50
2011.10.21 20:29:56.586,1.058,1.05826,1.71,1.50
2011.10.21 20:29:56.927,1.058,1.05826,1.64,1.50
2011.10.21 20:29:57.788,1.058,1.05826,1.71,1.50
2011.10.21 20:29:59.296,1.058,1.05826,1.67,1.50
2011.10.21 20:30:00.949,1.05802,1.05826,1.36,1.50
2011.10.21 20:30:01.400,1.05802,1.05826,1.20,1.50
2011.10.21 20:30:01.978,1.05802,1.05829,1.46,1.50
2011.10.21 20:30:06.127,1.05802,1.05829,1.01,1.50
2011.10.21 20:30:06.907,1.05802,1.05829,1.01,1.50
2011.10.21 20:30:07.963,1.05802,1.05829,1.01,1.50
2011.10.21 20:30:08.517,1.05802,1.05829,1.01,1.50
2011.10.21 20:30:09.057,1.05802,1.05829,1.01,1.50
2011.10.21 20:30:09.616,1.05802,1.05829,1.01,1.50
2011.10.21 20:30:10.817,1.05802,1.05829,1.01,1.50
2011.10.21 20:30:18.546,1.05802,1.05829,1.01,1.50
2011.10.21 20:30:22.061,1.05804,1.05829,1.50,1.50
2011.10.21 20:30:24.008,1.05804,1.05829,1.50,2.25
2011.10.21 20:30:24.616,1.05799,1.05827,1.76,1.95
2011.10.21 20:30:24.733,1.05799,1.05827,1.76,1.95
2011.10.21 20:30:24.971,1.05799,1.05827,1.01,1.50
2011.10.21 20:30:27.392,1.05799,1.05827,1.01,1.50
2011.10.21 20:30:29.340,1.05806,1.05827,1.13,1.50
2011.10.21 20:30:29.931,1.05802,1.05829,1.01,1.50
2011.10.21 20:30:32.651,1.05808,1.05833,1.13,1.50
2011.10.21 20:30:32.769,1.05805,1.05833,1.13,1.50
2011.10.21 20:30:32.889,1.05806,1.05833,1.13,1.50
2011.10.21 20:30:33.726,1.05808,1.05833,1.01,1.13
2011.10.21 20:30:42.018,1.05808,1.05833,1.01,1.13
2011.10.21 20:30:43.820,1.05807,1.05833,1.01,1.13
2011.10.21 20:30:44.377,1.05806,1.05833,1.76,1.58
2011.10.21 20:30:47.839,1.05806,1.05833,1.01,1.13
2011.10.21 20:30:54.310,1.05807,1.05835,1.01,1.50
2011.10.21 20:30:54.540,1.05808,1.05836,1.83,3.38
2011.10.21 20:31:02.859,1.05809,1.05834,1.76,3.00
2011.10.21 20:31:18.919,1.05815,1.05835,1.50,1.13
2011.10.21 20:31:19.488,1.05814,1.05835,1.13,1.13
2011.10.21 20:31:20.407,1.05814,1.05836,1.88,1.88
2011.10.21 20:31:21.068,1.05814,1.05836,1.13,1.88
2011.10.21 20:31:22.128,1.0581,1.05835,1.76,1.13
2011.10.21 20:31:22.782,1.05811,1.05835,1.13,1.13
2011.10.21 20:31:27.681,1.0581,1.05835,1.38,1.13
2011.10.21 20:31:28.302,1.0581,1.05834,1.01,1.13
2011.10.21 20:31:30.197,1.05811,1.05834,1.01,1.13
2011.10.21 20:31:30.825,1.05811,1.05834,1.01,1.13
2011.10.21 20:31:31.600,1.05809,1.05834,1.01,1.13
2011.10.21 20:31:31.722,1.05808,1.05833,1.50,3.00
2011.10.21 20:31:32.308,1.05807,1.05832,1.01,2.25
2011.10.21 20:31:32.888,1.05807,1.05832,1.01,2.25
2011.10.21 20:31:33.010,1.05805,1.05832,1.01,2.63
2011.10.21 20:31:33.568,1.05805,1.05832,1.01,2.25
2011.10.21 20:31:35.662,1.05807,1.05835,3.00,1.95
2011.10.21 20:31:36.630,1.05807,1.05835,3.00,1.95
2011.10.21 20:31:37.209,1.05805,1.05835,1.46,1.95
2011.10.21 20:31:39.447,1.05805,1.05835,1.20,1.95
2011.10.21 20:31:43.021,1.05805,1.05835,1.20,1.20
2011.10.21 20:31:43.578,1.05807,1.05839,1.20,1.95
2011.10.21 20:31:44.818,1.05807,1.05839,1.20,1.95
2011.10.21 20:31:45.699,1.05807,1.05839,1.20,1.95
2011.10.21 20:31:47.263,1.05811,1.05839,3.00,1.95
2011.10.21 20:31:47.617,1.05815,1.05841,3.00,1.88
2011.10.21 20:31:48.178,1.05815,1.05841,3.00,1.88
2011.10.21 20:31:50.468,1.05815,1.05841,3.00,1.88
2011.10.21 20:31:51.470,1.05815,1.05839,3.00,1.50
2011.10.21 20:31:51.710,1.0581,1.05839,3.00,1.95
2011.10.21 20:31:52.314,1.0581,1.05839,3.45,1.50
2011.10.21 20:31:58.390,1.05814,1.0584,1.20,1.88
2011.10.21 20:31:58.728,1.05817,1.0584,3.00,1.50
2011.10.21 20:31:59.288,1.05817,1.0584,3.00,1.50
2011.10.21 20:32:02.641,1.05817,1.05839,3.00,1.50
2011.10.21 20:32:03.235,1.05814,1.0584,1.20,1.88
2011.10.21 20:32:03.747,1.05814,1.0584,1.20,1.88
2011.10.21 20:32:09.381,1.05812,1.05839,1.58,1.50
2011.10.21 20:32:11.697,1.0581,1.05836,1.20,1.50
2011.10.21 20:32:12.307,1.0581,1.05835,1.20,1.50
2011.10.21 20:32:12.458,1.05808,1.05838,3.00,1.95
2011.10.21 20:32:16.498,1.0581,1.05838,1.20,1.50
2011.10.21 20:32:19.077,1.0581,1.05838,1.20,1.50
2011.10.21 20:32:20.550,1.0581,1.05839,1.20,1.50
2011.10.21 20:32:21.697,1.0581,1.05839,1.20,1.50
2011.10.21 20:32:22.307,1.0581,1.05839,1.20,1.50
2011.10.21 20:32:24.937,1.0581,1.05839,1.20,1.50
2011.10.21 20:32:25.057,1.0581,1.05839,1.20,1.50
2011.10.21 20:32:26.984,1.0581,1.05839,1.20,1.50
2011.10.21 20:32:27.676,1.05806,1.05834,1.20,1.50
2011.10.21 20:32:28.598,1.05806,1.05834,1.20,1.50
2011.10.21 20:32:30.898,1.05806,1.05834,1.20,1.50
2011.10.21 20:32:31.899,1.05806,1.05834,1.20,1.50
2011.10.21 20:32:32.479,1.05805,1.05834,1.20,1.50
2011.10.21 20:32:33.396,1.05808,1.05834,3.45,1.50
2011.10.21 20:32:33.972,1.05808,1.05834,1.20,1.50
2011.10.21 20:32:34.640,1.05808,1.05834,1.20,1.50
2011.10.21 20:32:35.198,1.05807,1.05834,1.01,1.50
2011.10.21 20:32:39.431,1.05807,1.05834,1.01,1.50
2011.10.21 20:32:39.767,1.05807,1.05833,1.01,1.20
2011.10.21 20:32:40.559,1.05807,1.05834,1.01,1.50
2011.10.21 20:32:43.754,1.05807,1.05834,1.01,1.50
2011.10.21 20:32:44.290,1.05808,1.05834,1.20,1.50
2011.10.21 20:32:44.519,1.05809,1.05836,1.01,1.50
2011.10.21 20:32:44.859,1.05809,1.05836,1.01,1.50
2011.10.21 20:32:45.494,1.0581,1.05836,1.20,1.50
2011.10.21 20:32:48.791,1.05809,1.05836,1.83,1.50
2011.10.21 20:32:50.239,1.05806,1.05836,1.46,1.95
2011.10.21 20:32:50.708,1.05806,1.05836,1.83,1.95
2011.10.21 20:32:53.990,1.0581,1.05836,1.20,1.50
2011.10.21 20:33:08.779,1.05811,1.05838,1.76,1.20
2011.10.21 20:33:09.337,1.05812,1.05838,1.01,1.20
2011.10.21 20:33:10.619,1.05812,1.0584,1.01,2.78
2011.10.21 20:33:10.961,1.05812,1.05841,1.01,1.88
2011.10.21 20:33:12.888,1.05812,1.05841,1.01,1.88
2011.10.21 20:33:13.447,1.05812,1.05841,1.01,1.88
2011.10.21 20:33:13.957,1.05812,1.05841,1.01,1.88
2011.10.21 20:33:14.528,1.05812,1.05841,1.01,1.88
2011.10.21 20:33:14.880,1.05814,1.05841,1.20,1.88
2011.10.21 20:33:15.328,1.05814,1.05841,1.20,1.88
2011.10.21 20:33:15.560,1.05814,1.05841,1.20,1.88
2011.10.21 20:33:18.767,1.05812,1.05841,1.46,1.50
2011.10.21 20:33:19.670,1.05812,1.05841,1.46,3.38
2011.10.21 20:33:19.909,1.05812,1.05841,1.46,1.88
2011.10.21 20:33:20.483,1.05814,1.05841,1.20,1.88
2011.10.21 20:33:20.798,1.05814,1.05841,1.20,1.88
2011.10.21 20:33:22.011,1.05822,1.05841,1.20,1.88
2011.10.21 20:33:22.242,1.05828,1.0585,1.01,2.25
2011.10.21 20:33:22.578,1.05831,1.05859,1.58,1.50
2011.10.21 20:33:24.318,1.05833,1.05858,1.01,1.50
2011.10.21 20:33:24.848,1.05833,1.05859,1.01,1.50
2011.10.21 20:33:27.319,1.05833,1.05857,1.01,1.50
2011.10.21 20:33:27.661,1.05829,1.05854,1.01,1.50
2011.10.21 20:33:29.693,1.05829,1.05856,1.01,1.58
2011.10.21 20:33:29.808,1.05829,1.05856,1.01,1.58
2011.10.21 20:33:30.151,1.0583,1.05856,1.13,1.58
2011.10.21 20:33:30.707,1.05832,1.05856,1.01,1.58
2011.10.21 20:33:35.734,1.05832,1.05856,1.01,1.58
2011.10.21 20:33:38.878,1.05832,1.05856,1.01,1.58
2011.10.21 20:33:39.439,1.05832,1.05859,1.13,1.95
2011.10.21 20:33:43.049,1.05834,1.0586,1.50,1.50
2011.10.21 20:33:52.253,1.05832,1.05857,1.13,1.13
2011.10.21 20:33:52.589,1.05834,1.05858,1.13,1.50
2011.10.21 20:33:56.008,1.05833,1.05859,1.13,1.13
2011.10.21 20:33:56.568,1.05835,1.05858,1.01,1.13
2011.10.21 20:33:57.889,1.05835,1.05857,1.01,1.13
2011.10.21 20:34:03.949,1.05834,1.05857,1.01,1.13
2011.10.21 20:34:07.079,1.05835,1.05859,1.01,2.63
2011.10.21 20:34:07.859,1.05835,1.05859,1.01,2.63
2011.10.21 20:34:08.711,1.05834,1.05858,2.13,1.50
2011.10.21 20:34:10.131,1.05834,1.05852,1.76,1.50
2011.10.21 20:34:10.734,1.0583,1.05855,1.13,1.13
2011.10.21 20:34:11.083,1.05831,1.05856,1.13,3.00
2011.10.21 20:34:11.812,1.05833,1.05856,1.01,3.00
2011.10.21 20:34:25.390,1.05833,1.05858,1.01,2.63
2011.10.21 20:34:25.508,1.05833,1.05858,1.01,2.25
2011.10.21 20:34:26.142,1.05836,1.05858,1.01,2.63
2011.10.21 20:34:26.704,1.05836,1.05857,1.01,2.63
2011.10.21 20:34:26.838,1.05831,1.05857,1.38,1.13
2011.10.21 20:34:29.159,1.0583,1.05854,1.76,2.63
2011.10.21 20:34:33.871,1.0583,1.05854,1.76,2.63
2011.10.21 20:34:36.267,1.05829,1.05854,1.01,2.63
2011.10.21 20:34:52.740,1.05825,1.05851,1.20,1.50
2011.10.21 20:34:53.078,1.05827,1.05855,1.01,1.88
2011.10.21 20:34:53.648,1.05825,1.05852,1.46,1.50
2011.10.21 20:35:02.778,1.05825,1.05852,1.58,1.88
2011.10.21 20:35:07.527,1.05825,1.05851,1.20,1.50
2011.10.21 20:35:08.526,1.05825,1.05851,1.20,1.50
2011.10.21 20:35:08.772,1.05825,1.05851,1.20,1.50
2011.10.21 20:35:09.431,1.05825,1.05851,1.20,1.50
2011.10.21 20:35:09.761,1.05825,1.05851,1.20,1.50
2011.10.21 20:35:10.258,1.05825,1.05851,1.20,1.50
2011.10.21 20:35:11.669,1.05824,1.0585,1.35,1.88
2011.10.21 20:35:11.900,1.0582,1.05847,1.61,1.50
2011.10.21 20:35:12.904,1.05822,1.05848,1.35,1.50
2011.10.21 20:35:13.558,1.05822,1.05847,1.35,1.50
2011.10.21 20:35:15.249,1.05822,1.05848,1.61,1.50
2011.10.21 20:35:15.368,1.05822,1.05847,1.61,1.50
2011.10.21 20:35:17.131,1.05822,1.05847,1.61,1.50
2011.10.21 20:35:20.477,1.05822,1.05847,1.61,1.50
2011.10.21 20:35:27.497,1.05822,1.0585,1.16,1.50
2011.10.21 20:35:27.969,1.05823,1.0585,1.28,1.50
2011.10.21 20:35:31.408,1.05824,1.05849,1.01,1.13
2011.10.21 20:35:31.780,1.05819,1.05845,1.05,3.38
2011.10.21 20:35:32.023,1.0582,1.05845,1.05,3.75
2011.10.21 20:35:32.627,1.0582,1.05842,1.05,1.50
2011.10.21 20:35:33.747,1.05819,1.05844,1.05,1.50
2011.10.21 20:35:34.111,1.05819,1.05844,1.05,1.50
2011.10.21 20:35:53.727,1.05819,1.05844,1.05,2.63
2011.10.21 20:36:00.457,1.05819,1.05844,1.05,2.63
2011.10.21 20:36:13.568,1.0582,1.05842,1.50,1.50
2011.10.21 20:36:14.127,1.0582,1.05844,1.35,2.63
2011.10.21 20:36:14.828,1.0582,1.05843,1.35,1.50
2011.10.21 20:36:15.539,1.0582,1.05842,1.35,1.50
2011.10.21 20:36:15.780,1.05819,1.05839,1.05,1.50
2011.10.21 20:36:16.338,1.05819,1.0584,1.05,1.50
2011.10.21 20:36:17.861,1.05819,1.05839,1.05,1.50
2011.10.21 20:36:18.838,1.0582,1.05839,1.05,1.50
2011.10.21 20:36:19.401,1.05819,1.05839,1.05,1.50
2011.10.21 20:36:21.859,1.05819,1.05838,1.05,1.13
2011.10.21 20:36:22.239,1.05819,1.05842,1.05,1.88
2011.10.21 20:36:22.358,1.05819,1.05842,1.05,1.88
2011.10.21 20:36:23.161,1.05819,1.05841,1.05,1.50
2011.10.21 20:36:35.768,1.05819,1.05844,1.05,3.75
2011.10.21 20:36:36.548,1.05819,1.05844,1.05,3.75
2011.10.21 20:36:37.117,1.0582,1.05844,1.05,3.75
2011.10.21 20:36:40.185,1.05819,1.05844,1.05,3.75
2011.10.21 20:36:45.208,1.05823,1.05844,1.28,3.00
2011.10.21 20:36:45.443,1.05832,1.05844,1.13,2.25
2011.10.21 20:36:45.561,1.05834,1.05859,1.13,1.50
2011.10.21 20:36:45.919,1.05851,1.05861,1.28,1.50
2011.10.21 20:36:46.043,1.05859,1.05874,1.01,1.50
2011.10.21 20:36:46.269,1.05859,1.05883,1.01,1.13
2011.10.21 20:36:46.389,1.05859,1.05882,1.01,1.13
2011.10.21 20:36:46.746,1.05856,1.05861,1.01,0.75
2011.10.21 20:36:46.980,1.05859,1.05882,1.01,1.13
2011.10.21 20:36:47.779,1.05859,1.05882,1.01,1.13
2011.10.21 20:36:48.341,1.05857,1.05882,1.76,1.13
2011.10.21 20:36:49.065,1.05852,1.05879,1.01,1.13
2011.10.21 20:36:49.202,1.05851,1.05878,3.00,1.20
2011.10.21 20:36:50.597,1.05851,1.05873,3.00,1.13
2011.10.21 20:36:51.609,1.05851,1.05876,1.20,1.50
2011.10.21 20:36:51.850,1.05852,1.05877,3.75,1.13
2011.10.21 20:36:52.578,1.05852,1.05874,1.50,1.13
2011.10.21 20:36:52.871,1.05852,1.05875,3.38,1.13
2011.10.21 20:36:53.703,1.05852,1.05878,3.00,1.13
2011.10.21 20:36:54.669,1.05852,1.05878,3.00,1.13
2011.10.21 20:36:55.798,1.05851,1.05861,2.13,1.50
2011.10.21 20:36:56.151,1.05836,1.05856,1.48,1.20
2011.10.21 20:36:56.270,1.05834,1.05852,1.01,1.50
2011.10.21 20:36:56.389,1.05833,1.05852,1.50,2.25
2011.10.21 20:36:56.509,1.05826,1.05853,1.20,1.88
2011.10.21 20:36:57.292,1.05826,1.05853,1.20,1.50
2011.10.21 20:36:57.990,1.05826,1.05853,1.20,1.50
2011.10.21 20:37:00.260,1.05825,1.05853,1.20,1.50
2011.10.21 20:37:00.599,1.05826,1.05854,1.20,1.13
2011.10.21 20:37:01.368,1.05828,1.05853,1.50,1.50
2011.10.21 20:37:01.601,1.05826,1.05855,1.20,3.38
2011.10.21 20:37:02.159,1.05846,1.05855,0.75,2.63
2011.10.21 20:37:02.647,1.05826,1.05855,1.20,3.38
2011.10.21 20:37:03.068,1.05826,1.05855,1.20,3.38
2011.10.21 20:37:03.421,1.05829,1.05855,2.70,1.50
2011.10.21 20:37:03.540,1.05829,1.05859,3.45,1.50
2011.10.21 20:37:05.771,1.05831,1.0586,1.20,1.50
2011.10.21 20:37:06.355,1.05835,1.05861,1.20,2.25
2011.10.21 20:37:06.709,1.0583,1.05856,1.65,3.38
2011.10.21 20:37:07.161,1.05828,1.05856,1.65,3.38
2011.10.21 20:37:07.390,1.05828,1.05856,1.20,3.38
2011.10.21 20:37:11.062,1.05827,1.05856,1.65,3.38
2011.10.21 20:37:21.964,1.05823,1.05846,1.53,1.50
2011.10.21 20:37:22.082,1.05822,1.05846,1.76,1.50
2011.10.21 20:37:22.200,1.0582,1.05846,1.01,1.50
2011.10.21 20:37:24.059,1.0582,1.05846,1.01,1.50
2011.10.21 20:37:24.673,1.0582,1.05846,1.01,1.50
2011.10.21 20:37:24.900,1.05817,1.05846,1.38,1.95
2011.10.21 20:37:25.458,1.05815,1.05845,1.46,1.50
2011.10.21 20:37:25.578,1.05815,1.05846,1.46,2.70
2011.10.21 20:37:26.993,1.05814,1.05843,1.38,1.95
2011.10.21 20:37:27.112,1.05812,1.05843,2.21,1.58
2011.10.21 20:37:27.641,1.05813,1.05843,1.46,1.58
2011.10.21 20:37:28.198,1.05812,1.05843,2.21,1.58
2011.10.21 20:37:28.973,1.05813,1.05841,1.46,1.50
2011.10.21 20:37:29.419,1.05813,1.05841,1.46,1.50
2011.10.21 20:37:29.877,1.05813,1.05841,1.46,1.50
2011.10.21 20:37:30.548,1.05813,1.05841,1.46,1.50
2011.10.21 20:37:31.108,1.05813,1.05841,2.21,1.50
2011.10.21 20:37:31.448,1.05817,1.05843,1.38,1.95
2011.10.21 20:37:31.980,1.05817,1.05843,1.38,1.50
2011.10.21 20:37:32.319,1.05821,1.05845,1.01,1.50
2011.10.21 20:37:33.420,1.05821,1.05845,1.38,1.50
2011.10.21 20:37:33.978,1.05823,1.05845,1.01,1.50
2011.10.21 20:37:35.684,1.05822,1.05847,1.38,3.60
2011.10.21 20:37:36.261,1.05822,1.05847,1.38,3.60
2011.10.21 20:37:37.171,1.05822,1.05849,1.38,1.65
2011.10.21 20:37:37.728,1.05822,1.05849,1.38,1.65
2011.10.21 20:37:40.107,1.05823,1.05849,1.38,1.65
2011.10.21 20:37:40.670,1.05823,1.05849,1.38,2.03
2011.10.21 20:37:41.151,1.05825,1.05846,1.38,1.13
2011.10.21 20:37:42.151,1.05824,1.0585,1.38,1.05
2011.10.21 20:37:42.281,1.05828,1.05849,1.01,1.35
2011.10.21 20:37:42.840,1.05828,1.05846,1.38,1.13
2011.10.21 20:37:43.409,1.05828,1.05846,1.38,1.13
2011.10.21 20:37:43.652,1.05828,1.05846,1.38,1.13
2011.10.21 20:37:44.769,1.0583,1.05851,1.01,1.80
2011.10.21 20:37:45.109,1.05829,1.05851,1.01,1.05
2011.10.21 20:37:45.561,1.05831,1.05851,1.38,1.05
2011.10.21 20:37:46.118,1.05834,1.0585,1.38,1.05
2011.10.21 20:37:46.683,1.05834,1.05851,1.38,1.05
2011.10.21 20:37:47.023,1.05837,1.05853,1.01,1.05
2011.10.21 20:37:47.252,1.05837,1.05857,1.01,1.20
2011.10.21 20:37:47.819,1.05837,1.05857,1.01,1.20
2011.10.21 20:37:48.379,1.05837,1.05857,1.01,1.20
2011.10.21 20:37:49.232,1.05837,1.05857,2.13,1.20
2011.10.21 20:37:49.793,1.05837,1.05857,1.38,1.20
2011.10.21 20:37:50.350,1.05839,1.05865,1.20,1.50
2011.10.21 20:37:50.580,1.05844,1.05869,1.50,1.20
2011.10.21 20:37:51.369,1.05846,1.05872,1.76,1.58
2011.10.21 20:37:51.708,1.05847,1.05875,1.01,2.03
2011.10.21 20:37:52.050,1.05846,1.05873,1.01,1.65
2011.10.21 20:37:52.402,1.05848,1.05871,1.13,1.20
2011.10.21 20:37:52.524,1.05847,1.0587,1.01,1.13
2011.10.21 20:37:52.649,1.05843,1.0587,1.01,1.13
2011.10.21 20:37:54.319,1.0584,1.05869,1.01,1.88
2011.10.21 20:37:55.812,1.05839,1.05862,1.01,1.20
2011.10.21 20:37:56.172,1.05829,1.05855,1.46,1.50
2011.10.21 20:37:56.292,1.05825,1.05854,1.01,1.20
2011.10.21 20:37:56.410,1.05825,1.05854,1.01,1.20
2011.10.21 20:37:56.531,1.05826,1.05854,1.01,1.20
2011.10.21 20:37:56.882,1.05826,1.05854,1.01,1.20
2011.10.21 20:37:57.439,1.05826,1.05855,1.01,1.13
2011.10.21 20:38:11.480,1.05824,1.05854,1.46,1.20
2011.10.21 20:38:15.219,1.05842,1.05856,4.50,1.58
2011.10.21 20:38:15.342,1.05837,1.05862,1.01,1.50
2011.10.21 20:38:15.583,1.05835,1.05862,1.38,3.75
2011.10.21 20:38:15.933,1.05844,1.05867,1.13,1.20
2011.10.21 20:38:16.050,1.05844,1.05873,1.88,1.20
2011.10.21 20:38:16.172,1.05844,1.05873,1.50,1.20
2011.10.21 20:38:16.531,1.05839,1.05867,1.76,1.20
2011.10.21 20:38:20.200,1.05839,1.05867,1.76,1.20
2011.10.21 20:38:21.568,1.05839,1.05867,1.01,1.20
2011.10.21 20:38:21.801,1.05839,1.05867,1.01,1.20
2011.10.21 20:38:22.370,1.05838,1.05867,1.76,1.20
2011.10.21 20:38:26.831,1.05838,1.05864,1.01,1.20
2011.10.21 20:38:28.890,1.05836,1.05864,1.50,1.50
2011.10.21 20:38:29.010,1.05835,1.05864,3.71,1.50
2011.10.21 20:38:32.651,1.05835,1.05864,2.51,1.95
2011.10.21 20:38:33.326,1.05832,1.0586,1.46,1.50
2011.10.21 20:38:33.453,1.05832,1.0586,1.46,1.50
2011.10.21 20:38:34.069,1.05832,1.0586,1.46,1.50
2011.10.21 20:38:36.290,1.05837,1.05861,1.50,1.13
2011.10.21 20:38:36.521,1.05844,1.05866,1.13,1.20
2011.10.21 20:38:36.750,1.05844,1.05868,1.13,1.95
2011.10.21 20:38:36.871,1.05844,1.05868,1.13,1.50
2011.10.21 20:38:37.231,1.05839,1.05866,1.01,1.88
2011.10.21 20:38:37.569,1.05839,1.05866,1.01,1.88
2011.10.21 20:38:39.489,1.05837,1.05866,1.01,1.88
2011.10.21 20:38:39.830,1.05833,1.05858,1.01,1.50
2011.10.21 20:38:40.389,1.05833,1.05858,1.01,1.50
2011.10.21 20:38:40.733,1.05837,1.05862,1.13,1.95
2011.10.21 20:38:41.091,1.05843,1.0587,3.00,1.50
2011.10.21 20:38:41.322,1.05843,1.0587,2.25,1.88
2011.10.21 20:38:41.440,1.05838,1.05867,1.01,1.20
2011.10.21 20:38:42.287,1.05839,1.05866,1.01,1.50
2011.10.21 20:38:47.355,1.05829,1.05851,2.21,1.20
2011.10.21 20:38:47.603,1.0582,1.05851,1.01,1.58
2011.10.21 20:38:47.840,1.0582,1.05851,1.01,1.58
2011.10.21 20:38:48.429,1.05821,1.05851,1.01,1.58
2011.10.21 20:38:48.550,1.05822,1.05851,1.01,1.58
2011.10.21 20:38:48.889,1.05822,1.05851,1.01,1.58
2011.10.21 20:38:49.449,1.05822,1.05851,1.01,1.58
2011.10.21 20:38:55.184,1.05818,1.05842,1.01,1.50
2011.10.21 20:38:55.299,1.05818,1.05842,1.01,1.50
2011.10.21 20:38:55.872,1.05815,1.05842,2.21,3.75
2011.10.21 20:38:58.419,1.05815,1.05842,1.01,3.75
2011.10.21 20:38:58.989,1.05815,1.05842,1.01,3.75
2011.10.21 20:38:59.329,1.05815,1.05841,1.01,1.50
2011.10.21 20:38:59.898,1.05815,1.05841,1.01,1.50
2011.10.21 20:39:00.467,1.05815,1.05841,1.01,1.50
2011.10.21 20:39:01.899,1.05815,1.05841,1.01,1.50
2011.10.21 20:39:02.461,1.05815,1.05836,1.01,1.50
2011.10.21 20:39:02.800,1.05809,1.05836,1.38,3.75
2011.10.21 20:39:03.381,1.0581,1.05836,1.38,3.75
2011.10.21 20:39:05.931,1.0581,1.05834,1.01,1.20
2011.10.21 20:39:06.269,1.0581,1.05834,1.01,1.20
2011.10.21 20:39:06.611,1.05813,1.05836,1.01,1.20
2011.10.21 20:39:06.729,1.05813,1.05837,1.01,1.50
2011.10.21 20:39:07.069,1.05813,1.05837,1.01,1.50
2011.10.21 20:39:07.299,1.05813,1.05837,1.01,1.50
2011.10.21 20:39:08.098,1.05813,1.05836,1.01,1.20
2011.10.21 20:39:10.980,1.05813,1.05837,1.01,1.50
2011.10.21 20:39:11.329,1.05811,1.05836,2.13,1.50
2011.10.21 20:39:11.906,1.05811,1.05836,1.38,1.50
2011.10.21 20:39:15.101,1.05812,1.05841,1.38,1.50
2011.10.21 20:39:15.330,1.05812,1.05841,1.38,1.50
2011.10.21 20:39:16.080,1.05812,1.05841,1.38,1.50
2011.10.21 20:39:20.160,1.05816,1.05842,1.01,1.20
2011.10.21 20:39:20.964,1.05814,1.05842,1.01,1.20
2011.10.21 20:39:21.535,1.05816,1.05841,1.01,1.20
2011.10.21 20:39:21.783,1.05811,1.0584,1.01,1.95
2011.10.21 20:39:22.332,1.0581,1.0584,1.01,1.95
2011.10.21 20:39:22.673,1.05809,1.0584,2.13,1.95
2011.10.21 20:39:24.691,1.05809,1.05838,1.76,1.20
2011.10.21 20:39:24.922,1.05812,1.05838,1.01,1.20
2011.10.21 20:39:25.371,1.05812,1.05838,1.01,1.20
2011.10.21 20:39:26.080,1.05811,1.05839,1.01,1.20
2011.10.21 20:39:30.130,1.05812,1.05842,1.01,1.20
2011.10.21 20:39:30.689,1.05812,1.05842,1.01,1.20
2011.10.21 20:39:31.140,1.05815,1.05845,2.13,1.20
2011.10.21 20:39:32.359,1.05814,1.05842,2.13,1.20
2011.10.21 20:39:32.589,1.05814,1.05842,2.13,1.20
2011.10.21 20:39:33.152,1.05817,1.05846,1.01,1.20
2011.10.21 20:39:47.510,1.05817,1.05845,1.01,1.20
2011.10.21 20:39:47.848,1.05817,1.05845,1.01,1.20
2011.10.21 20:39:47.967,1.05817,1.05845,1.01,1.20
2011.10.21 20:39:48.497,1.05817,1.05847,1.46,1.20
2011.10.21 20:39:48.837,1.05817,1.05847,1.46,1.20
2011.10.21 20:39:49.880,1.05817,1.05847,1.46,1.20
2011.10.21 20:39:50.008,1.05817,1.05847,1.46,1.20
2011.10.21 20:39:50.570,1.05817,1.05847,1.46,1.20
2011.10.21 20:39:51.127,1.05817,1.05847,1.46,1.20
2011.10.21 20:39:51.357,1.05817,1.05847,1.46,1.20
2011.10.21 20:39:52.898,1.05817,1.05847,1.46,1.20
2011.10.21 20:39:53.427,1.05817,1.05847,1.46,1.20
2011.10.21 20:39:54.279,1.05817,1.05847,1.46,1.20
2011.10.21 20:39:57.189,1.05817,1.05847,1.46,1.20
2011.10.21 20:39:58.087,1.05817,1.05847,1.46,1.20
2011.10.21 20:39:58.596,1.05817,1.05847,1.46,1.20
2011.10.21 20:39:59.443,1.05817,1.05847,1.46,1.20
2011.10.21 20:39:59.966,1.05817,1.05847,1.46,1.20
2011.10.21 20:40:03.298,1.05817,1.05847,1.46,1.20
2011.10.21 20:40:03.778,1.05817,1.05847,1.46,1.20
2011.10.21 20:40:07.027,1.05817,1.05847,1.46,1.20
2011.10.21 20:40:07.480,1.05817,1.05847,1.46,1.20
2011.10.21 20:40:07.921,1.05817,1.05846,1.46,3.00
2011.10.21 20:40:10.277,1.05817,1.05846,1.46,3.00
2011.10.21 20:40:15.887,1.05817,1.05846,1.46,3.00
2011.10.21 20:40:17.066,1.05817,1.05846,1.46,3.00
2011.10.21 20:40:17.300,1.05819,1.05846,2.58,3.00
2011.10.21 20:40:17.419,1.05821,1.05849,1.01,3.38
2011.10.21 20:40:20.366,1.0582,1.05849,1.38,3.83
2011.10.21 20:40:21.150,1.05821,1.05849,1.01,3.83
2011.10.21 20:40:22.153,1.0582,1.05849,1.13,3.83
2011.10.21 20:40:22.708,1.05817,1.05849,1.20,3.83
2011.10.21 20:40:23.616,1.05817,1.05849,1.20,3.83
2011.10.21 20:40:27.275,1.05817,1.05849,1.20,3.83
2011.10.21 20:40:30.057,1.05816,1.05844,1.01,1.50
2011.10.21 20:40:30.178,1.05816,1.05844,1.01,1.50
2011.10.21 20:40:34.056,1.05817,1.05844,1.01,1.50
2011.10.21 20:40:34.621,1.05817,1.05845,1.01,1.20
2011.10.21 20:40:36.846,1.05815,1.05842,1.01,1.20
2011.10.21 20:40:40.200,1.05814,1.05842,1.01,1.20
2011.10.21 20:40:40.440,1.05809,1.05839,1.20,1.20
2011.10.21 20:40:40.920,1.05809,1.05839,1.20,1.20
2011.10.21 20:40:41.268,1.05809,1.05839,1.20,1.20
2011.10.21 20:40:41.860,1.05809,1.05839,1.20,1.20
2011.10.21 20:40:42.429,1.05809,1.05839,1.20,1.20
2011.10.21 20:40:43.069,1.05805,1.05837,1.46,1.20
2011.10.21 20:40:43.628,1.05805,1.05837,1.20,1.20
2011.10.21 20:40:45.817,1.05805,1.05837,1.20,1.20
2011.10.21 20:40:47.968,1.05805,1.05837,3.71,1.20
2011.10.21 20:40:48.542,1.05806,1.05837,1.01,1.20
2011.10.21 20:40:49.310,1.05806,1.05837,1.01,1.20
2011.10.21 20:40:52.058,1.05806,1.05837,1.01,1.20
2011.10.21 20:40:52.177,1.05806,1.05837,1.01,1.20
2011.10.21 20:40:53.706,1.05806,1.05837,1.01,1.20
2011.10.21 20:40:56.289,1.05806,1.05837,1.01,1.20
2011.10.21 20:41:03.062,1.05805,1.05833,1.20,1.50
2011.10.21 20:41:03.628,1.05803,1.05835,1.20,1.20
2011.10.21 20:41:03.975,1.05799,1.05828,1.13,1.20
2011.10.21 20:41:04.211,1.05801,1.05828,1.23,1.20
2011.10.21 20:41:04.560,1.05825,1.05848,1.20,1.50
2011.10.21 20:41:04.678,1.05825,1.05852,1.20,1.50
2011.10.21 20:41:05.239,1.05824,1.05848,1.20,1.50
2011.10.21 20:41:05.469,1.05815,1.05845,1.93,1.20
2011.10.21 20:41:05.710,1.05815,1.05845,1.20,1.20
2011.10.21 20:41:06.441,1.05815,1.05845,1.20,1.20
2011.10.21 20:41:08.919,1.05815,1.05845,1.20,1.20
2011.10.21 20:41:09.479,1.05814,1.05843,1.50,1.20
2011.10.21 20:41:14.198,1.05811,1.05843,1.46,1.20
2011.10.21 20:41:14.321,1.05812,1.05843,1.01,1.20
2011.10.21 20:41:14.889,1.05816,1.05842,1.20,1.20
2011.10.21 20:41:16.298,1.05819,1.05849,1.20,3.45
2011.10.21 20:41:16.828,1.05818,1.05849,1.20,1.58
2011.10.21 20:41:17.389,1.05819,1.05849,1.20,1.58
2011.10.21 20:41:19.820,1.05815,1.05846,1.20,1.20
2011.10.21 20:41:20.388,1.05812,1.05844,1.20,1.20
2011.10.21 20:41:20.743,1.05831,1.05859,1.80,1.50
2011.10.21 20:41:20.865,1.05827,1.05857,1.50,1.20
2011.10.21 20:41:20.991,1.05826,1.05851,1.23,3.00
2011.10.21 20:41:21.114,1.05822,1.05851,1.20,3.00
2011.10.21 20:41:21.230,1.05821,1.05851,1.20,3.45
2011.10.21 20:41:23.546,1.05815,1.05847,1.20,3.45
2011.10.21 20:41:23.673,1.05815,1.05845,1.20,1.20
2011.10.21 20:41:23.939,1.05815,1.05845,1.20,1.20
2011.10.21 20:41:25.008,1.05815,1.05845,1.20,1.20
2011.10.21 20:41:25.458,1.0582,1.0585,1.20,1.20
2011.10.21 20:41:28.028,1.05823,1.05852,1.20,1.13
2011.10.21 20:41:28.642,1.05823,1.05852,1.20,1.13
2011.10.21 20:41:32.168,1.05821,1.05852,1.20,1.13
2011.10.21 20:41:32.291,1.05821,1.0585,1.20,1.20
2011.10.21 20:41:32.408,1.05817,1.05848,1.20,1.20
2011.10.21 20:41:32.750,1.05813,1.05845,1.28,1.20
2011.10.21 20:41:33.269,1.05814,1.05845,1.20,1.20
2011.10.21 20:41:33.848,1.05813,1.05845,1.65,1.20
2011.10.21 20:41:34.387,1.05814,1.05845,1.20,1.20
2011.10.21 20:41:34.957,1.05813,1.05845,1.65,1.20
2011.10.21 20:41:35.568,1.05814,1.05845,1.20,1.20
2011.10.21 20:41:40.638,1.05814,1.05845,1.20,1.20
2011.10.21 20:41:40.758,1.05814,1.05845,1.20,1.20
2011.10.21 20:41:41.583,1.05813,1.05845,1.65,1.20
2011.10.21 20:41:41.702,1.05812,1.05842,1.20,1.20
2011.10.21 20:41:41.931,1.05811,1.05843,1.65,3.00
2011.10.21 20:41:42.051,1.05819,1.05849,1.20,1.20
2011.10.21 20:41:42.681,1.05821,1.05852,1.20,1.58
2011.10.21 20:41:47.226,1.05822,1.05852,1.20,1.58
2011.10.21 20:41:48.420,1.05824,1.05852,1.20,1.58
2011.10.21 20:41:48.541,1.05828,1.05856,1.20,1.50
2011.10.21 20:41:48.878,1.05826,1.05856,1.65,1.50
2011.10.21 20:41:49.219,1.05831,1.05856,4.50,1.88
2011.10.21 20:41:54.688,1.05828,1.05856,1.68,4.13
2011.10.21 20:41:54.808,1.05824,1.05856,1.38,3.75
2011.10.21 20:41:55.148,1.05823,1.05856,1.65,3.75
2011.10.21 20:41:55.707,1.05822,1.05855,1.65,1.50
2011.10.21 20:41:58.039,1.05827,1.05855,1.20,1.50
2011.10.21 20:41:58.270,1.05823,1.05855,1.16,3.00
2011.10.21 20:41:58.389,1.05827,1.05855,1.20,3.00
2011.10.21 20:41:59.073,1.05825,1.05857,1.20,1.20
2011.10.21 20:42:00.600,1.0582,1.05852,1.20,1.20
2011.10.21 20:42:01.048,1.0582,1.05852,1.20,1.20
2011.10.21 20:42:01.802,1.0582,1.05852,1.20,1.20
2011.10.21 20:42:02.809,1.05818,1.05848,1.20,1.20
2011.10.21 20:42:02.929,1.05819,1.05851,1.20,1.20
2011.10.21 20:42:05.080,1.05826,1.05856,1.20,1.95
2011.10.21 20:42:07.078,1.05826,1.05856,1.20,1.50
2011.10.21 20:42:12.868,1.05823,1.05856,1.65,1.50
2011.10.21 20:42:12.992,1.05822,1.05854,1.20,1.20
2011.10.21 20:42:13.109,1.0582,1.05851,1.20,1.20
2011.10.21 20:42:13.342,1.05818,1.05845,1.01,2.70
2011.10.21 20:42:13.677,1.0581,1.05842,1.46,1.95
2011.10.21 20:42:14.237,1.05809,1.05841,1.16,1.50
2011.10.21 20:42:15.551,1.0581,1.05841,1.46,1.50
2011.10.21 20:42:15.674,1.0581,1.05842,1.46,1.50
2011.10.21 20:42:16.284,1.05817,1.05848,2.28,2.25
2011.10.21 20:42:16.519,1.0582,1.0585,1.20,1.20
2011.10.21 20:42:17.078,1.05818,1.0585,1.83,1.20
2011.10.21 20:42:17.747,1.05818,1.0585,1.08,1.20
2011.10.21 20:42:18.660,1.05819,1.0585,1.58,1.20
2011.10.21 20:42:19.547,1.05821,1.05853,1.08,1.20
2011.10.21 20:42:22.211,1.0582,1.05854,1.53,1.20
2011.10.21 20:42:24.128,1.05819,1.05851,2.28,1.20
2011.10.21 20:42:26.165,1.05825,1.05856,2.70,1.20
2011.10.21 20:42:27.501,1.05828,1.05862,1.20,1.65
2011.10.21 20:42:27.621,1.05833,1.05863,1.20,1.95
2011.10.21 20:42:27.743,1.05833,1.05864,1.20,1.20
2011.10.21 20:42:28.078,1.05828,1.05861,1.65,1.20
2011.10.21 20:42:28.868,1.05831,1.05861,4.50,1.20
2011.10.21 20:42:31.961,1.05851,1.05864,4.50,2.40
2011.10.21 20:42:32.519,1.05851,1.05867,4.50,1.50
2011.10.21 20:42:35.122,1.05839,1.05867,1.23,1.95
2011.10.21 20:42:35.243,1.05833,1.05863,1.20,1.20
2011.10.21 20:42:36.474,1.05842,1.05864,1.23,1.50
2011.10.21 20:42:36.830,1.05856,1.05878,2.25,2.25
2011.10.21 20:42:38.780,1.05856,1.05884,2.25,1.20
2011.10.21 20:42:41.139,1.05856,1.05883,2.25,1.50
2011.10.21 20:42:41.259,1.05856,1.05883,2.25,1.50
2011.10.21 20:42:43.161,1.05856,1.05883,2.25,1.50
2011.10.21 20:42:43.922,1.05856,1.05883,2.25,1.50
2011.10.21 20:42:47.658,1.05852,1.0588,1.20,3.00
2011.10.21 20:42:47.890,1.05842,1.05871,1.98,1.65
2011.10.21 20:42:48.009,1.05842,1.05867,1.23,1.20
2011.10.21 20:42:48.819,1.05839,1.05868,4.50,1.20
2011.10.21 20:42:50.278,1.05839,1.05867,4.50,1.20
2011.10.21 20:42:50.418,1.05839,1.05867,4.50,1.20
2011.10.21 20:42:51.852,1.05851,1.05869,4.50,1.50
2011.10.21 20:42:52.191,1.05851,1.05873,4.50,1.50
2011.10.21 20:42:52.998,1.05851,1.05874,4.50,1.50
2011.10.21 20:42:53.448,1.05851,1.05874,4.50,1.50
2011.10.21 20:42:54.010,1.05851,1.05875,4.50,1.58
2011.10.21 20:42:54.371,1.05849,1.05874,1.23,1.13
2011.10.21 20:42:56.189,1.05848,1.05872,4.50,1.20
2011.10.21 20:42:57.198,1.05847,1.05872,4.50,1.95
2011.10.21 20:42:58.471,1.05851,1.05872,4.50,1.95
2011.10.21 20:42:59.032,1.05851,1.05872,4.50,1.20
2011.10.21 20:43:03.473,1.05855,1.05872,2.25,1.20
2011.10.21 20:43:03.820,1.05856,1.05882,1.50,1.50
2011.10.21 20:43:05.939,1.05856,1.05882,1.50,1.50
2011.10.21 20:43:06.280,1.05856,1.05882,1.50,1.50
2011.10.21 20:43:06.619,1.05856,1.05883,1.50,2.70
2011.10.21 20:43:08.540,1.05856,1.05883,1.50,1.20
2011.10.21 20:43:09.267,1.05856,1.05883,1.50,1.28
2011.10.21 20:43:09.620,1.05856,1.05883,1.50,1.35
2011.10.21 20:43:17.088,1.05855,1.05886,3.00,2.93
2011.10.21 20:43:17.324,1.05855,1.05882,3.00,1.41
2011.10.21 20:43:17.677,1.05845,1.05866,1.50,1.20
2011.10.21 20:43:17.798,1.05842,1.05866,4.50,1.50
2011.10.21 20:43:18.949,1.05846,1.05867,4.50,1.50
2011.10.21 20:43:19.531,1.05846,1.05869,4.50,2.25
2011.10.21 20:43:20.228,1.05846,1.05873,4.50,1.58
2011.10.21 20:43:20.358,1.05846,1.05873,4.50,1.20
2011.10.21 20:43:21.178,1.05846,1.05871,4.50,1.95
2011.10.21 20:43:21.961,1.05846,1.0587,4.50,1.13
2011.10.21 20:43:26.308,1.05855,1.05871,3.00,1.50
2011.10.21 20:43:26.431,1.05855,1.05879,3.00,1.50
2011.10.21 20:43:26.549,1.05859,1.05884,1.50,2.25
2011.10.21 20:43:30.707,1.05855,1.05886,3.00,1.95
2011.10.21 20:43:37.648,1.05852,1.05879,2.78,1.50
2011.10.21 20:43:37.770,1.05845,1.05876,2.78,1.13
2011.10.21 20:43:37.890,1.05845,1.05874,1.50,1.20
2011.10.21 20:43:38.011,1.05843,1.05874,1.23,1.58
2011.10.21 20:43:38.788,1.05845,1.05876,1.50,2.03
2011.10.21 20:43:39.402,1.05845,1.05874,1.95,1.13
2011.10.21 20:43:40.295,1.05845,1.05873,1.20,1.50
2011.10.21 20:43:40.837,1.05843,1.05873,1.95,1.95
2011.10.21 20:43:41.968,1.05845,1.05874,1.95,1.13
2011.10.21 20:43:44.178,1.05856,1.05873,2.25,1.50
2011.10.21 20:43:44.518,1.05858,1.05885,1.50,1.95
2011.10.21 20:43:50.792,1.05854,1.05879,1.20,3.00
2011.10.21 20:43:51.020,1.05842,1.05869,1.23,1.20
2011.10.21 20:43:51.141,1.05839,1.05867,5.70,1.13
2011.10.21 20:43:51.479,1.05846,1.05868,1.20,1.50
2011.10.21 20:43:51.599,1.05846,1.05873,1.20,1.50
2011.10.21 20:43:52.059,1.05847,1.05876,1.50,1.20
2011.10.21 20:43:56.399,1.05846,1.05874,4.95,1.50
2011.10.21 20:44:07.818,1.05848,1.05874,1.50,1.20
2011.10.21 20:44:08.168,1.05854,1.05879,4.50,1.20
2011.10.21 20:44:15.910,1.05854,1.05879,4.50,1.50
2011.10.21 20:44:16.036,1.05849,1.05879,3.93,1.50
2011.10.21 20:44:16.162,1.05849,1.05878,3.00,1.20
2011.10.21 20:44:16.609,1.05846,1.05878,4.95,1.20
2011.10.21 20:44:19.902,1.05849,1.05876,1.20,1.13
2011.10.21 20:44:20.259,1.05866,1.05888,4.50,1.50
2011.10.21 20:44:20.385,1.05861,1.05883,4.50,1.13
2011.10.21 20:44:21.694,1.05861,1.05874,4.50,2.70
2011.10.21 20:44:21.817,1.05846,1.05874,4.50,3.45
2011.10.21 20:44:22.067,1.05848,1.05874,1.50,2.25
2011.10.21 20:44:22.195,1.05848,1.05877,1.50,1.20
2011.10.21 20:44:22.758,1.05849,1.0588,1.20,1.20
2011.10.21 20:44:23.208,1.05847,1.05879,1.20,1.20
2011.10.21 20:44:24.190,1.0585,1.05881,1.65,1.50
2011.10.21 20:44:24.418,1.0585,1.05883,1.65,1.20
2011.10.21 20:44:24.853,1.0585,1.05883,1.65,1.20
2011.10.21 20:44:24.969,1.05855,1.05885,1.20,1.20
2011.10.21 20:44:25.090,1.05866,1.05885,4.50,1.20
2011.10.21 20:44:25.662,1.05866,1.0589,4.50,1.50
2011.10.21 20:44:29.847,1.05866,1.0589,4.50,1.50
2011.10.21 20:44:30.180,1.05866,1.0589,4.50,1.50
2011.10.21 20:44:33.148,1.05866,1.0589,4.50,1.50
2011.10.21 20:44:33.658,1.05866,1.0589,4.50,1.50
2011.10.21 20:44:34.001,1.05866,1.05885,3.75,1.50
2011.10.21 20:44:34.120,1.05866,1.05885,3.75,1.20
2011.10.21 20:44:34.600,1.0585,1.05885,1.65,1.20
2011.10.21 20:44:35.851,1.05849,1.05885,1.65,1.58
2011.10.21 20:44:35.970,1.05849,1.05882,1.65,1.20
2011.10.21 20:44:36.569,1.05849,1.05882,1.65,1.20
2011.10.21 20:44:37.090,1.05848,1.05878,1.20,1.20
2011.10.21 20:44:38.021,1.05866,1.0588,4.50,1.65
2011.10.21 20:44:38.142,1.05866,1.05881,4.50,1.50
2011.10.21 20:44:38.265,1.05866,1.05885,4.50,2.25
2011.10.21 20:44:38.396,1.05858,1.05884,1.23,1.28
2011.10.21 20:44:38.522,1.05845,1.05878,1.30,1.20
2011.10.21 20:44:38.640,1.05843,1.05875,2.03,1.20
2011.10.21 20:44:38.761,1.05841,1.05873,1.20,1.20
2011.10.21 20:44:38.879,1.05841,1.05873,1.20,1.20
2011.10.21 20:44:40.400,1.05843,1.05875,1.95,1.20
2011.10.21 20:44:41.672,1.05843,1.05875,1.95,1.20
2011.10.21 20:44:41.791,1.05843,1.05875,1.20,1.20
2011.10.21 20:44:43.290,1.05844,1.05875,2.25,1.20
2011.10.21 20:44:43.412,1.05858,1.05876,4.50,1.88
2011.10.21 20:44:43.649,1.05858,1.05884,4.50,2.25
2011.10.21 20:44:43.890,1.05858,1.05886,4.50,1.20
2011.10.21 20:44:44.014,1.05852,1.05879,1.38,1.50
2011.10.21 20:44:45.558,1.05849,1.05883,1.65,1.20
2011.10.21 20:44:47.721,1.05846,1.05882,2.28,1.20
2011.10.21 20:44:47.838,1.05846,1.0588,2.28,1.20
2011.10.21 20:44:48.178,1.05846,1.0588,2.03,1.20
2011.10.21 20:44:49.939,1.05846,1.0588,1.65,1.20
2011.10.21 20:44:52.418,1.05846,1.0588,2.40,1.20
2011.10.21 20:44:52.539,1.05852,1.05882,1.20,1.65
2011.10.21 20:44:53.959,1.05852,1.05874,1.20,2.25
2011.10.21 20:44:54.309,1.05834,1.05862,2.43,1.50
2011.10.21 20:44:54.431,1.05834,1.05859,1.20,1.50
2011.10.21 20:45:01.099,1.05834,1.05861,1.20,1.50
2011.10.21 20:45:01.549,1.05832,1.05861,1.20,1.50
2011.10.21 20:45:01.780,1.05832,1.0586,1.20,1.50
2011.10.21 20:45:10.125,1.05829,1.05857,4.95,1.50
2011.10.21 20:45:10.253,1.05827,1.05857,1.65,1.50
2011.10.21 20:45:16.230,1.05829,1.05857,1.20,1.50
2011.10.21 20:45:16.788,1.05831,1.05859,1.58,1.50
2011.10.21 20:45:17.349,1.05831,1.0586,1.58,1.50
2011.10.21 20:45:17.700,1.05832,1.05861,2.33,1.50
2011.10.21 20:45:26.401,1.05833,1.05862,4.98,1.20
2011.10.21 20:45:26.521,1.05833,1.05862,4.98,1.20
2011.10.21 20:45:28.150,1.05831,1.05862,1.20,1.95
2011.10.21 20:45:28.655,1.05829,1.0586,1.95,1.50
2011.10.21 20:45:31.722,1.05827,1.05852,1.65,1.13
2011.10.21 20:45:32.083,1.05825,1.05854,4.50,1.20
2011.10.21 20:45:32.202,1.05826,1.05855,1.20,1.50
2011.10.21 20:45:33.358,1.05825,1.05855,4.95,1.50
2011.10.21 20:45:33.809,1.05825,1.05853,4.50,1.20
2011.10.21 20:45:37.518,1.05825,1.05851,4.50,1.20
2011.10.21 20:45:40.909,1.05821,1.05851,1.68,1.20
2011.10.21 20:45:41.468,1.05821,1.05851,1.20,1.20
2011.10.21 20:45:42.379,1.05821,1.05853,1.65,1.50
2011.10.21 20:45:42.499,1.05821,1.05853,1.65,1.50
2011.10.21 20:45:48.227,1.05821,1.05853,1.65,1.50
2011.10.21 20:45:51.539,1.05825,1.05855,1.20,1.20
2011.10.21 20:45:52.178,1.05825,1.05857,1.20,1.20
2011.10.21 20:45:57.880,1.05821,1.05857,2.38,1.65
2011.10.21 20:45:58.000,1.05821,1.05855,1.91,1.20
2011.10.21 20:45:58.228,1.05821,1.05855,1.91,1.20
2011.10.21 20:46:06.028,1.05821,1.05855,1.91,1.20
2011.10.21 20:46:06.587,1.05821,1.05855,1.91,1.20
2011.10.21 20:46:09.289,1.05821,1.05851,1.46,1.20
2011.10.21 20:46:11.681,1.05821,1.05851,1.46,1.20
2011.10.21 20:46:13.957,1.05821,1.05851,1.46,1.20
2011.10.21 20:46:28.969,1.05821,1.05851,1.46,1.20
2011.10.21 20:46:29.418,1.05821,1.05851,1.20,1.20
2011.10.21 20:46:32.494,1.05821,1.05852,1.65,1.65
2011.10.21 20:46:32.613,1.05821,1.05852,1.38,1.20
2011.10.21 20:46:32.949,1.0582,1.05852,1.65,1.20
2011.10.21 20:46:34.318,1.0582,1.05852,1.65,1.20
2011.10.21 20:46:35.848,1.0582,1.05849,1.20,1.20
2011.10.21 20:46:39.340,1.05836,1.05861,1.20,1.20
2011.10.21 20:46:39.690,1.05828,1.05854,1.20,1.20
2011.10.21 20:46:40.579,1.05828,1.05852,1.20,1.20
2011.10.21 20:46:40.921,1.05823,1.05851,1.20,1.20
2011.10.21 20:46:41.850,1.05823,1.05851,1.20,1.20
2011.10.21 20:46:43.081,1.05821,1.05851,1.20,1.20
2011.10.21 20:46:47.309,1.05832,1.0585,4.50,1.20
2011.10.21 20:46:47.431,1.05832,1.05854,4.50,1.20
2011.10.21 20:46:47.551,1.05832,1.05857,4.50,1.20
2011.10.21 20:46:48.112,1.05832,1.05858,4.50,1.13
2011.10.21 20:46:48.627,1.05832,1.05858,4.50,1.88
2011.10.21 20:46:48.757,1.05825,1.05855,2.63,2.03
2011.10.21 20:46:48.882,1.05822,1.05855,1.98,2.78
2011.10.21 20:46:49.003,1.05821,1.05853,1.20,1.20
2011.10.21 20:46:50.370,1.05818,1.05853,1.65,1.20
2011.10.21 20:46:50.709,1.05815,1.05846,1.20,1.20
2011.10.21 20:46:51.383,1.0581,1.05843,1.16,1.20
2011.10.21 20:46:51.610,1.05807,1.05841,1.16,1.20
2011.10.21 20:46:51.731,1.05807,1.05841,1.16,1.20
2011.10.21 20:46:51.848,1.05807,1.05841,1.16,1.20
2011.10.21 20:46:53.482,1.05806,1.05839,1.46,1.20
2011.10.21 20:46:53.833,1.05805,1.05839,1.16,3.45
2011.10.21 20:46:53.953,1.05804,1.05836,1.16,1.20
2011.10.21 20:46:55.451,1.05804,1.05833,1.16,3.00
2011.10.21 20:46:55.570,1.05804,1.05833,1.16,3.00
2011.10.21 20:46:55.912,1.05807,1.05832,1.01,1.20
2011.10.21 20:47:07.308,1.05805,1.05833,1.01,1.20
2011.10.21 20:47:07.428,1.05802,1.05833,1.83,1.20
2011.10.21 20:47:10.898,1.05805,1.05835,1.46,1.20
2011.10.21 20:47:11.658,1.05805,1.05835,1.46,1.20
2011.10.21 20:47:11.778,1.05807,1.05835,1.01,1.20
2011.10.21 20:47:13.798,1.05807,1.05835,1.01,1.20
2011.10.21 20:47:17.729,1.05807,1.05835,1.38,1.20
2011.10.21 20:47:19.047,1.05807,1.05835,1.38,1.20
2011.10.21 20:47:19.392,1.05807,1.05839,1.83,1.20
2011.10.21 20:47:19.511,1.05809,1.05841,1.16,1.20
2011.10.21 20:47:19.850,1.05812,1.05841,1.01,1.20
2011.10.21 20:47:25.261,1.05805,1.05836,1.01,1.20
2011.10.21 20:47:25.489,1.05801,1.05832,1.48,1.20
2011.10.21 20:47:25.608,1.05801,1.05832,1.01,1.20
2011.10.21 20:47:26.928,1.05801,1.05832,1.01,1.20
2011.10.21 20:47:29.342,1.05802,1.05831,1.01,1.20
2011.10.21 20:47:29.461,1.05802,1.05831,1.01,1.20
2011.10.21 20:47:29.583,1.05808,1.05841,1.16,1.20
2011.10.21 20:47:29.700,1.05808,1.05841,1.16,1.20
2011.10.21 20:47:29.928,1.05808,1.05843,1.16,1.20
2011.10.21 20:47:30.525,1.05808,1.05843,1.16,1.20
2011.10.21 20:47:31.778,1.0581,1.05843,1.16,1.20
2011.10.21 20:47:35.862,1.05815,1.05841,1.01,1.50
2011.10.21 20:47:36.090,1.05812,1.05836,1.08,1.20
2011.10.21 20:47:37.238,1.05811,1.05835,1.38,1.20
2011.10.21 20:47:38.628,1.05806,1.05835,1.38,1.20
2011.10.21 20:47:38.968,1.05806,1.05835,1.38,1.20
2011.10.21 20:47:42.185,1.05806,1.05835,1.38,1.20
2011.10.21 20:47:44.161,1.05806,1.05835,1.38,1.20
2011.10.21 20:47:44.280,1.05808,1.05837,1.16,3.00
2011.10.21 20:47:44.400,1.05809,1.05845,1.16,1.20
2011.10.21 20:47:45.306,1.0582,1.05849,2.25,1.65
2011.10.21 20:47:45.435,1.05831,1.05859,1.20,1.50
2011.10.21 20:47:46.789,1.0583,1.05859,1.20,1.50
2011.10.21 20:47:47.609,1.05829,1.05859,1.65,1.50
2011.10.21 20:47:47.948,1.05829,1.05859,1.65,1.50
2011.10.21 20:47:49.190,1.05833,1.05864,1.65,2.25
2011.10.21 20:47:50.492,1.05832,1.05864,1.65,2.70
2011.10.21 20:47:50.960,1.05825,1.05858,3.03,1.50
2011.10.21 20:47:51.081,1.05823,1.05857,1.20,1.50
2011.10.21 20:47:53.503,1.05824,1.05862,1.20,1.20
2011.10.21 20:47:55.520,1.05824,1.05864,1.20,1.20
2011.10.21 20:47:55.638,1.05827,1.05865,1.20,1.50
2011.10.21 20:47:56.311,1.05827,1.05861,1.65,1.50
2011.10.21 20:47:56.689,1.05827,1.05865,1.65,1.50
2011.10.21 20:47:57.408,1.05826,1.05865,1.20,1.50
2011.10.21 20:47:57.641,1.05826,1.05861,1.20,1.50
2011.10.21 20:47:57.760,1.05826,1.05865,1.20,1.50
2011.10.21 20:48:01.779,1.05829,1.05868,1.20,1.50
2011.10.21 20:48:08.050,1.05827,1.05868,1.91,1.50
2011.10.21 20:48:13.423,1.05845,1.05871,1.20,1.20
2011.10.21 20:48:13.545,1.0585,1.05877,1.20,1.50
2011.10.21 20:48:13.671,1.05852,1.05864,1.20,1.50
2011.10.21 20:48:13.902,1.05855,1.05889,2.03,1.65
2011.10.21 20:48:15.230,1.05854,1.05888,1.58,1.20
2011.10.21 20:48:15.591,1.05852,1.05871,2.25,1.58
2011.10.21 20:48:15.951,1.05852,1.0587,2.25,1.50
2011.10.21 20:48:16.650,1.05852,1.05872,2.25,1.20
2011.10.21 20:48:18.601,1.05852,1.05873,2.25,1.50
2011.10.21 20:48:19.159,1.05852,1.05869,2.25,1.20
2011.10.21 20:48:19.285,1.05833,1.05869,1.23,1.65
2011.10.21 20:48:19.400,1.05827,1.05863,2.13,1.65
2011.10.21 20:48:19.629,1.05827,1.05863,1.38,1.65
2011.10.21 20:48:22.708,1.05825,1.05861,1.38,1.65
2011.10.21 20:48:22.829,1.05824,1.05858,1.13,1.65
2011.10.21 20:48:23.179,1.05825,1.05859,1.13,1.65
2011.10.21 20:48:24.541,1.05825,1.05859,1.38,1.65
2011.10.21 20:48:29.029,1.05825,1.05859,1.83,1.20
2011.10.21 20:48:29.151,1.05827,1.05864,1.20,1.20
2011.10.21 20:48:33.278,1.05826,1.05864,1.46,1.65
2011.10.21 20:48:33.400,1.05826,1.05862,1.01,1.65
2011.10.21 20:48:41.222,1.05837,1.05863,1.20,1.20
2011.10.21 20:48:41.344,1.0585,1.05868,1.20,1.50
2011.10.21 20:48:41.461,1.05854,1.05889,3.15,2.40
2011.10.21 20:48:41.799,1.05856,1.05895,1.65,1.65
2011.10.21 20:48:42.141,1.05843,1.05877,1.38,1.20
2011.10.21 20:48:42.370,1.05832,1.05867,1.01,1.65
2011.10.21 20:48:44.808,1.05834,1.05867,1.20,1.65
2011.10.21 20:48:50.999,1.05831,1.05866,2.28,1.20
2011.10.21 20:48:51.435,1.05831,1.05866,1.38,1.65
2011.10.21 20:48:51.563,1.05827,1.05862,1.83,1.65
2011.10.21 20:48:53.905,1.05828,1.05862,1.08,1.65
2011.10.21 20:48:54.141,1.05828,1.05864,1.53,1.20
2011.10.21 20:48:54.262,1.05834,1.05871,1.46,1.65
2011.10.21 20:48:54.600,1.05834,1.05872,1.91,1.20
2011.10.21 20:48:54.719,1.05834,1.05871,1.91,1.20
2011.10.21 20:48:55.572,1.05835,1.05871,1.16,1.65
2011.10.21 20:48:56.242,1.05857,1.05871,0.75,1.65
2011.10.21 20:48:56.910,1.05859,1.05871,0.75,1.65
2011.10.21 20:48:57.031,1.05835,1.05871,1.16,1.65
2011.10.21 20:49:07.739,1.05833,1.05868,1.46,1.65
2011.10.21 20:49:08.081,1.05826,1.05859,1.46,1.20
2011.10.21 20:49:09.058,1.05828,1.05861,1.20,1.65
2011.10.21 20:49:10.841,1.05828,1.05862,1.20,1.20
2011.10.21 20:49:11.399,1.05828,1.05864,1.20,1.20
2011.10.21 20:49:12.224,1.0583,1.05869,1.50,2.40
2011.10.21 20:49:12.727,1.05831,1.05869,1.20,2.40
2011.10.21 20:49:12.855,1.05832,1.05869,1.20,2.40
2011.10.21 20:49:17.988,1.05834,1.05869,1.16,1.65
2011.10.21 20:49:25.462,1.05838,1.05871,1.28,1.20
2011.10.21 20:49:25.690,1.05838,1.05872,1.28,1.65
2011.10.21 20:49:27.370,1.05839,1.05878,1.20,1.65
2011.10.21 20:49:27.708,1.05843,1.05878,3.41,1.65
2011.10.21 20:49:29.119,1.05842,1.05878,1.16,1.65
2011.10.21 20:49:29.728,1.0584,1.05875,1.91,1.20
2011.10.21 20:49:31.407,1.0584,1.05873,2.28,1.20
2011.10.21 20:49:31.527,1.05841,1.05874,1.16,1.20
2011.10.21 20:49:32.087,1.05841,1.05875,1.16,1.65
2011.10.21 20:49:38.051,1.05841,1.05874,1.16,1.20
2011.10.21 20:49:38.168,1.0584,1.05875,1.16,1.65
2011.10.21 20:49:39.310,1.05837,1.05875,1.16,1.65
2011.10.21 20:49:39.867,1.05837,1.05871,1.16,1.20
2011.10.21 20:49:41.388,1.05837,1.05871,1.16,1.20
2011.10.21 20:49:41.731,1.05832,1.05869,1.46,1.65
2011.10.21 20:49:42.309,1.05829,1.05864,1.16,1.20
2011.10.21 20:49:43.526,1.05829,1.05865,1.16,1.20
2011.10.21 20:49:43.879,1.05831,1.05868,3.15,1.20
2011.10.21 20:49:44.300,1.05835,1.05872,1.65,1.95
2011.10.21 20:49:44.639,1.05844,1.0588,3.15,1.65
2011.10.21 20:49:47.244,1.05847,1.05882,1.65,1.65
2011.10.21 20:49:52.323,1.05849,1.05881,2.70,1.20
2011.10.21 20:49:53.145,1.05843,1.0588,3.15,1.65
2011.10.21 20:49:57.668,1.05843,1.05881,3.15,1.95
2011.10.21 20:50:00.358,1.05845,1.05881,1.16,1.65
2011.10.21 20:50:01.328,1.05845,1.05879,1.16,1.20
2011.10.21 20:50:04.389,1.05842,1.05879,1.91,1.65
2011.10.21 20:50:06.250,1.0584,1.05878,1.53,1.65
2011.10.21 20:50:07.459,1.05839,1.05875,1.83,1.65
2011.10.21 20:50:07.992,1.05839,1.05875,1.83,1.65
2011.10.21 20:50:08.115,1.05839,1.05871,1.38,1.65
2011.10.21 20:50:08.484,1.05857,1.05891,1.16,1.20
2011.10.21 20:50:09.174,1.05854,1.05881,1.20,1.20
2011.10.21 20:50:09.292,1.05845,1.05876,1.20,1.50
2011.10.21 20:50:09.409,1.05841,1.05876,1.65,1.50
2011.10.21 20:50:09.530,1.0584,1.05874,1.20,1.65
2011.10.21 20:50:10.090,1.05838,1.05874,1.65,1.65
2011.10.21 20:50:11.713,1.05837,1.05874,1.95,1.65
2011.10.21 20:50:12.288,1.05837,1.05873,1.20,1.65
2011.10.21 20:50:13.729,1.05837,1.05874,1.95,2.03
2011.10.21 20:50:14.412,1.05839,1.05874,1.50,2.03
2011.10.21 20:50:14.754,1.05859,1.05876,1.28,1.50
2011.10.21 20:50:14.871,1.05863,1.05901,1.50,1.65
2011.10.21 20:50:15.651,1.05864,1.05901,1.20,1.65
2011.10.21 20:50:16.323,1.05867,1.05902,2.40,1.20
2011.10.21 20:50:16.890,1.0587,1.05908,1.20,1.65
2011.10.21 20:50:17.881,1.05872,1.05909,1.65,1.65
2011.10.21 20:50:18.615,1.05872,1.05908,4.95,2.03
2011.10.21 20:50:18.961,1.05878,1.05908,4.50,1.28
2011.10.21 20:50:19.310,1.05879,1.05911,1.20,1.20
2011.10.21 20:50:19.887,1.0588,1.05912,1.20,1.50
2011.10.21 20:50:20.739,1.0588,1.05912,1.95,1.13
2011.10.21 20:50:20.861,1.0588,1.05913,1.95,1.20
2011.10.21 20:50:20.981,1.0588,1.05912,1.20,1.58
2011.10.21 20:50:21.319,1.05879,1.05909,1.65,1.50
2011.10.21 20:50:21.551,1.05879,1.05911,1.65,1.20
2011.10.21 20:50:22.282,1.05871,1.05908,1.91,1.13
2011.10.21 20:50:22.730,1.05871,1.05908,1.91,1.58
2011.10.21 20:50:23.491,1.05871,1.05908,3.03,1.13
2011.10.21 20:50:24.184,1.05877,1.05912,1.65,1.20
2011.10.21 20:50:24.302,1.05879,1.0591,1.20,1.20
2011.10.21 20:50:24.859,1.05872,1.05909,1.91,1.50
2011.10.21 20:50:24.979,1.05873,1.05909,1.16,1.50
2011.10.21 20:50:25.679,1.05874,1.05912,1.65,1.20
2011.10.21 20:50:29.448,1.05873,1.05907,1.16,1.13
2011.10.21 20:50:29.900,1.05874,1.05912,1.28,1.20
2011.10.21 20:50:30.238,1.05882,1.05908,1.20,1.13
2011.10.21 20:50:31.238,1.05882,1.05908,1.20,1.13
2011.10.21 20:50:31.580,1.05893,1.05912,1.65,1.50
2011.10.21 20:50:31.701,1.05893,1.05926,1.65,1.20
2011.10.21 20:50:31.820,1.05899,1.05927,1.20,1.50
2011.10.21 20:50:31.942,1.05899,1.05936,1.46,1.65
2011.10.21 20:50:32.449,1.05899,1.05935,1.20,1.65
2011.10.21 20:50:32.681,1.05898,1.05934,1.20,1.65
2011.10.21 20:50:32.910,1.05899,1.05934,1.20,1.65
2011.10.21 20:50:35.149,1.05901,1.05937,1.20,1.65
2011.10.21 20:50:35.272,1.05904,1.0594,1.88,1.65
2011.10.21 20:50:35.510,1.05905,1.05946,2.43,1.20
2011.10.21 20:50:35.630,1.0591,1.05947,1.65,1.65
2011.10.21 20:50:35.861,1.05909,1.05945,1.20,1.65
2011.10.21 20:50:36.200,1.05905,1.05938,1.20,1.20
2011.10.21 20:50:36.538,1.05906,1.05941,1.65,1.20
2011.10.21 20:50:38.829,1.05908,1.05945,1.65,1.65
2011.10.21 20:50:41.455,1.05917,1.05954,1.08,1.65
2011.10.21 20:50:42.130,1.0592,1.05954,1.01,1.65
2011.10.21 20:50:43.993,1.0592,1.05949,1.01,1.20
2011.10.21 20:50:44.343,1.0591,1.05943,1.08,1.20
2011.10.21 20:50:44.459,1.0591,1.05943,1.08,1.65
2011.10.21 20:50:45.019,1.0591,1.05943,1.08,1.65
2011.10.21 20:50:45.691,1.0591,1.05943,1.08,1.65
2011.10.21 20:50:46.309,1.05911,1.05943,1.13,1.65
2011.10.21 20:50:46.648,1.05911,1.05943,1.83,1.20
2011.10.21 20:50:48.641,1.0591,1.05943,1.16,1.20
2011.10.21 20:50:55.754,1.05912,1.05949,1.20,1.65
2011.10.21 20:50:56.524,1.05925,1.05952,1.20,1.20
2011.10.21 20:50:56.646,1.05913,1.0595,2.03,2.40
2011.10.21 20:50:56.770,1.05913,1.05945,2.28,1.20
2011.10.21 20:50:57.001,1.0591,1.05945,1.65,2.70
2011.10.21 20:50:57.231,1.05911,1.05945,1.91,1.20
2011.10.21 20:50:59.469,1.05914,1.05948,1.65,1.20
2011.10.21 20:51:00.510,1.05914,1.05948,1.76,1.65
2011.10.21 20:51:04.061,1.05911,1.05943,1.20,1.20
2011.10.21 20:51:04.180,1.05906,1.0594,1.53,1.65
2011.10.21 20:51:04.632,1.05909,1.05943,1.28,1.20
2011.10.21 20:51:06.780,1.05914,1.05947,1.53,1.20
2011.10.21 20:51:09.740,1.05914,1.05947,1.53,1.20
2011.10.21 20:51:09.864,1.05916,1.05951,1.16,1.20
2011.10.21 20:51:12.300,1.05916,1.05952,1.16,1.20
2011.10.21 20:51:23.180,1.05923,1.05957,1.50,1.28
2011.10.21 20:51:23.303,1.0593,1.05963,1.46,1.20
2011.10.21 20:51:23.530,1.0593,1.05965,1.46,1.28
2011.10.21 20:51:24.421,1.0593,1.05967,1.20,1.65
2011.10.21 20:51:25.990,1.05931,1.0597,1.20,2.78
2011.10.21 20:51:26.350,1.05952,1.05974,1.01,1.50
2011.10.21 20:51:26.470,1.05952,1.05989,1.01,1.65
2011.10.21 20:51:26.711,1.05947,1.05984,1.46,1.65
2011.10.21 20:51:26.829,1.05945,1.05984,1.20,1.65
2011.10.21 20:51:27.169,1.05942,1.05977,1.20,1.20
2011.10.21 20:51:27.400,1.05939,1.05977,1.20,1.65
2011.10.21 20:51:27.628,1.05942,1.05979,1.13,1.65
2011.10.21 20:51:27.749,1.05942,1.05982,1.13,2.40
2011.10.21 20:51:28.660,1.05943,1.05982,1.13,2.40
2011.10.21 20:51:29.039,1.05945,1.05982,1.38,2.40
2011.10.21 20:51:30.864,1.05945,1.05984,2.13,1.65
2011.10.21 20:51:31.758,1.05945,1.05984,2.13,1.65
2011.10.21 20:51:31.879,1.05948,1.05984,1.38,1.65
2011.10.21 20:51:34.612,1.05948,1.05984,1.76,1.65
2011.10.21 20:51:34.734,1.05949,1.05985,1.76,1.65
2011.10.21 20:51:34.972,1.05952,1.05989,1.13,1.65
2011.10.21 20:51:35.528,1.05953,1.0599,1.38,1.65
2011.10.21 20:51:35.980,1.05956,1.0599,1.38,1.65
2011.10.21 20:51:36.539,1.05956,1.0599,1.38,1.65
2011.10.21 20:51:38.591,1.05956,1.0599,1.83,1.65
2011.10.21 20:51:38.928,1.05956,1.0599,1.01,1.65
2011.10.21 20:51:39.159,1.05954,1.0599,1.01,1.65
2011.10.21 20:51:39.280,1.05952,1.05985,1.46,1.65
2011.10.21 20:51:39.402,1.05946,1.05985,1.50,2.40
2011.10.21 20:51:39.749,1.05948,1.05982,1.20,1.65
2011.10.21 20:51:40.090,1.0595,1.05987,1.20,1.65
2011.10.21 20:51:40.429,1.05956,1.05987,1.50,1.65
2011.10.21 20:51:40.922,1.05957,1.05989,1.20,2.03
2011.10.21 20:51:43.562,1.05952,1.05988,1.20,1.28
2011.10.21 20:51:43.791,1.05952,1.05989,1.20,2.03
2011.10.21 20:51:45.072,1.05952,1.05987,1.95,1.65
2011.10.21 20:51:45.189,1.05954,1.05987,1.20,1.65
2011.10.21 20:51:45.420,1.05959,1.05996,1.50,1.65
2011.10.21 20:51:48.118,1.05959,1.05996,1.50,1.65
2011.10.21 20:51:48.458,1.05959,1.05996,1.50,1.65
2011.10.21 20:51:49.818,1.05957,1.05996,1.20,2.40
2011.10.21 20:51:50.668,1.05955,1.05996,1.20,2.40
2011.10.21 20:51:52.500,1.05955,1.05996,1.20,1.65
2011.10.21 20:51:55.681,1.05956,1.05997,1.20,1.65
2011.10.21 20:51:56.955,1.05955,1.05997,1.20,1.65
2011.10.21 20:51:58.939,1.05955,1.05996,1.20,1.65
2011.10.21 20:52:00.369,1.05954,1.05997,1.50,1.50
2011.10.21 20:52:02.820,1.05954,1.05979,1.50,1.13
2011.10.21 20:52:03.050,1.05943,1.0598,1.50,1.88
2011.10.21 20:52:04.911,1.05943,1.0598,1.50,1.88
2011.10.21 20:52:10.249,1.05947,1.05979,1.13,1.50
2011.10.21 20:52:10.480,1.05956,1.05979,1.50,1.50
2011.10.21 20:52:10.600,1.05956,1.0599,1.50,1.50
2011.10.21 20:52:12.841,1.05953,1.05989,1.50,1.13
2011.10.21 20:52:12.960,1.05952,1.05989,1.50,1.50
2011.10.21 20:52:13.299,1.05944,1.0598,1.50,1.50
2011.10.21 20:52:15.156,1.05949,1.05989,1.13,1.50
2011.10.21 20:52:15.281,1.05956,1.05991,1.50,1.50
2011.10.21 20:52:16.685,1.05958,1.05997,1.50,1.50
2011.10.21 20:52:17.446,1.05958,1.05993,1.50,1.13
2011.10.21 20:52:18.960,1.05958,1.05994,1.50,1.88
2011.10.21 20:52:19.085,1.05958,1.05991,1.50,1.13
2011.10.21 20:52:20.310,1.05957,1.05995,1.01,1.50
2011.10.21 20:52:20.762,1.05957,1.05995,1.01,1.50
2011.10.21 20:52:21.124,1.05961,1.05997,2.25,2.25
2011.10.21 20:52:21.351,1.0596,1.05999,1.01,1.50
2011.10.21 20:52:22.131,1.0596,1.05997,1.01,1.50
2011.10.21 20:52:22.249,1.05954,1.05991,1.50,1.50
2011.10.21 20:52:22.754,1.05946,1.05985,1.01,1.13
2011.10.21 20:52:22.878,1.05928,1.05969,1.01,1.50
2011.10.21 20:52:22.999,1.05927,1.05966,1.01,1.13
2011.10.21 20:52:23.229,1.05925,1.05966,1.01,1.13
2011.10.21 20:52:23.682,1.05961,1.05969,1.13,1.95
2011.10.21 20:52:23.810,1.05956,1.05967,0.75,1.50
2011.10.21 20:52:23.933,1.05905,1.05938,1.23,1.50
2011.10.21 20:52:24.056,1.05902,1.05933,1.01,1.50
2011.10.21 20:52:24.180,1.05897,1.05933,1.01,1.50
2011.10.21 20:52:24.299,1.05894,1.05933,1.01,1.50
2011.10.21 20:52:24.530,1.05891,1.05933,2.13,1.50
2011.10.21 20:52:25.353,1.05901,1.05933,2.13,1.50
2011.10.21 20:52:25.688,1.05901,1.05933,1.88,1.50
2011.10.21 20:52:26.249,1.05897,1.05934,1.01,1.13
2011.10.21 20:52:26.486,1.05895,1.05934,1.01,1.13
2011.10.21 20:52:27.801,1.0589,1.05929,1.50,1.50
2011.10.21 20:52:27.928,1.05899,1.05929,1.50,1.50
2011.10.21 20:52:29.128,1.05901,1.05929,1.50,1.50
2011.10.21 20:52:29.361,1.05896,1.05929,1.50,1.50
2011.10.21 20:52:29.481,1.0594,1.0596,1.20,0.75
2011.10.21 20:52:29.712,1.05944,1.05977,3.00,1.50
2011.10.21 20:52:29.830,1.05946,1.05991,1.50,1.50
2011.10.21 20:52:30.280,1.05953,1.05991,5.25,1.50
2011.10.21 20:52:31.279,1.05959,1.05991,1.23,1.50
2011.10.21 20:52:31.841,1.05946,1.0599,1.50,1.20
2011.10.21 20:52:31.961,1.05944,1.05985,1.50,1.58
2011.10.21 20:52:32.080,1.05944,1.05984,1.50,1.20
2011.10.21 20:52:32.439,1.05954,1.05988,3.75,1.13
2011.10.21 20:52:32.560,1.05954,1.0599,3.75,1.88
2011.10.21 20:52:32.790,1.05954,1.05991,3.75,1.50
2011.10.21 20:52:33.245,1.05954,1.05994,3.75,1.50
2011.10.21 20:52:33.722,1.05942,1.05994,1.50,1.50
2011.10.21 20:52:33.840,1.05942,1.05991,1.50,1.88
2011.10.21 20:52:34.290,1.05938,1.05987,3.00,1.20
2011.10.21 20:52:34.668,1.05947,1.05984,2.25,1.20
2011.10.21 20:52:34.790,1.05947,1.05987,3.00,1.20
2011.10.21 20:52:35.154,1.05949,1.05977,1.23,1.50
2011.10.21 20:52:35.389,1.05948,1.05985,1.98,2.63
2011.10.21 20:52:37.373,1.05949,1.05984,1.23,1.88
2011.10.21 20:52:40.589,1.05948,1.05985,1.23,1.50
2011.10.21 20:52:41.150,1.05949,1.05986,1.23,1.50
2011.10.21 20:52:42.421,1.0595,1.05987,1.50,2.25
2011.10.21 20:52:43.543,1.0595,1.05987,1.50,2.25
2011.10.21 20:52:43.662,1.0595,1.05988,1.13,1.50
2011.10.21 20:52:43.780,1.05942,1.05988,1.50,1.50
2011.10.21 20:52:46.110,1.0595,1.05987,1.23,1.13
2011.10.21 20:52:46.449,1.05954,1.05984,1.50,1.88
2011.10.21 20:52:48.190,1.05952,1.05984,1.50,1.50
2011.10.21 20:52:50.819,1.05949,1.05988,1.50,1.13
2011.10.21 20:52:51.932,1.05948,1.05988,1.13,1.13
2011.10.21 20:52:52.054,1.05951,1.05994,1.13,1.50
2011.10.21 20:52:52.388,1.05949,1.05986,1.13,1.88
2011.10.21 20:52:53.279,1.05949,1.05986,1.13,1.88
2011.10.21 20:52:54.541,1.05946,1.05985,1.01,1.13
2011.10.21 20:52:54.881,1.05946,1.05985,1.01,1.13
2011.10.21 20:52:55.000,1.05944,1.05984,1.01,1.50
2011.10.21 20:52:55.230,1.05944,1.05984,1.01,1.50
2011.10.21 20:52:56.298,1.05938,1.0598,1.01,1.13
2011.10.21 20:52:56.428,1.05935,1.05979,1.76,1.13
2011.10.21 20:52:56.932,1.05936,1.05978,1.01,1.50
2011.10.21 20:52:58.048,1.05937,1.05978,1.01,1.50
2011.10.21 20:52:58.171,1.05938,1.05978,1.50,1.50
2011.10.21 20:52:58.399,1.05945,1.05985,1.01,1.50
2011.10.21 20:52:58.738,1.05945,1.05985,1.01,1.50
2011.10.21 20:52:59.078,1.05945,1.05985,1.01,1.13
2011.10.21 20:53:00.538,1.05945,1.05985,1.01,1.13
2011.10.21 20:53:03.389,1.05945,1.05985,1.01,1.88
2011.10.21 20:53:04.508,1.05943,1.05985,2.13,1.13
2011.10.21 20:53:04.861,1.05946,1.05987,1.88,1.50
2011.10.21 20:53:05.438,1.05949,1.05987,1.01,1.50
2011.10.21 20:53:07.031,1.05949,1.05989,1.01,1.50
2011.10.21 20:53:07.704,1.05955,1.05993,1.13,1.50
2011.10.21 20:53:07.835,1.05956,1.05996,1.01,1.50
2011.10.21 20:53:08.304,1.05956,1.05995,1.01,1.50
2011.10.21 20:53:08.430,1.05956,1.05989,1.13,1.88
2011.10.21 20:53:08.998,1.05956,1.05989,1.13,1.88
2011.10.21 20:53:09.854,1.05961,1.05989,1.13,1.50
2011.10.21 20:53:10.092,1.05957,1.05996,1.13,1.50
2011.10.21 20:53:10.210,1.05956,1.05996,1.01,2.25
2011.10.21 20:53:10.332,1.05955,1.05988,1.01,1.13
2011.10.21 20:53:10.452,1.05943,1.05985,2.13,1.88
2011.10.21 20:53:10.681,1.05943,1.0598,1.13,1.50
2011.10.21 20:53:11.020,1.05936,1.05977,1.50,1.50
2011.10.21 20:53:16.390,1.05934,1.05978,1.50,1.50
2011.10.21 20:53:18.629,1.05929,1.05959,1.50,1.50
2011.10.21 20:53:18.755,1.05926,1.05959,1.23,1.50
2011.10.21 20:53:18.870,1.05931,1.05974,1.01,1.13
2011.10.21 20:53:19.779,1.05929,1.05968,1.38,1.50
2011.10.21 20:53:20.118,1.05929,1.05962,1.13,1.50
2011.10.21 20:53:20.532,1.05931,1.05962,1.13,1.50
2011.10.21 20:53:20.870,1.0594,1.05979,1.50,1.50
2011.10.21 20:53:22.152,1.05938,1.05979,1.01,1.50
2011.10.21 20:53:22.382,1.05938,1.05979,1.01,1.50
2011.10.21 20:53:22.959,1.05938,1.05979,1.76,1.88
2011.10.21 20:53:24.744,1.05938,1.05979,1.50,1.13
2011.10.21 20:53:26.544,1.05941,1.05979,1.50,1.13
2011.10.21 20:53:26.671,1.0593,1.05981,1.88,1.13
2011.10.21 20:53:26.900,1.0593,1.05979,1.88,1.50
2011.10.21 20:53:32.270,1.0593,1.05979,1.50,2.63
2011.10.21 20:53:32.389,1.05929,1.05978,1.01,1.50
2011.10.21 20:53:32.509,1.05927,1.0597,1.38,1.88
2011.10.21 20:53:33.742,1.05927,1.0597,1.38,1.88
2011.10.21 20:53:36.189,1.05937,1.05976,1.01,1.50
2011.10.21 20:53:36.643,1.05924,1.05967,1.13,1.13
2011.10.21 20:53:36.891,1.05926,1.05968,1.13,1.13
2011.10.21 20:53:38.441,1.05926,1.05967,1.13,1.50
2011.10.21 20:53:38.999,1.05926,1.05965,1.13,1.50
2011.10.21 20:53:39.560,1.05926,1.05965,1.13,1.50
2011.10.21 20:53:40.119,1.0593,1.05967,1.13,1.50
2011.10.21 20:53:40.792,1.0593,1.05968,1.38,1.50
2011.10.21 20:53:49.492,1.05934,1.05973,1.38,1.50
2011.10.21 20:53:50.151,1.05934,1.05975,1.38,1.50
2011.10.21 20:53:52.492,1.05934,1.05974,1.38,1.50
2011.10.21 20:53:53.048,1.05934,1.05975,1.38,1.50
2011.10.21 20:53:57.600,1.05934,1.05974,1.38,1.50
2011.10.21 20:53:57.719,1.05934,1.05973,1.01,1.13
2011.10.21 20:53:58.059,1.05932,1.05973,1.76,1.88
2011.10.21 20:54:02.831,1.05932,1.05969,1.01,1.13
2011.10.21 20:54:02.952,1.05929,1.05969,1.01,1.13
2011.10.21 20:54:05.531,1.05929,1.0597,1.01,1.13
2011.10.21 20:54:05.759,1.05928,1.0597,1.38,1.50
2011.10.21 20:54:06.375,1.05933,1.05972,1.50,2.63
2011.10.21 20:54:14.650,1.05931,1.05972,1.50,1.88
2011.10.21 20:54:15.000,1.05931,1.05972,1.50,1.88
2011.10.21 20:54:16.550,1.05934,1.05972,1.13,1.50
2011.10.21 20:54:16.780,1.05943,1.05973,1.50,1.50
2011.10.21 20:54:17.284,1.05942,1.05976,2.40,1.88
2011.10.21 20:54:18.142,1.05937,1.05976,2.40,1.88
2011.10.21 20:54:18.263,1.05936,1.05976,1.13,1.88
2011.10.21 20:54:18.382,1.05934,1.05976,1.38,1.88
2011.10.21 20:54:22.291,1.05926,1.05965,1.13,1.50
2011.10.21 20:54:27.855,1.05917,1.05963,1.01,1.50
2011.10.21 20:54:27.975,1.05914,1.05962,1.76,1.50
2011.10.21 20:54:29.628,1.0592,1.05962,2.25,1.50
2011.10.21 20:54:29.969,1.05931,1.05973,1.76,1.13
2011.10.21 20:54:31.002,1.05925,1.0597,1.76,1.13
2011.10.21 20:54:36.035,1.05928,1.05969,1.13,1.50
2011.10.21 20:54:36.161,1.05911,1.05962,1.50,1.50
2011.10.21 20:54:37.241,1.05907,1.05962,1.50,1.50
2011.10.21 20:54:38.320,1.05926,1.05962,3.00,1.50
2011.10.21 20:54:38.443,1.05932,1.05962,1.13,1.50
2011.10.21 20:54:38.562,1.05937,1.05954,1.01,0.75
2011.10.21 20:54:38.681,1.05931,1.05975,1.01,1.50
2011.10.21 20:54:38.801,1.05917,1.05973,1.50,1.50
2011.10.21 20:54:39.141,1.05913,1.05964,1.50,1.50
2011.10.21 20:54:40.051,1.05912,1.05963,1.50,1.50
2011.10.21 20:54:41.081,1.05925,1.05963,3.00,1.50
2011.10.21 20:54:41.421,1.05934,1.05974,1.01,1.50
2011.10.21 20:54:41.541,1.05937,1.05978,1.38,1.50
2011.10.21 20:54:41.661,1.05937,1.05963,0.75,1.50
2011.10.21 20:54:41.779,1.05912,1.05963,1.98,1.50
2011.10.21 20:54:41.900,1.05912,1.05963,1.98,1.50
2011.10.21 20:54:43.450,1.0592,1.05963,2.25,1.50
2011.10.21 20:54:43.580,1.05924,1.05971,1.76,1.88
2011.10.21 20:54:50.652,1.05921,1.05968,1.50,1.50
2011.10.21 20:54:51.209,1.05914,1.05959,1.50,4.50
2011.10.21 20:54:51.808,1.05914,1.05959,1.50,4.50
2011.10.21 20:54:53.950,1.05926,1.05969,1.13,1.50
2011.10.21 20:54:54.072,1.05926,1.05969,1.13,1.50
2011.10.21 20:54:54.521,1.05924,1.05971,1.13,1.88
2011.10.21 20:54:55.089,1.05923,1.0597,3.75,1.88
2011.10.21 20:54:56.679,1.05927,1.05969,1.88,1.13
2011.10.21 20:55:00.760,1.05934,1.0597,1.13,1.50
2011.10.21 20:55:02.601,1.05939,1.0597,1.50,1.50
2011.10.21 20:55:02.840,1.05939,1.0598,1.50,1.88
2011.10.21 20:55:06.114,1.05946,1.05979,1.50,1.13
2011.10.21 20:55:06.463,1.05956,1.05992,1.13,1.50
2011.10.21 20:55:06.582,1.05956,1.05992,1.13,1.50
2011.10.21 20:55:06.921,1.05958,1.0599,1.13,1.50
2011.10.21 20:55:08.773,1.05953,1.0599,1.50,1.50
2011.10.21 20:55:08.892,1.05952,1.0599,1.13,1.50
2011.10.21 20:55:09.134,1.05948,1.05987,1.01,1.13
2011.10.21 20:55:09.250,1.05948,1.05986,1.01,1.13
2011.10.21 20:55:17.733,1.05948,1.05986,1.01,1.13
2011.10.21 20:55:19.319,1.05945,1.05985,4.01,1.88
2011.10.21 20:55:20.000,1.05943,1.05982,1.01,1.13
2011.10.21 20:55:20.120,1.05943,1.05984,1.38,1.50
2011.10.21 20:55:20.898,1.05943,1.05984,1.38,1.50
2011.10.21 20:55:21.199,1.05943,1.05984,1.38,1.50
2011.10.21 20:55:25.041,1.05943,1.05981,1.01,1.13
2011.10.21 20:55:25.379,1.0594,1.05979,1.50,1.88
2011.10.21 20:55:26.680,1.05935,1.05979,2.13,1.88
2011.10.21 20:55:29.919,1.05935,1.05978,2.13,1.50
2011.10.21 20:55:33.119,1.05936,1.05978,1.50,1.50
2011.10.21 20:55:33.349,1.05942,1.05984,1.38,1.50
2011.10.21 20:55:33.583,1.05944,1.05986,1.01,1.88
2011.10.21 20:55:35.380,1.05944,1.05986,1.01,1.88
2011.10.21 20:55:36.799,1.0594,1.05981,1.01,1.13
2011.10.21 20:55:36.918,1.05939,1.05981,1.01,1.13
2011.10.21 20:55:37.038,1.05939,1.05982,1.38,1.50
2011.10.21 20:55:37.158,1.05939,1.05983,1.38,1.50
2011.10.21 20:55:37.717,1.05942,1.05986,1.13,1.88
2011.10.21 20:55:38.058,1.05945,1.05985,1.01,1.50
2011.10.21 20:55:38.938,1.05946,1.05985,1.13,1.50
2011.10.21 20:55:40.821,1.05945,1.05985,1.38,1.50
2011.10.21 20:55:44.230,1.05945,1.05985,1.38,1.50
2011.10.21 20:55:46.979,1.05945,1.05985,1.38,1.50
2011.10.21 20:55:47.787,1.05945,1.05985,1.01,1.50
2011.10.21 20:55:51.136,1.05951,1.05994,1.01,2.25
2011.10.21 20:55:55.017,1.05954,1.05994,1.01,2.25
2011.10.21 20:55:55.578,1.05954,1.05994,1.01,2.25
2011.10.21 20:55:55.919,1.05954,1.05991,1.01,1.13
2011.10.21 20:55:56.544,1.05949,1.05991,1.38,1.50
2011.10.21 20:55:56.989,1.05947,1.0599,1.38,1.50
2011.10.21 20:55:57.548,1.05949,1.05992,1.38,1.50
2011.10.21 20:55:58.107,1.05951,1.05992,1.38,1.50
2011.10.21 20:55:58.340,1.05951,1.05993,1.38,1.88
2011.10.21 20:56:01.931,1.05951,1.05993,1.38,2.25
2011.10.21 20:56:02.269,1.05951,1.05992,1.38,1.50
2011.10.21 20:56:02.728,1.05951,1.05992,1.38,1.50
2011.10.21 20:56:04.089,1.05949,1.05989,1.01,1.88
2011.10.21 20:56:05.498,1.05949,1.05984,1.01,1.13
2011.10.21 20:56:05.728,1.0594,1.05981,1.38,1.13
2011.10.21 20:56:07.178,1.05939,1.0598,1.01,1.13
2011.10.21 20:56:07.297,1.05937,1.05978,1.01,1.50
2011.10.21 20:56:10.589,1.05941,1.05978,1.13,1.50
2011.10.21 20:56:10.819,1.05945,1.05985,1.01,1.88
2011.10.21 20:56:14.109,1.05945,1.05985,1.01,1.50
2011.10.21 20:56:14.233,1.05945,1.05985,1.01,1.50
2011.10.21 20:56:14.678,1.05952,1.05994,1.01,2.25
2011.10.21 20:56:15.558,1.05952,1.05994,1.01,1.50
2011.10.21 20:56:17.047,1.05952,1.05994,1.01,2.25
2011.10.21 20:56:17.388,1.05944,1.05985,1.50,1.13
2011.10.21 20:56:17.619,1.05951,1.05992,1.38,1.50
2011.10.21 20:56:21.530,1.05952,1.05993,2.13,1.50
2011.10.21 20:56:21.760,1.05955,1.05996,1.01,1.13
2011.10.21 20:56:26.700,1.05953,1.05989,1.13,1.50
2011.10.21 20:56:27.147,1.05953,1.05989,1.13,1.50
2011.10.21 20:56:28.437,1.05949,1.05989,1.76,1.50
2011.10.21 20:56:29.895,1.05949,1.05989,1.01,1.50
2011.10.21 20:56:37.056,1.05947,1.05987,1.38,1.50
2011.10.21 20:56:37.171,1.05938,1.05986,1.38,1.50
2011.10.21 20:56:38.097,1.05939,1.05983,1.38,1.50
2011.10.21 20:56:39.068,1.0594,1.05984,1.76,1.50
2011.10.21 20:56:39.299,1.05955,1.05994,1.01,1.13
2011.10.21 20:56:46.716,1.05954,1.05991,1.01,1.13
2011.10.21 20:56:46.837,1.05954,1.05994,1.01,2.25
2011.10.21 20:56:47.068,1.05954,1.05994,1.01,1.88
2011.10.21 20:56:51.074,1.05954,1.05994,1.38,1.50
2011.10.21 20:56:55.087,1.05954,1.05994,1.38,1.50
2011.10.21 20:56:55.319,1.05949,1.0599,1.01,1.13
2011.10.21 20:56:57.030,1.05949,1.05989,1.01,1.13
2011.10.21 20:56:57.148,1.05946,1.05988,1.01,1.88
2011.10.21 20:57:04.438,1.05946,1.05988,1.38,1.50
2011.10.21 20:57:04.558,1.05947,1.05988,1.38,1.50
2011.10.21 20:57:04.908,1.05947,1.05986,1.01,1.50
2011.10.21 20:57:05.467,1.0595,1.05992,1.38,1.50
2011.10.21 20:57:08.031,1.0595,1.05969,1.01,0.75
2011.10.21 20:57:08.156,1.05927,1.05969,1.01,1.50
2011.10.21 20:57:13.897,1.05924,1.05968,1.01,1.50
2011.10.21 20:57:14.927,1.05927,1.05968,2.25,1.50
2011.10.21 20:57:15.048,1.05927,1.05969,2.63,2.25
2011.10.21 20:57:15.170,1.05927,1.05969,3.38,1.50
2011.10.21 20:57:15.291,1.0594,1.0598,1.01,1.13
2011.10.21 20:57:15.411,1.0594,1.05982,1.38,1.50
2011.10.21 20:57:15.968,1.0594,1.05982,1.38,1.50
2011.10.21 20:57:17.147,1.0594,1.05982,1.38,1.50
2011.10.21 20:57:18.950,1.0594,1.05974,1.38,1.50
2011.10.21 20:57:19.070,1.0594,1.05974,1.38,1.50
2011.10.21 20:57:19.519,1.0594,1.05976,1.38,1.43
2011.10.21 20:57:19.639,1.05938,1.05972,1.01,1.35
2011.10.21 20:57:20.072,1.05923,1.0598,1.13,1.50
2011.10.21 20:57:20.189,1.05921,1.05963,1.13,0.75
2011.10.21 20:57:20.750,1.05918,1.05963,1.13,0.75
2011.10.21 20:57:20.869,1.05913,1.05956,3.75,0.75
2011.10.21 20:57:23.569,1.05902,1.05972,2.33,1.20
2011.10.21 20:57:23.798,1.05913,1.05956,3.75,0.75
2011.10.21 20:57:25.050,1.05916,1.0596,1.13,0.75
2011.10.21 20:57:32.088,1.05918,1.05962,1.13,0.75
2011.10.21 20:57:37.416,1.05918,1.05975,1.50,1.50
2011.10.21 20:57:37.869,1.05922,1.05977,1.13,1.50
2011.10.21 20:57:38.208,1.05927,1.05976,1.13,0.75
2011.10.21 20:57:40.793,1.05917,1.05981,1.13,1.50
2011.10.21 20:57:40.908,1.05917,1.05978,1.13,1.50
2011.10.21 20:57:42.588,1.05919,1.05979,1.50,1.50
2011.10.21 20:57:43.204,1.05919,1.05979,1.50,1.50
2011.10.21 20:57:48.657,1.05918,1.05978,1.13,1.50
2011.10.21 20:57:49.718,1.05919,1.05978,1.50,1.50
2011.10.21 20:57:50.170,1.05918,1.05959,1.50,0.75
2011.10.21 20:57:50.400,1.05904,1.0597,1.50,1.50
2011.10.21 20:57:50.519,1.05911,1.05972,3.00,1.13
2011.10.21 20:57:50.640,1.05919,1.0596,1.50,0.75
2011.10.21 20:57:50.979,1.05915,1.05971,1.50,2.25
2011.10.21 20:57:51.100,1.05907,1.05971,1.13,1.50
2011.10.21 20:57:51.327,1.05907,1.05971,1.13,1.50
2011.10.21 20:57:51.998,1.05903,1.05962,1.88,1.13
2011.10.21 20:57:52.341,1.05903,1.05962,2.40,1.13
2011.10.21 20:57:55.240,1.05938,1.05985,2.25,1.50
2011.10.21 20:57:55.469,1.0594,1.05987,0.75,1.35
2011.10.21 20:57:55.589,1.05903,1.05984,1.35,1.50
2011.10.21 20:57:55.708,1.05893,1.05958,3.00,0.75
2011.10.21 20:57:57.379,1.05903,1.05959,3.00,0.75
2011.10.21 20:58:00.008,1.05903,1.05958,3.00,0.75
2011.10.21 20:58:00.951,1.05903,1.05961,3.00,0.75
2011.10.21 20:58:01.288,1.05903,1.05956,3.00,0.75
2011.10.21 20:58:01.626,1.05903,1.05935,2.25,0.75
2011.10.21 20:58:01.856,1.05903,1.05961,3.00,1.50
2011.10.21 20:58:12.355,1.05902,1.05958,3.00,0.75
2011.10.21 20:58:12.914,1.05895,1.05966,1.88,1.50
2011.10.21 20:58:13.135,1.05895,1.05966,1.50,1.50
2011.10.21 20:58:13.464,1.05903,1.05947,3.00,0.75
2011.10.21 20:58:13.795,1.05903,1.05958,3.00,0.75
2011.10.21 20:58:14.150,1.05903,1.05955,3.00,0.75
2011.10.21 20:58:23.165,1.05895,1.05957,1.50,1.50
2011.10.21 20:58:23.394,1.05902,1.05958,3.00,1.20
2011.10.21 20:58:23.724,1.05902,1.05955,3.00,0.75
2011.10.21 20:58:33.194,1.05894,1.05947,1.50,0.75
2011.10.21 20:58:33.305,1.05914,1.05969,0.75,1.20
2011.10.21 20:58:46.763,1.05916,1.05971,0.75,1.50
2011.10.21 20:58:53.266,1.05893,1.05947,3.60,0.75
2011.10.21 20:58:53.496,1.0586,1.05954,1.23,1.13
2011.10.21 20:58:53.616,1.05889,1.05942,0.75,0.75
2011.10.21 20:58:53.845,1.0589,1.05952,0.75,0.75
2011.10.21 20:58:59.185,1.05896,1.05968,0.75,1.13
2011.10.21 20:58:59.514,1.05899,1.05951,0.75,0.75
2011.10.21 20:59:03.482,1.05864,1.05964,0.75,0.75
2011.10.21 20:59:03.812,1.05863,1.05956,0.75,0.38
2011.10.21 20:59:08.244,1.05949,1.05986,0.38,0.45
2011.10.21 20:59:08.463,1.05949,1.06004,1.88,0.60
2011.10.21 20:59:09.024,1.05949,1.06005,1.88,0.75
2011.10.21 20:59:09.544,1.05949,1.06002,1.88,0.75
2011.10.21 20:59:09.873,1.05938,1.05991,0.60,0.75
2011.10.21 20:59:10.202,1.05909,1.05984,0.38,0.75
2011.10.21 20:59:13.593,1.05882,1.05965,0.38,0.45
2011.10.21 20:59:13.701,1.05882,1.05963,0.38,0.75
2011.10.21 20:59:18.754,1.05917,1.05986,0.75,0.75
2011.10.21 20:59:18.972,1.05934,1.06004,1.88,0.75
2011.10.21 20:59:20.792,1.05946,1.06006,0.75,0.45
2011.10.21 20:59:21.315,1.05946,1.06007,0.75,0.75
2011.10.21 20:59:22.543,1.05946,1.06005,0.75,0.75
2011.10.21 20:59:27.113,1.05952,1.06009,1.20,0.38
2011.10.21 20:59:27.222,1.05952,1.06013,1.20,0.75
2011.10.21 20:59:30.361,1.05952,1.06011,1.20,0.38
2011.10.21 20:59:30.694,1.0595,1.06009,0.75,0.75
2011.10.21 20:59:31.757,1.05916,1.06004,0.75,0.75
2011.10.21 20:59:31.875,1.0592,1.05989,0.75,0.38
2011.10.21 20:59:34.123,1.05934,1.05989,0.45,0.38
2011.10.21 20:59:34.344,1.05936,1.06003,0.75,0.75
2011.10.21 20:59:41.113,1.05935,1.06005,0.75,0.75
2011.10.21 20:59:41.222,1.05934,1.06003,0.68,0.75
2011.10.21 20:59:41.333,1.05912,1.06005,0.38,0.75
2011.10.21 20:59:43.049,1.05908,1.05993,2.25,0.38
2011.10.21 20:59:43.162,1.05935,1.05993,0.53,0.38
2011.10.21 20:59:43.382,1.05937,1.06005,0.75,1.28
2011.10.21 20:59:43.712,1.05944,1.06004,0.75,0.75
2011.10.21 20:59:44.153,1.0594,1.06005,0.38,0.75
2011.10.21 20:59:53.630,1.05945,1.05997,0.75,0.38
2011.10.21 20:59:53.852,1.05945,1.06004,0.75,0.75
