2012.06.12 13:00:00.285,0.99359,0.9937,1.50,1.88
2012.06.12 13:00:00.653,0.99359,0.99368,1.50,1.88
2012.06.12 13:00:01.234,0.99361,0.99371,1.50,2.25
2012.06.12 13:00:01.709,0.99362,0.99374,1.50,1.88
2012.06.12 13:00:01.786,0.99365,0.99375,2.25,2.63
2012.06.12 13:00:02.065,0.99369,0.9938,2.25,1.50
2012.06.12 13:00:02.276,0.9937,0.99383,1.50,2.07
2012.06.12 13:00:02.347,0.9937,0.9938,1.50,1.88
2012.06.12 13:00:02.957,0.99369,0.9938,1.50,1.88
2012.06.12 13:00:03.047,0.99365,0.9938,1.88,3.38
2012.06.12 13:00:05.397,0.99366,0.9938,1.13,1.88
2012.06.12 13:00:06.322,0.99366,0.99382,4.50,2.25
2012.06.12 13:00:06.461,0.99369,0.99382,2.25,2.25
2012.06.12 13:00:06.977,0.99369,0.99382,2.63,2.25
2012.06.12 13:00:07.304,0.99369,0.99379,1.88,1.88
2012.06.12 13:00:07.636,0.99368,0.99379,1.88,1.88
2012.06.12 13:00:08.338,0.99366,0.99379,1.69,1.88
2012.06.12 13:00:08.487,0.99365,0.99379,1.88,3.38
2012.06.12 13:00:09.388,0.99362,0.99377,1.88,1.88
2012.06.12 13:00:09.469,0.99361,0.99377,7.50,2.25
2012.06.12 13:00:09.994,0.99361,0.99376,3.38,1.50
2012.06.12 13:00:10.463,0.99359,0.99372,1.58,1.88
2012.06.12 13:00:11.344,0.99357,0.99372,2.25,2.25
2012.06.12 13:00:11.864,0.99358,0.99372,1.50,2.25
2012.06.12 13:00:11.992,0.9936,0.99372,1.50,2.25
2012.06.12 13:00:12.573,0.99359,0.99373,1.88,3.42
2012.06.12 13:00:13.417,0.99358,0.99373,1.88,3.42
2012.06.12 13:00:13.934,0.99359,0.99373,1.50,3.42
2012.06.12 13:00:14.464,0.99361,0.99374,1.88,2.85
2012.06.12 13:00:14.994,0.99361,0.99374,2.25,2.85
2012.06.12 13:00:16.773,0.99361,0.99375,4.50,2.85
2012.06.12 13:00:17.282,0.99361,0.99375,4.88,2.85
2012.06.12 13:00:17.833,0.99362,0.99375,1.50,5.10
2012.06.12 13:00:18.406,0.99361,0.99375,4.69,2.85
2012.06.12 13:00:20.731,0.99361,0.99375,2.82,2.25
2012.06.12 13:00:21.195,0.99362,0.99375,1.28,2.25
2012.06.12 13:00:21.544,0.99369,0.99377,1.88,1.50
2012.06.12 13:00:21.677,0.99369,0.99379,1.88,1.50
2012.06.12 13:00:21.954,0.99369,0.99383,3.38,3.00
2012.06.12 13:00:22.638,0.99369,0.99382,1.50,1.88
2012.06.12 13:00:22.846,0.99367,0.99382,1.50,1.88
2012.06.12 13:00:22.972,0.99369,0.99382,1.50,1.88
2012.06.12 13:00:23.483,0.99366,0.99382,6.00,1.88
2012.06.12 13:00:24.485,0.99369,0.99382,1.50,1.88
2012.06.12 13:00:24.995,0.99368,0.99382,2.44,1.88
2012.06.12 13:00:25.357,0.9937,0.99383,2.07,1.88
2012.06.12 13:00:25.988,0.99371,0.99384,2.44,2.25
2012.06.12 13:00:26.499,0.9937,0.99383,3.75,1.88
2012.06.12 13:00:27.001,0.99371,0.99384,1.88,1.88
2012.06.12 13:00:27.078,0.99371,0.99385,1.88,3.04
2012.06.12 13:00:27.604,0.99372,0.99385,2.44,2.85
2012.06.12 13:00:28.915,0.99371,0.99382,1.52,1.88
2012.06.12 13:00:29.247,0.99371,0.99379,1.13,1.88
2012.06.12 13:00:29.524,0.99368,0.99381,3.19,1.88
2012.06.12 13:00:30.007,0.99371,0.99381,3.31,2.25
2012.06.12 13:00:30.605,0.9937,0.99383,3.38,2.25
2012.06.12 13:00:30.732,0.9937,0.99383,3.38,1.88
2012.06.12 13:00:31.467,0.99371,0.99383,2.56,1.88
2012.06.12 13:00:32.002,0.99371,0.99382,2.56,1.88
2012.06.12 13:00:32.274,0.9937,0.99382,1.90,1.88
2012.06.12 13:00:32.486,0.99371,0.99385,3.00,2.25
2012.06.12 13:00:33.003,0.99372,0.99385,1.13,4.50
2012.06.12 13:00:33.146,0.99372,0.99382,1.13,1.88
2012.06.12 13:00:33.478,0.99376,0.99385,1.52,2.25
2012.06.12 13:00:34.010,0.99381,0.99394,3.57,1.88
2012.06.12 13:00:34.098,0.99388,0.99397,2.63,3.00
2012.06.12 13:00:34.528,0.9939,0.99403,2.63,1.13
2012.06.12 13:00:34.606,0.9939,0.99404,4.13,2.25
2012.06.12 13:00:34.750,0.99393,0.99406,2.63,1.32
2012.06.12 13:00:34.828,0.99393,0.99406,2.63,1.69
2012.06.12 13:00:34.903,0.99393,0.99406,2.63,1.32
2012.06.12 13:00:35.468,0.99395,0.99407,1.50,3.38
2012.06.12 13:00:35.619,0.99398,0.99413,2.25,1.50
2012.06.12 13:00:35.694,0.99398,0.99413,2.44,1.13
2012.06.12 13:00:35.833,0.99398,0.99413,2.44,1.13
2012.06.12 13:00:35.980,0.99397,0.99412,1.32,1.50
2012.06.12 13:00:36.741,0.99396,0.99413,4.43,1.13
2012.06.12 13:00:36.817,0.99397,0.99411,3.19,1.50
2012.06.12 13:00:37.145,0.994,0.99413,1.88,1.50
2012.06.12 13:00:37.804,0.994,0.99411,1.88,1.50
2012.06.12 13:00:37.875,0.99398,0.99411,1.88,1.50
2012.06.12 13:00:38.216,0.99399,0.99414,1.88,4.69
2012.06.12 13:00:38.635,0.99403,0.99414,1.88,1.50
2012.06.12 13:00:38.774,0.99403,0.99416,1.88,1.50
2012.06.12 13:00:38.986,0.99409,0.99417,1.88,1.92
2012.06.12 13:00:39.335,0.99414,0.99419,1.88,1.13
2012.06.12 13:00:40.186,0.99412,0.99424,1.88,2.25
2012.06.12 13:00:40.837,0.99414,0.99426,1.88,1.13
2012.06.12 13:00:41.048,0.99414,0.99427,1.88,3.00
2012.06.12 13:00:41.339,0.99414,0.99428,1.88,5.10
2012.06.12 13:00:41.555,0.99414,0.99426,1.88,2.25
2012.06.12 13:00:41.852,0.9941,0.99419,2.18,4.13
2012.06.12 13:00:42.053,0.99408,0.99419,2.25,4.73
2012.06.12 13:00:42.324,0.99408,0.99419,1.50,2.85
2012.06.12 13:00:42.464,0.99404,0.99417,1.88,2.25
2012.06.12 13:00:43.423,0.99402,0.99416,3.68,1.88
2012.06.12 13:00:43.923,0.99402,0.99416,1.88,2.25
2012.06.12 13:00:44.244,0.99402,0.99413,3.00,1.88
2012.06.12 13:00:44.778,0.99402,0.99413,1.50,1.88
2012.06.12 13:00:46.369,0.99402,0.99414,2.56,1.88
2012.06.12 13:00:46.654,0.994,0.99414,5.07,2.48
2012.06.12 13:00:46.797,0.99399,0.99409,2.25,1.88
2012.06.12 13:00:47.157,0.99394,0.99403,1.88,1.88
2012.06.12 13:00:47.518,0.99393,0.99403,1.88,3.38
2012.06.12 13:00:47.595,0.99393,0.99403,1.88,3.38
2012.06.12 13:00:49.028,0.99388,0.994,4.13,1.88
2012.06.12 13:00:49.594,0.99388,0.994,2.63,1.88
2012.06.12 13:00:49.675,0.9939,0.99402,1.50,1.88
2012.06.12 13:00:50.493,0.99388,0.99402,1.88,1.88
2012.06.12 13:00:51.586,0.99389,0.99403,1.88,1.88
2012.06.12 13:00:52.235,0.99389,0.99403,1.88,5.25
2012.06.12 13:00:52.687,0.99388,0.99399,1.50,3.00
2012.06.12 13:00:52.773,0.99386,0.99399,1.50,3.00
2012.06.12 13:00:52.848,0.99384,0.99396,1.69,1.88
2012.06.12 13:00:53.349,0.99382,0.99396,2.85,2.07
2012.06.12 13:00:53.698,0.99381,0.99392,3.75,1.88
2012.06.12 13:00:53.988,0.99379,0.99392,1.50,1.88
2012.06.12 13:00:54.066,0.99376,0.9939,2.07,3.00
2012.06.12 13:00:54.547,0.99374,0.9939,3.38,5.67
2012.06.12 13:00:55.116,0.99377,0.9939,1.50,2.29
2012.06.12 13:00:55.538,0.99379,0.99392,1.88,1.35
2012.06.12 13:00:55.619,0.99379,0.99393,1.88,2.07
2012.06.12 13:00:55.696,0.99377,0.99391,3.38,1.88
2012.06.12 13:00:56.647,0.99379,0.99393,2.07,6.38
2012.06.12 13:00:56.855,0.99381,0.99396,1.50,3.75
2012.06.12 13:00:57.413,0.9938,0.99396,3.75,3.38
2012.06.12 13:00:59.067,0.9938,0.99396,3.57,3.38
2012.06.12 13:00:59.583,0.99382,0.99396,1.88,3.38
2012.06.12 13:01:00.174,0.99382,0.99395,1.88,1.50
2012.06.12 13:01:00.684,0.99381,0.99395,1.88,3.38
2012.06.12 13:01:01.272,0.99381,0.99394,1.88,1.50
2012.06.12 13:01:01.824,0.9938,0.99394,1.88,3.38
2012.06.12 13:01:03.656,0.9938,0.99394,3.00,3.38
2012.06.12 13:01:03.728,0.99381,0.99396,2.25,1.88
2012.06.12 13:01:03.873,0.99381,0.99396,3.68,1.88
2012.06.12 13:01:04.553,0.9938,0.99394,3.38,1.88
2012.06.12 13:01:04.764,0.9938,0.99394,3.68,1.88
2012.06.12 13:01:05.105,0.9938,0.99394,7.81,1.88
2012.06.12 13:01:05.624,0.9938,0.99394,6.19,1.88
2012.06.12 13:01:05.824,0.9938,0.99394,6.19,1.88
2012.06.12 13:01:05.964,0.99381,0.99394,2.18,1.88
2012.06.12 13:01:06.486,0.99381,0.99393,1.81,1.88
2012.06.12 13:01:06.952,0.9938,0.99393,4.13,1.88
2012.06.12 13:01:07.265,0.99382,0.99393,1.81,1.88
2012.06.12 13:01:07.333,0.99382,0.99395,1.81,1.88
2012.06.12 13:01:07.545,0.99389,0.99396,1.88,1.88
2012.06.12 13:01:07.886,0.99389,0.99403,2.07,2.63
2012.06.12 13:01:08.470,0.99389,0.994,2.07,1.50
2012.06.12 13:01:09.110,0.99387,0.994,2.63,1.50
2012.06.12 13:01:09.454,0.99385,0.99398,2.56,1.88
2012.06.12 13:01:09.806,0.99385,0.99396,2.56,1.50
2012.06.12 13:01:09.877,0.99387,0.99398,2.25,1.50
2012.06.12 13:01:10.015,0.99387,0.99401,2.25,1.88
2012.06.12 13:01:10.526,0.99387,0.994,2.25,1.50
2012.06.12 13:01:11.044,0.99386,0.994,2.44,3.38
2012.06.12 13:01:11.801,0.99386,0.99395,2.44,1.88
2012.06.12 13:01:12.118,0.99384,0.99395,1.88,1.88
2012.06.12 13:01:12.196,0.99381,0.99395,2.25,1.88
2012.06.12 13:01:13.193,0.99379,0.99395,2.07,1.88
2012.06.12 13:01:13.734,0.9938,0.99395,1.50,1.88
2012.06.12 13:01:13.944,0.99382,0.99396,1.88,1.50
2012.06.12 13:01:14.505,0.99387,0.99397,2.07,1.50
2012.06.12 13:01:15.241,0.99385,0.99397,1.88,1.50
2012.06.12 13:01:15.594,0.99385,0.99399,1.88,4.13
2012.06.12 13:01:15.667,0.99385,0.99396,1.88,1.50
2012.06.12 13:01:15.969,0.99385,0.99398,1.88,3.00
2012.06.12 13:01:16.794,0.99384,0.99398,2.07,3.38
2012.06.12 13:01:17.235,0.99386,0.99398,1.88,1.50
2012.06.12 13:01:17.580,0.99394,0.99399,1.88,1.50
2012.06.12 13:01:17.797,0.99398,0.99405,2.63,1.50
2012.06.12 13:01:17.880,0.99404,0.99408,1.88,3.00
2012.06.12 13:01:18.448,0.99405,0.99417,1.50,1.50
2012.06.12 13:01:19.162,0.99402,0.99412,1.50,2.56
2012.06.12 13:01:19.245,0.99405,0.99412,1.50,2.56
2012.06.12 13:01:19.529,0.99399,0.99404,1.50,1.88
2012.06.12 13:01:19.886,0.99397,0.99407,1.43,2.63
2012.06.12 13:01:20.094,0.99398,0.99406,1.50,1.88
2012.06.12 13:01:20.166,0.99396,0.99406,1.50,1.88
2012.06.12 13:01:20.236,0.99391,0.99406,2.25,1.88
2012.06.12 13:01:20.307,0.99392,0.99406,1.88,1.88
2012.06.12 13:01:20.825,0.99392,0.99406,2.25,1.88
2012.06.12 13:01:20.895,0.99392,0.99406,2.25,1.88
2012.06.12 13:01:21.446,0.99392,0.99405,2.25,1.88
2012.06.12 13:01:21.808,0.99396,0.99407,1.88,2.63
2012.06.12 13:01:22.386,0.99396,0.99411,4.88,2.25
2012.06.12 13:01:22.924,0.99396,0.9941,4.88,1.88
2012.06.12 13:01:23.405,0.99401,0.99411,1.88,1.50
2012.06.12 13:01:23.478,0.99401,0.99414,1.88,3.57
2012.06.12 13:01:23.816,0.99401,0.99412,1.88,1.50
2012.06.12 13:01:24.097,0.99398,0.99412,2.25,1.50
2012.06.12 13:01:24.589,0.99396,0.99405,4.43,1.88
2012.06.12 13:01:24.877,0.99396,0.99405,1.69,1.88
2012.06.12 13:01:25.100,0.99391,0.99402,3.02,1.50
2012.06.12 13:01:25.175,0.99391,0.99405,3.00,2.07
2012.06.12 13:01:25.596,0.99395,0.99405,1.50,1.88
2012.06.12 13:01:25.945,0.99399,0.99411,1.50,3.38
2012.06.12 13:01:26.013,0.99399,0.99411,1.50,2.63
2012.06.12 13:01:26.225,0.99399,0.99407,1.50,1.88
2012.06.12 13:01:26.563,0.99393,0.99407,1.81,1.88
2012.06.12 13:01:27.116,0.99394,0.99408,1.88,3.23
2012.06.12 13:01:27.254,0.99394,0.99408,1.88,3.23
2012.06.12 13:01:27.600,0.994,0.99409,1.88,1.35
2012.06.12 13:01:27.814,0.994,0.9941,1.88,2.63
2012.06.12 13:01:28.323,0.994,0.9941,1.88,1.13
2012.06.12 13:01:28.996,0.99397,0.9941,1.88,1.13
2012.06.12 13:01:29.543,0.99397,0.99411,1.88,2.63
2012.06.12 13:01:30.146,0.99397,0.99411,1.88,1.50
2012.06.12 13:01:30.285,0.99399,0.99413,1.50,3.00
2012.06.12 13:01:30.804,0.99399,0.99413,1.50,2.25
2012.06.12 13:01:31.324,0.99399,0.99414,3.38,1.13
2012.06.12 13:01:31.665,0.99402,0.99416,3.38,6.04
2012.06.12 13:01:32.191,0.99402,0.99414,1.88,1.13
2012.06.12 13:01:32.711,0.99402,0.99415,1.88,1.13
2012.06.12 13:01:33.068,0.99404,0.99418,1.88,1.35
2012.06.12 13:01:33.425,0.99408,0.99419,1.50,2.67
2012.06.12 13:01:33.553,0.99405,0.99419,1.50,2.67
2012.06.12 13:01:34.002,0.99402,0.99416,1.88,2.48
2012.06.12 13:01:34.214,0.99401,0.99414,1.13,1.88
2012.06.12 13:01:34.483,0.99399,0.99414,2.44,1.88
2012.06.12 13:01:35.116,0.99401,0.99414,1.50,1.88
2012.06.12 13:01:35.873,0.99402,0.99417,1.50,3.04
2012.06.12 13:01:36.294,0.99403,0.99417,2.56,2.85
2012.06.12 13:01:36.704,0.9941,0.99421,1.88,1.50
2012.06.12 13:01:36.848,0.9941,0.99423,5.63,1.13
2012.06.12 13:01:37.407,0.9941,0.99425,6.38,1.32
2012.06.12 13:01:37.766,0.99411,0.99425,3.19,1.13
2012.06.12 13:01:38.115,0.99418,0.99431,2.63,1.13
2012.06.12 13:01:38.462,0.99422,0.99433,1.88,1.13
2012.06.12 13:01:38.807,0.99422,0.99436,1.88,1.13
2012.06.12 13:01:39.191,0.99422,0.99438,1.88,3.23
2012.06.12 13:01:39.736,0.99419,0.99433,2.63,1.88
2012.06.12 13:01:39.809,0.99417,0.99432,2.82,1.50
2012.06.12 13:01:40.344,0.99419,0.99432,1.88,1.50
2012.06.12 13:01:40.416,0.99419,0.99434,1.88,1.50
2012.06.12 13:01:40.623,0.99418,0.99432,2.63,1.88
2012.06.12 13:01:40.974,0.99413,0.99427,4.81,1.50
2012.06.12 13:01:41.317,0.99412,0.99421,1.13,1.88
2012.06.12 13:01:41.583,0.99408,0.99421,1.88,1.88
2012.06.12 13:01:42.540,0.99408,0.99421,1.50,1.88
2012.06.12 13:01:43.076,0.99407,0.99421,1.88,1.88
2012.06.12 13:01:43.744,0.99406,0.9942,4.50,1.88
2012.06.12 13:01:44.284,0.99406,0.99419,1.88,1.50
2012.06.12 13:01:44.424,0.99403,0.99417,4.81,1.88
2012.06.12 13:01:44.564,0.99403,0.99417,3.00,1.88
2012.06.12 13:01:45.117,0.99402,0.99416,2.25,1.88
2012.06.12 13:01:45.643,0.99401,0.99416,2.25,2.25
2012.06.12 13:01:46.287,0.99402,0.99416,1.88,2.25
2012.06.12 13:01:46.950,0.99403,0.99418,1.88,3.60
2012.06.12 13:01:47.028,0.99403,0.99418,1.88,1.35
2012.06.12 13:01:47.364,0.99403,0.99419,2.63,6.16
2012.06.12 13:01:47.778,0.99403,0.99419,2.25,5.56
2012.06.12 13:01:48.753,0.99403,0.99414,1.88,2.25
2012.06.12 13:01:48.898,0.99398,0.99412,3.57,3.75
2012.06.12 13:01:49.434,0.99398,0.99412,2.07,1.88
2012.06.12 13:01:49.992,0.99397,0.99411,6.31,1.88
2012.06.12 13:01:50.453,0.99403,0.99411,1.81,1.88
2012.06.12 13:01:50.593,0.99398,0.99411,1.13,1.88
2012.06.12 13:01:51.131,0.99397,0.9941,2.82,1.88
2012.06.12 13:01:51.723,0.994,0.9941,1.50,1.88
2012.06.12 13:01:51.866,0.994,0.99412,1.50,1.88
2012.06.12 13:01:52.005,0.99402,0.99412,1.50,1.88
2012.06.12 13:01:52.273,0.99399,0.99412,2.63,1.88
2012.06.12 13:01:52.942,0.99399,0.99414,4.88,2.25
2012.06.12 13:01:53.720,0.99399,0.99414,4.88,2.25
2012.06.12 13:01:54.790,0.99411,0.99424,1.88,3.38
2012.06.12 13:01:55.149,0.99414,0.99426,2.07,1.35
2012.06.12 13:01:55.434,0.99414,0.99427,3.19,1.88
2012.06.12 13:01:55.505,0.99416,0.99427,1.81,1.88
2012.06.12 13:01:55.825,0.9942,0.9943,1.88,1.88
2012.06.12 13:01:55.895,0.99421,0.9943,1.88,1.13
2012.06.12 13:01:56.037,0.99421,0.99435,1.88,2.82
2012.06.12 13:01:56.109,0.99423,0.99435,4.13,2.82
2012.06.12 13:01:56.383,0.99423,0.99438,6.38,1.50
2012.06.12 13:01:56.915,0.99423,0.99438,3.00,1.50
2012.06.12 13:01:57.056,0.99427,0.99438,1.88,1.50
2012.06.12 13:01:57.585,0.99429,0.99441,1.88,1.73
2012.06.12 13:01:57.655,0.99429,0.99441,1.88,1.13
2012.06.12 13:01:58.135,0.99432,0.99442,1.88,1.50
2012.06.12 13:01:58.431,0.99434,0.99446,1.88,1.13
2012.06.12 13:01:58.985,0.99434,0.99448,1.88,5.25
2012.06.12 13:01:59.330,0.99439,0.99449,1.88,2.10
2012.06.12 13:01:59.689,0.99445,0.99455,1.88,3.00
2012.06.12 13:02:00.178,0.99448,0.99457,1.50,1.50
2012.06.12 13:02:00.986,0.99449,0.99463,2.25,3.23
2012.06.12 13:02:01.340,0.99451,0.99464,1.88,1.50
2012.06.12 13:02:01.696,0.99445,0.99457,1.69,2.63
2012.06.12 13:02:02.114,0.99443,0.9945,1.13,1.88
2012.06.12 13:02:02.324,0.99438,0.99448,2.93,1.88
2012.06.12 13:02:02.606,0.99436,0.99448,1.50,1.88
2012.06.12 13:02:03.137,0.99435,0.99448,1.88,2.25
2012.06.12 13:02:04.947,0.99437,0.99445,1.50,3.38
2012.06.12 13:02:05.493,0.99431,0.99445,1.13,3.75
2012.06.12 13:02:05.843,0.99431,0.99442,1.13,1.50
2012.06.12 13:02:05.985,0.99431,0.99442,1.13,1.50
2012.06.12 13:02:06.337,0.99427,0.99441,3.00,3.38
2012.06.12 13:02:06.755,0.9943,0.99441,1.50,1.88
2012.06.12 13:02:07.559,0.9943,0.99443,1.50,1.35
2012.06.12 13:02:07.805,0.9943,0.99444,3.31,3.98
2012.06.12 13:02:08.159,0.99438,0.99448,2.44,1.50
2012.06.12 13:02:08.307,0.9944,0.99451,1.88,2.25
2012.06.12 13:02:08.462,0.9944,0.99455,2.63,1.13
2012.06.12 13:02:08.864,0.99442,0.99454,1.50,2.63
2012.06.12 13:02:09.394,0.99441,0.99454,1.50,4.88
2012.06.12 13:02:09.734,0.99439,0.99453,1.50,1.13
2012.06.12 13:02:10.767,0.9944,0.99453,1.88,1.13
2012.06.12 13:02:11.116,0.99449,0.99457,1.88,2.29
2012.06.12 13:02:11.185,0.99449,0.99457,1.88,2.10
2012.06.12 13:02:11.325,0.99449,0.99458,1.88,2.63
2012.06.12 13:02:11.470,0.99449,0.99463,1.88,4.73
2012.06.12 13:02:11.683,0.99447,0.99461,1.69,1.13
2012.06.12 13:02:12.034,0.99451,0.99462,2.25,1.35
2012.06.12 13:02:12.729,0.99453,0.99464,2.85,1.13
2012.06.12 13:02:13.088,0.99453,0.99464,4.66,1.13
2012.06.12 13:02:13.235,0.99458,0.99473,2.63,2.56
2012.06.12 13:02:13.305,0.99456,0.99471,2.63,1.69
2012.06.12 13:02:13.709,0.99455,0.99466,2.25,1.13
2012.06.12 13:02:13.859,0.99455,0.99466,3.00,1.13
2012.06.12 13:02:14.323,0.99452,0.99465,7.50,1.13
2012.06.12 13:02:14.714,0.99453,0.99462,1.50,1.35
2012.06.12 13:02:14.784,0.9945,0.99462,3.38,1.35
2012.06.12 13:02:14.974,0.99446,0.99455,1.13,1.88
2012.06.12 13:02:15.049,0.99445,0.99457,4.88,1.35
2012.06.12 13:02:15.126,0.99445,0.9946,5.63,1.13
2012.06.12 13:02:15.195,0.99448,0.99462,2.07,3.00
2012.06.12 13:02:15.675,0.99448,0.99463,2.07,1.88
2012.06.12 13:02:15.884,0.99448,0.99464,2.07,5.48
2012.06.12 13:02:16.027,0.99447,0.99462,1.50,2.44
2012.06.12 13:02:16.168,0.99446,0.99458,1.13,3.98
2012.06.12 13:02:16.387,0.99443,0.99458,1.50,2.25
2012.06.12 13:02:16.458,0.99445,0.99459,1.88,1.50
2012.06.12 13:02:16.836,0.99445,0.9946,2.63,2.25
2012.06.12 13:02:17.045,0.99445,0.99461,4.13,1.95
2012.06.12 13:02:17.376,0.99445,0.9946,1.88,1.69
2012.06.12 13:02:17.685,0.99444,0.99458,1.88,1.88
2012.06.12 13:02:18.034,0.99441,0.99455,1.13,1.88
2012.06.12 13:02:18.554,0.99439,0.99454,1.13,1.50
2012.06.12 13:02:18.823,0.99441,0.99456,2.25,5.07
2012.06.12 13:02:19.016,0.99442,0.99451,2.25,1.88
2012.06.12 13:02:19.356,0.99442,0.99456,2.25,3.31
2012.06.12 13:02:20.121,0.99442,0.99456,1.50,2.18
2012.06.12 13:02:20.526,0.9944,0.99454,1.50,4.32
2012.06.12 13:02:22.098,0.99438,0.99452,3.19,2.25
2012.06.12 13:02:22.246,0.99436,0.99452,4.13,4.69
2012.06.12 13:02:22.525,0.99436,0.99451,1.50,2.82
2012.06.12 13:02:22.877,0.99431,0.99444,1.32,1.88
2012.06.12 13:02:23.026,0.99431,0.99444,2.82,1.88
2012.06.12 13:02:23.095,0.99434,0.99448,1.50,3.75
2012.06.12 13:02:23.426,0.99436,0.99448,1.50,1.88
2012.06.12 13:02:23.993,0.99434,0.99449,1.50,1.88
2012.06.12 13:02:24.208,0.99436,0.99449,1.50,2.63
2012.06.12 13:02:24.568,0.99436,0.99444,1.50,2.25
2012.06.12 13:02:24.650,0.99429,0.99444,2.25,2.25
2012.06.12 13:02:24.867,0.99427,0.9944,3.57,1.88
2012.06.12 13:02:25.016,0.99426,0.9944,1.32,1.88
2012.06.12 13:02:25.750,0.99426,0.99441,3.00,1.69
2012.06.12 13:02:26.310,0.99426,0.99442,3.75,4.28
2012.06.12 13:02:26.455,0.99426,0.99442,2.44,2.48
2012.06.12 13:02:26.946,0.99432,0.99446,1.50,1.13
2012.06.12 13:02:27.505,0.99434,0.99449,1.50,3.00
2012.06.12 13:02:27.647,0.99433,0.99449,5.63,1.88
2012.06.12 13:02:27.838,0.99435,0.9945,1.50,2.18
2012.06.12 13:02:27.917,0.99435,0.99451,1.50,4.32
2012.06.12 13:02:28.304,0.99438,0.9945,1.50,1.13
2012.06.12 13:02:28.635,0.99438,0.99452,1.50,1.54
2012.06.12 13:02:29.533,0.99437,0.9945,1.50,2.25
2012.06.12 13:02:29.885,0.99438,0.99452,5.25,2.85
2012.06.12 13:02:30.375,0.99439,0.99454,5.56,2.63
2012.06.12 13:02:30.456,0.99439,0.99454,5.56,1.50
2012.06.12 13:02:31.506,0.9944,0.99456,1.69,3.38
2012.06.12 13:02:31.645,0.99438,0.99456,4.32,4.50
2012.06.12 13:02:31.785,0.99438,0.99452,1.32,1.50
2012.06.12 13:02:32.125,0.99436,0.99452,2.63,1.69
2012.06.12 13:02:32.593,0.99435,0.9945,5.25,1.88
2012.06.12 13:02:32.949,0.9944,0.99452,2.25,3.57
2012.06.12 13:02:33.228,0.99439,0.99455,4.32,2.48
2012.06.12 13:02:33.376,0.99442,0.99455,1.50,2.85
2012.06.12 13:02:33.886,0.99441,0.99455,1.50,2.85
2012.06.12 13:02:34.224,0.99439,0.99451,4.88,1.50
2012.06.12 13:02:34.484,0.99438,0.99454,1.13,4.92
2012.06.12 13:02:35.062,0.99439,0.99454,1.13,4.54
2012.06.12 13:02:35.195,0.99437,0.9945,4.50,1.88
2012.06.12 13:02:35.265,0.99437,0.9945,2.25,1.88
2012.06.12 13:02:35.477,0.99434,0.99447,2.83,1.88
2012.06.12 13:02:35.823,0.99431,0.99444,2.83,1.50
2012.06.12 13:02:35.956,0.99431,0.99447,2.83,3.98
2012.06.12 13:02:36.481,0.99432,0.99447,4.43,2.85
2012.06.12 13:02:36.828,0.99432,0.99446,3.00,2.48
2012.06.12 13:02:37.092,0.9943,0.99446,2.44,5.10
2012.06.12 13:02:38.445,0.9943,0.99446,2.44,5.85
2012.06.12 13:02:38.954,0.9943,0.99446,2.44,5.10
2012.06.12 13:02:39.155,0.9943,0.99444,2.44,1.88
2012.06.12 13:02:39.497,0.99436,0.99446,1.13,2.48
2012.06.12 13:02:39.575,0.99433,0.99446,2.63,2.10
2012.06.12 13:02:39.719,0.99435,0.99449,2.63,3.23
2012.06.12 13:02:40.253,0.9944,0.9945,1.50,4.73
2012.06.12 13:02:40.503,0.99441,0.9945,1.50,1.13
2012.06.12 13:02:40.573,0.99437,0.99451,1.88,3.75
2012.06.12 13:02:40.706,0.99437,0.99449,2.63,1.50
2012.06.12 13:02:41.056,0.99437,0.99453,4.13,3.98
2012.06.12 13:02:41.677,0.99437,0.99453,4.13,3.98
2012.06.12 13:02:42.146,0.99437,0.99451,1.88,1.88
2012.06.12 13:02:42.290,0.99434,0.99446,1.88,1.88
2012.06.12 13:02:42.436,0.99433,0.99444,2.63,1.50
2012.06.12 13:02:42.775,0.9943,0.99442,3.38,1.50
2012.06.12 13:02:42.845,0.9943,0.99444,1.13,2.48
2012.06.12 13:02:43.115,0.99428,0.99442,1.81,1.50
2012.06.12 13:02:43.245,0.99427,0.99442,3.38,1.50
2012.06.12 13:02:43.616,0.99427,0.99442,2.25,1.88
2012.06.12 13:02:44.647,0.99426,0.9944,1.13,2.25
2012.06.12 13:02:44.975,0.99425,0.99436,2.07,1.50
2012.06.12 13:02:45.185,0.99425,0.99439,1.69,1.88
2012.06.12 13:02:45.793,0.99424,0.9944,3.57,3.38
2012.06.12 13:02:47.276,0.99427,0.99441,2.25,1.88
2012.06.12 13:02:47.797,0.99426,0.99441,1.50,3.75
2012.06.12 13:02:47.865,0.99425,0.99439,4.50,1.50
2012.06.12 13:02:48.376,0.99425,0.99439,2.63,3.38
2012.06.12 13:02:50.021,0.99425,0.99438,2.44,1.50
2012.06.12 13:02:50.166,0.99423,0.99437,1.13,1.88
2012.06.12 13:02:50.377,0.99422,0.99436,1.13,1.88
2012.06.12 13:02:50.733,0.99417,0.99431,1.71,3.23
2012.06.12 13:02:50.805,0.99417,0.99431,1.33,3.23
2012.06.12 13:02:51.355,0.99415,0.9943,3.31,1.88
2012.06.12 13:02:52.656,0.99417,0.99431,1.32,1.35
2012.06.12 13:02:52.728,0.99419,0.99433,1.88,1.50
2012.06.12 13:02:52.876,0.99421,0.99434,1.88,1.73
2012.06.12 13:02:53.228,0.99422,0.99438,2.63,4.13
2012.06.12 13:02:53.798,0.99423,0.99438,1.50,4.35
2012.06.12 13:02:54.159,0.99424,0.99438,1.13,3.98
2012.06.12 13:02:55.354,0.99424,0.99436,1.13,2.10
2012.06.12 13:02:55.686,0.99424,0.99438,1.13,1.50
2012.06.12 13:02:55.757,0.99423,0.99438,3.00,1.50
2012.06.12 13:02:56.106,0.99427,0.99438,1.13,1.50
2012.06.12 13:02:56.576,0.99429,0.99439,3.38,1.50
2012.06.12 13:02:56.645,0.99429,0.99442,3.38,1.50
2012.06.12 13:02:57.185,0.99429,0.99441,2.63,1.50
2012.06.12 13:02:57.991,0.99428,0.99441,1.13,1.50
2012.06.12 13:02:59.016,0.99428,0.9944,1.13,1.50
2012.06.12 13:02:59.203,0.99428,0.99438,1.13,1.88
2012.06.12 13:02:59.724,0.99425,0.99438,2.56,4.35
2012.06.12 13:02:59.794,0.99424,0.99438,2.25,4.35
2012.06.12 13:03:00.437,0.99424,0.99436,1.13,3.38
2012.06.12 13:03:00.714,0.99422,0.99436,1.69,3.75
2012.06.12 13:03:00.995,0.99422,0.99434,1.69,1.50
2012.06.12 13:03:01.648,0.99419,0.99431,2.25,1.50
2012.06.12 13:03:02.195,0.99419,0.9943,1.50,1.50
2012.06.12 13:03:02.832,0.99418,0.99429,1.13,1.50
2012.06.12 13:03:02.909,0.99416,0.99429,1.32,1.88
2012.06.12 13:03:03.199,0.99414,0.99427,2.93,1.50
2012.06.12 13:03:03.557,0.99413,0.99424,1.13,1.50
2012.06.12 13:03:03.981,0.99411,0.99423,2.25,1.50
2012.06.12 13:03:04.198,0.99412,0.99426,3.38,1.50
2012.06.12 13:03:04.281,0.99415,0.99428,1.50,1.88
2012.06.12 13:03:04.426,0.99416,0.99431,1.50,4.35
2012.06.12 13:03:05.143,0.99416,0.99431,2.25,2.48
2012.06.12 13:03:05.219,0.99415,0.99428,2.25,1.50
2012.06.12 13:03:05.548,0.99415,0.99428,3.68,1.50
2012.06.12 13:03:05.627,0.99415,0.99432,2.93,6.23
2012.06.12 13:03:06.253,0.99417,0.99432,1.13,4.35
2012.06.12 13:03:06.865,0.99417,0.99432,1.13,2.48
2012.06.12 13:03:07.373,0.99417,0.99432,1.69,2.85
2012.06.12 13:03:07.902,0.99418,0.99432,1.69,4.35
2012.06.12 13:03:08.822,0.99417,0.99432,3.94,2.48
2012.06.12 13:03:10.233,0.99416,0.9943,3.31,1.50
2012.06.12 13:03:11.464,0.99415,0.9943,5.18,1.50
2012.06.12 13:03:11.993,0.99415,0.99429,4.43,1.50
2012.06.12 13:03:12.727,0.99415,0.99429,3.00,3.75
2012.06.12 13:03:13.254,0.99414,0.99427,1.13,1.88
2012.06.12 13:03:14.056,0.99416,0.99427,1.81,1.88
2012.06.12 13:03:14.516,0.99416,0.99429,1.81,2.25
2012.06.12 13:03:15.093,0.99416,0.99429,1.81,2.25
2012.06.12 13:03:15.283,0.99416,0.9943,1.81,3.75
2012.06.12 13:03:15.975,0.99421,0.9943,1.50,1.88
2012.06.12 13:03:16.328,0.99421,0.99432,1.50,1.88
2012.06.12 13:03:16.405,0.99421,0.99434,1.50,4.50
2012.06.12 13:03:17.164,0.99421,0.99436,4.88,4.17
2012.06.12 13:03:17.377,0.99424,0.99437,1.88,2.85
2012.06.12 13:03:17.517,0.99425,0.99439,1.13,1.50
2012.06.12 13:03:17.588,0.99429,0.9944,1.50,1.88
2012.06.12 13:03:18.134,0.99426,0.99439,1.13,1.50
2012.06.12 13:03:18.207,0.99426,0.99437,1.13,1.50
2012.06.12 13:03:18.788,0.99426,0.99437,1.13,1.50
2012.06.12 13:03:19.339,0.99425,0.99437,1.69,1.50
2012.06.12 13:03:21.295,0.99425,0.99439,1.69,3.38
2012.06.12 13:03:21.435,0.99427,0.99439,1.50,1.88
2012.06.12 13:03:22.275,0.99428,0.99441,2.63,2.44
2012.06.12 13:03:22.418,0.99428,0.99443,4.13,1.13
2012.06.12 13:03:22.844,0.99428,0.99444,4.13,2.25
2012.06.12 13:03:22.926,0.99433,0.99445,1.88,2.25
2012.06.12 13:03:23.207,0.99433,0.99448,3.38,2.07
2012.06.12 13:03:23.625,0.99435,0.9945,4.13,2.18
2012.06.12 13:03:24.180,0.99436,0.99451,1.69,4.50
2012.06.12 13:03:25.616,0.99436,0.9945,1.69,1.88
2012.06.12 13:03:26.168,0.99436,0.9945,1.69,1.88
2012.06.12 13:03:26.708,0.99436,0.9945,1.69,1.88
2012.06.12 13:03:27.065,0.99435,0.99447,1.50,1.50
2012.06.12 13:03:27.134,0.99435,0.99449,1.50,1.50
2012.06.12 13:03:27.204,0.99435,0.99449,1.50,1.50
2012.06.12 13:03:27.343,0.99435,0.99449,1.50,1.50
2012.06.12 13:03:27.874,0.99435,0.99451,2.25,5.07
2012.06.12 13:03:28.415,0.99438,0.99452,1.50,3.38
2012.06.12 13:03:29.295,0.99438,0.99451,1.50,1.50
2012.06.12 13:03:29.365,0.99438,0.99449,1.50,1.50
2012.06.12 13:03:31.519,0.99438,0.99452,1.50,3.38
2012.06.12 13:03:32.283,0.99439,0.99453,1.50,2.48
2012.06.12 13:03:32.705,0.99439,0.99455,4.32,2.25
2012.06.12 13:03:33.894,0.99441,0.99456,2.63,4.50
2012.06.12 13:03:34.027,0.99441,0.99452,1.50,1.50
2012.06.12 13:03:34.373,0.99439,0.9945,1.69,1.88
2012.06.12 13:03:34.862,0.99439,0.99448,1.50,2.25
2012.06.12 13:03:35.215,0.99434,0.99443,1.50,3.75
2012.06.12 13:03:35.465,0.9943,0.99442,2.27,2.93
2012.06.12 13:03:35.808,0.99428,0.9944,3.02,1.73
2012.06.12 13:03:36.030,0.99428,0.99441,1.52,3.23
2012.06.12 13:03:36.383,0.99428,0.99443,1.52,3.19
2012.06.12 13:03:37.204,0.99427,0.99443,3.38,1.32
2012.06.12 13:03:38.363,0.99429,0.99445,2.25,7.32
2012.06.12 13:03:38.904,0.9943,0.99445,1.88,2.07
2012.06.12 13:03:39.047,0.99431,0.99444,2.56,1.50
2012.06.12 13:03:39.406,0.99439,0.99448,1.50,2.25
2012.06.12 13:03:39.731,0.99437,0.99448,1.13,1.50
2012.06.12 13:03:40.087,0.99438,0.9945,1.50,1.50
2012.06.12 13:03:40.625,0.99438,0.99452,1.50,4.35
2012.06.12 13:03:41.153,0.99437,0.99452,1.13,4.35
2012.06.12 13:03:41.605,0.99436,0.9945,3.38,1.88
2012.06.12 13:03:41.675,0.99436,0.9945,3.38,1.88
2012.06.12 13:03:42.043,0.99435,0.99448,1.13,1.50
2012.06.12 13:03:42.561,0.99435,0.99449,1.13,1.88
2012.06.12 13:03:44.130,0.99435,0.9945,3.00,1.50
2012.06.12 13:03:44.655,0.99437,0.99451,1.13,2.07
2012.06.12 13:03:46.414,0.99437,0.99453,4.88,1.13
2012.06.12 13:03:46.758,0.99442,0.99454,1.88,1.50
2012.06.12 13:03:47.046,0.99444,0.99459,4.13,1.69
2012.06.12 13:03:47.455,0.99444,0.99459,4.50,2.44
2012.06.12 13:03:47.583,0.99444,0.99459,4.50,1.69
2012.06.12 13:03:47.719,0.99447,0.99461,2.25,2.25
2012.06.12 13:03:48.179,0.99449,0.99464,1.50,2.56
2012.06.12 13:03:48.584,0.99447,0.99464,4.88,2.25
2012.06.12 13:03:48.797,0.99447,0.99462,3.00,1.88
2012.06.12 13:03:49.145,0.99446,0.99458,1.50,1.88
2012.06.12 13:03:49.219,0.99444,0.99458,2.63,1.88
2012.06.12 13:03:49.747,0.99444,0.99458,1.88,1.88
2012.06.12 13:03:50.275,0.99446,0.9946,2.25,2.25
2012.06.12 13:03:50.348,0.99449,0.9946,1.88,1.50
2012.06.12 13:03:50.903,0.99449,0.99459,3.38,1.50
2012.06.12 13:03:51.034,0.99451,0.99464,1.88,7.06
2012.06.12 13:03:51.104,0.99451,0.99464,1.88,4.88
2012.06.12 13:03:51.375,0.99453,0.99464,2.25,1.50
2012.06.12 13:03:51.852,0.99454,0.99469,2.25,2.48
2012.06.12 13:03:52.054,0.99453,0.99467,1.50,1.88
2012.06.12 13:03:52.454,0.99452,0.99467,2.93,3.75
2012.06.12 13:03:52.784,0.9945,0.99468,9.31,7.13
2012.06.12 13:03:53.036,0.9945,0.99468,11.18,3.75
2012.06.12 13:03:53.675,0.99451,0.99465,2.82,1.88
2012.06.12 13:03:54.015,0.99452,0.99465,1.81,1.88
2012.06.12 13:03:54.616,0.99452,0.99463,1.81,1.88
2012.06.12 13:03:56.335,0.99451,0.99463,1.88,1.88
2012.06.12 13:03:56.885,0.99448,0.99462,1.50,1.50
2012.06.12 13:03:57.393,0.99448,0.99463,1.50,3.75
2012.06.12 13:03:58.048,0.99448,0.99463,1.13,3.75
2012.06.12 13:03:58.689,0.99448,0.99462,1.13,1.88
2012.06.12 13:03:59.405,0.99449,0.99462,1.50,1.88
2012.06.12 13:04:00.169,0.99447,0.99462,1.88,1.88
2012.06.12 13:04:01.075,0.99449,0.99462,2.25,1.88
2012.06.12 13:04:01.574,0.99447,0.99458,3.38,1.88
2012.06.12 13:04:02.106,0.99447,0.99458,1.50,2.25
2012.06.12 13:04:02.455,0.99439,0.99452,6.32,1.88
2012.06.12 13:04:02.909,0.99441,0.99455,1.69,1.88
2012.06.12 13:04:03.183,0.99443,0.99455,1.50,1.88
2012.06.12 13:04:03.734,0.99442,0.99455,1.81,1.88
2012.06.12 13:04:04.209,0.99442,0.99457,1.81,3.75
2012.06.12 13:04:04.687,0.99445,0.99457,1.13,1.50
2012.06.12 13:04:04.967,0.99446,0.99459,2.63,1.50
2012.06.12 13:04:05.048,0.99447,0.99462,2.25,1.73
2012.06.12 13:04:05.526,0.99447,0.99459,1.50,1.50
2012.06.12 13:04:06.043,0.99446,0.99461,3.38,1.50
2012.06.12 13:04:06.566,0.99448,0.99464,4.88,5.10
2012.06.12 13:04:06.633,0.99448,0.99464,4.88,2.48
2012.06.12 13:04:07.162,0.99449,0.99464,2.25,2.48
2012.06.12 13:04:07.672,0.99449,0.99464,3.00,2.48
2012.06.12 13:04:08.447,0.9945,0.99464,4.06,2.48
2012.06.12 13:04:08.776,0.99451,0.99466,1.69,2.85
2012.06.12 13:04:09.112,0.9946,0.99468,1.88,2.63
2012.06.12 13:04:09.451,0.9946,0.99471,1.88,2.25
2012.06.12 13:04:09.875,0.99456,0.99471,2.63,3.38
2012.06.12 13:04:09.945,0.99456,0.99467,1.50,1.50
2012.06.12 13:04:10.293,0.99453,0.99464,3.19,1.50
2012.06.12 13:04:10.363,0.99453,0.99464,2.07,1.50
2012.06.12 13:04:10.505,0.99453,0.99466,2.07,3.00
2012.06.12 13:04:10.692,0.99453,0.99464,2.07,1.50
2012.06.12 13:04:10.965,0.99452,0.99466,1.88,1.88
2012.06.12 13:04:11.416,0.99452,0.99468,1.88,4.69
2012.06.12 13:04:12.137,0.99452,0.99464,2.07,1.50
2012.06.12 13:04:12.476,0.99458,0.9947,1.50,5.18
2012.06.12 13:04:12.685,0.9946,0.99472,1.50,2.85
2012.06.12 13:04:12.824,0.99462,0.99472,1.50,2.85
2012.06.12 13:04:13.108,0.9946,0.99473,1.88,4.35
2012.06.12 13:04:13.245,0.99457,0.99472,5.07,1.35
2012.06.12 13:04:13.313,0.9946,0.99472,1.50,1.35
2012.06.12 13:04:14.145,0.9946,0.99472,1.50,1.35
2012.06.12 13:04:14.664,0.99458,0.99473,1.88,3.98
2012.06.12 13:04:15.997,0.99457,0.99473,3.75,5.48
2012.06.12 13:04:16.538,0.99457,0.99473,4.50,5.48
2012.06.12 13:04:16.899,0.99468,0.99475,3.57,1.13
2012.06.12 13:04:17.257,0.99472,0.99478,1.81,1.50
2012.06.12 13:04:17.600,0.99474,0.99481,2.82,2.25
2012.06.12 13:04:17.683,0.99476,0.99481,1.62,2.25
2012.06.12 13:04:17.832,0.99476,0.99481,4.62,2.25
2012.06.12 13:04:18.164,0.99478,0.99493,1.32,1.50
2012.06.12 13:04:18.697,0.99478,0.99493,1.69,1.50
2012.06.12 13:04:19.059,0.99478,0.99493,1.69,1.50
2012.06.12 13:04:19.845,0.9948,0.99496,1.50,5.29
2012.06.12 13:04:20.684,0.99481,0.9949,1.50,1.50
2012.06.12 13:04:20.875,0.99478,0.99489,1.13,1.50
2012.06.12 13:04:21.155,0.9948,0.99493,1.50,2.25
2012.06.12 13:04:21.223,0.9948,0.99493,1.50,1.88
2012.06.12 13:04:21.474,0.99479,0.99493,2.25,1.88
2012.06.12 13:04:23.125,0.99479,0.99493,2.44,3.00
2012.06.12 13:04:23.338,0.99479,0.99492,1.50,3.19
2012.06.12 13:04:23.624,0.99475,0.99489,1.88,1.50
2012.06.12 13:04:23.696,0.99475,0.99489,1.13,1.50
2012.06.12 13:04:23.766,0.99475,0.99487,1.13,1.50
2012.06.12 13:04:24.318,0.99475,0.99487,1.13,1.88
2012.06.12 13:04:25.025,0.99473,0.99488,4.88,3.00
2012.06.12 13:04:25.417,0.99473,0.99488,4.13,3.38
2012.06.12 13:04:25.488,0.99474,0.99488,1.81,3.38
2012.06.12 13:04:25.838,0.99485,0.99495,1.50,1.50
2012.06.12 13:04:26.057,0.99485,0.99499,1.50,2.85
2012.06.12 13:04:26.601,0.99485,0.99499,3.00,2.85
2012.06.12 13:04:26.747,0.99485,0.99494,1.13,1.88
2012.06.12 13:04:26.960,0.99482,0.99493,1.88,1.88
2012.06.12 13:04:27.241,0.99485,0.99498,1.50,2.85
2012.06.12 13:04:27.390,0.99486,0.99493,1.50,1.88
2012.06.12 13:04:27.467,0.99482,0.99493,5.18,1.88
2012.06.12 13:04:27.752,0.99484,0.99495,1.88,2.25
2012.06.12 13:04:27.902,0.99484,0.99498,1.13,2.48
2012.06.12 13:04:28.327,0.99486,0.99498,4.06,2.48
2012.06.12 13:04:28.618,0.99492,0.99501,2.25,1.50
2012.06.12 13:04:28.765,0.9949,0.99501,4.88,1.50
2012.06.12 13:04:28.836,0.99493,0.99501,1.50,1.50
2012.06.12 13:04:28.906,0.99493,0.99503,1.50,1.50
2012.06.12 13:04:28.977,0.99489,0.99502,2.25,1.50
2012.06.12 13:04:29.615,0.99488,0.99502,2.25,1.50
2012.06.12 13:04:29.698,0.99488,0.99504,1.50,5.82
2012.06.12 13:04:29.998,0.99493,0.99504,1.88,1.50
2012.06.12 13:04:30.205,0.99494,0.99506,1.13,2.10
2012.06.12 13:04:30.348,0.99499,0.99507,1.88,1.50
2012.06.12 13:04:30.498,0.99499,0.9951,3.00,2.44
2012.06.12 13:04:30.789,0.99498,0.99512,1.13,2.18
2012.06.12 13:04:30.938,0.99498,0.99508,1.13,1.50
2012.06.12 13:04:31.158,0.99498,0.9951,3.00,1.50
2012.06.12 13:04:31.444,0.99498,0.99512,2.63,1.50
2012.06.12 13:04:31.933,0.995,0.99514,1.50,3.94
2012.06.12 13:04:32.464,0.995,0.99512,1.50,2.25
2012.06.12 13:04:33.053,0.99499,0.99511,1.50,3.00
2012.06.12 13:04:33.424,0.99496,0.99511,1.50,3.75
2012.06.12 13:04:33.710,0.99497,0.99507,1.50,2.63
2012.06.12 13:04:33.791,0.99497,0.99506,1.50,1.13
2012.06.12 13:04:33.870,0.99497,0.99504,1.50,1.88
2012.06.12 13:04:33.948,0.99497,0.99504,1.50,3.38
2012.06.12 13:04:34.025,0.99497,0.99502,1.50,2.25
2012.06.12 13:04:34.428,0.99494,0.99499,1.50,1.88
2012.06.12 13:04:34.972,0.99497,0.99503,1.50,2.44
2012.06.12 13:04:35.844,0.99488,0.99502,2.63,1.50
2012.06.12 13:04:36.541,0.99486,0.99498,3.68,1.88
2012.06.12 13:04:36.898,0.99484,0.99498,2.07,2.25
2012.06.12 13:04:37.428,0.99485,0.99499,1.13,3.38
2012.06.12 13:04:37.645,0.99487,0.99499,1.50,4.13
2012.06.12 13:04:38.036,0.9949,0.995,1.50,2.63
2012.06.12 13:04:38.179,0.9949,0.99502,1.50,1.88
2012.06.12 13:04:38.746,0.9949,0.99504,1.50,6.98
2012.06.12 13:04:39.157,0.99492,0.99504,1.50,3.98
2012.06.12 13:04:39.978,0.9949,0.99506,4.13,2.29
2012.06.12 13:04:40.683,0.9949,0.99506,3.38,2.29
2012.06.12 13:04:41.201,0.99491,0.99506,1.13,2.10
2012.06.12 13:04:41.938,0.9949,0.99504,3.38,2.10
2012.06.12 13:04:42.463,0.9949,0.99504,1.50,2.10
2012.06.12 13:04:43.204,0.99492,0.99506,1.50,4.17
2012.06.12 13:04:43.885,0.9949,0.99506,4.88,6.04
2012.06.12 13:04:45.496,0.9949,0.99505,2.63,1.35
2012.06.12 13:04:47.550,0.9949,0.99504,3.00,2.85
2012.06.12 13:04:47.697,0.99488,0.99504,6.38,2.48
2012.06.12 13:04:48.235,0.99488,0.99504,7.88,3.98
2012.06.12 13:04:48.375,0.99488,0.99504,5.63,3.98
2012.06.12 13:04:48.586,0.99488,0.99503,5.63,1.88
2012.06.12 13:04:49.076,0.99488,0.99504,1.88,4.73
2012.06.12 13:04:49.218,0.99488,0.995,1.13,2.25
2012.06.12 13:04:49.434,0.99488,0.995,1.50,2.25
2012.06.12 13:04:49.775,0.99491,0.995,1.50,2.25
2012.06.12 13:04:49.845,0.99489,0.995,1.50,2.25
2012.06.12 13:04:49.983,0.99486,0.995,4.50,1.88
2012.06.12 13:04:50.053,0.99486,0.99503,6.38,2.63
2012.06.12 13:04:50.127,0.99488,0.99503,2.07,1.88
2012.06.12 13:04:50.638,0.99491,0.99504,1.50,1.35
2012.06.12 13:04:51.192,0.99491,0.99506,2.63,2.10
2012.06.12 13:04:51.956,0.99489,0.99506,3.94,3.98
2012.06.12 13:04:52.463,0.99488,0.99503,4.32,3.75
2012.06.12 13:04:53.144,0.99487,0.99503,2.44,4.13
2012.06.12 13:04:53.706,0.99489,0.99503,1.50,3.00
2012.06.12 13:04:55.074,0.99487,0.99502,1.69,2.25
2012.06.12 13:04:55.673,0.99488,0.99502,1.50,1.88
2012.06.12 13:04:56.214,0.99487,0.99502,1.69,2.25
2012.06.12 13:04:56.804,0.99487,0.99502,1.69,2.25
2012.06.12 13:04:56.876,0.99486,0.995,1.69,1.88
2012.06.12 13:04:57.990,0.99488,0.995,1.50,1.50
2012.06.12 13:04:58.371,0.9949,0.99503,1.35,1.50
2012.06.12 13:04:58.795,0.99493,0.99506,1.88,2.48
2012.06.12 13:04:58.925,0.99493,0.99508,1.88,4.35
2012.06.12 13:04:59.626,0.99495,0.99508,1.88,2.85
2012.06.12 13:04:59.975,0.99497,0.99509,3.38,2.10
2012.06.12 13:05:00.315,0.99502,0.99511,1.88,2.25
2012.06.12 13:05:00.707,0.99503,0.99518,2.44,2.48
2012.06.12 13:05:00.849,0.99505,0.99518,2.10,2.48
2012.06.12 13:05:01.708,0.99504,0.99519,3.04,2.25
2012.06.12 13:05:02.070,0.99501,0.99513,3.08,1.88
2012.06.12 13:05:02.286,0.99501,0.99509,1.20,1.50
2012.06.12 13:05:02.826,0.99498,0.99511,1.39,1.50
2012.06.12 13:05:03.406,0.99499,0.99513,3.45,1.88
2012.06.12 13:05:03.853,0.99499,0.99511,1.35,1.50
2012.06.12 13:05:04.645,0.99498,0.99513,4.17,1.88
2012.06.12 13:05:05.101,0.995,0.99513,1.35,1.88
2012.06.12 13:05:05.785,0.995,0.99509,1.54,1.50
2012.06.12 13:05:06.032,0.995,0.99512,1.35,1.50
2012.06.12 13:05:06.233,0.995,0.99512,1.35,1.50
2012.06.12 13:05:06.499,0.99498,0.99512,1.35,1.50
2012.06.12 13:05:06.575,0.99498,0.99512,1.35,1.50
2012.06.12 13:05:06.995,0.99497,0.99508,1.35,1.88
2012.06.12 13:05:07.597,0.99495,0.99508,1.35,2.25
2012.06.12 13:05:08.652,0.99493,0.99508,3.38,1.88
2012.06.12 13:05:09.274,0.99493,0.99508,3.38,1.88
2012.06.12 13:05:09.349,0.99493,0.99507,1.88,1.88
2012.06.12 13:05:10.057,0.99493,0.99507,1.69,1.88
2012.06.12 13:05:11.835,0.99497,0.9951,4.13,5.10
2012.06.12 13:05:12.188,0.995,0.99513,3.19,1.50
2012.06.12 13:05:12.407,0.995,0.99515,5.82,1.50
2012.06.12 13:05:12.550,0.99504,0.99518,1.50,4.28
2012.06.12 13:05:12.907,0.99508,0.9952,1.88,1.88
2012.06.12 13:05:13.395,0.99512,0.99523,2.63,3.60
2012.06.12 13:05:13.759,0.99517,0.99532,4.50,4.06
2012.06.12 13:05:14.256,0.99517,0.99534,6.75,3.00
2012.06.12 13:05:14.329,0.99523,0.99532,2.63,1.50
2012.06.12 13:05:14.547,0.99523,0.99532,1.88,1.50
2012.06.12 13:05:14.687,0.99523,0.99536,1.88,3.31
2012.06.12 13:05:14.753,0.99523,0.99536,1.88,1.50
2012.06.12 13:05:14.967,0.99523,0.99536,2.63,1.50
2012.06.12 13:05:15.040,0.99523,0.99536,2.63,1.50
2012.06.12 13:05:15.604,0.99532,0.99538,1.88,1.17
2012.06.12 13:05:15.955,0.99533,0.9954,1.50,1.88
2012.06.12 13:05:16.025,0.99532,0.9954,2.25,1.88
2012.06.12 13:05:16.818,0.99527,0.9954,1.13,2.63
2012.06.12 13:05:16.902,0.99525,0.9954,3.00,3.68
2012.06.12 13:05:17.455,0.99526,0.9954,2.25,3.68
2012.06.12 13:05:17.526,0.99526,0.9954,2.25,1.88
2012.06.12 13:05:18.087,0.99529,0.9954,1.50,1.88
2012.06.12 13:05:18.296,0.99528,0.99534,1.13,1.50
2012.06.12 13:05:18.507,0.99528,0.99538,3.75,1.50
2012.06.12 13:05:19.745,0.99531,0.9954,1.88,3.75
2012.06.12 13:05:20.191,0.99536,0.99546,3.00,2.25
2012.06.12 13:05:20.945,0.99532,0.99542,3.75,1.50
2012.06.12 13:05:21.277,0.99532,0.99544,3.38,2.25
2012.06.12 13:05:22.107,0.99532,0.99541,1.13,1.50
2012.06.12 13:05:22.398,0.99531,0.99541,2.63,2.25
2012.06.12 13:05:22.875,0.99527,0.99535,2.63,2.25
2012.06.12 13:05:22.950,0.99527,0.99536,2.25,4.13
2012.06.12 13:05:23.386,0.99523,0.99536,1.13,2.63
2012.06.12 13:05:23.912,0.99522,0.99535,1.13,1.13
2012.06.12 13:05:24.470,0.99521,0.99534,1.88,1.88
2012.06.12 13:05:25.026,0.99524,0.99534,2.25,1.50
2012.06.12 13:05:25.378,0.99529,0.99535,1.88,1.50
2012.06.12 13:05:25.455,0.99529,0.99534,3.31,1.50
2012.06.12 13:05:25.597,0.99535,0.99545,1.50,1.50
2012.06.12 13:05:25.675,0.99535,0.99545,1.50,2.25
2012.06.12 13:05:25.816,0.99537,0.99545,1.50,1.50
2012.06.12 13:05:25.957,0.99537,0.99552,2.25,3.53
2012.06.12 13:05:26.594,0.99537,0.99548,2.63,1.65
2012.06.12 13:05:26.668,0.99536,0.99547,3.57,1.50
2012.06.12 13:05:27.210,0.99538,0.99547,1.50,1.50
2012.06.12 13:05:27.683,0.99537,0.99547,2.63,1.50
2012.06.12 13:05:28.224,0.99537,0.9955,3.94,1.50
2012.06.12 13:05:28.364,0.99537,0.9955,3.94,1.50
2012.06.12 13:05:28.816,0.99539,0.99551,1.13,1.50
2012.06.12 13:05:29.154,0.99539,0.99549,4.50,1.50
2012.06.12 13:05:30.423,0.99539,0.9955,1.88,1.50
2012.06.12 13:05:30.983,0.99538,0.9955,1.13,1.50
2012.06.12 13:05:31.705,0.99539,0.99551,1.50,1.50
2012.06.12 13:05:32.047,0.99537,0.99546,1.13,1.50
2012.06.12 13:05:32.127,0.99537,0.99548,1.13,3.00
2012.06.12 13:05:32.535,0.99536,0.99548,1.13,1.50
2012.06.12 13:05:32.679,0.99536,0.99548,1.13,3.00
2012.06.12 13:05:32.756,0.99536,0.99548,1.13,3.00
2012.06.12 13:05:32.897,0.99534,0.99548,4.50,3.00
2012.06.12 13:05:33.617,0.99534,0.99548,2.63,1.50
2012.06.12 13:05:34.225,0.99536,0.99547,1.13,1.50
2012.06.12 13:05:35.166,0.99536,0.99548,2.63,1.50
2012.06.12 13:05:35.723,0.99536,0.9955,2.63,1.50
2012.06.12 13:05:36.263,0.99536,0.99548,2.63,1.50
2012.06.12 13:05:37.075,0.99535,0.99548,3.19,1.50
2012.06.12 13:05:37.620,0.99534,0.99545,1.13,1.50
2012.06.12 13:05:38.185,0.99537,0.99547,2.44,1.50
2012.06.12 13:05:38.535,0.99535,0.99547,2.63,1.50
2012.06.12 13:05:38.905,0.99537,0.99543,2.25,1.50
2012.06.12 13:05:38.977,0.99533,0.99543,3.38,1.50
2012.06.12 13:05:39.524,0.99533,0.99543,3.38,1.50
2012.06.12 13:05:40.015,0.99533,0.99545,1.13,1.50
2012.06.12 13:05:40.333,0.99532,0.99544,5.63,2.25
2012.06.12 13:05:41.345,0.99532,0.99543,2.44,1.50
2012.06.12 13:05:41.904,0.99532,0.99544,2.44,1.50
2012.06.12 13:05:42.705,0.99531,0.99543,3.19,1.50
2012.06.12 13:05:43.173,0.99531,0.99545,3.60,2.25
2012.06.12 13:05:43.247,0.99531,0.99544,4.88,1.50
2012.06.12 13:05:43.387,0.99531,0.99545,3.00,1.50
2012.06.12 13:05:43.575,0.99531,0.99545,3.00,3.00
2012.06.12 13:05:44.124,0.99531,0.99545,3.00,3.75
2012.06.12 13:05:44.464,0.9953,0.99543,2.25,3.00
2012.06.12 13:05:44.815,0.9953,0.99543,2.25,2.25
2012.06.12 13:05:45.154,0.99527,0.99541,1.32,3.00
2012.06.12 13:05:45.299,0.99527,0.9954,1.32,2.25
2012.06.12 13:05:45.848,0.99527,0.99541,1.32,1.50
2012.06.12 13:05:46.412,0.99528,0.99541,2.25,1.50
2012.06.12 13:05:49.465,0.99527,0.99538,1.13,1.88
2012.06.12 13:05:49.608,0.99524,0.99538,4.88,1.88
2012.06.12 13:05:49.832,0.99523,0.99536,1.13,3.38
2012.06.12 13:05:50.188,0.99518,0.99534,2.63,3.57
2012.06.12 13:05:50.269,0.99518,0.99534,2.25,3.94
2012.06.12 13:05:50.773,0.99515,0.99529,4.07,1.50
2012.06.12 13:05:51.128,0.99518,0.99529,3.68,1.50
2012.06.12 13:05:51.637,0.99518,0.99528,3.68,1.50
2012.06.12 13:05:51.778,0.99518,0.99531,3.68,2.25
2012.06.12 13:05:52.493,0.99518,0.99531,1.88,2.25
2012.06.12 13:05:53.549,0.99519,0.99531,1.88,2.25
2012.06.12 13:05:54.144,0.99517,0.99531,2.25,2.44
2012.06.12 13:05:54.664,0.99519,0.99532,1.88,3.00
2012.06.12 13:05:55.706,0.99518,0.99531,2.25,2.25
2012.06.12 13:05:58.671,0.9952,0.99533,1.88,1.50
2012.06.12 13:05:59.183,0.9952,0.99531,1.88,1.50
2012.06.12 13:05:59.923,0.99517,0.99531,2.18,3.38
2012.06.12 13:06:00.454,0.99517,0.99531,2.18,4.13
2012.06.12 13:06:00.816,0.99518,0.99529,2.44,1.50
2012.06.12 13:06:00.886,0.99518,0.99532,2.44,2.25
2012.06.12 13:06:00.956,0.99521,0.99534,1.88,3.60
2012.06.12 13:06:01.464,0.99521,0.99534,1.88,1.35
2012.06.12 13:06:02.737,0.99522,0.99534,2.44,1.50
2012.06.12 13:06:03.355,0.99522,0.99536,2.82,3.00
2012.06.12 13:06:03.972,0.99524,0.99536,1.88,3.00
2012.06.12 13:06:04.715,0.99524,0.99534,1.88,1.50
2012.06.12 13:06:05.744,0.99521,0.99534,4.69,2.25
2012.06.12 13:06:06.264,0.99521,0.99533,2.25,1.50
2012.06.12 13:06:06.795,0.99521,0.99535,2.63,2.63
2012.06.12 13:06:07.660,0.9952,0.99532,2.93,1.50
2012.06.12 13:06:07.739,0.9952,0.99532,1.13,1.50
2012.06.12 13:06:07.946,0.9952,0.9953,1.13,1.50
2012.06.12 13:06:08.016,0.9952,0.99533,1.13,2.25
2012.06.12 13:06:08.586,0.9952,0.99531,1.13,1.50
2012.06.12 13:06:09.503,0.9952,0.99532,1.13,3.00
2012.06.12 13:06:10.135,0.9952,0.9953,1.13,1.50
2012.06.12 13:06:11.558,0.99517,0.99528,3.00,1.50
2012.06.12 13:06:12.228,0.99514,0.99526,4.50,2.25
2012.06.12 13:06:12.374,0.99514,0.99526,2.25,2.25
2012.06.12 13:06:12.905,0.99514,0.99525,1.88,3.00
2012.06.12 13:06:13.424,0.99512,0.99527,3.19,2.25
2012.06.12 13:06:13.979,0.99515,0.99527,1.88,1.50
2012.06.12 13:06:14.053,0.99515,0.99529,1.88,5.25
2012.06.12 13:06:14.197,0.99515,0.99529,1.88,2.25
2012.06.12 13:06:14.678,0.99515,0.99529,1.88,2.25
2012.06.12 13:06:15.036,0.99517,0.99527,1.88,1.50
2012.06.12 13:06:15.941,0.99517,0.99529,1.88,1.50
2012.06.12 13:06:16.014,0.99517,0.99527,1.88,1.50
2012.06.12 13:06:16.663,0.99517,0.99529,1.88,1.50
2012.06.12 13:06:17.008,0.99517,0.99527,1.88,1.50
2012.06.12 13:06:17.542,0.99515,0.99528,1.88,2.25
2012.06.12 13:06:18.006,0.99515,0.99526,1.88,1.50
2012.06.12 13:06:18.354,0.99512,0.99524,1.13,2.25
2012.06.12 13:06:18.486,0.99512,0.99524,1.13,1.50
2012.06.12 13:06:18.626,0.99511,0.99527,2.25,3.57
2012.06.12 13:06:18.768,0.99515,0.99526,2.25,1.88
2012.06.12 13:06:19.285,0.99513,0.99525,2.25,1.50
2012.06.12 13:06:19.603,0.99512,0.99525,2.25,1.50
2012.06.12 13:06:20.280,0.99513,0.99525,2.25,1.50
2012.06.12 13:06:20.813,0.99513,0.99526,1.88,1.50
2012.06.12 13:06:22.927,0.99513,0.99527,3.75,1.88
2012.06.12 13:06:23.470,0.99513,0.99525,2.63,1.50
2012.06.12 13:06:23.968,0.99513,0.99527,2.63,3.38
2012.06.12 13:06:24.488,0.99514,0.99526,3.00,1.50
2012.06.12 13:06:25.044,0.99514,0.99527,3.00,1.50
2012.06.12 13:06:25.591,0.99514,0.99526,3.00,1.50
2012.06.12 13:06:25.664,0.99514,0.99528,3.00,3.38
2012.06.12 13:06:26.466,0.99514,0.99527,3.00,1.50
2012.06.12 13:06:27.163,0.99514,0.99528,2.25,3.38
2012.06.12 13:06:27.736,0.99513,0.99527,2.25,3.38
2012.06.12 13:06:27.804,0.99513,0.99524,2.25,1.50
2012.06.12 13:06:28.494,0.99513,0.99524,1.88,1.50
2012.06.12 13:06:28.636,0.99512,0.99526,2.25,1.88
2012.06.12 13:06:28.775,0.9951,0.99525,2.25,2.07
2012.06.12 13:06:29.106,0.99508,0.99522,2.63,2.63
2012.06.12 13:06:29.316,0.99508,0.99522,2.63,2.63
2012.06.12 13:06:29.925,0.99509,0.99523,1.88,3.38
2012.06.12 13:06:30.329,0.99511,0.99525,1.88,1.88
2012.06.12 13:06:31.152,0.99512,0.99526,2.25,2.25
2012.06.12 13:06:31.970,0.99514,0.99526,1.88,2.25
2012.06.12 13:06:32.184,0.99514,0.99527,1.88,1.50
2012.06.12 13:06:32.977,0.99514,0.99524,1.88,1.50
2012.06.12 13:06:33.102,0.99513,0.99526,4.50,1.50
2012.06.12 13:06:33.746,0.99513,0.99524,2.25,1.50
2012.06.12 13:06:34.295,0.99508,0.99523,1.50,3.38
2012.06.12 13:06:34.637,0.99507,0.99521,3.19,1.50
2012.06.12 13:06:34.988,0.99506,0.99519,2.44,3.00
2012.06.12 13:06:35.384,0.99506,0.9952,2.44,2.63
2012.06.12 13:06:35.515,0.99506,0.99519,2.44,1.50
2012.06.12 13:06:35.918,0.99506,0.99519,1.88,2.25
2012.06.12 13:06:36.006,0.99509,0.99521,1.88,1.69
2012.06.12 13:06:36.353,0.99512,0.99522,1.88,2.25
2012.06.12 13:06:36.698,0.99515,0.99526,1.50,3.57
2012.06.12 13:06:36.954,0.99515,0.99526,1.50,3.57
2012.06.12 13:06:37.030,0.99512,0.99524,1.88,1.88
2012.06.12 13:06:37.177,0.99514,0.99525,1.50,3.68
2012.06.12 13:06:37.453,0.99514,0.99527,1.50,1.13
2012.06.12 13:06:37.958,0.99514,0.99527,1.50,1.50
2012.06.12 13:06:38.727,0.99513,0.99527,1.88,3.00
2012.06.12 13:06:40.118,0.99513,0.99525,1.88,1.50
2012.06.12 13:06:40.614,0.99511,0.99525,1.88,1.50
2012.06.12 13:06:41.173,0.99511,0.99524,1.88,1.50
2012.06.12 13:06:41.854,0.99511,0.99525,1.88,2.44
2012.06.12 13:06:42.082,0.99509,0.99525,4.13,4.32
2012.06.12 13:06:42.571,0.99507,0.99519,3.57,1.88
2012.06.12 13:06:42.792,0.99509,0.99522,1.88,1.50
2012.06.12 13:06:43.382,0.99509,0.99523,1.88,1.88
2012.06.12 13:06:43.916,0.9951,0.99524,1.88,4.13
2012.06.12 13:06:44.186,0.9951,0.99522,1.88,1.50
2012.06.12 13:06:44.698,0.9951,0.99524,1.88,4.13
2012.06.12 13:06:45.258,0.99509,0.99523,1.88,1.88
2012.06.12 13:06:45.964,0.99509,0.99523,2.25,1.88
2012.06.12 13:06:46.503,0.99509,0.99525,2.25,3.94
2012.06.12 13:06:47.450,0.99509,0.99523,1.88,1.50
2012.06.12 13:06:47.813,0.99513,0.99523,1.88,1.50
2012.06.12 13:06:48.075,0.9951,0.99523,2.63,1.50
2012.06.12 13:06:48.934,0.9951,0.99522,2.25,1.50
2012.06.12 13:06:49.517,0.99513,0.99522,1.88,1.50
2012.06.12 13:06:49.652,0.99513,0.99526,4.50,1.69
2012.06.12 13:06:49.728,0.99513,0.99525,4.50,1.69
2012.06.12 13:06:49.805,0.99511,0.99522,2.25,1.50
2012.06.12 13:06:49.877,0.99509,0.99522,3.38,1.50
2012.06.12 13:06:50.923,0.99509,0.99521,1.88,2.25
2012.06.12 13:06:52.034,0.99507,0.9952,3.00,1.50
2012.06.12 13:06:52.823,0.99507,0.9952,3.00,1.69
2012.06.12 13:06:53.383,0.99507,0.9952,3.00,3.19
2012.06.12 13:06:53.906,0.99507,0.99519,1.13,2.44
2012.06.12 13:06:54.255,0.99506,0.99516,2.25,1.50
2012.06.12 13:06:54.384,0.99506,0.99518,2.25,2.25
2012.06.12 13:06:56.404,0.99509,0.99519,1.35,3.19
2012.06.12 13:06:56.792,0.99507,0.99519,2.25,3.00
2012.06.12 13:07:03.874,0.99507,0.9952,2.25,1.50
2012.06.12 13:07:04.084,0.99511,0.9952,1.50,1.50
2012.06.12 13:07:04.216,0.9951,0.99521,1.88,1.50
2012.06.12 13:07:04.286,0.9951,0.99525,1.88,2.44
2012.06.12 13:07:04.555,0.9951,0.99526,2.25,8.18
2012.06.12 13:07:04.758,0.9951,0.99526,3.00,5.63
2012.06.12 13:07:05.187,0.99514,0.99526,1.50,1.50
2012.06.12 13:07:05.715,0.99513,0.99527,3.57,1.50
2012.06.12 13:07:06.245,0.99516,0.99529,1.88,2.63
2012.06.12 13:07:06.735,0.99519,0.99529,1.88,1.13
2012.06.12 13:07:07.345,0.99521,0.99532,1.88,1.50
2012.06.12 13:07:07.867,0.99521,0.99533,1.88,1.50
2012.06.12 13:07:07.936,0.99523,0.99533,2.25,1.50
2012.06.12 13:07:08.005,0.99523,0.99535,2.25,2.63
2012.06.12 13:07:08.536,0.99523,0.99537,4.50,3.38
2012.06.12 13:07:09.084,0.99523,0.99537,4.69,2.63
2012.06.12 13:07:09.154,0.99523,0.99537,4.69,2.63
2012.06.12 13:07:09.673,0.99523,0.99537,4.69,1.50
2012.06.12 13:07:09.985,0.99523,0.99537,5.44,1.50
2012.06.12 13:07:10.640,0.99526,0.99538,1.88,1.50
2012.06.12 13:07:11.298,0.99532,0.99541,1.88,3.00
2012.06.12 13:07:11.376,0.99532,0.99541,1.88,3.00
2012.06.12 13:07:12.115,0.99532,0.99544,1.88,1.50
2012.06.12 13:07:12.624,0.99533,0.99543,1.88,1.50
2012.06.12 13:07:13.935,0.99531,0.99543,1.88,1.50
2012.06.12 13:07:14.008,0.99531,0.99543,1.88,1.50
2012.06.12 13:07:14.571,0.9953,0.9954,1.88,1.50
2012.06.12 13:07:14.926,0.99527,0.99539,3.00,2.25
2012.06.12 13:07:15.505,0.99524,0.99535,3.19,2.63
2012.06.12 13:07:15.716,0.99521,0.9953,3.19,1.50
2012.06.12 13:07:16.325,0.99521,0.99533,4.32,1.50
2012.06.12 13:07:17.416,0.99524,0.99535,1.88,3.00
2012.06.12 13:07:17.683,0.99524,0.99537,1.88,1.50
2012.06.12 13:07:17.754,0.99524,0.99538,1.88,4.13
2012.06.12 13:07:18.013,0.99524,0.99538,3.68,4.88
2012.06.12 13:07:18.545,0.99527,0.9954,1.88,1.50
2012.06.12 13:07:18.884,0.99527,0.99541,1.88,4.88
2012.06.12 13:07:18.955,0.99527,0.99541,3.38,2.63
2012.06.12 13:07:19.653,0.99532,0.99541,4.13,1.50
2012.06.12 13:07:19.788,0.99529,0.99538,2.25,2.25
2012.06.12 13:07:20.342,0.99527,0.99538,2.63,2.25
2012.06.12 13:07:22.052,0.99526,0.99541,2.25,1.50
2012.06.12 13:07:23.880,0.99524,0.99537,2.82,1.13
2012.06.12 13:07:24.377,0.99524,0.99538,2.82,2.63
2012.06.12 13:07:25.116,0.99524,0.99535,2.63,1.88
2012.06.12 13:07:25.446,0.9952,0.99531,1.50,1.50
2012.06.12 13:07:25.586,0.99518,0.99531,3.75,1.50
2012.06.12 13:07:26.135,0.99519,0.99531,1.50,1.50
2012.06.12 13:07:26.204,0.99522,0.99531,1.50,1.50
2012.06.12 13:07:27.157,0.99519,0.99531,1.50,1.50
2012.06.12 13:07:27.586,0.99521,0.99531,1.50,1.50
2012.06.12 13:07:27.782,0.99519,0.99531,1.50,1.50
2012.06.12 13:07:28.313,0.99518,0.99531,1.88,1.50
2012.06.12 13:07:28.462,0.99516,0.99525,4.50,1.13
2012.06.12 13:07:28.822,0.99511,0.99515,2.25,1.73
2012.06.12 13:07:28.969,0.99507,0.99514,1.13,1.88
2012.06.12 13:07:29.189,0.99507,0.99512,1.13,1.50
2012.06.12 13:07:29.615,0.99498,0.99512,1.90,1.50
2012.06.12 13:07:29.746,0.995,0.99513,1.88,2.25
2012.06.12 13:07:30.026,0.99507,0.99513,2.56,1.50
2012.06.12 13:07:30.309,0.99507,0.99517,5.93,1.50
2012.06.12 13:07:30.876,0.99508,0.99518,2.25,1.50
2012.06.12 13:07:33.934,0.99507,0.99518,2.63,2.25
2012.06.12 13:07:34.286,0.99501,0.99513,1.15,2.25
2012.06.12 13:07:34.613,0.99501,0.99515,1.13,3.38
2012.06.12 13:07:34.742,0.99501,0.99515,1.13,3.38
2012.06.12 13:07:34.873,0.99501,0.99515,1.13,4.13
2012.06.12 13:07:35.568,0.99499,0.99513,4.32,2.63
2012.06.12 13:07:36.076,0.99499,0.99511,4.13,1.50
2012.06.12 13:07:36.606,0.99498,0.99511,3.00,1.50
2012.06.12 13:07:36.955,0.99498,0.99511,2.25,1.50
2012.06.12 13:07:37.515,0.99498,0.99509,2.25,1.50
2012.06.12 13:07:39.273,0.99498,0.99509,1.88,1.50
2012.06.12 13:07:39.851,0.99499,0.9951,2.82,1.50
2012.06.12 13:07:40.165,0.99499,0.9951,5.07,1.50
2012.06.12 13:07:40.697,0.99499,0.99509,2.82,1.50
2012.06.12 13:07:40.897,0.99503,0.99511,1.13,1.50
2012.06.12 13:07:41.039,0.99504,0.99514,2.63,1.50
2012.06.12 13:07:41.116,0.99504,0.99514,1.88,1.50
2012.06.12 13:07:41.453,0.99504,0.99515,1.88,3.00
2012.06.12 13:07:42.046,0.99504,0.99517,1.88,3.00
2012.06.12 13:07:42.115,0.99502,0.99516,2.07,2.63
2012.06.12 13:07:42.645,0.99502,0.99516,1.88,2.63
2012.06.12 13:07:43.905,0.99502,0.99515,4.13,1.50
2012.06.12 13:07:44.737,0.99502,0.99514,4.13,1.50
2012.06.12 13:07:45.735,0.99502,0.99514,1.88,1.50
2012.06.12 13:07:45.877,0.99502,0.99515,1.88,3.00
2012.06.12 13:07:46.425,0.99502,0.99515,1.88,1.50
2012.06.12 13:07:47.105,0.995,0.99512,1.88,2.25
2012.06.12 13:07:47.244,0.99498,0.99507,1.69,1.88
2012.06.12 13:07:47.669,0.99491,0.99505,2.83,1.50
2012.06.12 13:07:47.745,0.99491,0.99503,2.46,1.50
2012.06.12 13:07:48.264,0.99491,0.99504,1.90,1.50
2012.06.12 13:07:48.587,0.99491,0.99506,1.90,2.63
2012.06.12 13:07:48.660,0.99491,0.99502,1.90,1.50
2012.06.12 13:07:49.055,0.99491,0.99502,2.08,1.50
2012.06.12 13:07:49.576,0.99491,0.99503,4.32,1.50
2012.06.12 13:07:50.094,0.99491,0.99503,1.88,1.50
2012.06.12 13:07:51.403,0.99491,0.99503,1.88,2.25
2012.06.12 13:07:51.945,0.9949,0.99502,4.13,1.50
2012.06.12 13:07:53.057,0.99491,0.99502,1.88,1.50
2012.06.12 13:07:53.181,0.99491,0.99504,1.88,1.50
2012.06.12 13:07:53.432,0.99491,0.99505,1.88,3.75
2012.06.12 13:07:53.935,0.9949,0.99502,2.25,1.50
2012.06.12 13:07:54.442,0.99487,0.99502,4.06,1.50
2012.06.12 13:07:54.775,0.99487,0.99502,2.25,2.25
2012.06.12 13:07:55.136,0.99494,0.99502,1.88,2.25
2012.06.12 13:07:55.416,0.99494,0.99504,1.88,2.10
2012.06.12 13:07:56.295,0.99494,0.99506,1.88,1.13
2012.06.12 13:07:56.365,0.99494,0.99509,1.88,3.94
2012.06.12 13:07:56.573,0.99497,0.99508,2.25,1.88
2012.06.12 13:07:57.095,0.99496,0.99508,2.63,1.88
2012.06.12 13:07:57.624,0.99496,0.99508,2.63,3.38
2012.06.12 13:07:58.005,0.99494,0.99506,2.25,1.50
2012.06.12 13:07:58.748,0.99494,0.99505,2.25,1.50
2012.06.12 13:07:58.828,0.99494,0.99507,2.25,1.50
2012.06.12 13:07:59.108,0.99497,0.99508,1.50,2.25
2012.06.12 13:07:59.255,0.99497,0.9951,3.75,3.75
2012.06.12 13:07:59.818,0.99497,0.9951,2.25,1.95
2012.06.12 13:08:00.398,0.99497,0.9951,2.25,2.70
2012.06.12 13:08:00.696,0.99497,0.99507,2.25,1.88
2012.06.12 13:08:01.280,0.99494,0.99507,4.50,1.88
2012.06.12 13:08:03.135,0.99494,0.99507,2.63,3.75
2012.06.12 13:08:03.206,0.99494,0.99506,2.25,1.13
2012.06.12 13:08:03.766,0.99493,0.99505,2.25,2.25
2012.06.12 13:08:04.210,0.99489,0.99502,2.82,3.38
2012.06.12 13:08:04.555,0.99488,0.99502,1.88,4.32
2012.06.12 13:08:05.711,0.99488,0.99502,1.88,2.82
2012.06.12 13:08:06.543,0.99487,0.995,2.63,1.88
2012.06.12 13:08:06.953,0.99485,0.99499,1.88,2.63
2012.06.12 13:08:07.364,0.99485,0.99499,1.88,3.38
2012.06.12 13:08:07.755,0.99485,0.99497,1.88,1.50
2012.06.12 13:08:08.017,0.99483,0.99497,1.69,1.50
2012.06.12 13:08:08.220,0.99482,0.99497,4.13,2.25
2012.06.12 13:08:08.775,0.99482,0.99495,4.13,1.50
2012.06.12 13:08:09.104,0.99484,0.99496,3.38,1.50
2012.06.12 13:08:09.244,0.99484,0.99496,3.38,1.50
2012.06.12 13:08:10.225,0.99486,0.99496,1.88,2.25
2012.06.12 13:08:10.558,0.99488,0.99499,1.88,1.50
2012.06.12 13:08:10.836,0.99488,0.995,1.88,1.50
2012.06.12 13:08:11.529,0.9949,0.99502,1.88,3.00
2012.06.12 13:08:14.315,0.99491,0.99502,1.88,1.50
2012.06.12 13:08:15.336,0.9949,0.99502,1.88,3.00
2012.06.12 13:08:15.675,0.99486,0.995,2.07,1.50
2012.06.12 13:08:16.205,0.99485,0.99499,1.32,1.50
2012.06.12 13:08:16.744,0.99486,0.995,1.88,1.50
2012.06.12 13:08:18.035,0.99489,0.995,1.88,1.50
2012.06.12 13:08:18.233,0.99489,0.99503,1.88,3.19
2012.06.12 13:08:18.485,0.99489,0.99502,1.88,1.50
2012.06.12 13:08:18.910,0.99489,0.99504,1.88,2.25
2012.06.12 13:08:19.523,0.99489,0.99501,1.88,1.50
2012.06.12 13:08:20.016,0.99489,0.99502,1.88,1.50
2012.06.12 13:08:20.229,0.99493,0.99502,1.88,1.50
2012.06.12 13:08:20.378,0.99493,0.99507,1.88,3.19
2012.06.12 13:08:20.459,0.99497,0.99507,1.88,2.44
2012.06.12 13:08:20.537,0.99497,0.99507,2.25,1.50
2012.06.12 13:08:20.605,0.99497,0.99509,2.25,2.25
2012.06.12 13:08:21.075,0.99499,0.9951,1.88,4.06
2012.06.12 13:08:21.635,0.99498,0.99511,1.88,1.50
2012.06.12 13:08:22.184,0.99498,0.99511,1.88,1.50
2012.06.12 13:08:22.814,0.99498,0.9951,1.88,1.50
2012.06.12 13:08:23.329,0.99498,0.99511,1.88,1.50
2012.06.12 13:08:23.645,0.99505,0.99512,1.88,1.50
2012.06.12 13:08:24.173,0.99506,0.99512,1.88,1.50
2012.06.12 13:08:24.319,0.99503,0.99515,5.18,1.50
2012.06.12 13:08:24.467,0.99502,0.9951,2.25,1.50
2012.06.12 13:08:25.386,0.99502,0.99512,1.88,1.50
2012.06.12 13:08:25.584,0.99502,0.99512,1.88,1.50
2012.06.12 13:08:26.373,0.99502,0.99512,1.88,1.50
2012.06.12 13:08:26.502,0.995,0.99514,1.88,1.50
2012.06.12 13:08:26.775,0.99498,0.99513,1.88,1.50
2012.06.12 13:08:26.919,0.99498,0.9951,1.88,2.25
2012.06.12 13:08:27.525,0.99498,0.99509,1.88,1.50
2012.06.12 13:08:28.036,0.99497,0.99509,1.88,1.50
2012.06.12 13:08:28.388,0.99499,0.9951,2.25,1.50
2012.06.12 13:08:28.729,0.99502,0.99515,1.13,3.00
2012.06.12 13:08:29.277,0.99505,0.99515,2.25,2.63
2012.06.12 13:08:29.417,0.99501,0.99513,3.94,1.50
2012.06.12 13:08:30.022,0.99501,0.99513,2.44,1.50
2012.06.12 13:08:30.098,0.99501,0.99515,2.44,3.38
2012.06.12 13:08:30.615,0.99502,0.99515,1.88,1.50
2012.06.12 13:08:31.144,0.99502,0.99514,1.88,1.13
2012.06.12 13:08:31.704,0.995,0.99511,2.25,1.73
2012.06.12 13:08:32.254,0.995,0.99511,1.88,1.73
2012.06.12 13:08:32.755,0.995,0.9951,1.88,1.92
2012.06.12 13:08:33.336,0.99501,0.9951,1.88,1.92
2012.06.12 13:08:34.430,0.99501,0.99511,1.88,1.62
2012.06.12 13:08:34.904,0.99507,0.99512,1.88,2.25
2012.06.12 13:08:35.168,0.99507,0.99521,1.88,4.69
2012.06.12 13:08:36.120,0.99504,0.99517,2.25,1.50
2012.06.12 13:08:36.652,0.99506,0.9952,1.88,3.57
2012.06.12 13:08:37.347,0.99508,0.99518,1.88,1.13
2012.06.12 13:08:39.443,0.99508,0.99519,1.88,1.50
2012.06.12 13:08:39.972,0.99509,0.99519,1.88,1.50
2012.06.12 13:08:41.573,0.99505,0.99519,2.63,1.50
2012.06.12 13:08:41.644,0.99505,0.99519,2.63,2.25
2012.06.12 13:08:42.154,0.99505,0.99519,1.88,3.00
2012.06.12 13:08:42.665,0.99504,0.99517,2.25,1.50
2012.06.12 13:08:43.605,0.99504,0.99517,1.88,2.25
2012.06.12 13:08:44.134,0.99504,0.99516,1.88,1.50
2012.06.12 13:08:44.736,0.99504,0.99516,1.88,1.50
2012.06.12 13:08:45.055,0.99506,0.99519,1.88,1.50
2012.06.12 13:08:45.304,0.99506,0.99519,1.88,1.50
2012.06.12 13:08:45.842,0.99506,0.9952,1.88,3.00
2012.06.12 13:08:49.887,0.99507,0.99522,1.50,5.25
2012.06.12 13:08:50.443,0.99507,0.99522,1.50,4.50
2012.06.12 13:08:51.453,0.99507,0.99522,1.88,3.75
2012.06.12 13:08:51.524,0.99514,0.99522,1.88,1.50
2012.06.12 13:08:51.595,0.99514,0.99523,1.88,2.25
2012.06.12 13:08:52.043,0.99514,0.99527,1.88,1.88
2012.06.12 13:08:52.113,0.99514,0.99527,1.88,1.88
2012.06.12 13:08:52.975,0.99514,0.99526,1.88,1.50
2012.06.12 13:08:53.513,0.99515,0.99526,1.88,2.25
2012.06.12 13:08:54.395,0.99517,0.99528,1.88,1.13
2012.06.12 13:08:54.926,0.99517,0.99529,1.88,1.13
2012.06.12 13:08:55.305,0.99517,0.99529,1.88,1.13
2012.06.12 13:08:55.624,0.99515,0.99528,1.88,2.25
2012.06.12 13:08:55.763,0.99515,0.99526,1.88,1.50
2012.06.12 13:08:56.267,0.99515,0.99524,1.88,1.50
2012.06.12 13:08:56.337,0.99515,0.99527,1.88,1.50
2012.06.12 13:08:56.645,0.99513,0.99527,1.88,2.63
2012.06.12 13:08:58.305,0.99513,0.99527,2.25,1.13
2012.06.12 13:08:58.576,0.99513,0.99527,2.25,1.13
2012.06.12 13:08:58.647,0.99513,0.99527,2.25,1.88
2012.06.12 13:08:59.082,0.99515,0.99527,2.63,1.13
2012.06.12 13:08:59.447,0.99517,0.99531,2.07,1.50
2012.06.12 13:09:00.027,0.99517,0.99531,3.57,1.50
2012.06.12 13:09:00.565,0.9952,0.99531,1.88,3.00
2012.06.12 13:09:01.057,0.9952,0.99531,1.88,1.50
2012.06.12 13:09:01.548,0.9952,0.99531,1.88,1.50
2012.06.12 13:09:01.956,0.99517,0.9953,1.88,2.25
2012.06.12 13:09:02.096,0.99517,0.9953,1.88,2.25
2012.06.12 13:09:02.636,0.99517,0.99529,1.88,4.69
2012.06.12 13:09:05.036,0.99517,0.9953,1.88,3.38
2012.06.12 13:09:05.388,0.99521,0.9953,1.88,1.13
2012.06.12 13:09:05.459,0.99518,0.9953,1.88,1.88
2012.06.12 13:09:05.958,0.99516,0.99529,1.88,2.63
2012.06.12 13:09:06.284,0.99516,0.99529,1.88,3.38
2012.06.12 13:09:09.633,0.99514,0.99528,2.07,3.00
2012.06.12 13:09:10.182,0.99514,0.99525,1.88,1.50
2012.06.12 13:09:10.805,0.99512,0.99526,2.07,3.75
2012.06.12 13:09:11.343,0.99512,0.99526,2.07,3.75
2012.06.12 13:09:11.864,0.99512,0.99526,1.88,3.75
2012.06.12 13:09:13.060,0.99512,0.99525,1.88,1.69
2012.06.12 13:09:13.145,0.99509,0.99522,1.88,2.25
2012.06.12 13:09:13.857,0.99509,0.99523,1.88,1.50
2012.06.12 13:09:13.999,0.99506,0.9952,2.25,3.38
2012.06.12 13:09:14.544,0.99506,0.9952,1.88,4.13
2012.06.12 13:09:15.096,0.99506,0.99519,2.25,1.50
2012.06.12 13:09:15.635,0.99506,0.9952,1.88,4.50
2012.06.12 13:09:16.192,0.99505,0.99519,3.00,1.88
2012.06.12 13:09:17.784,0.99506,0.9952,1.88,4.88
2012.06.12 13:09:19.144,0.99506,0.99519,1.88,2.25
2012.06.12 13:09:19.514,0.9951,0.9952,1.88,1.13
2012.06.12 13:09:19.856,0.99513,0.99527,1.50,3.00
2012.06.12 13:09:19.927,0.99515,0.99527,1.50,1.50
2012.06.12 13:09:20.644,0.99512,0.99528,4.50,3.38
2012.06.12 13:09:21.213,0.99512,0.99527,2.63,3.38
2012.06.12 13:09:21.553,0.99509,0.99523,6.38,1.88
2012.06.12 13:09:22.335,0.9951,0.99523,1.13,1.88
2012.06.12 13:09:22.846,0.9951,0.99524,3.00,2.63
2012.06.12 13:09:23.557,0.9951,0.99523,2.25,1.50
2012.06.12 13:09:23.867,0.9951,0.99521,1.88,1.50
2012.06.12 13:09:23.996,0.9951,0.99524,1.88,4.88
2012.06.12 13:09:24.123,0.9951,0.99524,1.88,5.63
2012.06.12 13:09:24.425,0.99508,0.9952,2.82,2.25
2012.06.12 13:09:24.565,0.99508,0.99523,2.63,5.56
2012.06.12 13:09:24.703,0.99508,0.99521,4.13,1.13
2012.06.12 13:09:24.776,0.99508,0.99523,4.13,2.25
2012.06.12 13:09:25.313,0.9951,0.99523,1.88,2.25
2012.06.12 13:09:25.625,0.9951,0.99525,4.13,3.19
2012.06.12 13:09:26.153,0.9951,0.99525,4.13,3.19
2012.06.12 13:09:28.284,0.99509,0.99524,3.00,3.00
2012.06.12 13:09:28.355,0.99509,0.99521,1.13,1.88
2012.06.12 13:09:28.873,0.99507,0.99521,4.81,1.88
2012.06.12 13:09:29.563,0.99507,0.99521,4.50,1.88
2012.06.12 13:09:29.997,0.99509,0.99523,1.50,1.50
2012.06.12 13:09:30.275,0.99512,0.99524,1.88,1.69
2012.06.12 13:09:30.682,0.99512,0.99526,1.88,4.13
2012.06.12 13:09:31.365,0.99512,0.99526,1.88,6.38
2012.06.12 13:09:32.052,0.99512,0.99526,1.88,6.38
2012.06.12 13:09:38.218,0.99515,0.99528,2.07,1.13
2012.06.12 13:09:38.766,0.99516,0.99529,1.69,3.38
2012.06.12 13:09:39.164,0.99515,0.99528,2.82,2.25
2012.06.12 13:09:40.186,0.99514,0.99529,1.50,3.38
2012.06.12 13:09:40.981,0.99514,0.99525,1.50,2.63
2012.06.12 13:09:41.495,0.99509,0.99524,3.19,1.50
2012.06.12 13:09:41.638,0.99514,0.99526,1.50,6.00
2012.06.12 13:09:42.606,0.99514,0.99528,1.50,3.57
2012.06.12 13:09:44.849,0.99515,0.99528,1.50,2.63
2012.06.12 13:09:45.632,0.99516,0.99529,2.07,2.25
2012.06.12 13:09:47.454,0.99516,0.99529,2.07,1.50
2012.06.12 13:09:48.043,0.99515,0.99529,1.88,3.38
2012.06.12 13:09:48.113,0.99515,0.99529,1.88,4.13
2012.06.12 13:09:49.005,0.99515,0.99529,1.88,3.38
2012.06.12 13:09:49.291,0.99515,0.99529,1.88,3.38
2012.06.12 13:09:51.616,0.99513,0.99527,2.07,2.63
2012.06.12 13:09:51.895,0.99511,0.99526,2.63,2.25
2012.06.12 13:09:52.527,0.99512,0.99527,1.50,4.13
2012.06.12 13:09:52.657,0.99515,0.99527,1.88,2.25
2012.06.12 13:09:52.728,0.99515,0.99527,1.88,2.25
2012.06.12 13:09:53.335,0.99518,0.99529,1.50,2.63
2012.06.12 13:09:53.544,0.99518,0.9953,1.50,1.69
2012.06.12 13:09:53.685,0.99521,0.99532,1.88,2.48
2012.06.12 13:09:53.760,0.99523,0.99534,1.50,3.75
2012.06.12 13:09:53.838,0.99526,0.99537,1.50,2.25
2012.06.12 13:09:53.916,0.99526,0.9954,1.50,2.10
2012.06.12 13:09:54.043,0.99526,0.99541,1.50,2.44
2012.06.12 13:09:54.418,0.99533,0.99543,1.88,3.31
2012.06.12 13:09:54.776,0.99537,0.99549,1.50,2.25
2012.06.12 13:09:54.844,0.99535,0.99549,1.69,2.25
2012.06.12 13:09:55.311,0.99535,0.99549,6.31,1.88
2012.06.12 13:09:55.624,0.99536,0.99551,2.07,1.88
2012.06.12 13:09:56.506,0.99535,0.9955,7.06,1.50
2012.06.12 13:09:57.072,0.99535,0.99548,5.18,1.88
2012.06.12 13:09:57.572,0.99535,0.99547,2.93,1.50
2012.06.12 13:09:58.136,0.99534,0.99547,1.50,1.88
2012.06.12 13:09:59.168,0.99534,0.99549,1.50,3.38
2012.06.12 13:09:59.366,0.99534,0.99549,2.93,3.38
2012.06.12 13:09:59.876,0.99534,0.99547,2.18,1.50
2012.06.12 13:10:00.574,0.99533,0.99547,2.25,1.50
2012.06.12 13:10:00.717,0.99532,0.99543,1.13,1.50
2012.06.12 13:10:01.116,0.9953,0.99543,2.25,1.50
2012.06.12 13:10:01.328,0.99535,0.99543,1.88,1.50
2012.06.12 13:10:01.818,0.99536,0.99549,1.88,2.63
2012.06.12 13:10:02.355,0.99538,0.99549,1.69,1.88
2012.06.12 13:10:02.665,0.99538,0.99551,1.69,2.48
2012.06.12 13:10:03.334,0.99538,0.99551,2.07,2.48
2012.06.12 13:10:03.676,0.9954,0.99554,2.44,1.88
2012.06.12 13:10:04.842,0.99539,0.99554,2.44,1.88
2012.06.12 13:10:05.407,0.99539,0.99553,2.44,1.88
2012.06.12 13:10:06.203,0.99537,0.99552,6.68,1.88
2012.06.12 13:10:07.293,0.99537,0.9955,2.93,1.88
2012.06.12 13:10:08.726,0.99539,0.99551,1.69,1.88
2012.06.12 13:10:09.073,0.99537,0.99549,2.07,1.88
2012.06.12 13:10:09.428,0.99536,0.99546,2.18,1.88
2012.06.12 13:10:09.704,0.99533,0.99546,6.68,1.88
2012.06.12 13:10:10.607,0.99533,0.99549,8.56,1.88
2012.06.12 13:10:10.874,0.99533,0.99548,3.38,1.50
2012.06.12 13:10:11.359,0.99533,0.99546,1.50,1.88
2012.06.12 13:10:12.196,0.99531,0.99546,4.32,1.88
2012.06.12 13:10:12.393,0.99533,0.99547,1.88,4.13
2012.06.12 13:10:13.075,0.99537,0.99548,1.88,2.25
2012.06.12 13:10:13.428,0.99542,0.99549,5.18,1.13
2012.06.12 13:10:13.790,0.9955,0.99555,1.50,2.25
2012.06.12 13:10:14.309,0.99556,0.99562,2.07,1.50
2012.06.12 13:10:14.860,0.99551,0.9957,2.63,2.10
2012.06.12 13:10:15.076,0.99556,0.9957,2.07,1.35
2012.06.12 13:10:15.357,0.99556,0.99571,4.32,1.50
2012.06.12 13:10:15.438,0.99559,0.99571,1.50,1.50
2012.06.12 13:10:15.784,0.99564,0.99576,1.88,1.69
2012.06.12 13:10:16.186,0.99562,0.99576,1.88,2.82
2012.06.12 13:10:16.315,0.99562,0.99575,1.88,1.69
2012.06.12 13:10:16.520,0.9956,0.99573,1.50,3.38
2012.06.12 13:10:16.736,0.99557,0.99571,1.32,2.25
2012.06.12 13:10:17.289,0.99555,0.9957,4.06,2.63
2012.06.12 13:10:17.370,0.99555,0.9957,1.88,2.82
2012.06.12 13:10:17.664,0.99559,0.99572,1.13,1.50
2012.06.12 13:10:18.007,0.9957,0.99578,2.48,1.50
2012.06.12 13:10:18.362,0.99574,0.99587,1.50,4.13
2012.06.12 13:10:18.707,0.99576,0.99587,2.25,3.75
2012.06.12 13:10:19.185,0.99576,0.99587,2.25,3.75
2012.06.12 13:10:19.454,0.99575,0.99587,2.25,3.38
2012.06.12 13:10:19.806,0.99576,0.99589,2.25,1.13
2012.06.12 13:10:20.311,0.99578,0.99591,2.25,5.56
2012.06.12 13:10:20.459,0.99572,0.9959,3.38,1.88
2012.06.12 13:10:20.535,0.99578,0.99592,2.25,2.25
2012.06.12 13:10:21.395,0.9958,0.99593,2.25,5.25
2012.06.12 13:10:21.467,0.9958,0.99593,2.25,3.00
2012.06.12 13:10:21.533,0.99582,0.99593,2.25,3.00
2012.06.12 13:10:21.863,0.99584,0.99593,2.25,2.25
2012.06.12 13:10:22.419,0.99585,0.99596,2.25,3.75
2012.06.12 13:10:22.918,0.99586,0.99602,2.25,3.19
2012.06.12 13:10:23.198,0.99586,0.99597,2.25,2.25
2012.06.12 13:10:23.733,0.99585,0.99597,2.25,4.13
2012.06.12 13:10:26.060,0.99585,0.99595,2.25,1.88
2012.06.12 13:10:26.206,0.99579,0.99591,5.25,1.13
2012.06.12 13:10:26.276,0.99579,0.9959,2.63,2.25
2012.06.12 13:10:26.352,0.99577,0.99583,2.85,1.88
2012.06.12 13:10:26.430,0.99573,0.99583,2.63,1.88
2012.06.12 13:10:26.577,0.99571,0.99583,2.25,3.00
2012.06.12 13:10:26.719,0.9957,0.99582,2.25,2.25
2012.06.12 13:10:27.067,0.99569,0.99578,2.25,1.88
2012.06.12 13:10:27.622,0.99568,0.9958,2.25,1.88
2012.06.12 13:10:27.905,0.99571,0.9958,2.25,1.88
2012.06.12 13:10:28.427,0.9957,0.9958,2.25,1.88
2012.06.12 13:10:28.829,0.9957,0.99574,2.25,1.88
2012.06.12 13:10:29.115,0.99563,0.99574,2.63,3.38
2012.06.12 13:10:29.185,0.99563,0.99571,2.25,1.88
2012.06.12 13:10:29.388,0.99561,0.99571,2.27,1.88
2012.06.12 13:10:29.719,0.99561,0.99574,2.27,2.63
2012.06.12 13:10:30.065,0.99564,0.99574,2.25,1.88
2012.06.12 13:10:30.653,0.99564,0.99576,2.25,6.04
2012.06.12 13:10:31.336,0.9957,0.99579,2.25,1.88
2012.06.12 13:10:31.714,0.99566,0.99579,4.13,1.13
2012.06.12 13:10:31.985,0.99568,0.99579,2.25,1.13
2012.06.12 13:10:32.409,0.99566,0.99578,2.25,1.50
2012.06.12 13:10:33.043,0.99566,0.99579,2.25,1.69
2012.06.12 13:10:34.130,0.99568,0.99579,2.25,3.57
2012.06.12 13:10:34.465,0.9957,0.99579,2.25,1.88
2012.06.12 13:10:34.594,0.9957,0.99581,2.25,1.88
2012.06.12 13:10:34.984,0.99571,0.99584,1.88,3.38
2012.06.12 13:10:35.521,0.99571,0.99584,4.13,2.63
2012.06.12 13:10:35.665,0.99571,0.99582,4.13,1.50
2012.06.12 13:10:36.496,0.9957,0.99582,2.25,2.63
2012.06.12 13:10:37.657,0.99575,0.99584,2.25,2.82
2012.06.12 13:10:37.925,0.99575,0.99584,2.25,1.88
2012.06.12 13:10:38.478,0.99574,0.99584,2.25,1.88
2012.06.12 13:10:38.554,0.99575,0.99587,2.25,4.13
2012.06.12 13:10:39.576,0.99575,0.99585,2.25,1.88
2012.06.12 13:10:39.719,0.99579,0.99585,2.25,2.63
2012.06.12 13:10:39.872,0.99571,0.99586,1.88,3.00
2012.06.12 13:10:39.949,0.99573,0.99586,1.50,3.00
2012.06.12 13:10:40.345,0.9957,0.99586,4.32,2.63
2012.06.12 13:10:40.484,0.99576,0.99586,2.25,2.63
2012.06.12 13:10:40.624,0.99574,0.99586,1.50,2.25
2012.06.12 13:10:40.763,0.99572,0.99587,2.25,1.13
2012.06.12 13:10:41.268,0.99572,0.99588,2.25,5.07
2012.06.12 13:10:42.084,0.99571,0.99587,8.93,3.38
2012.06.12 13:10:42.875,0.99574,0.99587,1.50,1.88
2012.06.12 13:10:43.385,0.99572,0.99588,4.88,3.57
2012.06.12 13:10:43.723,0.99574,0.99588,1.50,2.82
2012.06.12 13:10:43.794,0.99572,0.99588,1.88,2.82
2012.06.12 13:10:44.355,0.99571,0.99587,3.38,2.63
2012.06.12 13:10:44.875,0.99573,0.99587,1.50,3.00
2012.06.12 13:10:45.017,0.99573,0.99589,3.57,3.00
2012.06.12 13:10:45.369,0.99573,0.99589,4.13,4.88
2012.06.12 13:10:45.516,0.99573,0.99589,4.50,2.63
2012.06.12 13:10:46.053,0.99573,0.99588,1.13,4.32
2012.06.12 13:10:46.765,0.99574,0.99588,1.13,4.32
2012.06.12 13:10:47.346,0.99571,0.99579,1.88,1.88
2012.06.12 13:10:47.499,0.99565,0.99575,1.32,1.88
2012.06.12 13:10:47.580,0.99565,0.99574,1.13,1.13
2012.06.12 13:10:47.936,0.99562,0.9957,2.25,1.88
2012.06.12 13:10:48.707,0.99559,0.9957,1.50,1.88
2012.06.12 13:10:48.846,0.99558,0.9957,1.50,1.88
2012.06.12 13:10:48.916,0.99558,0.9957,1.50,1.88
2012.06.12 13:10:48.986,0.99558,0.99572,1.69,1.88
2012.06.12 13:10:49.335,0.99562,0.99572,1.50,1.88
2012.06.12 13:10:49.605,0.9956,0.99572,2.25,1.88
2012.06.12 13:10:49.817,0.9956,0.99574,4.50,2.25
2012.06.12 13:10:50.018,0.99562,0.99574,1.13,1.88
2012.06.12 13:10:50.426,0.99564,0.99577,2.25,5.29
2012.06.12 13:10:51.253,0.99564,0.99577,3.00,2.85
2012.06.12 13:10:52.246,0.99562,0.99577,2.63,2.85
2012.06.12 13:10:53.045,0.99564,0.99577,1.88,2.85
2012.06.12 13:10:53.246,0.99566,0.99581,2.25,2.25
2012.06.12 13:10:53.317,0.99566,0.99581,3.00,2.25
2012.06.12 13:10:53.447,0.99566,0.99581,3.00,1.88
2012.06.12 13:10:54.606,0.9957,0.99582,2.63,1.50
2012.06.12 13:10:54.819,0.99573,0.99584,2.07,1.50
2012.06.12 13:10:54.899,0.99573,0.99584,2.82,1.50
2012.06.12 13:10:55.120,0.99576,0.99587,2.25,2.25
2012.06.12 13:10:55.464,0.99574,0.99583,1.50,1.50
2012.06.12 13:10:55.766,0.99574,0.99583,1.50,1.50
2012.06.12 13:10:56.047,0.99573,0.99583,3.57,1.50
2012.06.12 13:10:56.585,0.99575,0.99583,1.50,1.50
2012.06.12 13:10:56.799,0.99577,0.99588,2.63,1.50
2012.06.12 13:10:57.364,0.99577,0.99592,4.13,1.81
2012.06.12 13:10:57.436,0.99577,0.99593,4.32,6.00
2012.06.12 13:10:57.938,0.9958,0.99593,1.50,4.50
2012.06.12 13:10:58.977,0.9958,0.99593,2.25,2.25
2012.06.12 13:10:59.888,0.9958,0.99594,3.38,3.23
2012.06.12 13:11:00.235,0.99577,0.99589,2.44,1.88
2012.06.12 13:11:00.309,0.99577,0.99589,2.25,1.88
2012.06.12 13:11:00.835,0.99577,0.99589,1.50,1.88
2012.06.12 13:11:01.133,0.99576,0.99588,2.25,1.88
2012.06.12 13:11:01.667,0.99575,0.99588,1.50,3.75
2012.06.12 13:11:02.414,0.99573,0.99586,2.25,1.88
2012.06.12 13:11:02.758,0.9957,0.99583,3.00,2.25
2012.06.12 13:11:03.247,0.99566,0.9958,5.25,3.38
2012.06.12 13:11:03.983,0.99568,0.9958,1.50,1.88
2012.06.12 13:11:04.503,0.99566,0.9958,4.88,1.88
2012.06.12 13:11:04.865,0.99566,0.9958,4.13,1.88
2012.06.12 13:11:05.108,0.99565,0.9958,1.50,1.88
2012.06.12 13:11:05.735,0.99566,0.9958,2.25,2.07
2012.06.12 13:11:06.086,0.99566,0.99581,2.25,2.07
2012.06.12 13:11:07.329,0.99566,0.9958,1.50,1.69
2012.06.12 13:11:07.954,0.99566,0.99581,1.50,1.88
2012.06.12 13:11:08.654,0.99566,0.9958,1.50,1.88
2012.06.12 13:11:09.023,0.99566,0.9958,3.00,1.88
2012.06.12 13:11:09.592,0.99566,0.9958,2.25,1.88
2012.06.12 13:11:10.545,0.99566,0.9958,2.63,1.88
2012.06.12 13:11:11.102,0.99565,0.9958,1.88,3.38
2012.06.12 13:11:11.466,0.99568,0.99579,1.50,1.88
2012.06.12 13:11:12.202,0.99568,0.99582,5.07,2.63
2012.06.12 13:11:12.415,0.99571,0.99584,2.63,1.88
2012.06.12 13:11:12.616,0.99572,0.99586,1.88,2.63
2012.06.12 13:11:12.759,0.99572,0.99587,2.63,1.13
2012.06.12 13:11:13.176,0.99575,0.99588,1.50,2.07
2012.06.12 13:11:13.808,0.99575,0.99587,1.50,1.50
2012.06.12 13:11:14.323,0.99575,0.99588,1.50,2.07
2012.06.12 13:11:14.992,0.99575,0.99588,1.50,2.07
2012.06.12 13:11:15.515,0.99575,0.99587,1.50,3.38
2012.06.12 13:11:17.529,0.99575,0.99588,2.25,3.57
2012.06.12 13:11:18.078,0.99575,0.99587,2.25,1.50
2012.06.12 13:11:18.284,0.99575,0.99584,2.25,1.88
2012.06.12 13:11:18.815,0.99575,0.99587,1.50,3.31
2012.06.12 13:11:18.956,0.99575,0.99587,1.50,1.50
2012.06.12 13:11:19.527,0.99576,0.99588,1.50,1.88
2012.06.12 13:11:22.474,0.99576,0.99589,1.50,1.88
2012.06.12 13:11:22.618,0.99577,0.99592,3.75,1.13
2012.06.12 13:11:23.156,0.99579,0.99593,1.50,2.44
2012.06.12 13:11:23.702,0.99578,0.99592,3.38,2.63
2012.06.12 13:11:24.427,0.9958,0.99592,1.50,2.63
2012.06.12 13:11:24.768,0.99584,0.99597,1.50,4.88
2012.06.12 13:11:25.320,0.99584,0.99597,1.50,2.25
2012.06.12 13:11:25.631,0.99581,0.99594,2.25,1.88
2012.06.12 13:11:26.509,0.99583,0.99597,2.63,2.25
2012.06.12 13:11:26.717,0.99584,0.99597,2.25,1.88
2012.06.12 13:11:27.244,0.99586,0.99599,3.38,1.81
2012.06.12 13:11:27.317,0.99587,0.99601,1.50,5.03
2012.06.12 13:11:27.456,0.99587,0.99601,1.50,2.18
2012.06.12 13:11:28.188,0.99588,0.99602,4.13,4.13
2012.06.12 13:11:28.655,0.99588,0.99602,4.13,4.13
2012.06.12 13:11:29.163,0.99589,0.99602,2.63,2.25
2012.06.12 13:11:29.524,0.99589,0.99603,2.63,4.50
2012.06.12 13:11:30.344,0.9959,0.99603,1.50,4.88
2012.06.12 13:11:30.678,0.99588,0.996,1.50,2.25
2012.06.12 13:11:31.028,0.99587,0.99599,1.50,2.07
2012.06.12 13:11:31.168,0.99586,0.99599,1.50,2.07
2012.06.12 13:11:31.634,0.99587,0.99601,3.38,6.38
2012.06.12 13:11:32.191,0.99588,0.99601,1.50,2.63
2012.06.12 13:11:34.225,0.99588,0.99604,3.38,5.07
2012.06.12 13:11:35.364,0.99588,0.99603,5.25,2.25
2012.06.12 13:11:35.432,0.99588,0.99603,5.44,2.25
2012.06.12 13:11:36.905,0.99588,0.99602,4.32,2.25
2012.06.12 13:11:37.412,0.9959,0.99602,3.00,2.25
2012.06.12 13:11:37.964,0.9959,0.99605,4.13,3.60
2012.06.12 13:11:40.084,0.9959,0.99605,4.13,3.23
2012.06.12 13:11:40.434,0.99601,0.9961,1.50,2.33
2012.06.12 13:11:40.646,0.99603,0.99613,1.50,2.63
2012.06.12 13:11:40.787,0.99603,0.99616,1.50,1.81
2012.06.12 13:11:41.034,0.99603,0.99617,2.25,2.25
2012.06.12 13:11:41.850,0.99603,0.99617,4.13,2.25
2012.06.12 13:11:42.425,0.99603,0.99617,1.88,2.25
2012.06.12 13:11:44.523,0.99602,0.99616,5.63,1.88
2012.06.12 13:11:45.075,0.99602,0.99614,3.75,1.88
2012.06.12 13:11:45.422,0.99602,0.99611,1.50,1.88
2012.06.12 13:11:46.725,0.996,0.99613,1.88,1.88
2012.06.12 13:11:47.187,0.996,0.99613,3.19,1.88
2012.06.12 13:11:47.495,0.99602,0.99616,4.13,3.75
2012.06.12 13:11:47.816,0.99603,0.99613,1.69,1.88
2012.06.12 13:11:47.890,0.99601,0.99613,1.13,1.88
2012.06.12 13:11:49.494,0.99601,0.9961,1.50,1.50
2012.06.12 13:11:49.756,0.996,0.99613,2.25,1.69
2012.06.12 13:11:50.087,0.996,0.99614,1.50,1.88
2012.06.12 13:11:50.627,0.99601,0.99614,1.50,1.88
2012.06.12 13:11:51.186,0.99602,0.99614,2.25,1.88
2012.06.12 13:11:51.766,0.99602,0.99614,1.50,1.88
2012.06.12 13:11:51.838,0.99606,0.99617,1.88,1.13
2012.06.12 13:11:52.207,0.99606,0.99618,2.63,1.50
2012.06.12 13:11:52.287,0.99607,0.99622,3.00,4.13
2012.06.12 13:11:52.754,0.99609,0.99623,3.38,1.50
2012.06.12 13:11:53.346,0.99609,0.99625,3.38,4.73
2012.06.12 13:11:54.502,0.99609,0.99624,1.88,1.88
2012.06.12 13:11:55.055,0.99609,0.99623,2.63,1.88
2012.06.12 13:11:55.315,0.99609,0.99622,2.63,1.88
2012.06.12 13:11:55.446,0.99605,0.9962,3.94,2.25
2012.06.12 13:11:55.716,0.99604,0.99616,2.63,1.50
2012.06.12 13:11:56.224,0.99604,0.99617,1.88,1.69
2012.06.12 13:11:56.916,0.99603,0.99617,3.00,1.69
2012.06.12 13:11:57.234,0.99601,0.99613,1.88,1.50
2012.06.12 13:11:57.795,0.99599,0.99613,3.00,1.88
2012.06.12 13:11:58.320,0.996,0.99614,2.63,2.25
2012.06.12 13:11:59.547,0.996,0.99613,2.63,1.13
2012.06.12 13:11:59.896,0.99591,0.99601,1.88,1.88
2012.06.12 13:11:59.966,0.99587,0.99601,1.13,1.88
2012.06.12 13:12:00.246,0.99584,0.99599,1.13,2.25
2012.06.12 13:12:00.624,0.99582,0.99597,2.82,1.50
2012.06.12 13:12:01.147,0.99583,0.99599,1.88,2.48
2012.06.12 13:12:02.696,0.99583,0.99598,1.13,4.13
2012.06.12 13:12:03.954,0.99581,0.99597,2.25,1.88
2012.06.12 13:12:04.273,0.99581,0.99597,1.50,1.88
2012.06.12 13:12:04.545,0.99581,0.99597,1.50,2.63
2012.06.12 13:12:05.127,0.99581,0.99592,1.50,2.25
2012.06.12 13:12:05.464,0.99581,0.99588,1.50,3.94
2012.06.12 13:12:06.009,0.99578,0.99587,1.50,1.50
2012.06.12 13:12:06.394,0.99574,0.99587,1.50,1.69
2012.06.12 13:12:06.535,0.99571,0.99587,1.88,2.44
2012.06.12 13:12:07.828,0.99571,0.99586,1.50,1.13
2012.06.12 13:12:07.969,0.99571,0.99585,1.50,1.50
2012.06.12 13:12:08.326,0.99567,0.99581,1.13,1.69
2012.06.12 13:12:08.664,0.99565,0.9958,1.50,5.25
2012.06.12 13:12:08.874,0.99565,0.99577,1.50,1.50
2012.06.12 13:12:09.138,0.99563,0.99577,1.13,1.50
2012.06.12 13:12:09.429,0.99562,0.99575,1.69,1.50
2012.06.12 13:12:09.945,0.9956,0.99575,2.56,1.50
2012.06.12 13:12:10.404,0.99561,0.99578,2.44,1.88
2012.06.12 13:12:10.798,0.99563,0.99579,2.25,3.38
2012.06.12 13:12:13.003,0.99564,0.99579,1.13,1.50
2012.06.12 13:12:13.454,0.99564,0.99579,2.56,1.50
2012.06.12 13:12:13.975,0.99564,0.9958,4.81,1.88
2012.06.12 13:12:14.506,0.99566,0.99583,4.88,3.98
2012.06.12 13:12:14.953,0.99566,0.99584,4.88,1.69
2012.06.12 13:12:15.591,0.99569,0.99584,1.88,1.50
2012.06.12 13:12:15.738,0.99571,0.99584,1.13,1.50
2012.06.12 13:12:15.959,0.99573,0.99586,1.13,1.50
2012.06.12 13:12:16.517,0.99573,0.9959,1.13,4.13
2012.06.12 13:12:16.657,0.99573,0.9959,1.13,1.88
2012.06.12 13:12:17.121,0.99573,0.99585,1.13,1.50
2012.06.12 13:12:17.775,0.9957,0.99585,2.63,1.50
2012.06.12 13:12:17.966,0.99571,0.99587,2.25,1.69
2012.06.12 13:12:18.489,0.9957,0.99586,2.63,1.50
2012.06.12 13:12:20.176,0.9957,0.99585,1.50,1.50
2012.06.12 13:12:20.245,0.99569,0.99584,1.50,1.50
2012.06.12 13:12:20.923,0.99569,0.99586,1.13,3.19
2012.06.12 13:12:22.024,0.99573,0.99586,1.50,1.69
2012.06.12 13:12:22.586,0.99574,0.99587,1.50,5.93
2012.06.12 13:12:22.866,0.99574,0.99587,1.50,2.63
2012.06.12 13:12:24.023,0.9957,0.99587,1.81,4.13
2012.06.12 13:12:25.135,0.99573,0.99587,1.50,2.63
2012.06.12 13:12:25.655,0.99573,0.99591,4.88,3.19
2012.06.12 13:12:25.934,0.99573,0.99591,4.88,3.19
2012.06.12 13:12:26.466,0.99573,0.99588,3.38,1.50
2012.06.12 13:12:29.684,0.99574,0.9959,2.25,1.88
2012.06.12 13:12:31.102,0.99574,0.9959,2.44,1.88
2012.06.12 13:12:31.875,0.99573,0.99588,2.56,1.50
2012.06.12 13:12:33.052,0.99572,0.99588,2.63,1.50
2012.06.12 13:12:34.065,0.99573,0.9959,2.25,2.82
2012.06.12 13:12:35.182,0.99573,0.99591,4.06,3.00
2012.06.12 13:12:35.862,0.99571,0.99589,4.88,4.43
2012.06.12 13:12:36.219,0.99569,0.99582,2.93,1.50
2012.06.12 13:12:36.369,0.99568,0.99581,1.13,1.50
2012.06.12 13:12:36.931,0.99568,0.99582,1.13,1.13
2012.06.12 13:12:37.806,0.99566,0.99582,3.57,1.13
2012.06.12 13:12:38.290,0.99566,0.99579,1.13,1.88
2012.06.12 13:12:39.586,0.99566,0.99577,2.25,1.88
2012.06.12 13:12:39.727,0.99563,0.99577,4.69,1.88
2012.06.12 13:12:40.078,0.99563,0.99575,2.44,1.50
2012.06.12 13:12:40.418,0.99563,0.99577,2.44,4.13
2012.06.12 13:12:40.484,0.99563,0.99574,2.44,1.50
2012.06.12 13:12:40.994,0.9956,0.99575,4.43,1.88
2012.06.12 13:12:43.622,0.99561,0.99575,1.88,1.88
2012.06.12 13:12:44.752,0.99561,0.99576,1.88,2.25
2012.06.12 13:12:45.285,0.99561,0.99576,1.88,2.25
2012.06.12 13:12:46.152,0.99561,0.99576,1.88,2.25
2012.06.12 13:12:46.728,0.99561,0.99576,2.63,2.25
2012.06.12 13:12:52.072,0.99561,0.99575,2.07,2.63
2012.06.12 13:12:52.598,0.99567,0.99576,1.88,1.13
2012.06.12 13:12:52.819,0.9957,0.9958,1.88,3.38
2012.06.12 13:12:53.026,0.9957,0.99583,1.88,2.63
2012.06.12 13:12:53.682,0.9957,0.99584,1.88,5.44
2012.06.12 13:12:54.784,0.99568,0.99582,3.38,1.88
2012.06.12 13:12:54.999,0.99568,0.9958,1.88,1.50
2012.06.12 13:12:55.397,0.99571,0.99582,2.56,4.88
2012.06.12 13:12:55.751,0.99589,0.99593,2.25,1.50
2012.06.12 13:12:55.832,0.99589,0.99594,2.25,2.25
2012.06.12 13:12:56.106,0.99592,0.996,1.88,1.50
2012.06.12 13:12:56.961,0.99592,0.99605,3.38,4.81
2012.06.12 13:12:57.505,0.99591,0.99605,1.88,5.93
2012.06.12 13:12:57.836,0.99591,0.99605,1.88,4.13
2012.06.12 13:12:58.177,0.99594,0.99605,1.50,2.63
2012.06.12 13:12:58.529,0.99594,0.99611,1.50,6.38
2012.06.12 13:12:58.678,0.99597,0.99611,1.50,4.13
2012.06.12 13:12:59.238,0.99597,0.99611,1.50,1.50
2012.06.12 13:12:59.545,0.99595,0.99611,1.50,3.75
2012.06.12 13:13:00.424,0.99595,0.9961,1.50,3.94
2012.06.12 13:13:00.508,0.99591,0.99606,2.25,1.50
2012.06.12 13:13:02.756,0.99591,0.99607,4.88,1.88
2012.06.12 13:13:03.106,0.99595,0.99609,1.88,2.07
2012.06.12 13:13:03.308,0.99595,0.99609,4.13,1.69
2012.06.12 13:13:03.657,0.99597,0.99609,3.00,1.50
2012.06.12 13:13:03.797,0.99596,0.99609,3.00,1.50
2012.06.12 13:13:04.465,0.99599,0.99612,1.50,2.25
2012.06.12 13:13:04.543,0.99596,0.99611,2.63,1.50
2012.06.12 13:13:05.979,0.99596,0.99611,2.63,2.44
2012.06.12 13:13:06.847,0.99598,0.99612,1.50,2.18
2012.06.12 13:13:06.973,0.99598,0.99613,3.75,2.25
2012.06.12 13:13:07.460,0.99596,0.9961,3.38,1.88
2012.06.12 13:13:07.536,0.99595,0.9961,2.25,2.07
2012.06.12 13:13:07.751,0.99594,0.99607,2.25,1.50
2012.06.12 13:13:08.261,0.99594,0.9961,3.75,3.94
2012.06.12 13:13:08.828,0.99594,0.9961,2.63,2.44
2012.06.12 13:13:09.385,0.99594,0.9961,3.00,4.06
2012.06.12 13:13:09.580,0.99594,0.99603,2.25,1.50
2012.06.12 13:13:09.938,0.99586,0.99597,1.15,3.38
2012.06.12 13:13:10.136,0.99583,0.99597,1.50,3.38
2012.06.12 13:13:10.207,0.99583,0.99594,1.50,1.88
2012.06.12 13:13:10.348,0.9958,0.99593,2.63,1.50
2012.06.12 13:13:10.568,0.99578,0.99591,4.69,1.88
2012.06.12 13:13:10.648,0.99578,0.99591,2.44,1.88
2012.06.12 13:13:11.058,0.99576,0.99588,1.13,1.50
2012.06.12 13:13:11.336,0.99576,0.99588,3.38,1.50
2012.06.12 13:13:11.858,0.99576,0.99589,1.50,1.88
2012.06.12 13:13:12.398,0.99577,0.99591,2.25,2.25
2012.06.12 13:13:12.478,0.99581,0.99593,1.88,3.31
2012.06.12 13:13:12.548,0.99582,0.99593,1.88,1.50
2012.06.12 13:13:12.617,0.99585,0.99593,1.81,1.50
2012.06.12 13:13:12.762,0.99586,0.99595,3.57,1.50
2012.06.12 13:13:12.914,0.9959,0.996,1.50,1.88
2012.06.12 13:13:13.057,0.9959,0.996,3.31,1.50
2012.06.12 13:13:13.409,0.99595,0.99606,1.88,1.13
2012.06.12 13:13:13.559,0.99593,0.99607,1.88,2.63
2012.06.12 13:13:13.915,0.99589,0.99604,3.00,2.25
2012.06.12 13:13:14.054,0.99587,0.99603,4.13,4.13
2012.06.12 13:13:14.410,0.99585,0.99596,1.88,1.88
2012.06.12 13:13:14.489,0.99583,0.99596,2.25,2.07
2012.06.12 13:13:14.849,0.99582,0.99593,1.13,3.38
2012.06.12 13:13:15.148,0.99576,0.99588,1.13,1.88
2012.06.12 13:13:15.703,0.99574,0.99588,5.25,1.88
2012.06.12 13:13:16.035,0.99575,0.99592,2.63,2.82
2012.06.12 13:13:16.106,0.99575,0.99589,2.63,1.88
2012.06.12 13:13:16.247,0.99575,0.99589,2.63,1.88
2012.06.12 13:13:16.460,0.99577,0.99591,2.63,1.88
2012.06.12 13:13:16.734,0.99577,0.99591,4.13,1.88
2012.06.12 13:13:17.090,0.99579,0.99594,2.63,2.93
2012.06.12 13:13:17.242,0.99581,0.99595,4.13,1.32
2012.06.12 13:13:17.529,0.99581,0.99596,4.13,1.32
2012.06.12 13:13:17.746,0.99583,0.99597,3.00,1.13
2012.06.12 13:13:18.269,0.99587,0.99599,2.63,2.07
2012.06.12 13:13:18.355,0.99587,0.99599,2.63,1.32
2012.06.12 13:13:18.515,0.99587,0.99601,2.63,3.38
2012.06.12 13:13:18.766,0.99587,0.99601,2.63,3.38
2012.06.12 13:13:19.321,0.99589,0.99603,4.50,1.50
2012.06.12 13:13:19.469,0.99592,0.99605,2.63,2.07
2012.06.12 13:13:19.547,0.99592,0.99605,2.63,3.94
2012.06.12 13:13:20.096,0.99595,0.99609,2.63,4.13
2012.06.12 13:13:20.241,0.99598,0.99609,2.63,1.50
2012.06.12 13:13:20.798,0.99598,0.99611,2.63,3.68
2012.06.12 13:13:21.345,0.99598,0.99612,2.63,5.18
2012.06.12 13:13:21.879,0.99599,0.99609,1.50,1.88
2012.06.12 13:13:22.242,0.99599,0.99609,1.50,4.06
2012.06.12 13:13:22.600,0.996,0.99611,1.50,3.94
2012.06.12 13:13:22.735,0.99597,0.99609,3.38,1.13
2012.06.12 13:13:23.406,0.99595,0.99609,1.50,3.00
2012.06.12 13:13:23.958,0.99596,0.9961,2.63,7.06
2012.06.12 13:13:24.228,0.99596,0.9961,4.13,5.56
2012.06.12 13:13:24.507,0.99599,0.99611,1.50,1.32
2012.06.12 13:13:25.936,0.99597,0.9961,3.38,1.50
2012.06.12 13:13:26.146,0.99594,0.99608,3.00,1.50
2012.06.12 13:13:26.225,0.99593,0.99606,2.07,3.75
2012.06.12 13:13:26.510,0.99592,0.99606,1.50,4.88
2012.06.12 13:13:26.593,0.99592,0.99606,1.50,4.50
2012.06.12 13:13:26.946,0.99592,0.99603,1.50,1.88
2012.06.12 13:13:27.017,0.99592,0.99603,1.50,1.88
2012.06.12 13:13:27.544,0.9959,0.99603,3.19,1.88
2012.06.12 13:13:27.736,0.99592,0.99605,1.50,1.88
2012.06.12 13:13:28.308,0.99592,0.99605,1.50,3.57
2012.06.12 13:13:28.452,0.9959,0.99602,1.50,1.50
2012.06.12 13:13:28.810,0.9959,0.99601,1.50,1.88
2012.06.12 13:13:28.896,0.99588,0.99597,1.50,1.88
2012.06.12 13:13:29.245,0.99588,0.99596,1.50,2.85
2012.06.12 13:13:29.317,0.99588,0.99593,1.50,1.88
2012.06.12 13:13:29.389,0.99588,0.99595,1.50,2.25
2012.06.12 13:13:29.462,0.99595,0.99601,2.63,1.50
2012.06.12 13:13:29.541,0.99595,0.99599,1.88,1.50
2012.06.12 13:13:29.620,0.99597,0.99602,2.25,2.25
2012.06.12 13:13:29.900,0.99594,0.99599,4.13,1.50
2012.06.12 13:13:30.314,0.99596,0.99601,3.00,1.50
2012.06.12 13:13:30.393,0.99598,0.99611,1.50,1.13
2012.06.12 13:13:30.616,0.99596,0.99611,5.63,2.63
2012.06.12 13:13:30.692,0.99596,0.9961,1.50,1.81
2012.06.12 13:13:31.236,0.99594,0.99609,3.00,3.00
2012.06.12 13:13:31.795,0.99593,0.99608,2.63,1.50
2012.06.12 13:13:32.126,0.99593,0.99605,1.13,1.50
2012.06.12 13:13:32.197,0.99593,0.99605,1.13,1.50
2012.06.12 13:13:32.265,0.99593,0.99605,1.13,1.50
2012.06.12 13:13:32.607,0.9959,0.99605,6.38,1.50
2012.06.12 13:13:33.020,0.9959,0.996,1.88,1.50
2012.06.12 13:13:33.367,0.99589,0.99596,1.50,1.50
2012.06.12 13:13:33.698,0.99589,0.99596,1.50,3.75
2012.06.12 13:13:33.843,0.9959,0.99596,1.50,1.50
2012.06.12 13:13:34.126,0.9959,0.99594,1.50,2.25
2012.06.12 13:13:34.757,0.9958,0.99597,1.13,3.94
2012.06.12 13:13:34.957,0.99584,0.99598,1.50,7.99
2012.06.12 13:13:35.359,0.99585,0.99601,2.25,1.43
2012.06.12 13:13:36.435,0.99588,0.99603,1.50,2.25
2012.06.12 13:13:36.628,0.99589,0.99603,1.50,2.63
2012.06.12 13:13:36.705,0.99589,0.99603,1.50,1.13
2012.06.12 13:13:36.921,0.9959,0.99603,3.00,1.13
2012.06.12 13:13:40.205,0.99589,0.99603,1.50,1.32
2012.06.12 13:13:41.067,0.9959,0.99599,1.50,1.88
2012.06.12 13:13:41.594,0.99588,0.99599,1.50,1.88
2012.06.12 13:13:41.965,0.99588,0.99597,1.50,1.88
2012.06.12 13:13:42.183,0.99585,0.99598,1.50,1.88
2012.06.12 13:13:42.330,0.99584,0.99598,1.50,2.63
2012.06.12 13:13:42.482,0.99584,0.99596,1.50,1.50
2012.06.12 13:13:42.559,0.99584,0.99596,1.50,3.75
2012.06.12 13:13:43.476,0.99583,0.99595,1.50,4.13
2012.06.12 13:13:43.737,0.99582,0.99595,1.50,4.13
2012.06.12 13:13:44.276,0.99581,0.99594,1.50,1.88
2012.06.12 13:13:44.606,0.99578,0.99588,1.50,1.88
2012.06.12 13:13:45.098,0.99576,0.99587,1.50,1.88
2012.06.12 13:13:45.428,0.99576,0.99586,1.50,2.44
2012.06.12 13:13:45.849,0.99576,0.99584,1.50,4.13
2012.06.12 13:13:46.245,0.99572,0.99582,1.50,3.57
2012.06.12 13:13:46.565,0.99572,0.99582,1.50,3.57
2012.06.12 13:13:46.889,0.99568,0.9958,1.50,1.50
2012.06.12 13:13:47.027,0.99568,0.9958,1.50,1.50
2012.06.12 13:13:47.409,0.99568,0.99582,2.44,4.88
2012.06.12 13:13:47.548,0.99568,0.99582,2.44,3.38
2012.06.12 13:13:47.758,0.99569,0.99585,4.88,1.88
2012.06.12 13:13:47.896,0.99573,0.99586,2.63,1.50
2012.06.12 13:13:48.426,0.99574,0.99587,1.50,2.25
2012.06.12 13:13:48.779,0.99576,0.9959,3.38,4.06
2012.06.12 13:13:48.998,0.99576,0.9959,3.38,5.25
2012.06.12 13:13:49.406,0.9958,0.9959,1.88,1.88
2012.06.12 13:13:50.162,0.99583,0.99595,1.88,2.44
2012.06.12 13:13:50.507,0.99583,0.99597,2.63,4.88
2012.06.12 13:13:50.575,0.99583,0.99597,2.63,4.50
2012.06.12 13:13:50.916,0.99583,0.99598,2.63,1.50
2012.06.12 13:13:50.984,0.99583,0.99596,2.63,1.50
2012.06.12 13:13:51.321,0.99584,0.99596,1.50,1.50
2012.06.12 13:13:52.775,0.99584,0.99595,1.50,1.88
2012.06.12 13:13:52.849,0.99582,0.99595,1.13,1.88
2012.06.12 13:13:52.916,0.99582,0.99593,1.13,1.50
2012.06.12 13:13:53.121,0.99579,0.99593,3.94,1.50
2012.06.12 13:13:53.481,0.99581,0.99595,1.88,1.88
2012.06.12 13:13:53.988,0.99582,0.99598,3.00,4.54
2012.06.12 13:13:54.521,0.99582,0.99596,2.63,2.25
2012.06.12 13:13:54.726,0.99582,0.99596,2.63,4.13
2012.06.12 13:13:55.296,0.99582,0.99596,2.63,3.75
2012.06.12 13:13:56.277,0.99582,0.99596,2.63,6.75
2012.06.12 13:13:56.818,0.99582,0.99595,2.63,1.50
2012.06.12 13:13:57.009,0.99582,0.99595,2.63,3.38
2012.06.12 13:13:57.266,0.99578,0.99592,1.13,6.38
2012.06.12 13:13:57.406,0.99578,0.99588,1.13,1.50
2012.06.12 13:13:57.478,0.99578,0.9959,1.13,1.50
2012.06.12 13:13:58.666,0.99578,0.9959,1.50,1.88
2012.06.12 13:13:58.737,0.99579,0.9959,1.50,1.88
2012.06.12 13:13:59.087,0.99577,0.99591,1.50,1.88
2012.06.12 13:13:59.227,0.99577,0.99588,1.50,1.50
2012.06.12 13:13:59.570,0.99576,0.99585,1.50,1.88
2012.06.12 13:13:59.908,0.99574,0.99585,1.50,1.88
2012.06.12 13:14:00.045,0.99572,0.99585,1.88,1.88
2012.06.12 13:14:00.550,0.99573,0.99587,1.88,2.25
2012.06.12 13:14:01.028,0.99574,0.9959,3.38,2.25
2012.06.12 13:14:01.370,0.99577,0.9959,1.50,1.88
2012.06.12 13:14:01.886,0.99577,0.99592,2.25,2.44
2012.06.12 13:14:02.447,0.99577,0.99592,2.25,2.25
2012.06.12 13:14:03.547,0.99577,0.99592,2.25,2.25
2012.06.12 13:14:03.901,0.99581,0.99592,1.13,2.25
2012.06.12 13:14:04.260,0.99585,0.99597,1.88,5.25
2012.06.12 13:14:04.339,0.99585,0.99597,2.63,4.13
2012.06.12 13:14:04.410,0.99586,0.99597,1.50,1.88
2012.06.12 13:14:04.970,0.99591,0.99602,2.63,2.63
2012.06.12 13:14:05.051,0.99591,0.99602,3.38,2.63
2012.06.12 13:14:05.400,0.99594,0.99605,2.25,2.44
2012.06.12 13:14:05.948,0.99594,0.99605,1.50,1.88
2012.06.12 13:14:06.075,0.99593,0.99605,1.50,1.88
2012.06.12 13:14:06.605,0.99591,0.99605,5.07,1.88
2012.06.12 13:14:07.136,0.99591,0.99605,1.69,1.88
2012.06.12 13:14:07.347,0.99591,0.99605,1.50,1.88
2012.06.12 13:14:07.708,0.9959,0.99605,1.50,1.88
2012.06.12 13:14:08.256,0.9959,0.99606,3.38,3.75
2012.06.12 13:14:09.036,0.9959,0.99602,1.13,1.88
2012.06.12 13:14:10.329,0.9959,0.99606,4.50,2.07
2012.06.12 13:14:10.404,0.99592,0.99606,1.13,1.88
2012.06.12 13:14:10.969,0.99592,0.99605,1.13,1.88
2012.06.12 13:14:11.525,0.99592,0.99605,1.13,1.88
2012.06.12 13:14:12.070,0.99591,0.99604,1.88,1.88
2012.06.12 13:14:12.427,0.99589,0.99601,1.13,1.50
2012.06.12 13:14:12.904,0.99587,0.99598,1.50,1.13
2012.06.12 13:14:12.987,0.99584,0.99596,1.13,1.50
2012.06.12 13:14:13.489,0.99583,0.99598,2.63,1.69
2012.06.12 13:14:13.559,0.99583,0.99598,2.63,1.69
2012.06.12 13:14:13.698,0.99583,0.99598,3.38,1.69
2012.06.12 13:14:13.901,0.99588,0.99599,1.50,2.63
2012.06.12 13:14:14.051,0.99588,0.996,1.50,3.19
2012.06.12 13:14:14.336,0.99585,0.996,1.50,4.32
2012.06.12 13:14:14.405,0.99584,0.99598,3.75,1.50
2012.06.12 13:14:15.007,0.99584,0.99598,1.88,1.88
2012.06.12 13:14:15.341,0.9958,0.99587,1.50,1.88
2012.06.12 13:14:15.417,0.99582,0.99591,2.63,2.85
2012.06.12 13:14:15.486,0.99582,0.99595,2.63,1.88
2012.06.12 13:14:15.837,0.99582,0.99594,1.88,1.88
2012.06.12 13:14:16.775,0.99582,0.99596,3.00,3.00
2012.06.12 13:14:17.456,0.99582,0.99596,2.63,2.25
2012.06.12 13:14:18.384,0.9958,0.99596,4.32,4.50
2012.06.12 13:14:19.530,0.9958,0.99596,4.13,4.69
2012.06.12 13:14:19.679,0.99579,0.9959,4.88,1.88
2012.06.12 13:14:20.207,0.99579,0.9959,1.50,3.00
2012.06.12 13:14:20.675,0.99577,0.99588,1.50,2.25
2012.06.12 13:14:21.273,0.99576,0.99588,1.13,2.25
2012.06.12 13:14:21.989,0.99576,0.99588,1.13,2.25
2012.06.12 13:14:22.517,0.99575,0.99588,1.13,2.25
2012.06.12 13:14:23.055,0.99575,0.99588,1.13,2.25
2012.06.12 13:14:23.188,0.99575,0.99588,1.88,2.25
2012.06.12 13:14:23.758,0.99576,0.99588,1.13,1.88
2012.06.12 13:14:23.829,0.99576,0.9959,2.63,2.82
2012.06.12 13:14:24.311,0.99575,0.99587,2.25,1.88
2012.06.12 13:14:24.918,0.99574,0.99585,1.13,1.50
2012.06.12 13:14:26.314,0.99571,0.99587,5.44,4.73
2012.06.12 13:14:26.665,0.99572,0.99587,2.82,2.85
2012.06.12 13:14:27.395,0.99572,0.99586,2.82,1.35
2012.06.12 13:14:29.065,0.99571,0.99585,2.82,1.13
2012.06.12 13:14:29.567,0.99571,0.99585,2.82,1.13
2012.06.12 13:14:30.146,0.99572,0.99585,4.88,1.13
2012.06.12 13:14:30.767,0.99572,0.99586,2.63,3.60
2012.06.12 13:14:31.296,0.99571,0.99586,3.57,3.60
2012.06.12 13:14:31.666,0.99571,0.99585,1.32,1.13
2012.06.12 13:14:32.237,0.9957,0.99585,2.07,3.00
2012.06.12 13:14:34.676,0.9957,0.99584,4.43,1.88
2012.06.12 13:14:35.226,0.9957,0.99584,2.56,2.25
2012.06.12 13:14:36.203,0.99569,0.99584,5.82,2.63
2012.06.12 13:14:37.727,0.99569,0.99583,5.82,1.13
2012.06.12 13:14:37.941,0.99569,0.99579,3.19,1.50
2012.06.12 13:14:38.017,0.99568,0.99579,1.88,1.50
2012.06.12 13:14:38.555,0.99567,0.99581,3.00,3.75
2012.06.12 13:14:39.066,0.99567,0.99581,3.00,3.75
2012.06.12 13:14:39.630,0.99567,0.99581,3.00,3.75
2012.06.12 13:14:40.288,0.99567,0.9958,3.00,1.88
2012.06.12 13:14:40.357,0.99565,0.9958,6.19,1.88
2012.06.12 13:14:40.500,0.99565,0.99579,5.44,4.88
2012.06.12 13:14:40.996,0.99562,0.99577,1.50,2.63
2012.06.12 13:14:42.717,0.99561,0.99576,2.82,1.13
2012.06.12 13:14:43.258,0.99561,0.99575,2.82,1.13
2012.06.12 13:14:43.399,0.9956,0.99573,1.13,2.82
2012.06.12 13:14:43.469,0.9956,0.99564,1.13,1.88
2012.06.12 13:14:43.821,0.99554,0.99564,1.50,2.82
2012.06.12 13:14:44.490,0.99554,0.99564,2.25,3.94
2012.06.12 13:14:44.575,0.99549,0.99563,1.88,2.25
2012.06.12 13:14:45.075,0.99549,0.99564,3.75,1.13
2012.06.12 13:14:45.468,0.99549,0.99564,3.75,1.13
2012.06.12 13:14:46.026,0.9955,0.99564,1.88,1.13
2012.06.12 13:14:47.654,0.99552,0.99564,1.88,1.13
2012.06.12 13:14:48.048,0.99555,0.99564,1.88,1.13
2012.06.12 13:14:48.121,0.99555,0.99565,1.88,1.73
2012.06.12 13:14:48.268,0.99555,0.99567,2.63,1.13
2012.06.12 13:14:48.792,0.99556,0.99567,1.50,3.00
2012.06.12 13:14:49.466,0.99553,0.99568,3.38,1.50
2012.06.12 13:14:49.537,0.99553,0.99568,2.63,1.50
2012.06.12 13:14:51.200,0.99556,0.99567,1.88,2.63
2012.06.12 13:14:51.349,0.99556,0.99571,3.38,1.50
2012.06.12 13:14:51.701,0.99553,0.99566,1.88,1.88
2012.06.12 13:14:51.908,0.99551,0.99566,2.44,4.13
2012.06.12 13:14:52.974,0.99552,0.99566,2.82,1.13
2012.06.12 13:14:53.587,0.99553,0.99566,3.19,1.13
2012.06.12 13:14:54.138,0.99555,0.99566,2.63,1.13
2012.06.12 13:14:55.619,0.99557,0.99565,1.88,1.13
2012.06.12 13:14:56.025,0.99557,0.9957,3.38,3.75
2012.06.12 13:14:56.515,0.99557,0.99567,2.63,1.13
2012.06.12 13:14:57.805,0.99559,0.99568,1.88,1.13
2012.06.12 13:14:57.878,0.99559,0.99572,1.88,4.13
2012.06.12 13:14:57.949,0.99562,0.99574,1.88,2.63
2012.06.12 13:14:58.028,0.9956,0.99574,5.63,3.00
2012.06.12 13:14:59.646,0.99558,0.99574,6.75,3.38
2012.06.12 13:15:00.261,0.9956,0.99574,1.50,3.38
2012.06.12 13:15:01.986,0.9956,0.99573,3.38,1.13
2012.06.12 13:15:02.199,0.99557,0.99571,2.63,1.50
2012.06.12 13:15:03.004,0.99557,0.99572,2.63,1.13
2012.06.12 13:15:05.004,0.99559,0.99571,3.00,1.88
2012.06.12 13:15:05.395,0.99557,0.99571,3.00,1.88
2012.06.12 13:15:05.922,0.99558,0.99571,1.50,2.25
2012.06.12 13:15:06.476,0.99558,0.9957,2.25,1.88
2012.06.12 13:15:07.947,0.99557,0.99572,2.63,1.88
2012.06.12 13:15:08.447,0.99558,0.99572,1.50,2.63
2012.06.12 13:15:09.007,0.99556,0.99571,4.50,1.13
2012.06.12 13:15:09.209,0.99559,0.99572,1.69,2.25
2012.06.12 13:15:12.017,0.99559,0.99569,1.88,1.50
2012.06.12 13:15:12.554,0.99559,0.9957,1.88,1.50
2012.06.12 13:15:13.089,0.99557,0.9957,2.63,1.50
2012.06.12 13:15:13.820,0.99557,0.99571,2.63,1.32
2012.06.12 13:15:14.145,0.99557,0.99573,3.38,4.50
2012.06.12 13:15:14.876,0.9956,0.99573,3.38,1.13
2012.06.12 13:15:15.090,0.99562,0.99574,2.63,3.23
2012.06.12 13:15:15.309,0.9956,0.99574,1.50,3.60
2012.06.12 13:15:15.778,0.99558,0.9957,2.25,1.88
2012.06.12 13:15:16.140,0.9955,0.99564,1.52,1.88
2012.06.12 13:15:16.490,0.99552,0.99566,2.25,3.19
2012.06.12 13:15:17.589,0.99556,0.99569,2.25,2.33
2012.06.12 13:15:18.078,0.99559,0.99572,2.63,2.63
2012.06.12 13:15:18.152,0.99562,0.99572,2.25,1.88
2012.06.12 13:15:18.372,0.99563,0.99576,1.50,1.50
2012.06.12 13:15:18.452,0.99563,0.99576,1.50,1.13
2012.06.12 13:15:18.530,0.99569,0.99576,1.88,1.13
2012.06.12 13:15:18.861,0.99569,0.99576,2.63,1.13
2012.06.12 13:15:18.931,0.99569,0.99582,2.63,2.25
2012.06.12 13:15:19.211,0.99576,0.99582,1.88,1.13
2012.06.12 13:15:19.561,0.99583,0.99587,1.88,1.50
2012.06.12 13:15:20.129,0.99583,0.99592,1.88,1.50
2012.06.12 13:15:20.325,0.99583,0.9959,1.88,1.50
2012.06.12 13:15:20.656,0.99581,0.9959,2.63,1.50
2012.06.12 13:15:21.175,0.99579,0.9959,2.25,1.50
2012.06.12 13:15:21.695,0.9958,0.9959,1.88,1.50
2012.06.12 13:15:22.208,0.99576,0.99592,3.75,5.07
2012.06.12 13:15:22.648,0.99576,0.99592,3.75,5.07
2012.06.12 13:15:22.720,0.99576,0.99592,3.75,6.19
2012.06.12 13:15:22.799,0.99576,0.99592,3.75,8.44
2012.06.12 13:15:22.868,0.99576,0.99592,3.00,8.44
2012.06.12 13:15:23.246,0.99576,0.99592,3.00,7.32
2012.06.12 13:15:23.601,0.99574,0.99588,2.25,5.56
2012.06.12 13:15:23.750,0.99571,0.99585,3.75,3.38
2012.06.12 13:15:23.828,0.99571,0.99583,3.38,1.50
2012.06.12 13:15:23.899,0.99571,0.99585,3.38,1.88
2012.06.12 13:15:24.227,0.99571,0.99585,5.63,1.88
2012.06.12 13:15:24.507,0.99573,0.99587,3.38,1.88
2012.06.12 13:15:24.858,0.99573,0.99585,3.38,1.50
2012.06.12 13:15:25.416,0.99573,0.99585,3.38,1.50
2012.06.12 13:15:25.485,0.99573,0.99585,2.63,1.50
2012.06.12 13:15:25.866,0.99573,0.99585,2.63,1.50
2012.06.12 13:15:26.371,0.99574,0.99587,1.13,1.88
2012.06.12 13:15:26.928,0.99573,0.99587,2.63,5.18
2012.06.12 13:15:27.280,0.99572,0.99579,1.50,1.50
2012.06.12 13:15:27.636,0.99569,0.99574,1.50,1.50
2012.06.12 13:15:27.708,0.99572,0.99577,1.50,1.13
2012.06.12 13:15:28.298,0.99572,0.99577,1.50,3.00
2012.06.12 13:15:28.638,0.99562,0.99577,1.50,4.50
2012.06.12 13:15:28.969,0.99561,0.99577,2.82,4.50
2012.06.12 13:15:29.181,0.99564,0.99579,2.63,1.13
2012.06.12 13:15:29.327,0.99564,0.9958,3.57,3.00
2012.06.12 13:15:29.855,0.99564,0.9958,5.07,4.50
2012.06.12 13:15:30.952,0.99566,0.9958,1.88,4.50
2012.06.12 13:15:31.227,0.99566,0.9958,1.88,4.50
2012.06.12 13:15:31.752,0.99566,0.9958,2.63,4.13
2012.06.12 13:15:33.365,0.99566,0.9958,2.63,4.13
2012.06.12 13:15:33.960,0.99566,0.9958,2.63,3.38
2012.06.12 13:15:35.532,0.99564,0.99578,2.82,3.38
2012.06.12 13:15:36.538,0.99564,0.9958,3.57,4.13
2012.06.12 13:15:37.027,0.99567,0.9958,3.38,2.25
2012.06.12 13:15:37.358,0.99567,0.99582,3.38,1.88
2012.06.12 13:15:37.904,0.99567,0.99582,3.38,2.63
2012.06.12 13:15:39.358,0.99568,0.99582,3.38,1.50
2012.06.12 13:15:39.869,0.99568,0.99584,4.88,6.75
2012.06.12 13:15:40.601,0.99568,0.99583,3.38,2.25
2012.06.12 13:15:44.811,0.99568,0.99579,3.75,1.50
2012.06.12 13:15:46.397,0.99568,0.99579,4.13,1.50
2012.06.12 13:15:46.470,0.99574,0.99581,2.63,1.50
2012.06.12 13:15:46.551,0.99574,0.99586,1.88,5.18
2012.06.12 13:15:46.807,0.99574,0.99587,2.63,1.88
2012.06.12 13:15:47.379,0.99574,0.99587,1.88,1.13
2012.06.12 13:15:47.904,0.99573,0.99587,2.63,2.63
2012.06.12 13:15:48.648,0.99573,0.99588,2.82,1.88
2012.06.12 13:15:49.204,0.99573,0.99586,2.82,1.50
2012.06.12 13:15:49.334,0.99573,0.99588,2.82,1.50
2012.06.12 13:15:49.970,0.99575,0.99589,2.63,1.88
2012.06.12 13:15:50.050,0.99572,0.99585,4.32,1.50
2012.06.12 13:15:50.517,0.99572,0.99584,4.50,1.50
2012.06.12 13:15:50.786,0.99571,0.99583,3.38,1.50
2012.06.12 13:15:51.307,0.99571,0.99584,3.38,1.69
2012.06.12 13:15:53.307,0.99571,0.99584,3.38,1.50
2012.06.12 13:15:53.590,0.99571,0.99584,2.63,1.50
2012.06.12 13:15:53.807,0.9957,0.9958,1.50,1.50
2012.06.12 13:15:53.946,0.9957,0.99583,1.50,4.88
2012.06.12 13:15:54.080,0.9957,0.9958,1.50,1.50
2012.06.12 13:15:54.440,0.99569,0.99574,1.50,1.50
2012.06.12 13:15:55.074,0.99565,0.99574,1.13,1.50
2012.06.12 13:15:55.156,0.99563,0.99577,4.88,1.88
2012.06.12 13:15:55.373,0.99563,0.99577,4.13,3.38
2012.06.12 13:15:55.927,0.99563,0.99576,1.69,3.38
2012.06.12 13:15:56.001,0.99563,0.99573,1.50,1.50
2012.06.12 13:15:56.208,0.99561,0.99573,2.07,1.50
2012.06.12 13:15:56.737,0.9956,0.99572,1.50,3.38
2012.06.12 13:15:57.690,0.99558,0.9957,1.88,1.88
2012.06.12 13:15:57.919,0.99558,0.9957,1.88,1.88
2012.06.12 13:15:58.459,0.99558,0.9957,1.13,1.88
2012.06.12 13:15:58.843,0.9956,0.99573,1.50,2.63
2012.06.12 13:16:00.488,0.99564,0.99576,1.88,1.13
2012.06.12 13:16:00.956,0.99565,0.99581,3.38,5.63
2012.06.12 13:16:01.177,0.99567,0.99581,1.50,4.13
2012.06.12 13:16:01.688,0.99568,0.99582,1.88,4.88
2012.06.12 13:16:02.666,0.99568,0.99581,2.63,1.88
2012.06.12 13:16:03.196,0.99568,0.99581,2.63,1.88
2012.06.12 13:16:03.265,0.99568,0.99581,2.63,1.50
2012.06.12 13:16:04.415,0.99565,0.99581,4.32,3.38
2012.06.12 13:16:04.615,0.99565,0.99577,2.82,1.50
2012.06.12 13:16:05.280,0.99567,0.99577,1.88,1.50
2012.06.12 13:16:05.570,0.99569,0.99583,2.25,2.63
2012.06.12 13:16:05.967,0.99567,0.99583,5.44,4.13
2012.06.12 13:16:06.266,0.99567,0.99583,5.44,4.13
2012.06.12 13:16:06.522,0.99567,0.99583,5.44,4.13
2012.06.12 13:16:07.116,0.99569,0.99584,1.88,4.73
2012.06.12 13:16:09.168,0.99571,0.99583,1.88,1.88
2012.06.12 13:16:10.166,0.99571,0.99585,2.63,4.69
2012.06.12 13:16:10.308,0.9957,0.99581,3.38,1.50
2012.06.12 13:16:11.127,0.9957,0.99579,2.63,1.50
2012.06.12 13:16:11.206,0.9957,0.99579,1.88,1.50
2012.06.12 13:16:12.308,0.9957,0.99584,1.88,2.25
2012.06.12 13:16:14.068,0.9957,0.99582,1.88,1.50
2012.06.12 13:16:15.506,0.99571,0.99582,1.88,1.50
2012.06.12 13:16:15.957,0.99571,0.99585,1.88,2.82
2012.06.12 13:16:19.074,0.99571,0.99585,1.88,2.44
2012.06.12 13:16:20.812,0.99571,0.99583,1.88,1.50
2012.06.12 13:16:21.396,0.99571,0.99581,1.88,1.50
2012.06.12 13:16:22.426,0.99569,0.99583,1.88,2.25
2012.06.12 13:16:22.948,0.99569,0.99583,1.88,2.25
2012.06.12 13:16:24.760,0.99574,0.99583,1.88,2.44
2012.06.12 13:16:24.845,0.99574,0.99587,1.88,1.50
2012.06.12 13:16:25.177,0.99574,0.99585,1.88,1.50
2012.06.12 13:16:25.307,0.99574,0.99587,1.88,3.00
2012.06.12 13:16:25.933,0.99574,0.99585,1.88,1.50
2012.06.12 13:16:26.149,0.99571,0.99585,1.88,4.13
2012.06.12 13:16:26.417,0.9957,0.99583,2.07,3.75
2012.06.12 13:16:26.746,0.99567,0.99581,1.50,1.88
2012.06.12 13:16:27.101,0.99565,0.99577,1.88,1.88
2012.06.12 13:16:27.450,0.99562,0.99575,1.50,3.57
2012.06.12 13:16:28.034,0.99559,0.99573,1.13,5.63
2012.06.12 13:16:28.180,0.99557,0.99569,4.88,1.50
2012.06.12 13:16:28.402,0.99557,0.99569,1.50,2.63
2012.06.12 13:16:28.481,0.99553,0.99566,2.25,3.00
2012.06.12 13:16:29.118,0.99552,0.99565,3.40,1.50
2012.06.12 13:16:29.451,0.99554,0.99567,1.88,2.25
2012.06.12 13:16:29.530,0.99554,0.99565,1.88,1.50
2012.06.12 13:16:29.608,0.99554,0.99567,1.88,1.50
2012.06.12 13:16:30.347,0.99554,0.99567,3.38,1.50
2012.06.12 13:16:30.889,0.99554,0.99568,4.13,2.25
2012.06.12 13:16:30.959,0.99557,0.9957,1.88,4.50
2012.06.12 13:16:31.366,0.99561,0.99571,1.88,1.50
2012.06.12 13:16:31.787,0.99561,0.99573,1.88,1.50
2012.06.12 13:16:32.326,0.99562,0.99575,1.88,2.07
2012.06.12 13:16:32.930,0.99562,0.99572,1.88,1.50
2012.06.12 13:16:33.198,0.9956,0.99574,2.63,4.32
2012.06.12 13:16:33.268,0.9956,0.99571,2.63,1.50
2012.06.12 13:16:33.661,0.99557,0.99569,3.38,1.50
2012.06.12 13:16:33.806,0.99557,0.99569,3.38,1.50
2012.06.12 13:16:34.150,0.99557,0.99569,1.88,3.00
2012.06.12 13:16:34.226,0.99557,0.99567,1.88,1.50
2012.06.12 13:16:34.726,0.99557,0.99569,1.88,1.50
2012.06.12 13:16:34.870,0.99554,0.99569,3.75,1.50
2012.06.12 13:16:34.951,0.99554,0.99567,3.00,1.50
2012.06.12 13:16:35.474,0.99554,0.99568,2.63,1.50
2012.06.12 13:16:36.021,0.99554,0.9957,2.63,8.25
2012.06.12 13:16:36.478,0.99555,0.9957,3.00,3.00
2012.06.12 13:16:36.996,0.99557,0.99571,1.88,6.79
2012.06.12 13:16:37.476,0.9956,0.99571,1.88,1.88
2012.06.12 13:16:37.757,0.9956,0.99574,2.63,3.94
2012.06.12 13:16:38.451,0.9956,0.99573,2.63,2.07
2012.06.12 13:16:39.061,0.9956,0.99573,2.63,1.88
2012.06.12 13:16:39.609,0.9956,0.99573,2.63,1.88
2012.06.12 13:16:40.064,0.99558,0.9957,2.63,1.50
2012.06.12 13:16:40.595,0.99558,0.99571,1.88,1.50
2012.06.12 13:16:40.936,0.99556,0.99572,2.63,3.94
2012.06.12 13:16:41.137,0.99555,0.99569,1.50,2.25
2012.06.12 13:16:41.486,0.99554,0.99565,1.50,1.50
2012.06.12 13:16:41.850,0.99553,0.99569,4.32,7.88
2012.06.12 13:16:42.256,0.99556,0.99569,1.88,1.50
2012.06.12 13:16:43.787,0.99554,0.99569,3.00,1.13
2012.06.12 13:16:44.147,0.99559,0.9957,1.88,1.88
2012.06.12 13:16:44.497,0.99562,0.99575,2.63,3.75
2012.06.12 13:16:44.696,0.99562,0.99576,3.38,2.63
2012.06.12 13:16:45.268,0.99562,0.99577,4.88,1.13
2012.06.12 13:16:46.729,0.99564,0.99576,1.88,1.88
2012.06.12 13:16:48.086,0.99562,0.99576,2.82,1.88
2012.06.12 13:16:48.667,0.99562,0.99576,2.63,1.88
2012.06.12 13:16:50.605,0.99562,0.99576,1.50,1.88
2012.06.12 13:16:50.809,0.99567,0.9958,1.88,2.93
2012.06.12 13:16:51.348,0.99568,0.99581,1.50,2.25
2012.06.12 13:16:51.800,0.99566,0.99578,1.88,1.13
2012.06.12 13:16:51.952,0.99566,0.99576,2.63,1.88
2012.06.12 13:16:52.032,0.99566,0.99576,1.50,1.88
2012.06.12 13:16:52.184,0.99562,0.99574,2.82,1.50
2012.06.12 13:16:52.327,0.99562,0.99574,2.07,2.25
2012.06.12 13:16:52.472,0.99562,0.99572,1.88,1.50
2012.06.12 13:16:52.549,0.99558,0.99572,3.38,1.50
2012.06.12 13:16:53.052,0.99558,0.99573,3.38,1.50
2012.06.12 13:16:53.618,0.99558,0.99573,3.38,2.25
2012.06.12 13:16:54.247,0.99558,0.99571,1.50,1.88
2012.06.12 13:16:54.774,0.99557,0.9957,2.63,1.50
2012.06.12 13:16:55.325,0.99557,0.99571,2.63,1.88
2012.06.12 13:16:58.531,0.99556,0.99568,1.88,1.88
2012.06.12 13:16:58.615,0.99556,0.99568,1.50,1.88
2012.06.12 13:16:58.827,0.99554,0.99568,2.82,1.88
2012.06.12 13:16:59.377,0.99554,0.99568,2.07,5.63
2012.06.12 13:17:01.346,0.99553,0.99567,1.88,2.25
2012.06.12 13:17:01.490,0.99553,0.99567,1.88,5.93
2012.06.12 13:17:01.568,0.99551,0.99565,2.63,3.38
2012.06.12 13:17:01.638,0.99549,0.99563,3.94,1.88
2012.06.12 13:17:02.248,0.99549,0.99562,3.57,1.50
2012.06.12 13:17:02.807,0.99549,0.99563,2.82,1.88
2012.06.12 13:17:03.137,0.99552,0.99565,1.88,1.50
2012.06.12 13:17:03.737,0.99554,0.99567,1.88,2.82
2012.06.12 13:17:04.228,0.99555,0.9957,1.88,2.07
2012.06.12 13:17:04.302,0.99558,0.99571,1.50,2.44
2012.06.12 13:17:04.379,0.99556,0.99571,1.50,2.44
2012.06.12 13:17:04.448,0.99559,0.99572,1.88,2.63
2012.06.12 13:17:04.797,0.99562,0.99575,3.38,2.10
2012.06.12 13:17:04.985,0.99562,0.99575,1.88,1.50
2012.06.12 13:17:05.837,0.99562,0.99576,4.13,1.28
2012.06.12 13:17:06.717,0.99565,0.99578,1.88,5.97
2012.06.12 13:17:06.928,0.99562,0.99575,2.63,1.88
2012.06.12 13:17:07.000,0.99561,0.99575,3.00,1.88
2012.06.12 13:17:07.141,0.99561,0.99574,3.00,1.50
2012.06.12 13:17:07.289,0.99561,0.99575,5.25,1.88
2012.06.12 13:17:07.360,0.99563,0.99577,2.63,2.25
2012.06.12 13:17:07.508,0.99566,0.99578,1.88,1.32
2012.06.12 13:17:07.718,0.99564,0.99578,1.50,3.94
2012.06.12 13:17:08.247,0.99563,0.99577,2.63,3.75
2012.06.12 13:17:09.016,0.99562,0.99576,2.63,4.69
2012.06.12 13:17:09.706,0.99559,0.99573,2.63,4.50
2012.06.12 13:17:10.060,0.99557,0.9957,1.50,3.38
2012.06.12 13:17:10.597,0.99556,0.99568,2.63,1.50
2012.06.12 13:17:10.849,0.99555,0.99568,1.88,2.25
2012.06.12 13:17:10.917,0.99553,0.99566,2.25,1.88
2012.06.12 13:17:11.425,0.99553,0.99566,1.13,1.88
2012.06.12 13:17:12.146,0.99553,0.99568,1.13,3.00
2012.06.12 13:17:12.357,0.99552,0.99566,2.07,1.50
2012.06.12 13:17:12.690,0.9955,0.99564,3.68,1.50
2012.06.12 13:17:13.415,0.9955,0.99564,1.88,3.38
2012.06.12 13:17:14.524,0.99549,0.99563,2.25,1.88
2012.06.12 13:17:15.047,0.99548,0.99562,1.50,3.38
2012.06.12 13:17:15.260,0.99549,0.9956,1.88,1.50
2012.06.12 13:17:15.735,0.99549,0.99564,1.88,5.63
2012.06.12 13:17:15.866,0.99549,0.99562,1.88,1.50
2012.06.12 13:17:16.116,0.99549,0.99564,3.38,1.88
2012.06.12 13:17:16.192,0.99549,0.99561,3.38,2.25
2012.06.12 13:17:16.545,0.99549,0.99557,1.50,1.88
2012.06.12 13:17:16.765,0.99547,0.99557,1.50,2.07
2012.06.12 13:17:16.907,0.99543,0.99557,1.88,2.07
2012.06.12 13:17:16.977,0.99545,0.99557,1.50,2.07
2012.06.12 13:17:17.496,0.99545,0.99558,3.38,1.13
2012.06.12 13:17:18.315,0.99546,0.99558,1.88,1.13
2012.06.12 13:17:19.279,0.99545,0.99558,1.88,1.13
2012.06.12 13:17:20.518,0.99545,0.99558,2.63,1.13
2012.06.12 13:17:21.037,0.99545,0.99558,1.88,1.88
2012.06.12 13:17:21.574,0.99544,0.99558,2.07,1.88
2012.06.12 13:17:22.756,0.99544,0.99557,1.88,1.50
2012.06.12 13:17:23.316,0.99544,0.99556,1.88,1.50
2012.06.12 13:17:23.826,0.99543,0.99555,1.88,1.88
2012.06.12 13:17:25.138,0.99541,0.99556,1.88,1.13
2012.06.12 13:17:26.255,0.99541,0.99554,2.63,1.50
2012.06.12 13:17:28.203,0.9954,0.99554,2.07,1.88
2012.06.12 13:17:31.802,0.99538,0.99552,5.18,1.88
2012.06.12 13:17:32.357,0.99541,0.99552,1.13,1.88
2012.06.12 13:17:32.574,0.99543,0.99557,3.38,2.25
2012.06.12 13:17:32.720,0.99543,0.99559,2.63,5.63
2012.06.12 13:17:32.869,0.99543,0.99553,2.63,1.50
2012.06.12 13:17:33.000,0.99543,0.99555,1.88,1.50
2012.06.12 13:17:34.306,0.99543,0.99555,2.63,1.50
2012.06.12 13:17:34.378,0.99544,0.99558,3.38,1.88
2012.06.12 13:17:34.516,0.99546,0.99559,1.50,1.13
2012.06.12 13:17:35.069,0.99547,0.99561,1.88,3.60
2012.06.12 13:17:36.063,0.99546,0.99561,1.88,3.60
2012.06.12 13:17:36.595,0.99546,0.99561,3.38,1.92
2012.06.12 13:17:38.889,0.99545,0.99558,2.25,1.88
2012.06.12 13:17:39.287,0.99544,0.99558,3.38,2.25
2012.06.12 13:17:39.539,0.99546,0.9956,1.88,3.19
2012.06.12 13:17:40.267,0.99546,0.9956,3.38,3.19
2012.06.12 13:17:40.817,0.99547,0.9956,1.88,1.32
2012.06.12 13:17:41.166,0.99544,0.99559,2.63,1.50
2012.06.12 13:17:42.410,0.99544,0.99559,2.82,1.50
2012.06.12 13:17:42.487,0.99547,0.99559,1.88,1.50
2012.06.12 13:17:43.027,0.99547,0.99561,2.63,1.73
2012.06.12 13:17:43.817,0.99547,0.99559,1.88,1.50
2012.06.12 13:17:43.893,0.99545,0.99559,1.88,1.50
2012.06.12 13:17:44.106,0.99547,0.99561,1.50,5.85
2012.06.12 13:17:44.385,0.99545,0.99561,2.25,3.60
2012.06.12 13:17:44.728,0.99545,0.99557,1.13,1.50
2012.06.12 13:17:44.865,0.99543,0.99557,5.25,1.50
2012.06.12 13:17:45.114,0.99543,0.99559,6.00,5.25
2012.06.12 13:17:45.838,0.99543,0.99559,6.00,3.75
2012.06.12 13:17:46.497,0.99543,0.99559,6.00,3.75
2012.06.12 13:17:47.024,0.99543,0.99559,6.00,3.75
2012.06.12 13:17:47.216,0.99548,0.9956,1.50,1.32
2012.06.12 13:17:47.814,0.99549,0.9956,1.50,1.32
2012.06.12 13:17:47.890,0.99547,0.9956,1.88,1.32
2012.06.12 13:17:49.546,0.99546,0.9956,3.38,1.32
2012.06.12 13:17:51.116,0.99544,0.99559,2.63,2.25
2012.06.12 13:17:51.625,0.99543,0.99559,4.50,2.44
2012.06.12 13:17:55.997,0.99543,0.99559,4.50,2.82
2012.06.12 13:17:56.536,0.99545,0.99559,1.50,2.82
2012.06.12 13:17:57.075,0.99545,0.99557,1.50,1.88
2012.06.12 13:17:58.316,0.99543,0.99559,5.25,3.57
2012.06.12 13:18:01.952,0.99545,0.99559,2.63,2.07
2012.06.12 13:18:03.406,0.99546,0.9956,1.88,3.94
2012.06.12 13:18:06.186,0.99545,0.9956,2.25,2.44
2012.06.12 13:18:14.278,0.99546,0.9956,1.50,3.00
2012.06.12 13:18:14.960,0.99547,0.9956,1.50,3.00
2012.06.12 13:18:15.510,0.99548,0.9956,1.50,3.00
2012.06.12 13:18:15.694,0.99544,0.9956,3.38,3.00
2012.06.12 13:18:16.644,0.99544,0.9956,3.38,4.43
2012.06.12 13:18:19.205,0.99544,0.9956,3.38,3.19
2012.06.12 13:18:19.615,0.99548,0.9956,1.50,2.44
2012.06.12 13:18:20.937,0.9955,0.9956,1.50,2.44
2012.06.12 13:18:21.375,0.99547,0.9956,1.50,2.44
2012.06.12 13:18:21.846,0.99545,0.9956,1.50,3.94
2012.06.12 13:18:23.002,0.99546,0.9956,1.88,3.94
2012.06.12 13:18:24.197,0.99544,0.9956,5.63,3.94
2012.06.12 13:18:24.729,0.99546,0.9956,1.50,3.94
2012.06.12 13:18:25.000,0.99548,0.9956,1.50,2.44
2012.06.12 13:18:27.004,0.99548,0.9956,1.50,2.63
2012.06.12 13:18:27.078,0.99545,0.9956,3.00,2.63
2012.06.12 13:18:29.177,0.99549,0.99561,1.88,2.25
2012.06.12 13:18:29.528,0.99551,0.99562,1.88,3.04
2012.06.12 13:18:30.617,0.9955,0.99562,1.88,1.73
2012.06.12 13:18:33.298,0.9955,0.99562,3.38,1.73
2012.06.12 13:18:33.982,0.99549,0.99562,3.38,1.73
2012.06.12 13:18:36.616,0.99548,0.99562,1.50,1.73
2012.06.12 13:18:37.500,0.99547,0.99562,5.63,2.48
2012.06.12 13:18:38.426,0.99548,0.99562,1.50,2.10
2012.06.12 13:18:38.927,0.99549,0.99563,2.25,2.63
2012.06.12 13:18:39.476,0.99547,0.99561,5.63,1.88
2012.06.12 13:18:40.241,0.99549,0.99564,3.38,2.44
2012.06.12 13:18:40.794,0.9955,0.99564,2.25,2.44
2012.06.12 13:18:43.308,0.9955,0.99562,2.25,4.06
2012.06.12 13:18:43.591,0.99546,0.99559,3.00,2.63
2012.06.12 13:18:43.871,0.99545,0.99557,3.00,1.50
2012.06.12 13:18:44.511,0.99545,0.99558,2.25,4.13
2012.06.12 13:18:45.186,0.99545,0.99558,2.25,4.88
2012.06.12 13:18:45.711,0.99545,0.99555,2.25,1.50
2012.06.12 13:18:45.927,0.99543,0.99554,3.00,3.38
2012.06.12 13:18:46.467,0.99543,0.99554,3.00,1.88
2012.06.12 13:18:47.175,0.99543,0.99556,3.75,2.25
2012.06.12 13:18:48.015,0.99542,0.99555,3.75,1.88
2012.06.12 13:18:48.568,0.99541,0.99555,3.75,3.00
2012.06.12 13:18:49.378,0.99541,0.99553,3.75,3.00
2012.06.12 13:18:49.586,0.99541,0.99553,3.00,1.50
2012.06.12 13:18:50.247,0.99541,0.99551,2.25,1.50
2012.06.12 13:18:51.080,0.99539,0.99551,2.25,1.50
2012.06.12 13:18:51.448,0.99541,0.9955,2.25,1.88
2012.06.12 13:18:52.691,0.9954,0.99547,2.25,1.88
2012.06.12 13:18:52.839,0.99537,0.99547,2.25,2.63
2012.06.12 13:18:52.910,0.99534,0.99547,2.63,2.63
2012.06.12 13:18:54.166,0.99534,0.99547,2.25,3.75
2012.06.12 13:18:55.208,0.99533,0.99546,3.00,1.88
2012.06.12 13:18:56.338,0.99533,0.99545,2.25,2.25
2012.06.12 13:18:56.840,0.99533,0.99545,2.25,3.00
2012.06.12 13:18:57.396,0.99533,0.99543,2.25,2.63
2012.06.12 13:18:58.015,0.99533,0.99542,2.25,1.88
2012.06.12 13:18:58.430,0.9953,0.99542,3.00,3.57
2012.06.12 13:18:58.648,0.9953,0.9954,3.00,1.50
2012.06.12 13:18:59.851,0.99531,0.99539,2.25,1.88
2012.06.12 13:18:59.934,0.99527,0.99539,3.00,3.60
2012.06.12 13:19:00.013,0.99525,0.99538,2.25,2.48
2012.06.12 13:19:00.089,0.99525,0.99535,2.25,1.88
2012.06.12 13:19:00.429,0.99525,0.99535,2.25,3.00
2012.06.12 13:19:00.500,0.99524,0.99535,2.25,3.00
2012.06.12 13:19:02.024,0.99524,0.99535,2.25,1.88
2012.06.12 13:19:02.578,0.99524,0.99534,2.25,1.88
2012.06.12 13:19:04.496,0.99524,0.99533,2.25,1.50
2012.06.12 13:19:06.248,0.99524,0.99532,2.25,1.50
2012.06.12 13:19:06.319,0.99521,0.99532,2.25,1.50
2012.06.12 13:19:06.394,0.99521,0.99528,2.25,1.88
2012.06.12 13:19:06.473,0.99517,0.99528,3.23,2.25
2012.06.12 13:19:06.620,0.99517,0.99525,2.25,1.88
2012.06.12 13:19:06.781,0.99514,0.99525,2.25,3.38
2012.06.12 13:19:07.400,0.99514,0.99523,2.25,1.88
2012.06.12 13:19:07.748,0.9951,0.9952,1.50,1.50
2012.06.12 13:19:08.856,0.99509,0.9952,3.00,1.13
2012.06.12 13:19:09.657,0.99513,0.99521,1.88,1.88
2012.06.12 13:19:09.929,0.99516,0.99524,2.25,2.18
2012.06.12 13:19:10.060,0.99516,0.99527,2.25,2.78
2012.06.12 13:19:10.137,0.99518,0.99527,2.25,3.15
2012.06.12 13:19:10.698,0.99517,0.99526,2.25,1.50
2012.06.12 13:19:10.840,0.99515,0.99526,2.25,1.50
2012.06.12 13:19:11.365,0.99515,0.99528,3.00,3.00
2012.06.12 13:19:11.915,0.99516,0.99528,2.25,3.75
2012.06.12 13:19:12.461,0.99519,0.9953,2.25,1.50
2012.06.12 13:19:12.540,0.99519,0.99531,2.25,1.13
2012.06.12 13:19:13.307,0.9952,0.99532,2.25,1.32
2012.06.12 13:19:14.027,0.9952,0.99532,2.25,1.69
2012.06.12 13:19:14.094,0.9952,0.99532,2.25,1.32
2012.06.12 13:19:15.155,0.9952,0.99533,4.88,1.13
2012.06.12 13:19:15.285,0.99522,0.99533,1.50,1.13
2012.06.12 13:19:15.358,0.9952,0.99533,4.13,1.88
2012.06.12 13:19:15.738,0.99521,0.99532,2.25,1.13
2012.06.12 13:19:15.867,0.99521,0.99532,2.25,1.88
2012.06.12 13:19:16.430,0.99521,0.99532,2.25,2.25
2012.06.12 13:19:16.511,0.99518,0.99528,2.44,1.50
2012.06.12 13:19:16.657,0.9952,0.99528,2.25,1.50
2012.06.12 13:19:16.867,0.99517,0.99528,5.07,1.50
2012.06.12 13:19:17.646,0.99519,0.99528,2.25,1.50
2012.06.12 13:19:17.729,0.99519,0.9953,2.25,1.88
2012.06.12 13:19:18.317,0.99519,0.99532,3.00,1.32
2012.06.12 13:19:18.970,0.99518,0.99533,2.63,5.18
2012.06.12 13:19:19.111,0.9952,0.99533,1.88,2.25
2012.06.12 13:19:19.467,0.99522,0.99536,1.50,3.42
2012.06.12 13:19:19.786,0.99524,0.99535,2.25,1.13
2012.06.12 13:19:20.108,0.99524,0.99533,2.25,1.88
2012.06.12 13:19:22.460,0.99524,0.99532,2.25,1.88
2012.06.12 13:19:22.542,0.99521,0.99532,2.25,1.88
2012.06.12 13:19:22.833,0.99521,0.99527,2.25,1.88
2012.06.12 13:19:22.913,0.99518,0.99527,1.50,1.88
2012.06.12 13:19:23.469,0.99517,0.99527,2.25,3.38
2012.06.12 13:19:24.228,0.99517,0.99525,2.25,2.63
2012.06.12 13:19:24.296,0.99514,0.99525,3.00,2.63
2012.06.12 13:19:25.225,0.99514,0.99523,3.00,1.88
2012.06.12 13:19:25.504,0.99512,0.99522,2.25,2.63
2012.06.12 13:19:25.717,0.99512,0.99518,2.25,1.88
2012.06.12 13:19:26.119,0.99508,0.9952,3.75,1.88
2012.06.12 13:19:26.189,0.99512,0.9952,2.25,1.88
2012.06.12 13:19:26.947,0.99512,0.99523,2.25,3.38
2012.06.12 13:19:27.369,0.9951,0.99522,3.00,1.13
2012.06.12 13:19:27.439,0.99512,0.99522,2.25,1.13
2012.06.12 13:19:28.409,0.99512,0.99518,2.25,2.63
2012.06.12 13:19:28.760,0.99505,0.99515,2.25,3.23
2012.06.12 13:19:28.829,0.99503,0.99515,2.25,2.63
2012.06.12 13:19:28.898,0.99502,0.99512,3.00,1.50
2012.06.12 13:19:29.029,0.99505,0.99514,2.25,1.50
2012.06.12 13:19:29.746,0.99507,0.99517,2.25,1.13
2012.06.12 13:19:29.824,0.99505,0.99513,2.25,1.50
2012.06.12 13:19:29.899,0.99506,0.99517,2.25,1.13
2012.06.12 13:19:31.866,0.99506,0.99517,2.25,1.13
2012.06.12 13:19:33.528,0.99504,0.99515,3.00,3.00
2012.06.12 13:19:34.096,0.99503,0.99515,2.25,3.00
2012.06.12 13:19:34.648,0.99502,0.99513,2.25,2.82
2012.06.12 13:19:35.188,0.99502,0.99513,2.25,2.82
2012.06.12 13:19:37.418,0.99502,0.99514,2.25,5.07
2012.06.12 13:19:37.977,0.99503,0.99514,2.25,4.88
2012.06.12 13:19:39.065,0.99501,0.99514,2.25,5.25
2012.06.12 13:19:39.629,0.99502,0.99514,2.25,5.25
2012.06.12 13:19:40.566,0.99502,0.9951,2.25,1.50
2012.06.12 13:19:41.147,0.99501,0.9951,2.25,1.50
2012.06.12 13:19:42.603,0.99501,0.99511,2.25,1.50
2012.06.12 13:19:42.675,0.99501,0.99513,2.25,2.25
2012.06.12 13:19:43.179,0.99503,0.99513,2.25,1.50
2012.06.12 13:19:44.015,0.99503,0.99512,2.25,1.88
2012.06.12 13:19:44.599,0.99501,0.99514,3.00,2.25
2012.06.12 13:19:45.190,0.99501,0.99514,3.00,2.25
2012.06.12 13:19:47.237,0.99501,0.99513,3.00,2.25
2012.06.12 13:19:47.799,0.99501,0.99512,3.00,1.50
2012.06.12 13:19:48.436,0.99499,0.99512,4.13,1.50
2012.06.12 13:19:48.507,0.99499,0.9951,4.13,1.50
2012.06.12 13:19:48.955,0.99501,0.9951,2.25,1.50
2012.06.12 13:19:49.145,0.995,0.99512,2.25,1.88
2012.06.12 13:19:50.056,0.99497,0.99512,1.50,3.38
2012.06.12 13:19:50.968,0.99497,0.99512,1.50,3.38
2012.06.12 13:19:51.406,0.99497,0.99512,1.50,3.38
2012.06.12 13:19:52.150,0.99497,0.9951,1.50,3.00
2012.06.12 13:19:52.752,0.99496,0.99509,2.63,1.50
2012.06.12 13:19:53.098,0.99498,0.9951,1.50,2.25
2012.06.12 13:19:53.608,0.99497,0.99512,1.13,5.25
2012.06.12 13:19:54.749,0.99495,0.99509,4.50,1.88
2012.06.12 13:20:00.336,0.99496,0.9951,3.38,3.75
2012.06.12 13:20:00.644,0.99496,0.99508,3.38,1.50
2012.06.12 13:20:01.465,0.99496,0.99508,1.50,1.50
2012.06.12 13:20:02.056,0.99496,0.99509,1.50,1.88
2012.06.12 13:20:02.834,0.99495,0.99509,1.13,1.88
2012.06.12 13:20:03.355,0.99496,0.9951,2.25,2.63
2012.06.12 13:20:03.876,0.99496,0.9951,2.63,2.63
2012.06.12 13:20:04.437,0.99495,0.9951,1.13,4.13
2012.06.12 13:20:06.535,0.99497,0.9951,1.50,2.44
2012.06.12 13:20:07.104,0.99496,0.9951,3.00,2.44
2012.06.12 13:20:08.378,0.99497,0.9951,1.88,1.32
2012.06.12 13:20:08.729,0.995,0.99514,2.63,3.19
2012.06.12 13:20:09.068,0.99504,0.99516,1.50,2.25
2012.06.12 13:20:09.575,0.99504,0.99519,3.75,1.50
2012.06.12 13:20:10.238,0.99504,0.99519,1.88,1.50
2012.06.12 13:20:10.959,0.99503,0.99517,4.13,1.88
2012.06.12 13:20:13.001,0.995,0.99514,3.00,1.88
2012.06.12 13:20:13.682,0.99499,0.99511,1.13,1.88
2012.06.12 13:20:13.998,0.99496,0.99509,3.00,1.88
2012.06.12 13:20:14.127,0.99496,0.99509,3.00,1.88
2012.06.12 13:20:18.929,0.99497,0.99509,1.50,1.88
2012.06.12 13:20:19.068,0.99498,0.99511,3.00,1.88
2012.06.12 13:20:19.791,0.995,0.99511,2.25,2.25
2012.06.12 13:20:20.255,0.995,0.99513,2.25,2.63
2012.06.12 13:20:22.059,0.99502,0.99514,1.88,1.13
2012.06.12 13:20:22.593,0.99502,0.99516,2.63,2.63
2012.06.12 13:20:22.680,0.99505,0.99516,1.50,2.25
2012.06.12 13:20:23.197,0.99505,0.99519,1.50,2.63
2012.06.12 13:20:23.338,0.99505,0.9952,1.50,3.38
2012.06.12 13:20:23.408,0.99505,0.9952,4.50,3.38
2012.06.12 13:20:24.098,0.99507,0.9952,2.25,2.85
2012.06.12 13:20:24.519,0.99507,0.99521,3.38,3.38
2012.06.12 13:20:24.929,0.9951,0.99521,1.13,3.38
2012.06.12 13:20:25.281,0.99508,0.99518,1.50,1.88
2012.06.12 13:20:25.852,0.99507,0.99518,1.13,2.07
2012.06.12 13:20:26.203,0.99504,0.99513,1.50,1.88
2012.06.12 13:20:26.492,0.99502,0.99511,1.50,1.88
2012.06.12 13:20:27.026,0.99504,0.99511,1.50,1.88
2012.06.12 13:20:27.296,0.99498,0.99511,1.52,1.88
2012.06.12 13:20:28.306,0.99497,0.99511,1.50,1.88
2012.06.12 13:20:28.731,0.99496,0.99511,1.88,4.13
2012.06.12 13:20:28.808,0.99495,0.99511,4.13,4.13
2012.06.12 13:20:29.006,0.99495,0.99511,4.88,4.13
2012.06.12 13:20:29.315,0.99496,0.99511,1.50,4.50
2012.06.12 13:20:30.291,0.995,0.9951,1.50,1.88
2012.06.12 13:20:30.371,0.995,0.99512,1.50,1.32
2012.06.12 13:20:30.520,0.99502,0.99513,1.50,2.52
2012.06.12 13:20:30.857,0.99502,0.99516,4.13,2.25
2012.06.12 13:20:31.417,0.99502,0.99516,3.75,2.25
2012.06.12 13:20:33.466,0.99503,0.99517,3.00,2.44
2012.06.12 13:20:33.537,0.99503,0.99517,3.00,2.25
2012.06.12 13:20:34.117,0.99504,0.99517,2.25,1.88
2012.06.12 13:20:34.684,0.99505,0.99519,2.25,2.82
2012.06.12 13:20:35.225,0.99507,0.99519,1.50,3.19
2012.06.12 13:20:35.880,0.9951,0.99521,1.88,3.38
2012.06.12 13:20:35.959,0.9951,0.99522,1.88,1.50
2012.06.12 13:20:36.467,0.9951,0.99524,3.38,4.43
2012.06.12 13:20:36.737,0.99511,0.99524,1.50,4.06
2012.06.12 13:20:37.261,0.99511,0.99524,1.50,2.25
2012.06.12 13:20:37.847,0.99511,0.99524,1.50,2.25
2012.06.12 13:20:39.017,0.99515,0.99525,1.13,2.82
2012.06.12 13:20:39.347,0.99516,0.99529,1.50,1.50
2012.06.12 13:20:39.855,0.99516,0.99529,1.50,3.00
2012.06.12 13:20:40.371,0.99516,0.99523,1.50,1.88
2012.06.12 13:20:40.452,0.99512,0.99523,3.00,1.88
2012.06.12 13:20:40.659,0.99511,0.99523,3.00,3.00
2012.06.12 13:20:40.799,0.9951,0.99521,1.50,1.88
2012.06.12 13:20:41.356,0.9951,0.99523,1.50,2.63
2012.06.12 13:20:41.887,0.99508,0.99523,3.38,2.63
2012.06.12 13:20:41.958,0.99508,0.99523,3.38,6.31
2012.06.12 13:20:42.377,0.99507,0.99521,2.63,4.50
2012.06.12 13:20:42.518,0.99508,0.99519,1.50,1.88
2012.06.12 13:20:43.429,0.99508,0.9952,1.50,1.88
2012.06.12 13:20:44.070,0.99508,0.9952,1.50,2.25
2012.06.12 13:20:44.490,0.99511,0.99522,1.13,3.00
2012.06.12 13:20:44.631,0.99512,0.99525,1.88,1.88
2012.06.12 13:20:45.156,0.99511,0.99523,1.50,2.63
2012.06.12 13:20:45.489,0.99511,0.99523,1.50,4.43
2012.06.12 13:20:45.956,0.99508,0.9952,1.50,1.88
2012.06.12 13:20:46.485,0.99508,0.9952,1.50,1.88
2012.06.12 13:20:47.017,0.99508,0.99522,3.38,2.82
2012.06.12 13:20:48.006,0.9951,0.99523,2.63,1.88
2012.06.12 13:20:48.085,0.99512,0.99524,2.25,3.38
2012.06.12 13:20:48.436,0.99512,0.99524,2.25,1.88
2012.06.12 13:20:48.889,0.99512,0.99526,1.50,1.13
2012.06.12 13:20:49.420,0.99513,0.99526,1.50,1.13
2012.06.12 13:20:49.989,0.99513,0.99526,3.38,1.13
2012.06.12 13:20:50.514,0.99514,0.99526,1.50,1.13
2012.06.12 13:20:51.047,0.99511,0.99525,3.38,1.88
2012.06.12 13:20:51.502,0.99511,0.99521,1.50,1.88
2012.06.12 13:20:51.989,0.99509,0.99518,1.50,1.50
2012.06.12 13:20:52.404,0.99506,0.9952,1.13,4.50
2012.06.12 13:20:52.478,0.99506,0.9952,1.13,4.50
2012.06.12 13:20:53.005,0.99505,0.99519,2.25,1.88
2012.06.12 13:20:53.205,0.99505,0.99519,1.50,1.88
2012.06.12 13:20:53.739,0.99504,0.99519,2.44,1.88
2012.06.12 13:20:53.810,0.99506,0.99519,1.50,1.88
2012.06.12 13:20:53.968,0.99504,0.99519,3.94,1.88
2012.06.12 13:20:54.109,0.99506,0.99519,1.50,1.88
2012.06.12 13:20:54.438,0.99508,0.99519,2.25,2.07
2012.06.12 13:20:54.758,0.99508,0.99521,1.50,4.43
2012.06.12 13:20:58.260,0.99508,0.99521,1.50,3.94
2012.06.12 13:21:01.243,0.9951,0.9952,1.13,1.88
2012.06.12 13:21:01.390,0.99514,0.99526,1.13,2.93
2012.06.12 13:21:01.957,0.99514,0.99528,4.88,2.25
2012.06.12 13:21:02.042,0.99518,0.99531,2.63,1.35
2012.06.12 13:21:02.570,0.99518,0.99531,4.13,1.35
2012.06.12 13:21:04.014,0.99516,0.9953,5.63,1.88
2012.06.12 13:21:04.958,0.99516,0.99529,1.50,1.88
2012.06.12 13:21:05.496,0.99516,0.99528,1.50,1.50
2012.06.12 13:21:05.725,0.99515,0.99528,3.38,1.50
2012.06.12 13:21:06.234,0.99515,0.99529,2.63,3.75
2012.06.12 13:21:06.778,0.99514,0.99529,1.50,3.94
2012.06.12 13:21:07.558,0.99513,0.99528,3.38,1.69
2012.06.12 13:21:07.936,0.99512,0.99526,3.38,1.88
2012.06.12 13:21:09.972,0.99512,0.99525,3.38,1.69
2012.06.12 13:21:10.251,0.99508,0.99519,1.13,1.50
2012.06.12 13:21:10.794,0.99507,0.9952,2.63,1.13
2012.06.12 13:21:12.040,0.99506,0.9952,1.50,1.13
2012.06.12 13:21:12.448,0.99507,0.99521,2.25,2.82
2012.06.12 13:21:12.828,0.99511,0.99521,2.25,1.88
2012.06.12 13:21:13.027,0.99513,0.99526,1.50,2.44
2012.06.12 13:21:13.228,0.99513,0.99526,1.50,3.19
2012.06.12 13:21:13.510,0.99512,0.99526,1.88,3.19
2012.06.12 13:21:14.058,0.99513,0.99527,2.63,4.54
2012.06.12 13:21:14.616,0.99513,0.99527,2.63,5.41
2012.06.12 13:21:15.678,0.99513,0.99527,2.63,3.79
2012.06.12 13:21:16.107,0.99516,0.99527,1.88,1.32
2012.06.12 13:21:16.510,0.99519,0.9953,1.88,1.88
2012.06.12 13:21:17.066,0.99519,0.9953,3.38,1.88
2012.06.12 13:21:17.407,0.9952,0.99533,2.25,2.25
2012.06.12 13:21:18.020,0.99519,0.99532,1.88,2.63
2012.06.12 13:21:18.090,0.99519,0.99532,2.63,3.00
2012.06.12 13:21:18.227,0.99519,0.99531,1.88,1.88
2012.06.12 13:21:21.385,0.99518,0.99532,2.63,3.38
2012.06.12 13:21:21.601,0.99517,0.99528,1.50,1.88
2012.06.12 13:21:21.957,0.9951,0.99524,3.75,1.88
2012.06.12 13:21:22.508,0.9951,0.99522,1.50,1.13
2012.06.12 13:21:22.578,0.99509,0.99522,1.52,1.13
2012.06.12 13:21:22.648,0.99508,0.99522,1.52,1.13
2012.06.12 13:21:24.408,0.99507,0.99521,1.88,2.82
2012.06.12 13:21:24.757,0.99506,0.9952,1.50,2.07
2012.06.12 13:21:25.876,0.99506,0.99519,1.50,1.88
2012.06.12 13:21:30.275,0.99506,0.99519,1.50,1.88
2012.06.12 13:21:31.649,0.99506,0.99521,3.75,1.88
2012.06.12 13:21:31.721,0.9951,0.99521,1.50,1.88
2012.06.12 13:21:32.080,0.99511,0.99521,5.25,1.50
2012.06.12 13:21:32.160,0.99512,0.99527,2.25,5.93
2012.06.12 13:21:32.729,0.99515,0.99527,4.13,2.18
2012.06.12 13:21:32.802,0.99515,0.99528,4.13,1.13
2012.06.12 13:21:33.093,0.99519,0.99531,1.50,2.18
2012.06.12 13:21:33.896,0.99518,0.99533,3.00,2.44
2012.06.12 13:21:35.091,0.99519,0.99532,2.63,3.68
2012.06.12 13:21:36.140,0.99517,0.99528,2.63,1.88
2012.06.12 13:21:36.209,0.99517,0.99528,1.88,1.88
2012.06.12 13:21:36.711,0.99515,0.99528,3.38,2.25
2012.06.12 13:21:36.919,0.99515,0.99528,3.38,2.25
2012.06.12 13:21:37.825,0.99515,0.99528,2.63,2.25
2012.06.12 13:21:38.367,0.99513,0.99528,1.50,4.13
2012.06.12 13:21:38.629,0.99513,0.99525,1.50,1.88
2012.06.12 13:21:39.266,0.99513,0.99525,1.50,2.25
2012.06.12 13:21:41.857,0.99513,0.99527,1.50,4.06
2012.06.12 13:21:42.406,0.99515,0.99527,1.50,4.06
2012.06.12 13:21:42.807,0.99515,0.99527,1.50,2.25
2012.06.12 13:21:43.926,0.99516,0.99529,1.50,3.38
2012.06.12 13:21:45.616,0.99516,0.99529,1.50,2.25
2012.06.12 13:21:45.947,0.99518,0.99529,2.25,2.07
2012.06.12 13:21:46.470,0.99521,0.99529,1.50,1.88
2012.06.12 13:21:46.539,0.99521,0.99532,1.50,2.44
2012.06.12 13:21:46.683,0.99522,0.99532,1.50,2.44
2012.06.12 13:21:47.016,0.99524,0.99534,1.50,1.88
2012.06.12 13:21:51.717,0.99522,0.99534,1.50,1.88
2012.06.12 13:21:51.787,0.99522,0.99534,1.50,1.88
2012.06.12 13:21:52.313,0.99524,0.99534,1.50,1.88
2012.06.12 13:21:52.719,0.99524,0.99536,1.50,1.88
2012.06.12 13:21:53.497,0.99524,0.99536,2.25,1.88
2012.06.12 13:21:54.058,0.99524,0.99537,2.25,1.88
2012.06.12 13:21:55.187,0.99524,0.99538,1.50,2.25
2012.06.12 13:21:57.974,0.99525,0.99536,1.50,1.88
2012.06.12 13:21:59.116,0.99525,0.99537,1.50,1.50
2012.06.12 13:21:59.447,0.99525,0.99538,2.25,2.25
2012.06.12 13:21:59.989,0.99527,0.99541,2.63,1.13
2012.06.12 13:22:00.975,0.99527,0.99541,3.38,2.63
2012.06.12 13:22:01.525,0.99528,0.99541,1.50,2.63
2012.06.12 13:22:01.595,0.99528,0.99541,1.50,2.63
2012.06.12 13:22:02.258,0.99528,0.99541,1.50,2.25
2012.06.12 13:22:09.001,0.99528,0.99538,1.50,2.56
2012.06.12 13:22:09.149,0.99521,0.99533,1.50,2.25
2012.06.12 13:22:09.667,0.99521,0.99533,1.50,1.88
2012.06.12 13:22:10.211,0.99519,0.99531,2.44,1.50
2012.06.12 13:22:10.632,0.99519,0.99526,2.25,1.88
2012.06.12 13:22:10.715,0.99518,0.99526,1.50,1.88
2012.06.12 13:22:10.926,0.99517,0.99524,2.25,1.88
2012.06.12 13:22:11.487,0.99513,0.99524,1.13,1.88
2012.06.12 13:22:11.863,0.99511,0.99524,3.31,1.88
2012.06.12 13:22:12.099,0.99511,0.99526,3.31,2.25
2012.06.12 13:22:12.637,0.99511,0.99526,1.88,2.25
2012.06.12 13:22:13.336,0.99511,0.99525,1.88,1.88
2012.06.12 13:22:13.650,0.99509,0.99522,1.69,1.88
2012.06.12 13:22:14.003,0.99507,0.99519,2.56,3.38
2012.06.12 13:22:14.149,0.99506,0.99519,1.88,3.38
2012.06.12 13:22:14.292,0.99506,0.99517,1.50,1.50
2012.06.12 13:22:14.512,0.99506,0.99519,1.50,3.38
2012.06.12 13:22:15.016,0.99505,0.99518,2.25,2.63
2012.06.12 13:22:16.857,0.99503,0.99518,1.13,5.48
2012.06.12 13:22:16.999,0.99503,0.99516,1.13,1.88
2012.06.12 13:22:17.370,0.99502,0.99516,4.32,2.25
2012.06.12 13:22:20.609,0.99501,0.99512,2.25,1.88
2012.06.12 13:22:20.676,0.99501,0.99512,2.25,1.88
2012.06.12 13:22:20.815,0.99501,0.99512,1.50,1.88
2012.06.12 13:22:21.336,0.99501,0.99512,1.50,1.88
2012.06.12 13:22:22.039,0.99501,0.99513,1.50,1.88
2012.06.12 13:22:22.720,0.995,0.99509,1.50,1.88
2012.06.12 13:22:23.292,0.99499,0.99509,2.25,1.88
2012.06.12 13:22:23.629,0.99496,0.99507,1.50,3.38
2012.06.12 13:22:24.331,0.99496,0.99507,1.50,3.38
2012.06.12 13:22:26.699,0.99494,0.99507,2.25,2.25
2012.06.12 13:22:26.896,0.99494,0.99507,2.25,2.63
2012.06.12 13:22:26.967,0.99494,0.99505,2.25,1.88
2012.06.12 13:22:27.189,0.99494,0.99508,4.13,3.00
2012.06.12 13:22:27.328,0.99495,0.99508,1.50,2.25
2012.06.12 13:22:27.857,0.99497,0.99511,3.00,2.25
2012.06.12 13:22:28.139,0.99499,0.99512,2.63,2.44
2012.06.12 13:22:28.532,0.99499,0.99513,2.63,4.54
2012.06.12 13:22:29.055,0.99499,0.99513,3.38,4.54
2012.06.12 13:22:29.557,0.99499,0.99513,4.13,2.48
2012.06.12 13:22:30.074,0.99499,0.99514,4.13,2.67
2012.06.12 13:22:33.978,0.995,0.99515,2.63,2.85
2012.06.12 13:22:37.526,0.995,0.99515,2.82,2.55
2012.06.12 13:22:37.878,0.99507,0.99518,1.50,2.82
2012.06.12 13:22:38.398,0.99506,0.99518,1.50,3.75
2012.06.12 13:22:39.881,0.99507,0.99518,1.50,1.88
2012.06.12 13:22:40.251,0.99508,0.99518,1.50,1.88
2012.06.12 13:22:40.610,0.99512,0.99523,1.50,2.63
2012.06.12 13:22:40.747,0.99512,0.99523,2.25,2.25
2012.06.12 13:22:41.428,0.99512,0.99524,1.50,1.32
2012.06.12 13:22:42.138,0.99509,0.99524,2.63,1.32
2012.06.12 13:22:43.766,0.99512,0.99524,1.50,1.13
2012.06.12 13:22:44.357,0.99512,0.99523,2.25,1.13
2012.06.12 13:22:44.856,0.99515,0.99527,3.00,2.25
2012.06.12 13:22:45.207,0.99519,0.9953,2.63,1.13
2012.06.12 13:22:45.755,0.99521,0.99531,1.50,1.13
2012.06.12 13:22:46.335,0.99521,0.99532,1.50,1.13
2012.06.12 13:22:46.981,0.99521,0.99533,1.50,3.19
2012.06.12 13:22:47.996,0.9952,0.99535,3.00,3.98
2012.06.12 13:22:48.848,0.99521,0.99534,3.38,1.88
2012.06.12 13:22:49.197,0.99524,0.99534,1.50,1.88
2012.06.12 13:22:49.265,0.99524,0.99534,1.50,1.88
2012.06.12 13:22:49.456,0.99524,0.99535,1.50,3.00
2012.06.12 13:22:51.374,0.99524,0.99537,1.50,3.00
2012.06.12 13:22:51.956,0.99523,0.99537,3.38,2.63
2012.06.12 13:22:52.506,0.99523,0.99536,2.63,1.88
2012.06.12 13:22:57.498,0.99521,0.99533,1.50,1.88
2012.06.12 13:22:57.760,0.9952,0.99532,1.50,2.25
2012.06.12 13:22:58.038,0.99518,0.99528,1.50,1.88
2012.06.12 13:22:58.113,0.99518,0.99527,1.50,1.88
2012.06.12 13:22:58.259,0.99515,0.99527,2.25,2.63
2012.06.12 13:22:58.329,0.99515,0.99524,1.50,1.88
2012.06.12 13:22:59.118,0.99514,0.99523,1.50,1.50
2012.06.12 13:22:59.621,0.9951,0.99523,1.50,1.88
2012.06.12 13:23:01.574,0.9951,0.99524,1.13,1.13
2012.06.12 13:23:03.186,0.99509,0.99523,4.50,1.50
2012.06.12 13:23:03.855,0.99509,0.99521,1.88,3.38
2012.06.12 13:23:04.232,0.99509,0.99516,1.50,1.88
2012.06.12 13:23:04.588,0.99505,0.99513,1.50,1.50
2012.06.12 13:23:04.792,0.99503,0.99515,2.25,1.50
2012.06.12 13:23:04.872,0.99503,0.99513,1.50,1.88
2012.06.12 13:23:05.146,0.99501,0.99513,1.50,1.88
2012.06.12 13:23:05.303,0.995,0.99513,1.69,1.88
2012.06.12 13:23:06.257,0.995,0.99514,3.57,1.88
2012.06.12 13:23:07.411,0.99501,0.99514,1.13,1.88
2012.06.12 13:23:07.618,0.99502,0.99517,1.13,3.00
2012.06.12 13:23:07.691,0.99505,0.99517,1.88,1.13
2012.06.12 13:23:07.771,0.99505,0.99518,1.88,2.44
2012.06.12 13:23:07.849,0.99505,0.99518,2.63,2.44
2012.06.12 13:23:08.433,0.99511,0.9952,2.63,1.50
2012.06.12 13:23:08.993,0.99512,0.99524,1.50,1.13
2012.06.12 13:23:09.351,0.9952,0.99531,4.13,1.50
2012.06.12 13:23:09.504,0.99523,0.99537,1.13,1.73
2012.06.12 13:23:09.582,0.99523,0.9954,1.88,2.67
2012.06.12 13:23:10.078,0.99524,0.99541,4.50,2.93
2012.06.12 13:23:10.280,0.99527,0.99541,1.50,1.13
2012.06.12 13:23:11.005,0.99527,0.99541,2.25,1.13
2012.06.12 13:23:12.191,0.99527,0.99543,3.94,2.63
2012.06.12 13:23:12.336,0.99528,0.99543,3.19,1.13
2012.06.12 13:23:12.412,0.99528,0.99546,3.19,1.35
2012.06.12 13:23:12.490,0.99532,0.99546,2.63,1.35
2012.06.12 13:23:13.036,0.99532,0.99547,3.00,1.13
2012.06.12 13:23:13.300,0.99532,0.99548,3.00,2.44
2012.06.12 13:23:13.381,0.99532,0.99543,1.13,1.88
2012.06.12 13:23:13.990,0.99533,0.99542,1.50,1.88
2012.06.12 13:23:15.017,0.99531,0.99542,1.50,1.88
2012.06.12 13:23:15.090,0.9953,0.99542,1.50,2.25
2012.06.12 13:23:15.646,0.9953,0.99542,1.50,2.25
2012.06.12 13:23:16.037,0.99529,0.99542,5.07,1.13
2012.06.12 13:23:16.389,0.99524,0.99528,1.50,1.88
2012.06.12 13:23:16.460,0.99524,0.9953,1.50,3.60
2012.06.12 13:23:16.870,0.99521,0.99531,1.50,1.35
2012.06.12 13:23:17.091,0.99517,0.99534,4.69,2.40
2012.06.12 13:23:17.167,0.99517,0.99534,4.69,1.65
2012.06.12 13:23:17.789,0.99521,0.99534,1.50,1.28
2012.06.12 13:23:17.858,0.99519,0.99534,1.88,1.28
2012.06.12 13:23:18.399,0.9952,0.99534,2.63,1.88
2012.06.12 13:23:21.510,0.99522,0.99534,2.25,1.88
2012.06.12 13:23:22.276,0.9952,0.99534,3.57,1.88
2012.06.12 13:23:26.922,0.99519,0.99532,4.81,1.88
2012.06.12 13:23:27.457,0.99519,0.99532,1.50,1.88
2012.06.12 13:23:27.528,0.99517,0.99532,1.88,1.88
2012.06.12 13:23:28.277,0.99517,0.9953,3.38,1.88
2012.06.12 13:23:30.258,0.99517,0.9953,1.50,2.63
2012.06.12 13:23:30.613,0.99515,0.99525,1.13,1.88
2012.06.12 13:23:30.819,0.99511,0.99525,2.82,1.88
2012.06.12 13:23:31.098,0.9951,0.99522,4.06,1.88
2012.06.12 13:23:33.135,0.99509,0.99524,3.00,1.88
2012.06.12 13:23:35.870,0.99511,0.99525,1.50,2.44
2012.06.12 13:23:36.149,0.99512,0.99526,4.13,2.44
2012.06.12 13:23:37.230,0.99513,0.99525,1.50,2.25
2012.06.12 13:23:38.025,0.99512,0.99525,1.50,3.38
2012.06.12 13:23:38.366,0.99512,0.99523,1.50,1.88
2012.06.12 13:23:38.929,0.99517,0.99527,1.88,1.88
2012.06.12 13:23:39.128,0.99517,0.9953,1.88,2.63
2012.06.12 13:23:40.386,0.99515,0.99529,1.88,1.88
2012.06.12 13:23:41.237,0.99518,0.99529,2.25,1.88
2012.06.12 13:23:41.764,0.99518,0.9953,2.03,2.25
2012.06.12 13:23:43.296,0.99518,0.99531,3.53,2.25
2012.06.12 13:23:46.826,0.99518,0.99531,1.69,1.88
2012.06.12 13:23:47.817,0.99522,0.99532,1.28,1.13
2012.06.12 13:23:48.026,0.99523,0.99535,1.88,1.13
2012.06.12 13:23:48.168,0.9953,0.99539,1.88,2.63
2012.06.12 13:23:48.307,0.9953,0.99539,3.38,1.88
2012.06.12 13:23:48.380,0.99533,0.99539,2.03,1.88
2012.06.12 13:23:48.712,0.99538,0.99547,1.88,1.50
2012.06.12 13:23:49.060,0.99544,0.9955,2.25,2.25
2012.06.12 13:23:49.131,0.99549,0.99553,1.88,1.13
2012.06.12 13:23:49.809,0.9955,0.99559,1.88,2.25
2012.06.12 13:23:49.879,0.99551,0.99559,1.50,1.50
2012.06.12 13:23:50.022,0.99552,0.99565,1.88,2.48
2012.06.12 13:23:50.099,0.99552,0.99565,1.88,2.63
2012.06.12 13:23:50.308,0.99551,0.99563,3.38,1.13
2012.06.12 13:23:50.452,0.99548,0.99562,2.63,3.75
2012.06.12 13:23:50.728,0.99548,0.9956,1.88,1.50
2012.06.12 13:23:51.257,0.99548,0.99562,1.88,3.75
2012.06.12 13:23:51.878,0.99549,0.99563,1.88,3.19
2012.06.12 13:23:52.935,0.99548,0.99562,1.88,2.25
2012.06.12 13:23:53.466,0.99546,0.9956,5.25,1.88
2012.06.12 13:23:54.859,0.99547,0.9956,1.88,1.88
2012.06.12 13:23:55.209,0.99557,0.99567,1.88,1.50
2012.06.12 13:23:55.696,0.99555,0.99567,2.25,1.88
2012.06.12 13:23:55.911,0.99553,0.99564,1.13,1.88
2012.06.12 13:23:56.271,0.9955,0.99563,2.63,1.88
2012.06.12 13:23:56.981,0.9955,0.99564,1.13,3.38
2012.06.12 13:23:58.148,0.99549,0.99561,1.50,1.88
2012.06.12 13:23:58.280,0.99548,0.99561,1.88,1.88
2012.06.12 13:23:58.540,0.99546,0.99559,1.50,1.88
2012.06.12 13:23:58.959,0.99544,0.99557,2.63,1.88
2012.06.12 13:23:59.098,0.99543,0.99557,1.97,1.88
2012.06.12 13:23:59.243,0.99542,0.99554,2.35,1.88
2012.06.12 13:23:59.517,0.9954,0.99554,1.88,1.88
2012.06.12 13:23:59.866,0.9954,0.99554,3.38,1.88
2012.06.12 13:24:00.781,0.99541,0.99554,1.50,1.88
2012.06.12 13:24:01.567,0.99542,0.99554,3.38,1.88
2012.06.12 13:24:02.379,0.99542,0.99555,3.38,1.88
2012.06.12 13:24:02.935,0.99541,0.99555,4.13,1.88
2012.06.12 13:24:03.456,0.99542,0.99555,3.75,1.88
2012.06.12 13:24:04.420,0.99543,0.99557,3.19,2.25
2012.06.12 13:24:05.709,0.99543,0.99557,1.50,3.94
2012.06.12 13:24:08.259,0.99543,0.99556,3.75,2.18
2012.06.12 13:24:08.672,0.99542,0.99551,1.50,1.50
2012.06.12 13:24:09.189,0.99543,0.99553,1.50,1.88
2012.06.12 13:24:11.245,0.99541,0.99552,2.25,1.88
2012.06.12 13:24:12.129,0.99539,0.9955,2.25,1.88
2012.06.12 13:24:12.257,0.99539,0.9955,1.50,1.88
2012.06.12 13:24:20.409,0.9954,0.9955,3.00,1.88
2012.06.12 13:24:20.477,0.99541,0.99554,1.50,4.81
2012.06.12 13:24:20.985,0.99541,0.99554,1.50,2.63
2012.06.12 13:24:21.564,0.99543,0.99555,1.81,1.88
2012.06.12 13:24:21.782,0.9955,0.99561,1.50,4.88
2012.06.12 13:24:22.001,0.9955,0.99559,1.50,1.88
2012.06.12 13:24:22.538,0.9955,0.99559,1.50,3.00
2012.06.12 13:24:22.868,0.99544,0.99557,1.50,1.88
2012.06.12 13:24:23.657,0.99542,0.99557,5.07,1.88
2012.06.12 13:24:25.395,0.99542,0.99555,4.69,1.88
2012.06.12 13:24:25.541,0.99541,0.99555,2.63,2.25
2012.06.12 13:24:26.084,0.99541,0.99554,2.63,1.88
2012.06.12 13:24:27.127,0.9954,0.99553,3.75,1.88
2012.06.12 13:24:28.206,0.9954,0.99555,3.75,2.63
2012.06.12 13:24:29.119,0.9954,0.99552,1.50,1.88
2012.06.12 13:24:29.187,0.9954,0.99552,1.50,1.88
2012.06.12 13:24:30.020,0.99538,0.9955,1.50,3.38
2012.06.12 13:24:30.148,0.99535,0.9955,4.43,3.38
2012.06.12 13:24:30.478,0.99537,0.99553,3.57,5.63
2012.06.12 13:24:31.008,0.99538,0.99553,2.25,3.38
2012.06.12 13:24:32.209,0.99538,0.9955,3.38,1.50
2012.06.12 13:24:32.276,0.99538,0.99552,3.38,3.38
2012.06.12 13:24:32.786,0.99538,0.99552,2.63,3.75
2012.06.12 13:24:33.797,0.99537,0.99551,3.38,1.88
2012.06.12 13:24:34.886,0.99537,0.99552,4.13,2.07
2012.06.12 13:24:36.690,0.99537,0.99553,4.32,4.13
2012.06.12 13:24:37.690,0.99537,0.99552,3.38,3.68
2012.06.12 13:24:38.029,0.99537,0.99546,1.50,1.88
2012.06.12 13:24:38.167,0.99537,0.99546,1.50,1.88
2012.06.12 13:24:38.549,0.99534,0.99546,1.88,1.88
2012.06.12 13:24:39.077,0.99534,0.99546,2.25,1.88
2012.06.12 13:24:39.268,0.99537,0.99549,1.50,4.50
2012.06.12 13:24:40.788,0.99538,0.99552,1.50,2.07
2012.06.12 13:24:47.920,0.99538,0.99548,1.50,1.50
2012.06.12 13:24:48.629,0.99534,0.9954,1.50,1.88
2012.06.12 13:24:48.979,0.99531,0.99536,1.50,1.88
2012.06.12 13:24:49.259,0.99534,0.99539,1.50,2.74
2012.06.12 13:24:49.600,0.99523,0.99536,1.50,1.88
2012.06.12 13:24:50.118,0.99521,0.99535,4.50,1.88
2012.06.12 13:24:50.627,0.99521,0.99535,4.50,2.25
2012.06.12 13:24:51.159,0.9952,0.99534,1.50,1.88
2012.06.12 13:24:52.993,0.99521,0.99536,2.25,2.25
2012.06.12 13:24:53.558,0.99522,0.99536,1.50,2.25
2012.06.12 13:24:54.846,0.99522,0.99536,2.25,2.25
2012.06.12 13:24:55.239,0.99525,0.99537,1.50,1.13
2012.06.12 13:24:55.786,0.99525,0.99538,2.25,1.13
2012.06.12 13:24:56.172,0.99528,0.99541,3.38,1.88
2012.06.12 13:24:56.250,0.99528,0.99543,4.88,1.69
2012.06.12 13:24:56.647,0.99528,0.99543,4.13,1.32
2012.06.12 13:25:01.567,0.99526,0.99539,1.50,3.75
2012.06.12 13:25:02.422,0.99526,0.99539,1.50,1.88
2012.06.12 13:25:02.708,0.99527,0.99537,1.50,1.50
2012.06.12 13:25:02.976,0.99524,0.99538,3.38,1.88
2012.06.12 13:25:03.475,0.99524,0.99538,4.13,1.88
2012.06.12 13:25:03.606,0.99524,0.9954,3.38,5.10
2012.06.12 13:25:04.155,0.99524,0.99539,3.38,1.13
2012.06.12 13:25:06.026,0.99524,0.99539,3.38,1.13
2012.06.12 13:25:06.816,0.99524,0.99539,3.38,1.13
2012.06.12 13:25:07.375,0.99525,0.99539,1.88,1.13
2012.06.12 13:25:08.215,0.99525,0.99539,2.63,2.63
2012.06.12 13:25:08.959,0.99525,0.99539,2.82,2.63
2012.06.12 13:25:12.317,0.99527,0.99539,1.88,2.63
2012.06.12 13:25:12.767,0.99527,0.99541,2.63,4.73
2012.06.12 13:25:13.939,0.99527,0.99542,3.38,1.92
2012.06.12 13:25:14.498,0.99527,0.99542,5.07,1.13
2012.06.12 13:25:14.572,0.99529,0.99542,1.50,1.13
2012.06.12 13:25:14.719,0.99529,0.99543,3.00,2.25
2012.06.12 13:25:15.257,0.99529,0.99543,3.00,2.25
2012.06.12 13:25:16.065,0.99531,0.99544,1.50,2.25
2012.06.12 13:25:16.949,0.99529,0.99541,1.69,1.50
2012.06.12 13:25:17.370,0.9953,0.99545,1.69,4.13
2012.06.12 13:25:17.439,0.99532,0.99545,1.50,2.63
2012.06.12 13:25:17.818,0.99535,0.99547,1.88,2.25
2012.06.12 13:25:18.028,0.99535,0.99549,1.88,3.98
2012.06.12 13:25:18.159,0.99536,0.99551,2.63,2.18
2012.06.12 13:25:18.230,0.99539,0.99552,2.63,3.38
2012.06.12 13:25:18.515,0.99541,0.99552,2.63,1.50
2012.06.12 13:25:18.663,0.99541,0.99556,2.63,2.93
2012.06.12 13:25:19.112,0.9954,0.99553,2.25,2.63
2012.06.12 13:25:19.203,0.99536,0.9955,3.38,3.38
2012.06.12 13:25:19.558,0.99536,0.99547,2.63,1.50
2012.06.12 13:25:19.629,0.99536,0.9955,2.63,3.38
2012.06.12 13:25:21.097,0.99536,0.9955,3.38,3.38
2012.06.12 13:25:21.238,0.99537,0.9955,1.50,3.38
2012.06.12 13:25:23.437,0.99538,0.99549,1.50,1.88
2012.06.12 13:25:27.367,0.99535,0.99549,4.13,3.38
2012.06.12 13:25:28.020,0.99535,0.99549,3.38,3.38
2012.06.12 13:25:29.368,0.99535,0.99549,2.25,3.38
2012.06.12 13:25:29.898,0.99538,0.99549,1.50,1.88
2012.06.12 13:25:33.459,0.99535,0.99549,2.25,3.38
2012.06.12 13:25:33.530,0.99535,0.99548,1.50,1.13
2012.06.12 13:25:33.603,0.99534,0.99544,1.13,1.88
2012.06.12 13:25:33.751,0.99532,0.99544,1.50,1.88
2012.06.12 13:25:34.252,0.9953,0.99543,1.50,1.50
2012.06.12 13:25:34.405,0.99529,0.99541,1.50,1.50
2012.06.12 13:25:34.717,0.99529,0.99543,1.50,1.88
2012.06.12 13:25:35.192,0.99528,0.99543,2.63,2.63
2012.06.12 13:25:36.696,0.99529,0.99542,1.50,1.50
2012.06.12 13:25:36.766,0.99529,0.99539,1.50,1.88
2012.06.12 13:25:37.036,0.99524,0.99539,1.50,3.23
2012.06.12 13:25:37.556,0.99525,0.99538,1.50,1.73
2012.06.12 13:25:38.011,0.99522,0.99535,3.19,1.88
2012.06.12 13:25:38.369,0.99521,0.99532,2.44,1.88
2012.06.12 13:25:38.885,0.99519,0.99532,1.88,1.88
2012.06.12 13:25:39.420,0.99519,0.99531,1.50,1.88
2012.06.12 13:25:39.915,0.99517,0.99531,1.13,3.38
2012.06.12 13:25:40.237,0.99517,0.99527,1.13,1.88
2012.06.12 13:25:40.766,0.99516,0.99527,2.25,1.88
2012.06.12 13:25:40.837,0.99518,0.99531,1.50,5.93
2012.06.12 13:25:41.208,0.99517,0.99531,1.50,4.43
2012.06.12 13:25:42.325,0.99517,0.99531,1.50,2.82
2012.06.12 13:25:44.798,0.99517,0.99527,1.50,1.88
2012.06.12 13:25:44.997,0.99514,0.99527,2.63,1.88
2012.06.12 13:25:45.146,0.99515,0.99527,1.50,1.88
2012.06.12 13:25:45.805,0.99516,0.99529,1.50,1.88
2012.06.12 13:25:46.249,0.99516,0.99526,1.50,1.88
2012.06.12 13:25:46.388,0.99514,0.99526,1.50,1.88
2012.06.12 13:25:46.802,0.99513,0.99524,1.50,1.88
2012.06.12 13:25:47.148,0.99508,0.99521,3.57,1.50
2012.06.12 13:25:47.667,0.9951,0.99522,1.50,1.50
2012.06.12 13:25:48.786,0.99508,0.99522,2.63,3.38
2012.06.12 13:25:49.696,0.99508,0.99522,1.88,3.38
2012.06.12 13:25:53.188,0.99506,0.9952,3.75,1.50
2012.06.12 13:25:53.532,0.99505,0.99518,2.63,1.88
2012.06.12 13:25:53.611,0.99505,0.99516,1.88,1.50
2012.06.12 13:25:54.178,0.99502,0.99515,3.94,1.50
2012.06.12 13:25:54.250,0.99502,0.99517,3.94,2.25
2012.06.12 13:25:54.757,0.99502,0.99517,4.50,1.32
2012.06.12 13:25:55.280,0.99502,0.99516,2.25,2.07
2012.06.12 13:25:56.315,0.99501,0.99514,1.13,1.88
2012.06.12 13:25:58.419,0.995,0.99514,4.13,1.88
2012.06.12 13:25:58.947,0.995,0.99514,1.88,4.32
2012.06.12 13:25:59.792,0.995,0.99514,2.63,2.82
2012.06.12 13:26:00.369,0.995,0.99514,2.63,2.63
2012.06.12 13:26:01.868,0.995,0.99514,2.63,2.63
2012.06.12 13:26:02.465,0.995,0.99514,3.38,2.63
2012.06.12 13:26:03.295,0.995,0.99514,2.63,2.63
2012.06.12 13:26:05.285,0.99502,0.99516,1.88,2.63
2012.06.12 13:26:05.798,0.99502,0.99516,1.88,2.63
2012.06.12 13:26:06.339,0.99503,0.99517,1.88,4.50
2012.06.12 13:26:11.837,0.99503,0.99517,1.88,4.32
2012.06.12 13:26:14.192,0.99501,0.99515,2.63,1.88
2012.06.12 13:26:14.663,0.995,0.99512,1.50,1.88
2012.06.12 13:26:14.878,0.99498,0.99512,2.63,3.57
2012.06.12 13:26:15.726,0.99497,0.99511,1.50,1.88
2012.06.12 13:26:16.359,0.99496,0.99511,4.13,1.88
2012.06.12 13:26:17.058,0.99496,0.9951,2.63,1.88
2012.06.12 13:26:17.573,0.99496,0.9951,2.63,2.63
2012.06.12 13:26:20.977,0.99496,0.99509,2.82,1.88
2012.06.12 13:26:21.717,0.99495,0.99509,2.07,2.63
2012.06.12 13:26:21.944,0.99494,0.99508,2.63,2.63
2012.06.12 13:26:22.485,0.99494,0.99508,1.88,2.63
2012.06.12 13:26:22.749,0.99494,0.99504,1.88,1.50
2012.06.12 13:26:23.088,0.99495,0.99506,2.07,1.50
2012.06.12 13:26:23.506,0.99495,0.99504,2.63,1.50
2012.06.12 13:26:24.356,0.99492,0.99504,2.63,1.50
2012.06.12 13:26:24.888,0.99492,0.99508,2.63,5.07
2012.06.12 13:26:25.021,0.9949,0.99504,3.75,3.38
2012.06.12 13:26:25.168,0.9949,0.99501,1.88,1.50
2012.06.12 13:26:25.589,0.99488,0.995,1.50,2.25
2012.06.12 13:26:25.939,0.99483,0.99497,2.56,4.13
2012.06.12 13:26:26.460,0.99483,0.99497,2.56,4.13
2012.06.12 13:26:27.001,0.99481,0.99497,6.68,4.13
2012.06.12 13:26:27.549,0.99481,0.99494,4.43,1.50
2012.06.12 13:26:27.624,0.99481,0.99492,2.63,1.50
2012.06.12 13:26:28.189,0.9948,0.99492,1.50,1.50
2012.06.12 13:26:28.607,0.99479,0.99489,1.13,1.50
2012.06.12 13:26:28.681,0.99479,0.99491,1.13,3.00
2012.06.12 13:26:28.947,0.99479,0.99493,3.00,2.25
2012.06.12 13:26:29.378,0.99482,0.99495,1.88,1.13
2012.06.12 13:26:29.840,0.99481,0.9949,1.50,1.88
2012.06.12 13:26:30.183,0.99476,0.99489,3.00,1.50
2012.06.12 13:26:30.738,0.99475,0.99488,1.13,1.88
2012.06.12 13:26:30.810,0.99475,0.99484,1.13,2.63
2012.06.12 13:26:30.881,0.9947,0.99483,3.00,2.25
2012.06.12 13:26:31.416,0.9947,0.99483,1.88,2.25
2012.06.12 13:26:31.806,0.99468,0.99482,1.88,1.13
2012.06.12 13:26:32.933,0.99469,0.99482,1.88,1.13
2012.06.12 13:26:33.147,0.99469,0.99483,1.88,3.00
2012.06.12 13:26:33.691,0.99468,0.99479,1.88,2.63
2012.06.12 13:26:34.097,0.99468,0.99479,1.88,2.63
2012.06.12 13:26:34.428,0.99466,0.99479,1.88,2.63
2012.06.12 13:26:34.678,0.99466,0.99479,1.88,2.63
2012.06.12 13:26:35.073,0.99466,0.99479,1.88,1.13
2012.06.12 13:26:35.287,0.99468,0.9948,1.50,1.35
2012.06.12 13:26:35.811,0.99468,0.99478,1.50,3.00
2012.06.12 13:26:36.360,0.99462,0.99477,2.07,2.63
2012.06.12 13:26:36.900,0.99462,0.99474,1.13,1.88
2012.06.12 13:26:37.251,0.99462,0.99477,2.63,2.69
2012.06.12 13:26:37.751,0.99462,0.99475,2.25,1.88
2012.06.12 13:26:37.969,0.99462,0.99478,4.13,5.25
2012.06.12 13:26:38.714,0.99462,0.99474,1.13,1.50
2012.06.12 13:26:39.065,0.9946,0.99474,3.00,1.69
2012.06.12 13:26:39.210,0.9946,0.99472,1.13,1.88
2012.06.12 13:26:39.599,0.99457,0.99468,1.73,1.88
2012.06.12 13:26:39.950,0.99454,0.99465,1.50,2.25
2012.06.12 13:26:40.080,0.99451,0.99466,1.13,4.13
2012.06.12 13:26:40.208,0.99451,0.99466,2.25,2.63
2012.06.12 13:26:41.119,0.99452,0.99464,2.63,1.50
2012.06.12 13:26:41.260,0.99452,0.99466,2.63,1.50
2012.06.12 13:26:42.736,0.99451,0.99465,2.63,2.63
2012.06.12 13:26:44.062,0.99446,0.99462,4.73,2.63
2012.06.12 13:26:44.209,0.99446,0.99459,2.85,2.25
2012.06.12 13:26:44.558,0.99442,0.99456,3.94,3.38
2012.06.12 13:26:44.632,0.99442,0.99453,1.69,1.50
2012.06.12 13:26:44.717,0.9944,0.99453,1.81,2.25
2012.06.12 13:26:44.931,0.99438,0.99453,1.88,3.00
2012.06.12 13:26:45.222,0.99436,0.9945,4.73,2.63
2012.06.12 13:26:45.578,0.99436,0.99446,1.88,1.50
2012.06.12 13:26:46.107,0.99436,0.99446,1.88,1.50
2012.06.12 13:26:46.244,0.99434,0.99446,1.88,1.50
2012.06.12 13:26:46.834,0.99434,0.99446,1.88,1.50
2012.06.12 13:26:46.915,0.99436,0.99446,1.50,1.50
2012.06.12 13:26:47.058,0.99436,0.99446,1.50,1.50
2012.06.12 13:26:47.570,0.99435,0.99447,1.88,1.50
2012.06.12 13:26:48.311,0.99436,0.99447,1.88,1.50
2012.06.12 13:26:48.570,0.99439,0.99447,1.88,1.50
2012.06.12 13:26:48.910,0.9944,0.99452,1.50,3.00
2012.06.12 13:26:49.050,0.99442,0.99454,1.88,1.50
2012.06.12 13:26:49.119,0.99442,0.99454,1.88,1.50
2012.06.12 13:26:49.866,0.99442,0.99455,3.38,2.25
2012.06.12 13:26:50.389,0.99444,0.99456,1.88,1.69
2012.06.12 13:26:50.931,0.99444,0.99456,1.88,2.25
2012.06.12 13:26:51.637,0.99444,0.99456,1.88,1.50
2012.06.12 13:26:52.137,0.99444,0.99456,1.88,1.50
2012.06.12 13:26:52.481,0.99446,0.99457,1.88,1.50
2012.06.12 13:26:52.547,0.99446,0.99457,3.38,1.50
2012.06.12 13:26:54.759,0.99445,0.99459,1.88,1.50
2012.06.12 13:26:56.158,0.99445,0.99457,1.50,1.50
2012.06.12 13:26:56.287,0.99442,0.99457,1.88,1.50
2012.06.12 13:26:56.668,0.99442,0.99454,1.88,1.50
2012.06.12 13:26:57.546,0.9944,0.99454,3.42,1.50
2012.06.12 13:26:58.654,0.9944,0.99452,1.35,1.88
2012.06.12 13:26:58.735,0.99438,0.99449,2.44,1.50
2012.06.12 13:26:58.809,0.99438,0.99449,2.25,1.50
2012.06.12 13:26:59.326,0.99438,0.99448,1.88,1.50
2012.06.12 13:26:59.457,0.99436,0.99448,2.63,1.50
2012.06.12 13:26:59.597,0.99435,0.99446,1.88,2.63
2012.06.12 13:26:59.809,0.99433,0.99446,1.50,2.63
2012.06.12 13:27:00.340,0.99432,0.99446,2.25,3.38
2012.06.12 13:27:00.478,0.99434,0.99446,1.88,1.50
2012.06.12 13:27:00.549,0.99434,0.99446,1.88,1.50
2012.06.12 13:27:00.619,0.99436,0.99446,1.50,1.50
2012.06.12 13:27:00.958,0.99435,0.99448,3.00,1.50
2012.06.12 13:27:01.099,0.99437,0.99448,1.50,1.50
2012.06.12 13:27:01.436,0.99435,0.99448,1.13,1.50
2012.06.12 13:27:01.506,0.99437,0.99448,1.50,1.50
2012.06.12 13:27:02.065,0.99437,0.99448,3.38,1.50
2012.06.12 13:27:02.999,0.99435,0.99449,2.82,1.50
2012.06.12 13:27:03.349,0.99434,0.99446,1.88,1.50
2012.06.12 13:27:03.936,0.99434,0.99446,1.50,1.50
2012.06.12 13:27:04.445,0.99434,0.99446,1.50,1.50
2012.06.12 13:27:04.790,0.99436,0.99447,1.50,1.50
2012.06.12 13:27:04.859,0.99434,0.99447,1.50,1.50
2012.06.12 13:27:05.568,0.99436,0.99445,1.50,1.50
2012.06.12 13:27:06.127,0.99435,0.99445,1.50,1.50
2012.06.12 13:27:06.198,0.99433,0.99445,1.88,1.50
2012.06.12 13:27:06.812,0.99434,0.99445,1.50,1.50
2012.06.12 13:27:07.315,0.99433,0.99445,1.88,1.50
2012.06.12 13:27:07.826,0.99432,0.99445,3.75,1.50
2012.06.12 13:27:08.365,0.99433,0.99445,1.50,1.50
2012.06.12 13:27:08.996,0.99435,0.99445,1.50,1.50
2012.06.12 13:27:09.436,0.99432,0.99445,3.75,1.50
2012.06.12 13:27:10.885,0.9943,0.99445,3.75,1.50
2012.06.12 13:27:11.529,0.9943,0.99445,4.50,1.50
2012.06.12 13:27:12.087,0.9943,0.99443,4.50,1.50
2012.06.12 13:27:12.636,0.99432,0.99443,1.50,1.50
2012.06.12 13:27:13.338,0.9943,0.99443,4.88,1.50
2012.06.12 13:27:13.866,0.99432,0.99443,1.50,1.50
2012.06.12 13:27:14.069,0.99428,0.99438,2.18,2.63
2012.06.12 13:27:14.141,0.99427,0.99436,3.16,1.50
2012.06.12 13:27:14.346,0.99429,0.99444,2.07,2.25
2012.06.12 13:27:14.725,0.99429,0.99441,2.07,1.50
2012.06.12 13:27:15.251,0.99428,0.9944,3.57,1.50
2012.06.12 13:27:15.805,0.9943,0.9944,1.88,1.50
2012.06.12 13:27:16.198,0.99428,0.99441,1.88,2.25
2012.06.12 13:27:16.272,0.99428,0.99439,1.88,1.50
2012.06.12 13:27:16.620,0.99426,0.99437,1.88,1.50
2012.06.12 13:27:16.999,0.99423,0.99437,1.50,1.50
2012.06.12 13:27:17.516,0.99422,0.99436,1.88,2.25
2012.06.12 13:27:18.648,0.99422,0.99436,3.38,2.63
2012.06.12 13:27:19.244,0.99422,0.99432,1.88,1.50
2012.06.12 13:27:19.375,0.99422,0.99433,1.88,1.50
2012.06.12 13:27:20.428,0.99422,0.99433,1.88,1.50
2012.06.12 13:27:20.843,0.99427,0.99439,1.50,3.94
2012.06.12 13:27:20.923,0.99427,0.99439,3.75,1.69
2012.06.12 13:27:21.338,0.99428,0.9944,2.25,1.50
2012.06.12 13:27:21.841,0.99428,0.9944,1.88,1.50
2012.06.12 13:27:22.390,0.99428,0.99441,1.88,1.88
2012.06.12 13:27:22.708,0.99431,0.99443,1.50,3.00
2012.06.12 13:27:23.217,0.99432,0.99444,1.50,4.43
2012.06.12 13:27:23.725,0.99432,0.99444,1.50,3.00
2012.06.12 13:27:24.228,0.99431,0.99444,1.50,4.50
2012.06.12 13:27:24.800,0.99431,0.99444,1.50,4.50
2012.06.12 13:27:25.316,0.99431,0.99442,1.50,2.25
2012.06.12 13:27:25.589,0.99425,0.99439,4.13,1.88
2012.06.12 13:27:25.928,0.99425,0.99438,3.38,1.88
2012.06.12 13:27:26.537,0.99425,0.99436,1.50,1.88
2012.06.12 13:27:27.460,0.99425,0.99438,1.50,2.63
2012.06.12 13:27:29.510,0.99425,0.99436,1.50,1.50
2012.06.12 13:27:30.212,0.99425,0.99438,1.50,3.75
2012.06.12 13:27:30.758,0.99425,0.99438,1.50,2.25
2012.06.12 13:27:31.507,0.99426,0.99442,3.38,5.44
2012.06.12 13:27:31.639,0.99427,0.99442,2.25,2.44
2012.06.12 13:27:31.780,0.99427,0.99442,2.44,2.25
2012.06.12 13:27:32.188,0.99429,0.99443,3.38,2.63
2012.06.12 13:27:32.735,0.99429,0.99443,3.38,4.13
2012.06.12 13:27:34.019,0.99429,0.99443,3.38,3.75
2012.06.12 13:27:34.897,0.99431,0.99445,2.82,2.63
2012.06.12 13:27:35.368,0.99433,0.99447,2.63,1.50
2012.06.12 13:27:35.507,0.99433,0.99447,2.63,1.50
2012.06.12 13:27:35.790,0.99437,0.99449,1.50,1.88
2012.06.12 13:27:36.058,0.99438,0.99452,1.88,3.53
2012.06.12 13:27:36.192,0.99439,0.99452,2.25,2.18
2012.06.12 13:27:36.718,0.99439,0.99453,3.00,1.13
2012.06.12 13:27:37.123,0.99443,0.99454,1.50,1.50
2012.06.12 13:27:37.458,0.99444,0.99456,3.38,1.13
2012.06.12 13:27:38.028,0.99447,0.99459,1.88,2.48
2012.06.12 13:27:38.454,0.99447,0.99459,2.63,1.50
2012.06.12 13:27:38.741,0.99447,0.99461,2.63,4.69
2012.06.12 13:27:39.171,0.99445,0.99459,5.63,1.88
2012.06.12 13:27:39.318,0.99445,0.99459,5.63,1.88
2012.06.12 13:27:41.310,0.99445,0.99457,1.50,1.88
2012.06.12 13:27:41.384,0.99444,0.99457,1.50,3.38
2012.06.12 13:27:41.527,0.99444,0.99455,1.50,1.50
2012.06.12 13:27:46.888,0.99441,0.99455,1.50,1.88
2012.06.12 13:27:47.138,0.99439,0.99451,3.75,1.88
2012.06.12 13:27:47.269,0.99437,0.99451,5.44,3.38
2012.06.12 13:27:47.337,0.99437,0.9945,5.25,1.81
2012.06.12 13:27:47.827,0.99437,0.99447,2.25,1.81
2012.06.12 13:27:48.367,0.99437,0.99444,2.25,1.88
2012.06.12 13:27:48.697,0.99431,0.99439,1.50,3.38
2012.06.12 13:27:49.086,0.99427,0.99439,1.88,1.88
2012.06.12 13:27:49.667,0.99425,0.9944,3.38,1.50
2012.06.12 13:27:50.215,0.99425,0.99436,1.50,1.50
2012.06.12 13:27:50.299,0.99423,0.99436,3.19,1.50
2012.06.12 13:27:50.839,0.99423,0.99436,2.25,1.50
2012.06.12 13:27:50.984,0.99421,0.99437,5.25,3.57
2012.06.12 13:27:51.061,0.99421,0.99434,4.50,1.50
2012.06.12 13:27:51.390,0.99421,0.99429,1.50,1.88
2012.06.12 13:27:51.741,0.99415,0.99426,1.50,3.38
2012.06.12 13:27:51.825,0.99413,0.99425,2.25,1.50
2012.06.12 13:27:51.975,0.9941,0.99422,1.69,1.88
2012.06.12 13:27:52.329,0.99408,0.9942,2.63,2.25
2012.06.12 13:27:52.712,0.99407,0.99422,1.50,3.00
2012.06.12 13:27:53.200,0.99407,0.99416,1.50,2.25
2012.06.12 13:27:53.581,0.99402,0.99414,1.50,7.55
2012.06.12 13:27:54.009,0.99395,0.99409,1.88,3.38
2012.06.12 13:27:54.343,0.99397,0.99411,2.63,3.19
2012.06.12 13:27:54.422,0.994,0.99412,1.88,3.68
2012.06.12 13:27:54.759,0.99396,0.99412,2.82,1.88
2012.06.12 13:27:55.296,0.99397,0.99411,1.69,1.88
2012.06.12 13:27:55.701,0.99397,0.99412,3.19,2.25
2012.06.12 13:27:56.793,0.994,0.99413,1.88,1.50
2012.06.12 13:27:57.309,0.99401,0.99413,2.63,1.50
2012.06.12 13:27:57.378,0.99401,0.99415,2.63,2.25
2012.06.12 13:27:57.639,0.99401,0.99415,3.38,1.50
2012.06.12 13:27:57.900,0.99401,0.99415,1.50,1.88
2012.06.12 13:27:58.467,0.99399,0.99415,3.57,2.25
2012.06.12 13:27:58.539,0.99399,0.99414,1.69,1.50
2012.06.12 13:27:59.086,0.99398,0.99411,1.69,1.88
2012.06.12 13:27:59.635,0.99398,0.99414,5.07,4.13
2012.06.12 13:28:00.638,0.994,0.99412,2.25,1.88
2012.06.12 13:28:01.166,0.99399,0.99411,1.50,1.50
2012.06.12 13:28:01.978,0.994,0.99413,4.13,1.81
2012.06.12 13:28:02.229,0.994,0.99415,3.38,2.07
2012.06.12 13:28:02.628,0.994,0.99415,4.88,1.69
2012.06.12 13:28:02.938,0.99401,0.99413,1.50,1.50
2012.06.12 13:28:04.103,0.99402,0.99416,3.38,1.69
2012.06.12 13:28:04.529,0.99404,0.99416,1.50,1.69
2012.06.12 13:28:04.659,0.99403,0.99417,1.50,1.69
2012.06.12 13:28:05.175,0.99403,0.99416,1.50,2.07
2012.06.12 13:28:05.767,0.99403,0.99415,1.50,1.50
2012.06.12 13:28:06.329,0.99403,0.99415,1.50,1.88
2012.06.12 13:28:06.529,0.99403,0.99414,1.50,1.88
2012.06.12 13:28:07.050,0.99398,0.99411,1.50,1.69
2012.06.12 13:28:07.391,0.99396,0.99405,1.50,1.88
2012.06.12 13:28:08.161,0.99395,0.99407,1.50,3.75
2012.06.12 13:28:08.374,0.99392,0.99407,1.50,1.88
2012.06.12 13:28:08.447,0.99393,0.99408,1.50,1.50
2012.06.12 13:28:08.577,0.99393,0.99408,1.50,2.25
2012.06.12 13:28:08.896,0.99393,0.99407,1.50,1.88
2012.06.12 13:28:09.228,0.99393,0.99405,1.50,1.50
2012.06.12 13:28:09.988,0.9939,0.99406,4.13,3.00
2012.06.12 13:28:10.127,0.99391,0.99406,3.31,2.25
2012.06.12 13:28:10.326,0.99394,0.99408,1.50,3.00
2012.06.12 13:28:10.717,0.99396,0.9941,3.38,1.13
2012.06.12 13:28:11.046,0.99399,0.9941,1.50,1.13
2012.06.12 13:28:11.585,0.99398,0.99412,2.63,1.88
2012.06.12 13:28:11.787,0.99396,0.99412,2.07,3.00
2012.06.12 13:28:12.047,0.99396,0.99412,2.82,3.38
2012.06.12 13:28:12.488,0.99395,0.99405,2.48,1.88
2012.06.12 13:28:12.770,0.99394,0.99409,1.88,2.07
2012.06.12 13:28:12.841,0.99394,0.99409,2.25,2.07
2012.06.12 13:28:12.989,0.99394,0.99409,2.25,2.44
2012.06.12 13:28:13.341,0.99396,0.99407,1.50,2.07
2012.06.12 13:28:13.425,0.99399,0.99408,1.50,3.31
2012.06.12 13:28:13.499,0.99399,0.99408,1.50,3.12
2012.06.12 13:28:13.838,0.99398,0.99405,1.50,1.88
2012.06.12 13:28:14.237,0.99399,0.99405,1.50,2.25
2012.06.12 13:28:14.891,0.99388,0.99404,4.88,1.88
2012.06.12 13:28:15.439,0.99388,0.99403,1.50,2.25
2012.06.12 13:28:16.026,0.99388,0.99402,2.63,2.25
2012.06.12 13:28:17.605,0.99388,0.99402,2.63,3.00
2012.06.12 13:28:17.749,0.99385,0.99396,2.82,1.50
2012.06.12 13:28:17.958,0.99385,0.99398,2.07,1.50
2012.06.12 13:28:18.281,0.99385,0.99398,2.82,2.25
2012.06.12 13:28:18.628,0.99382,0.99396,1.50,1.13
2012.06.12 13:28:18.698,0.99382,0.99396,1.50,1.13
2012.06.12 13:28:19.256,0.99381,0.99397,5.25,1.88
2012.06.12 13:28:21.396,0.99384,0.99398,2.63,1.13
2012.06.12 13:28:21.915,0.99386,0.994,2.63,2.07
2012.06.12 13:28:22.436,0.99388,0.99402,1.88,3.42
2012.06.12 13:28:22.737,0.99391,0.99407,4.32,4.13
2012.06.12 13:28:23.048,0.99391,0.99407,3.57,4.35
2012.06.12 13:28:23.556,0.99391,0.99406,2.82,2.25
2012.06.12 13:28:24.077,0.9939,0.99406,5.44,4.13
2012.06.12 13:28:25.458,0.99392,0.99406,1.50,3.00
2012.06.12 13:28:26.548,0.9939,0.99406,4.32,2.63
2012.06.12 13:28:27.856,0.99392,0.99406,1.13,2.25
2012.06.12 13:28:27.928,0.99393,0.99406,1.50,1.88
2012.06.12 13:28:28.437,0.99394,0.99406,1.88,1.88
2012.06.12 13:28:28.895,0.99394,0.99406,1.88,1.88
2012.06.12 13:28:29.497,0.99394,0.99406,1.50,1.88
2012.06.12 13:28:30.306,0.99394,0.99407,1.69,1.88
2012.06.12 13:28:30.499,0.99396,0.99407,1.50,1.88
2012.06.12 13:28:30.700,0.99398,0.9941,1.13,1.13
2012.06.12 13:28:30.839,0.99399,0.99413,1.88,1.69
2012.06.12 13:28:31.040,0.99399,0.99414,2.63,3.57
2012.06.12 13:28:31.724,0.99399,0.99414,3.38,2.82
2012.06.12 13:28:32.301,0.994,0.99414,1.50,2.07
2012.06.12 13:28:33.239,0.99402,0.99416,2.25,5.18
2012.06.12 13:28:33.307,0.99402,0.99416,3.75,1.88
2012.06.12 13:28:33.450,0.99403,0.99416,1.50,1.88
2012.06.12 13:28:36.288,0.99403,0.99414,1.50,1.50
2012.06.12 13:28:36.626,0.99397,0.9941,4.43,1.88
2012.06.12 13:28:36.977,0.994,0.9941,1.50,1.88
2012.06.12 13:28:38.756,0.99404,0.99415,1.50,2.18
2012.06.12 13:28:38.889,0.99405,0.99417,1.50,2.63
2012.06.12 13:28:39.146,0.99405,0.99414,1.50,1.88
2012.06.12 13:28:39.608,0.99406,0.9941,1.50,1.88
2012.06.12 13:28:39.749,0.99401,0.9941,1.50,1.88
2012.06.12 13:28:40.237,0.99395,0.99405,2.27,2.18
2012.06.12 13:28:40.571,0.99392,0.99403,1.52,3.38
2012.06.12 13:28:40.637,0.99388,0.99399,1.52,1.88
2012.06.12 13:28:40.830,0.99386,0.99399,3.02,3.68
2012.06.12 13:28:40.901,0.99386,0.99399,3.02,2.25
2012.06.12 13:28:41.038,0.99386,0.99399,2.25,2.25
2012.06.12 13:28:41.492,0.99386,0.99397,1.50,1.50
2012.06.12 13:28:41.639,0.99385,0.99399,4.13,3.75
2012.06.12 13:28:41.831,0.99385,0.99396,1.50,1.50
2012.06.12 13:28:42.417,0.99385,0.99397,1.50,3.38
2012.06.12 13:28:42.750,0.99384,0.99397,1.50,3.38
2012.06.12 13:28:43.020,0.99385,0.99399,2.63,2.07
2012.06.12 13:28:43.728,0.99388,0.99402,2.25,2.63
2012.06.12 13:28:43.804,0.99389,0.99403,4.50,2.25
2012.06.12 13:28:44.337,0.99389,0.99403,3.00,2.25
2012.06.12 13:28:44.897,0.9939,0.99405,4.50,1.50
2012.06.12 13:28:44.966,0.9939,0.99405,4.50,1.50
2012.06.12 13:28:45.348,0.99391,0.99404,2.63,1.50
2012.06.12 13:28:45.657,0.99394,0.99406,1.50,3.57
2012.06.12 13:28:48.076,0.99394,0.99406,1.50,1.88
2012.06.12 13:28:48.551,0.99394,0.99408,1.50,2.82
2012.06.12 13:28:48.759,0.99396,0.99409,4.06,3.00
2012.06.12 13:28:48.829,0.99399,0.99412,1.88,3.23
2012.06.12 13:28:48.898,0.99399,0.99412,2.63,1.88
2012.06.12 13:28:49.370,0.99398,0.99412,2.82,3.38
2012.06.12 13:28:49.440,0.99398,0.99409,2.82,1.50
2012.06.12 13:28:49.757,0.99398,0.99411,2.82,1.88
2012.06.12 13:28:49.827,0.99396,0.99409,3.31,1.88
2012.06.12 13:28:50.210,0.99396,0.99407,1.50,1.88
2012.06.12 13:28:50.725,0.99394,0.99407,1.50,1.88
2012.06.12 13:28:51.316,0.99394,0.99405,1.50,1.88
2012.06.12 13:28:52.664,0.99394,0.99407,1.69,1.88
2012.06.12 13:28:54.059,0.99393,0.99406,1.50,1.88
2012.06.12 13:28:54.362,0.9939,0.99402,3.68,1.88
2012.06.12 13:28:54.887,0.99388,0.99402,3.38,1.88
2012.06.12 13:28:56.279,0.99389,0.99402,1.50,1.88
2012.06.12 13:28:56.406,0.99388,0.99402,3.38,1.88
2012.06.12 13:28:56.597,0.99388,0.99401,3.38,1.50
2012.06.12 13:28:57.106,0.99388,0.99402,3.38,3.38
2012.06.12 13:28:57.528,0.99386,0.99398,1.50,3.38
2012.06.12 13:28:57.606,0.99384,0.99398,2.44,4.88
2012.06.12 13:28:57.679,0.99384,0.99396,2.44,1.50
2012.06.12 13:28:57.807,0.99384,0.99398,3.94,1.88
2012.06.12 13:28:58.330,0.99385,0.99395,1.50,1.88
2012.06.12 13:28:58.867,0.99383,0.99394,1.50,1.50
2012.06.12 13:28:59.011,0.99381,0.99394,2.82,1.50
2012.06.12 13:28:59.638,0.9938,0.99394,3.38,2.63
2012.06.12 13:28:59.978,0.9938,0.99392,2.82,2.25
2012.06.12 13:29:00.647,0.99378,0.99391,3.38,2.25
2012.06.12 13:29:00.968,0.99378,0.99388,1.50,1.50
2012.06.12 13:29:01.491,0.99375,0.99385,1.13,1.88
2012.06.12 13:29:02.062,0.99375,0.99385,1.50,2.63
2012.06.12 13:29:02.341,0.99372,0.99384,1.50,1.13
2012.06.12 13:29:02.683,0.99368,0.99375,1.50,1.88
2012.06.12 13:29:03.029,0.99367,0.99373,1.50,3.38
2012.06.12 13:29:03.379,0.9936,0.99369,1.50,1.88
2012.06.12 13:29:03.902,0.99355,0.99369,2.63,2.25
2012.06.12 13:29:04.053,0.99358,0.99366,1.50,2.63
2012.06.12 13:29:04.201,0.99357,0.99362,1.50,1.88
2012.06.12 13:29:04.425,0.99353,0.99362,1.50,2.63
2012.06.12 13:29:04.574,0.99351,0.9936,1.50,1.88
2012.06.12 13:29:05.139,0.9935,0.9936,2.25,1.88
2012.06.12 13:29:05.649,0.99349,0.99362,3.38,1.13
2012.06.12 13:29:05.791,0.99349,0.99364,4.88,2.48
2012.06.12 13:29:06.103,0.99349,0.99363,4.13,1.13
2012.06.12 13:29:06.318,0.99351,0.99363,2.25,1.13
2012.06.12 13:29:06.757,0.99347,0.99362,3.75,3.00
2012.06.12 13:29:07.121,0.99347,0.99359,3.75,1.88
2012.06.12 13:29:07.210,0.99345,0.99357,1.69,3.00
2012.06.12 13:29:07.419,0.99345,0.99356,1.50,1.50
2012.06.12 13:29:07.666,0.99343,0.99356,3.38,1.50
2012.06.12 13:29:07.855,0.99343,0.99356,3.38,1.50
2012.06.12 13:29:08.251,0.99343,0.99354,1.50,1.88
2012.06.12 13:29:08.789,0.99341,0.99354,2.25,2.63
2012.06.12 13:29:09.326,0.99341,0.99353,2.25,1.88
2012.06.12 13:29:09.517,0.9934,0.99353,1.50,2.25
2012.06.12 13:29:09.779,0.99342,0.99353,1.50,3.38
2012.06.12 13:29:10.297,0.99342,0.99353,1.50,2.44
2012.06.12 13:29:10.440,0.99339,0.99353,1.50,2.44
2012.06.12 13:29:10.509,0.99339,0.99353,3.00,2.44
2012.06.12 13:29:10.875,0.99342,0.99354,1.50,1.13
2012.06.12 13:29:11.299,0.99347,0.99358,2.25,2.25
2012.06.12 13:29:11.439,0.99347,0.99358,2.25,2.25
2012.06.12 13:29:11.971,0.99346,0.99358,1.50,1.13
2012.06.12 13:29:12.107,0.99345,0.99357,1.50,1.88
2012.06.12 13:29:12.442,0.99346,0.99357,1.50,2.07
2012.06.12 13:29:12.839,0.99345,0.99357,1.50,2.07
2012.06.12 13:29:13.050,0.99349,0.99357,1.50,1.88
2012.06.12 13:29:13.193,0.99351,0.99362,1.88,1.50
2012.06.12 13:29:13.549,0.99351,0.99363,2.63,2.10
2012.06.12 13:29:13.988,0.99353,0.99365,1.50,2.63
2012.06.12 13:29:15.068,0.99351,0.99364,3.00,2.25
2012.06.12 13:29:15.609,0.99353,0.99366,2.25,3.38
2012.06.12 13:29:16.177,0.99352,0.99366,2.63,2.63
2012.06.12 13:29:17.595,0.99353,0.99368,3.00,2.25
2012.06.12 13:29:17.671,0.99354,0.99368,1.50,1.88
2012.06.12 13:29:17.819,0.99354,0.99367,1.50,1.50
2012.06.12 13:29:18.099,0.99355,0.9937,4.13,1.32
2012.06.12 13:29:18.356,0.99355,0.9937,2.63,1.69
2012.06.12 13:29:18.707,0.99354,0.99365,1.50,1.88
2012.06.12 13:29:19.096,0.99353,0.99365,1.50,1.88
2012.06.12 13:29:19.239,0.99352,0.99365,1.50,1.88
2012.06.12 13:29:20.879,0.99351,0.99365,4.88,2.07
2012.06.12 13:29:21.391,0.99351,0.99363,1.50,3.38
2012.06.12 13:29:22.639,0.9935,0.99363,1.50,3.75
2012.06.12 13:29:23.508,0.9935,0.99364,3.38,1.88
2012.06.12 13:29:23.779,0.9935,0.99364,4.13,3.38
2012.06.12 13:29:24.336,0.9935,0.99363,1.50,1.88
2012.06.12 13:29:24.866,0.9935,0.99363,1.50,2.25
2012.06.12 13:29:26.220,0.9935,0.99364,2.63,2.07
2012.06.12 13:29:26.776,0.99351,0.99366,4.13,2.56
2012.06.12 13:29:27.128,0.99353,0.99365,1.50,2.44
2012.06.12 13:29:27.409,0.99351,0.99363,1.50,1.50
2012.06.12 13:29:27.678,0.9935,0.99361,1.50,1.50
2012.06.12 13:29:27.949,0.9935,0.99362,1.50,2.44
2012.06.12 13:29:28.369,0.99347,0.99359,2.63,1.50
2012.06.12 13:29:28.442,0.99347,0.99361,2.63,3.38
2012.06.12 13:29:29.059,0.99347,0.99361,4.88,1.88
2012.06.12 13:29:30.338,0.99346,0.99361,3.31,3.38
2012.06.12 13:29:30.550,0.9935,0.99363,1.50,3.75
2012.06.12 13:29:31.067,0.99348,0.99363,3.19,3.00
2012.06.12 13:29:31.198,0.99349,0.99363,1.50,3.00
2012.06.12 13:29:32.058,0.9935,0.99364,2.25,2.63
2012.06.12 13:29:32.558,0.99351,0.99365,3.38,2.63
2012.06.12 13:29:33.547,0.99351,0.99365,3.38,4.13
2012.06.12 13:29:34.056,0.99351,0.99365,2.63,4.13
2012.06.12 13:29:34.398,0.99351,0.99363,1.88,1.50
2012.06.12 13:29:34.919,0.99351,0.99365,2.63,2.82
2012.06.12 13:29:35.432,0.99352,0.99365,1.50,2.63
2012.06.12 13:29:35.785,0.99361,0.99371,1.50,1.13
2012.06.12 13:29:36.001,0.99361,0.99375,2.25,2.82
2012.06.12 13:29:36.148,0.99362,0.99375,1.50,2.44
2012.06.12 13:29:36.288,0.99362,0.99375,1.50,2.44
2012.06.12 13:29:37.103,0.99362,0.99375,1.50,2.07
2012.06.12 13:29:37.930,0.99362,0.99375,1.50,2.07
2012.06.12 13:29:38.068,0.99362,0.99375,1.50,2.07
2012.06.12 13:29:38.600,0.99362,0.99375,1.50,1.88
2012.06.12 13:29:39.341,0.99364,0.99377,1.50,1.32
2012.06.12 13:29:39.829,0.99366,0.99378,2.25,1.88
2012.06.12 13:29:40.338,0.99366,0.99378,1.50,1.88
2012.06.12 13:29:40.477,0.99365,0.99378,2.25,1.88
2012.06.12 13:29:41.049,0.99365,0.99378,2.25,1.88
2012.06.12 13:29:41.979,0.99365,0.99373,1.50,6.38
2012.06.12 13:29:42.054,0.99364,0.99373,3.00,6.38
2012.06.12 13:29:42.134,0.99361,0.99373,2.44,6.38
2012.06.12 13:29:42.493,0.99359,0.99371,3.38,1.13
2012.06.12 13:29:42.574,0.99359,0.99364,1.50,1.88
2012.06.12 13:29:43.471,0.99353,0.99367,2.27,8.78
2012.06.12 13:29:43.689,0.99357,0.99369,1.50,1.88
2012.06.12 13:29:43.823,0.99357,0.99373,4.50,2.93
2012.06.12 13:29:44.339,0.99358,0.99373,3.00,2.93
2012.06.12 13:29:45.193,0.99358,0.99371,1.50,3.00
2012.06.12 13:29:45.786,0.99358,0.99371,1.50,3.19
2012.06.12 13:29:46.799,0.99356,0.99368,3.00,1.88
2012.06.12 13:29:46.939,0.99356,0.99368,1.50,1.88
2012.06.12 13:29:47.217,0.99354,0.99365,1.50,1.88
2012.06.12 13:29:47.571,0.99351,0.99362,3.38,1.88
2012.06.12 13:29:48.126,0.99351,0.99362,1.50,1.88
2012.06.12 13:29:48.422,0.99351,0.99365,5.25,2.63
2012.06.12 13:29:48.572,0.99355,0.99368,1.50,3.19
2012.06.12 13:29:48.930,0.99357,0.99369,1.50,2.18
2012.06.12 13:29:49.328,0.99357,0.99371,2.25,3.00
2012.06.12 13:29:49.862,0.99359,0.99372,1.50,1.88
2012.06.12 13:29:50.609,0.99358,0.99372,2.63,1.88
2012.06.12 13:29:50.867,0.99361,0.99375,1.50,3.38
2012.06.12 13:29:50.938,0.99359,0.99375,4.88,4.88
2012.06.12 13:29:51.562,0.9936,0.99375,2.25,3.38
2012.06.12 13:29:53.209,0.99358,0.99371,2.44,1.88
2012.06.12 13:29:53.406,0.99358,0.99371,1.50,2.07
2012.06.12 13:29:54.068,0.99359,0.99371,1.13,1.88
2012.06.12 13:29:54.145,0.9936,0.99373,1.88,2.25
2012.06.12 13:29:54.679,0.9936,0.99372,2.25,1.88
2012.06.12 13:29:54.752,0.9936,0.99369,2.25,1.88
2012.06.12 13:29:54.897,0.99357,0.99369,1.50,1.88
2012.06.12 13:29:55.041,0.99356,0.99368,2.25,2.07
2012.06.12 13:29:56.097,0.99356,0.99366,2.25,1.88
2012.06.12 13:29:57.418,0.99354,0.99366,2.25,1.88
2012.06.12 13:29:59.346,0.99352,0.99363,1.50,1.88
2012.06.12 13:29:59.669,0.9935,0.99361,1.88,1.50
2012.06.12 13:30:00.012,0.99347,0.99357,3.38,1.50
2012.06.12 13:30:00.090,0.99347,0.99359,2.63,1.50
2012.06.12 13:30:00.157,0.99347,0.99359,2.63,1.50
2012.06.12 13:30:00.301,0.99347,0.99361,2.63,1.50
2012.06.12 13:30:00.370,0.99347,0.99363,4.88,4.13
2012.06.12 13:30:01.048,0.9935,0.99364,3.38,3.38
2012.06.12 13:30:01.468,0.99349,0.99362,2.25,1.88
2012.06.12 13:30:01.810,0.99345,0.9936,2.25,1.88
2012.06.12 13:30:01.878,0.99344,0.9936,5.82,1.88
2012.06.12 13:30:02.335,0.99339,0.99353,2.07,1.50
2012.06.12 13:30:02.859,0.99341,0.99354,2.25,2.63
2012.06.12 13:30:03.368,0.99345,0.99355,2.25,1.13
2012.06.12 13:30:03.710,0.99347,0.99358,1.50,2.63
2012.06.12 13:30:03.922,0.99349,0.99359,1.50,1.13
2012.06.12 13:30:04.491,0.99349,0.99361,1.50,2.25
2012.06.12 13:30:04.570,0.99349,0.99362,1.50,1.13
2012.06.12 13:30:04.899,0.99351,0.99363,1.50,1.13
2012.06.12 13:30:05.450,0.99348,0.99362,5.18,1.50
2012.06.12 13:30:07.438,0.99351,0.99366,1.50,3.38
2012.06.12 13:30:08.107,0.99351,0.99366,1.50,2.44
2012.06.12 13:30:09.231,0.99351,0.99366,2.25,2.63
2012.06.12 13:30:09.301,0.99353,0.99366,1.50,2.25
2012.06.12 13:30:09.848,0.99355,0.99368,1.69,1.88
2012.06.12 13:30:09.921,0.99355,0.9937,3.57,1.50
2012.06.12 13:30:09.993,0.99357,0.99371,3.00,3.75
2012.06.12 13:30:10.454,0.99356,0.99367,1.50,1.50
2012.06.12 13:30:10.808,0.99356,0.99364,1.50,1.50
2012.06.12 13:30:11.437,0.99356,0.99364,1.50,1.50
2012.06.12 13:30:11.708,0.99353,0.99364,1.50,1.50
2012.06.12 13:30:12.227,0.99354,0.99365,1.50,1.88
2012.06.12 13:30:13.692,0.99354,0.99365,1.50,1.88
2012.06.12 13:30:13.854,0.99354,0.99364,1.50,4.50
2012.06.12 13:30:14.420,0.99351,0.99362,1.50,2.63
2012.06.12 13:30:14.970,0.99349,0.99364,2.25,1.88
2012.06.12 13:30:15.041,0.99349,0.99364,2.25,1.88
2012.06.12 13:30:15.872,0.99349,0.99363,3.19,1.50
2012.06.12 13:30:15.947,0.99349,0.99361,1.69,1.50
2012.06.12 13:30:16.681,0.99352,0.99362,1.88,1.50
2012.06.12 13:30:17.106,0.99352,0.99364,2.82,1.50
2012.06.12 13:30:17.196,0.99357,0.99368,1.50,1.50
2012.06.12 13:30:17.624,0.99358,0.9937,2.25,1.50
2012.06.12 13:30:18.027,0.99361,0.99373,1.50,1.88
2012.06.12 13:30:18.568,0.9936,0.99374,5.07,1.88
2012.06.12 13:30:18.930,0.9936,0.99372,2.07,1.50
2012.06.12 13:30:19.069,0.99362,0.99375,1.50,1.88
2012.06.12 13:30:19.353,0.99362,0.99375,3.00,1.88
2012.06.12 13:30:19.436,0.99366,0.99378,2.63,1.50
2012.06.12 13:30:19.722,0.99368,0.9938,1.50,1.88
2012.06.12 13:30:19.869,0.99368,0.99382,1.50,1.50
2012.06.12 13:30:20.359,0.99371,0.99383,1.50,2.44
2012.06.12 13:30:20.714,0.99366,0.9938,3.98,1.88
2012.06.12 13:30:21.143,0.99366,0.99378,3.98,1.50
2012.06.12 13:30:21.288,0.99366,0.99378,4.73,1.50
2012.06.12 13:30:21.359,0.99366,0.9938,4.73,1.88
2012.06.12 13:30:21.507,0.99368,0.99377,1.50,1.88
2012.06.12 13:30:21.719,0.99366,0.99376,1.50,1.50
2012.06.12 13:30:22.398,0.99362,0.99376,3.38,3.38
2012.06.12 13:30:22.541,0.99362,0.99376,2.25,3.38
2012.06.12 13:30:23.044,0.99362,0.99376,1.50,3.00
2012.06.12 13:30:23.124,0.99362,0.99374,1.50,1.50
2012.06.12 13:30:23.612,0.99359,0.99369,2.25,1.88
2012.06.12 13:30:23.695,0.99357,0.99369,3.00,1.88
2012.06.12 13:30:24.502,0.99357,0.99368,2.63,1.88
2012.06.12 13:30:25.017,0.99357,0.99368,1.13,1.88
2012.06.12 13:30:25.403,0.99358,0.99372,1.88,3.57
2012.06.12 13:30:25.552,0.9936,0.99372,2.25,2.07
2012.06.12 13:30:26.189,0.99358,0.9937,3.75,1.50
2012.06.12 13:30:26.660,0.99359,0.99373,2.63,3.57
2012.06.12 13:30:27.133,0.99359,0.9937,2.63,1.50
2012.06.12 13:30:27.491,0.99363,0.9937,1.88,1.50
2012.06.12 13:30:27.573,0.99363,0.99373,2.63,1.50
2012.06.12 13:30:28.074,0.99361,0.99372,1.50,1.50
2012.06.12 13:30:28.219,0.99362,0.99372,1.50,1.50
2012.06.12 13:30:28.491,0.99364,0.99376,1.50,1.88
2012.06.12 13:30:29.304,0.99366,0.99377,1.50,1.88
2012.06.12 13:30:29.859,0.99366,0.99378,1.50,1.88
2012.06.12 13:30:30.455,0.99364,0.99378,4.13,1.88
2012.06.12 13:30:30.813,0.99369,0.99384,4.13,2.93
2012.06.12 13:30:31.032,0.9937,0.99385,1.50,6.38
2012.06.12 13:30:31.939,0.99372,0.99385,1.50,2.63
2012.06.12 13:30:32.221,0.99371,0.99385,4.88,2.25
2012.06.12 13:30:32.942,0.99372,0.99387,1.50,4.50
2012.06.12 13:30:34.091,0.99373,0.99385,1.50,1.88
2012.06.12 13:30:34.449,0.99375,0.99385,1.50,1.88
2012.06.12 13:30:35.327,0.99375,0.99387,1.50,3.75
2012.06.12 13:30:37.279,0.99376,0.99387,2.25,1.88
2012.06.12 13:30:37.687,0.99375,0.99387,2.25,1.88
2012.06.12 13:30:37.903,0.99375,0.9939,4.13,2.07
2012.06.12 13:30:38.875,0.99377,0.99391,1.88,3.94
2012.06.12 13:30:39.804,0.99374,0.99387,1.50,1.88
2012.06.12 13:30:40.160,0.99371,0.99384,1.88,3.38
2012.06.12 13:30:42.447,0.9937,0.99384,2.25,2.63
2012.06.12 13:30:42.519,0.9937,0.99384,1.50,2.63
2012.06.12 13:30:42.648,0.99368,0.99384,3.38,2.82
2012.06.12 13:30:42.788,0.99371,0.99384,1.50,2.82
2012.06.12 13:30:43.556,0.99369,0.99381,1.50,1.50
2012.06.12 13:30:44.059,0.99368,0.99381,1.88,1.50
2012.06.12 13:30:44.927,0.9937,0.99381,1.88,1.50
2012.06.12 13:30:45.460,0.9937,0.9938,2.63,1.50
2012.06.12 13:30:45.797,0.9937,0.99384,2.63,5.93
2012.06.12 13:30:47.008,0.99369,0.99381,1.50,1.88
2012.06.12 13:30:47.142,0.99368,0.99381,1.88,1.88
2012.06.12 13:30:47.669,0.99367,0.99381,1.50,1.88
2012.06.12 13:30:48.374,0.99367,0.99381,1.50,2.63
2012.06.12 13:30:48.820,0.99367,0.99375,1.50,1.88
2012.06.12 13:30:49.311,0.99367,0.99372,1.50,1.88
2012.06.12 13:30:49.666,0.99365,0.9937,2.25,1.88
2012.06.12 13:30:50.027,0.99367,0.99372,3.00,2.82
2012.06.12 13:30:50.780,0.99369,0.99373,1.50,6.87
2012.06.12 13:30:50.860,0.99367,0.99373,1.50,2.25
2012.06.12 13:30:50.935,0.99358,0.99373,3.38,2.25
2012.06.12 13:30:51.221,0.9936,0.99373,1.50,2.25
2012.06.12 13:30:51.559,0.9936,0.99374,1.88,2.07
2012.06.12 13:30:51.628,0.99363,0.99375,1.88,1.17
2012.06.12 13:30:52.019,0.99366,0.99377,1.50,2.63
2012.06.12 13:30:52.231,0.99366,0.99381,3.38,2.48
2012.06.12 13:30:52.310,0.99366,0.99381,2.63,2.10
2012.06.12 13:30:52.662,0.9937,0.99379,1.88,1.50
2012.06.12 13:30:52.950,0.9937,0.99383,2.63,3.75
2012.06.12 13:30:53.479,0.9937,0.99383,2.63,3.38
2012.06.12 13:30:53.999,0.9937,0.99383,3.38,1.88
2012.06.12 13:30:54.921,0.9937,0.99378,1.50,1.88
2012.06.12 13:30:55.257,0.99361,0.99365,1.88,1.88
2012.06.12 13:30:55.609,0.99349,0.99354,2.40,1.88
2012.06.12 13:30:55.961,0.99338,0.99345,3.75,3.00
2012.06.12 13:30:56.321,0.99331,0.99343,3.00,2.25
2012.06.12 13:30:56.533,0.99331,0.99347,2.25,3.00
2012.06.12 13:30:56.612,0.99328,0.99343,10.06,1.50
2012.06.12 13:30:56.765,0.99332,0.99347,1.69,1.50
2012.06.12 13:30:57.318,0.99332,0.99348,2.07,2.25
2012.06.12 13:30:57.628,0.99333,0.99346,1.32,1.50
2012.06.12 13:30:57.958,0.9933,0.99344,8.44,3.38
2012.06.12 13:30:58.463,0.9933,0.99343,4.69,1.50
2012.06.12 13:30:58.681,0.99333,0.99347,2.63,1.88
2012.06.12 13:30:59.219,0.99333,0.99349,3.00,3.75
2012.06.12 13:30:59.818,0.99334,0.99349,4.43,1.88
2012.06.12 13:31:00.189,0.99335,0.9935,1.88,1.88
2012.06.12 13:31:00.543,0.99335,0.99347,1.50,1.88
2012.06.12 13:31:00.901,0.99334,0.99343,1.13,1.88
2012.06.12 13:31:01.631,0.99332,0.99343,1.50,1.88
2012.06.12 13:31:02.609,0.99331,0.99343,2.25,1.88
2012.06.12 13:31:02.943,0.99328,0.99339,1.50,1.88
2012.06.12 13:31:03.092,0.99325,0.99339,5.27,1.88
2012.06.12 13:31:03.172,0.99325,0.99334,1.15,1.88
2012.06.12 13:31:03.743,0.99321,0.99334,1.13,1.88
2012.06.12 13:31:04.385,0.99328,0.99341,2.63,2.85
2012.06.12 13:31:04.470,0.99331,0.99342,1.50,2.25
2012.06.12 13:31:04.824,0.99329,0.99336,1.50,1.88
2012.06.12 13:31:05.110,0.99327,0.99336,1.50,1.88
2012.06.12 13:31:05.253,0.99323,0.99336,3.31,1.88
2012.06.12 13:31:05.335,0.99323,0.99333,1.13,1.88
2012.06.12 13:31:05.682,0.99323,0.99331,1.13,1.88
2012.06.12 13:31:05.760,0.99323,0.99334,1.13,3.57
2012.06.12 13:31:05.889,0.99323,0.99334,1.50,3.94
2012.06.12 13:31:06.031,0.99318,0.99332,2.25,2.25
2012.06.12 13:31:06.869,0.99322,0.99332,1.50,2.25
2012.06.12 13:31:07.459,0.9932,0.9933,2.25,1.88
2012.06.12 13:31:07.542,0.99318,0.99325,2.25,1.88
2012.06.12 13:31:07.621,0.99318,0.99325,1.50,1.88
2012.06.12 13:31:07.697,0.99316,0.99324,1.52,1.13
2012.06.12 13:31:08.051,0.9931,0.99322,1.50,1.13
2012.06.12 13:31:08.405,0.99309,0.99316,1.50,1.88
2012.06.12 13:31:08.553,0.99308,0.99317,1.50,1.13
2012.06.12 13:31:08.768,0.99308,0.99316,1.50,2.63
2012.06.12 13:31:08.981,0.99306,0.99314,1.50,1.88
2012.06.12 13:31:09.332,0.99298,0.9931,2.25,2.56
2012.06.12 13:31:09.481,0.99293,0.99303,5.25,2.18
2012.06.12 13:31:10.140,0.99286,0.99293,1.50,6.38
2012.06.12 13:31:10.391,0.99275,0.99289,2.65,1.88
2012.06.12 13:31:10.467,0.99277,0.993,1.52,2.18
2012.06.12 13:31:10.820,0.99293,0.99301,1.50,3.00
2012.06.12 13:31:11.103,0.99286,0.99292,1.50,4.13
2012.06.12 13:31:11.405,0.99278,0.9929,2.63,2.10
2012.06.12 13:31:11.634,0.99276,0.99284,1.50,2.63
2012.06.12 13:31:11.857,0.99273,0.99284,1.50,2.63
2012.06.12 13:31:12.002,0.99267,0.9928,1.81,1.88
2012.06.12 13:31:12.151,0.99266,0.9928,3.38,1.88
2012.06.12 13:31:12.221,0.99269,0.99283,1.88,4.05
2012.06.12 13:31:12.788,0.99269,0.99283,2.63,2.62
2012.06.12 13:31:13.273,0.9927,0.99281,2.63,4.50
2012.06.12 13:31:13.636,0.99262,0.99276,2.27,3.19
2012.06.12 13:31:13.717,0.99258,0.99274,1.73,3.00
2012.06.12 13:31:13.862,0.99259,0.9927,1.13,2.25
2012.06.12 13:31:13.945,0.99256,0.9927,3.38,3.00
2012.06.12 13:31:14.021,0.99256,0.9927,3.00,3.00
2012.06.12 13:31:14.380,0.99256,0.9927,2.63,8.62
2012.06.12 13:31:14.654,0.99256,0.9927,2.63,4.87
2012.06.12 13:31:14.873,0.99256,0.9927,1.88,3.00
2012.06.12 13:31:15.255,0.99256,0.9927,3.38,3.00
2012.06.12 13:31:15.551,0.99257,0.99271,2.63,2.25
2012.06.12 13:31:15.915,0.99258,0.99272,1.88,1.13
2012.06.12 13:31:16.342,0.99256,0.99265,1.50,2.25
2012.06.12 13:31:16.702,0.99248,0.99259,3.77,5.63
2012.06.12 13:31:17.069,0.99247,0.99252,1.50,3.31
2012.06.12 13:31:17.149,0.99245,0.9925,1.13,1.13
2012.06.12 13:31:17.227,0.99244,0.9925,1.50,2.25
2012.06.12 13:31:17.305,0.99246,0.99252,1.15,7.42
2012.06.12 13:31:18.086,0.99231,0.99249,4.45,1.13
2012.06.12 13:31:18.235,0.99234,0.99253,1.15,2.18
2012.06.12 13:31:18.665,0.99241,0.99253,1.88,1.50
2012.06.12 13:31:18.745,0.99241,0.99254,1.88,1.35
2012.06.12 13:31:18.822,0.99242,0.99256,1.13,2.18
2012.06.12 13:31:18.969,0.99241,0.99257,2.63,3.75
2012.06.12 13:31:19.604,0.99246,0.99261,2.44,3.37
2012.06.12 13:31:19.818,0.99248,0.99262,2.63,2.25
2012.06.12 13:31:20.464,0.99256,0.99266,1.81,2.25
2012.06.12 13:31:20.824,0.99264,0.99269,1.62,1.13
2012.06.12 13:31:20.981,0.99266,0.99276,2.82,1.88
2012.06.12 13:31:21.055,0.99266,0.99277,2.82,1.50
2012.06.12 13:31:21.133,0.99266,0.9928,2.82,2.25
2012.06.12 13:31:21.212,0.99267,0.9928,1.88,3.00
2012.06.12 13:31:21.571,0.99268,0.99281,2.44,1.50
2012.06.12 13:31:21.711,0.99272,0.99281,1.81,1.50
2012.06.12 13:31:21.790,0.99277,0.99281,1.88,1.50
2012.06.12 13:31:21.922,0.99277,0.99286,1.88,2.25
2012.06.12 13:31:22.001,0.99277,0.99284,1.88,1.50
2012.06.12 13:31:22.294,0.99278,0.99286,1.88,2.25
2012.06.12 13:31:22.512,0.99278,0.99292,2.82,2.25
2012.06.12 13:31:22.659,0.99278,0.99292,3.94,2.25
2012.06.12 13:31:23.280,0.99278,0.99292,2.44,1.50
2012.06.12 13:31:23.559,0.99282,0.99294,1.50,1.88
2012.06.12 13:31:23.774,0.99272,0.99294,3.00,2.25
2012.06.12 13:31:23.855,0.99286,0.99296,1.50,1.88
2012.06.12 13:31:23.934,0.99285,0.99298,3.38,1.50
2012.06.12 13:31:24.014,0.99279,0.99297,6.49,1.50
2012.06.12 13:31:24.095,0.99285,0.99298,3.75,1.13
2012.06.12 13:31:24.309,0.99288,0.993,1.50,1.13
2012.06.12 13:31:24.383,0.99283,0.993,1.50,1.13
2012.06.12 13:31:24.603,0.99285,0.99297,1.88,1.88
2012.06.12 13:31:24.687,0.99283,0.99297,3.57,2.63
2012.06.12 13:31:24.835,0.99283,0.99295,3.57,1.50
2012.06.12 13:31:24.914,0.99283,0.99294,1.69,1.88
2012.06.12 13:31:25.132,0.99278,0.99291,3.00,1.88
2012.06.12 13:31:25.491,0.9928,0.99289,1.50,1.88
2012.06.12 13:31:25.880,0.99275,0.99289,6.58,1.88
2012.06.12 13:31:25.955,0.99275,0.99289,2.83,1.88
2012.06.12 13:31:26.310,0.99275,0.99289,2.82,1.88
2012.06.12 13:31:26.451,0.99275,0.99289,3.57,2.25
2012.06.12 13:31:26.735,0.99272,0.99284,3.79,4.50
2012.06.12 13:31:27.094,0.99272,0.99279,2.25,2.63
2012.06.12 13:31:27.312,0.99272,0.99277,1.50,1.88
2012.06.12 13:31:27.398,0.99264,0.99277,1.50,2.25
2012.06.12 13:31:27.613,0.99264,0.99273,1.50,1.88
2012.06.12 13:31:27.690,0.9926,0.99273,2.65,1.88
2012.06.12 13:31:27.832,0.99264,0.99279,1.50,1.32
2012.06.12 13:31:27.903,0.99263,0.99277,2.63,1.88
2012.06.12 13:31:28.587,0.99268,0.99278,1.35,1.50
2012.06.12 13:31:28.669,0.99268,0.99279,2.25,1.50
2012.06.12 13:31:29.237,0.99268,0.99281,2.82,1.13
2012.06.12 13:31:29.311,0.99268,0.99284,2.82,4.13
2012.06.12 13:31:29.594,0.99266,0.9928,4.28,1.50
2012.06.12 13:31:29.814,0.99263,0.99277,3.42,1.88
2012.06.12 13:31:30.034,0.99262,0.99275,2.56,1.88
2012.06.12 13:31:30.112,0.99261,0.99273,2.25,1.50
2012.06.12 13:31:30.402,0.99263,0.99273,1.88,1.88
2012.06.12 13:31:30.689,0.99263,0.99277,2.25,2.63
2012.06.12 13:31:31.242,0.99264,0.99277,1.88,1.88
2012.06.12 13:31:31.680,0.99261,0.99277,4.73,3.75
2012.06.12 13:31:32.105,0.9926,0.99268,1.73,1.88
2012.06.12 13:31:32.658,0.99254,0.99267,1.13,1.88
2012.06.12 13:31:33.410,0.99253,0.99266,1.13,1.50
2012.06.12 13:31:33.810,0.99253,0.99267,1.13,3.38
2012.06.12 13:31:34.089,0.99251,0.99267,3.75,3.38
2012.06.12 13:31:34.902,0.99254,0.99268,3.00,3.94
2012.06.12 13:31:35.265,0.99255,0.99262,1.32,1.50
2012.06.12 13:31:35.343,0.99259,0.9927,1.88,1.13
2012.06.12 13:31:35.427,0.99257,0.99261,4.13,1.50
2012.06.12 13:31:35.574,0.9926,0.99269,2.82,2.63
2012.06.12 13:31:35.793,0.99258,0.99269,1.13,1.88
2012.06.12 13:31:36.149,0.99256,0.99268,1.35,1.50
2012.06.12 13:31:36.290,0.99258,0.99269,1.88,1.50
2012.06.12 13:31:36.640,0.99262,0.99275,1.88,2.63
2012.06.12 13:31:36.921,0.99264,0.99278,2.82,2.25
2012.06.12 13:31:37.269,0.99267,0.99278,1.50,2.25
2012.06.12 13:31:37.861,0.99264,0.99276,1.69,1.88
2012.06.12 13:31:38.210,0.99264,0.99274,1.50,1.88
2012.06.12 13:31:38.699,0.99264,0.99278,4.13,2.44
2012.06.12 13:31:38.841,0.99266,0.99278,1.50,2.25
2012.06.12 13:31:39.198,0.99268,0.9928,1.50,2.25
2012.06.12 13:31:39.411,0.99267,0.9928,1.50,2.25
2012.06.12 13:31:39.834,0.99268,0.99283,2.63,1.88
2012.06.12 13:31:39.911,0.99268,0.99284,7.88,2.44
2012.06.12 13:31:40.169,0.99273,0.99286,1.88,1.88
2012.06.12 13:31:40.854,0.99273,0.99287,1.88,3.75
2012.06.12 13:31:41.417,0.99271,0.99287,3.75,3.75
2012.06.12 13:31:41.752,0.99268,0.99283,5.18,1.50
2012.06.12 13:31:41.901,0.99268,0.99281,1.81,1.88
2012.06.12 13:31:41.970,0.99266,0.99281,1.50,1.88
2012.06.12 13:31:42.521,0.99269,0.99282,1.88,1.13
2012.06.12 13:31:47.480,0.99268,0.99282,1.88,2.25
2012.06.12 13:31:47.901,0.9927,0.99282,1.50,2.25
2012.06.12 13:31:48.464,0.9927,0.99282,2.25,1.88
2012.06.12 13:31:49.009,0.99269,0.99282,1.50,1.88
2012.06.12 13:31:49.527,0.9927,0.99284,3.38,2.44
2012.06.12 13:31:50.069,0.99267,0.99277,2.56,1.88
2012.06.12 13:31:50.141,0.99265,0.99277,2.85,1.88
2012.06.12 13:31:50.213,0.99265,0.99277,1.35,1.88
2012.06.12 13:31:50.291,0.9926,0.99273,3.77,1.88
2012.06.12 13:31:50.361,0.9926,0.99273,3.38,1.88
2012.06.12 13:31:50.501,0.9926,0.99276,4.50,2.63
2012.06.12 13:31:50.709,0.99262,0.99276,1.50,1.88
2012.06.12 13:31:50.993,0.9926,0.99276,3.98,4.13
2012.06.12 13:31:51.538,0.9926,0.99276,4.35,4.50
2012.06.12 13:31:52.366,0.99262,0.99276,1.50,2.25
2012.06.12 13:31:52.708,0.99263,0.99277,1.88,2.63
2012.06.12 13:31:53.289,0.99263,0.99277,4.88,1.88
2012.06.12 13:31:53.847,0.99265,0.99279,3.00,1.88
2012.06.12 13:31:54.791,0.99265,0.99279,1.69,1.88
2012.06.12 13:31:55.308,0.99265,0.9928,3.42,1.88
2012.06.12 13:31:55.381,0.99267,0.9928,1.88,1.88
2012.06.12 13:31:55.731,0.9927,0.99282,1.88,1.88
2012.06.12 13:31:56.203,0.9927,0.99282,2.25,1.88
2012.06.12 13:31:56.701,0.99271,0.99286,2.25,1.50
2012.06.12 13:31:56.772,0.99271,0.99287,3.00,2.63
2012.06.12 13:31:56.854,0.99273,0.99289,3.00,2.07
2012.06.12 13:31:57.280,0.99277,0.99291,1.88,1.88
2012.06.12 13:31:57.420,0.99274,0.9929,2.63,1.88
2012.06.12 13:31:57.754,0.99273,0.99286,2.56,1.88
2012.06.12 13:31:57.835,0.99272,0.99286,3.00,2.63
2012.06.12 13:31:57.912,0.99271,0.99283,1.13,1.88
2012.06.12 13:31:58.205,0.99267,0.99283,2.48,1.88
2012.06.12 13:31:58.418,0.99267,0.99283,2.48,2.25
2012.06.12 13:31:59.283,0.99267,0.99283,3.60,2.25
2012.06.12 13:31:59.712,0.99267,0.99278,2.10,1.88
2012.06.12 13:32:00.130,0.99264,0.99277,3.08,1.50
2012.06.12 13:32:00.691,0.99265,0.99279,1.88,2.63
2012.06.12 13:32:00.984,0.99267,0.99279,1.69,1.88
2012.06.12 13:32:01.065,0.99267,0.99281,3.57,1.50
2012.06.12 13:32:01.620,0.99267,0.99282,3.57,1.13
2012.06.12 13:32:01.761,0.99267,0.99278,1.50,1.88
2012.06.12 13:32:01.900,0.99264,0.99278,1.50,2.63
2012.06.12 13:32:02.520,0.99263,0.99278,1.88,3.00
2012.06.12 13:32:03.020,0.99264,0.99278,3.38,3.00
2012.06.12 13:32:03.919,0.99263,0.99277,1.88,2.25
2012.06.12 13:32:05.459,0.99263,0.99276,1.88,1.50
2012.06.12 13:32:05.797,0.99263,0.99274,1.88,1.50
2012.06.12 13:32:06.315,0.99263,0.99275,1.88,1.50
2012.06.12 13:32:06.747,0.99263,0.99277,3.38,2.07
2012.06.12 13:32:06.824,0.99264,0.99277,1.50,2.44
2012.06.12 13:32:10.798,0.99263,0.99277,1.88,4.13
2012.06.12 13:32:11.354,0.99263,0.99277,2.63,1.88
2012.06.12 13:32:11.866,0.99267,0.99279,2.10,2.63
2012.06.12 13:32:12.151,0.99265,0.99278,2.44,1.88
2012.06.12 13:32:12.538,0.99267,0.99281,1.88,2.25
2012.06.12 13:32:13.098,0.99267,0.99281,2.85,1.88
2012.06.12 13:32:13.433,0.99271,0.99285,1.88,1.32
2012.06.12 13:32:13.795,0.99275,0.99287,1.88,1.13
2012.06.12 13:32:14.385,0.99275,0.99291,1.88,4.06
2012.06.12 13:32:15.050,0.99273,0.99289,2.63,3.75
2012.06.12 13:32:15.262,0.99271,0.99287,2.82,1.88
2012.06.12 13:32:15.481,0.99271,0.99287,2.07,2.25
2012.06.12 13:32:15.812,0.9927,0.99282,1.17,1.88
2012.06.12 13:32:16.399,0.99269,0.99282,1.69,1.88
2012.06.12 13:32:16.940,0.99269,0.99283,2.82,1.88
2012.06.12 13:32:17.490,0.99269,0.99283,2.63,1.88
2012.06.12 13:32:17.979,0.9927,0.99283,4.50,1.88
2012.06.12 13:32:18.065,0.99273,0.99286,1.88,1.88
2012.06.12 13:32:18.607,0.99273,0.99287,2.82,1.88
2012.06.12 13:32:19.339,0.99273,0.99287,1.88,1.88
2012.06.12 13:32:20.591,0.9927,0.99283,2.25,1.88
2012.06.12 13:32:20.940,0.99268,0.99279,1.69,1.88
2012.06.12 13:32:21.211,0.99267,0.99279,5.25,1.88
2012.06.12 13:32:21.751,0.99268,0.99279,1.50,1.88
2012.06.12 13:32:22.021,0.99268,0.99278,2.25,1.88
2012.06.12 13:32:22.689,0.99268,0.99281,2.25,2.25
2012.06.12 13:32:24.518,0.9927,0.9928,1.50,1.50
2012.06.12 13:32:24.590,0.9927,0.99279,5.25,1.50
2012.06.12 13:32:24.730,0.9927,0.99283,5.25,3.75
2012.06.12 13:32:25.376,0.99271,0.99283,2.63,1.88
2012.06.12 13:32:25.581,0.99273,0.99283,1.50,1.88
2012.06.12 13:32:25.933,0.9928,0.9929,2.48,1.50
2012.06.12 13:32:26.077,0.99278,0.99294,4.32,2.63
2012.06.12 13:32:26.219,0.99278,0.99294,3.57,2.25
2012.06.12 13:32:27.868,0.99278,0.99294,3.57,2.25
2012.06.12 13:32:28.407,0.99277,0.99293,4.69,2.25
2012.06.12 13:32:28.993,0.99278,0.99293,1.50,2.25
2012.06.12 13:32:29.066,0.99279,0.99293,1.50,2.25
2012.06.12 13:32:29.627,0.99278,0.99293,1.13,2.25
2012.06.12 13:32:31.007,0.99277,0.99292,3.75,1.13
2012.06.12 13:32:31.839,0.99283,0.99293,1.88,2.44
2012.06.12 13:32:32.191,0.99283,0.99296,1.88,2.25
2012.06.12 13:32:32.748,0.99283,0.99297,1.88,2.25
2012.06.12 13:32:33.532,0.99283,0.99297,1.88,2.25
2012.06.12 13:32:33.860,0.99281,0.99297,3.57,2.25
2012.06.12 13:32:34.142,0.99282,0.99297,1.73,3.75
2012.06.12 13:32:34.505,0.9929,0.99301,1.88,2.07
2012.06.12 13:32:34.724,0.99292,0.99303,1.50,1.13
2012.06.12 13:32:34.939,0.99293,0.99307,4.13,2.63
2012.06.12 13:32:35.480,0.99291,0.99304,2.85,3.00
2012.06.12 13:32:35.622,0.99291,0.99304,2.25,2.63
2012.06.12 13:32:35.701,0.99291,0.993,2.25,1.88
2012.06.12 13:32:35.912,0.99289,0.993,1.50,1.88
2012.06.12 13:32:36.472,0.99286,0.99298,1.69,1.88
2012.06.12 13:32:36.564,0.99282,0.99297,4.06,1.88
2012.06.12 13:32:36.712,0.99282,0.99295,4.06,1.50
2012.06.12 13:32:36.863,0.99285,0.99297,1.88,1.50
2012.06.12 13:32:37.015,0.99285,0.993,1.88,1.13
2012.06.12 13:32:37.090,0.99285,0.993,1.88,4.88
2012.06.12 13:32:37.455,0.99284,0.99296,1.35,4.50
2012.06.12 13:32:37.670,0.99281,0.99295,3.38,5.56
2012.06.12 13:32:37.880,0.99277,0.99288,1.50,1.88
2012.06.12 13:32:38.392,0.99277,0.99285,1.50,1.88
2012.06.12 13:32:38.671,0.99274,0.99289,1.50,2.67
2012.06.12 13:32:38.951,0.99276,0.99289,1.50,2.07
2012.06.12 13:32:39.438,0.99278,0.99293,1.50,3.79
2012.06.12 13:32:39.998,0.99278,0.99293,1.50,2.07
2012.06.12 13:32:40.070,0.99281,0.99293,1.50,2.07
2012.06.12 13:32:40.348,0.99278,0.99293,3.00,2.07
2012.06.12 13:32:40.416,0.99278,0.99291,1.50,1.88
2012.06.12 13:32:40.974,0.99279,0.99291,1.50,1.88
2012.06.12 13:32:41.263,0.99285,0.99297,1.88,1.50
2012.06.12 13:32:41.470,0.99285,0.99299,3.38,4.50
2012.06.12 13:32:41.658,0.99289,0.99299,1.88,1.13
2012.06.12 13:32:42.280,0.99289,0.99303,1.88,2.25
2012.06.12 13:32:42.910,0.9929,0.99306,5.07,3.75
2012.06.12 13:32:43.191,0.99294,0.99306,1.50,2.25
2012.06.12 13:32:43.608,0.99291,0.99306,2.44,2.25
2012.06.12 13:32:43.737,0.99293,0.99306,1.50,2.25
2012.06.12 13:32:44.258,0.99292,0.99306,1.88,2.25
2012.06.12 13:32:45.377,0.99293,0.99306,1.50,2.25
2012.06.12 13:32:46.263,0.99293,0.99306,2.25,2.25
2012.06.12 13:32:46.619,0.993,0.99312,1.88,2.07
2012.06.12 13:32:46.689,0.993,0.99312,1.88,2.07
2012.06.12 13:32:47.312,0.993,0.99314,1.88,3.04
2012.06.12 13:32:47.950,0.99299,0.99313,4.13,2.25
2012.06.12 13:32:48.445,0.99302,0.99316,1.88,3.68
2012.06.12 13:32:48.803,0.99304,0.99319,3.38,3.31
2012.06.12 13:32:48.956,0.99304,0.9932,4.50,7.13
2012.06.12 13:32:49.732,0.99303,0.99316,2.25,1.88
2012.06.12 13:32:50.160,0.99302,0.99313,2.63,1.50
2012.06.12 13:32:50.300,0.993,0.99314,2.82,1.88
2012.06.12 13:32:50.927,0.993,0.99314,5.07,1.88
2012.06.12 13:32:51.002,0.99302,0.99316,2.63,1.88
2012.06.12 13:32:53.109,0.99302,0.99318,3.75,3.75
2012.06.12 13:32:53.716,0.99302,0.99316,3.75,1.50
2012.06.12 13:32:54.236,0.99301,0.99317,4.50,3.57
2012.06.12 13:32:54.992,0.99301,0.99313,3.00,1.50
2012.06.12 13:32:55.342,0.99302,0.99314,1.50,1.88
2012.06.12 13:32:55.494,0.99302,0.99308,1.50,1.35
2012.06.12 13:32:55.642,0.993,0.99311,1.50,1.50
2012.06.12 13:32:55.930,0.993,0.99313,3.00,3.38
2012.06.12 13:32:56.073,0.99303,0.99313,1.50,1.88
2012.06.12 13:32:56.226,0.993,0.99313,3.00,1.88
2012.06.12 13:32:56.790,0.99299,0.99309,3.00,1.88
2012.06.12 13:32:56.929,0.99296,0.99309,1.69,1.88
2012.06.12 13:32:57.571,0.99297,0.99312,2.25,1.88
2012.06.12 13:32:57.712,0.99298,0.99307,1.50,1.88
2012.06.12 13:32:57.861,0.99298,0.99311,1.50,2.25
2012.06.12 13:32:58.452,0.99297,0.99311,4.13,2.63
2012.06.12 13:32:58.968,0.99295,0.9931,3.19,1.88
2012.06.12 13:32:59.107,0.99297,0.9931,1.50,1.88
2012.06.12 13:32:59.668,0.99295,0.9931,3.38,2.25
2012.06.12 13:33:00.081,0.99296,0.9931,2.63,2.44
2012.06.12 13:33:00.630,0.99296,0.9931,4.13,2.44
2012.06.12 13:33:01.028,0.99298,0.99312,1.50,1.50
2012.06.12 13:33:03.217,0.99297,0.9931,1.50,1.88
2012.06.12 13:33:03.870,0.99294,0.99306,2.25,1.88
2012.06.12 13:33:04.011,0.99292,0.99306,6.19,1.88
2012.06.12 13:33:04.097,0.99292,0.99303,2.44,1.88
2012.06.12 13:33:04.382,0.9929,0.99302,1.50,1.88
2012.06.12 13:33:04.534,0.99288,0.99302,1.13,1.88
2012.06.12 13:33:05.049,0.99286,0.99301,3.00,1.50
2012.06.12 13:33:05.610,0.99287,0.99302,2.25,2.25
2012.06.12 13:33:06.145,0.99288,0.99302,2.25,2.25
2012.06.12 13:33:06.444,0.99299,0.99307,1.88,3.38
2012.06.12 13:33:06.873,0.99302,0.99307,2.63,1.50
2012.06.12 13:33:07.441,0.99302,0.99308,4.13,1.13
2012.06.12 13:33:07.584,0.99302,0.99315,4.88,1.50
2012.06.12 13:33:07.800,0.99304,0.99315,1.50,1.13
2012.06.12 13:33:08.209,0.99304,0.99316,2.82,2.25
2012.06.12 13:33:08.749,0.99304,0.99316,2.82,1.13
2012.06.12 13:33:09.454,0.99304,0.99319,2.82,1.13
2012.06.12 13:33:10.007,0.99306,0.99321,2.82,2.63
2012.06.12 13:33:11.677,0.99308,0.99321,1.88,2.63
2012.06.12 13:33:11.996,0.99308,0.99321,1.88,1.50
2012.06.12 13:33:12.073,0.99305,0.9932,1.69,1.88
2012.06.12 13:33:12.152,0.99305,0.99318,1.69,1.88
2012.06.12 13:33:12.512,0.99301,0.99311,1.13,1.88
2012.06.12 13:33:12.592,0.99297,0.99309,1.88,1.88
2012.06.12 13:33:12.808,0.99296,0.99309,1.13,1.88
2012.06.12 13:33:13.310,0.99293,0.99308,1.13,5.63
2012.06.12 13:33:13.380,0.99291,0.99306,3.00,1.88
2012.06.12 13:33:13.918,0.99291,0.99305,1.88,1.50
2012.06.12 13:33:14.319,0.99291,0.99306,2.10,3.57
2012.06.12 13:33:14.531,0.99294,0.99309,2.63,1.88
2012.06.12 13:33:15.151,0.99294,0.99308,1.13,1.50
2012.06.12 13:33:15.220,0.99294,0.99309,1.88,1.88
2012.06.12 13:33:15.433,0.99296,0.99309,1.50,1.88
2012.06.12 13:33:16.591,0.99299,0.99311,4.50,2.25
2012.06.12 13:33:16.660,0.99297,0.99311,2.25,2.25
2012.06.12 13:33:16.731,0.99299,0.99311,1.50,2.25
2012.06.12 13:33:17.101,0.993,0.99315,1.88,1.32
2012.06.12 13:33:17.665,0.99301,0.99315,1.69,1.13
2012.06.12 13:33:18.167,0.99302,0.99315,1.88,1.13
2012.06.12 13:33:18.459,0.99301,0.99313,1.69,1.88
2012.06.12 13:33:18.928,0.99302,0.99314,1.88,2.07
2012.06.12 13:33:19.471,0.99302,0.99316,1.88,3.00
2012.06.12 13:33:19.973,0.99301,0.99315,3.57,2.25
2012.06.12 13:33:20.589,0.99302,0.99316,1.88,2.25
2012.06.12 13:33:20.993,0.99302,0.99314,1.88,1.50
2012.06.12 13:33:21.187,0.99302,0.99316,1.88,2.63
2012.06.12 13:33:22.391,0.99302,0.99317,2.82,1.88
2012.06.12 13:33:22.812,0.99306,0.99318,1.88,1.35
2012.06.12 13:33:23.172,0.99308,0.99319,1.88,1.13
2012.06.12 13:33:23.838,0.99308,0.99321,2.63,1.13
2012.06.12 13:33:24.912,0.99306,0.99318,3.00,1.50
2012.06.12 13:33:25.758,0.99304,0.99318,3.38,3.38
2012.06.12 13:33:26.620,0.99304,0.99318,3.38,1.88
2012.06.12 13:33:27.191,0.99304,0.9932,3.75,2.63
2012.06.12 13:33:27.730,0.99307,0.99322,4.13,1.32
2012.06.12 13:33:28.267,0.99307,0.99322,2.63,4.32
2012.06.12 13:33:28.339,0.99307,0.9932,2.63,1.50
2012.06.12 13:33:29.609,0.99308,0.99322,1.88,2.25
2012.06.12 13:33:29.859,0.99308,0.99322,2.63,1.50
2012.06.12 13:33:30.416,0.99308,0.99324,4.13,4.88
2012.06.12 13:33:30.829,0.99312,0.99326,4.13,5.56
2012.06.12 13:33:31.169,0.99314,0.99326,1.50,4.06
2012.06.12 13:33:31.308,0.99312,0.99326,4.13,2.63
2012.06.12 13:33:32.906,0.99312,0.99326,2.63,2.63
2012.06.12 13:33:33.458,0.99312,0.99326,2.63,2.25
2012.06.12 13:33:34.459,0.99312,0.99323,1.50,1.50
2012.06.12 13:33:35.020,0.99308,0.99323,3.57,1.88
2012.06.12 13:33:35.232,0.99308,0.99323,1.88,3.00
2012.06.12 13:33:35.450,0.99307,0.99319,2.25,1.88
2012.06.12 13:33:35.719,0.9931,0.99323,1.50,1.13
2012.06.12 13:33:36.568,0.9931,0.99322,2.25,1.88
2012.06.12 13:33:37.351,0.99309,0.99325,2.63,4.32
2012.06.12 13:33:37.493,0.99312,0.99325,1.50,2.44
2012.06.12 13:33:38.028,0.99313,0.99327,1.88,2.25
2012.06.12 13:33:38.781,0.99314,0.99327,1.50,1.88
2012.06.12 13:33:39.288,0.99313,0.99327,2.63,1.88
2012.06.12 13:33:40.578,0.99314,0.99329,1.50,2.07
2012.06.12 13:33:41.143,0.99315,0.9933,1.88,2.18
2012.06.12 13:33:41.223,0.99315,0.9933,4.13,2.18
2012.06.12 13:33:41.650,0.9932,0.99332,1.88,2.07
2012.06.12 13:33:42.667,0.99318,0.99332,3.38,2.07
2012.06.12 13:33:43.211,0.99318,0.99332,4.13,2.07
2012.06.12 13:33:44.670,0.9932,0.99331,1.50,1.88
2012.06.12 13:33:44.866,0.9932,0.99334,1.50,2.63
2012.06.12 13:33:46.611,0.9932,0.99334,1.50,1.88
2012.06.12 13:33:46.683,0.99322,0.99336,2.25,3.57
2012.06.12 13:33:47.043,0.99322,0.99336,4.88,2.07
2012.06.12 13:33:47.724,0.99322,0.99334,2.25,1.88
2012.06.12 13:33:48.230,0.99321,0.99335,6.23,1.88
2012.06.12 13:33:48.852,0.99322,0.99334,1.50,1.50
2012.06.12 13:33:49.006,0.99322,0.99337,3.00,2.44
2012.06.12 13:33:49.574,0.99321,0.99337,5.85,2.25
2012.06.12 13:33:49.919,0.99321,0.99335,5.85,1.88
2012.06.12 13:33:51.414,0.99322,0.99335,1.50,3.38
2012.06.12 13:33:51.951,0.99321,0.99333,3.23,1.50
2012.06.12 13:33:52.092,0.99322,0.99336,2.63,4.50
2012.06.12 13:33:52.631,0.99324,0.99336,1.50,2.25
2012.06.12 13:33:53.039,0.99322,0.99336,4.13,2.25
2012.06.12 13:33:53.582,0.9932,0.99334,2.63,1.50
2012.06.12 13:33:53.663,0.99318,0.99331,1.13,1.88
2012.06.12 13:33:53.881,0.99318,0.99331,1.13,1.88
2012.06.12 13:33:54.562,0.99319,0.99331,1.50,1.88
2012.06.12 13:33:54.716,0.99326,0.99334,2.63,1.50
2012.06.12 13:33:54.867,0.99323,0.99337,1.50,2.25
2012.06.12 13:33:55.082,0.99322,0.99337,4.13,1.50
2012.06.12 13:33:55.646,0.99323,0.99338,2.44,2.25
2012.06.12 13:33:56.121,0.99326,0.99338,1.50,1.88
2012.06.12 13:33:56.190,0.99324,0.99338,3.57,1.88
2012.06.12 13:33:56.590,0.99325,0.99338,3.75,1.88
2012.06.12 13:33:56.942,0.99328,0.99341,1.50,3.38
2012.06.12 13:33:57.288,0.9933,0.99343,1.13,3.38
2012.06.12 13:33:57.756,0.99329,0.99343,3.00,3.75
2012.06.12 13:33:58.325,0.99329,0.99343,2.63,2.25
2012.06.12 13:33:58.474,0.99332,0.99345,1.50,3.75
2012.06.12 13:33:59.049,0.99337,0.99346,2.63,1.50
2012.06.12 13:33:59.124,0.99337,0.99348,3.38,1.69
2012.06.12 13:33:59.484,0.99337,0.99351,5.07,2.25
2012.06.12 13:33:59.705,0.99339,0.99351,2.25,2.25
2012.06.12 13:33:59.853,0.99341,0.99354,2.25,3.98
2012.06.12 13:34:01.036,0.99339,0.99352,2.63,1.88
2012.06.12 13:34:01.182,0.99339,0.9935,2.63,1.50
2012.06.12 13:34:01.332,0.99339,0.99352,1.88,1.88
2012.06.12 13:34:01.410,0.99339,0.9935,1.13,1.50
2012.06.12 13:34:01.547,0.99338,0.99352,2.63,3.38
2012.06.12 13:34:02.244,0.99339,0.99352,1.50,1.88
2012.06.12 13:34:02.672,0.99338,0.99352,4.88,2.63
2012.06.12 13:34:03.239,0.99338,0.99351,1.50,1.88
2012.06.12 13:34:03.890,0.99339,0.99351,3.00,1.88
2012.06.12 13:34:04.452,0.99339,0.99354,2.25,4.73
2012.06.12 13:34:04.956,0.99339,0.99354,1.50,4.73
2012.06.12 13:34:05.366,0.99338,0.9935,2.25,1.88
2012.06.12 13:34:05.792,0.99337,0.99348,1.69,1.50
2012.06.12 13:34:06.159,0.99337,0.99351,1.69,1.88
2012.06.12 13:34:06.303,0.99336,0.99348,2.44,1.88
2012.06.12 13:34:06.589,0.99336,0.9935,2.07,3.38
2012.06.12 13:34:07.321,0.99336,0.9935,5.07,1.88
2012.06.12 13:34:07.398,0.99338,0.9935,1.50,1.88
2012.06.12 13:34:07.474,0.99338,0.99352,1.50,2.25
2012.06.12 13:34:08.509,0.99338,0.99354,4.50,2.67
2012.06.12 13:34:10.560,0.9934,0.99354,2.63,3.38
2012.06.12 13:34:11.082,0.9934,0.99354,2.63,3.38
2012.06.12 13:34:11.508,0.99344,0.99357,1.50,2.63
2012.06.12 13:34:11.865,0.9934,0.99345,2.25,1.88
2012.06.12 13:34:12.218,0.99335,0.99342,1.45,1.13
2012.06.12 13:34:12.364,0.99329,0.99341,3.02,1.88
2012.06.12 13:34:12.651,0.99329,0.99336,1.50,1.88
2012.06.12 13:34:12.989,0.99329,0.99334,1.50,1.88
2012.06.12 13:34:13.189,0.99329,0.99334,1.50,1.88
2012.06.12 13:34:13.480,0.99326,0.99334,1.50,1.88
2012.06.12 13:34:13.620,0.99324,0.99334,1.50,1.88
2012.06.12 13:34:13.688,0.99322,0.99334,1.50,1.88
2012.06.12 13:34:14.568,0.9932,0.99334,3.00,1.88
2012.06.12 13:34:15.480,0.99321,0.99334,3.00,1.88
2012.06.12 13:34:16.164,0.99322,0.99336,2.63,1.88
2012.06.12 13:34:16.747,0.99322,0.99336,2.63,1.88
2012.06.12 13:34:17.631,0.99321,0.99334,3.75,1.88
2012.06.12 13:34:18.941,0.99322,0.99335,2.25,1.88
2012.06.12 13:34:19.352,0.99324,0.99335,2.25,1.88
2012.06.12 13:34:19.994,0.99323,0.99336,2.63,1.88
2012.06.12 13:34:20.977,0.99322,0.99335,1.88,1.88
2012.06.12 13:34:22.532,0.99322,0.99335,2.25,1.88
2012.06.12 13:34:22.963,0.99323,0.99337,1.88,1.88
2012.06.12 13:34:23.179,0.99324,0.99337,1.50,1.88
2012.06.12 13:34:23.689,0.99325,0.99337,1.50,1.88
2012.06.12 13:34:24.331,0.99323,0.99337,3.38,1.88
2012.06.12 13:34:24.472,0.99323,0.99335,1.50,1.88
2012.06.12 13:34:24.830,0.99323,0.99335,1.50,3.38
2012.06.12 13:34:25.617,0.99323,0.99336,1.50,1.88
2012.06.12 13:34:25.957,0.99326,0.99336,1.13,1.88
2012.06.12 13:34:26.509,0.99326,0.99336,1.13,1.88
2012.06.12 13:34:27.037,0.99326,0.99337,1.13,1.88
2012.06.12 13:34:27.673,0.99327,0.99341,2.63,2.82
2012.06.12 13:34:27.763,0.99332,0.99341,1.50,1.88
2012.06.12 13:34:27.846,0.99333,0.99345,1.50,1.50
2012.06.12 13:34:27.981,0.99333,0.99347,3.38,3.19
2012.06.12 13:34:30.169,0.99334,0.99346,1.50,1.81
2012.06.12 13:34:30.380,0.99332,0.99345,2.25,2.25
2012.06.12 13:34:31.081,0.99332,0.99345,1.50,1.88
2012.06.12 13:34:31.406,0.99332,0.99347,3.00,2.63
2012.06.12 13:34:31.989,0.99333,0.99347,1.50,2.63
2012.06.12 13:34:32.672,0.99334,0.99348,2.25,2.25
2012.06.12 13:34:38.384,0.99336,0.99349,1.88,2.25
2012.06.12 13:34:38.815,0.99339,0.99352,1.88,1.35
2012.06.12 13:34:39.033,0.9934,0.99355,1.50,2.63
2012.06.12 13:34:39.541,0.99341,0.99355,1.50,1.88
2012.06.12 13:34:40.144,0.99342,0.99356,2.63,3.60
2012.06.12 13:34:40.819,0.99343,0.99356,2.25,3.60
2012.06.12 13:34:41.331,0.99344,0.99358,1.50,2.25
2012.06.12 13:34:41.670,0.99341,0.99356,3.94,1.88
2012.06.12 13:34:41.939,0.99341,0.99354,2.44,1.88
2012.06.12 13:34:42.223,0.99339,0.99354,3.38,3.38
2012.06.12 13:34:42.302,0.99339,0.99351,2.63,2.48
2012.06.12 13:34:42.660,0.99336,0.9935,2.20,1.50
2012.06.12 13:34:43.166,0.99337,0.99351,1.32,2.48
2012.06.12 13:34:43.314,0.99338,0.99351,2.25,2.48
2012.06.12 13:34:43.705,0.99342,0.99354,1.88,1.13
2012.06.12 13:34:43.852,0.99342,0.99356,2.63,4.35
2012.06.12 13:34:44.420,0.99344,0.99356,3.38,1.35
2012.06.12 13:34:44.900,0.99344,0.99358,3.38,1.88
2012.06.12 13:34:45.645,0.99344,0.99357,2.25,1.88
2012.06.12 13:34:46.679,0.99344,0.99356,2.25,1.88
2012.06.12 13:34:46.878,0.99342,0.99356,2.63,1.88
2012.06.12 13:34:47.463,0.99343,0.99356,1.50,1.88
2012.06.12 13:34:48.329,0.99342,0.99356,5.25,1.88
2012.06.12 13:34:48.458,0.99343,0.99356,2.25,1.88
2012.06.12 13:34:49.940,0.99343,0.99357,4.13,1.88
2012.06.12 13:34:50.479,0.99347,0.99357,1.50,1.88
2012.06.12 13:34:50.553,0.99347,0.99359,1.50,1.88
2012.06.12 13:34:50.631,0.99348,0.99359,2.25,1.88
2012.06.12 13:34:51.491,0.99344,0.99356,1.35,1.88
2012.06.12 13:34:51.643,0.99343,0.99356,1.50,1.88
2012.06.12 13:34:51.802,0.99342,0.99356,3.38,1.88
2012.06.12 13:34:52.351,0.99343,0.99358,2.63,2.44
2012.06.12 13:34:52.868,0.99343,0.99358,2.63,2.44
2012.06.12 13:34:53.281,0.99343,0.99357,2.63,1.81
2012.06.12 13:34:53.630,0.99341,0.99348,1.13,1.50
2012.06.12 13:34:53.912,0.99338,0.99348,1.13,1.50
2012.06.12 13:34:54.132,0.99337,0.99348,3.00,1.50
2012.06.12 13:34:54.281,0.99339,0.9935,2.63,1.50
2012.06.12 13:34:54.490,0.99339,0.99353,2.63,4.13
2012.06.12 13:34:55.929,0.9934,0.99353,1.50,1.88
2012.06.12 13:34:56.260,0.9934,0.99355,3.75,1.88
2012.06.12 13:34:59.370,0.99345,0.99355,1.50,1.88
2012.06.12 13:34:59.562,0.99345,0.99358,2.25,1.88
2012.06.12 13:35:00.090,0.99347,0.99358,1.50,1.88
2012.06.12 13:35:00.438,0.99351,0.99361,1.69,1.50
2012.06.12 13:35:00.583,0.99351,0.99366,3.19,2.25
2012.06.12 13:35:00.662,0.99351,0.99366,4.69,1.88
2012.06.12 13:35:01.209,0.99353,0.99367,2.25,3.00
2012.06.12 13:35:02.894,0.99353,0.99367,1.50,1.88
2012.06.12 13:35:03.438,0.99354,0.99368,3.38,1.88
2012.06.12 13:35:04.139,0.99355,0.99368,2.63,1.88
2012.06.12 13:35:04.213,0.99356,0.9937,3.75,1.88
2012.06.12 13:35:04.361,0.99358,0.9937,1.50,1.88
2012.06.12 13:35:04.958,0.99359,0.9937,1.50,1.88
2012.06.12 13:35:05.157,0.99362,0.99374,2.63,1.88
2012.06.12 13:35:05.445,0.99363,0.99376,2.25,1.88
2012.06.12 13:35:06.994,0.99366,0.99377,1.88,1.81
2012.06.12 13:35:07.390,0.99362,0.99374,2.63,1.50
2012.06.12 13:35:07.535,0.99361,0.99374,1.50,3.38
2012.06.12 13:35:07.687,0.99362,0.99377,1.50,5.93
2012.06.12 13:35:07.762,0.99364,0.99377,1.50,1.88
2012.06.12 13:35:08.039,0.99366,0.99379,1.88,1.69
2012.06.12 13:35:08.115,0.99363,0.99377,3.23,1.88
2012.06.12 13:35:08.606,0.99362,0.99377,1.50,2.63
2012.06.12 13:35:09.328,0.99361,0.99377,6.00,2.82
2012.06.12 13:35:09.474,0.99361,0.99374,2.63,2.25
2012.06.12 13:35:09.690,0.99358,0.99373,2.85,1.81
2012.06.12 13:35:11.351,0.99357,0.9937,1.13,1.88
2012.06.12 13:35:11.562,0.99354,0.99369,1.88,1.88
2012.06.12 13:35:11.919,0.99353,0.99368,3.00,1.81
2012.06.12 13:35:12.271,0.99348,0.99358,1.13,3.38
2012.06.12 13:35:12.695,0.99344,0.99358,3.57,1.88
2012.06.12 13:35:13.625,0.99344,0.9936,2.63,4.81
2012.06.12 13:35:13.831,0.99345,0.9936,1.50,4.81
2012.06.12 13:35:14.357,0.99346,0.9936,1.50,1.88
2012.06.12 13:35:14.503,0.99346,0.99358,1.50,2.25
2012.06.12 13:35:14.652,0.99343,0.99356,1.13,2.25
2012.06.12 13:35:15.081,0.9934,0.99356,6.00,3.75
2012.06.12 13:35:16.580,0.99341,0.99355,2.25,1.88
2012.06.12 13:35:17.829,0.99342,0.99355,4.50,1.88
2012.06.12 13:35:17.899,0.99343,0.99358,2.63,2.10
2012.06.12 13:35:18.234,0.99347,0.99359,1.50,2.48
2012.06.12 13:35:18.508,0.99345,0.99359,1.50,2.48
2012.06.12 13:35:18.843,0.99345,0.99359,5.44,2.48
2012.06.12 13:35:19.868,0.99345,0.99359,1.69,2.48
2012.06.12 13:35:20.077,0.99345,0.99359,5.25,2.48
2012.06.12 13:35:21.331,0.99347,0.99362,2.25,3.57
2012.06.12 13:35:21.709,0.99349,0.99362,4.50,3.38
2012.06.12 13:35:22.827,0.99349,0.99359,4.50,1.88
2012.06.12 13:35:23.164,0.99343,0.99354,2.25,1.88
2012.06.12 13:35:23.238,0.99343,0.99352,1.88,1.88
2012.06.12 13:35:23.382,0.99341,0.99355,2.93,1.88
2012.06.12 13:35:23.670,0.99344,0.99355,4.50,1.88
2012.06.12 13:35:24.232,0.99344,0.99356,5.25,1.88
2012.06.12 13:35:25.093,0.99344,0.99356,1.50,1.88
2012.06.12 13:35:25.764,0.99343,0.99353,3.38,1.88
2012.06.12 13:35:25.842,0.99343,0.99353,2.63,1.88
2012.06.12 13:35:25.990,0.99343,0.99357,2.82,1.88
2012.06.12 13:35:26.457,0.99346,0.9936,1.88,4.88
2012.06.12 13:35:27.109,0.99346,0.9936,1.88,3.94
2012.06.12 13:35:27.745,0.99346,0.99359,1.88,1.50
2012.06.12 13:35:29.959,0.99346,0.99359,1.88,2.25
2012.06.12 13:35:30.314,0.99343,0.99354,1.13,1.88
2012.06.12 13:35:30.830,0.9934,0.99354,3.98,2.63
2012.06.12 13:35:31.351,0.99339,0.99354,2.10,4.13
2012.06.12 13:35:32.558,0.9934,0.99352,2.85,1.50
2012.06.12 13:35:32.817,0.9934,0.99354,2.85,2.63
2012.06.12 13:35:33.091,0.9934,0.99352,2.85,1.50
2012.06.12 13:35:33.424,0.99339,0.9935,2.10,1.88
2012.06.12 13:35:33.572,0.99336,0.99347,4.88,1.88
2012.06.12 13:35:34.025,0.99334,0.99347,1.50,1.88
2012.06.12 13:35:34.312,0.99333,0.99344,1.13,1.50
2012.06.12 13:35:34.463,0.99333,0.99346,1.13,1.88
2012.06.12 13:35:34.999,0.99333,0.99346,1.88,1.88
2012.06.12 13:35:36.179,0.9933,0.99341,2.82,1.88
2012.06.12 13:35:36.390,0.9933,0.99341,2.07,1.88
2012.06.12 13:35:36.598,0.99329,0.99339,2.93,1.88
2012.06.12 13:35:36.674,0.99329,0.99339,1.13,1.88
2012.06.12 13:35:37.245,0.99327,0.99339,2.63,1.88
2012.06.12 13:35:37.592,0.99328,0.99336,1.13,1.88
2012.06.12 13:35:37.743,0.99325,0.99336,1.50,1.88
2012.06.12 13:35:38.042,0.99322,0.99336,1.13,3.38
2012.06.12 13:35:38.404,0.9932,0.99334,2.63,1.88
2012.06.12 13:35:38.754,0.99319,0.9933,1.32,1.88
2012.06.12 13:35:39.179,0.99317,0.9933,1.13,1.88
2012.06.12 13:35:39.459,0.99317,0.99333,3.00,2.48
2012.06.12 13:35:39.800,0.99322,0.99333,1.50,1.88
2012.06.12 13:35:39.929,0.99323,0.99335,1.88,1.50
2012.06.12 13:35:40.733,0.99323,0.99337,2.63,3.60
2012.06.12 13:35:40.950,0.99326,0.99339,1.88,1.32
2012.06.12 13:35:41.301,0.99331,0.99343,1.88,1.13
2012.06.12 13:35:41.371,0.99331,0.99345,1.88,3.68
2012.06.12 13:35:42.070,0.99331,0.99345,1.88,1.88
2012.06.12 13:35:42.775,0.99334,0.99345,1.50,1.88
2012.06.12 13:35:43.102,0.99331,0.99343,1.88,1.88
2012.06.12 13:35:43.241,0.99331,0.99343,1.50,1.88
2012.06.12 13:35:43.761,0.9933,0.99343,1.50,1.88
2012.06.12 13:35:44.454,0.9933,0.99343,1.50,4.43
2012.06.12 13:35:44.939,0.99327,0.99341,1.13,2.07
2012.06.12 13:35:45.449,0.99325,0.99341,2.63,2.82
2012.06.12 13:35:45.660,0.99327,0.9934,1.50,1.88
2012.06.12 13:35:46.578,0.99327,0.99338,1.50,1.88
2012.06.12 13:35:47.292,0.99325,0.99338,1.13,1.88
2012.06.12 13:35:48.412,0.99325,0.9934,1.13,3.38
2012.06.12 13:35:48.970,0.99326,0.9934,1.88,1.88
2012.06.12 13:35:49.548,0.99328,0.9934,1.50,1.88
2012.06.12 13:35:50.271,0.99331,0.99341,1.50,2.25
2012.06.12 13:35:51.321,0.99331,0.99341,1.50,1.88
2012.06.12 13:35:52.026,0.9933,0.99341,1.50,1.88
2012.06.12 13:35:52.394,0.99327,0.99339,1.32,1.88
2012.06.12 13:35:52.476,0.99325,0.99339,4.50,1.88
2012.06.12 13:35:52.554,0.99325,0.99339,3.00,6.38
2012.06.12 13:35:52.628,0.99325,0.99339,3.00,6.38
2012.06.12 13:35:53.183,0.99324,0.99336,1.50,3.00
2012.06.12 13:35:53.261,0.99322,0.99336,1.88,3.00
2012.06.12 13:35:53.335,0.99322,0.99334,1.88,1.88
2012.06.12 13:35:54.242,0.99321,0.99334,1.50,1.88
2012.06.12 13:35:54.590,0.99323,0.99333,1.50,1.88
2012.06.12 13:35:55.226,0.99324,0.99336,1.50,1.88
2012.06.12 13:35:55.308,0.99327,0.99336,1.50,1.88
2012.06.12 13:35:55.729,0.99327,0.99338,1.50,1.88
2012.06.12 13:35:56.262,0.99326,0.99338,2.25,1.88
2012.06.12 13:35:56.492,0.99324,0.99336,2.44,1.88
2012.06.12 13:35:57.038,0.99323,0.99336,4.06,1.88
2012.06.12 13:35:57.437,0.99322,0.99334,1.32,1.88
2012.06.12 13:35:58.200,0.99323,0.99337,2.82,2.63
2012.06.12 13:35:58.831,0.99326,0.99339,2.25,1.88
2012.06.12 13:35:59.709,0.99329,0.99341,1.88,2.67
2012.06.12 13:36:00.128,0.99329,0.99343,4.13,2.63
2012.06.12 13:36:01.829,0.9933,0.99342,1.13,1.88
2012.06.12 13:36:01.900,0.9933,0.9934,1.13,1.88
2012.06.12 13:36:03.042,0.99326,0.99338,1.50,1.88
2012.06.12 13:36:03.604,0.99326,0.99338,1.32,1.88
2012.06.12 13:36:04.169,0.99325,0.99339,2.44,1.88
2012.06.12 13:36:04.301,0.99325,0.99339,2.44,2.63
2012.06.12 13:36:04.920,0.99321,0.99333,4.35,1.88
2012.06.12 13:36:04.993,0.99322,0.99336,1.88,4.06
2012.06.12 13:36:05.072,0.99322,0.99332,1.88,1.88
2012.06.12 13:36:05.218,0.9932,0.99332,1.13,1.88
2012.06.12 13:36:08.647,0.99317,0.99331,1.32,1.88
2012.06.12 13:36:08.856,0.99316,0.99326,1.88,1.88
2012.06.12 13:36:08.933,0.99315,0.99326,1.52,1.88
2012.06.12 13:36:09.222,0.99309,0.99325,5.57,4.13
2012.06.12 13:36:09.582,0.99306,0.99317,4.52,1.88
2012.06.12 13:36:09.653,0.99306,0.99316,2.27,1.88
2012.06.12 13:36:09.944,0.99302,0.99316,2.07,1.88
2012.06.12 13:36:10.461,0.99302,0.99313,2.07,1.88
2012.06.12 13:36:10.987,0.993,0.99313,4.43,1.88
2012.06.12 13:36:11.260,0.993,0.99313,2.63,1.88
2012.06.12 13:36:11.538,0.993,0.99311,1.13,1.88
2012.06.12 13:36:11.811,0.99297,0.99311,4.69,1.88
2012.06.12 13:36:12.099,0.993,0.99311,1.50,1.88
2012.06.12 13:36:12.830,0.99298,0.99312,3.75,1.88
2012.06.12 13:36:13.378,0.99299,0.99312,1.50,1.88
2012.06.12 13:36:15.115,0.99299,0.99312,2.63,1.88
2012.06.12 13:36:16.044,0.99302,0.99312,1.50,1.88
2012.06.12 13:36:16.586,0.99303,0.99312,1.50,1.88
2012.06.12 13:36:17.713,0.99301,0.99312,1.50,1.88
2012.06.12 13:36:17.795,0.99298,0.99312,4.50,1.88
2012.06.12 13:36:18.145,0.99298,0.99314,4.50,2.25
2012.06.12 13:36:18.531,0.993,0.9931,1.50,1.88
2012.06.12 13:36:19.056,0.99299,0.9931,1.13,1.88
2012.06.12 13:36:19.548,0.99299,0.9931,1.13,1.88
2012.06.12 13:36:20.107,0.99299,0.99311,2.63,1.88
2012.06.12 13:36:20.640,0.99299,0.99312,2.63,1.88
2012.06.12 13:36:21.177,0.99301,0.99311,3.19,1.88
2012.06.12 13:36:21.250,0.99301,0.99316,3.19,3.75
2012.06.12 13:36:21.380,0.99303,0.99316,1.50,2.63
2012.06.12 13:36:21.989,0.99302,0.99316,1.50,2.63
2012.06.12 13:36:22.344,0.9931,0.99321,1.88,1.81
2012.06.12 13:36:22.426,0.9931,0.99322,1.88,1.50
2012.06.12 13:36:22.642,0.99311,0.99324,1.50,3.57
2012.06.12 13:36:22.992,0.99315,0.99324,1.50,1.88
2012.06.12 13:36:23.073,0.99312,0.99324,3.19,1.88
2012.06.12 13:36:23.468,0.99312,0.99326,3.19,1.88
2012.06.12 13:36:24.683,0.99315,0.99329,1.50,3.79
2012.06.12 13:36:24.968,0.99314,0.9933,4.88,5.07
2012.06.12 13:36:25.252,0.99316,0.99327,1.50,1.88
2012.06.12 13:36:25.664,0.99313,0.99327,1.13,2.63
2012.06.12 13:36:26.213,0.99313,0.99325,2.25,1.88
2012.06.12 13:36:26.571,0.99313,0.99321,1.50,1.88
2012.06.12 13:36:26.783,0.99308,0.9932,1.13,1.88
2012.06.12 13:36:26.861,0.99307,0.9932,1.50,1.88
2012.06.12 13:36:27.409,0.99306,0.9932,1.50,2.44
2012.06.12 13:36:27.483,0.99304,0.99317,3.38,1.88
2012.06.12 13:36:27.690,0.99304,0.99317,1.88,1.88
2012.06.12 13:36:29.033,0.99305,0.99319,1.88,3.23
2012.06.12 13:36:29.623,0.99303,0.99318,3.38,3.23
2012.06.12 13:36:30.161,0.99303,0.99317,2.63,1.88
2012.06.12 13:36:30.303,0.99303,0.99317,2.25,3.75
2012.06.12 13:36:30.662,0.99297,0.99307,1.13,1.88
2012.06.12 13:36:31.670,0.99297,0.9931,1.13,2.48
2012.06.12 13:36:31.738,0.99297,0.9931,1.13,2.48
2012.06.12 13:36:31.809,0.99297,0.9931,2.63,1.88
2012.06.12 13:36:32.407,0.99298,0.99311,2.25,1.88
2012.06.12 13:36:33.236,0.99298,0.99311,1.50,1.88
2012.06.12 13:36:33.750,0.99298,0.99313,2.25,2.82
2012.06.12 13:36:34.300,0.99297,0.9931,1.88,1.88
2012.06.12 13:36:34.653,0.99293,0.99307,1.88,4.13
2012.06.12 13:36:35.212,0.99295,0.99309,1.88,3.00
2012.06.12 13:36:36.381,0.99297,0.9931,1.88,1.13
2012.06.12 13:36:36.732,0.99301,0.99313,1.50,1.73
2012.06.12 13:36:37.236,0.993,0.99314,1.88,3.00
2012.06.12 13:36:37.592,0.99297,0.99311,2.63,4.73
2012.06.12 13:36:38.022,0.99295,0.99309,2.25,3.57
2012.06.12 13:36:38.381,0.99293,0.99306,2.25,3.00
2012.06.12 13:36:38.731,0.99288,0.99302,2.82,3.38
2012.06.12 13:36:39.937,0.99288,0.99302,2.07,5.48
2012.06.12 13:36:40.442,0.99288,0.99299,1.88,1.88
2012.06.12 13:36:40.525,0.99285,0.99297,3.38,1.88
2012.06.12 13:36:41.090,0.99284,0.99297,2.82,1.13
2012.06.12 13:36:41.162,0.99286,0.99297,1.88,1.13
2012.06.12 13:36:42.038,0.99286,0.993,2.63,1.35
2012.06.12 13:36:43.305,0.99285,0.99299,2.63,2.41
2012.06.12 13:36:43.660,0.99284,0.99298,1.88,5.10
2012.06.12 13:36:43.871,0.99284,0.99297,1.88,1.88
2012.06.12 13:36:44.141,0.99286,0.99298,1.88,1.35
2012.06.12 13:36:44.663,0.99286,0.99298,2.63,1.35
2012.06.12 13:36:45.187,0.99288,0.99302,2.25,2.10
2012.06.12 13:36:45.262,0.9929,0.99302,1.88,2.10
2012.06.12 13:36:45.404,0.9929,0.99302,2.63,1.50
2012.06.12 13:36:45.483,0.99291,0.99304,1.50,1.88
2012.06.12 13:36:45.559,0.9929,0.99305,3.00,1.50
2012.06.12 13:36:45.902,0.9929,0.99306,5.25,3.57
2012.06.12 13:36:46.459,0.99295,0.99308,1.50,3.31
2012.06.12 13:36:46.537,0.99296,0.99309,1.88,1.13
2012.06.12 13:36:47.090,0.99296,0.99311,2.63,3.19
2012.06.12 13:36:47.591,0.99297,0.99311,1.50,1.50
2012.06.12 13:36:48.232,0.99298,0.99312,1.50,3.60
2012.06.12 13:36:48.451,0.993,0.99312,1.88,1.35
2012.06.12 13:36:52.202,0.99299,0.99312,1.88,1.35
2012.06.12 13:36:52.847,0.99296,0.99309,2.25,3.75
2012.06.12 13:36:53.059,0.99293,0.99306,1.88,1.50
2012.06.12 13:36:53.596,0.99293,0.99307,1.88,1.13
2012.06.12 13:36:54.133,0.99292,0.99306,3.38,1.88
2012.06.12 13:36:54.798,0.99292,0.99306,1.88,3.57
2012.06.12 13:36:54.939,0.9929,0.99306,5.25,3.57
2012.06.12 13:36:55.009,0.9929,0.99305,3.00,2.44
2012.06.12 13:36:55.380,0.99285,0.99295,3.31,1.50
2012.06.12 13:36:55.458,0.99285,0.99294,1.50,3.38
2012.06.12 13:36:55.673,0.99279,0.99294,2.25,4.13
2012.06.12 13:36:55.822,0.99279,0.99294,1.50,3.00
2012.06.12 13:36:56.252,0.99283,0.99292,1.88,1.50
2012.06.12 13:36:56.397,0.99283,0.99297,2.63,1.50
2012.06.12 13:36:57.163,0.99283,0.99296,1.88,2.25
2012.06.12 13:36:57.314,0.99281,0.99294,1.88,1.50
2012.06.12 13:36:57.460,0.9928,0.99292,1.50,1.88
2012.06.12 13:36:57.872,0.99279,0.99287,1.13,1.88
2012.06.12 13:36:58.022,0.99276,0.99287,2.25,1.88
2012.06.12 13:36:58.105,0.99274,0.99285,1.50,2.48
2012.06.12 13:36:58.465,0.99273,0.99286,2.25,1.50
2012.06.12 13:36:58.966,0.9927,0.99286,5.07,3.38
2012.06.12 13:36:59.251,0.99272,0.99286,3.00,2.63
2012.06.12 13:36:59.392,0.99274,0.99288,2.63,3.38
2012.06.12 13:37:00.271,0.99272,0.99286,4.32,1.88
2012.06.12 13:37:00.963,0.99277,0.99286,4.50,1.88
2012.06.12 13:37:01.039,0.99277,0.99291,5.25,1.13
2012.06.12 13:37:01.312,0.99278,0.99294,2.25,6.53
2012.06.12 13:37:01.391,0.99277,0.99294,2.25,5.18
2012.06.12 13:37:01.709,0.99282,0.99294,1.50,2.93
2012.06.12 13:37:01.787,0.99282,0.99296,1.50,2.63
2012.06.12 13:37:02.286,0.99282,0.99292,1.50,2.82
2012.06.12 13:37:02.363,0.99276,0.9929,4.50,1.88
2012.06.12 13:37:02.888,0.99277,0.9929,3.00,1.88
2012.06.12 13:37:03.402,0.99277,0.99293,4.88,4.32
2012.06.12 13:37:04.339,0.99281,0.99293,1.88,1.69
2012.06.12 13:37:04.902,0.99281,0.99295,2.25,4.28
2012.06.12 13:37:05.575,0.99279,0.99291,2.25,1.88
2012.06.12 13:37:06.058,0.99278,0.99291,1.88,3.38
2012.06.12 13:37:08.757,0.99278,0.99292,3.75,1.88
2012.06.12 13:37:08.829,0.99281,0.99293,1.88,1.50
2012.06.12 13:37:09.103,0.99282,0.99296,1.88,4.32
2012.06.12 13:37:09.249,0.99282,0.99297,2.82,1.50
2012.06.12 13:37:09.604,0.99285,0.99298,1.50,3.38
2012.06.12 13:37:10.195,0.99282,0.99295,1.50,1.88
2012.06.12 13:37:10.544,0.9928,0.99293,1.13,1.50
2012.06.12 13:37:10.880,0.9928,0.99291,1.13,1.88
2012.06.12 13:37:11.231,0.99277,0.99288,1.13,1.88
2012.06.12 13:37:11.578,0.99273,0.99284,1.13,1.88
2012.06.12 13:37:11.783,0.99272,0.99286,3.00,2.25
2012.06.12 13:37:11.863,0.99272,0.99286,3.38,2.25
2012.06.12 13:37:12.541,0.99272,0.99286,2.25,1.32
2012.06.12 13:37:13.663,0.99271,0.99286,3.38,2.44
2012.06.12 13:37:13.949,0.9927,0.99284,2.63,3.75
2012.06.12 13:37:14.592,0.9927,0.9928,1.88,1.50
2012.06.12 13:37:15.140,0.99271,0.9928,1.88,1.50
2012.06.12 13:37:15.647,0.99271,0.9928,2.63,1.50
2012.06.12 13:37:16.178,0.99271,0.9928,1.88,1.50
2012.06.12 13:37:16.581,0.99271,0.99285,1.88,3.38
2012.06.12 13:37:17.106,0.99269,0.99285,3.75,3.75
2012.06.12 13:37:17.775,0.99269,0.99282,3.00,1.50
2012.06.12 13:37:18.136,0.99263,0.99276,4.13,3.68
2012.06.12 13:37:18.433,0.99263,0.99273,1.88,1.88
2012.06.12 13:37:18.650,0.99263,0.9927,1.50,1.88
2012.06.12 13:37:19.003,0.99256,0.9927,3.75,1.88
2012.06.12 13:37:19.085,0.99256,0.9927,3.38,3.38
2012.06.12 13:37:19.725,0.99255,0.99269,3.57,1.88
2012.06.12 13:37:19.800,0.99255,0.99267,2.07,1.50
2012.06.12 13:37:20.011,0.99253,0.99267,1.32,1.50
2012.06.12 13:37:20.292,0.99251,0.99264,4.43,1.88
2012.06.12 13:37:20.964,0.9925,0.99262,2.25,1.50
2012.06.12 13:37:21.049,0.9925,0.9926,1.88,1.50
2012.06.12 13:37:21.123,0.99245,0.99259,3.19,1.88
2012.06.12 13:37:21.271,0.99248,0.99259,1.50,1.88
2012.06.12 13:37:21.341,0.99248,0.99261,1.50,2.25
2012.06.12 13:37:21.619,0.99251,0.9926,1.50,1.88
2012.06.12 13:37:21.961,0.99251,0.99259,1.50,2.56
2012.06.12 13:37:22.176,0.99243,0.99258,2.63,1.17
2012.06.12 13:37:22.324,0.99243,0.99258,1.88,1.17
2012.06.12 13:37:23.355,0.99243,0.99257,3.38,1.32
2012.06.12 13:37:23.776,0.9924,0.99254,1.88,1.13
2012.06.12 13:37:24.339,0.99239,0.99253,2.07,3.00
2012.06.12 13:37:24.485,0.99237,0.99249,3.38,3.38
2012.06.12 13:37:24.639,0.99235,0.99248,3.38,2.93
2012.06.12 13:37:24.855,0.99235,0.99247,1.88,2.07
2012.06.12 13:37:25.007,0.99231,0.99247,2.25,4.69
2012.06.12 13:37:25.089,0.99231,0.99245,1.88,1.88
2012.06.12 13:37:25.656,0.9923,0.99241,1.50,1.88
2012.06.12 13:37:26.012,0.99229,0.99241,1.50,3.68
2012.06.12 13:37:26.407,0.99227,0.99238,1.50,1.88
2012.06.12 13:37:26.488,0.99224,0.99238,3.00,1.88
2012.06.12 13:37:26.926,0.99228,0.99241,1.88,2.93
2012.06.12 13:37:27.008,0.99228,0.99241,3.38,1.32
2012.06.12 13:37:27.087,0.9923,0.99243,1.88,2.56
2012.06.12 13:37:27.303,0.9923,0.99244,1.88,1.88
2012.06.12 13:37:27.650,0.9923,0.99242,2.25,1.81
2012.06.12 13:37:27.861,0.99228,0.99242,1.50,1.81
2012.06.12 13:37:28.421,0.9923,0.99244,1.88,3.94
2012.06.12 13:37:28.905,0.99233,0.99246,1.88,3.31
2012.06.12 13:37:29.289,0.99235,0.99249,1.88,2.07
2012.06.12 13:37:29.374,0.99239,0.99249,1.88,1.69
2012.06.12 13:37:29.875,0.99237,0.99242,1.69,1.50
2012.06.12 13:37:30.235,0.99244,0.99248,1.88,1.50
2012.06.12 13:37:30.312,0.99244,0.9925,2.63,1.50
2012.06.12 13:37:30.390,0.99244,0.99251,3.00,1.50
2012.06.12 13:37:30.463,0.99248,0.99253,1.88,1.50
2012.06.12 13:37:30.959,0.99248,0.99256,2.25,3.00
2012.06.12 13:37:31.160,0.99246,0.99256,1.13,3.00
2012.06.12 13:37:31.937,0.99251,0.99259,1.50,3.57
2012.06.12 13:37:32.018,0.99245,0.99259,1.88,2.07
2012.06.12 13:37:32.580,0.99247,0.99261,1.50,5.56
2012.06.12 13:37:32.994,0.9925,0.99261,1.50,3.19
2012.06.12 13:37:33.069,0.99247,0.99261,1.50,3.19
2012.06.12 13:37:33.634,0.99248,0.99262,1.50,3.16
2012.06.12 13:37:33.852,0.99251,0.99262,1.50,1.35
2012.06.12 13:37:34.071,0.99251,0.99265,3.38,4.81
2012.06.12 13:37:34.213,0.99253,0.99265,1.50,4.81
2012.06.12 13:37:34.294,0.99251,0.99265,1.88,3.68
2012.06.12 13:37:34.803,0.9925,0.99263,1.88,2.25
2012.06.12 13:37:35.282,0.9925,0.99263,1.50,4.81
2012.06.12 13:37:37.219,0.9925,0.99261,1.50,2.63
2012.06.12 13:37:37.571,0.9925,0.99257,1.50,3.38
2012.06.12 13:37:38.108,0.9925,0.99255,1.50,1.88
2012.06.12 13:37:38.342,0.9924,0.99255,1.13,1.88
2012.06.12 13:37:38.985,0.99241,0.99255,1.50,1.88
2012.06.12 13:37:39.204,0.99245,0.99256,1.50,2.63
2012.06.12 13:37:39.352,0.99242,0.99256,1.88,2.63
2012.06.12 13:37:39.898,0.99242,0.99255,1.88,1.13
2012.06.12 13:37:40.440,0.99243,0.99255,1.50,1.88
2012.06.12 13:37:40.580,0.99245,0.99258,1.50,4.43
2012.06.12 13:37:40.790,0.99243,0.99258,1.50,3.68
2012.06.12 13:37:41.271,0.99245,0.99258,1.50,1.88
2012.06.12 13:37:41.620,0.99247,0.99259,1.50,2.44
2012.06.12 13:37:42.587,0.99244,0.99259,1.13,1.88
2012.06.12 13:37:42.662,0.99243,0.99259,3.38,3.68
2012.06.12 13:37:43.228,0.99242,0.99255,2.25,1.81
2012.06.12 13:37:43.692,0.99242,0.99256,2.44,1.88
2012.06.12 13:37:43.831,0.99242,0.99258,3.94,2.85
2012.06.12 13:37:44.040,0.99244,0.99259,1.88,2.10
2012.06.12 13:37:44.452,0.99244,0.9926,2.82,3.38
2012.06.12 13:37:44.927,0.99249,0.9926,1.50,1.88
2012.06.12 13:37:45.002,0.99249,0.99262,3.38,1.13
2012.06.12 13:37:45.146,0.99252,0.99263,1.88,1.73
2012.06.12 13:37:45.588,0.99254,0.99266,1.88,2.44
2012.06.12 13:37:45.668,0.99254,0.99267,1.88,1.13
2012.06.12 13:37:45.880,0.99256,0.99266,1.50,1.13
2012.06.12 13:37:46.094,0.99256,0.99268,1.50,1.88
2012.06.12 13:37:46.382,0.99259,0.99272,1.88,1.50
2012.06.12 13:37:46.462,0.99259,0.99273,1.88,1.50
2012.06.12 13:37:46.670,0.99261,0.99273,1.50,1.13
2012.06.12 13:37:47.174,0.99259,0.99275,3.75,4.43
2012.06.12 13:37:47.603,0.99256,0.99272,3.19,1.88
2012.06.12 13:37:47.684,0.99255,0.99269,2.93,1.88
2012.06.12 13:37:48.041,0.99258,0.99272,2.25,3.68
2012.06.12 13:37:48.635,0.99259,0.99268,3.00,1.88
2012.06.12 13:37:48.784,0.99256,0.99268,1.50,1.88
2012.06.12 13:37:49.352,0.99254,0.99267,1.88,1.88
2012.06.12 13:37:49.574,0.99254,0.99269,1.88,2.48
2012.06.12 13:37:50.140,0.99256,0.99269,1.50,2.48
2012.06.12 13:37:50.655,0.99254,0.99269,1.88,2.48
2012.06.12 13:37:50.798,0.99254,0.99268,1.50,1.81
2012.06.12 13:37:51.011,0.99252,0.99266,3.00,2.07
2012.06.12 13:37:52.146,0.99252,0.99266,2.25,3.19
2012.06.12 13:37:52.241,0.99247,0.99261,3.19,1.88
2012.06.12 13:37:52.800,0.99246,0.99261,2.25,2.25
2012.06.12 13:37:53.320,0.99248,0.99261,1.50,2.25
2012.06.12 13:37:53.392,0.99246,0.99261,2.25,2.25
2012.06.12 13:37:53.473,0.99245,0.99259,2.82,1.88
2012.06.12 13:37:53.623,0.99246,0.99261,4.13,1.13
2012.06.12 13:37:53.703,0.99248,0.99261,2.25,1.13
2012.06.12 13:37:53.782,0.99249,0.99264,2.63,3.38
2012.06.12 13:37:54.331,0.99251,0.99264,2.63,2.25
2012.06.12 13:37:54.940,0.99252,0.99266,1.50,1.50
2012.06.12 13:37:55.009,0.99254,0.99267,1.50,4.35
2012.06.12 13:37:55.559,0.99256,0.99267,1.50,2.48
2012.06.12 13:37:56.121,0.99255,0.99269,1.88,2.63
2012.06.12 13:37:56.471,0.99258,0.9927,1.50,5.82
2012.06.12 13:37:56.962,0.99256,0.9927,3.38,1.32
2012.06.12 13:37:57.114,0.99253,0.99269,4.13,2.48
2012.06.12 13:37:57.262,0.99256,0.99269,1.50,2.48
2012.06.12 13:37:57.619,0.99251,0.99265,2.63,3.75
2012.06.12 13:37:57.972,0.99251,0.99263,1.88,1.50
2012.06.12 13:37:58.321,0.99249,0.9926,1.69,1.50
2012.06.12 13:37:58.862,0.99249,0.99261,2.63,2.25
2012.06.12 13:37:58.932,0.99246,0.9926,2.82,1.88
2012.06.12 13:37:59.299,0.99246,0.99257,2.82,1.50
2012.06.12 13:37:59.511,0.99246,0.99259,2.82,1.50
2012.06.12 13:37:59.652,0.99246,0.99257,2.82,1.50
2012.06.12 13:37:59.931,0.99246,0.9926,4.32,1.88
2012.06.12 13:38:00.073,0.99243,0.99255,3.38,2.63
2012.06.12 13:38:00.151,0.99243,0.99257,4.50,2.63
2012.06.12 13:38:00.360,0.99243,0.99257,5.25,3.38
2012.06.12 13:38:00.752,0.99243,0.99254,1.13,1.88
2012.06.12 13:38:01.301,0.99242,0.99254,1.88,1.50
2012.06.12 13:38:01.441,0.99242,0.99256,1.88,3.75
2012.06.12 13:38:01.643,0.99242,0.99254,2.63,1.50
2012.06.12 13:38:03.162,0.99245,0.99256,1.88,2.18
2012.06.12 13:38:03.300,0.99243,0.99256,1.50,1.81
2012.06.12 13:38:03.789,0.99239,0.99253,6.00,1.88
2012.06.12 13:38:04.339,0.99243,0.99253,1.50,1.88
2012.06.12 13:38:04.483,0.9924,0.99253,2.82,1.88
2012.06.12 13:38:05.009,0.9924,0.99254,2.44,1.88
2012.06.12 13:38:05.706,0.9924,0.99254,3.19,1.88
2012.06.12 13:38:06.591,0.99241,0.99257,3.00,2.44
2012.06.12 13:38:07.140,0.99241,0.99257,3.75,2.44
2012.06.12 13:38:07.667,0.99243,0.99257,1.50,2.44
2012.06.12 13:38:08.187,0.99241,0.99257,5.25,3.75
2012.06.12 13:38:08.317,0.99244,0.99257,1.88,1.88
2012.06.12 13:38:09.637,0.99249,0.99257,1.88,1.50
2012.06.12 13:38:09.715,0.99249,0.99261,2.63,5.07
2012.06.12 13:38:09.799,0.99254,0.99261,2.63,4.13
2012.06.12 13:38:10.310,0.99254,0.99261,3.00,1.50
2012.06.12 13:38:10.388,0.99257,0.99271,1.88,3.38
2012.06.12 13:38:10.938,0.99257,0.99271,2.63,3.38
2012.06.12 13:38:11.500,0.99256,0.9927,2.25,1.88
2012.06.12 13:38:12.111,0.99257,0.99271,2.63,3.38
2012.06.12 13:38:12.637,0.99257,0.99271,3.75,1.88
2012.06.12 13:38:12.981,0.99259,0.99272,1.88,2.10
2012.06.12 13:38:13.332,0.99267,0.99276,1.88,2.63
2012.06.12 13:38:13.472,0.99267,0.99276,2.63,1.50
2012.06.12 13:38:13.544,0.99267,0.99281,2.63,3.38
2012.06.12 13:38:13.620,0.99267,0.99281,4.13,3.38
2012.06.12 13:38:14.178,0.99268,0.99281,1.50,1.88
2012.06.12 13:38:14.739,0.99267,0.99281,3.38,1.88
2012.06.12 13:38:15.160,0.99269,0.99281,1.50,1.88
2012.06.12 13:38:15.503,0.99269,0.99282,1.50,1.88
2012.06.12 13:38:15.981,0.99268,0.99281,2.82,1.50
2012.06.12 13:38:16.520,0.99267,0.99281,2.25,1.88
2012.06.12 13:38:16.913,0.99269,0.99281,1.50,1.88
2012.06.12 13:38:17.062,0.99268,0.99281,1.50,1.88
2012.06.12 13:38:17.748,0.99272,0.99286,4.88,3.60
2012.06.12 13:38:17.828,0.99274,0.99286,1.50,2.25
2012.06.12 13:38:18.182,0.99275,0.99286,1.50,1.88
2012.06.12 13:38:18.250,0.99274,0.99286,3.75,1.88
2012.06.12 13:38:18.322,0.99274,0.9929,5.63,1.88
2012.06.12 13:38:18.741,0.99275,0.9929,1.50,2.63
2012.06.12 13:38:19.260,0.99275,0.99288,1.50,1.88
2012.06.12 13:38:19.938,0.99277,0.99289,1.50,2.44
2012.06.12 13:38:20.470,0.99276,0.99289,1.50,2.07
2012.06.12 13:38:20.610,0.99276,0.99289,1.50,3.68
2012.06.12 13:38:21.161,0.99279,0.99291,1.50,1.88
2012.06.12 13:38:21.688,0.99278,0.9929,2.25,1.50
2012.06.12 13:38:22.229,0.99278,0.99291,1.50,1.88
2012.06.12 13:38:22.782,0.99278,0.99291,1.50,1.88
2012.06.12 13:38:23.903,0.99279,0.99294,2.82,3.23
2012.06.12 13:38:24.055,0.9928,0.99295,2.25,3.75
2012.06.12 13:38:24.272,0.99282,0.99295,3.00,3.00
2012.06.12 13:38:24.492,0.9928,0.99295,3.75,3.00
2012.06.12 13:38:24.643,0.99279,0.99292,2.44,2.25
2012.06.12 13:38:25.225,0.99271,0.99276,1.50,2.25
2012.06.12 13:38:25.453,0.99263,0.99276,1.52,2.63
2012.06.12 13:38:25.675,0.99264,0.99276,1.50,3.38
2012.06.12 13:38:25.754,0.99264,0.99273,1.50,1.88
2012.06.12 13:38:25.833,0.99264,0.99276,1.50,3.00
2012.06.12 13:38:26.263,0.99262,0.99276,2.25,4.50
2012.06.12 13:38:26.620,0.99262,0.99276,2.25,5.93
2012.06.12 13:38:26.767,0.99262,0.99274,1.50,2.07
2012.06.12 13:38:27.263,0.99261,0.99269,1.88,1.88
2012.06.12 13:38:27.625,0.99254,0.99267,2.63,2.63
2012.06.12 13:38:27.705,0.99254,0.99267,2.63,3.38
2012.06.12 13:38:29.470,0.99254,0.99267,2.63,2.82
2012.06.12 13:38:29.813,0.99258,0.9927,1.50,2.25
2012.06.12 13:38:30.100,0.9926,0.99272,1.13,2.25
2012.06.12 13:38:30.174,0.99263,0.99274,1.88,2.25
2012.06.12 13:38:30.391,0.99263,0.9928,3.57,1.35
2012.06.12 13:38:30.878,0.99264,0.9928,1.50,3.23
2012.06.12 13:38:31.442,0.99265,0.9928,3.38,3.23
2012.06.12 13:38:32.429,0.99265,0.9928,3.38,3.23
2012.06.12 13:38:33.340,0.99265,0.9928,3.38,1.88
2012.06.12 13:38:33.886,0.99262,0.9928,6.00,2.63
2012.06.12 13:38:34.447,0.99262,0.9928,6.00,2.63
2012.06.12 13:38:34.518,0.99262,0.99275,3.75,1.88
2012.06.12 13:38:35.208,0.99262,0.99273,2.25,1.88
2012.06.12 13:38:35.507,0.99258,0.99268,2.25,1.50
2012.06.12 13:38:35.724,0.99255,0.99268,1.50,1.69
2012.06.12 13:38:36.069,0.99254,0.99269,2.63,2.82
2012.06.12 13:38:36.334,0.99253,0.99268,5.25,2.07
2012.06.12 13:38:36.693,0.99252,0.99261,1.50,1.88
2012.06.12 13:38:36.774,0.99249,0.99261,1.13,1.88
2012.06.12 13:38:36.912,0.99247,0.99261,6.00,2.56
2012.06.12 13:38:36.991,0.99247,0.99257,5.25,1.50
2012.06.12 13:38:37.065,0.99247,0.99251,2.25,1.88
2012.06.12 13:38:37.424,0.9924,0.99249,1.52,3.19
2012.06.12 13:38:37.642,0.9924,0.99249,2.27,2.82
2012.06.12 13:38:37.859,0.99239,0.99247,3.02,1.50
2012.06.12 13:38:38.252,0.99235,0.99249,3.40,2.82
2012.06.12 13:38:38.531,0.99238,0.99251,3.38,1.69
2012.06.12 13:38:38.603,0.99239,0.99251,1.50,1.69
2012.06.12 13:38:38.819,0.99235,0.99249,3.00,1.50
2012.06.12 13:38:39.349,0.99237,0.99249,1.50,1.50
2012.06.12 13:38:39.869,0.99237,0.99251,1.50,4.13
2012.06.12 13:38:39.942,0.99237,0.99251,1.50,4.13
2012.06.12 13:38:40.350,0.9924,0.99253,2.82,1.50
2012.06.12 13:38:40.425,0.9924,0.9925,2.82,1.50
2012.06.12 13:38:40.505,0.9924,0.99252,2.82,1.50
2012.06.12 13:38:40.839,0.99241,0.99256,1.50,5.25
2012.06.12 13:38:40.986,0.99241,0.99254,1.50,1.50
2012.06.12 13:38:41.402,0.9924,0.99251,2.25,1.50
2012.06.12 13:38:41.671,0.99239,0.9925,1.50,1.88
2012.06.12 13:38:42.006,0.99237,0.9925,1.13,4.06
2012.06.12 13:38:42.087,0.99236,0.99246,1.50,1.50
2012.06.12 13:38:42.640,0.99234,0.99246,3.38,1.50
2012.06.12 13:38:43.209,0.99234,0.99247,1.50,3.38
2012.06.12 13:38:43.562,0.99239,0.99253,1.50,2.18
2012.06.12 13:38:44.311,0.99238,0.99251,2.25,1.88
2012.06.12 13:38:44.698,0.99238,0.99251,3.00,1.88
2012.06.12 13:38:45.038,0.99238,0.99253,2.25,1.88
2012.06.12 13:38:45.818,0.99241,0.99255,1.50,2.48
2012.06.12 13:38:45.960,0.9924,0.99256,4.32,4.35
2012.06.12 13:38:46.032,0.9924,0.99248,2.25,1.88
2012.06.12 13:38:46.464,0.99239,0.99246,1.50,1.88
2012.06.12 13:38:46.617,0.99236,0.99246,1.50,1.88
2012.06.12 13:38:46.832,0.99236,0.99243,1.50,1.13
2012.06.12 13:38:47.186,0.99231,0.99238,1.50,1.50
2012.06.12 13:38:47.475,0.99223,0.99235,1.50,3.31
2012.06.12 13:38:47.628,0.99222,0.99227,1.88,1.88
2012.06.12 13:38:47.775,0.9922,0.99225,1.88,1.88
2012.06.12 13:38:47.923,0.99217,0.99225,1.88,1.88
2012.06.12 13:38:48.495,0.99216,0.99223,1.50,2.48
2012.06.12 13:38:48.799,0.99218,0.99223,1.50,1.13
2012.06.12 13:38:48.879,0.99214,0.99223,1.50,2.25
2012.06.12 13:38:49.093,0.99212,0.99222,1.50,2.44
2012.06.12 13:38:49.230,0.99212,0.99219,1.50,1.50
2012.06.12 13:38:49.372,0.99212,0.99221,1.50,1.50
2012.06.12 13:38:49.943,0.99212,0.99224,1.13,2.56
2012.06.12 13:38:50.024,0.99208,0.99224,2.63,2.56
2012.06.12 13:38:50.101,0.99211,0.99225,2.25,2.82
2012.06.12 13:38:50.636,0.99214,0.99226,1.13,4.32
2012.06.12 13:38:50.924,0.99218,0.99226,2.25,1.50
2012.06.12 13:38:51.270,0.99218,0.99233,2.85,2.93
2012.06.12 13:38:51.412,0.99219,0.99226,1.50,1.50
2012.06.12 13:38:51.484,0.99219,0.99231,1.50,1.88
2012.06.12 13:38:51.566,0.99221,0.99235,2.63,4.50
2012.06.12 13:38:51.789,0.99225,0.99234,1.88,1.50
2012.06.12 13:38:52.141,0.99227,0.99236,2.63,1.50
2012.06.12 13:38:52.283,0.99229,0.99234,2.63,1.50
2012.06.12 13:38:52.363,0.99229,0.99236,3.38,1.50
2012.06.12 13:38:52.511,0.99229,0.99238,3.38,1.50
2012.06.12 13:38:52.793,0.99226,0.99238,1.50,1.50
2012.06.12 13:38:53.011,0.99227,0.99237,1.50,1.88
2012.06.12 13:38:53.290,0.99227,0.99237,1.50,1.88
2012.06.12 13:38:53.576,0.99229,0.99237,1.50,1.88
2012.06.12 13:38:53.722,0.99226,0.99237,1.50,1.88
2012.06.12 13:38:53.936,0.99226,0.99234,1.50,1.88
2012.06.12 13:38:54.017,0.99224,0.99234,1.13,1.88
2012.06.12 13:38:54.451,0.9922,0.99234,3.75,2.63
2012.06.12 13:38:54.730,0.9922,0.9923,2.63,1.50
2012.06.12 13:38:54.857,0.9922,0.99233,2.63,1.88
2012.06.12 13:38:54.999,0.99219,0.99231,1.13,1.88
2012.06.12 13:38:55.361,0.99217,0.99228,1.50,1.88
2012.06.12 13:38:55.863,0.99215,0.99228,1.50,1.88
2012.06.12 13:38:56.411,0.99214,0.99227,2.25,2.07
2012.06.12 13:38:56.740,0.99213,0.99223,3.38,1.88
2012.06.12 13:38:57.755,0.99212,0.99223,1.50,1.88
2012.06.12 13:38:58.259,0.99211,0.99223,1.50,3.38
2012.06.12 13:38:58.601,0.99211,0.99221,1.50,1.50
2012.06.12 13:38:59.151,0.99212,0.99222,1.50,1.50
2012.06.12 13:38:59.711,0.99213,0.99223,1.50,3.00
2012.06.12 13:39:00.048,0.99213,0.99221,1.50,1.50
2012.06.12 13:39:00.191,0.99213,0.99223,1.50,1.50
2012.06.12 13:39:00.260,0.99213,0.99225,1.50,4.13
2012.06.12 13:39:00.610,0.99213,0.99228,2.25,3.57
2012.06.12 13:39:01.173,0.99214,0.99228,1.50,3.57
2012.06.12 13:39:01.499,0.99215,0.99228,1.50,2.63
2012.06.12 13:39:01.852,0.99214,0.99224,3.00,1.88
2012.06.12 13:39:01.920,0.99214,0.99224,3.00,2.63
2012.06.12 13:39:02.133,0.99214,0.99222,1.50,2.25
2012.06.12 13:39:02.495,0.99209,0.99216,1.50,1.50
2012.06.12 13:39:02.714,0.99199,0.99213,2.65,1.88
2012.06.12 13:39:02.794,0.99201,0.99213,2.65,1.88
2012.06.12 13:39:02.881,0.99201,0.99213,2.65,2.63
2012.06.12 13:39:03.230,0.99199,0.99212,2.25,1.69
2012.06.12 13:39:03.301,0.992,0.99216,1.50,1.13
2012.06.12 13:39:03.370,0.992,0.99212,1.50,1.69
2012.06.12 13:39:03.722,0.99199,0.99212,3.00,1.69
2012.06.12 13:39:03.933,0.99199,0.99212,2.25,2.44
2012.06.12 13:39:04.009,0.99199,0.9921,2.25,2.63
2012.06.12 13:39:04.358,0.99201,0.99212,1.50,1.88
2012.06.12 13:39:04.922,0.99203,0.99212,1.50,1.13
2012.06.12 13:39:04.993,0.99203,0.99213,1.50,6.38
2012.06.12 13:39:05.074,0.99203,0.99213,2.25,1.88
2012.06.12 13:39:05.581,0.99203,0.99215,3.00,3.00
2012.06.12 13:39:06.183,0.99203,0.99216,4.88,1.88
2012.06.12 13:39:06.330,0.99203,0.99217,5.63,2.82
2012.06.12 13:39:06.890,0.99205,0.99217,1.50,1.88
2012.06.12 13:39:07.133,0.99205,0.99219,1.50,1.88
2012.06.12 13:39:07.399,0.99204,0.99219,2.25,1.88
2012.06.12 13:39:07.819,0.99207,0.99219,1.50,1.88
2012.06.12 13:39:08.125,0.99202,0.99215,3.75,1.88
2012.06.12 13:39:08.200,0.99202,0.99215,3.75,1.88
2012.06.12 13:39:08.341,0.99202,0.99215,3.75,1.88
2012.06.12 13:39:08.671,0.99205,0.99218,1.50,1.88
2012.06.12 13:39:09.230,0.99206,0.99218,3.75,1.88
2012.06.12 13:39:09.444,0.99207,0.9922,2.63,1.13
2012.06.12 13:39:09.654,0.99209,0.99221,4.13,2.63
2012.06.12 13:39:09.873,0.99212,0.99223,2.25,3.75
2012.06.12 13:39:10.373,0.99214,0.99225,1.50,2.44
2012.06.12 13:39:10.450,0.99214,0.99223,1.50,1.50
2012.06.12 13:39:11.024,0.99215,0.99225,4.13,1.50
2012.06.12 13:39:11.103,0.99218,0.99228,1.50,1.50
2012.06.12 13:39:11.180,0.99217,0.99228,1.50,1.50
2012.06.12 13:39:11.321,0.99217,0.99227,1.50,1.50
2012.06.12 13:39:11.883,0.99217,0.99229,3.38,3.00
2012.06.12 13:39:12.384,0.99218,0.99228,2.25,1.88
2012.06.12 13:39:12.952,0.99218,0.9923,3.75,3.00
2012.06.12 13:39:13.025,0.99218,0.9923,3.00,3.00
2012.06.12 13:39:13.589,0.99218,0.9923,3.75,3.00
2012.06.12 13:39:14.235,0.99218,0.99226,3.75,1.88
2012.06.12 13:39:14.398,0.99215,0.99226,1.50,2.63
2012.06.12 13:39:14.475,0.99215,0.99225,1.50,4.50
2012.06.12 13:39:14.832,0.99207,0.99218,2.65,1.88
2012.06.12 13:39:15.402,0.99206,0.99218,3.00,1.88
2012.06.12 13:39:15.543,0.99205,0.99216,3.00,1.88
2012.06.12 13:39:15.902,0.99204,0.99214,1.88,1.88
2012.06.12 13:39:16.472,0.99202,0.99214,3.00,1.88
2012.06.12 13:39:16.683,0.99201,0.99214,1.13,1.88
2012.06.12 13:39:17.042,0.99201,0.99211,1.13,1.50
2012.06.12 13:39:17.584,0.99201,0.9921,1.13,1.50
2012.06.12 13:39:18.148,0.99201,0.9921,1.13,1.50
2012.06.12 13:39:18.409,0.99201,0.99212,1.13,1.50
2012.06.12 13:39:18.691,0.99202,0.99215,1.13,1.88
2012.06.12 13:39:18.970,0.99203,0.99215,1.13,1.88
2012.06.12 13:39:19.511,0.99204,0.99215,1.50,1.88
2012.06.12 13:39:19.843,0.99203,0.99213,1.50,1.88
2012.06.12 13:39:20.479,0.99203,0.99213,1.50,1.88
2012.06.12 13:39:21.290,0.99203,0.99213,1.50,1.88
2012.06.12 13:39:21.631,0.99207,0.99216,1.50,1.13
2012.06.12 13:39:21.701,0.99207,0.99219,1.50,1.50
2012.06.12 13:39:21.976,0.99208,0.9922,1.50,1.13
2012.06.12 13:39:22.332,0.9921,0.99217,1.50,2.63
2012.06.12 13:39:22.685,0.99203,0.99213,2.25,3.75
2012.06.12 13:39:22.768,0.99203,0.99214,1.50,6.00
2012.06.12 13:39:22.984,0.992,0.99212,1.50,1.88
2012.06.12 13:39:23.603,0.99201,0.99212,1.50,1.13
2012.06.12 13:39:23.901,0.99201,0.99212,1.50,1.13
2012.06.12 13:39:24.608,0.992,0.99212,1.50,4.50
2012.06.12 13:39:25.139,0.99201,0.99212,1.50,3.00
2012.06.12 13:39:26.029,0.99201,0.99212,1.50,3.00
2012.06.12 13:39:26.601,0.99201,0.99214,1.50,1.50
2012.06.12 13:39:26.881,0.99203,0.99216,1.50,3.38
2012.06.12 13:39:27.428,0.99203,0.99216,1.50,2.63
2012.06.12 13:39:28.248,0.99202,0.99217,5.63,1.13
2012.06.12 13:39:28.606,0.99202,0.99211,3.00,1.88
2012.06.12 13:39:29.103,0.99197,0.9921,2.63,2.63
2012.06.12 13:39:29.183,0.99197,0.9921,2.63,2.82
2012.06.12 13:39:29.540,0.99195,0.99209,1.13,4.50
2012.06.12 13:39:30.103,0.99196,0.99206,2.63,2.25
2012.06.12 13:39:30.184,0.99196,0.99212,4.88,7.06
2012.06.12 13:39:30.401,0.99196,0.99209,3.00,1.50
2012.06.12 13:39:30.941,0.99196,0.99211,3.75,2.44
2012.06.12 13:39:31.371,0.99196,0.99208,1.88,1.50
2012.06.12 13:39:31.733,0.99197,0.9921,1.50,3.38
2012.06.12 13:39:31.879,0.99199,0.99209,1.50,1.50
2012.06.12 13:39:32.469,0.99199,0.9921,1.50,1.88
2012.06.12 13:39:33.031,0.99199,0.99212,1.50,2.82
2012.06.12 13:39:33.360,0.99199,0.99211,1.50,2.44
2012.06.12 13:39:33.503,0.99197,0.99211,1.50,2.44
2012.06.12 13:39:33.582,0.99197,0.99207,1.50,1.50
2012.06.12 13:39:34.140,0.99197,0.99206,1.50,1.50
2012.06.12 13:39:34.350,0.99194,0.99203,1.50,1.50
2012.06.12 13:39:34.421,0.99194,0.99203,2.25,1.50
2012.06.12 13:39:35.442,0.99194,0.99203,1.50,1.50
2012.06.12 13:39:35.878,0.99192,0.99203,1.13,2.25
2012.06.12 13:39:36.491,0.99192,0.99204,1.50,1.88
2012.06.12 13:39:36.834,0.99198,0.99206,1.50,2.63
2012.06.12 13:39:37.052,0.99197,0.99206,1.50,2.63
2012.06.12 13:39:37.203,0.99199,0.99208,1.50,1.13
2012.06.12 13:39:37.289,0.992,0.99209,1.50,2.25
2012.06.12 13:39:37.364,0.992,0.99209,1.50,2.07
2012.06.12 13:39:37.584,0.99199,0.99206,1.50,1.88
2012.06.12 13:39:37.871,0.99196,0.99206,1.50,1.88
2012.06.12 13:39:38.409,0.99195,0.99209,3.38,4.43
2012.06.12 13:39:39.273,0.99198,0.99209,1.50,2.82
2012.06.12 13:39:39.799,0.99198,0.99209,1.50,4.32
2012.06.12 13:39:40.601,0.99198,0.99209,1.50,5.07
2012.06.12 13:39:40.921,0.99195,0.99209,1.50,5.07
2012.06.12 13:39:41.196,0.99197,0.99209,1.88,4.88
2012.06.12 13:39:41.554,0.99206,0.99214,1.50,1.50
2012.06.12 13:39:41.699,0.99206,0.99218,1.50,2.25
2012.06.12 13:39:42.242,0.99206,0.99219,1.50,2.63
2012.06.12 13:39:42.863,0.99206,0.99217,1.50,1.88
2012.06.12 13:39:43.336,0.99207,0.9922,1.13,3.38
2012.06.12 13:39:43.419,0.99209,0.9922,1.50,1.50
2012.06.12 13:39:43.494,0.99209,0.99222,1.50,2.07
2012.06.12 13:39:44.059,0.99208,0.99222,3.00,2.07
2012.06.12 13:39:44.589,0.99208,0.99223,1.50,3.94
2012.06.12 13:39:45.138,0.99208,0.99223,1.50,3.75
2012.06.12 13:39:45.654,0.99208,0.99223,2.25,2.25
2012.06.12 13:39:45.788,0.99208,0.99223,2.25,2.25
2012.06.12 13:39:49.899,0.99208,0.99223,2.25,6.38
2012.06.12 13:39:51.191,0.99208,0.99223,2.25,3.19
2012.06.12 13:39:52.000,0.99209,0.99223,1.50,2.25
2012.06.12 13:39:53.290,0.99211,0.99223,1.50,2.25
2012.06.12 13:39:53.430,0.99209,0.99223,3.00,2.25
2012.06.12 13:39:54.742,0.99209,0.99223,2.25,2.25
2012.06.12 13:39:55.302,0.9921,0.99223,2.25,1.88
2012.06.12 13:39:55.987,0.99209,0.99223,1.50,4.50
2012.06.12 13:39:57.132,0.99209,0.99224,4.13,3.23
2012.06.12 13:39:57.272,0.99209,0.99224,4.13,2.48
2012.06.12 13:39:58.849,0.99211,0.99226,2.82,2.48
2012.06.12 13:39:59.202,0.99216,0.99226,2.25,1.50
2012.06.12 13:40:00.035,0.99216,0.99229,3.00,1.93
2012.06.12 13:40:00.311,0.99215,0.99229,2.44,1.93
2012.06.12 13:40:00.652,0.99213,0.99228,1.88,4.18
2012.06.12 13:40:00.861,0.99214,0.99228,1.50,2.63
2012.06.12 13:40:01.408,0.99213,0.99228,1.88,2.63
2012.06.12 13:40:01.549,0.99213,0.99225,1.88,1.50
2012.06.12 13:40:01.887,0.99213,0.99227,2.63,1.50
2012.06.12 13:40:02.528,0.99213,0.99226,1.13,1.88
2012.06.12 13:40:03.160,0.99213,0.99225,1.13,2.25
2012.06.12 13:40:03.305,0.99209,0.99222,1.88,1.50
2012.06.12 13:40:03.772,0.99207,0.99219,1.69,3.00
2012.06.12 13:40:03.866,0.99203,0.99215,2.82,1.50
2012.06.12 13:40:04.083,0.99202,0.99217,2.44,3.38
2012.06.12 13:40:04.651,0.99201,0.99216,4.50,2.63
2012.06.12 13:40:04.950,0.99201,0.99214,3.38,1.50
2012.06.12 13:40:05.471,0.99201,0.99216,3.38,1.13
2012.06.12 13:40:05.819,0.99202,0.99217,1.81,3.00
2012.06.12 13:40:05.889,0.99202,0.99217,1.81,2.63
2012.06.12 13:40:06.461,0.99203,0.99217,2.07,2.63
2012.06.12 13:40:07.063,0.99203,0.99216,2.82,1.50
2012.06.12 13:40:07.146,0.99202,0.99216,2.63,3.75
2012.06.12 13:40:07.501,0.99201,0.99211,1.50,2.63
2012.06.12 13:40:07.710,0.99197,0.9921,1.50,2.25
2012.06.12 13:40:08.001,0.99198,0.99211,1.50,1.13
2012.06.12 13:40:08.483,0.99201,0.99215,2.25,3.00
2012.06.12 13:40:08.844,0.99205,0.99215,3.38,1.13
2012.06.12 13:40:08.923,0.99207,0.99218,2.25,1.13
2012.06.12 13:40:09.321,0.9921,0.99222,3.00,2.25
2012.06.12 13:40:09.874,0.99209,0.99222,2.25,1.88
2012.06.12 13:40:10.642,0.99211,0.99222,1.50,1.88
2012.06.12 13:40:11.450,0.99209,0.99223,3.00,1.88
2012.06.12 13:40:12.059,0.99212,0.99223,5.25,1.88
2012.06.12 13:40:12.274,0.99215,0.99227,1.50,1.50
2012.06.12 13:40:12.354,0.99217,0.99229,1.50,1.20
2012.06.12 13:40:12.716,0.99225,0.99232,3.00,1.13
2012.06.12 13:40:13.074,0.99227,0.99241,1.50,2.63
2012.06.12 13:40:13.151,0.99227,0.99241,1.50,2.63
2012.06.12 13:40:13.838,0.99226,0.99239,1.50,1.88
2012.06.12 13:40:13.923,0.99227,0.99234,2.25,1.88
2012.06.12 13:40:14.142,0.99222,0.99234,1.50,3.57
2012.06.12 13:40:14.215,0.99222,0.99232,1.50,1.50
2012.06.12 13:40:14.551,0.9922,0.9923,1.13,1.50
2012.06.12 13:40:14.829,0.9922,0.99231,1.13,1.50
2012.06.12 13:40:15.102,0.99219,0.99234,2.63,3.57
2012.06.12 13:40:15.458,0.99222,0.99235,1.50,2.63
2012.06.12 13:40:15.851,0.99224,0.99238,1.88,4.69
2012.06.12 13:40:16.552,0.99224,0.99238,1.88,2.25
2012.06.12 13:40:17.321,0.99225,0.99239,3.38,1.88
2012.06.12 13:40:17.826,0.99225,0.99239,6.00,1.88
2012.06.12 13:40:18.311,0.99227,0.9924,2.25,3.38
2012.06.12 13:40:18.667,0.99231,0.9924,1.50,1.50
2012.06.12 13:40:19.149,0.99233,0.99244,1.50,3.00
2012.06.12 13:40:19.712,0.99232,0.99242,1.50,3.00
2012.06.12 13:40:20.793,0.99232,0.99245,3.75,4.50
2012.06.12 13:40:21.436,0.99233,0.99241,1.50,1.88
2012.06.12 13:40:21.790,0.99233,0.99239,1.50,1.88
2012.06.12 13:40:22.145,0.99225,0.99239,1.13,2.07
2012.06.12 13:40:22.224,0.99224,0.99239,1.13,2.07
2012.06.12 13:40:22.511,0.99227,0.9924,1.88,1.54
2012.06.12 13:40:23.322,0.99228,0.99241,1.50,4.43
2012.06.12 13:40:23.411,0.99224,0.99238,2.25,1.50
2012.06.12 13:40:23.943,0.99224,0.99239,2.25,2.07
2012.06.12 13:40:24.079,0.99224,0.99239,3.38,2.63
2012.06.12 13:40:25.002,0.99224,0.99237,1.50,1.13
2012.06.12 13:40:25.351,0.99221,0.99235,2.93,3.38
2012.06.12 13:40:26.171,0.99223,0.99236,1.32,1.88
2012.06.12 13:40:26.454,0.99225,0.9924,1.50,5.25
2012.06.12 13:40:26.533,0.99227,0.9924,1.88,1.13
2012.06.12 13:40:27.014,0.99225,0.99239,2.63,4.13
2012.06.12 13:40:27.351,0.99225,0.99234,1.88,4.88
2012.06.12 13:40:27.427,0.99222,0.99231,1.50,2.63
2012.06.12 13:40:27.502,0.99222,0.9923,1.50,4.50
2012.06.12 13:40:27.993,0.9922,0.99227,1.50,2.63
2012.06.12 13:40:28.141,0.99216,0.99227,1.52,2.63
2012.06.12 13:40:28.212,0.99216,0.99227,1.52,2.63
2012.06.12 13:40:28.479,0.99215,0.99227,1.50,2.63
2012.06.12 13:40:28.899,0.99214,0.99227,3.00,2.63
2012.06.12 13:40:29.533,0.99213,0.99227,2.82,4.13
2012.06.12 13:40:30.144,0.99212,0.99227,2.07,2.63
2012.06.12 13:40:30.363,0.99213,0.99223,1.50,1.88
2012.06.12 13:40:30.583,0.99211,0.99223,1.50,2.25
2012.06.12 13:40:31.523,0.99211,0.99224,3.38,2.48
2012.06.12 13:40:31.674,0.99215,0.99224,1.50,1.88
2012.06.12 13:40:32.100,0.99212,0.99224,4.50,1.88
2012.06.12 13:40:32.370,0.99212,0.99224,7.50,1.88
2012.06.12 13:40:32.510,0.99215,0.99228,1.50,1.13
2012.06.12 13:40:32.642,0.99215,0.9923,1.50,3.57
2012.06.12 13:40:32.722,0.99215,0.9923,2.44,3.38
2012.06.12 13:40:33.152,0.99218,0.99233,9.68,1.13
2012.06.12 13:40:33.487,0.9922,0.99234,1.69,1.88
2012.06.12 13:40:33.716,0.99218,0.9923,1.13,1.88
2012.06.12 13:40:33.930,0.99216,0.9923,5.25,1.88
2012.06.12 13:40:34.664,0.99217,0.99231,1.88,1.88
2012.06.12 13:40:34.742,0.99217,0.9923,1.88,1.69
2012.06.12 13:40:35.172,0.99218,0.99233,2.63,1.88
2012.06.12 13:40:36.209,0.99219,0.99234,1.13,3.75
2012.06.12 13:40:36.420,0.99222,0.99235,2.63,1.35
2012.06.12 13:40:37.120,0.99222,0.99236,2.63,3.38
2012.06.12 13:40:37.613,0.99222,0.99234,1.50,1.50
2012.06.12 13:40:38.179,0.99222,0.99233,1.50,1.88
2012.06.12 13:40:38.929,0.99223,0.99234,1.50,1.88
2012.06.12 13:40:39.681,0.99223,0.99236,1.50,1.50
2012.06.12 13:40:39.753,0.99223,0.99237,1.50,1.13
2012.06.12 13:40:40.313,0.99226,0.9924,4.13,4.43
2012.06.12 13:40:40.393,0.99226,0.9924,4.13,2.63
2012.06.12 13:40:41.040,0.99226,0.9924,6.00,2.63
2012.06.12 13:40:41.114,0.99228,0.9924,1.32,2.63
2012.06.12 13:40:41.194,0.99229,0.99242,2.63,1.50
2012.06.12 13:40:41.276,0.9923,0.99243,3.00,2.25
2012.06.12 13:40:41.631,0.99237,0.99246,1.50,4.13
2012.06.12 13:40:41.982,0.99235,0.99246,1.50,1.88
2012.06.12 13:40:42.520,0.99235,0.99246,1.50,1.88
2012.06.12 13:40:42.661,0.99236,0.99246,1.50,1.88
2012.06.12 13:40:43.173,0.99236,0.99246,1.50,1.88
2012.06.12 13:40:43.709,0.99235,0.99246,1.50,1.88
2012.06.12 13:40:44.362,0.99235,0.99246,1.50,1.88
2012.06.12 13:40:44.669,0.99235,0.99248,1.50,1.88
2012.06.12 13:40:45.332,0.99237,0.99248,1.50,1.88
2012.06.12 13:40:45.484,0.99238,0.9925,1.50,2.63
2012.06.12 13:40:46.022,0.99241,0.9925,1.50,1.88
2012.06.12 13:40:46.233,0.9924,0.9925,1.50,1.88
2012.06.12 13:40:46.313,0.9924,0.9925,1.50,1.88
2012.06.12 13:40:46.672,0.99235,0.99247,1.50,1.88
2012.06.12 13:40:47.206,0.99234,0.99247,4.50,1.88
2012.06.12 13:40:47.356,0.99234,0.99244,1.50,1.50
2012.06.12 13:40:47.838,0.9923,0.99242,1.13,1.88
2012.06.12 13:40:48.345,0.99229,0.99242,1.88,1.88
2012.06.12 13:40:48.609,0.99229,0.99242,5.63,1.88
2012.06.12 13:40:48.685,0.99231,0.99245,2.44,2.63
2012.06.12 13:40:48.762,0.99232,0.99245,2.25,1.88
2012.06.12 13:40:49.288,0.99233,0.99245,1.50,3.38
2012.06.12 13:40:49.619,0.99234,0.99245,1.50,1.88
2012.06.12 13:40:49.761,0.99234,0.99245,1.50,1.88
2012.06.12 13:40:50.297,0.99234,0.99245,1.50,1.88
2012.06.12 13:40:50.621,0.99233,0.99245,1.50,1.88
2012.06.12 13:40:50.690,0.99233,0.99245,3.00,1.88
2012.06.12 13:40:51.693,0.99233,0.99243,1.50,1.50
2012.06.12 13:40:52.024,0.99231,0.99243,4.32,1.50
2012.06.12 13:40:52.117,0.99229,0.9924,2.25,1.88
2012.06.12 13:40:53.028,0.99228,0.99238,1.13,1.88
2012.06.12 13:40:53.499,0.99226,0.99238,1.50,1.88
2012.06.12 13:40:54.029,0.99225,0.99238,3.75,1.88
2012.06.12 13:40:55.330,0.99225,0.99237,2.25,1.88
2012.06.12 13:40:55.611,0.99224,0.99237,1.50,1.88
2012.06.12 13:40:56.551,0.99222,0.99237,1.50,3.75
2012.06.12 13:40:56.761,0.99222,0.99235,1.50,1.50
2012.06.12 13:40:57.117,0.9922,0.99233,2.07,1.88
2012.06.12 13:40:57.542,0.99218,0.99232,2.25,2.63
2012.06.12 13:40:57.624,0.99217,0.99226,2.25,1.88
2012.06.12 13:40:57.773,0.99215,0.99226,1.50,1.88
2012.06.12 13:40:57.852,0.99212,0.99221,1.13,1.88
2012.06.12 13:40:58.073,0.99212,0.99221,1.13,1.88
2012.06.12 13:40:58.638,0.99209,0.99221,1.88,1.88
2012.06.12 13:40:59.333,0.99209,0.99221,1.50,1.88
2012.06.12 13:40:59.934,0.99216,0.99224,1.88,1.13
2012.06.12 13:41:00.291,0.99217,0.99225,2.25,1.50
2012.06.12 13:41:00.363,0.9922,0.99232,2.25,2.25
2012.06.12 13:41:00.701,0.9922,0.99232,3.00,2.25
2012.06.12 13:41:01.047,0.9922,0.99232,3.00,1.88
2012.06.12 13:41:01.188,0.9922,0.99234,3.00,2.25
2012.06.12 13:41:02.591,0.9922,0.99234,5.25,2.25
2012.06.12 13:41:03.163,0.99221,0.99234,2.25,2.25
2012.06.12 13:41:03.309,0.99222,0.99236,1.50,3.23
2012.06.12 13:41:03.712,0.99223,0.99236,1.50,2.63
2012.06.12 13:41:03.923,0.99224,0.99237,3.00,1.32
2012.06.12 13:41:04.282,0.99226,0.99238,3.00,2.63
2012.06.12 13:41:06.256,0.99226,0.99238,2.25,1.88
2012.06.12 13:41:06.531,0.99229,0.99238,1.50,1.88
2012.06.12 13:41:06.685,0.99229,0.99238,1.50,1.88
2012.06.12 13:41:07.225,0.99228,0.9924,1.50,1.88
2012.06.12 13:41:07.541,0.99227,0.9924,1.50,3.38
2012.06.12 13:41:08.109,0.99227,0.99239,1.50,1.88
2012.06.12 13:41:08.391,0.99228,0.9924,3.38,1.50
2012.06.12 13:41:08.754,0.99233,0.99246,1.50,3.23
2012.06.12 13:41:08.828,0.99233,0.99246,1.50,3.23
2012.06.12 13:41:08.903,0.99233,0.99246,1.50,3.23
2012.06.12 13:41:08.981,0.99232,0.99246,3.75,3.23
2012.06.12 13:41:09.123,0.99232,0.99246,2.25,3.23
2012.06.12 13:41:09.340,0.99232,0.99246,1.88,2.25
2012.06.12 13:41:09.414,0.99232,0.99246,1.88,2.25
2012.06.12 13:41:10.728,0.99233,0.99246,1.50,2.63
2012.06.12 13:41:11.599,0.99235,0.99246,1.50,2.63
2012.06.12 13:41:12.118,0.99235,0.99245,1.50,1.88
2012.06.12 13:41:13.208,0.99235,0.99247,1.50,3.75
2012.06.12 13:41:13.348,0.99233,0.99247,1.50,3.57
2012.06.12 13:41:13.877,0.99233,0.99246,1.50,1.50
2012.06.12 13:41:14.012,0.99231,0.99244,3.00,1.88
2012.06.12 13:41:14.537,0.99231,0.99244,3.00,1.88
2012.06.12 13:41:16.079,0.99233,0.99246,1.50,2.63
2012.06.12 13:41:16.737,0.99233,0.99246,1.50,2.63
2012.06.12 13:41:17.445,0.99232,0.99246,1.50,2.63
2012.06.12 13:41:18.794,0.99235,0.99246,1.50,2.63
2012.06.12 13:41:18.876,0.99237,0.9925,1.88,3.04
2012.06.12 13:41:19.021,0.99238,0.9925,1.50,2.10
2012.06.12 13:41:19.164,0.9924,0.99254,2.63,4.32
2012.06.12 13:41:19.245,0.99243,0.99254,1.50,4.32
2012.06.12 13:41:19.466,0.99241,0.99254,1.50,2.44
2012.06.12 13:41:19.749,0.99242,0.99254,1.50,2.25
2012.06.12 13:41:20.301,0.99241,0.99253,1.69,1.88
2012.06.12 13:41:20.783,0.99234,0.99249,3.57,2.25
2012.06.12 13:41:21.080,0.99233,0.99245,3.57,1.50
2012.06.12 13:41:21.573,0.99231,0.99242,2.25,1.88
2012.06.12 13:41:21.934,0.9923,0.9924,1.13,1.50
2012.06.12 13:41:22.482,0.9923,0.99243,3.75,1.81
2012.06.12 13:41:22.562,0.9923,0.99244,3.00,1.88
2012.06.12 13:41:22.901,0.9923,0.99244,1.88,3.00
2012.06.12 13:41:23.400,0.9923,0.99244,2.63,1.88
2012.06.12 13:41:24.023,0.9923,0.99244,2.63,2.63
2012.06.12 13:41:24.251,0.99229,0.99241,3.00,2.63
2012.06.12 13:41:24.392,0.99229,0.99241,2.25,2.63
2012.06.12 13:41:24.952,0.99225,0.99238,3.38,1.50
2012.06.12 13:41:25.173,0.99226,0.9924,1.50,1.50
2012.06.12 13:41:25.323,0.99227,0.99243,3.38,5.82
2012.06.12 13:41:25.613,0.99228,0.99243,1.50,4.88
2012.06.12 13:41:26.181,0.99228,0.99243,1.88,4.50
2012.06.12 13:41:26.854,0.99228,0.99242,1.88,1.88
2012.06.12 13:41:27.362,0.99229,0.99242,1.50,1.88
2012.06.12 13:41:27.698,0.9923,0.99245,2.25,3.23
2012.06.12 13:41:29.035,0.99238,0.99247,1.88,1.73
2012.06.12 13:41:29.182,0.99238,0.99249,1.88,1.50
2012.06.12 13:41:29.260,0.99238,0.9925,2.63,2.25
2012.06.12 13:41:29.605,0.99239,0.99252,1.69,2.63
2012.06.12 13:41:29.682,0.99239,0.99252,1.69,1.88
2012.06.12 13:41:30.442,0.99239,0.99252,1.69,1.88
2012.06.12 13:41:30.989,0.99239,0.99253,5.82,1.88
2012.06.12 13:41:31.200,0.99241,0.99255,3.38,2.25
2012.06.12 13:41:31.854,0.99241,0.99255,2.63,1.88
2012.06.12 13:41:32.420,0.99241,0.99255,2.82,1.88
2012.06.12 13:41:33.219,0.9924,0.99254,5.93,1.88
2012.06.12 13:41:33.749,0.99241,0.99254,3.94,1.88
2012.06.12 13:41:33.962,0.99244,0.99256,1.50,1.88
2012.06.12 13:41:34.317,0.99244,0.99256,2.25,1.88
2012.06.12 13:41:34.460,0.99243,0.99256,1.13,1.88
2012.06.12 13:41:34.954,0.99242,0.99254,4.88,1.50
2012.06.12 13:41:35.685,0.99241,0.99255,2.44,1.88
2012.06.12 13:41:36.372,0.99242,0.99255,2.44,1.88
2012.06.12 13:41:36.513,0.99242,0.99255,4.69,1.88
2012.06.12 13:41:36.594,0.99246,0.99258,2.63,2.63
2012.06.12 13:41:36.812,0.9925,0.99262,1.50,2.25
2012.06.12 13:41:36.888,0.9925,0.99262,1.50,2.25
2012.06.12 13:41:37.440,0.99251,0.99262,3.00,1.88
2012.06.12 13:41:37.991,0.99251,0.99263,3.00,1.88
2012.06.12 13:41:38.131,0.99252,0.99263,1.50,1.88
2012.06.12 13:41:38.482,0.99249,0.9926,4.69,2.63
2012.06.12 13:41:38.553,0.99249,0.9926,3.19,2.63
2012.06.12 13:41:38.988,0.99247,0.99258,1.50,3.38
2012.06.12 13:41:39.680,0.99244,0.99256,1.50,1.88
2012.06.12 13:41:43.652,0.99247,0.99258,1.50,2.25
2012.06.12 13:41:43.725,0.99249,0.99258,1.50,2.25
2012.06.12 13:41:43.805,0.99249,0.99261,2.25,1.13
2012.06.12 13:41:43.953,0.99251,0.99262,1.50,2.25
2012.06.12 13:41:44.161,0.99251,0.99264,3.00,3.38
2012.06.12 13:41:44.568,0.99253,0.99264,1.50,2.63
2012.06.12 13:41:45.112,0.99255,0.99267,2.40,1.13
2012.06.12 13:41:46.150,0.99256,0.9927,3.00,3.60
2012.06.12 13:41:46.692,0.99256,0.9927,4.88,3.23
2012.06.12 13:41:46.842,0.99259,0.9927,1.88,1.35
2012.06.12 13:41:46.917,0.9926,0.99273,1.88,2.63
2012.06.12 13:41:47.059,0.99262,0.99274,1.88,1.13
2012.06.12 13:41:47.270,0.99262,0.99274,3.38,1.13
2012.06.12 13:41:47.755,0.99262,0.99276,3.57,2.25
2012.06.12 13:41:48.034,0.99265,0.99279,1.88,5.48
2012.06.12 13:41:48.399,0.99266,0.99279,1.13,2.63
2012.06.12 13:41:48.477,0.99267,0.99281,3.38,4.13
2012.06.12 13:41:48.551,0.99267,0.99281,3.38,2.63
2012.06.12 13:41:48.833,0.99274,0.99286,1.50,1.13
2012.06.12 13:41:49.311,0.99275,0.99284,1.50,1.88
2012.06.12 13:41:49.451,0.99272,0.99284,1.50,1.88
2012.06.12 13:41:49.790,0.99271,0.99284,1.50,4.13
2012.06.12 13:41:50.470,0.99271,0.99285,4.13,3.38
2012.06.12 13:41:50.611,0.99274,0.99288,1.13,1.13
2012.06.12 13:41:50.978,0.99276,0.99288,3.00,1.13
2012.06.12 13:41:51.451,0.99276,0.9929,2.25,1.50
2012.06.12 13:41:52.136,0.99276,0.99288,2.25,1.50
2012.06.12 13:41:52.217,0.99276,0.99287,1.50,1.88
2012.06.12 13:41:52.771,0.99274,0.99287,1.50,1.88
2012.06.12 13:41:53.243,0.99274,0.99285,1.50,1.88
2012.06.12 13:41:53.460,0.99271,0.99285,3.38,3.38
2012.06.12 13:41:53.588,0.99271,0.99282,3.00,1.50
2012.06.12 13:41:53.921,0.99271,0.99285,2.25,3.75
2012.06.12 13:41:54.468,0.9927,0.99284,2.25,2.25
2012.06.12 13:41:55.047,0.9927,0.99284,1.88,2.25
2012.06.12 13:41:55.480,0.99268,0.99284,3.75,3.68
2012.06.12 13:41:56.819,0.99268,0.99283,1.13,2.07
2012.06.12 13:41:57.923,0.99268,0.99284,3.00,1.88
2012.06.12 13:41:58.131,0.99269,0.99284,3.00,1.88
2012.06.12 13:41:58.474,0.99272,0.99286,3.38,2.63
2012.06.12 13:41:59.119,0.99272,0.99286,4.73,2.25
2012.06.12 13:41:59.468,0.99274,0.99288,2.63,2.63
2012.06.12 13:41:59.790,0.99274,0.99289,2.63,1.32
2012.06.12 13:41:59.859,0.99274,0.9929,3.00,2.44
2012.06.12 13:42:00.440,0.99276,0.99288,2.63,1.50
2012.06.12 13:42:02.228,0.99276,0.9929,2.63,4.88
2012.06.12 13:42:04.637,0.99275,0.99289,3.75,1.88
2012.06.12 13:42:05.199,0.99276,0.99289,2.25,1.88
2012.06.12 13:42:05.538,0.99279,0.99289,1.50,1.88
2012.06.12 13:42:05.744,0.99281,0.99294,3.00,1.13
2012.06.12 13:42:05.820,0.99284,0.99294,1.88,1.13
2012.06.12 13:42:06.172,0.99286,0.993,1.50,6.38
2012.06.12 13:42:07.307,0.99285,0.99298,1.50,2.25
2012.06.12 13:42:07.382,0.99285,0.99298,2.25,2.25
2012.06.12 13:42:07.913,0.99286,0.99298,1.50,2.25
2012.06.12 13:42:08.138,0.99289,0.99301,1.50,1.50
2012.06.12 13:42:08.285,0.99291,0.99303,2.63,1.50
2012.06.12 13:42:08.366,0.99292,0.99303,1.50,1.50
2012.06.12 13:42:08.653,0.99295,0.9931,1.50,3.38
2012.06.12 13:42:08.861,0.99296,0.99307,1.50,1.88
2012.06.12 13:42:09.071,0.993,0.99311,2.25,3.19
2012.06.12 13:42:09.351,0.993,0.99314,2.25,1.88
2012.06.12 13:42:09.631,0.99301,0.99314,1.50,1.88
2012.06.12 13:42:09.982,0.99301,0.99314,1.50,2.25
2012.06.12 13:42:10.422,0.99301,0.99311,1.50,2.63
2012.06.12 13:42:10.780,0.99297,0.99305,1.50,1.88
2012.06.12 13:42:11.431,0.99289,0.99305,4.32,3.38
2012.06.12 13:42:11.506,0.99289,0.99305,4.32,3.38
2012.06.12 13:42:12.040,0.9929,0.99304,1.50,1.88
2012.06.12 13:42:12.433,0.9929,0.993,1.50,1.88
2012.06.12 13:42:12.514,0.99287,0.993,3.00,1.88
2012.06.12 13:42:12.598,0.99287,0.99296,1.13,1.88
2012.06.12 13:42:12.814,0.99283,0.99296,2.56,2.25
2012.06.12 13:42:13.032,0.99284,0.99295,1.69,1.50
2012.06.12 13:42:13.700,0.99283,0.99295,1.50,1.50
2012.06.12 13:42:13.843,0.99285,0.99295,1.50,1.88
2012.06.12 13:42:13.992,0.99284,0.99295,1.50,1.88
2012.06.12 13:42:14.346,0.99284,0.99295,1.50,1.88
2012.06.12 13:42:14.497,0.99287,0.99297,2.25,1.88
2012.06.12 13:42:14.712,0.99287,0.99297,2.25,1.88
2012.06.12 13:42:15.219,0.99287,0.99297,2.25,1.88
2012.06.12 13:42:15.550,0.99287,0.993,3.00,1.88
2012.06.12 13:42:16.070,0.99289,0.993,1.50,1.88
2012.06.12 13:42:16.269,0.99289,0.993,2.25,1.88
2012.06.12 13:42:16.731,0.99287,0.993,1.50,1.88
2012.06.12 13:42:17.749,0.99288,0.993,1.50,1.88
2012.06.12 13:42:17.823,0.99288,0.99302,3.38,1.88
2012.06.12 13:42:18.340,0.99289,0.99302,1.50,2.25
2012.06.12 13:42:19.413,0.99289,0.99301,1.50,1.88
2012.06.12 13:42:19.704,0.99286,0.99298,3.19,1.88
2012.06.12 13:42:20.214,0.99285,0.99295,1.88,1.88
2012.06.12 13:42:20.572,0.99285,0.99292,2.25,1.88
2012.06.12 13:42:21.314,0.9928,0.99291,1.50,1.88
2012.06.12 13:42:21.399,0.99277,0.99291,1.50,3.38
2012.06.12 13:42:22.360,0.99277,0.99289,1.13,1.88
2012.06.12 13:42:22.874,0.99278,0.99289,1.13,1.88
2012.06.12 13:42:23.443,0.99276,0.99291,1.13,2.25
2012.06.12 13:42:23.731,0.99276,0.99287,1.13,1.88
2012.06.12 13:42:24.990,0.99274,0.99286,1.69,1.88
2012.06.12 13:42:25.694,0.99275,0.99283,1.50,1.50
2012.06.12 13:42:26.261,0.99273,0.99283,1.88,1.50
2012.06.12 13:42:26.533,0.99273,0.99285,1.13,1.88
2012.06.12 13:42:27.033,0.99273,0.99287,4.50,2.82
2012.06.12 13:42:27.180,0.99273,0.99287,3.75,3.38
2012.06.12 13:42:27.666,0.99273,0.99287,3.75,4.88
2012.06.12 13:42:28.165,0.99273,0.99284,1.13,1.88
2012.06.12 13:42:29.179,0.99273,0.99284,1.13,1.88
2012.06.12 13:42:29.522,0.99273,0.99284,1.88,1.88
2012.06.12 13:42:30.021,0.99272,0.99283,1.88,1.50
2012.06.12 13:42:30.489,0.99271,0.99283,1.50,2.25
2012.06.12 13:42:31.039,0.99271,0.99282,1.50,1.88
2012.06.12 13:42:31.581,0.99269,0.99282,1.13,3.19
2012.06.12 13:42:32.096,0.99265,0.99273,2.25,1.88
2012.06.12 13:42:32.179,0.99261,0.99273,4.13,1.88
2012.06.12 13:42:32.592,0.99261,0.99269,4.13,1.88
2012.06.12 13:42:32.943,0.99259,0.99264,1.50,1.88
2012.06.12 13:42:33.085,0.99258,0.99264,1.32,1.88
2012.06.12 13:42:33.163,0.99255,0.99261,1.32,1.50
2012.06.12 13:42:33.379,0.9925,0.99259,1.88,1.50
2012.06.12 13:42:33.448,0.9925,0.99261,1.88,1.50
2012.06.12 13:42:33.731,0.99248,0.99262,1.50,3.00
2012.06.12 13:42:34.259,0.99249,0.99262,2.25,2.25
2012.06.12 13:42:34.736,0.99249,0.9926,3.00,1.50
2012.06.12 13:42:35.204,0.99248,0.99262,1.50,3.38
2012.06.12 13:42:35.285,0.99248,0.99262,3.00,1.88
2012.06.12 13:42:35.434,0.9925,0.99262,2.25,1.88
2012.06.12 13:42:35.793,0.99251,0.99263,1.50,1.88
2012.06.12 13:42:35.939,0.99251,0.99263,1.50,1.88
2012.06.12 13:42:36.632,0.9925,0.99264,4.88,1.88
2012.06.12 13:42:37.191,0.9925,0.99264,4.88,1.88
2012.06.12 13:42:37.530,0.99253,0.99264,1.50,1.88
2012.06.12 13:42:37.600,0.99253,0.99267,1.50,3.00
2012.06.12 13:42:37.742,0.99252,0.99267,2.25,2.07
2012.06.12 13:42:39.007,0.99252,0.99267,4.88,1.88
2012.06.12 13:42:39.360,0.99255,0.99269,8.63,1.88
2012.06.12 13:42:39.574,0.99259,0.99273,1.50,1.88
2012.06.12 13:42:40.073,0.9926,0.99275,1.50,5.63
2012.06.12 13:42:40.500,0.99261,0.99275,3.00,2.25
2012.06.12 13:42:41.042,0.99261,0.99275,3.00,1.88
2012.06.12 13:42:41.579,0.99262,0.99274,1.50,1.88
2012.06.12 13:42:42.171,0.99261,0.99274,3.00,1.88
2012.06.12 13:42:42.799,0.99261,0.99275,3.00,1.88
2012.06.12 13:42:43.721,0.99263,0.99276,2.63,1.50
2012.06.12 13:42:44.282,0.99263,0.99277,4.88,2.25
2012.06.12 13:42:44.634,0.99262,0.99275,1.50,2.07
2012.06.12 13:42:44.990,0.99262,0.99269,1.50,1.50
2012.06.12 13:42:45.268,0.99257,0.99269,1.50,1.50
2012.06.12 13:42:45.821,0.99256,0.9927,1.88,1.88
2012.06.12 13:42:47.411,0.99256,0.9927,1.13,2.25
2012.06.12 13:42:47.761,0.99251,0.99259,1.88,1.88
2012.06.12 13:42:48.101,0.99246,0.99259,3.75,1.88
2012.06.12 13:42:48.432,0.99246,0.99259,3.00,3.68
2012.06.12 13:42:48.643,0.99244,0.99257,3.57,2.07
2012.06.12 13:42:48.793,0.99243,0.99254,2.63,2.63
2012.06.12 13:42:49.156,0.99238,0.99253,2.25,3.00
2012.06.12 13:42:49.702,0.9924,0.99254,3.38,3.00
2012.06.12 13:42:50.217,0.9924,0.99254,1.88,1.88
2012.06.12 13:42:50.778,0.99238,0.99253,1.50,1.88
2012.06.12 13:42:50.921,0.99237,0.99252,3.38,1.50
2012.06.12 13:42:51.428,0.99238,0.99253,1.50,3.00
2012.06.12 13:42:51.955,0.99238,0.99252,1.50,2.63
2012.06.12 13:42:52.031,0.99238,0.99252,1.50,3.00
2012.06.12 13:42:52.382,0.99235,0.99246,1.50,3.00
2012.06.12 13:42:53.071,0.99234,0.99247,2.63,1.88
2012.06.12 13:42:53.633,0.99232,0.99246,3.75,2.07
2012.06.12 13:42:54.182,0.99234,0.99247,2.25,2.25
2012.06.12 13:42:54.530,0.9924,0.99247,1.50,1.88
2012.06.12 13:42:55.070,0.9924,0.99249,1.50,1.88
2012.06.12 13:42:55.215,0.9924,0.99246,1.50,1.88
2012.06.12 13:42:55.361,0.99238,0.99246,1.50,1.88
2012.06.12 13:42:55.903,0.99237,0.99246,1.50,1.88
2012.06.12 13:42:56.574,0.99238,0.99245,1.50,1.88
2012.06.12 13:42:56.655,0.99232,0.99245,1.69,1.88
2012.06.12 13:42:57.013,0.99231,0.99241,2.25,1.88
2012.06.12 13:42:57.091,0.99229,0.99241,1.13,1.88
2012.06.12 13:42:57.233,0.99227,0.9924,2.82,1.50
2012.06.12 13:42:57.382,0.99226,0.9924,1.88,3.00
2012.06.12 13:42:57.651,0.99225,0.9924,2.63,2.25
2012.06.12 13:42:57.722,0.99225,0.99238,2.63,1.50
2012.06.12 13:42:58.119,0.99225,0.9924,2.63,2.44
2012.06.12 13:42:58.673,0.99225,0.99239,3.38,1.88
2012.06.12 13:42:59.330,0.99226,0.99239,1.50,1.88
2012.06.12 13:42:59.403,0.99228,0.99239,1.50,1.88
2012.06.12 13:42:59.861,0.9923,0.99244,1.50,4.43
2012.06.12 13:43:00.350,0.99232,0.99243,1.50,1.88
2012.06.12 13:43:00.419,0.99232,0.99245,3.38,2.63
2012.06.12 13:43:00.948,0.99233,0.99246,5.25,2.63
2012.06.12 13:43:01.515,0.99233,0.99246,1.88,1.88
2012.06.12 13:43:02.183,0.99234,0.99248,1.88,1.88
2012.06.12 13:43:02.470,0.99235,0.99248,1.50,1.88
2012.06.12 13:43:02.541,0.99235,0.9925,3.57,3.60
2012.06.12 13:43:03.368,0.99236,0.99251,1.50,2.25
2012.06.12 13:43:03.701,0.99237,0.99252,1.69,2.25
2012.06.12 13:43:04.052,0.99241,0.99253,1.50,2.63
2012.06.12 13:43:04.336,0.99242,0.99258,4.88,2.82
2012.06.12 13:43:04.624,0.99241,0.99256,1.50,5.18
2012.06.12 13:43:04.777,0.9924,0.99253,1.50,3.38
2012.06.12 13:43:06.507,0.99239,0.99253,1.88,1.69
2012.06.12 13:43:08.090,0.99238,0.99252,1.13,2.07
2012.06.12 13:43:08.628,0.99237,0.99251,2.63,1.50
2012.06.12 13:43:09.351,0.9924,0.99251,1.13,1.50
2012.06.12 13:43:09.700,0.99243,0.99253,2.25,2.25
2012.06.12 13:43:10.261,0.99245,0.9926,2.25,2.82
2012.06.12 13:43:10.680,0.99245,0.9926,1.50,2.82
2012.06.12 13:43:10.762,0.99246,0.99261,2.25,1.32
2012.06.12 13:43:11.235,0.99248,0.99263,3.38,3.53
2012.06.12 13:43:11.799,0.99249,0.99264,1.50,1.32
2012.06.12 13:43:13.529,0.99249,0.99264,2.25,2.07
2012.06.12 13:43:13.672,0.99249,0.9926,2.25,2.10
2012.06.12 13:43:14.732,0.99245,0.99259,1.88,3.38
2012.06.12 13:43:14.800,0.99245,0.99259,1.13,4.13
2012.06.12 13:43:15.602,0.99245,0.9926,1.50,3.00
2012.06.12 13:43:16.130,0.99245,0.99258,1.50,2.63
2012.06.12 13:43:16.551,0.99243,0.99258,1.13,3.00
2012.06.12 13:43:16.966,0.99244,0.99252,1.50,4.88
2012.06.12 13:43:17.045,0.99244,0.99253,1.50,1.13
2012.06.12 13:43:17.125,0.9924,0.99253,1.50,1.13
2012.06.12 13:43:17.892,0.99242,0.99256,1.50,4.88
2012.06.12 13:43:18.450,0.99241,0.99256,2.25,5.07
2012.06.12 13:43:20.162,0.99241,0.99256,3.00,5.63
2012.06.12 13:43:21.541,0.99242,0.99256,2.25,1.50
2012.06.12 13:43:22.660,0.99242,0.99253,1.50,1.88
2012.06.12 13:43:23.015,0.99242,0.99248,1.50,3.00
2012.06.12 13:43:23.236,0.9924,0.99251,1.50,7.88
2012.06.12 13:43:23.314,0.99238,0.99251,1.50,7.13
2012.06.12 13:43:23.463,0.99237,0.99251,2.25,3.38
2012.06.12 13:43:23.545,0.99237,0.99249,3.00,1.50
2012.06.12 13:43:23.622,0.99237,0.99251,3.00,2.63
2012.06.12 13:43:24.252,0.99237,0.99252,2.44,4.13
2012.06.12 13:43:24.787,0.99237,0.99252,2.44,3.38
2012.06.12 13:43:25.491,0.99239,0.99252,1.50,3.38
2012.06.12 13:43:25.563,0.99241,0.99252,1.50,1.50
2012.06.12 13:43:26.681,0.99239,0.99253,4.50,1.88
2012.06.12 13:43:26.896,0.99239,0.99253,3.94,1.88
2012.06.12 13:43:27.254,0.99241,0.99255,4.88,6.00
2012.06.12 13:43:28.219,0.99242,0.99257,1.50,10.88
2012.06.12 13:43:28.740,0.99242,0.99257,1.50,10.88
2012.06.12 13:43:29.328,0.99242,0.99257,1.50,10.88
2012.06.12 13:43:31.869,0.99243,0.99257,2.25,4.13
2012.06.12 13:43:32.183,0.99245,0.99258,1.13,3.00
2012.06.12 13:43:32.545,0.9925,0.99262,2.63,4.50
2012.06.12 13:43:33.111,0.9925,0.99262,3.75,4.50
2012.06.12 13:43:33.634,0.9925,0.9926,1.13,2.63
2012.06.12 13:43:33.995,0.99247,0.99256,2.25,4.88
2012.06.12 13:43:34.351,0.99244,0.99256,1.69,2.63
2012.06.12 13:43:34.698,0.99241,0.99255,4.13,3.00
2012.06.12 13:43:35.210,0.99241,0.99255,4.13,3.00
2012.06.12 13:43:36.402,0.99241,0.99255,1.88,8.25
2012.06.12 13:43:37.045,0.9924,0.99252,1.88,3.00
2012.06.12 13:43:37.136,0.99238,0.99252,2.25,6.75
2012.06.12 13:43:37.559,0.99239,0.99253,1.88,5.25
2012.06.12 13:43:38.098,0.99239,0.99253,2.25,1.13
2012.06.12 13:43:39.087,0.9924,0.99254,1.13,8.63
2012.06.12 13:43:41.720,0.99242,0.99254,1.13,6.75
2012.06.12 13:43:41.933,0.99243,0.99256,1.13,1.13
2012.06.12 13:43:42.156,0.99245,0.99257,1.88,1.50
2012.06.12 13:43:42.502,0.99248,0.99261,1.50,3.75
2012.06.12 13:43:43.710,0.99249,0.99263,1.88,6.60
2012.06.12 13:43:43.970,0.99249,0.99263,1.88,3.00
2012.06.12 13:43:44.632,0.99249,0.99263,1.88,3.75
2012.06.12 13:43:44.821,0.99247,0.99262,1.88,2.82
2012.06.12 13:43:45.296,0.99246,0.9926,2.25,1.50
2012.06.12 13:43:45.650,0.99246,0.99262,2.25,4.32
2012.06.12 13:43:46.029,0.99245,0.99259,2.25,1.88
2012.06.12 13:43:46.952,0.99247,0.99257,1.13,2.25
2012.06.12 13:43:47.025,0.99245,0.99258,1.13,3.38
2012.06.12 13:43:47.102,0.99244,0.99258,1.88,3.38
2012.06.12 13:43:47.453,0.99246,0.99258,3.00,1.50
2012.06.12 13:43:47.744,0.99249,0.99262,2.25,2.85
2012.06.12 13:43:48.299,0.99249,0.99264,1.50,2.82
2012.06.12 13:43:48.625,0.99251,0.99263,1.88,1.69
2012.06.12 13:43:48.985,0.99254,0.99265,4.50,1.50
2012.06.12 13:43:49.138,0.99254,0.99269,2.63,3.75
2012.06.12 13:43:49.486,0.99254,0.99267,1.88,2.25
2012.06.12 13:43:49.618,0.99254,0.99269,1.88,5.25
2012.06.12 13:43:50.119,0.99254,0.99268,2.63,2.25
2012.06.12 13:43:50.659,0.99254,0.99268,2.63,3.00
2012.06.12 13:43:51.200,0.99253,0.99267,3.19,4.88
2012.06.12 13:43:51.341,0.99253,0.99265,1.69,1.50
2012.06.12 13:43:51.552,0.99251,0.99264,2.82,2.25
2012.06.12 13:43:51.625,0.99251,0.99261,2.82,1.50
2012.06.12 13:43:51.700,0.99251,0.99264,3.57,2.25
2012.06.12 13:43:52.292,0.99251,0.99266,2.07,3.38
2012.06.12 13:43:52.812,0.99251,0.99266,1.88,3.75
2012.06.12 13:43:53.901,0.99251,0.99265,1.88,1.13
2012.06.12 13:43:54.252,0.99248,0.99261,1.13,3.38
2012.06.12 13:43:54.767,0.99246,0.99261,2.07,3.38
2012.06.12 13:43:55.171,0.99246,0.99258,1.88,1.88
2012.06.12 13:43:55.718,0.99246,0.99258,1.13,1.88
2012.06.12 13:43:56.336,0.99245,0.99258,2.63,2.25
2012.06.12 13:43:56.890,0.99229,0.99233,2.44,2.25
2012.06.12 13:43:56.975,0.99223,0.9923,2.25,1.13
2012.06.12 13:43:57.058,0.99219,0.99226,1.73,1.88
2012.06.12 13:43:57.275,0.99214,0.99226,2.82,1.88
2012.06.12 13:43:57.356,0.99212,0.99228,1.13,2.18
2012.06.12 13:43:57.432,0.99212,0.99226,2.63,2.25
2012.06.12 13:43:58.985,0.99211,0.99225,2.07,1.50
2012.06.12 13:43:59.067,0.9921,0.99223,3.38,1.50
2012.06.12 13:43:59.620,0.9921,0.99223,1.88,1.50
2012.06.12 13:44:00.289,0.9921,0.99224,2.25,2.07
2012.06.12 13:44:01.640,0.9921,0.99224,3.00,1.88
2012.06.12 13:44:02.029,0.99211,0.99224,1.88,1.88
2012.06.12 13:44:02.661,0.99211,0.99226,2.25,2.07
2012.06.12 13:44:03.938,0.99212,0.99225,2.07,1.50
2012.06.12 13:44:04.414,0.99213,0.99227,3.75,1.50
2012.06.12 13:44:04.899,0.99215,0.99231,3.38,2.82
2012.06.12 13:44:04.971,0.99215,0.99231,4.06,2.63
2012.06.12 13:44:06.370,0.99217,0.99231,2.25,1.88
2012.06.12 13:44:06.769,0.99217,0.99231,3.38,1.88
2012.06.12 13:44:07.315,0.9922,0.99231,1.69,1.88
2012.06.12 13:44:07.535,0.99222,0.99236,1.88,3.00
2012.06.12 13:44:07.962,0.99222,0.99236,2.63,1.88
2012.06.12 13:44:08.504,0.99224,0.99239,3.38,2.63
2012.06.12 13:44:08.791,0.99225,0.99239,3.31,1.88
2012.06.12 13:44:09.293,0.99225,0.99238,3.68,1.50
2012.06.12 13:44:09.652,0.99228,0.99238,1.69,1.50
2012.06.12 13:44:09.721,0.99228,0.99241,1.69,3.38
2012.06.12 13:44:09.932,0.99228,0.99241,1.69,7.88
2012.06.12 13:44:10.154,0.99232,0.99244,5.18,1.50
2012.06.12 13:44:10.305,0.99235,0.99244,2.63,1.50
2012.06.12 13:44:10.653,0.99236,0.99244,3.68,1.50
2012.06.12 13:44:10.795,0.99236,0.99251,3.31,3.38
2012.06.12 13:44:11.480,0.99241,0.99251,1.13,1.88
2012.06.12 13:44:11.852,0.99248,0.99253,1.88,1.50
2012.06.12 13:44:11.930,0.99248,0.99259,2.63,1.13
2012.06.12 13:44:12.142,0.99248,0.99261,4.50,1.88
2012.06.12 13:44:14.010,0.99247,0.9926,1.32,2.63
2012.06.12 13:44:14.946,0.9925,0.99261,1.50,1.88
2012.06.12 13:44:15.022,0.9925,0.99263,1.50,2.25
2012.06.12 13:44:15.579,0.99248,0.99264,3.94,3.00
2012.06.12 13:44:16.129,0.99249,0.99263,1.13,1.88
2012.06.12 13:44:16.689,0.99249,0.99262,1.13,3.00
2012.06.12 13:44:17.199,0.99248,0.99262,1.50,3.00
2012.06.12 13:44:17.988,0.99248,0.99262,1.13,3.00
2012.06.12 13:44:18.782,0.99249,0.99263,1.13,2.63
2012.06.12 13:44:18.935,0.99251,0.99264,2.63,2.25
2012.06.12 13:44:19.292,0.99253,0.99265,1.50,1.88
2012.06.12 13:44:19.362,0.99253,0.99267,3.75,1.88
2012.06.12 13:44:20.562,0.99252,0.99266,3.75,1.88
2012.06.12 13:44:20.771,0.99254,0.99266,1.69,1.88
2012.06.12 13:44:21.308,0.99255,0.99271,3.57,4.50
2012.06.12 13:44:21.385,0.99256,0.99271,1.81,3.38
2012.06.12 13:44:21.744,0.99267,0.99273,1.13,1.88
2012.06.12 13:44:22.194,0.99273,0.99278,1.88,3.00
2012.06.12 13:44:22.283,0.99273,0.99282,5.25,1.50
2012.06.12 13:44:22.843,0.99274,0.99289,4.43,2.63
2012.06.12 13:44:22.980,0.99275,0.99288,2.82,1.13
2012.06.12 13:44:23.259,0.99275,0.99289,2.82,2.63
2012.06.12 13:44:24.045,0.99274,0.99288,6.31,1.88
2012.06.12 13:44:25.270,0.99277,0.99291,1.88,2.63
2012.06.12 13:44:25.832,0.99277,0.99291,2.25,2.78
2012.06.12 13:44:27.691,0.99277,0.99291,2.25,2.03
2012.06.12 13:44:27.832,0.9928,0.99292,1.88,1.65
2012.06.12 13:44:28.042,0.99281,0.99294,3.75,1.50
2012.06.12 13:44:28.184,0.99283,0.99295,1.50,1.13
2012.06.12 13:44:28.332,0.99283,0.99297,1.50,2.07
2012.06.12 13:44:28.664,0.99285,0.99299,1.88,6.31
2012.06.12 13:44:28.967,0.99288,0.99302,1.88,4.69
2012.06.12 13:44:29.604,0.99288,0.99302,1.88,4.50
2012.06.12 13:44:30.714,0.99288,0.993,1.50,1.13
2012.06.12 13:44:30.863,0.99286,0.993,3.19,1.13
2012.06.12 13:44:31.011,0.99287,0.99301,1.88,1.88
2012.06.12 13:44:31.784,0.99287,0.99301,2.63,2.63
2012.06.12 13:44:32.688,0.99287,0.99302,1.13,4.50
2012.06.12 13:44:35.102,0.99292,0.99303,1.88,3.00
2012.06.12 13:44:35.179,0.99292,0.99304,1.50,2.25
2012.06.12 13:44:35.754,0.9929,0.99304,3.38,1.88
2012.06.12 13:44:35.975,0.9929,0.99302,1.50,1.88
2012.06.12 13:44:36.336,0.99284,0.99296,1.81,1.50
2012.06.12 13:44:36.414,0.99283,0.99296,1.88,1.50
2012.06.12 13:44:36.982,0.99281,0.99295,1.32,4.50
2012.06.12 13:44:37.182,0.99281,0.99293,1.13,1.88
2012.06.12 13:44:37.531,0.99278,0.99288,1.13,1.88
2012.06.12 13:44:37.885,0.99275,0.9928,2.25,1.88
2012.06.12 13:44:38.660,0.99266,0.9928,4.13,3.38
2012.06.12 13:44:39.221,0.99268,0.99281,1.50,1.88
2012.06.12 13:44:39.771,0.99268,0.99283,3.57,1.35
2012.06.12 13:44:40.631,0.99269,0.99284,1.50,5.10
2012.06.12 13:44:40.704,0.99269,0.99284,2.25,4.73
2012.06.12 13:44:41.273,0.9927,0.99284,3.19,4.13
2012.06.12 13:44:41.830,0.99272,0.99284,1.50,1.88
2012.06.12 13:44:42.372,0.99272,0.99285,4.50,2.63
2012.06.12 13:44:42.713,0.99277,0.99288,1.88,2.25
2012.06.12 13:44:43.061,0.9928,0.99293,1.50,2.25
2012.06.12 13:44:43.621,0.99279,0.99293,1.50,4.88
2012.06.12 13:44:44.142,0.99281,0.99294,1.50,1.13
2012.06.12 13:44:44.671,0.99282,0.99295,1.50,2.63
2012.06.12 13:44:44.811,0.99282,0.99296,4.13,2.82
2012.06.12 13:44:45.011,0.99284,0.99296,2.25,2.63
2012.06.12 13:44:45.152,0.99284,0.99296,2.25,2.63
2012.06.12 13:44:46.101,0.99286,0.99297,1.88,2.63
2012.06.12 13:44:46.456,0.99291,0.99302,1.88,1.88
2012.06.12 13:44:46.673,0.99291,0.99305,1.88,2.63
2012.06.12 13:44:46.821,0.99291,0.99305,3.00,2.63
2012.06.12 13:44:47.338,0.99294,0.99305,1.50,1.88
2012.06.12 13:44:47.880,0.99292,0.99307,3.94,2.25
2012.06.12 13:44:48.502,0.99293,0.99306,2.25,1.13
2012.06.12 13:44:49.178,0.99293,0.99305,1.50,1.88
2012.06.12 13:44:49.730,0.99291,0.99304,1.13,1.88
2012.06.12 13:44:50.454,0.99293,0.99307,2.63,2.82
2012.06.12 13:44:51.221,0.99293,0.99307,2.63,1.88
2012.06.12 13:44:52.243,0.99296,0.99309,1.88,3.00
2012.06.12 13:44:52.583,0.99298,0.9931,1.50,1.88
2012.06.12 13:44:53.142,0.99296,0.9931,3.38,1.88
2012.06.12 13:44:53.678,0.99298,0.99311,1.50,1.88
2012.06.12 13:44:54.211,0.99297,0.99311,2.63,2.63
2012.06.12 13:44:55.790,0.99297,0.99311,2.63,2.63
2012.06.12 13:44:55.981,0.99294,0.99309,1.69,2.25
2012.06.12 13:44:56.333,0.99293,0.99306,2.93,1.88
2012.06.12 13:44:56.410,0.99293,0.99306,1.13,1.88
2012.06.12 13:44:57.092,0.99291,0.99304,1.69,3.38
2012.06.12 13:44:57.746,0.9929,0.99304,4.43,1.88
2012.06.12 13:44:58.472,0.9929,0.99304,4.88,1.88
2012.06.12 13:44:58.542,0.9929,0.99302,3.00,2.63
2012.06.12 13:44:59.089,0.9929,0.99304,1.13,1.50
2012.06.12 13:44:59.635,0.9929,0.99305,1.13,1.88
2012.06.12 13:45:01.030,0.99289,0.99304,2.63,2.25
2012.06.12 13:45:01.246,0.99286,0.993,3.00,1.88
2012.06.12 13:45:01.395,0.99286,0.99299,1.13,1.13
2012.06.12 13:45:01.887,0.99281,0.99297,6.21,3.75
2012.06.12 13:45:01.974,0.9928,0.99294,2.07,1.88
2012.06.12 13:45:02.335,0.99279,0.99285,1.13,4.43
2012.06.12 13:45:02.556,0.99273,0.99284,1.50,3.42
2012.06.12 13:45:03.043,0.99268,0.99282,1.88,3.38
2012.06.12 13:45:03.733,0.99269,0.99285,4.13,4.81
2012.06.12 13:45:03.812,0.99269,0.99285,4.88,2.44
2012.06.12 13:45:03.882,0.99277,0.99286,1.88,2.07
2012.06.12 13:45:04.095,0.99277,0.9929,1.88,1.50
2012.06.12 13:45:04.440,0.99277,0.99291,1.88,1.88
2012.06.12 13:45:05.730,0.99277,0.99291,2.63,8.56
2012.06.12 13:45:06.300,0.99275,0.9929,1.88,1.69
2012.06.12 13:45:07.259,0.99274,0.9929,3.00,3.19
2012.06.12 13:45:11.272,0.99274,0.99288,1.13,2.25
2012.06.12 13:45:11.482,0.99277,0.99291,2.82,2.25
2012.06.12 13:45:11.550,0.99277,0.99292,4.32,2.25
2012.06.12 13:45:12.103,0.9928,0.99294,1.50,1.13
2012.06.12 13:45:12.463,0.99281,0.99295,1.13,4.50
2012.06.12 13:45:12.539,0.9928,0.99295,3.00,4.50
2012.06.12 13:45:12.781,0.9928,0.99297,3.00,3.00
2012.06.12 13:45:13.330,0.99281,0.99297,2.63,1.13
2012.06.12 13:45:14.172,0.99283,0.99298,1.50,4.32
2012.06.12 13:45:14.251,0.99285,0.99298,2.25,1.13
2012.06.12 13:45:14.802,0.99284,0.99298,1.88,1.13
2012.06.12 13:45:15.328,0.99283,0.99299,2.25,2.25
2012.06.12 13:45:16.148,0.99285,0.99299,1.88,2.25
2012.06.12 13:45:16.549,0.99287,0.99301,1.50,2.82
2012.06.12 13:45:17.163,0.99287,0.99301,1.50,2.07
2012.06.12 13:45:17.510,0.99285,0.99301,4.13,2.07
2012.06.12 13:45:18.153,0.99288,0.993,1.88,1.50
2012.06.12 13:45:18.442,0.99289,0.99306,7.43,2.25
2012.06.12 13:45:18.967,0.99289,0.99306,4.43,1.50
2012.06.12 13:45:19.470,0.99289,0.99305,4.43,1.88
2012.06.12 13:45:19.681,0.99289,0.99305,2.82,2.25
2012.06.12 13:45:19.750,0.99288,0.99303,2.44,1.88
2012.06.12 13:45:21.188,0.99287,0.99303,3.75,1.88
2012.06.12 13:45:21.880,0.99287,0.99302,3.00,1.50
2012.06.12 13:45:22.165,0.99282,0.99299,3.19,2.25
2012.06.12 13:45:22.522,0.99282,0.99299,3.94,2.25
2012.06.12 13:45:22.598,0.99285,0.99299,1.50,2.25
2012.06.12 13:45:22.833,0.99283,0.99299,1.69,3.75
2012.06.12 13:45:22.911,0.99283,0.99299,1.69,3.75
2012.06.12 13:45:23.392,0.99281,0.99295,2.44,2.25
2012.06.12 13:45:23.744,0.9928,0.99294,1.13,1.88
2012.06.12 13:45:23.826,0.99279,0.99292,1.13,1.88
2012.06.12 13:45:24.363,0.9928,0.99294,1.50,1.88
2012.06.12 13:45:24.710,0.99278,0.99294,5.63,1.88
2012.06.12 13:45:25.939,0.99278,0.99294,6.57,1.88
2012.06.12 13:45:26.555,0.99278,0.99294,7.32,1.88
2012.06.12 13:45:28.048,0.99278,0.99294,8.07,1.88
2012.06.12 13:45:28.598,0.99278,0.99294,6.38,2.25
2012.06.12 13:45:29.118,0.99279,0.99296,4.32,2.25
2012.06.12 13:45:29.492,0.99282,0.99296,1.88,2.25
2012.06.12 13:45:30.489,0.99282,0.99296,1.88,3.75
2012.06.12 13:45:30.993,0.99282,0.99296,2.63,1.13
2012.06.12 13:45:31.390,0.99281,0.99297,2.44,2.25
2012.06.12 13:45:31.941,0.99281,0.99297,2.25,2.25
2012.06.12 13:45:36.498,0.99281,0.99297,2.63,5.07
2012.06.12 13:45:39.738,0.99281,0.99295,2.63,1.88
2012.06.12 13:45:42.047,0.99281,0.99295,3.38,1.88
2012.06.12 13:45:42.331,0.99285,0.99296,1.50,2.82
2012.06.12 13:45:42.459,0.99283,0.99296,1.50,2.82
2012.06.12 13:45:44.133,0.99284,0.99298,2.63,1.32
2012.06.12 13:45:44.282,0.99285,0.99299,3.19,2.25
2012.06.12 13:45:44.755,0.99287,0.99302,3.00,3.00
2012.06.12 13:45:45.341,0.99288,0.99302,2.25,3.00
2012.06.12 13:45:45.761,0.99286,0.99301,3.00,2.82
2012.06.12 13:45:46.273,0.99285,0.99301,4.13,4.32
2012.06.12 13:45:46.720,0.99284,0.99297,1.13,1.88
2012.06.12 13:45:46.861,0.99283,0.99297,1.50,1.88
2012.06.12 13:45:47.857,0.99283,0.99298,2.25,2.82
2012.06.12 13:45:48.368,0.99283,0.99295,2.25,1.88
2012.06.12 13:45:49.410,0.99282,0.99296,2.63,1.88
2012.06.12 13:45:50.688,0.99285,0.99296,1.50,1.88
2012.06.12 13:45:50.768,0.99285,0.993,1.50,3.38
2012.06.12 13:45:50.981,0.99283,0.993,4.13,5.25
2012.06.12 13:45:51.540,0.99283,0.993,1.50,2.44
2012.06.12 13:45:52.089,0.99281,0.993,3.75,3.94
2012.06.12 13:45:52.444,0.99281,0.99291,1.50,1.88
2012.06.12 13:45:52.870,0.99278,0.99291,1.69,1.88
2012.06.12 13:45:53.433,0.99277,0.99291,3.38,2.07
2012.06.12 13:45:54.192,0.99278,0.9929,1.50,2.07
2012.06.12 13:45:54.274,0.99281,0.99293,1.50,3.75
2012.06.12 13:45:54.891,0.99279,0.99293,2.63,3.75
2012.06.12 13:45:55.502,0.99279,0.99293,1.88,5.25
2012.06.12 13:45:56.340,0.99278,0.99292,1.88,1.88
2012.06.12 13:45:56.751,0.99281,0.99292,1.50,1.88
2012.06.12 13:45:56.961,0.99281,0.99296,1.50,7.28
2012.06.12 13:45:57.492,0.9928,0.99296,3.38,5.56
2012.06.12 13:45:58.905,0.9928,0.99296,3.38,3.38
2012.06.12 13:45:59.678,0.9928,0.99296,4.13,2.63
2012.06.12 13:46:00.220,0.99285,0.993,1.50,1.88
2012.06.12 13:46:00.864,0.99285,0.993,2.25,2.63
2012.06.12 13:46:03.214,0.99286,0.993,1.88,1.69
2012.06.12 13:46:03.573,0.99289,0.99301,2.63,2.18
2012.06.12 13:46:03.779,0.99291,0.99305,1.50,1.13
2012.06.12 13:46:04.310,0.99289,0.99305,5.63,3.75
2012.06.12 13:46:04.830,0.99289,0.99305,6.38,2.63
2012.06.12 13:46:06.633,0.99291,0.99305,1.88,2.63
2012.06.12 13:46:07.318,0.99292,0.99305,3.00,1.88
2012.06.12 13:46:07.393,0.99294,0.9931,1.88,1.13
2012.06.12 13:46:07.704,0.99292,0.99306,5.63,1.88
2012.06.12 13:46:08.065,0.99292,0.99305,2.25,1.88
2012.06.12 13:46:08.704,0.99293,0.9931,1.88,3.68
2012.06.12 13:46:08.994,0.99294,0.9931,2.25,1.88
2012.06.12 13:46:09.281,0.99294,0.9931,4.50,2.63
2012.06.12 13:46:09.354,0.99294,0.99305,1.50,1.88
2012.06.12 13:46:10.359,0.9929,0.99305,2.25,1.88
2012.06.12 13:46:10.831,0.9929,0.99305,2.25,1.88
2012.06.12 13:46:11.024,0.99291,0.99305,3.38,2.25
2012.06.12 13:46:11.370,0.99294,0.99305,3.00,1.88
2012.06.12 13:46:11.582,0.99297,0.99311,4.13,3.00
2012.06.12 13:46:12.142,0.99299,0.99315,2.25,1.54
2012.06.12 13:46:12.355,0.99299,0.99314,2.63,1.88
2012.06.12 13:46:12.584,0.99301,0.99314,3.00,1.88
2012.06.12 13:46:13.153,0.993,0.99314,1.50,2.25
2012.06.12 13:46:13.699,0.99302,0.99315,2.25,2.63
2012.06.12 13:46:14.514,0.99303,0.99315,1.50,1.88
2012.06.12 13:46:14.792,0.99305,0.99317,1.50,2.07
2012.06.12 13:46:15.359,0.99304,0.99317,1.50,2.07
2012.06.12 13:46:16.117,0.99304,0.99317,1.50,1.88
2012.06.12 13:46:16.472,0.99306,0.99317,1.50,1.88
2012.06.12 13:46:17.001,0.99306,0.99318,1.50,1.13
2012.06.12 13:46:17.143,0.99303,0.99317,3.00,1.88
2012.06.12 13:46:17.678,0.99302,0.99317,1.50,3.38
2012.06.12 13:46:18.026,0.99305,0.99319,2.25,2.32
2012.06.12 13:46:18.380,0.99308,0.99321,1.50,3.38
2012.06.12 13:46:18.890,0.99307,0.9932,1.88,1.88
2012.06.12 13:46:19.454,0.99307,0.99321,1.88,2.82
2012.06.12 13:46:19.801,0.99306,0.99317,2.25,1.88
2012.06.12 13:46:20.423,0.99307,0.99317,1.50,1.88
2012.06.12 13:46:20.495,0.99306,0.9932,1.88,1.88
2012.06.12 13:46:21.099,0.99307,0.9932,1.50,1.88
2012.06.12 13:46:21.561,0.99306,0.99318,2.25,1.88
2012.06.12 13:46:21.773,0.99304,0.99318,4.50,1.88
2012.06.12 13:46:22.512,0.99303,0.99317,1.13,2.07
2012.06.12 13:46:22.754,0.99303,0.99314,1.13,1.88
2012.06.12 13:46:22.903,0.99301,0.99314,4.52,1.88
2012.06.12 13:46:23.044,0.99301,0.99312,1.50,1.88
2012.06.12 13:46:23.263,0.99299,0.99312,1.50,1.88
2012.06.12 13:46:23.797,0.99298,0.99312,1.13,1.88
2012.06.12 13:46:24.642,0.99297,0.99312,1.88,3.75
2012.06.12 13:46:24.716,0.99297,0.9931,1.13,1.88
2012.06.12 13:46:25.077,0.99296,0.99305,1.50,2.07
2012.06.12 13:46:25.157,0.99291,0.99305,3.57,4.32
2012.06.12 13:46:25.233,0.99291,0.99305,1.32,1.88
2012.06.12 13:46:25.445,0.99291,0.99305,2.07,4.32
2012.06.12 13:46:26.003,0.99295,0.9931,3.75,2.63
2012.06.12 13:46:26.473,0.99295,0.9931,1.50,2.07
2012.06.12 13:46:27.010,0.99294,0.9931,3.00,2.07
2012.06.12 13:46:27.545,0.99294,0.9931,1.50,2.25
2012.06.12 13:46:27.901,0.99296,0.9931,1.88,4.06
2012.06.12 13:46:28.411,0.99296,0.99311,5.63,3.00
2012.06.12 13:46:28.481,0.99297,0.99312,1.50,3.00
2012.06.12 13:46:29.003,0.99298,0.99312,1.88,2.25
2012.06.12 13:46:29.704,0.99299,0.99312,2.25,1.88
2012.06.12 13:46:30.232,0.99299,0.99313,2.63,2.07
2012.06.12 13:46:32.963,0.99299,0.99312,2.63,1.88
2012.06.12 13:46:33.301,0.99297,0.9931,1.88,3.75
2012.06.12 13:46:33.655,0.99294,0.99303,1.50,2.25
2012.06.12 13:46:33.735,0.99291,0.99303,2.25,2.25
2012.06.12 13:46:34.233,0.99293,0.9931,3.38,1.88
2012.06.12 13:46:34.711,0.99295,0.99308,1.50,1.32
2012.06.12 13:46:35.044,0.99292,0.99305,6.38,1.88
2012.06.12 13:46:35.743,0.99289,0.99303,7.50,1.88
2012.06.12 13:46:35.882,0.99289,0.99303,4.13,1.88
2012.06.12 13:46:36.422,0.99289,0.99303,5.25,2.63
2012.06.12 13:46:36.845,0.99292,0.99304,1.50,1.88
2012.06.12 13:46:37.482,0.99294,0.99306,2.25,1.35
2012.06.12 13:46:37.569,0.99293,0.99307,5.63,2.25
2012.06.12 13:46:37.784,0.99294,0.99307,2.25,2.25
2012.06.12 13:46:38.001,0.99294,0.9931,6.57,3.75
2012.06.12 13:46:38.540,0.99295,0.99309,1.13,1.50
2012.06.12 13:46:39.172,0.99294,0.99309,3.57,1.88
2012.06.12 13:46:41.609,0.99294,0.99306,1.13,1.88
2012.06.12 13:46:43.865,0.99293,0.99308,1.88,3.00
2012.06.12 13:46:44.011,0.99293,0.99308,1.88,3.00
2012.06.12 13:46:44.083,0.99295,0.99308,1.50,3.00
2012.06.12 13:46:44.220,0.99292,0.99307,3.00,2.25
2012.06.12 13:46:44.730,0.99292,0.99307,3.00,1.50
2012.06.12 13:46:45.152,0.99294,0.99308,1.88,2.25
2012.06.12 13:46:45.500,0.99297,0.99308,1.50,1.88
2012.06.12 13:46:46.104,0.99297,0.99311,1.50,3.68
2012.06.12 13:46:46.460,0.99298,0.99312,2.25,2.82
2012.06.12 13:46:46.831,0.99299,0.99312,1.50,2.82
2012.06.12 13:46:47.175,0.99304,0.99318,2.63,2.63
2012.06.12 13:46:47.326,0.99307,0.9932,1.50,5.18
2012.06.12 13:46:47.473,0.99307,0.99318,1.50,1.50
2012.06.12 13:46:47.763,0.99307,0.99321,1.50,2.07
2012.06.12 13:46:48.052,0.99309,0.99321,1.50,2.07
2012.06.12 13:46:48.449,0.99307,0.99321,3.00,2.07
2012.06.12 13:46:49.800,0.99307,0.99322,3.38,2.07
2012.06.12 13:46:51.090,0.99307,0.99322,4.13,2.07
2012.06.12 13:46:51.639,0.99308,0.99322,2.25,3.68
2012.06.12 13:46:52.180,0.99307,0.99321,2.25,3.75
2012.06.12 13:46:52.522,0.99308,0.99321,2.25,1.88
2012.06.12 13:46:53.190,0.9931,0.99321,1.50,1.88
2012.06.12 13:46:53.750,0.99309,0.99323,2.25,2.07
2012.06.12 13:46:54.160,0.9931,0.99324,3.38,2.63
2012.06.12 13:46:54.567,0.99314,0.99327,3.38,4.06
2012.06.12 13:46:54.648,0.99317,0.99329,1.50,5.07
2012.06.12 13:46:54.934,0.99314,0.9933,4.88,3.00
2012.06.12 13:46:55.019,0.99316,0.9933,2.25,3.00
2012.06.12 13:46:55.372,0.99321,0.99333,1.50,3.19
2012.06.12 13:46:55.724,0.99323,0.99335,1.50,1.81
2012.06.12 13:46:55.803,0.99323,0.99336,1.50,2.63
2012.06.12 13:46:56.553,0.99333,0.99343,1.88,3.00
2012.06.12 13:46:56.904,0.99337,0.99343,1.50,2.63
2012.06.12 13:46:57.689,0.99338,0.99349,2.44,2.63
2012.06.12 13:46:58.043,0.99339,0.99349,1.50,1.88
2012.06.12 13:46:58.398,0.99349,0.99356,3.00,1.13
2012.06.12 13:46:58.752,0.99353,0.9936,1.13,1.50
2012.06.12 13:46:58.826,0.99354,0.9936,1.50,1.50
2012.06.12 13:46:59.046,0.99354,0.99368,2.10,1.88
2012.06.12 13:46:59.776,0.99355,0.99368,2.25,1.88
2012.06.12 13:47:00.401,0.99356,0.99368,1.50,1.88
2012.06.12 13:47:00.961,0.99355,0.99368,1.88,1.88
2012.06.12 13:47:01.501,0.99355,0.99368,1.13,1.88
2012.06.12 13:47:02.330,0.99354,0.99367,1.92,1.88
2012.06.12 13:47:02.916,0.99355,0.99368,1.13,2.25
2012.06.12 13:47:02.989,0.99355,0.99368,1.13,2.25
2012.06.12 13:47:03.541,0.99358,0.99369,3.00,2.25
2012.06.12 13:47:03.614,0.99359,0.99372,3.00,2.25
2012.06.12 13:47:03.693,0.99363,0.99374,1.88,1.99
2012.06.12 13:47:03.762,0.99363,0.99376,1.88,1.69
2012.06.12 13:47:04.321,0.99361,0.99376,4.50,1.13
2012.06.12 13:47:04.460,0.99361,0.99377,4.69,1.50
2012.06.12 13:47:04.979,0.99363,0.99377,1.88,1.50
2012.06.12 13:47:05.194,0.99363,0.99375,1.50,4.50
2012.06.12 13:47:05.272,0.99361,0.99375,2.25,4.50
2012.06.12 13:47:05.709,0.99361,0.99371,1.50,1.50
2012.06.12 13:47:05.857,0.99356,0.99369,1.13,2.63
2012.06.12 13:47:06.463,0.99356,0.99369,1.13,3.75
2012.06.12 13:47:06.861,0.99353,0.99367,1.13,3.00
2012.06.12 13:47:07.194,0.99351,0.99367,1.88,5.25
2012.06.12 13:47:07.762,0.99351,0.99367,3.00,2.25
2012.06.12 13:47:08.042,0.99352,0.99367,3.00,1.50
2012.06.12 13:47:08.579,0.99353,0.99367,1.50,1.50
2012.06.12 13:47:08.919,0.99356,0.99368,1.50,2.07
2012.06.12 13:47:09.132,0.99354,0.99368,2.63,1.88
2012.06.12 13:47:09.625,0.99355,0.99369,1.50,1.50
2012.06.12 13:47:10.045,0.99354,0.99369,1.13,3.00
2012.06.12 13:47:10.264,0.99352,0.99367,1.88,6.00
2012.06.12 13:47:10.345,0.99352,0.99367,1.13,6.75
2012.06.12 13:47:11.148,0.99355,0.99366,1.50,3.00
2012.06.12 13:47:11.670,0.99353,0.99366,1.69,3.00
2012.06.12 13:47:12.014,0.99352,0.99366,5.18,1.50
2012.06.12 13:47:12.091,0.99355,0.99368,1.81,3.00
2012.06.12 13:47:12.509,0.99352,0.99367,4.50,4.69
2012.06.12 13:47:13.072,0.99351,0.99366,1.13,8.56
2012.06.12 13:47:13.538,0.9935,0.99362,1.50,4.50
2012.06.12 13:47:13.893,0.99348,0.99362,1.50,4.50
2012.06.12 13:47:14.254,0.99347,0.99359,1.50,4.50
2012.06.12 13:47:14.332,0.99345,0.99359,3.60,4.50
2012.06.12 13:47:14.778,0.99348,0.99358,1.50,1.50
2012.06.12 13:47:14.919,0.99344,0.99358,2.82,1.50
2012.06.12 13:47:16.010,0.99344,0.99358,2.63,1.69
2012.06.12 13:47:16.672,0.99346,0.99358,1.50,1.69
2012.06.12 13:47:17.027,0.99349,0.99363,2.25,2.82
2012.06.12 13:47:17.991,0.99352,0.99365,1.50,1.13
2012.06.12 13:47:18.713,0.99352,0.99366,1.50,1.50
2012.06.12 13:47:19.680,0.99352,0.99366,2.63,1.13
2012.06.12 13:47:19.822,0.99355,0.99369,1.50,1.88
2012.06.12 13:47:19.895,0.99355,0.99368,1.50,1.50
2012.06.12 13:47:20.839,0.99351,0.99367,3.19,2.25
2012.06.12 13:47:21.379,0.99351,0.99367,3.19,4.50
2012.06.12 13:47:21.460,0.99347,0.99361,2.56,4.88
2012.06.12 13:47:21.661,0.99345,0.99359,2.07,1.50
2012.06.12 13:47:22.193,0.99345,0.99361,3.57,7.50
2012.06.12 13:47:22.333,0.99345,0.99357,3.38,2.07
2012.06.12 13:47:22.554,0.99342,0.99357,2.85,5.44
2012.06.12 13:47:22.703,0.99341,0.99355,1.50,1.88
2012.06.12 13:47:23.053,0.99338,0.99353,2.63,1.69
2012.06.12 13:47:23.558,0.99338,0.99352,2.63,1.50
2012.06.12 13:47:23.919,0.99343,0.99354,2.25,2.25
2012.06.12 13:47:24.459,0.99346,0.99359,5.63,1.54
2012.06.12 13:47:24.537,0.99347,0.99359,4.50,1.50
2012.06.12 13:47:24.892,0.99351,0.9936,1.50,1.50
2012.06.12 13:47:25.163,0.99353,0.99367,2.25,1.13
2012.06.12 13:47:25.304,0.99354,0.99369,2.25,1.50
2012.06.12 13:47:25.384,0.99356,0.9937,2.25,2.63
2012.06.12 13:47:25.461,0.99353,0.9937,1.13,2.63
2012.06.12 13:47:25.731,0.99353,0.99369,1.50,2.56
2012.06.12 13:47:26.034,0.99356,0.99369,1.50,2.56
2012.06.12 13:47:26.392,0.99358,0.99369,1.50,2.56
2012.06.12 13:47:26.463,0.99356,0.99369,1.50,2.56
2012.06.12 13:47:26.938,0.99354,0.99369,1.50,4.43
2012.06.12 13:47:27.581,0.99353,0.99369,3.75,4.43
2012.06.12 13:47:27.664,0.99353,0.99369,3.75,3.00
2012.06.12 13:47:28.188,0.99353,0.99369,3.75,3.75
2012.06.12 13:47:28.742,0.99353,0.99367,3.75,1.88
2012.06.12 13:47:28.814,0.99353,0.99367,3.75,2.63
2012.06.12 13:47:29.032,0.9935,0.99367,3.60,5.82
2012.06.12 13:47:29.245,0.99348,0.99363,1.13,1.50
2012.06.12 13:47:29.322,0.99347,0.99363,2.63,1.69
2012.06.12 13:47:29.861,0.99347,0.99361,1.13,1.50
2012.06.12 13:47:30.212,0.9935,0.9936,2.25,1.50
2012.06.12 13:47:30.536,0.99352,0.99362,2.25,1.50
2012.06.12 13:47:30.613,0.99349,0.99364,5.63,1.50
2012.06.12 13:47:31.302,0.99348,0.99361,2.25,1.35
2012.06.12 13:47:31.597,0.99343,0.9936,5.95,3.38
2012.06.12 13:47:31.746,0.99343,0.99355,4.45,1.50
2012.06.12 13:47:32.160,0.99343,0.99358,2.65,1.50
2012.06.12 13:47:32.707,0.99345,0.99361,3.75,8.63
2012.06.12 13:47:32.788,0.99345,0.99361,6.57,2.70
2012.06.12 13:47:32.863,0.99347,0.99361,3.00,1.50
2012.06.12 13:47:33.002,0.99349,0.99362,1.50,1.50
2012.06.12 13:47:33.935,0.99345,0.99361,3.38,1.88
2012.06.12 13:47:34.459,0.99344,0.9936,4.13,2.25
2012.06.12 13:47:35.010,0.99345,0.99361,1.50,3.00
2012.06.12 13:47:35.209,0.99345,0.99359,1.88,1.88
2012.06.12 13:47:35.653,0.99348,0.99361,1.88,1.88
2012.06.12 13:47:36.006,0.9935,0.99362,1.50,2.07
2012.06.12 13:47:36.220,0.99348,0.99362,7.13,2.07
2012.06.12 13:47:36.291,0.99348,0.99362,8.93,1.88
2012.06.12 13:47:36.432,0.9935,0.99365,1.69,2.25
2012.06.12 13:47:36.982,0.99349,0.99364,2.07,1.50
2012.06.12 13:47:37.511,0.99349,0.99365,3.57,3.75
2012.06.12 13:47:37.975,0.99349,0.99363,3.57,1.88
2012.06.12 13:47:38.782,0.9935,0.99364,2.07,1.88
2012.06.12 13:47:41.535,0.99349,0.99363,3.38,1.88
2012.06.12 13:47:42.928,0.9935,0.99363,1.50,1.88
2012.06.12 13:47:43.431,0.99349,0.99363,2.63,1.88
2012.06.12 13:47:44.388,0.99349,0.99365,2.63,4.50
2012.06.12 13:47:46.449,0.99351,0.99365,1.50,2.25
2012.06.12 13:47:46.770,0.99349,0.99365,4.13,2.25
2012.06.12 13:47:47.502,0.99351,0.99365,1.88,2.25
2012.06.12 13:47:48.350,0.99351,0.99365,1.88,6.94
2012.06.12 13:47:48.495,0.99349,0.99361,1.50,1.88
2012.06.12 13:47:48.575,0.99349,0.99361,1.50,4.06
2012.06.12 13:47:48.921,0.99341,0.99353,2.63,1.50
2012.06.12 13:47:49.476,0.99341,0.99354,2.25,1.88
2012.06.12 13:47:50.020,0.99342,0.99355,1.50,2.63
2012.06.12 13:47:50.539,0.99341,0.99355,3.38,1.88
2012.06.12 13:47:52.235,0.99343,0.99357,1.88,3.75
2012.06.12 13:47:53.400,0.99341,0.99355,6.38,1.88
2012.06.12 13:47:54.533,0.99341,0.99354,4.50,1.88
2012.06.12 13:47:55.059,0.99339,0.99351,5.07,1.88
2012.06.12 13:47:55.982,0.99338,0.99351,1.88,1.88
2012.06.12 13:47:56.491,0.99338,0.99351,1.88,1.88
2012.06.12 13:47:57.444,0.99341,0.99351,2.25,1.88
2012.06.12 13:47:57.534,0.99343,0.99355,2.25,1.88
2012.06.12 13:47:58.089,0.99345,0.99359,1.88,2.25
2012.06.12 13:47:59.997,0.99343,0.99356,1.69,2.25
2012.06.12 13:48:00.565,0.99342,0.99356,2.82,2.25
2012.06.12 13:48:01.092,0.99344,0.99356,2.25,1.88
2012.06.12 13:48:01.593,0.99343,0.99357,1.88,3.57
2012.06.12 13:48:01.662,0.99342,0.99354,2.25,1.88
2012.06.12 13:48:01.804,0.9934,0.99354,3.00,1.88
2012.06.12 13:48:02.353,0.9934,0.99354,5.25,1.88
2012.06.12 13:48:04.959,0.99339,0.99352,1.88,1.88
2012.06.12 13:48:06.085,0.9934,0.99354,2.63,1.88
2012.06.12 13:48:06.980,0.99342,0.99356,1.88,1.88
2012.06.12 13:48:11.279,0.99341,0.99356,1.13,3.38
2012.06.12 13:48:13.299,0.99342,0.99356,1.50,2.63
2012.06.12 13:48:13.802,0.99343,0.99357,1.88,2.82
2012.06.12 13:48:14.359,0.99344,0.99357,1.50,2.63
2012.06.12 13:48:15.186,0.99344,0.99359,1.50,4.13
2012.06.12 13:48:16.030,0.99344,0.99359,3.00,3.38
2012.06.12 13:48:18.131,0.99343,0.99358,3.75,1.88
2012.06.12 13:48:18.673,0.99345,0.99359,3.38,1.50
2012.06.12 13:48:19.119,0.99347,0.99361,1.50,4.81
2012.06.12 13:48:19.888,0.99345,0.99361,4.88,3.00
2012.06.12 13:48:20.173,0.99345,0.99359,2.63,1.88
2012.06.12 13:48:20.700,0.99345,0.99359,4.88,1.88
2012.06.12 13:48:21.926,0.99345,0.99359,2.25,3.38
2012.06.12 13:48:22.075,0.99344,0.99355,3.75,1.50
2012.06.12 13:48:22.437,0.9934,0.99355,2.63,3.57
2012.06.12 13:48:22.798,0.9934,0.99353,1.88,1.50
2012.06.12 13:48:23.656,0.99339,0.99353,2.25,2.44
2012.06.12 13:48:23.805,0.99337,0.99351,2.63,3.38
2012.06.12 13:48:24.561,0.99337,0.99351,4.88,1.88
2012.06.12 13:48:25.103,0.99337,0.99349,3.75,1.50
2012.06.12 13:48:25.456,0.99337,0.99344,1.50,1.13
2012.06.12 13:48:25.814,0.99326,0.99334,2.27,2.10
2012.06.12 13:48:26.039,0.99324,0.99333,2.27,3.00
2012.06.12 13:48:26.595,0.99324,0.99332,1.50,2.63
2012.06.12 13:48:27.059,0.9932,0.99332,1.50,2.63
2012.06.12 13:48:27.362,0.99317,0.99332,2.25,2.63
2012.06.12 13:48:27.868,0.99314,0.9933,3.00,1.88
2012.06.12 13:48:28.140,0.99314,0.9933,3.00,1.88
2012.06.12 13:48:28.969,0.99314,0.9933,3.38,4.06
2012.06.12 13:48:29.515,0.99312,0.99328,5.82,3.75
2012.06.12 13:48:30.164,0.99308,0.99322,2.82,1.88
2012.06.12 13:48:30.445,0.99305,0.99314,1.50,2.82
2012.06.12 13:48:30.666,0.99303,0.99314,3.00,2.82
2012.06.12 13:48:30.815,0.993,0.99314,2.63,2.82
2012.06.12 13:48:31.102,0.99298,0.9931,2.25,1.88
2012.06.12 13:48:31.173,0.99297,0.9931,1.13,3.38
2012.06.12 13:48:31.690,0.99296,0.9931,1.88,3.38
2012.06.12 13:48:31.834,0.99297,0.9931,1.50,1.88
2012.06.12 13:48:33.261,0.99295,0.9931,4.13,2.63
2012.06.12 13:48:33.403,0.99295,0.99309,1.13,1.50
2012.06.12 13:48:34.021,0.99295,0.9931,1.88,4.13
2012.06.12 13:48:34.236,0.99298,0.99312,1.88,3.19
2012.06.12 13:48:34.772,0.99298,0.99312,4.13,2.44
2012.06.12 13:48:36.304,0.99298,0.99311,1.50,1.88
2012.06.12 13:48:36.844,0.99301,0.99311,1.50,1.88
2012.06.12 13:48:37.320,0.99303,0.99311,1.50,1.88
2012.06.12 13:48:37.851,0.99302,0.99311,1.50,1.88
2012.06.12 13:48:38.321,0.99299,0.99311,1.50,1.88
2012.06.12 13:48:38.789,0.99296,0.99311,3.19,1.88
2012.06.12 13:48:39.492,0.99296,0.99311,2.25,3.38
2012.06.12 13:48:40.715,0.99296,0.9931,1.50,1.32
2012.06.12 13:48:40.799,0.99294,0.99307,6.38,3.00
2012.06.12 13:48:41.405,0.99293,0.99306,1.88,1.88
2012.06.12 13:48:42.116,0.99291,0.99305,1.88,4.13
2012.06.12 13:48:42.262,0.99287,0.993,1.88,2.07
2012.06.12 13:48:42.540,0.99283,0.99298,3.19,4.13
2012.06.12 13:48:42.682,0.99283,0.99295,2.82,2.07
2012.06.12 13:48:43.034,0.99283,0.9929,2.07,2.07
2012.06.12 13:48:43.594,0.99279,0.9929,3.00,2.82
2012.06.12 13:48:44.109,0.99279,0.9929,1.50,2.82
2012.06.12 13:48:44.254,0.99279,0.99289,1.50,1.69
2012.06.12 13:48:44.925,0.99279,0.99285,1.50,2.63
2012.06.12 13:48:45.287,0.99267,0.9928,2.44,1.88
2012.06.12 13:48:45.844,0.99269,0.99281,1.88,1.50
2012.06.12 13:48:46.067,0.99271,0.99284,1.50,1.50
2012.06.12 13:48:46.142,0.99273,0.99284,1.50,1.50
2012.06.12 13:48:46.613,0.99275,0.99289,1.50,3.38
2012.06.12 13:48:46.751,0.99275,0.99289,1.50,1.13
2012.06.12 13:48:47.132,0.99278,0.99291,1.88,2.63
2012.06.12 13:48:47.203,0.9928,0.99291,1.88,1.50
2012.06.12 13:48:47.854,0.99283,0.99293,1.50,1.50
2012.06.12 13:48:48.262,0.99283,0.99296,1.50,3.00
2012.06.12 13:48:50.863,0.99281,0.99295,3.38,2.25
2012.06.12 13:48:51.709,0.99282,0.99295,1.50,2.25
2012.06.12 13:48:53.140,0.99281,0.99295,2.63,2.25
2012.06.12 13:48:53.731,0.99283,0.99297,1.88,1.13
2012.06.12 13:48:54.065,0.99287,0.99298,1.88,2.25
2012.06.12 13:48:54.216,0.99289,0.99302,1.88,1.50
2012.06.12 13:48:55.554,0.99284,0.99299,5.82,3.75
2012.06.12 13:48:56.101,0.99286,0.99299,1.32,2.25
2012.06.12 13:48:56.371,0.99284,0.99299,2.63,2.63
2012.06.12 13:48:57.902,0.99287,0.993,1.88,4.50
2012.06.12 13:48:58.045,0.99291,0.993,1.88,1.88
2012.06.12 13:48:58.264,0.99291,0.99303,2.25,2.63
2012.06.12 13:48:58.411,0.99295,0.99303,1.88,1.88
2012.06.12 13:48:59.203,0.99295,0.99308,2.25,1.13
2012.06.12 13:48:59.301,0.99303,0.99316,1.50,1.32
2012.06.12 13:48:59.714,0.99301,0.99315,3.38,2.25
2012.06.12 13:49:00.969,0.99302,0.99316,1.88,3.94
2012.06.12 13:49:03.212,0.99302,0.99316,1.88,2.07
2012.06.12 13:49:03.749,0.99303,0.99316,1.50,1.88
2012.06.12 13:49:04.275,0.99304,0.99317,1.88,1.88
2012.06.12 13:49:05.015,0.99304,0.99317,1.88,2.63
2012.06.12 13:49:05.610,0.99303,0.99316,1.88,1.13
2012.06.12 13:49:06.143,0.99303,0.99316,1.88,1.88
2012.06.12 13:49:06.217,0.99302,0.99311,2.25,1.88
2012.06.12 13:49:06.578,0.99295,0.99306,1.50,5.63
2012.06.12 13:49:06.656,0.99294,0.99302,2.63,1.50
2012.06.12 13:49:07.138,0.99289,0.99303,4.50,1.88
2012.06.12 13:49:08.336,0.99288,0.993,4.06,1.88
2012.06.12 13:49:08.488,0.99285,0.99297,4.32,1.88
2012.06.12 13:49:09.053,0.99283,0.99297,4.43,1.88
2012.06.12 13:49:09.582,0.99287,0.99297,1.13,1.88
2012.06.12 13:49:09.936,0.99291,0.99301,1.88,1.50
2012.06.12 13:49:10.084,0.99291,0.99305,1.88,4.06
2012.06.12 13:49:10.417,0.99291,0.99305,2.07,2.25
2012.06.12 13:49:12.893,0.99291,0.99307,2.07,4.50
2012.06.12 13:49:14.678,0.99293,0.99307,1.88,3.75
2012.06.12 13:49:15.197,0.99293,0.99306,1.88,2.63
2012.06.12 13:49:15.412,0.9929,0.99304,2.63,3.19
2012.06.12 13:49:15.484,0.99296,0.99304,1.88,1.32
2012.06.12 13:49:15.627,0.99296,0.99308,4.13,1.13
2012.06.12 13:49:15.704,0.993,0.99308,1.88,1.13
2012.06.12 13:49:15.782,0.993,0.99312,1.88,1.50
2012.06.12 13:49:16.206,0.993,0.99314,1.88,2.07
2012.06.12 13:49:16.760,0.99298,0.99312,3.38,1.88
2012.06.12 13:49:18.100,0.99298,0.99314,1.88,4.32
2012.06.12 13:49:18.242,0.99298,0.99312,1.88,1.50
2012.06.12 13:49:18.571,0.99294,0.99307,5.48,1.88
2012.06.12 13:49:19.209,0.99293,0.99307,1.88,1.88
2012.06.12 13:49:20.044,0.99293,0.99305,2.25,1.88
2012.06.12 13:49:20.471,0.99291,0.99305,2.63,1.88
2012.06.12 13:49:22.692,0.99289,0.99305,2.63,1.88
2012.06.12 13:49:24.803,0.99288,0.99303,5.63,1.88
2012.06.12 13:49:25.148,0.99286,0.99299,4.81,1.88
2012.06.12 13:49:25.364,0.99285,0.99299,3.38,1.88
2012.06.12 13:49:25.507,0.99282,0.99297,5.46,1.88
2012.06.12 13:49:25.864,0.99279,0.99293,2.27,1.88
2012.06.12 13:49:26.004,0.99278,0.99293,1.90,1.88
2012.06.12 13:49:26.426,0.99281,0.99295,1.88,3.19
2012.06.12 13:49:26.706,0.99278,0.99293,1.88,1.88
2012.06.12 13:49:28.492,0.99279,0.9929,1.88,1.50
2012.06.12 13:49:28.825,0.99274,0.99288,3.94,1.88
2012.06.12 13:49:28.906,0.99274,0.99286,2.44,1.50
2012.06.12 13:49:29.390,0.99274,0.99288,2.07,1.88
2012.06.12 13:49:29.931,0.99273,0.99287,1.88,3.38
2012.06.12 13:49:30.200,0.99273,0.99284,1.88,1.50
2012.06.12 13:49:30.390,0.99273,0.99287,1.88,4.13
2012.06.12 13:49:30.460,0.99269,0.99285,8.56,1.88
2012.06.12 13:49:30.605,0.99269,0.99285,3.38,1.88
2012.06.12 13:49:31.027,0.99269,0.99283,1.88,1.50
2012.06.12 13:49:31.229,0.99269,0.99285,3.38,5.63
2012.06.12 13:49:32.772,0.99269,0.99285,4.13,3.38
2012.06.12 13:49:32.843,0.99274,0.99285,1.88,1.50
2012.06.12 13:49:32.986,0.99271,0.99285,3.38,1.88
2012.06.12 13:49:33.483,0.99269,0.99283,1.88,3.38
2012.06.12 13:49:34.304,0.9927,0.99283,3.00,3.75
2012.06.12 13:49:34.821,0.99274,0.99288,1.88,4.50
2012.06.12 13:49:36.610,0.99274,0.99288,2.63,1.13
2012.06.12 13:49:37.174,0.99274,0.9929,7.13,2.44
2012.06.12 13:49:37.681,0.99274,0.9929,4.88,2.44
2012.06.12 13:49:38.067,0.99275,0.99287,1.50,1.88
2012.06.12 13:49:38.425,0.99271,0.99283,1.50,1.88
2012.06.12 13:49:38.502,0.9927,0.99283,1.13,1.88
2012.06.12 13:49:38.853,0.9927,0.99281,1.13,1.88
2012.06.12 13:49:38.991,0.99267,0.99281,3.00,3.38
2012.06.12 13:49:39.204,0.99269,0.99281,2.25,1.50
2012.06.12 13:49:39.566,0.99274,0.99285,1.88,1.50
2012.06.12 13:49:39.961,0.99274,0.99284,1.88,1.50
2012.06.12 13:49:40.178,0.99271,0.9928,4.13,3.75
2012.06.12 13:49:40.254,0.99272,0.99286,2.63,1.32
2012.06.12 13:49:40.584,0.99275,0.99285,2.63,1.50
2012.06.12 13:49:40.735,0.99275,0.99289,3.38,2.63
2012.06.12 13:49:41.023,0.99277,0.99292,2.25,2.63
2012.06.12 13:49:41.307,0.99279,0.99294,4.88,2.56
2012.06.12 13:49:41.385,0.99282,0.99295,1.50,3.38
2012.06.12 13:49:41.734,0.9928,0.99295,4.69,2.25
2012.06.12 13:49:42.323,0.9928,0.99295,2.44,1.88
2012.06.12 13:49:42.850,0.99281,0.99295,1.88,1.88
2012.06.12 13:49:43.393,0.9928,0.99294,1.50,1.88
2012.06.12 13:49:43.721,0.99279,0.99292,1.50,1.50
2012.06.12 13:49:44.012,0.99279,0.99294,1.50,3.38
2012.06.12 13:49:44.471,0.99282,0.99294,1.88,1.50
2012.06.12 13:49:44.744,0.99282,0.99296,4.13,1.88
2012.06.12 13:49:45.471,0.99284,0.99299,1.88,1.50
2012.06.12 13:49:46.003,0.99284,0.993,5.63,4.13
2012.06.12 13:49:46.765,0.99284,0.993,5.82,1.88
2012.06.12 13:49:47.264,0.99284,0.99299,2.07,1.13
2012.06.12 13:49:48.275,0.99284,0.99298,1.88,2.25
2012.06.12 13:49:48.646,0.99289,0.99303,1.88,4.88
2012.06.12 13:49:48.797,0.99291,0.99305,2.48,3.00
2012.06.12 13:49:48.874,0.99292,0.99306,2.41,1.50
2012.06.12 13:49:48.954,0.99292,0.99306,5.41,1.13
2012.06.12 13:49:49.081,0.99297,0.99306,1.88,1.13
2012.06.12 13:49:49.763,0.99297,0.99306,2.07,1.13
2012.06.12 13:49:50.296,0.99297,0.99309,2.07,1.13
2012.06.12 13:49:50.373,0.99297,0.99311,2.07,5.63
2012.06.12 13:49:50.443,0.99297,0.99311,2.07,5.25
2012.06.12 13:49:50.584,0.99297,0.99309,2.07,1.50
2012.06.12 13:49:51.140,0.99297,0.99309,1.88,1.88
2012.06.12 13:49:51.681,0.99294,0.99309,4.43,1.88
2012.06.12 13:49:51.954,0.99294,0.9931,4.13,2.44
2012.06.12 13:49:52.511,0.99295,0.99308,3.00,1.50
2012.06.12 13:49:53.311,0.99295,0.99308,3.38,1.50
2012.06.12 13:49:53.851,0.99297,0.99308,1.88,1.50
2012.06.12 13:49:54.354,0.99297,0.99307,2.63,1.50
2012.06.12 13:49:54.434,0.99297,0.99309,2.63,1.50
2012.06.12 13:49:55.154,0.99295,0.9931,2.63,1.50
2012.06.12 13:49:56.432,0.99294,0.9931,2.63,3.57
2012.06.12 13:49:56.644,0.99293,0.99307,2.63,1.88
2012.06.12 13:49:57.132,0.99292,0.99304,1.13,1.88
2012.06.12 13:49:57.202,0.9929,0.99304,2.25,1.88
2012.06.12 13:49:57.415,0.99289,0.99301,1.32,1.50
2012.06.12 13:49:57.867,0.99284,0.99297,1.13,3.38
2012.06.12 13:49:58.291,0.99283,0.99297,1.88,3.38
2012.06.12 13:49:58.505,0.99285,0.99298,1.88,4.13
2012.06.12 13:49:58.655,0.99283,0.99297,1.88,1.88
2012.06.12 13:49:58.737,0.99285,0.99297,1.88,1.88
2012.06.12 13:49:58.884,0.99285,0.99301,3.75,6.23
2012.06.12 13:49:58.962,0.99285,0.99297,1.88,1.88
2012.06.12 13:49:59.104,0.99283,0.99297,1.88,2.25
2012.06.12 13:49:59.431,0.99286,0.99299,1.88,2.07
2012.06.12 13:49:59.892,0.99286,0.993,2.82,1.88
2012.06.12 13:50:01.163,0.99286,0.99302,5.93,3.75
2012.06.12 13:50:01.243,0.99286,0.99302,5.93,3.38
2012.06.12 13:50:01.802,0.99287,0.99302,1.88,1.69
2012.06.12 13:50:02.351,0.99286,0.993,1.50,1.88
2012.06.12 13:50:02.902,0.99284,0.99299,5.63,1.50
2012.06.12 13:50:03.510,0.99284,0.993,7.88,3.38
2012.06.12 13:50:03.843,0.9929,0.993,1.88,1.50
2012.06.12 13:50:03.916,0.9929,0.99303,1.88,2.63
2012.06.12 13:50:04.997,0.99288,0.99302,1.88,1.88
2012.06.12 13:50:05.550,0.99288,0.99301,1.88,1.69
2012.06.12 13:50:06.549,0.99287,0.99301,1.88,2.07
2012.06.12 13:50:07.861,0.99287,0.99301,1.88,3.75
2012.06.12 13:50:09.859,0.99285,0.99301,1.88,3.75
2012.06.12 13:50:10.583,0.99284,0.99298,4.13,1.88
2012.06.12 13:50:11.109,0.99283,0.99297,1.88,1.50
2012.06.12 13:50:11.651,0.99282,0.99296,3.00,1.88
2012.06.12 13:50:12.609,0.99282,0.99296,2.63,1.88
2012.06.12 13:50:13.856,0.99282,0.99296,5.18,1.88
2012.06.12 13:50:14.383,0.99282,0.99298,5.18,2.25
2012.06.12 13:50:15.652,0.99284,0.99298,2.82,2.25
2012.06.12 13:50:15.795,0.99286,0.99301,3.38,3.23
2012.06.12 13:50:15.874,0.99288,0.99301,1.50,1.13
2012.06.12 13:50:16.297,0.99286,0.99302,3.38,3.75
2012.06.12 13:50:18.148,0.99286,0.993,3.38,1.88
2012.06.12 13:50:18.670,0.99286,0.993,2.63,1.88
2012.06.12 13:50:19.250,0.99286,0.99302,4.13,3.38
2012.06.12 13:50:19.531,0.99294,0.99302,1.88,1.50
2012.06.12 13:50:20.036,0.99297,0.99308,1.88,1.50
2012.06.12 13:50:20.118,0.99299,0.99313,1.88,2.07
2012.06.12 13:50:20.730,0.99299,0.99315,1.88,2.25
2012.06.12 13:50:21.547,0.993,0.99315,1.50,2.25
2012.06.12 13:50:21.619,0.99302,0.99316,1.88,3.19
2012.06.12 13:50:21.761,0.99302,0.99316,1.88,3.19
2012.06.12 13:50:22.665,0.99301,0.99315,1.88,1.88
2012.06.12 13:50:23.660,0.993,0.99314,2.07,1.88
2012.06.12 13:50:24.200,0.99301,0.99314,1.88,1.88
2012.06.12 13:50:24.735,0.993,0.99314,2.82,1.88
2012.06.12 13:50:26.003,0.99301,0.99315,1.88,1.88
2012.06.12 13:50:26.595,0.99301,0.99311,1.88,1.50
2012.06.12 13:50:26.676,0.99298,0.99311,4.35,1.50
2012.06.12 13:50:27.227,0.99298,0.99312,3.75,1.88
2012.06.12 13:50:27.841,0.99298,0.99311,1.69,1.88
2012.06.12 13:50:30.304,0.99297,0.99311,2.07,3.38
2012.06.12 13:50:30.433,0.99295,0.99309,4.43,1.88
2012.06.12 13:50:30.576,0.99293,0.99308,4.88,1.88
2012.06.12 13:50:31.141,0.99294,0.99309,2.25,2.63
2012.06.12 13:50:32.486,0.99293,0.99305,3.19,2.25
2012.06.12 13:50:32.844,0.9929,0.993,1.50,2.25
2012.06.12 13:50:33.195,0.99283,0.99295,1.15,1.88
2012.06.12 13:50:33.613,0.99281,0.99295,2.65,3.00
2012.06.12 13:50:33.751,0.99281,0.99295,2.63,3.00
2012.06.12 13:50:34.108,0.99286,0.99297,1.88,2.93
2012.06.12 13:50:34.184,0.99286,0.99297,1.88,1.13
2012.06.12 13:50:34.475,0.99286,0.99297,4.06,1.13
2012.06.12 13:50:35.091,0.99292,0.99303,2.63,1.50
2012.06.12 13:50:35.378,0.99292,0.99308,4.88,3.94
2012.06.12 13:50:38.503,0.99292,0.99305,2.63,1.50
2012.06.12 13:50:38.571,0.99292,0.99303,1.88,1.50
2012.06.12 13:50:39.961,0.99291,0.99305,1.88,5.93
2012.06.12 13:50:40.725,0.99296,0.99306,1.88,1.13
2012.06.12 13:50:41.082,0.99296,0.99309,1.88,1.50
2012.06.12 13:50:41.610,0.99296,0.99309,1.88,1.13
2012.06.12 13:50:42.160,0.99297,0.99311,1.88,4.81
2012.06.12 13:50:42.825,0.99298,0.99311,1.88,1.50
2012.06.12 13:50:42.974,0.99298,0.99311,2.63,1.13
2012.06.12 13:50:43.120,0.99299,0.99312,2.25,1.88
2012.06.12 13:50:43.194,0.99302,0.99314,1.88,2.25
2012.06.12 13:50:43.682,0.99304,0.99317,1.88,2.93
2012.06.12 13:50:43.895,0.993,0.99314,4.13,2.25
2012.06.12 13:50:44.380,0.993,0.99311,2.63,1.50
2012.06.12 13:50:44.596,0.993,0.99313,2.63,2.63
2012.06.12 13:50:46.079,0.99303,0.99315,1.50,1.50
2012.06.12 13:50:46.432,0.99309,0.99315,1.88,1.50
2012.06.12 13:50:46.574,0.99309,0.99321,1.88,2.07
2012.06.12 13:50:47.114,0.99309,0.99322,1.88,1.13
2012.06.12 13:50:48.198,0.99313,0.99322,2.25,1.13
2012.06.12 13:50:48.556,0.99317,0.99327,1.88,2.25
2012.06.12 13:50:48.844,0.99317,0.99329,1.88,1.50
2012.06.12 13:50:49.054,0.99317,0.99329,1.88,1.50
2012.06.12 13:50:51.534,0.99316,0.99328,1.69,1.50
2012.06.12 13:50:52.041,0.99314,0.99328,1.50,2.25
2012.06.12 13:50:52.115,0.99314,0.99326,1.50,2.63
2012.06.12 13:50:52.197,0.9931,0.99322,1.69,1.88
2012.06.12 13:50:52.344,0.99308,0.99321,3.57,1.88
2012.06.12 13:50:52.611,0.99306,0.99321,4.88,2.82
2012.06.12 13:50:52.954,0.99305,0.99317,3.00,1.50
2012.06.12 13:50:53.172,0.99302,0.99316,1.50,1.88
2012.06.12 13:50:53.384,0.99302,0.99314,1.13,1.50
2012.06.12 13:50:53.541,0.99301,0.99314,1.13,1.50
2012.06.12 13:50:53.897,0.99298,0.9931,1.13,3.38
2012.06.12 13:50:53.975,0.99296,0.9931,2.63,4.88
2012.06.12 13:50:54.332,0.99294,0.99306,1.13,1.50
2012.06.12 13:50:54.409,0.99295,0.99308,1.13,1.88
2012.06.12 13:50:54.552,0.99295,0.99306,1.13,1.88
2012.06.12 13:50:54.767,0.99291,0.99305,2.25,2.56
2012.06.12 13:50:55.192,0.99289,0.99301,1.88,1.50
2012.06.12 13:50:55.742,0.99287,0.99301,2.25,2.07
2012.06.12 13:50:56.153,0.9929,0.99302,1.88,1.32
2012.06.12 13:50:56.504,0.99293,0.99305,1.88,1.88
2012.06.12 13:50:56.730,0.9929,0.99304,3.38,2.63
2012.06.12 13:50:58.583,0.99292,0.99306,4.13,3.94
2012.06.12 13:50:58.936,0.99297,0.99308,1.88,5.18
2012.06.12 13:50:59.013,0.99297,0.9931,1.88,1.50
2012.06.12 13:50:59.551,0.99297,0.9931,1.88,1.50
2012.06.12 13:50:59.752,0.99298,0.9931,4.50,1.13
2012.06.12 13:50:59.825,0.99299,0.99313,2.63,1.50
2012.06.12 13:51:00.042,0.99302,0.99316,1.88,2.63
2012.06.12 13:51:00.397,0.99305,0.99317,1.88,1.88
2012.06.12 13:51:00.893,0.99305,0.99318,1.88,3.38
2012.06.12 13:51:01.242,0.99306,0.9932,4.13,1.32
2012.06.12 13:51:01.638,0.99307,0.99322,5.25,3.00
2012.06.12 13:51:02.062,0.99309,0.99325,1.88,4.50
2012.06.12 13:51:02.204,0.99312,0.99325,1.88,1.88
2012.06.12 13:51:02.425,0.99312,0.99326,4.13,2.44
2012.06.12 13:51:02.505,0.99316,0.99328,1.88,5.18
2012.06.12 13:51:02.583,0.99316,0.99328,1.88,1.13
2012.06.12 13:51:03.073,0.99316,0.9933,2.63,2.63
2012.06.12 13:51:03.811,0.99317,0.99331,1.88,2.25
2012.06.12 13:51:04.623,0.99317,0.99331,1.88,1.88
2012.06.12 13:51:04.696,0.99314,0.9933,3.38,2.63
2012.06.12 13:51:05.064,0.99314,0.9933,1.88,1.88
2012.06.12 13:51:05.367,0.99307,0.99321,1.52,1.88
2012.06.12 13:51:05.585,0.99305,0.99319,1.52,2.63
2012.06.12 13:51:05.664,0.99301,0.99319,4.82,2.63
2012.06.12 13:51:06.170,0.99301,0.99317,4.90,1.50
2012.06.12 13:51:07.886,0.99305,0.99317,1.88,1.50
2012.06.12 13:51:08.177,0.9931,0.99324,1.88,3.38
2012.06.12 13:51:08.556,0.99317,0.99326,1.88,2.82
2012.06.12 13:51:08.644,0.99318,0.99329,1.50,3.00
2012.06.12 13:51:08.715,0.99321,0.99329,1.88,3.00
2012.06.12 13:51:09.072,0.99325,0.99329,1.88,3.00
2012.06.12 13:51:09.353,0.99325,0.99337,1.88,2.56
2012.06.12 13:51:09.682,0.99323,0.99336,2.63,2.44
2012.06.12 13:51:10.234,0.99319,0.9933,4.81,1.88
2012.06.12 13:51:10.302,0.99317,0.9933,1.88,1.88
2012.06.12 13:51:10.841,0.99317,0.99329,2.63,1.50
2012.06.12 13:51:11.171,0.9932,0.99332,1.88,2.63
2012.06.12 13:51:11.451,0.9932,0.99334,1.88,2.07
2012.06.12 13:51:11.580,0.9932,0.99333,1.88,2.18
2012.06.12 13:51:12.360,0.99318,0.99332,4.13,2.07
2012.06.12 13:51:12.883,0.99318,0.9933,2.63,1.88
2012.06.12 13:51:14.041,0.99319,0.99332,1.88,2.63
2012.06.12 13:51:14.464,0.99319,0.99332,1.88,3.38
2012.06.12 13:51:14.947,0.99315,0.99331,6.38,2.25
2012.06.12 13:51:15.028,0.99315,0.99327,3.00,1.88
2012.06.12 13:51:15.623,0.9931,0.99324,1.88,2.25
2012.06.12 13:51:15.701,0.99308,0.9932,1.13,1.88
2012.06.12 13:51:15.842,0.99305,0.9932,3.21,1.88
2012.06.12 13:51:16.058,0.99304,0.99317,2.44,1.88
2012.06.12 13:51:16.276,0.99305,0.99319,2.07,1.50
2012.06.12 13:51:16.562,0.99307,0.9932,1.88,1.50
2012.06.12 13:51:16.911,0.99309,0.99323,2.25,2.25
2012.06.12 13:51:17.435,0.99311,0.99324,1.50,2.44
2012.06.12 13:51:17.970,0.9931,0.99324,2.63,2.44
2012.06.12 13:51:18.567,0.99311,0.99325,2.63,3.04
2012.06.12 13:51:19.243,0.99315,0.99327,1.88,5.18
2012.06.12 13:51:19.591,0.99321,0.99333,1.88,1.50
2012.06.12 13:51:19.729,0.99321,0.99334,1.88,1.17
2012.06.12 13:51:20.087,0.99323,0.99334,3.38,1.17
2012.06.12 13:51:20.442,0.99326,0.99339,2.63,2.07
2012.06.12 13:51:22.762,0.99326,0.99342,2.63,4.88
2012.06.12 13:51:22.890,0.99326,0.99342,2.63,4.88
2012.06.12 13:51:23.424,0.99326,0.99342,4.50,2.44
2012.06.12 13:51:23.962,0.99326,0.9934,3.00,1.88
2012.06.12 13:51:24.525,0.99326,0.9934,1.88,2.07
2012.06.12 13:51:25.052,0.99329,0.99341,1.50,2.44
2012.06.12 13:51:26.989,0.99326,0.9934,1.88,2.07
2012.06.12 13:51:27.276,0.99325,0.99339,4.13,2.63
2012.06.12 13:51:27.639,0.99323,0.99328,1.50,1.88
2012.06.12 13:51:27.716,0.99318,0.99324,1.52,1.88
2012.06.12 13:51:28.355,0.99314,0.99324,1.52,1.88
2012.06.12 13:51:28.434,0.99314,0.99324,1.50,4.06
2012.06.12 13:51:28.519,0.99308,0.99321,1.90,1.88
2012.06.12 13:51:28.599,0.99307,0.9932,1.88,1.50
2012.06.12 13:51:28.811,0.99303,0.99318,4.88,1.50
2012.06.12 13:51:29.364,0.99303,0.99319,4.13,4.50
2012.06.12 13:51:29.505,0.99307,0.99319,1.88,1.88
2012.06.12 13:51:29.858,0.99309,0.99319,1.88,1.50
2012.06.12 13:51:30.071,0.99306,0.99319,1.50,3.38
2012.06.12 13:51:30.216,0.9931,0.99319,1.50,1.88
2012.06.12 13:51:30.365,0.99307,0.99321,1.50,1.13
2012.06.12 13:51:30.513,0.99307,0.99322,1.50,3.38
2012.06.12 13:51:31.061,0.99307,0.99322,2.25,2.63
2012.06.12 13:51:31.416,0.99311,0.99323,1.88,1.13
2012.06.12 13:51:31.569,0.99311,0.99327,4.88,3.75
2012.06.12 13:51:32.093,0.99311,0.99327,4.88,3.75
2012.06.12 13:51:32.653,0.99313,0.99327,2.63,3.75
2012.06.12 13:51:33.277,0.99315,0.99327,4.50,2.25
2012.06.12 13:51:33.632,0.99321,0.99327,2.25,1.88
2012.06.12 13:51:33.918,0.99322,0.9933,2.25,1.88
2012.06.12 13:51:33.994,0.99322,0.99334,2.25,1.88
2012.06.12 13:51:34.344,0.99322,0.99336,4.13,2.63
2012.06.12 13:51:34.890,0.99321,0.99336,1.50,2.63
2012.06.12 13:51:35.431,0.99319,0.99333,4.88,1.88
2012.06.12 13:51:35.773,0.99318,0.9933,1.13,2.07
2012.06.12 13:51:35.914,0.99316,0.9933,2.25,2.07
2012.06.12 13:51:36.249,0.99315,0.99327,1.88,1.88
2012.06.12 13:51:36.942,0.99315,0.99327,2.44,1.50
2012.06.12 13:51:37.014,0.99317,0.99331,1.69,3.19
2012.06.12 13:51:37.547,0.99318,0.99331,1.88,2.07
2012.06.12 13:51:38.192,0.99315,0.99329,4.50,1.88
2012.06.12 13:51:38.813,0.99315,0.99329,3.38,1.88
2012.06.12 13:51:38.954,0.99315,0.99327,1.50,1.88
2012.06.12 13:51:39.629,0.99311,0.99325,2.63,1.88
2012.06.12 13:51:39.914,0.99311,0.99323,2.63,1.50
2012.06.12 13:51:40.253,0.99311,0.99325,2.63,2.25
2012.06.12 13:51:40.870,0.99311,0.99325,2.63,2.25
2012.06.12 13:51:41.015,0.99311,0.99325,2.63,2.82
2012.06.12 13:51:41.371,0.99308,0.99316,1.50,1.88
2012.06.12 13:51:41.653,0.99304,0.99316,1.50,1.88
2012.06.12 13:51:42.210,0.99301,0.99316,3.31,3.38
2012.06.12 13:51:42.672,0.99301,0.99315,3.31,4.50
2012.06.12 13:51:43.035,0.99301,0.99314,1.50,2.63
2012.06.12 13:51:43.119,0.99301,0.99314,1.50,1.88
2012.06.12 13:51:43.264,0.99298,0.99312,6.68,1.50
2012.06.12 13:51:43.487,0.99296,0.99309,2.63,1.88
2012.06.12 13:51:44.103,0.99298,0.99309,1.50,1.88
2012.06.12 13:51:44.172,0.99298,0.99313,1.50,2.44
2012.06.12 13:51:44.566,0.993,0.99314,1.88,1.32
2012.06.12 13:51:44.974,0.993,0.99316,4.13,5.56
2012.06.12 13:51:45.422,0.99302,0.99316,1.50,2.25
2012.06.12 13:51:46.863,0.99302,0.99316,1.50,2.63
2012.06.12 13:51:47.283,0.99304,0.99318,1.50,2.63
2012.06.12 13:51:47.887,0.99304,0.99318,1.50,2.63
2012.06.12 13:51:52.221,0.99303,0.99317,1.88,2.63
2012.06.12 13:51:52.612,0.99305,0.99319,1.88,5.18
2012.06.12 13:51:52.758,0.99305,0.99319,1.88,1.88
2012.06.12 13:51:53.503,0.99302,0.99317,1.13,1.88
2012.06.12 13:51:53.854,0.99302,0.99317,1.50,3.00
2012.06.12 13:51:54.401,0.99301,0.99316,3.38,1.88
2012.06.12 13:51:55.203,0.99303,0.99316,2.63,1.13
2012.06.12 13:51:55.711,0.99304,0.99317,1.50,2.25
2012.06.12 13:51:56.181,0.99303,0.99317,2.63,4.50
2012.06.12 13:51:56.535,0.99299,0.99306,1.88,1.88
2012.06.12 13:51:56.890,0.99295,0.99303,1.13,3.00
2012.06.12 13:51:57.101,0.99294,0.99303,3.38,6.00
2012.06.12 13:51:57.179,0.99294,0.99299,1.88,1.88
2012.06.12 13:51:57.746,0.99287,0.99303,1.50,5.63
2012.06.12 13:51:57.898,0.99287,0.99303,6.31,1.88
2012.06.12 13:51:58.450,0.99289,0.99305,3.94,3.00
2012.06.12 13:51:58.991,0.99289,0.99305,2.44,3.00
2012.06.12 13:51:59.124,0.99289,0.99305,3.94,2.63
2012.06.12 13:51:59.412,0.99288,0.99305,2.07,4.13
2012.06.12 13:51:59.551,0.99288,0.99305,2.07,6.38
2012.06.12 13:51:59.835,0.99289,0.99304,3.57,2.25
2012.06.12 13:51:59.918,0.99291,0.99305,1.50,2.63
2012.06.12 13:52:00.595,0.99291,0.99307,3.38,2.44
2012.06.12 13:52:01.574,0.99291,0.99307,4.50,2.25
2012.06.12 13:52:01.651,0.99294,0.99309,1.88,5.67
2012.06.12 13:52:02.213,0.99294,0.9931,1.88,3.19
2012.06.12 13:52:02.761,0.99296,0.9931,1.88,3.19
2012.06.12 13:52:04.342,0.99296,0.99308,1.50,1.88
2012.06.12 13:52:04.696,0.99296,0.99303,1.50,1.88
2012.06.12 13:52:04.844,0.99289,0.99299,1.13,1.88
2012.06.12 13:52:04.995,0.99286,0.99298,1.88,1.69
2012.06.12 13:52:05.332,0.99284,0.99296,1.50,1.88
2012.06.12 13:52:05.478,0.99282,0.99296,2.63,1.88
2012.06.12 13:52:05.556,0.99281,0.99294,2.63,1.88
2012.06.12 13:52:06.108,0.9928,0.99294,2.25,2.63
2012.06.12 13:52:06.610,0.9928,0.99294,1.88,2.63
2012.06.12 13:52:06.958,0.9928,0.9929,1.88,1.88
2012.06.12 13:52:07.594,0.9928,0.99293,1.50,2.18
2012.06.12 13:52:08.122,0.99279,0.99294,1.50,2.25
2012.06.12 13:52:09.080,0.99278,0.99293,1.88,2.82
2012.06.12 13:52:09.272,0.99276,0.99292,4.13,2.44
2012.06.12 13:52:10.223,0.99277,0.99292,1.88,1.32
2012.06.12 13:52:10.976,0.9928,0.99292,1.88,1.32
2012.06.12 13:52:11.334,0.99282,0.99294,1.50,4.06
2012.06.12 13:52:11.553,0.99284,0.99298,3.75,2.85
2012.06.12 13:52:12.082,0.99284,0.99298,3.15,1.88
2012.06.12 13:52:12.502,0.99282,0.99294,1.09,1.88
2012.06.12 13:52:12.570,0.99283,0.99297,2.03,3.38
2012.06.12 13:52:13.211,0.99284,0.99299,3.38,1.50
2012.06.12 13:52:13.293,0.99286,0.99299,1.50,1.13
2012.06.12 13:52:13.908,0.99284,0.99299,1.88,1.88
2012.06.12 13:52:14.125,0.99284,0.99299,1.88,3.68
2012.06.12 13:52:14.474,0.99286,0.99299,1.50,2.18
2012.06.12 13:52:15.072,0.99286,0.993,1.50,4.88
2012.06.12 13:52:15.213,0.99284,0.993,4.32,4.13
2012.06.12 13:52:15.288,0.99286,0.993,1.50,2.63
2012.06.12 13:52:15.734,0.99284,0.99299,2.44,2.25
2012.06.12 13:52:16.251,0.99283,0.99298,3.57,1.50
2012.06.12 13:52:16.931,0.99284,0.99299,1.50,2.44
2012.06.12 13:52:18.079,0.99283,0.99298,2.63,1.50
2012.06.12 13:52:18.718,0.99284,0.99299,1.50,2.44
2012.06.12 13:52:18.992,0.99283,0.99298,6.38,1.50
2012.06.12 13:52:19.067,0.99283,0.99296,1.50,1.88
2012.06.12 13:52:19.621,0.99284,0.99298,1.88,5.56
2012.06.12 13:52:20.171,0.99282,0.99297,1.50,2.25
2012.06.12 13:52:20.970,0.99281,0.99293,1.88,1.50
2012.06.12 13:52:21.184,0.99281,0.99295,1.88,2.25
2012.06.12 13:52:22.031,0.99281,0.99294,1.88,1.50
2012.06.12 13:52:22.539,0.99282,0.99295,1.88,1.13
2012.06.12 13:52:23.041,0.99282,0.99296,1.88,5.56
2012.06.12 13:52:23.254,0.9928,0.99294,2.25,2.07
2012.06.12 13:52:23.474,0.99279,0.99292,3.00,1.50
2012.06.12 13:52:23.695,0.99278,0.99294,6.00,2.07
2012.06.12 13:52:24.216,0.99278,0.99293,3.00,1.50
2012.06.12 13:52:24.503,0.99278,0.99291,2.63,1.88
2012.06.12 13:52:24.887,0.99278,0.99291,1.88,1.88
2012.06.12 13:52:25.411,0.99277,0.99291,1.88,1.88
2012.06.12 13:52:25.818,0.99276,0.99289,1.13,1.88
2012.06.12 13:52:26.374,0.99275,0.99288,2.63,1.50
2012.06.12 13:52:26.913,0.99272,0.99288,5.44,3.75
2012.06.12 13:52:27.194,0.99269,0.99282,4.88,1.50
2012.06.12 13:52:27.343,0.99269,0.99285,2.63,4.13
2012.06.12 13:52:28.364,0.9927,0.99284,1.50,1.50
2012.06.12 13:52:28.891,0.9927,0.99285,1.50,2.44
2012.06.12 13:52:30.460,0.99272,0.99286,1.88,2.25
2012.06.12 13:52:30.983,0.99272,0.99286,4.88,2.25
2012.06.12 13:52:31.125,0.99274,0.99288,3.38,1.50
2012.06.12 13:52:31.274,0.9928,0.99288,1.88,1.50
2012.06.12 13:52:31.418,0.99282,0.99294,1.88,1.50
2012.06.12 13:52:31.565,0.99284,0.99295,1.88,3.00
2012.06.12 13:52:31.922,0.99285,0.99295,2.25,2.25
2012.06.12 13:52:32.427,0.99284,0.993,3.38,5.29
2012.06.12 13:52:32.783,0.99284,0.99297,1.50,2.25
2012.06.12 13:52:33.067,0.99286,0.99301,1.88,2.63
2012.06.12 13:52:33.219,0.9929,0.99302,2.25,1.13
2012.06.12 13:52:33.298,0.99293,0.99304,1.88,2.63
2012.06.12 13:52:33.377,0.99295,0.99306,1.88,2.63
2012.06.12 13:52:33.452,0.99295,0.99306,1.88,2.63
2012.06.12 13:52:33.665,0.99296,0.99309,1.13,1.13
2012.06.12 13:52:33.746,0.99296,0.9931,2.63,1.32
2012.06.12 13:52:34.102,0.99297,0.99311,2.25,1.88
2012.06.12 13:52:34.247,0.99299,0.99313,1.13,2.25
2012.06.12 13:52:34.608,0.99303,0.99315,2.63,1.50
2012.06.12 13:52:34.963,0.99304,0.99315,1.13,1.50
2012.06.12 13:52:35.490,0.99307,0.9932,1.88,2.63
2012.06.12 13:52:35.577,0.99312,0.99323,1.88,2.63
2012.06.12 13:52:36.147,0.99312,0.99325,1.88,2.25
2012.06.12 13:52:36.367,0.99308,0.99322,2.63,2.48
2012.06.12 13:52:36.446,0.99308,0.99319,1.88,2.10
2012.06.12 13:52:36.736,0.99305,0.99318,3.00,2.25
2012.06.12 13:52:37.233,0.99305,0.99318,1.52,6.75
2012.06.12 13:52:38.132,0.99303,0.99317,1.15,1.50
2012.06.12 13:52:38.275,0.99303,0.99315,1.15,1.50
2012.06.12 13:52:38.355,0.99303,0.99315,1.13,1.50
2012.06.12 13:52:38.862,0.99303,0.99318,1.13,7.50
2012.06.12 13:52:39.424,0.99302,0.99315,2.25,1.50
2012.06.12 13:52:39.936,0.99302,0.99315,2.07,1.50
2012.06.12 13:52:40.713,0.99301,0.99314,1.69,1.88
2012.06.12 13:52:40.923,0.993,0.99311,4.06,1.88
2012.06.12 13:52:41.273,0.993,0.99308,2.25,1.88
2012.06.12 13:52:41.342,0.99295,0.99308,4.69,1.88
2012.06.12 13:52:41.701,0.99295,0.99308,1.88,1.50
2012.06.12 13:52:41.991,0.99295,0.99308,2.63,1.50
2012.06.12 13:52:42.520,0.99298,0.99308,2.07,1.50
2012.06.12 13:52:42.803,0.99296,0.9931,4.81,1.88
2012.06.12 13:52:43.711,0.99296,0.99309,2.56,1.50
2012.06.12 13:52:44.423,0.99296,0.99307,3.00,1.50
2012.06.12 13:52:44.973,0.99294,0.99306,3.68,1.50
2012.06.12 13:52:45.044,0.99294,0.99306,1.88,1.50
2012.06.12 13:52:45.391,0.99297,0.99306,1.88,1.50
2012.06.12 13:52:45.735,0.99297,0.99309,3.38,1.50
2012.06.12 13:52:45.812,0.99297,0.99311,3.57,3.38
2012.06.12 13:52:46.346,0.993,0.99311,3.00,1.50
2012.06.12 13:52:46.430,0.99302,0.99315,1.88,1.50
2012.06.12 13:52:46.890,0.99303,0.99318,1.88,3.00
2012.06.12 13:52:47.100,0.99303,0.99318,1.88,2.63
2012.06.12 13:52:47.642,0.99305,0.99318,1.88,2.63
2012.06.12 13:52:47.972,0.99301,0.99317,1.88,1.88
2012.06.12 13:52:48.045,0.993,0.99313,3.38,1.88
2012.06.12 13:52:48.402,0.99297,0.99307,1.88,1.88
2012.06.12 13:52:49.019,0.99293,0.99306,1.88,1.13
2012.06.12 13:52:49.167,0.99292,0.99302,1.50,1.88
2012.06.12 13:52:49.316,0.99289,0.99301,3.00,1.50
2012.06.12 13:52:49.841,0.9929,0.99303,3.00,1.50
2012.06.12 13:52:50.364,0.9929,0.99303,3.38,1.50
2012.06.12 13:52:50.855,0.99294,0.99306,1.88,1.88
2012.06.12 13:52:51.135,0.99294,0.99308,1.88,5.25
2012.06.12 13:52:51.284,0.99294,0.99305,1.88,1.50
2012.06.12 13:52:51.353,0.99294,0.99307,1.88,1.50
2012.06.12 13:52:51.861,0.99294,0.99308,2.25,3.38
2012.06.12 13:52:52.990,0.99294,0.99308,3.75,1.88
2012.06.12 13:52:53.509,0.99294,0.99308,3.75,1.88
2012.06.12 13:52:54.019,0.99294,0.99308,3.75,1.88
2012.06.12 13:52:55.033,0.99295,0.99308,2.25,1.88
2012.06.12 13:52:55.103,0.99295,0.99308,2.25,1.50
2012.06.12 13:52:55.247,0.99292,0.99305,2.25,3.75
2012.06.12 13:52:55.593,0.99289,0.99302,2.63,1.88
2012.06.12 13:52:56.120,0.99286,0.99302,6.31,3.38
2012.06.12 13:52:56.381,0.99286,0.993,4.43,1.88
2012.06.12 13:52:56.909,0.99284,0.99299,6.38,1.50
2012.06.12 13:52:58.361,0.99287,0.99299,1.50,1.88
2012.06.12 13:52:58.434,0.99287,0.99302,1.50,1.88
2012.06.12 13:53:00.041,0.99287,0.99302,1.50,1.88
2012.06.12 13:53:00.601,0.99288,0.99301,7.88,1.50
2012.06.12 13:53:01.013,0.99293,0.99301,2.25,1.50
2012.06.12 13:53:01.353,0.99299,0.99309,1.88,1.88
2012.06.12 13:53:01.429,0.99299,0.99309,3.68,1.88
2012.06.12 13:53:01.772,0.99303,0.99309,1.88,1.50
2012.06.12 13:53:01.984,0.99303,0.99311,2.63,1.50
2012.06.12 13:53:02.071,0.99303,0.99313,2.63,1.50
2012.06.12 13:53:02.147,0.99303,0.99319,2.82,4.13
2012.06.12 13:53:02.685,0.99303,0.99317,2.07,1.50
2012.06.12 13:53:02.901,0.99302,0.99317,2.63,1.69
2012.06.12 13:53:03.803,0.99302,0.99316,1.50,1.88
2012.06.12 13:53:05.762,0.99302,0.99316,3.00,1.88
2012.06.12 13:53:07.204,0.99301,0.99314,1.13,1.88
2012.06.12 13:53:07.496,0.99298,0.99312,1.32,3.38
2012.06.12 13:53:07.645,0.99298,0.9931,1.32,1.50
2012.06.12 13:53:08.152,0.99298,0.99312,1.32,3.38
2012.06.12 13:53:09.323,0.99297,0.99312,1.13,1.88
2012.06.12 13:53:09.652,0.99297,0.99309,1.13,1.88
2012.06.12 13:53:10.640,0.99295,0.99309,1.13,1.88
2012.06.12 13:53:11.901,0.99297,0.99312,1.88,1.88
2012.06.12 13:53:12.032,0.99299,0.99312,1.88,1.88
2012.06.12 13:53:12.573,0.99299,0.99314,2.63,3.31
2012.06.12 13:53:12.643,0.99302,0.99314,1.88,1.50
2012.06.12 13:53:13.101,0.99303,0.99317,1.13,1.50
2012.06.12 13:53:13.316,0.99308,0.99318,1.88,2.25
2012.06.12 13:53:13.598,0.99309,0.99324,1.88,1.50
2012.06.12 13:53:13.742,0.99312,0.99324,1.88,1.50
2012.06.12 13:53:14.024,0.99312,0.99328,3.38,5.25
2012.06.12 13:53:14.306,0.99314,0.99328,1.50,2.25
2012.06.12 13:53:14.384,0.99312,0.99328,3.38,3.75
2012.06.12 13:53:14.597,0.9931,0.99324,4.50,1.88
2012.06.12 13:53:15.091,0.99308,0.99322,1.88,1.50
2012.06.12 13:53:16.643,0.9931,0.99324,2.25,1.88
2012.06.12 13:53:16.900,0.99312,0.99326,1.88,2.07
2012.06.12 13:53:17.441,0.99312,0.99326,4.13,1.88
2012.06.12 13:53:17.771,0.9931,0.99324,2.07,1.50
2012.06.12 13:53:19.192,0.9931,0.99322,1.32,1.88
2012.06.12 13:53:19.264,0.99307,0.99322,1.88,1.88
2012.06.12 13:53:19.405,0.99307,0.9932,1.13,1.50
2012.06.12 13:53:21.960,0.99307,0.99321,2.25,1.88
2012.06.12 13:53:22.316,0.99312,0.99325,1.88,1.88
2012.06.12 13:53:22.673,0.99315,0.99326,1.50,1.88
2012.06.12 13:53:23.030,0.99317,0.99326,1.50,1.88
2012.06.12 13:53:23.316,0.99317,0.99328,1.50,1.88
2012.06.12 13:53:24.060,0.99315,0.99328,1.50,1.88
2012.06.12 13:53:24.569,0.99314,0.99328,1.50,1.88
2012.06.12 13:53:25.562,0.99314,0.99326,1.50,1.88
2012.06.12 13:53:26.099,0.99312,0.99326,4.32,1.88
2012.06.12 13:53:26.382,0.99315,0.99326,1.50,1.88
2012.06.12 13:53:26.457,0.99313,0.99326,1.50,1.88
2012.06.12 13:53:26.970,0.99312,0.99326,3.38,2.07
2012.06.12 13:53:28.606,0.99311,0.99324,4.35,2.25
2012.06.12 13:53:28.973,0.9931,0.99321,3.19,1.50
2012.06.12 13:53:29.064,0.99305,0.99317,1.69,1.88
2012.06.12 13:53:29.203,0.99302,0.99317,6.75,2.07
2012.06.12 13:53:29.694,0.99301,0.99317,1.88,2.44
2012.06.12 13:53:29.834,0.993,0.9931,2.25,1.88
2012.06.12 13:53:30.114,0.99298,0.9931,1.50,1.88
2012.06.12 13:53:30.452,0.99296,0.9931,4.13,2.07
2012.06.12 13:53:30.961,0.99298,0.99312,3.38,2.25
2012.06.12 13:53:31.032,0.99298,0.99312,4.13,1.88
2012.06.12 13:53:31.104,0.99298,0.99312,3.38,1.88
2012.06.12 13:53:31.244,0.993,0.99312,2.25,1.88
2012.06.12 13:53:31.384,0.99298,0.99312,3.38,2.25
2012.06.12 13:53:31.803,0.99301,0.99312,1.50,2.25
2012.06.12 13:53:31.872,0.99298,0.99312,1.88,2.25
2012.06.12 13:53:32.420,0.99299,0.99312,1.50,2.44
2012.06.12 13:53:33.434,0.99297,0.99311,2.25,1.88
2012.06.12 13:53:33.500,0.99297,0.99311,2.25,1.88
2012.06.12 13:53:34.031,0.99298,0.99311,2.44,1.88
2012.06.12 13:53:34.303,0.99296,0.99311,2.25,2.25
2012.06.12 13:53:34.692,0.99293,0.99309,5.70,1.88
2012.06.12 13:53:35.280,0.99296,0.99311,2.63,2.63
2012.06.12 13:53:35.630,0.99299,0.99312,1.88,1.13
2012.06.12 13:53:35.987,0.99304,0.99317,4.50,1.13
2012.06.12 13:53:36.064,0.99305,0.99319,2.63,2.25
2012.06.12 13:53:36.592,0.99305,0.99319,4.32,1.88
2012.06.12 13:53:37.133,0.99311,0.99323,1.88,2.93
2012.06.12 13:53:37.275,0.99311,0.99324,1.88,2.63
2012.06.12 13:53:37.495,0.99312,0.99324,2.63,1.88
2012.06.12 13:53:37.925,0.99315,0.99324,1.88,1.50
2012.06.12 13:53:38.482,0.99315,0.99327,1.88,1.50
2012.06.12 13:53:38.620,0.99315,0.99329,1.88,1.13
2012.06.12 13:53:39.144,0.99315,0.99329,1.88,1.32
2012.06.12 13:53:40.132,0.99312,0.99325,2.63,1.88
2012.06.12 13:53:40.825,0.99311,0.99325,1.88,2.25
2012.06.12 13:53:42.127,0.99311,0.99325,3.38,1.88
2012.06.12 13:53:42.473,0.99316,0.99329,1.88,1.88
2012.06.12 13:53:42.892,0.99318,0.99332,1.50,3.00
2012.06.12 13:53:43.403,0.99316,0.99332,2.63,3.00
2012.06.12 13:53:43.924,0.99318,0.99332,1.88,4.81
2012.06.12 13:53:43.992,0.99315,0.9933,4.50,2.07
2012.06.12 13:53:44.205,0.99314,0.99328,2.25,1.50
2012.06.12 13:53:44.821,0.99316,0.9933,1.50,3.94
2012.06.12 13:53:45.141,0.99314,0.99328,4.88,2.07
2012.06.12 13:53:45.674,0.99316,0.99331,1.88,1.32
2012.06.12 13:53:46.220,0.99319,0.99332,1.69,1.88
2012.06.12 13:53:46.771,0.99318,0.99334,2.07,4.88
2012.06.12 13:53:49.611,0.99319,0.99334,1.50,2.63
2012.06.12 13:53:49.801,0.99319,0.99334,1.88,2.63
2012.06.12 13:53:50.003,0.99318,0.99333,1.88,2.25
2012.06.12 13:53:50.591,0.99318,0.99331,1.88,1.50
2012.06.12 13:53:51.107,0.99318,0.99332,1.88,2.07
2012.06.12 13:53:52.092,0.99319,0.99332,1.50,2.07
2012.06.12 13:53:52.442,0.99323,0.99334,1.50,3.75
2012.06.12 13:53:52.783,0.99327,0.99336,1.88,3.38
2012.06.12 13:53:52.986,0.99325,0.99337,1.50,1.50
2012.06.12 13:53:53.065,0.99326,0.99338,1.50,2.25
2012.06.12 13:53:53.353,0.99327,0.99341,1.88,5.25
2012.06.12 13:53:53.890,0.99328,0.99341,1.50,3.19
2012.06.12 13:53:54.410,0.99327,0.99341,3.38,1.32
2012.06.12 13:53:54.481,0.99327,0.99343,3.38,6.31
2012.06.12 13:53:55.195,0.99329,0.99343,1.50,2.25
2012.06.12 13:53:56.782,0.99329,0.99343,3.38,2.25
2012.06.12 13:53:57.311,0.99329,0.99343,3.38,2.25
2012.06.12 13:53:57.842,0.9933,0.99345,1.50,3.00
2012.06.12 13:53:58.333,0.99328,0.99341,1.13,1.88
2012.06.12 13:53:58.892,0.99325,0.99339,2.25,1.88
2012.06.12 13:53:59.463,0.99327,0.9934,1.50,1.88
2012.06.12 13:54:00.611,0.99327,0.99343,3.38,4.69
2012.06.12 13:54:01.222,0.99325,0.9934,4.69,1.88
2012.06.12 13:54:01.554,0.99323,0.99336,1.50,1.88
2012.06.12 13:54:01.900,0.9932,0.99333,2.83,1.50
2012.06.12 13:54:02.040,0.9932,0.99333,2.82,1.50
2012.06.12 13:54:02.922,0.99322,0.99335,1.88,1.81
2012.06.12 13:54:02.992,0.99322,0.99336,1.88,2.44
2012.06.12 13:54:03.550,0.99322,0.99336,1.88,3.19
2012.06.12 13:54:04.012,0.9932,0.99334,2.25,3.38
2012.06.12 13:54:04.539,0.99318,0.99333,2.63,1.88
2012.06.12 13:54:05.450,0.99319,0.99335,3.75,2.07
2012.06.12 13:54:05.660,0.99322,0.99335,1.50,2.07
2012.06.12 13:54:05.859,0.9932,0.99335,1.50,2.07
2012.06.12 13:54:06.800,0.99322,0.99335,1.50,2.82
2012.06.12 13:54:07.158,0.9932,0.9933,1.13,1.88
2012.06.12 13:54:07.519,0.99316,0.99327,2.25,1.88
2012.06.12 13:54:07.597,0.99314,0.99327,1.50,2.07
2012.06.12 13:54:09.925,0.9931,0.99324,5.48,1.88
2012.06.12 13:54:10.002,0.9931,0.99324,3.38,1.88
2012.06.12 13:54:10.072,0.9931,0.99322,3.38,1.50
2012.06.12 13:54:10.217,0.99307,0.9932,3.21,1.50
2012.06.12 13:54:10.759,0.99307,0.9932,3.19,1.50
2012.06.12 13:54:12.354,0.99304,0.99317,1.32,1.88
2012.06.12 13:54:13.449,0.99304,0.99319,1.13,1.88
2012.06.12 13:54:15.466,0.99303,0.99318,5.10,1.50
2012.06.12 13:54:16.191,0.99304,0.99319,1.88,1.88
2012.06.12 13:54:16.261,0.99304,0.99319,1.88,1.88
2012.06.12 13:54:16.804,0.99305,0.99319,1.88,1.88
2012.06.12 13:54:18.499,0.99303,0.99319,4.54,1.88
2012.06.12 13:54:19.021,0.99305,0.99319,3.75,1.88
2012.06.12 13:54:19.661,0.99305,0.9932,2.25,4.50
2012.06.12 13:54:19.793,0.99309,0.9932,1.88,2.63
2012.06.12 13:54:20.297,0.99311,0.99324,3.38,5.18
2012.06.12 13:54:20.515,0.99313,0.99326,1.50,1.13
2012.06.12 13:54:20.803,0.99313,0.99323,1.50,1.88
2012.06.12 13:54:20.874,0.99311,0.99323,3.00,1.88
2012.06.12 13:54:21.000,0.99307,0.99323,4.81,1.88
2012.06.12 13:54:21.402,0.99307,0.99321,3.00,1.50
2012.06.12 13:54:21.920,0.99307,0.99322,3.75,1.13
2012.06.12 13:54:25.222,0.99305,0.99319,5.25,1.88
2012.06.12 13:54:25.291,0.99305,0.99319,5.25,3.38
2012.06.12 13:54:25.361,0.99305,0.99315,3.38,1.88
2012.06.12 13:54:25.802,0.99304,0.99315,1.13,1.88
2012.06.12 13:54:26.649,0.99303,0.99315,1.50,1.88
2012.06.12 13:54:26.795,0.99303,0.99316,6.19,1.88
2012.06.12 13:54:27.146,0.99307,0.99322,1.50,3.00
2012.06.12 13:54:27.433,0.99309,0.99322,1.50,2.63
2012.06.12 13:54:27.983,0.99309,0.99324,1.88,2.82
2012.06.12 13:54:34.118,0.9931,0.99325,2.63,2.25
2012.06.12 13:54:35.428,0.99313,0.99325,1.50,2.25
2012.06.12 13:54:35.740,0.99311,0.99325,1.50,2.25
2012.06.12 13:54:36.301,0.99312,0.99325,1.50,2.25
2012.06.12 13:54:36.691,0.99315,0.99327,1.50,2.07
2012.06.12 13:54:36.975,0.99318,0.99332,1.88,3.00
2012.06.12 13:54:37.126,0.99319,0.99332,4.81,2.63
2012.06.12 13:54:37.283,0.99322,0.99334,3.38,1.50
2012.06.12 13:54:37.357,0.99324,0.99337,2.25,2.07
2012.06.12 13:54:37.438,0.99326,0.99337,3.00,1.69
2012.06.12 13:54:37.795,0.99329,0.99341,1.50,1.50
2012.06.12 13:54:38.279,0.99328,0.99343,3.38,1.88
2012.06.12 13:54:38.967,0.99329,0.99344,2.25,2.56
2012.06.12 13:54:40.193,0.99329,0.99343,2.25,1.88
2012.06.12 13:54:40.266,0.99334,0.99345,1.88,3.19
2012.06.12 13:54:40.487,0.99337,0.99351,1.88,3.00
2012.06.12 13:54:43.263,0.99336,0.99349,2.63,1.88
2012.06.12 13:54:44.562,0.99335,0.99348,1.13,1.88
2012.06.12 13:54:44.704,0.99334,0.99348,5.10,1.88
2012.06.12 13:54:45.517,0.99333,0.99345,2.63,2.25
2012.06.12 13:54:45.595,0.99333,0.99345,1.88,2.25
2012.06.12 13:54:45.885,0.9933,0.99344,1.50,1.13
2012.06.12 13:54:46.037,0.99328,0.99342,1.32,4.13
2012.06.12 13:54:47.260,0.99328,0.99343,2.82,1.88
2012.06.12 13:54:48.467,0.99329,0.99338,3.38,3.31
2012.06.12 13:54:48.828,0.99323,0.99333,1.50,5.48
2012.06.12 13:54:49.045,0.99321,0.99333,1.50,5.85
2012.06.12 13:54:49.122,0.99319,0.99332,1.88,1.50
2012.06.12 13:54:49.635,0.99318,0.99327,2.25,1.88
2012.06.12 13:54:49.925,0.99311,0.99324,2.25,1.88
2012.06.12 13:54:50.003,0.99312,0.99325,2.63,1.50
2012.06.12 13:54:50.488,0.99321,0.99325,1.88,1.50
2012.06.12 13:54:50.575,0.99323,0.99334,2.25,1.88
2012.06.12 13:54:50.658,0.99323,0.99332,1.50,1.88
2012.06.12 13:54:50.737,0.99318,0.99332,2.07,1.88
2012.06.12 13:54:50.819,0.99318,0.99332,2.63,2.25
2012.06.12 13:54:51.316,0.99316,0.9933,1.13,1.88
2012.06.12 13:54:51.703,0.99314,0.99327,2.82,1.50
2012.06.12 13:54:51.773,0.99314,0.99327,2.07,1.50
2012.06.12 13:54:52.332,0.99313,0.99327,1.32,1.88
2012.06.12 13:54:52.870,0.99313,0.99327,1.32,1.88
2012.06.12 13:54:54.045,0.99314,0.99328,2.25,1.88
2012.06.12 13:54:54.126,0.99316,0.99329,1.88,1.50
2012.06.12 13:54:54.681,0.99317,0.99329,1.50,1.88
2012.06.12 13:54:55.209,0.99314,0.99328,1.69,1.50
2012.06.12 13:54:55.565,0.99312,0.99319,1.50,1.88
2012.06.12 13:54:55.648,0.99309,0.99319,2.25,1.88
2012.06.12 13:54:56.004,0.99305,0.99319,2.63,3.38
2012.06.12 13:54:56.673,0.99305,0.99318,1.88,1.50
2012.06.12 13:54:57.220,0.99302,0.99318,4.88,3.38
2012.06.12 13:54:57.360,0.99302,0.99317,4.13,1.13
2012.06.12 13:54:57.565,0.99302,0.99316,1.50,2.63
2012.06.12 13:54:57.983,0.99303,0.99317,1.88,3.75
2012.06.12 13:54:58.762,0.99303,0.99317,6.38,1.88
2012.06.12 13:54:59.280,0.99304,0.99318,2.63,1.88
2012.06.12 13:54:59.914,0.99304,0.99318,1.88,2.63
2012.06.12 13:55:01.437,0.99305,0.9932,1.88,1.50
2012.06.12 13:55:01.791,0.99311,0.99324,3.38,1.81
2012.06.12 13:55:01.867,0.99312,0.99325,1.50,2.07
2012.06.12 13:55:01.944,0.99314,0.99327,2.63,4.06
2012.06.12 13:55:02.151,0.99316,0.9933,2.63,4.13
2012.06.12 13:55:02.563,0.99315,0.99328,1.50,1.88
2012.06.12 13:55:03.116,0.99315,0.99328,3.00,1.88
2012.06.12 13:55:03.321,0.99316,0.9933,2.63,1.88
2012.06.12 13:55:03.880,0.99316,0.9933,5.63,1.88
2012.06.12 13:55:04.408,0.99317,0.99331,2.63,3.38
2012.06.12 13:55:04.552,0.99317,0.99331,6.68,1.88
2012.06.12 13:55:05.014,0.99323,0.99337,1.88,4.13
2012.06.12 13:55:05.562,0.99324,0.99337,2.25,1.88
2012.06.12 13:55:05.821,0.99324,0.9934,4.13,5.07
2012.06.12 13:55:06.131,0.99326,0.9934,1.50,2.82
2012.06.12 13:55:06.464,0.99328,0.9934,2.25,1.88
2012.06.12 13:55:06.734,0.99328,0.99342,4.13,1.88
2012.06.12 13:55:06.863,0.99331,0.99343,1.88,1.13
2012.06.12 13:55:07.216,0.99332,0.99344,2.25,3.00
2012.06.12 13:55:07.293,0.99332,0.99348,4.13,5.93
2012.06.12 13:55:07.820,0.99332,0.99348,4.32,3.75
2012.06.12 13:55:08.414,0.99332,0.99346,4.32,1.88
2012.06.12 13:55:09.015,0.99332,0.99346,2.82,1.88
2012.06.12 13:55:09.569,0.99331,0.99345,2.82,3.38
2012.06.12 13:55:10.264,0.99331,0.99345,2.63,3.38
2012.06.12 13:55:11.117,0.9933,0.99342,1.50,3.38
2012.06.12 13:55:11.523,0.99328,0.99342,3.00,4.13
2012.06.12 13:55:11.650,0.99328,0.9934,3.00,2.25
2012.06.12 13:55:11.996,0.99325,0.99338,4.50,1.88
2012.06.12 13:55:12.507,0.99323,0.99336,3.38,1.88
2012.06.12 13:55:14.050,0.99323,0.99336,2.25,1.88
2012.06.12 13:55:15.861,0.99322,0.99336,1.88,4.50
2012.06.12 13:55:17.811,0.99322,0.99335,1.88,1.50
2012.06.12 13:55:18.189,0.99325,0.99339,2.25,3.00
2012.06.12 13:55:18.712,0.99326,0.99339,1.50,2.25
2012.06.12 13:55:19.270,0.99326,0.9934,1.50,2.63
2012.06.12 13:55:19.730,0.99327,0.99341,7.13,3.42
2012.06.12 13:55:20.271,0.99327,0.99341,8.63,1.88
2012.06.12 13:55:21.185,0.99332,0.99344,1.50,2.56
2012.06.12 13:55:21.473,0.99335,0.99348,1.50,3.75
2012.06.12 13:55:21.685,0.99336,0.99351,2.63,3.57
2012.06.12 13:55:21.962,0.99337,0.99352,3.00,3.19
2012.06.12 13:55:22.465,0.99339,0.99352,1.50,2.63
2012.06.12 13:55:23.627,0.99341,0.99352,1.50,1.88
2012.06.12 13:55:23.704,0.99341,0.99354,1.50,1.88
2012.06.12 13:55:23.854,0.99338,0.99353,4.88,1.50
2012.06.12 13:55:23.924,0.99338,0.99351,3.00,3.38
2012.06.12 13:55:24.064,0.99335,0.99351,6.68,3.38
2012.06.12 13:55:24.812,0.99335,0.99351,2.82,1.88
2012.06.12 13:55:25.373,0.99337,0.99351,1.88,1.88
2012.06.12 13:55:27.423,0.99337,0.99351,1.88,2.25
2012.06.12 13:55:27.622,0.99336,0.99345,1.88,1.88
2012.06.12 13:55:27.760,0.99331,0.99344,4.88,1.88
2012.06.12 13:55:27.970,0.99331,0.99344,1.88,2.25
2012.06.12 13:55:28.219,0.99329,0.99343,2.82,1.88
2012.06.12 13:55:28.531,0.9933,0.9934,1.50,1.50
2012.06.12 13:55:28.811,0.99321,0.99335,1.15,2.25
2012.06.12 13:55:28.953,0.99323,0.99334,1.88,1.50
2012.06.12 13:55:29.294,0.99326,0.9934,2.63,1.69
2012.06.12 13:55:29.505,0.99329,0.99342,1.50,3.68
2012.06.12 13:55:29.669,0.99327,0.99342,2.25,3.68
2012.06.12 13:55:30.165,0.9933,0.99342,2.25,1.88
2012.06.12 13:55:30.692,0.99329,0.99343,5.63,1.88
2012.06.12 13:55:31.314,0.99332,0.99343,1.50,1.88
2012.06.12 13:55:31.664,0.99341,0.99352,1.50,2.63
2012.06.12 13:55:31.734,0.99341,0.99354,1.50,1.88
2012.06.12 13:55:31.934,0.99342,0.99356,1.69,1.88
2012.06.12 13:55:32.141,0.9934,0.99356,6.68,3.98
2012.06.12 13:55:32.283,0.99342,0.99356,1.69,1.88
2012.06.12 13:55:32.783,0.9934,0.99356,3.38,3.68
2012.06.12 13:55:33.399,0.9934,0.99354,1.88,2.07
2012.06.12 13:55:34.352,0.99339,0.99353,2.25,1.88
2012.06.12 13:55:34.996,0.99338,0.99352,3.00,1.88
2012.06.12 13:55:36.492,0.9934,0.99354,3.38,1.69
2012.06.12 13:55:37.003,0.9934,0.99354,3.38,1.88
2012.06.12 13:55:37.620,0.9934,0.99355,1.50,5.25
2012.06.12 13:55:38.144,0.99341,0.99355,1.50,2.25
2012.06.12 13:55:38.481,0.99343,0.99356,1.88,4.54
2012.06.12 13:55:39.023,0.99343,0.99357,2.63,2.67
2012.06.12 13:55:39.581,0.99343,0.99356,2.63,2.85
2012.06.12 13:55:41.525,0.99343,0.99355,1.88,2.25
2012.06.12 13:55:42.332,0.99339,0.99355,5.63,4.50
2012.06.12 13:55:43.409,0.99339,0.99354,1.88,1.88
2012.06.12 13:55:43.910,0.99338,0.99354,3.57,3.75
2012.06.12 13:55:44.172,0.99342,0.99354,1.50,2.25
2012.06.12 13:55:44.244,0.99342,0.99356,3.38,2.48
2012.06.12 13:55:44.735,0.99344,0.99356,1.50,1.88
2012.06.12 13:55:45.083,0.99347,0.9936,3.38,1.50
2012.06.12 13:55:45.602,0.99347,0.99358,2.25,4.50
2012.06.12 13:55:45.955,0.99342,0.99347,1.50,1.88
2012.06.12 13:55:46.036,0.99344,0.99351,1.50,3.38
2012.06.12 13:55:46.116,0.99337,0.99351,2.63,1.88
2012.06.12 13:55:46.265,0.99337,0.99351,8.07,1.88
2012.06.12 13:55:46.403,0.9934,0.99354,3.38,4.13
2012.06.12 13:55:46.674,0.9934,0.99354,3.38,1.88
2012.06.12 13:55:46.966,0.99343,0.99358,1.69,5.63
2012.06.12 13:55:47.520,0.99346,0.99361,2.25,4.43
2012.06.12 13:55:47.851,0.99346,0.99361,2.44,1.88
2012.06.12 13:55:48.735,0.99347,0.99361,4.50,1.88
2012.06.12 13:55:49.161,0.9935,0.99363,1.50,1.88
2012.06.12 13:55:49.241,0.99351,0.99365,1.88,2.07
2012.06.12 13:55:49.802,0.99351,0.99364,1.88,1.50
2012.06.12 13:55:50.035,0.9935,0.99362,1.13,1.88
2012.06.12 13:55:50.575,0.99348,0.99362,3.00,3.57
2012.06.12 13:55:52.041,0.99346,0.99361,4.13,2.44
2012.06.12 13:55:52.584,0.99346,0.9936,1.88,3.57
2012.06.12 13:55:53.041,0.99348,0.99362,1.88,8.18
2012.06.12 13:55:53.179,0.99348,0.99362,1.88,6.57
2012.06.12 13:55:53.385,0.99351,0.99362,1.50,2.82
2012.06.12 13:55:53.531,0.99351,0.99365,4.50,4.13
2012.06.12 13:55:54.184,0.99352,0.99363,1.13,1.88
2012.06.12 13:55:55.326,0.99352,0.99362,1.13,1.50
2012.06.12 13:55:55.686,0.99349,0.99358,1.88,1.13
2012.06.12 13:55:56.096,0.99344,0.99355,1.50,3.00
2012.06.12 13:55:56.173,0.99342,0.99355,1.88,2.63
2012.06.12 13:55:56.745,0.99341,0.99352,2.25,1.50
2012.06.12 13:55:56.822,0.99341,0.99354,2.25,1.50
2012.06.12 13:55:57.263,0.99341,0.99351,2.25,4.32
2012.06.12 13:55:57.402,0.99335,0.99349,2.63,1.50
2012.06.12 13:55:57.932,0.99335,0.99349,2.25,1.88
2012.06.12 13:55:58.148,0.99335,0.99346,1.88,1.50
2012.06.12 13:55:58.705,0.99335,0.99347,1.88,2.25
2012.06.12 13:55:59.113,0.99335,0.99343,1.88,1.50
2012.06.12 13:55:59.456,0.99333,0.99345,2.25,2.25
2012.06.12 13:56:00.247,0.99333,0.99347,2.25,3.00
2012.06.12 13:56:01.172,0.99331,0.99345,2.44,1.88
2012.06.12 13:56:01.521,0.99328,0.99335,2.25,5.63
2012.06.12 13:56:01.598,0.99328,0.99335,2.25,5.63
2012.06.12 13:56:01.675,0.99319,0.99332,2.25,2.82
2012.06.12 13:56:01.893,0.99319,0.9933,1.50,3.00
2012.06.12 13:56:02.311,0.99317,0.99327,1.88,1.50
2012.06.12 13:56:02.381,0.99317,0.99332,3.38,3.19
2012.06.12 13:56:03.141,0.99314,0.99329,1.88,1.50
2012.06.12 13:56:04.216,0.99314,0.99327,1.13,1.88
2012.06.12 13:56:04.433,0.99313,0.99327,2.44,4.88
2012.06.12 13:56:04.508,0.99313,0.99326,1.50,1.81
2012.06.12 13:56:04.863,0.99309,0.9932,1.13,1.88
2012.06.12 13:56:05.565,0.9931,0.99323,1.88,3.75
2012.06.12 13:56:05.854,0.99313,0.99326,1.50,4.13
2012.06.12 13:56:06.403,0.99313,0.99329,4.88,3.68
2012.06.12 13:56:07.008,0.99313,0.99329,1.88,3.00
2012.06.12 13:56:07.350,0.99315,0.99329,1.50,3.00
2012.06.12 13:56:07.895,0.99314,0.99328,1.88,2.63
2012.06.12 13:56:08.411,0.99312,0.99328,4.50,2.63
2012.06.12 13:56:08.847,0.99312,0.99327,3.75,1.81
2012.06.12 13:56:09.202,0.9931,0.99323,3.23,1.50
2012.06.12 13:56:09.402,0.99309,0.99323,1.88,6.00
2012.06.12 13:56:09.474,0.99309,0.99325,3.38,2.82
2012.06.12 13:56:09.670,0.99312,0.99326,1.88,2.44
2012.06.12 13:56:09.817,0.99312,0.99328,4.13,5.85
2012.06.12 13:56:10.607,0.99313,0.99328,4.13,1.88
2012.06.12 13:56:10.892,0.99315,0.99328,1.50,1.88
2012.06.12 13:56:11.305,0.99312,0.99326,2.63,1.50
2012.06.12 13:56:11.522,0.99312,0.99328,6.38,4.13
2012.06.12 13:56:12.053,0.99312,0.99327,3.00,1.88
2012.06.12 13:56:12.594,0.99315,0.99328,2.25,2.07
2012.06.12 13:56:13.805,0.99314,0.9933,5.07,2.63
2012.06.12 13:56:13.882,0.99314,0.99326,3.19,1.88
2012.06.12 13:56:14.979,0.99316,0.99329,1.50,2.63
2012.06.12 13:56:15.125,0.99318,0.99329,1.50,2.63
2012.06.12 13:56:15.348,0.99318,0.99331,1.50,1.88
2012.06.12 13:56:15.493,0.99316,0.99331,3.00,1.88
2012.06.12 13:56:16.035,0.99316,0.99331,2.25,1.88
2012.06.12 13:56:16.451,0.99316,0.99329,2.25,1.88
2012.06.12 13:56:18.363,0.99315,0.99329,6.19,1.88
2012.06.12 13:56:18.993,0.99317,0.99329,1.50,1.88
2012.06.12 13:56:19.134,0.99317,0.99331,1.50,1.88
2012.06.12 13:56:20.950,0.99317,0.99329,1.50,1.88
2012.06.12 13:56:23.355,0.99315,0.99329,3.57,1.88
2012.06.12 13:56:23.881,0.99317,0.99329,1.50,1.88
2012.06.12 13:56:25.664,0.99317,0.99331,1.50,1.88
2012.06.12 13:56:26.489,0.99316,0.99331,3.94,1.88
2012.06.12 13:56:28.714,0.99315,0.99328,1.69,1.88
2012.06.12 13:56:29.680,0.99314,0.99328,4.88,1.88
2012.06.12 13:56:30.165,0.99314,0.99326,3.00,1.88
2012.06.12 13:56:30.515,0.99309,0.99322,4.63,1.88
2012.06.12 13:56:31.065,0.99309,0.9932,1.33,1.88
2012.06.12 13:56:31.811,0.99309,0.9932,1.50,1.88
2012.06.12 13:56:31.884,0.99307,0.9932,3.75,1.88
2012.06.12 13:56:32.434,0.99307,0.99321,5.63,1.88
2012.06.12 13:56:33.003,0.99307,0.99321,2.25,2.25
2012.06.12 13:56:33.356,0.99304,0.99316,1.50,8.56
2012.06.12 13:56:33.714,0.99302,0.99312,1.50,2.25
2012.06.12 13:56:33.982,0.99295,0.99311,4.50,3.38
2012.06.12 13:56:34.243,0.99294,0.99307,2.63,1.88
2012.06.12 13:56:35.612,0.99294,0.99307,1.13,1.88
2012.06.12 13:56:36.287,0.99296,0.9931,1.50,1.81
2012.06.12 13:56:36.632,0.99296,0.99311,3.75,4.73
2012.06.12 13:56:37.160,0.99298,0.99311,1.50,3.23
2012.06.12 13:56:37.671,0.99297,0.99311,2.63,3.23
2012.06.12 13:56:38.171,0.99297,0.99311,4.13,2.48
2012.06.12 13:56:38.695,0.99296,0.9931,2.63,1.88
2012.06.12 13:56:38.903,0.99296,0.9931,1.88,1.88
2012.06.12 13:56:39.102,0.99295,0.99308,2.25,1.88
2012.06.12 13:56:39.444,0.99296,0.99308,4.50,1.88
2012.06.12 13:56:40.134,0.99296,0.99309,6.00,1.88
2012.06.12 13:56:41.355,0.99297,0.99311,6.38,2.10
2012.06.12 13:56:41.433,0.99297,0.99309,6.38,1.50
2012.06.12 13:56:41.711,0.99295,0.99309,3.19,3.38
2012.06.12 13:56:42.552,0.99295,0.99309,1.88,3.57
2012.06.12 13:56:42.684,0.99294,0.99305,1.13,1.88
2012.06.12 13:56:43.173,0.99291,0.99305,3.75,3.38
2012.06.12 13:56:44.028,0.99291,0.99305,3.75,3.75
2012.06.12 13:56:44.112,0.9929,0.99302,1.13,1.88
2012.06.12 13:56:44.466,0.9929,0.99298,1.13,1.88
2012.06.12 13:56:44.687,0.99284,0.99298,2.82,1.88
2012.06.12 13:56:45.573,0.99286,0.993,1.88,4.54
2012.06.12 13:56:45.844,0.99286,0.993,6.38,3.04
2012.06.12 13:56:47.116,0.99287,0.993,1.88,3.60
2012.06.12 13:56:47.199,0.99285,0.99298,2.63,1.69
2012.06.12 13:56:47.985,0.99282,0.99297,4.88,3.94
2012.06.12 13:56:48.346,0.99282,0.99295,1.13,1.50
2012.06.12 13:56:48.426,0.99282,0.99291,1.13,1.88
2012.06.12 13:56:48.505,0.99277,0.99291,2.44,4.50
2012.06.12 13:56:48.654,0.99276,0.99287,1.81,1.50
2012.06.12 13:56:48.795,0.99277,0.9929,2.82,1.50
2012.06.12 13:56:48.872,0.99277,0.99292,1.88,3.31
2012.06.12 13:56:49.131,0.99278,0.99293,2.25,1.88
2012.06.12 13:56:49.400,0.99278,0.99292,1.13,1.88
2012.06.12 13:56:49.754,0.99274,0.99285,1.88,1.88
2012.06.12 13:56:50.035,0.99271,0.99285,2.08,1.88
2012.06.12 13:56:50.581,0.99271,0.99284,1.90,1.50
2012.06.12 13:56:50.724,0.99269,0.99282,1.15,1.88
2012.06.12 13:56:50.796,0.99269,0.99282,1.13,1.88
2012.06.12 13:56:51.352,0.99268,0.99282,4.43,3.38
2012.06.12 13:56:51.426,0.99269,0.9928,3.94,1.50
2012.06.12 13:56:52.037,0.99269,0.99282,5.82,1.88
2012.06.12 13:56:52.331,0.99268,0.99282,2.63,3.38
2012.06.12 13:56:52.404,0.99268,0.9928,2.63,1.50
2012.06.12 13:56:52.632,0.99268,0.99282,2.63,3.38
2012.06.12 13:56:52.833,0.99266,0.99279,6.00,1.88
2012.06.12 13:56:53.428,0.99265,0.99278,2.63,1.50
2012.06.12 13:56:53.502,0.99266,0.99281,1.50,3.38
2012.06.12 13:56:53.695,0.99268,0.99281,1.88,1.88
2012.06.12 13:56:54.045,0.99271,0.99282,1.88,2.25
2012.06.12 13:56:54.262,0.99271,0.99285,1.88,2.63
2012.06.12 13:56:54.810,0.99271,0.99283,1.88,1.50
2012.06.12 13:56:54.887,0.99267,0.99281,5.63,2.63
2012.06.12 13:56:55.036,0.99269,0.99283,2.63,1.50
2012.06.12 13:56:55.521,0.99269,0.99285,4.50,1.88
2012.06.12 13:56:55.664,0.99269,0.99285,5.25,1.88
2012.06.12 13:56:55.796,0.99269,0.99285,4.88,1.88
2012.06.12 13:56:56.217,0.99268,0.99283,1.88,1.88
2012.06.12 13:56:57.123,0.99268,0.99281,1.88,1.88
2012.06.12 13:56:57.663,0.99269,0.99282,2.25,1.50
2012.06.12 13:56:57.875,0.99271,0.99287,3.38,6.19
2012.06.12 13:56:58.945,0.99271,0.99285,1.88,1.88
2012.06.12 13:56:59.501,0.99272,0.99285,1.69,1.88
2012.06.12 13:56:59.913,0.99275,0.99285,1.50,1.88
2012.06.12 13:57:00.440,0.99274,0.99285,1.50,1.88
2012.06.12 13:57:00.583,0.99272,0.99285,1.32,1.88
2012.06.12 13:57:01.123,0.99273,0.99285,1.50,1.88
2012.06.12 13:57:01.193,0.99273,0.99287,1.50,1.88
2012.06.12 13:57:01.815,0.99272,0.99287,2.82,1.88
2012.06.12 13:57:02.363,0.99272,0.99286,1.32,1.88
2012.06.12 13:57:02.432,0.99273,0.99286,2.25,1.88
2012.06.12 13:57:05.224,0.99273,0.99287,4.50,1.88
2012.06.12 13:57:06.173,0.99275,0.99289,1.88,3.57
2012.06.12 13:57:07.721,0.99275,0.99287,1.88,1.50
2012.06.12 13:57:08.504,0.99275,0.99289,1.88,3.57
2012.06.12 13:57:10.180,0.99275,0.99289,1.88,1.50
2012.06.12 13:57:10.521,0.99274,0.99287,1.50,1.88
2012.06.12 13:57:10.871,0.99273,0.99287,2.25,1.88
2012.06.12 13:57:11.082,0.99273,0.99287,3.75,1.88
2012.06.12 13:57:11.665,0.99274,0.99288,1.88,1.88
2012.06.12 13:57:12.948,0.99274,0.99287,2.25,1.50
2012.06.12 13:57:13.029,0.99274,0.99285,2.25,1.50
2012.06.12 13:57:13.432,0.99271,0.99285,1.13,1.50
2012.06.12 13:57:13.713,0.9927,0.99283,1.32,1.88
2012.06.12 13:57:14.262,0.99269,0.99283,2.25,3.57
2012.06.12 13:57:15.991,0.99268,0.99282,2.25,2.82
2012.06.12 13:57:16.206,0.99265,0.99276,1.50,1.88
2012.06.12 13:57:16.360,0.99263,0.99274,4.88,1.88
2012.06.12 13:57:16.958,0.99262,0.99271,2.25,3.00
2012.06.12 13:57:17.316,0.99255,0.99269,2.63,4.88
2012.06.12 13:57:17.604,0.99255,0.99269,2.63,2.63
2012.06.12 13:57:18.015,0.99259,0.99272,1.50,2.07
2012.06.12 13:57:18.099,0.99263,0.99274,1.88,1.13
2012.06.12 13:57:18.246,0.99263,0.99275,1.88,1.50
2012.06.12 13:57:18.396,0.99265,0.99277,1.50,1.50
2012.06.12 13:57:18.953,0.99265,0.99279,1.50,1.73
2012.06.12 13:57:19.464,0.99263,0.99277,5.82,2.25
2012.06.12 13:57:20.127,0.99265,0.99279,6.75,5.85
2012.06.12 13:57:20.252,0.99271,0.99285,3.57,4.13
2012.06.12 13:57:20.462,0.99271,0.99287,6.57,5.48
2012.06.12 13:57:20.536,0.99275,0.99287,1.50,2.10
2012.06.12 13:57:21.091,0.99274,0.99288,1.88,5.25
2012.06.12 13:57:21.641,0.99275,0.99288,1.50,2.25
2012.06.12 13:57:22.296,0.99276,0.9929,3.38,4.50
2012.06.12 13:57:22.517,0.99278,0.99292,2.25,1.88
2012.06.12 13:57:22.875,0.99283,0.99292,1.88,1.13
2012.06.12 13:57:23.552,0.99283,0.99293,3.38,3.00
2012.06.12 13:57:23.767,0.99281,0.99296,3.19,3.38
2012.06.12 13:57:24.057,0.99283,0.99297,2.25,1.50
2012.06.12 13:57:24.139,0.99285,0.99297,1.50,1.50
2012.06.12 13:57:24.217,0.99286,0.993,3.38,3.60
2012.06.12 13:57:24.507,0.99288,0.993,1.81,2.48
2012.06.12 13:57:24.799,0.99291,0.99305,1.88,1.88
2012.06.12 13:57:24.947,0.9929,0.99303,1.69,1.88
2012.06.12 13:57:25.304,0.99288,0.993,3.38,1.88
2012.06.12 13:57:25.585,0.99286,0.993,1.88,2.25
2012.06.12 13:57:26.072,0.99284,0.99298,1.88,1.88
2012.06.12 13:57:26.489,0.9928,0.99296,4.69,3.38
2012.06.12 13:57:26.991,0.9928,0.99296,4.50,6.75
2012.06.12 13:57:28.453,0.9928,0.99296,4.50,3.38
2012.06.12 13:57:28.583,0.99283,0.99297,1.88,2.07
2012.06.12 13:57:30.456,0.99281,0.99296,4.13,1.32
2012.06.12 13:57:30.836,0.99281,0.99294,3.38,1.13
2012.06.12 13:57:31.184,0.99276,0.9929,4.13,2.07
2012.06.12 13:57:31.952,0.99276,0.9929,3.38,2.07
2012.06.12 13:57:32.629,0.99276,0.99287,1.50,1.88
2012.06.12 13:57:32.983,0.99276,0.99284,1.50,2.07
2012.06.12 13:57:33.125,0.99272,0.99284,2.25,2.07
2012.06.12 13:57:33.273,0.9927,0.99284,2.63,2.07
2012.06.12 13:57:33.417,0.99267,0.9928,2.27,1.88
2012.06.12 13:57:33.886,0.99264,0.99277,1.90,1.88
2012.06.12 13:57:34.104,0.99263,0.99277,3.02,1.88
2012.06.12 13:57:34.615,0.99267,0.99281,3.00,2.25
2012.06.12 13:57:35.174,0.99267,0.99281,1.13,1.88
2012.06.12 13:57:35.527,0.99271,0.99285,1.88,3.19
2012.06.12 13:57:36.027,0.99271,0.99285,1.88,2.07
2012.06.12 13:57:36.372,0.99273,0.99283,1.50,1.88
2012.06.12 13:57:36.443,0.99273,0.99287,1.50,5.56
2012.06.12 13:57:36.823,0.99273,0.99287,1.50,3.75
2012.06.12 13:57:37.033,0.99271,0.99285,2.63,1.88
2012.06.12 13:57:37.935,0.99273,0.99285,1.50,1.88
2012.06.12 13:57:38.486,0.99273,0.99287,1.50,1.35
2012.06.12 13:57:39.923,0.99272,0.99285,2.25,1.50
2012.06.12 13:57:40.440,0.99272,0.99286,2.25,2.07
2012.06.12 13:57:42.503,0.99275,0.99289,1.88,4.92
2012.06.12 13:57:42.854,0.99279,0.9929,1.88,2.18
2012.06.12 13:57:42.925,0.99279,0.99292,1.88,1.17
2012.06.12 13:57:43.331,0.99284,0.99295,1.50,2.22
2012.06.12 13:57:43.474,0.99282,0.99295,3.38,1.81
2012.06.12 13:57:43.543,0.99282,0.99296,3.38,2.44
2012.06.12 13:57:44.905,0.99282,0.99293,1.50,1.88
2012.06.12 13:57:45.265,0.99279,0.99293,2.63,3.38
2012.06.12 13:57:45.485,0.99278,0.99291,1.13,1.88
2012.06.12 13:57:45.635,0.99275,0.9929,3.75,1.50
2012.06.12 13:57:46.140,0.99276,0.99291,1.50,3.00
2012.06.12 13:57:46.413,0.99278,0.99291,3.38,1.13
2012.06.12 13:57:46.763,0.9928,0.99294,1.50,2.63
2012.06.12 13:57:47.143,0.99278,0.99292,2.07,1.50
2012.06.12 13:57:47.209,0.99278,0.99294,2.07,2.25
2012.06.12 13:57:47.602,0.99278,0.99294,8.07,2.25
2012.06.12 13:57:48.163,0.9928,0.99294,1.50,2.63
2012.06.12 13:57:48.371,0.99278,0.99294,1.88,2.63
2012.06.12 13:57:49.698,0.99279,0.99293,1.88,1.50
2012.06.12 13:57:49.971,0.99282,0.99296,1.88,2.18
2012.06.12 13:57:51.160,0.99283,0.99296,1.50,2.18
2012.06.12 13:57:51.800,0.99282,0.99297,1.88,1.50
2012.06.12 13:57:52.334,0.99282,0.99298,1.88,5.93
2012.06.12 13:57:52.791,0.99287,0.99298,1.88,1.69
2012.06.12 13:57:53.182,0.99287,0.99301,1.88,2.63
2012.06.12 13:57:53.731,0.99288,0.99301,1.50,2.25
2012.06.12 13:57:53.804,0.9929,0.99301,1.50,2.25
2012.06.12 13:57:54.001,0.99288,0.99301,1.50,2.25
2012.06.12 13:57:54.510,0.99287,0.99301,1.88,2.25
2012.06.12 13:57:55.405,0.99293,0.99303,1.88,3.19
2012.06.12 13:57:55.930,0.99293,0.99305,1.88,2.18
2012.06.12 13:57:56.323,0.99293,0.99306,1.88,2.25
2012.06.12 13:57:56.851,0.99292,0.99306,1.88,4.13
2012.06.12 13:58:00.683,0.99294,0.99306,1.50,2.63
2012.06.12 13:58:00.967,0.99297,0.9931,1.88,2.63
2012.06.12 13:58:01.535,0.99298,0.99311,1.50,4.43
2012.06.12 13:58:01.682,0.99297,0.99311,1.88,3.00
2012.06.12 13:58:02.269,0.99298,0.99311,1.50,2.25
2012.06.12 13:58:03.126,0.993,0.99313,1.88,1.50
2012.06.12 13:58:03.473,0.99305,0.99318,1.50,2.63
2012.06.12 13:58:03.548,0.99307,0.99318,1.50,2.63
2012.06.12 13:58:04.024,0.99305,0.99318,1.50,1.88
2012.06.12 13:58:04.552,0.99305,0.9932,1.50,4.88
2012.06.12 13:58:06.191,0.99304,0.9932,3.38,6.38
2012.06.12 13:58:06.650,0.99303,0.99317,3.38,1.88
2012.06.12 13:58:07.253,0.99304,0.99317,1.50,1.88
2012.06.12 13:58:07.592,0.99306,0.99317,1.50,1.88
2012.06.12 13:58:07.982,0.99304,0.99318,3.38,1.88
2012.06.12 13:58:08.170,0.99306,0.99318,1.50,1.88
2012.06.12 13:58:08.383,0.99304,0.99317,1.88,2.25
2012.06.12 13:58:08.910,0.99306,0.99318,1.50,2.63
2012.06.12 13:58:09.172,0.99304,0.99318,3.38,2.63
2012.06.12 13:58:10.130,0.99304,0.99319,3.38,3.00
2012.06.12 13:58:10.661,0.99304,0.99319,1.88,3.57
2012.06.12 13:58:11.181,0.99303,0.99319,2.25,5.25
2012.06.12 13:58:11.324,0.99304,0.99319,1.50,4.50
2012.06.12 13:58:11.872,0.99307,0.99321,2.63,1.32
2012.06.12 13:58:12.803,0.99308,0.99321,1.50,1.32
2012.06.12 13:58:13.394,0.99309,0.99321,1.88,1.13
2012.06.12 13:58:19.476,0.9931,0.99324,1.88,1.50
2012.06.12 13:58:20.699,0.99308,0.99322,3.38,2.25
2012.06.12 13:58:24.316,0.99309,0.99322,1.50,2.25
2012.06.12 13:58:24.834,0.99308,0.99322,1.88,2.25
2012.06.12 13:58:26.454,0.99306,0.99319,2.63,1.81
2012.06.12 13:58:26.737,0.99304,0.99318,1.88,4.69
2012.06.12 13:58:29.063,0.99304,0.99318,1.88,4.06
2012.06.12 13:58:30.234,0.99303,0.99316,1.50,2.07
2012.06.12 13:58:30.573,0.99303,0.99313,1.50,1.88
2012.06.12 13:58:30.972,0.99301,0.99313,1.50,2.25
2012.06.12 13:58:31.121,0.993,0.99311,1.50,1.50
2012.06.12 13:58:31.262,0.99299,0.99313,1.88,2.25
2012.06.12 13:58:32.666,0.993,0.99313,1.88,1.50
2012.06.12 13:58:32.884,0.993,0.99316,3.38,3.94
2012.06.12 13:58:33.954,0.99302,0.99316,1.88,4.32
2012.06.12 13:58:34.305,0.99299,0.99313,2.63,4.13
2012.06.12 13:58:34.528,0.99297,0.99311,2.82,1.88
2012.06.12 13:58:34.874,0.99297,0.99311,1.88,5.18
2012.06.12 13:58:36.183,0.99295,0.9931,4.13,1.32
2012.06.12 13:58:37.433,0.99295,0.99309,1.88,4.32
2012.06.12 13:58:38.251,0.99293,0.99309,4.88,4.32
2012.06.12 13:58:39.440,0.99293,0.99308,4.88,1.32
2012.06.12 13:58:41.863,0.99294,0.99308,3.75,1.32
2012.06.12 13:58:42.410,0.99295,0.99308,2.63,1.13
2012.06.12 13:58:42.754,0.99299,0.99311,4.50,2.25
2012.06.12 13:58:42.823,0.99299,0.99311,4.50,1.88
2012.06.12 13:58:43.036,0.99301,0.99313,1.50,1.50
2012.06.12 13:58:43.116,0.99304,0.99315,1.88,3.38
2012.06.12 13:58:43.406,0.99304,0.99318,3.38,2.56
2012.06.12 13:58:44.235,0.99304,0.99319,1.88,1.50
2012.06.12 13:58:44.519,0.99304,0.99319,1.88,1.50
2012.06.12 13:58:45.286,0.99304,0.99319,2.63,1.13
2012.06.12 13:58:45.710,0.9931,0.99319,1.88,1.13
2012.06.12 13:58:46.064,0.99314,0.99322,1.13,2.25
2012.06.12 13:58:46.134,0.99315,0.99326,2.25,3.75
2012.06.12 13:58:46.476,0.99317,0.99326,3.00,1.50
2012.06.12 13:58:46.552,0.99318,0.9933,2.25,1.50
2012.06.12 13:58:46.769,0.99319,0.99335,3.38,2.44
2012.06.12 13:58:47.252,0.99324,0.99337,1.50,2.93
2012.06.12 13:58:47.395,0.99324,0.99337,1.50,2.18
2012.06.12 13:58:47.910,0.99322,0.99337,1.88,1.81
2012.06.12 13:58:47.984,0.99322,0.99337,1.88,1.81
2012.06.12 13:58:48.991,0.99321,0.99334,1.50,1.50
2012.06.12 13:58:49.342,0.99322,0.99332,2.63,1.50
2012.06.12 13:58:49.554,0.99322,0.99334,2.63,1.88
2012.06.12 13:58:50.110,0.9932,0.99334,1.88,3.00
2012.06.12 13:58:50.672,0.9932,0.99334,1.88,3.38
2012.06.12 13:58:51.023,0.99322,0.99334,1.88,1.50
2012.06.12 13:58:51.564,0.99322,0.99334,1.88,2.25
2012.06.12 13:58:51.775,0.99319,0.9933,1.88,2.44
2012.06.12 13:58:51.994,0.99316,0.9933,2.63,3.94
2012.06.12 13:58:52.669,0.99316,0.9933,2.63,2.82
2012.06.12 13:58:52.955,0.99316,0.9933,1.88,3.57
2012.06.12 13:58:54.788,0.99314,0.99328,1.50,2.25
2012.06.12 13:58:54.935,0.99313,0.99328,2.63,3.00
2012.06.12 13:58:55.147,0.99311,0.99323,1.88,1.50
2012.06.12 13:58:55.224,0.99308,0.99323,7.54,2.25
2012.06.12 13:58:55.563,0.99308,0.99321,4.17,2.25
2012.06.12 13:58:56.414,0.99307,0.99321,1.88,5.25
2012.06.12 13:58:56.924,0.99307,0.9932,1.88,1.50
2012.06.12 13:58:57.650,0.99306,0.9932,2.63,1.50
2012.06.12 13:58:58.461,0.99311,0.9932,1.88,2.25
2012.06.12 13:58:58.672,0.99312,0.99324,1.88,1.13
2012.06.12 13:58:59.652,0.9931,0.99324,1.88,3.38
2012.06.12 13:58:59.866,0.9931,0.99321,1.88,1.50
2012.06.12 13:59:00.084,0.99306,0.9932,4.05,2.63
2012.06.12 13:59:00.694,0.99306,0.9932,1.88,4.13
2012.06.12 13:59:01.211,0.99305,0.99319,2.25,3.00
2012.06.12 13:59:01.352,0.99307,0.99319,1.88,1.13
2012.06.12 13:59:01.891,0.99309,0.99321,1.88,1.24
2012.06.12 13:59:02.221,0.99309,0.99324,2.63,2.25
2012.06.12 13:59:02.634,0.99308,0.99314,1.88,1.88
2012.06.12 13:59:03.193,0.99302,0.99313,2.25,1.50
2012.06.12 13:59:03.793,0.993,0.99314,1.88,4.13
2012.06.12 13:59:04.238,0.99298,0.99314,3.57,3.38
2012.06.12 13:59:04.894,0.99298,0.99313,5.25,1.13
2012.06.12 13:59:05.543,0.99297,0.99312,2.82,2.25
2012.06.12 13:59:05.682,0.99297,0.9931,2.07,1.50
2012.06.12 13:59:06.152,0.99299,0.99312,1.50,2.25
2012.06.12 13:59:06.691,0.99299,0.99312,1.88,1.13
2012.06.12 13:59:07.412,0.993,0.99312,1.88,1.13
2012.06.12 13:59:10.133,0.99304,0.99313,1.88,1.13
2012.06.12 13:59:10.275,0.99304,0.99315,1.88,4.88
2012.06.12 13:59:10.362,0.99308,0.99315,1.88,1.50
2012.06.12 13:59:10.439,0.99308,0.99318,2.63,2.48
2012.06.12 13:59:10.589,0.99314,0.99323,1.88,1.88
2012.06.12 13:59:10.739,0.9931,0.99324,3.38,1.50
2012.06.12 13:59:10.887,0.99315,0.99325,1.88,1.50
2012.06.12 13:59:10.964,0.99315,0.99325,1.88,1.13
2012.06.12 13:59:11.035,0.99317,0.99326,1.88,1.13
2012.06.12 13:59:11.322,0.99317,0.99328,1.88,1.50
2012.06.12 13:59:11.886,0.99317,0.99328,1.88,1.13
2012.06.12 13:59:11.964,0.99317,0.99329,2.63,1.13
2012.06.12 13:59:12.572,0.9932,0.99333,2.63,3.68
2012.06.12 13:59:12.925,0.9932,0.99334,2.63,2.44
2012.06.12 13:59:12.993,0.9932,0.99334,2.63,3.19
2012.06.12 13:59:13.205,0.9932,0.99331,1.50,1.88
2012.06.12 13:59:13.554,0.99316,0.99324,1.50,1.13
2012.06.12 13:59:13.627,0.99316,0.99323,2.25,2.25
2012.06.12 13:59:13.773,0.99315,0.9932,1.50,1.88
2012.06.12 13:59:14.324,0.99314,0.99323,2.25,4.88
2012.06.12 13:59:14.397,0.99307,0.99322,4.13,2.25
2012.06.12 13:59:14.681,0.99307,0.99323,3.38,3.38
2012.06.12 13:59:15.143,0.99308,0.99322,1.50,3.31
2012.06.12 13:59:15.498,0.99307,0.99313,2.25,1.88
2012.06.12 13:59:16.042,0.99299,0.99313,3.38,2.63
2012.06.12 13:59:16.603,0.993,0.99313,1.50,2.63
2012.06.12 13:59:16.814,0.993,0.99314,2.63,1.88
2012.06.12 13:59:17.177,0.993,0.99314,3.38,7.13
2012.06.12 13:59:17.607,0.99296,0.9931,3.38,1.88
2012.06.12 13:59:17.966,0.99299,0.99313,2.63,2.44
2012.06.12 13:59:18.326,0.99303,0.99315,1.50,4.06
2012.06.12 13:59:18.525,0.99301,0.99315,3.00,4.06
2012.06.12 13:59:19.333,0.99297,0.99311,3.38,3.94
2012.06.12 13:59:19.547,0.99294,0.99308,6.38,4.43
2012.06.12 13:59:20.123,0.99294,0.99308,2.63,4.06
2012.06.12 13:59:20.651,0.99294,0.99308,2.63,4.06
2012.06.12 13:59:20.988,0.99297,0.99309,1.88,3.31
2012.06.12 13:59:21.347,0.993,0.99309,1.88,1.81
2012.06.12 13:59:21.423,0.993,0.99312,1.88,2.63
2012.06.12 13:59:21.708,0.99301,0.99314,2.25,2.44
2012.06.12 13:59:22.381,0.99303,0.99315,3.38,1.88
2012.06.12 13:59:22.743,0.99306,0.99319,4.88,2.18
2012.06.12 13:59:23.245,0.99309,0.99322,2.63,2.18
2012.06.12 13:59:23.605,0.99308,0.99322,4.13,1.88
2012.06.12 13:59:23.894,0.99308,0.99317,1.88,1.88
2012.06.12 13:59:24.256,0.99308,0.99314,1.50,3.38
2012.06.12 13:59:24.338,0.99299,0.99308,1.90,1.88
2012.06.12 13:59:24.881,0.99295,0.99308,1.13,3.38
2012.06.12 13:59:25.305,0.99292,0.99306,3.94,3.57
2012.06.12 13:59:26.044,0.99286,0.99297,1.13,1.88
2012.06.12 13:59:26.183,0.99283,0.99297,4.13,1.88
2012.06.12 13:59:26.747,0.99284,0.99297,4.50,1.88
2012.06.12 13:59:27.258,0.99286,0.99297,1.50,1.88
2012.06.12 13:59:27.806,0.99288,0.99302,2.63,4.69
2012.06.12 13:59:28.165,0.99294,0.99304,1.88,1.50
2012.06.12 13:59:28.234,0.99295,0.99308,1.50,1.50
2012.06.12 13:59:28.645,0.99295,0.9931,3.00,5.07
2012.06.12 13:59:28.711,0.99295,0.9931,3.00,5.07
2012.06.12 13:59:30.729,0.99296,0.99312,4.88,6.19
2012.06.12 13:59:31.064,0.99298,0.99312,1.88,2.07
2012.06.12 13:59:31.406,0.99299,0.99314,1.50,7.81
2012.06.12 13:59:31.734,0.99298,0.99309,2.25,1.88
2012.06.12 13:59:31.942,0.99296,0.99309,1.50,1.88
2012.06.12 13:59:32.363,0.99296,0.9931,4.13,1.88
2012.06.12 13:59:32.841,0.99297,0.9931,2.63,1.88
2012.06.12 13:59:33.116,0.99301,0.9931,2.25,1.88
2012.06.12 13:59:33.737,0.99316,0.99329,2.63,1.13
2012.06.12 13:59:34.235,0.99317,0.99329,1.50,2.63
2012.06.12 13:59:34.303,0.99317,0.99329,1.50,2.63
2012.06.12 13:59:34.445,0.99319,0.9933,1.50,1.88
2012.06.12 13:59:34.512,0.99316,0.9933,2.25,1.88
2012.06.12 13:59:34.644,0.99317,0.9933,1.50,1.88
2012.06.12 13:59:34.782,0.99317,0.9933,1.50,1.88
2012.06.12 13:59:35.065,0.99313,0.99328,1.88,2.07
2012.06.12 13:59:35.429,0.99311,0.99322,1.50,1.88
2012.06.12 13:59:35.787,0.99306,0.99314,1.52,1.88
2012.06.12 13:59:36.076,0.99301,0.99314,2.44,1.88
2012.06.12 13:59:37.065,0.99299,0.99311,1.50,1.88
2012.06.12 13:59:37.149,0.99293,0.99307,4.69,1.88
2012.06.12 13:59:37.715,0.99293,0.99307,4.81,2.63
2012.06.12 13:59:37.995,0.99299,0.9931,1.50,4.13
2012.06.12 13:59:38.074,0.99299,0.9931,5.63,1.50
2012.06.12 13:59:38.355,0.993,0.99315,1.50,4.50
2012.06.12 13:59:38.575,0.99303,0.99315,1.50,2.63
2012.06.12 13:59:38.647,0.99303,0.99318,1.88,2.63
2012.06.12 13:59:38.728,0.99306,0.99318,1.50,1.88
2012.06.12 13:59:39.084,0.99313,0.99324,1.88,2.63
2012.06.12 13:59:39.225,0.99313,0.99327,2.63,4.13
2012.06.12 13:59:39.305,0.99316,0.99327,1.50,2.63
2012.06.12 13:59:40.175,0.99316,0.99326,2.25,2.25
2012.06.12 13:59:40.257,0.99316,0.99328,2.25,1.88
2012.06.12 13:59:40.406,0.99315,0.9933,6.00,1.50
2012.06.12 13:59:40.693,0.99319,0.99331,1.50,3.00
2012.06.12 13:59:40.896,0.99317,0.99331,2.25,3.00
2012.06.12 13:59:40.974,0.99317,0.99328,1.50,1.88
2012.06.12 13:59:41.116,0.99314,0.99328,1.50,3.19
2012.06.12 13:59:41.200,0.99311,0.99324,2.25,1.88
2012.06.12 13:59:41.553,0.99308,0.99321,1.13,1.88
2012.06.12 13:59:42.063,0.99307,0.99321,3.38,1.88
2012.06.12 13:59:42.624,0.99309,0.99323,1.88,4.32
2012.06.12 13:59:43.183,0.99313,0.99325,1.88,2.25
2012.06.12 13:59:43.257,0.99313,0.99325,2.63,1.50
2012.06.12 13:59:43.620,0.99313,0.99327,7.50,1.88
2012.06.12 13:59:43.835,0.99319,0.99332,1.88,5.07
2012.06.12 13:59:44.205,0.99323,0.99328,1.50,2.07
2012.06.12 13:59:44.492,0.99314,0.99328,3.00,2.07
2012.06.12 13:59:44.903,0.99315,0.9933,4.13,1.81
2012.06.12 13:59:45.254,0.99316,0.99333,2.25,2.56
2012.06.12 13:59:45.851,0.99316,0.99331,1.50,3.38
2012.06.12 13:59:46.051,0.99316,0.9933,1.50,1.81
2012.06.12 13:59:46.614,0.99315,0.9933,1.13,3.31
2012.06.12 13:59:46.956,0.99313,0.99323,1.13,1.50
2012.06.12 13:59:47.471,0.99309,0.99323,2.82,1.50
2012.06.12 13:59:47.550,0.99308,0.99323,2.82,1.13
2012.06.12 13:59:48.245,0.99306,0.99322,4.88,2.25
2012.06.12 13:59:48.468,0.99307,0.99323,2.25,1.13
2012.06.12 13:59:48.806,0.99308,0.99323,3.38,1.13
2012.06.12 13:59:49.235,0.9931,0.99325,1.13,2.82
2012.06.12 13:59:49.797,0.99312,0.99326,2.25,2.93
2012.06.12 13:59:50.004,0.99311,0.99326,3.57,2.63
2012.06.12 13:59:50.146,0.99314,0.99328,1.50,1.13
2012.06.12 13:59:50.363,0.99311,0.99328,4.13,2.25
2012.06.12 13:59:50.930,0.99311,0.99328,1.50,2.25
2012.06.12 13:59:51.865,0.9931,0.99324,3.00,1.50
2012.06.12 13:59:51.943,0.99308,0.99324,3.19,3.75
2012.06.12 13:59:52.021,0.99311,0.99324,2.25,1.50
2012.06.12 13:59:52.234,0.99311,0.99327,1.50,1.50
2012.06.12 13:59:52.785,0.99311,0.99327,1.88,4.88
2012.06.12 13:59:53.125,0.99309,0.99325,2.25,2.25
2012.06.12 13:59:53.417,0.99307,0.99323,1.88,1.50
2012.06.12 13:59:53.846,0.99307,0.99321,1.88,1.50
2012.06.12 13:59:54.052,0.99307,0.99323,1.88,3.00
2012.06.12 13:59:54.406,0.99309,0.99323,1.50,1.50
2012.06.12 13:59:54.490,0.9931,0.99325,2.25,2.25
2012.06.12 13:59:54.565,0.99313,0.99326,1.50,3.00
2012.06.12 13:59:54.955,0.99309,0.99326,1.13,3.00
2012.06.12 13:59:55.385,0.9931,0.99328,2.63,5.25
2012.06.12 13:59:55.654,0.99312,0.99328,3.00,3.38
2012.06.12 13:59:55.801,0.99314,0.99328,1.50,1.50
2012.06.12 13:59:56.153,0.99317,0.99331,2.25,1.13
2012.06.12 13:59:56.467,0.99318,0.99331,4.50,1.13
2012.06.12 13:59:57.174,0.99318,0.99331,4.50,3.38
2012.06.12 13:59:57.743,0.99318,0.99333,6.75,2.63
2012.06.12 13:59:58.154,0.99318,0.99329,4.50,1.50
2012.06.12 13:59:58.225,0.99315,0.99328,4.69,1.50
2012.06.12 13:59:58.309,0.99315,0.99326,4.50,1.50
2012.06.12 13:59:58.387,0.99315,0.9933,5.25,1.50
2012.06.12 13:59:58.537,0.99315,0.99332,3.94,2.25
2012.06.12 13:59:58.617,0.99318,0.99332,6.00,1.50
2012.06.12 13:59:58.945,0.9932,0.99336,2.25,1.50
2012.06.12 13:59:59.165,0.99321,0.99336,1.13,1.88
2012.06.12 13:59:59.532,0.99317,0.9933,4.13,1.50
2012.06.12 13:59:59.885,0.99317,0.9933,1.50,2.25
