2012.06.21 10:00:00.338,1.01219,1.01233,2.63,2.25
2012.06.21 10:00:00.548,1.0122,1.01233,1.50,2.85
2012.06.21 10:00:00.887,1.01225,1.01234,3.38,1.50
2012.06.21 10:00:01.517,1.0123,1.01244,1.50,2.63
2012.06.21 10:00:01.593,1.01231,1.01243,1.88,2.25
2012.06.21 10:00:02.140,1.01231,1.01241,1.88,2.25
2012.06.21 10:00:02.217,1.01231,1.01241,1.88,1.50
2012.06.21 10:00:02.482,1.01231,1.01243,1.88,1.50
2012.06.21 10:00:03.087,1.01231,1.01244,1.88,2.25
2012.06.21 10:00:03.622,1.01232,1.01246,1.88,2.63
2012.06.21 10:00:04.167,1.01234,1.01248,1.50,5.63
2012.06.21 10:00:04.239,1.01234,1.01248,3.38,2.63
2012.06.21 10:00:04.308,1.01238,1.01248,1.88,2.63
2012.06.21 10:00:05.133,1.01238,1.01251,1.88,5.25
2012.06.21 10:00:05.766,1.01238,1.0125,1.88,1.50
2012.06.21 10:00:06.339,1.01238,1.01249,1.88,1.50
2012.06.21 10:00:07.505,1.01238,1.0125,1.88,1.50
2012.06.21 10:00:07.710,1.01238,1.01253,4.88,1.50
2012.06.21 10:00:08.069,1.01238,1.01251,3.38,1.50
2012.06.21 10:00:08.477,1.01238,1.01249,1.88,1.50
2012.06.21 10:00:09.006,1.01238,1.0125,1.88,1.50
2012.06.21 10:00:09.076,1.01236,1.0125,3.75,1.50
2012.06.21 10:00:09.146,1.01237,1.01252,2.25,4.50
2012.06.21 10:00:11.355,1.01238,1.01253,1.88,1.50
2012.06.21 10:00:12.278,1.01239,1.01254,1.50,1.88
2012.06.21 10:00:12.828,1.01239,1.01254,2.63,1.88
2012.06.21 10:00:13.307,1.01239,1.01251,1.50,1.50
2012.06.21 10:00:13.959,1.01234,1.01244,1.13,2.10
2012.06.21 10:00:14.249,1.01232,1.01242,1.50,2.25
2012.06.21 10:00:14.318,1.01232,1.0124,1.50,1.50
2012.06.21 10:00:14.517,1.01228,1.0124,1.78,1.50
2012.06.21 10:00:14.657,1.01226,1.0124,3.75,1.50
2012.06.21 10:00:16.988,1.01226,1.0124,4.13,1.50
2012.06.21 10:00:20.296,1.01228,1.0124,2.53,1.50
2012.06.21 10:00:20.648,1.01232,1.0124,1.13,1.50
2012.06.21 10:00:20.998,1.01233,1.01245,2.63,1.50
2012.06.21 10:00:21.685,1.01233,1.01246,1.88,1.50
2012.06.21 10:00:22.314,1.01233,1.01246,1.88,2.25
2012.06.21 10:00:22.671,1.0123,1.0124,1.13,1.50
2012.06.21 10:00:22.818,1.01226,1.0124,4.03,1.50
2012.06.21 10:00:23.600,1.01232,1.01241,1.88,1.50
2012.06.21 10:00:23.764,1.01239,1.0125,1.88,1.88
2012.06.21 10:00:23.842,1.01239,1.01251,1.88,1.96
2012.06.21 10:00:23.991,1.01239,1.01249,1.88,1.50
2012.06.21 10:00:24.208,1.01235,1.01246,1.88,1.50
2012.06.21 10:00:25.487,1.01235,1.01248,1.88,3.00
2012.06.21 10:00:26.248,1.01238,1.01248,1.88,1.50
2012.06.21 10:00:26.798,1.01238,1.01249,1.88,1.50
2012.06.21 10:00:27.398,1.01241,1.01249,1.88,1.50
2012.06.21 10:00:27.747,1.01242,1.0125,3.66,1.50
2012.06.21 10:00:28.097,1.01243,1.01256,1.13,1.50
2012.06.21 10:00:28.569,1.01243,1.01254,1.13,1.50
2012.06.21 10:00:29.037,1.01241,1.01253,3.75,1.50
2012.06.21 10:00:29.378,1.01241,1.01251,3.00,1.50
2012.06.21 10:00:33.348,1.01237,1.01251,6.28,1.50
2012.06.21 10:00:33.491,1.01237,1.01248,3.00,1.50
2012.06.21 10:00:33.846,1.01236,1.01245,3.66,1.50
2012.06.21 10:00:34.196,1.01241,1.01245,1.88,1.50
2012.06.21 10:00:34.268,1.01241,1.01251,1.88,1.50
2012.06.21 10:00:35.014,1.01241,1.01252,1.88,1.50
2012.06.21 10:00:36.745,1.01238,1.01252,2.63,3.38
2012.06.21 10:00:37.031,1.01238,1.01249,2.63,1.50
2012.06.21 10:00:37.388,1.01235,1.01247,2.53,1.50
2012.06.21 10:00:37.588,1.01234,1.01247,1.88,1.50
2012.06.21 10:00:38.146,1.01234,1.01244,2.25,1.50
2012.06.21 10:00:38.285,1.01234,1.01246,2.25,1.50
2012.06.21 10:00:39.258,1.01234,1.01245,2.25,1.50
2012.06.21 10:00:39.399,1.01234,1.01242,1.88,1.50
2012.06.21 10:00:39.471,1.01232,1.01242,2.25,1.50
2012.06.21 10:00:40.686,1.01232,1.01245,1.88,1.50
2012.06.21 10:00:42.245,1.01232,1.01242,1.88,1.50
2012.06.21 10:00:43.595,1.01232,1.01244,1.88,1.50
2012.06.21 10:00:44.448,1.0123,1.01241,3.00,1.50
2012.06.21 10:00:44.798,1.01225,1.01234,2.63,3.38
2012.06.21 10:00:45.135,1.01223,1.01232,1.13,1.50
2012.06.21 10:00:45.274,1.0122,1.01232,2.63,1.50
2012.06.21 10:00:45.408,1.0122,1.01234,2.63,2.48
2012.06.21 10:00:46.150,1.01226,1.01235,1.88,2.25
2012.06.21 10:00:46.301,1.01226,1.01239,1.88,1.88
2012.06.21 10:00:46.776,1.01225,1.01238,1.88,1.50
2012.06.21 10:00:47.126,1.01221,1.01237,3.00,3.38
2012.06.21 10:00:47.446,1.01221,1.01237,3.00,3.38
2012.06.21 10:00:47.916,1.01222,1.01237,1.78,3.38
2012.06.21 10:00:47.987,1.01222,1.01237,1.78,3.38
2012.06.21 10:00:49.119,1.01223,1.01237,3.38,1.50
2012.06.21 10:00:49.679,1.01224,1.01238,1.88,1.50
2012.06.21 10:00:51.858,1.01224,1.01236,1.50,1.50
2012.06.21 10:00:52.676,1.01224,1.01236,1.50,1.50
2012.06.21 10:00:53.184,1.01224,1.01237,1.88,1.50
2012.06.21 10:00:53.505,1.01224,1.01235,1.88,1.50
2012.06.21 10:00:55.085,1.01224,1.01235,1.88,1.50
2012.06.21 10:00:57.307,1.01225,1.01237,1.13,3.00
2012.06.21 10:00:58.046,1.01223,1.01237,1.88,1.50
2012.06.21 10:00:58.119,1.01223,1.01234,1.88,1.50
2012.06.21 10:01:01.089,1.01223,1.01233,1.88,1.50
2012.06.21 10:01:03.574,1.01223,1.01231,2.63,1.50
2012.06.21 10:01:07.127,1.01221,1.01233,2.63,1.88
2012.06.21 10:01:07.709,1.01217,1.01228,2.25,1.21
2012.06.21 10:01:07.978,1.01215,1.01225,2.63,1.50
2012.06.21 10:01:10.570,1.01215,1.01227,2.63,1.50
2012.06.21 10:01:12.171,1.01221,1.01227,1.88,1.50
2012.06.21 10:01:12.802,1.01224,1.01231,1.88,1.78
2012.06.21 10:01:12.886,1.01224,1.01235,1.88,1.96
2012.06.21 10:01:13.318,1.01224,1.01233,1.88,1.50
2012.06.21 10:01:13.801,1.01224,1.0123,1.88,1.50
2012.06.21 10:01:14.107,1.01221,1.0123,1.88,1.50
2012.06.21 10:01:14.732,1.01221,1.01229,1.88,1.50
2012.06.21 10:01:15.308,1.01221,1.0123,1.88,1.50
2012.06.21 10:01:23.153,1.01221,1.01233,2.63,2.25
2012.06.21 10:01:23.239,1.01221,1.01235,2.63,1.50
2012.06.21 10:01:23.538,1.01221,1.01234,1.88,2.10
2012.06.21 10:01:24.170,1.01214,1.01222,2.63,1.50
2012.06.21 10:01:24.319,1.01214,1.01225,2.25,2.63
2012.06.21 10:01:24.461,1.01214,1.01224,2.25,1.78
2012.06.21 10:01:25.016,1.01214,1.01221,1.50,1.88
2012.06.21 10:01:25.278,1.01208,1.01221,3.75,1.88
2012.06.21 10:01:25.821,1.01209,1.01223,4.13,3.38
2012.06.21 10:01:25.900,1.01209,1.01222,2.63,2.38
2012.06.21 10:01:26.128,1.01203,1.01216,1.50,1.35
2012.06.21 10:01:26.201,1.01202,1.01212,3.38,2.10
2012.06.21 10:01:26.349,1.012,1.01209,2.25,2.10
2012.06.21 10:01:26.419,1.01198,1.01205,1.64,1.88
2012.06.21 10:01:26.895,1.01198,1.01208,2.25,1.50
2012.06.21 10:01:26.967,1.01198,1.0121,2.25,2.25
2012.06.21 10:01:27.109,1.01201,1.01211,2.25,2.25
2012.06.21 10:01:27.189,1.01198,1.0121,3.75,1.50
2012.06.21 10:01:27.256,1.01198,1.01208,2.25,1.50
2012.06.21 10:01:27.721,1.01198,1.01211,2.63,3.75
2012.06.21 10:01:27.864,1.01198,1.0121,1.13,1.78
2012.06.21 10:01:28.199,1.01186,1.01196,2.39,1.50
2012.06.21 10:01:28.269,1.01186,1.01196,1.64,1.50
2012.06.21 10:01:28.410,1.01195,1.012,1.50,2.55
2012.06.21 10:01:28.688,1.01195,1.012,1.50,1.88
2012.06.21 10:01:29.390,1.01187,1.012,2.02,1.88
2012.06.21 10:01:29.795,1.01187,1.012,2.02,1.88
2012.06.21 10:01:30.000,1.01186,1.012,3.38,1.88
2012.06.21 10:01:30.078,1.01186,1.01197,2.63,1.50
2012.06.21 10:01:30.488,1.01186,1.01199,5.63,1.50
2012.06.21 10:01:30.698,1.01189,1.01202,1.88,3.66
2012.06.21 10:01:30.838,1.01189,1.01202,3.38,1.50
2012.06.21 10:01:30.978,1.01189,1.01205,3.38,6.23
2012.06.21 10:01:31.638,1.01189,1.01205,3.00,4.73
2012.06.21 10:01:31.766,1.01189,1.01205,3.00,4.73
2012.06.21 10:01:32.108,1.012,1.01205,2.25,1.88
2012.06.21 10:01:32.531,1.012,1.01206,3.38,1.50
2012.06.21 10:01:32.680,1.012,1.01211,3.38,2.63
2012.06.21 10:01:32.891,1.01203,1.01211,1.88,2.63
2012.06.21 10:01:33.426,1.01203,1.01211,2.25,2.63
2012.06.21 10:01:33.497,1.01203,1.01211,2.25,2.25
2012.06.21 10:01:33.637,1.01203,1.01216,2.25,2.25
2012.06.21 10:01:33.887,1.01204,1.01216,1.13,1.88
2012.06.21 10:01:34.437,1.01203,1.01217,2.63,2.25
2012.06.21 10:01:34.577,1.01203,1.01217,2.63,2.25
2012.06.21 10:01:34.669,1.01204,1.01217,1.50,2.25
2012.06.21 10:01:34.879,1.01203,1.01217,2.63,2.25
2012.06.21 10:01:36.114,1.01203,1.01217,2.63,1.50
2012.06.21 10:01:36.315,1.01204,1.01217,1.50,1.50
2012.06.21 10:01:36.386,1.01203,1.01217,3.38,1.50
2012.06.21 10:01:37.576,1.01204,1.01217,2.25,1.50
2012.06.21 10:01:37.777,1.01207,1.0122,1.50,3.23
2012.06.21 10:01:38.296,1.01206,1.0122,1.88,3.23
2012.06.21 10:01:38.804,1.01206,1.01218,2.63,1.50
2012.06.21 10:01:39.005,1.01206,1.0122,3.38,3.23
2012.06.21 10:01:39.337,1.01208,1.0122,2.25,2.10
2012.06.21 10:01:40.131,1.01206,1.0122,3.38,3.88
2012.06.21 10:01:40.208,1.01206,1.0122,2.63,3.88
2012.06.21 10:01:41.161,1.01206,1.01217,2.63,1.50
2012.06.21 10:01:44.034,1.01206,1.01217,3.00,1.50
2012.06.21 10:01:44.112,1.01206,1.0122,3.00,3.60
2012.06.21 10:01:44.263,1.01212,1.0122,1.88,2.10
2012.06.21 10:01:44.344,1.01212,1.01222,1.88,1.50
2012.06.21 10:01:45.927,1.0121,1.01222,1.88,1.50
2012.06.21 10:01:46.458,1.0121,1.01223,1.88,1.50
2012.06.21 10:01:49.665,1.01213,1.01224,1.50,1.88
2012.06.21 10:01:49.807,1.01215,1.01226,1.88,1.13
2012.06.21 10:01:49.878,1.0121,1.01222,1.88,3.98
2012.06.21 10:01:50.536,1.01208,1.01222,2.63,2.48
2012.06.21 10:01:53.578,1.01208,1.01222,3.75,1.88
2012.06.21 10:01:53.720,1.01211,1.01225,1.88,2.25
2012.06.21 10:01:53.939,1.01211,1.01225,3.38,1.88
2012.06.21 10:01:54.979,1.01212,1.01223,1.50,1.88
2012.06.21 10:01:55.049,1.01212,1.01226,3.38,3.38
2012.06.21 10:01:55.121,1.01212,1.01224,2.63,1.50
2012.06.21 10:01:55.757,1.01212,1.01226,2.63,3.38
2012.06.21 10:02:00.558,1.01212,1.01224,1.88,1.50
2012.06.21 10:02:03.476,1.01212,1.01226,1.88,1.88
2012.06.21 10:02:09.648,1.01212,1.01225,1.88,1.50
2012.06.21 10:02:10.163,1.01212,1.01226,4.13,1.88
2012.06.21 10:02:10.835,1.01212,1.01225,2.25,1.88
2012.06.21 10:02:17.565,1.01211,1.01225,3.75,3.38
2012.06.21 10:02:17.960,1.01212,1.01225,1.50,3.38
2012.06.21 10:02:18.478,1.01212,1.01225,1.50,3.38
2012.06.21 10:02:19.759,1.01212,1.01224,1.50,1.50
2012.06.21 10:02:21.318,1.01213,1.01226,2.63,1.50
2012.06.21 10:02:21.837,1.01213,1.01226,4.13,1.50
2012.06.21 10:02:22.238,1.01214,1.01229,1.50,4.73
2012.06.21 10:02:22.312,1.01221,1.01229,1.88,1.50
2012.06.21 10:02:22.714,1.01221,1.01233,1.88,3.00
2012.06.21 10:02:24.378,1.01218,1.01233,3.38,2.85
2012.06.21 10:02:24.587,1.01216,1.01232,1.88,1.50
2012.06.21 10:02:25.297,1.01221,1.01232,1.88,2.25
2012.06.21 10:02:25.792,1.01224,1.01232,1.88,1.50
2012.06.21 10:02:26.077,1.01224,1.01237,2.63,2.38
2012.06.21 10:02:26.277,1.01225,1.01237,1.50,1.78
2012.06.21 10:02:26.347,1.01225,1.01238,1.50,3.38
2012.06.21 10:02:26.417,1.01228,1.01239,1.88,2.25
2012.06.21 10:02:26.605,1.01225,1.01239,2.63,2.25
2012.06.21 10:02:26.677,1.01224,1.01239,5.63,2.25
2012.06.21 10:02:27.027,1.0122,1.01232,2.25,1.50
2012.06.21 10:02:27.377,1.01218,1.01229,1.13,1.50
2012.06.21 10:02:27.928,1.01217,1.01229,2.63,1.50
2012.06.21 10:02:28.949,1.01217,1.01229,3.38,1.50
2012.06.21 10:02:29.020,1.01218,1.01231,1.50,3.38
2012.06.21 10:02:29.579,1.01217,1.01229,2.63,1.50
2012.06.21 10:02:29.937,1.0122,1.01231,1.88,3.00
2012.06.21 10:02:30.007,1.0122,1.01233,1.88,1.88
2012.06.21 10:02:30.468,1.01225,1.01235,1.88,1.78
2012.06.21 10:02:30.547,1.01226,1.01239,1.50,2.25
2012.06.21 10:02:30.828,1.01228,1.01239,1.50,1.88
2012.06.21 10:02:30.972,1.01226,1.01237,1.50,1.50
2012.06.21 10:02:31.047,1.01226,1.01237,1.50,1.50
2012.06.21 10:02:31.656,1.01225,1.01237,3.00,1.50
2012.06.21 10:02:32.175,1.01225,1.01237,4.41,1.50
2012.06.21 10:02:33.479,1.01235,1.0124,1.88,1.88
2012.06.21 10:02:33.618,1.01235,1.01243,1.88,2.25
2012.06.21 10:02:33.758,1.01235,1.01246,2.63,1.88
2012.06.21 10:02:33.895,1.01235,1.01248,2.63,2.25
2012.06.21 10:02:34.287,1.01233,1.01244,3.38,1.50
2012.06.21 10:02:34.628,1.01233,1.01241,2.25,1.50
2012.06.21 10:02:34.698,1.01233,1.01241,1.50,1.50
2012.06.21 10:02:35.255,1.01232,1.01242,2.53,1.50
2012.06.21 10:02:36.115,1.01232,1.01242,1.13,1.50
2012.06.21 10:02:36.757,1.01234,1.01242,1.88,1.50
2012.06.21 10:02:36.897,1.01234,1.01245,1.88,1.50
2012.06.21 10:02:36.968,1.01234,1.01248,2.25,3.75
2012.06.21 10:02:37.039,1.01242,1.01248,1.88,3.75
2012.06.21 10:02:37.247,1.01242,1.01252,2.63,3.75
2012.06.21 10:02:37.787,1.01242,1.01253,2.63,1.50
2012.06.21 10:02:38.247,1.0124,1.01254,2.25,1.50
2012.06.21 10:02:38.810,1.01239,1.01254,2.63,3.38
2012.06.21 10:02:38.875,1.01239,1.01252,3.38,1.50
2012.06.21 10:02:39.229,1.01239,1.01249,2.63,1.50
2012.06.21 10:02:40.605,1.01239,1.01251,2.63,1.50
2012.06.21 10:02:41.736,1.01238,1.01248,1.50,1.88
2012.06.21 10:02:42.274,1.0124,1.0125,1.88,2.25
2012.06.21 10:02:42.817,1.0124,1.01248,1.88,1.50
2012.06.21 10:02:44.066,1.0124,1.01251,1.88,1.50
2012.06.21 10:02:44.817,1.0124,1.01251,2.25,1.50
2012.06.21 10:02:45.939,1.01241,1.01252,1.13,1.50
2012.06.21 10:02:46.458,1.01241,1.01252,2.53,1.50
2012.06.21 10:02:46.799,1.01241,1.01249,2.53,1.50
2012.06.21 10:02:47.336,1.0124,1.01249,2.25,1.50
2012.06.21 10:02:47.677,1.01238,1.01246,1.78,1.50
2012.06.21 10:02:47.745,1.01235,1.01246,1.50,1.50
2012.06.21 10:02:48.396,1.01235,1.01248,1.50,1.88
2012.06.21 10:02:48.946,1.01234,1.01246,4.50,1.50
2012.06.21 10:02:50.077,1.01234,1.01246,4.50,1.50
2012.06.21 10:02:50.650,1.01234,1.01246,3.38,1.88
2012.06.21 10:02:50.797,1.01232,1.01244,2.63,2.63
2012.06.21 10:02:50.868,1.01229,1.0124,3.75,3.38
2012.06.21 10:02:51.351,1.01227,1.0124,1.50,3.38
2012.06.21 10:02:51.435,1.0123,1.01239,3.38,1.50
2012.06.21 10:02:51.509,1.01231,1.01244,1.50,2.85
2012.06.21 10:02:51.719,1.01234,1.01247,2.25,1.13
2012.06.21 10:02:51.915,1.01236,1.01249,1.88,3.00
2012.06.21 10:02:58.057,1.01236,1.01249,4.13,1.50
2012.06.21 10:02:58.885,1.01236,1.01249,4.13,1.50
2012.06.21 10:02:59.845,1.01237,1.01249,1.13,1.50
2012.06.21 10:03:00.490,1.01236,1.01249,3.00,1.50
2012.06.21 10:03:01.016,1.01237,1.01249,1.13,1.50
2012.06.21 10:03:01.707,1.01236,1.01249,3.00,1.50
2012.06.21 10:03:01.782,1.01236,1.01247,1.13,2.25
2012.06.21 10:03:01.999,1.01234,1.01247,2.25,2.25
2012.06.21 10:03:02.520,1.01233,1.01246,3.00,1.50
2012.06.21 10:03:03.297,1.01233,1.01246,3.00,1.50
2012.06.21 10:03:03.848,1.01234,1.01247,2.25,1.88
2012.06.21 10:03:05.250,1.01234,1.01248,4.13,1.50
2012.06.21 10:03:05.796,1.01234,1.01248,4.13,1.50
2012.06.21 10:03:11.269,1.01236,1.0125,4.13,4.73
2012.06.21 10:03:11.820,1.01236,1.0125,2.63,4.35
2012.06.21 10:03:12.367,1.01235,1.01248,1.13,1.50
2012.06.21 10:03:12.896,1.01236,1.0125,1.88,4.35
2012.06.21 10:03:13.240,1.01241,1.0125,1.88,2.48
2012.06.21 10:03:13.319,1.01241,1.01251,1.88,3.00
2012.06.21 10:03:13.532,1.01244,1.01252,1.78,1.50
2012.06.21 10:03:13.901,1.01245,1.0126,1.50,3.75
2012.06.21 10:03:14.456,1.01245,1.01257,1.50,1.88
2012.06.21 10:03:14.530,1.01245,1.01257,1.50,1.88
2012.06.21 10:03:18.103,1.01245,1.01257,1.13,2.63
2012.06.21 10:03:19.412,1.01243,1.01255,1.50,1.88
2012.06.21 10:03:19.496,1.01243,1.01257,4.88,3.38
2012.06.21 10:03:19.715,1.01248,1.01257,1.50,1.50
2012.06.21 10:03:19.793,1.01248,1.0126,1.88,4.13
2012.06.21 10:03:20.289,1.01248,1.01257,1.88,1.88
2012.06.21 10:03:20.781,1.01245,1.01257,2.63,1.88
2012.06.21 10:03:21.631,1.01245,1.01255,1.50,1.50
2012.06.21 10:03:21.854,1.01241,1.01255,3.38,2.25
2012.06.21 10:03:22.283,1.01244,1.01256,2.25,2.63
2012.06.21 10:03:22.641,1.01247,1.0126,1.88,2.25
2012.06.21 10:03:22.721,1.01247,1.01261,4.13,3.00
2012.06.21 10:03:23.148,1.01248,1.01262,4.41,2.25
2012.06.21 10:03:24.567,1.01248,1.01262,2.63,1.50
2012.06.21 10:03:25.729,1.01248,1.01263,4.13,1.50
2012.06.21 10:03:26.256,1.01248,1.01264,4.13,3.75
2012.06.21 10:03:26.611,1.0125,1.01264,1.50,3.75
2012.06.21 10:03:26.959,1.0125,1.01264,1.50,4.50
2012.06.21 10:03:27.057,1.0125,1.01264,1.50,3.75
2012.06.21 10:03:29.357,1.0125,1.01264,2.63,1.88
2012.06.21 10:03:29.688,1.0125,1.01261,3.38,1.50
2012.06.21 10:03:30.204,1.01248,1.01261,2.63,1.50
2012.06.21 10:03:30.466,1.01247,1.01259,1.13,1.88
2012.06.21 10:03:31.008,1.01245,1.01259,3.00,1.88
2012.06.21 10:03:31.348,1.01248,1.01259,1.88,2.25
2012.06.21 10:03:31.561,1.01249,1.01261,1.50,1.88
2012.06.21 10:03:31.639,1.01249,1.01263,3.38,6.38
2012.06.21 10:03:33.445,1.01249,1.01263,2.63,2.63
2012.06.21 10:03:35.787,1.01249,1.01263,2.63,2.63
2012.06.21 10:03:36.255,1.01251,1.01264,1.88,2.25
2012.06.21 10:03:38.718,1.01248,1.01264,4.13,4.13
2012.06.21 10:03:38.991,1.01251,1.01264,1.88,2.25
2012.06.21 10:03:39.734,1.01251,1.01265,1.88,2.63
2012.06.21 10:03:39.974,1.01251,1.01265,3.38,4.88
2012.06.21 10:03:41.288,1.01251,1.01265,6.38,3.38
2012.06.21 10:03:41.434,1.01254,1.01266,1.88,1.50
2012.06.21 10:03:41.509,1.01255,1.0127,2.25,7.63
2012.06.21 10:03:41.578,1.01255,1.0127,2.25,3.75
2012.06.21 10:03:41.720,1.01256,1.0127,2.63,1.50
2012.06.21 10:03:43.667,1.01258,1.01271,1.50,1.13
2012.06.21 10:03:44.023,1.01263,1.01275,1.88,2.25
2012.06.21 10:03:44.461,1.01263,1.01275,1.88,1.88
2012.06.21 10:03:45.015,1.01263,1.01274,1.88,1.50
2012.06.21 10:03:45.275,1.01263,1.01277,3.38,4.50
2012.06.21 10:03:45.751,1.01267,1.01277,2.25,3.00
2012.06.21 10:03:46.250,1.01269,1.01279,1.88,1.13
2012.06.21 10:03:46.329,1.01269,1.01281,2.25,1.88
2012.06.21 10:03:46.398,1.01272,1.01281,2.25,1.88
2012.06.21 10:03:46.739,1.0127,1.01282,2.25,3.00
2012.06.21 10:03:47.309,1.01271,1.01282,1.50,2.25
2012.06.21 10:03:47.720,1.01269,1.01282,3.75,2.25
2012.06.21 10:03:48.588,1.01266,1.01282,4.13,4.50
2012.06.21 10:03:48.657,1.01266,1.01282,4.13,4.50
2012.06.21 10:03:48.907,1.01266,1.01282,4.13,6.75
2012.06.21 10:03:49.262,1.01271,1.01284,1.88,1.88
2012.06.21 10:03:49.339,1.01271,1.01284,1.88,1.88
2012.06.21 10:03:49.618,1.01273,1.01286,1.88,3.00
2012.06.21 10:03:50.167,1.01274,1.01287,1.88,1.50
2012.06.21 10:03:50.687,1.01273,1.01287,7.13,3.38
2012.06.21 10:03:52.688,1.01273,1.01286,3.38,1.50
2012.06.21 10:03:54.067,1.01273,1.01287,1.88,1.88
2012.06.21 10:03:54.397,1.01273,1.01287,2.63,1.88
2012.06.21 10:03:54.866,1.01274,1.01287,2.25,1.88
2012.06.21 10:03:57.244,1.01276,1.0129,4.13,1.88
2012.06.21 10:03:59.184,1.01276,1.01289,2.63,1.50
2012.06.21 10:04:03.108,1.01277,1.0129,2.25,1.88
2012.06.21 10:04:03.640,1.01277,1.0129,2.25,1.88
2012.06.21 10:04:04.984,1.01278,1.01293,2.63,1.50
2012.06.21 10:04:06.546,1.01278,1.01291,2.63,1.50
2012.06.21 10:04:07.034,1.01282,1.01294,1.50,1.88
2012.06.21 10:04:07.388,1.01288,1.01299,1.88,2.63
2012.06.21 10:04:07.527,1.01288,1.01299,1.88,2.25
2012.06.21 10:04:08.136,1.01288,1.013,4.13,1.13
2012.06.21 10:04:08.215,1.0129,1.01302,2.25,1.88
2012.06.21 10:04:08.426,1.01288,1.01302,4.13,1.88
2012.06.21 10:04:09.057,1.01289,1.01304,3.00,1.50
2012.06.21 10:04:09.725,1.01292,1.01305,1.50,4.50
2012.06.21 10:04:10.056,1.01294,1.01305,1.50,4.50
2012.06.21 10:04:10.345,1.01292,1.01305,1.50,4.50
2012.06.21 10:04:12.161,1.01292,1.01304,1.50,1.50
2012.06.21 10:04:12.241,1.01294,1.01304,1.13,1.50
2012.06.21 10:04:12.392,1.01298,1.01311,2.63,4.13
2012.06.21 10:04:12.891,1.013,1.01312,1.50,1.50
2012.06.21 10:04:13.246,1.01301,1.01312,1.50,1.50
2012.06.21 10:04:13.600,1.01298,1.01311,3.00,2.25
2012.06.21 10:04:14.017,1.01299,1.01311,1.13,1.50
2012.06.21 10:04:14.090,1.01299,1.01314,1.13,3.38
2012.06.21 10:04:14.629,1.01304,1.01314,1.88,1.50
2012.06.21 10:04:14.782,1.01304,1.01316,3.00,2.48
2012.06.21 10:04:15.259,1.01305,1.01318,3.00,1.88
2012.06.21 10:04:15.742,1.01306,1.01319,2.63,1.88
2012.06.21 10:04:16.285,1.01306,1.01319,1.88,1.88
2012.06.21 10:04:17.055,1.01306,1.01319,4.13,1.88
2012.06.21 10:04:17.815,1.01306,1.01319,4.13,1.50
2012.06.21 10:04:17.957,1.01307,1.01321,2.25,1.50
2012.06.21 10:04:18.509,1.0131,1.01322,1.50,2.48
2012.06.21 10:04:18.959,1.01316,1.01324,2.63,1.50
2012.06.21 10:04:19.097,1.01314,1.01326,1.64,1.88
2012.06.21 10:04:19.170,1.01316,1.01326,1.64,1.88
2012.06.21 10:04:19.308,1.01317,1.01328,2.63,1.50
2012.06.21 10:04:19.377,1.01317,1.01328,2.63,1.50
2012.06.21 10:04:19.588,1.01319,1.01333,4.63,1.96
2012.06.21 10:04:20.139,1.0132,1.01334,2.63,1.50
2012.06.21 10:04:20.602,1.01321,1.01334,1.13,1.50
2012.06.21 10:04:20.693,1.0132,1.01326,1.50,1.88
2012.06.21 10:04:20.920,1.01314,1.01325,1.78,1.50
2012.06.21 10:04:21.001,1.01312,1.01325,3.75,1.50
2012.06.21 10:04:22.087,1.01312,1.01325,2.63,3.38
2012.06.21 10:04:23.371,1.01315,1.01326,1.88,1.50
2012.06.21 10:04:23.453,1.01315,1.01328,1.88,1.50
2012.06.21 10:04:23.530,1.01316,1.0133,1.50,4.13
2012.06.21 10:04:23.679,1.01315,1.01328,2.63,1.50
2012.06.21 10:04:24.240,1.01315,1.01328,3.38,1.50
2012.06.21 10:04:24.785,1.01316,1.01328,1.50,1.50
2012.06.21 10:04:25.350,1.01319,1.01329,1.50,3.38
2012.06.21 10:04:25.710,1.01316,1.01321,1.50,1.88
2012.06.21 10:04:26.761,1.0131,1.01321,3.00,1.88
2012.06.21 10:04:26.977,1.0131,1.01321,3.00,1.88
2012.06.21 10:04:27.516,1.01312,1.01321,1.50,1.88
2012.06.21 10:04:28.098,1.01312,1.01324,1.50,1.88
2012.06.21 10:04:29.077,1.01314,1.01324,1.50,1.88
2012.06.21 10:04:29.275,1.01311,1.01324,3.38,1.88
2012.06.21 10:04:29.887,1.01311,1.01322,1.13,1.88
2012.06.21 10:04:30.219,1.01309,1.01322,1.13,3.38
2012.06.21 10:04:30.770,1.01308,1.0132,1.78,1.50
2012.06.21 10:04:30.921,1.01309,1.01323,2.63,3.38
2012.06.21 10:04:30.999,1.01312,1.01323,1.13,1.88
2012.06.21 10:04:31.492,1.01314,1.01325,1.50,1.50
2012.06.21 10:04:32.007,1.01316,1.01326,2.25,1.88
2012.06.21 10:04:32.432,1.01317,1.01329,1.50,1.88
2012.06.21 10:04:32.648,1.0132,1.01329,2.25,1.88
2012.06.21 10:04:32.967,1.01317,1.01329,1.88,1.88
2012.06.21 10:04:34.224,1.01316,1.01329,2.25,1.88
2012.06.21 10:04:34.970,1.01316,1.01327,2.25,1.88
2012.06.21 10:04:35.401,1.01313,1.01324,4.50,1.50
2012.06.21 10:04:35.749,1.01313,1.01324,3.38,1.50
2012.06.21 10:04:36.374,1.01314,1.01324,2.63,1.50
2012.06.21 10:04:36.456,1.01314,1.01327,2.63,1.50
2012.06.21 10:04:36.672,1.01314,1.01324,4.13,1.88
2012.06.21 10:04:36.753,1.01314,1.01327,3.38,1.88
2012.06.21 10:04:36.973,1.01314,1.01323,2.63,1.50
2012.06.21 10:04:37.328,1.01313,1.01323,1.13,1.50
2012.06.21 10:04:38.008,1.01312,1.01324,1.13,1.88
2012.06.21 10:04:38.839,1.0131,1.01322,2.63,1.88
2012.06.21 10:04:38.910,1.01309,1.01322,4.88,1.88
2012.06.21 10:04:39.826,1.01309,1.01322,3.38,1.50
2012.06.21 10:04:40.603,1.01309,1.01323,4.50,3.38
2012.06.21 10:04:41.165,1.01309,1.01323,4.50,3.38
2012.06.21 10:04:42.014,1.01309,1.01323,4.50,4.13
2012.06.21 10:04:42.538,1.01309,1.01322,3.00,1.35
2012.06.21 10:04:42.608,1.01309,1.01323,3.75,1.88
2012.06.21 10:04:43.027,1.01311,1.01321,1.50,1.88
2012.06.21 10:04:44.685,1.0131,1.01321,2.25,1.88
2012.06.21 10:04:45.035,1.01312,1.01321,2.25,1.88
2012.06.21 10:04:46.023,1.0131,1.01321,2.25,1.88
2012.06.21 10:04:46.827,1.0131,1.01321,3.00,1.88
2012.06.21 10:04:47.355,1.0131,1.01321,2.25,1.88
2012.06.21 10:04:48.077,1.01311,1.01321,1.50,1.88
2012.06.21 10:04:48.147,1.01311,1.01321,2.25,1.88
2012.06.21 10:04:48.354,1.01311,1.01321,1.50,1.88
2012.06.21 10:04:48.596,1.01311,1.01321,2.25,1.88
2012.06.21 10:04:48.728,1.01311,1.01321,2.25,1.88
2012.06.21 10:04:49.557,1.01311,1.01323,1.50,1.88
2012.06.21 10:04:51.727,1.01312,1.01323,1.50,1.88
2012.06.21 10:04:52.277,1.01312,1.01323,3.00,1.88
2012.06.21 10:04:52.349,1.01316,1.01326,4.88,2.85
2012.06.21 10:04:52.566,1.01321,1.01335,4.13,5.18
2012.06.21 10:04:52.641,1.01324,1.01335,1.50,2.93
2012.06.21 10:04:52.788,1.01324,1.01337,3.75,2.25
2012.06.21 10:04:52.932,1.01326,1.0134,1.88,2.10
2012.06.21 10:04:53.010,1.01329,1.01342,1.50,3.23
2012.06.21 10:04:53.368,1.01331,1.01342,1.50,2.85
2012.06.21 10:04:53.508,1.01331,1.01345,4.13,3.75
2012.06.21 10:04:54.753,1.01329,1.01337,3.38,3.38
2012.06.21 10:04:54.828,1.01328,1.01337,3.38,1.50
2012.06.21 10:04:54.895,1.0133,1.01342,1.50,2.63
2012.06.21 10:04:55.293,1.01332,1.01346,4.13,2.25
2012.06.21 10:04:55.510,1.01334,1.01346,1.50,1.88
2012.06.21 10:04:55.796,1.01335,1.01346,1.50,1.88
2012.06.21 10:04:56.186,1.01334,1.01346,1.50,1.88
2012.06.21 10:04:56.661,1.01337,1.01346,2.25,1.88
2012.06.21 10:04:56.881,1.01335,1.01346,1.88,1.88
2012.06.21 10:04:58.160,1.01335,1.01347,1.13,1.50
2012.06.21 10:04:58.238,1.01335,1.01349,2.63,3.75
2012.06.21 10:04:58.306,1.01335,1.01349,2.63,3.75
2012.06.21 10:04:58.436,1.01335,1.01349,2.63,3.75
2012.06.21 10:04:59.376,1.01335,1.01349,2.63,3.75
2012.06.21 10:04:59.731,1.01338,1.01352,2.25,5.10
2012.06.21 10:05:02.720,1.01337,1.01347,1.50,1.88
2012.06.21 10:05:02.789,1.01336,1.01347,3.00,1.88
2012.06.21 10:05:03.137,1.01336,1.0135,4.88,1.88
2012.06.21 10:05:03.350,1.01339,1.0135,2.25,1.88
2012.06.21 10:05:04.047,1.0134,1.0135,2.25,1.88
2012.06.21 10:05:04.133,1.01339,1.0135,1.50,1.88
2012.06.21 10:05:04.350,1.0134,1.0135,1.50,1.88
2012.06.21 10:05:04.767,1.0134,1.0135,3.75,1.88
2012.06.21 10:05:05.499,1.01339,1.0135,4.50,1.88
2012.06.21 10:05:05.701,1.01339,1.01347,3.00,1.88
2012.06.21 10:05:05.991,1.01337,1.01347,2.25,1.88
2012.06.21 10:05:07.227,1.01335,1.01347,4.13,1.88
2012.06.21 10:05:07.721,1.01335,1.01345,1.13,1.50
2012.06.21 10:05:08.082,1.01331,1.01343,1.50,1.50
2012.06.21 10:05:08.987,1.0133,1.01344,2.25,3.75
2012.06.21 10:05:09.270,1.0133,1.01344,3.00,3.75
2012.06.21 10:05:09.797,1.0133,1.01344,2.63,3.38
2012.06.21 10:05:11.365,1.0133,1.01344,2.63,3.38
2012.06.21 10:05:11.795,1.01329,1.01343,3.38,1.88
2012.06.21 10:05:12.010,1.01329,1.0134,3.38,1.50
2012.06.21 10:05:12.518,1.01326,1.01337,1.13,1.88
2012.06.21 10:05:12.854,1.01323,1.01337,5.53,3.38
2012.06.21 10:05:13.397,1.01324,1.01337,1.13,3.38
2012.06.21 10:05:13.776,1.01324,1.0134,3.75,4.50
2012.06.21 10:05:15.719,1.01329,1.01341,1.88,1.88
2012.06.21 10:05:16.070,1.0133,1.01341,3.00,1.50
2012.06.21 10:05:16.279,1.01331,1.01343,1.88,2.63
2012.06.21 10:05:17.005,1.01331,1.01345,3.00,2.63
2012.06.21 10:05:17.084,1.01332,1.01345,1.13,1.88
2012.06.21 10:05:17.605,1.01333,1.01346,2.63,1.88
2012.06.21 10:05:18.958,1.01333,1.01347,3.38,4.35
2012.06.21 10:05:19.597,1.01333,1.01347,3.38,2.48
2012.06.21 10:05:20.416,1.01333,1.01347,4.13,2.48
2012.06.21 10:05:20.946,1.01335,1.01347,1.50,2.48
2012.06.21 10:05:21.144,1.01333,1.01347,2.63,2.48
2012.06.21 10:05:21.477,1.01333,1.01345,2.63,1.50
2012.06.21 10:05:22.037,1.01332,1.01344,1.13,1.50
2012.06.21 10:05:22.710,1.01332,1.01345,1.88,1.88
2012.06.21 10:05:27.255,1.01331,1.01344,5.25,1.50
2012.06.21 10:05:31.714,1.01331,1.01343,2.63,1.88
2012.06.21 10:05:32.336,1.01327,1.01343,5.25,3.38
2012.06.21 10:05:32.847,1.01331,1.01343,1.88,1.50
2012.06.21 10:05:33.117,1.01332,1.01345,2.25,1.88
2012.06.21 10:05:33.189,1.01334,1.01345,1.50,1.88
2012.06.21 10:05:33.696,1.01333,1.01345,1.50,1.88
2012.06.21 10:05:34.213,1.01332,1.01344,1.50,1.50
2012.06.21 10:05:34.777,1.01331,1.01344,2.63,1.50
2012.06.21 10:05:35.105,1.01331,1.01342,1.88,1.50
2012.06.21 10:05:35.315,1.01331,1.01345,2.63,3.38
2012.06.21 10:05:35.696,1.01332,1.01345,1.50,3.75
2012.06.21 10:05:35.766,1.01331,1.01345,3.38,3.75
2012.06.21 10:05:36.294,1.01331,1.01345,2.63,3.38
2012.06.21 10:05:41.758,1.01333,1.01345,2.25,1.88
2012.06.21 10:05:44.505,1.01331,1.01345,4.13,1.88
2012.06.21 10:05:45.603,1.01331,1.01345,3.38,1.88
2012.06.21 10:05:46.229,1.01331,1.01345,3.38,1.88
2012.06.21 10:05:46.556,1.01333,1.01345,1.13,1.88
2012.06.21 10:05:47.464,1.01332,1.01345,3.00,1.88
2012.06.21 10:05:47.861,1.01335,1.01345,2.25,1.88
2012.06.21 10:05:47.936,1.01335,1.01348,2.25,2.48
2012.06.21 10:05:48.138,1.01335,1.01348,2.25,1.88
2012.06.21 10:05:49.576,1.01335,1.01348,1.50,1.88
2012.06.21 10:05:49.645,1.01336,1.01348,1.50,1.88
2012.06.21 10:05:49.784,1.01335,1.01348,1.50,1.88
2012.06.21 10:05:51.165,1.01335,1.01348,2.25,2.63
2012.06.21 10:05:51.296,1.01335,1.01348,1.50,2.63
2012.06.21 10:05:51.436,1.01335,1.01348,3.28,2.63
2012.06.21 10:05:51.577,1.01337,1.0135,1.88,1.50
2012.06.21 10:05:52.731,1.01336,1.01347,1.88,1.88
2012.06.21 10:05:53.206,1.01336,1.01352,4.50,6.60
2012.06.21 10:05:55.935,1.01336,1.0135,2.63,2.48
2012.06.21 10:05:56.682,1.01336,1.0135,2.25,4.73
2012.06.21 10:05:58.284,1.01334,1.01347,2.25,1.50
2012.06.21 10:06:03.687,1.01335,1.01349,1.88,1.88
2012.06.21 10:06:03.898,1.01336,1.0135,1.88,2.48
2012.06.21 10:06:05.697,1.01339,1.01351,1.50,2.48
2012.06.21 10:06:05.966,1.01337,1.01351,3.75,3.98
2012.06.21 10:06:07.284,1.01337,1.01351,3.75,4.35
2012.06.21 10:06:07.808,1.01337,1.01349,2.25,1.88
2012.06.21 10:06:09.416,1.01335,1.01349,4.05,3.75
2012.06.21 10:06:09.957,1.01335,1.01348,2.55,1.88
2012.06.21 10:06:10.099,1.01337,1.01349,1.50,1.88
2012.06.21 10:06:10.231,1.01335,1.01349,1.88,2.25
2012.06.21 10:06:10.437,1.01332,1.01348,8.25,4.50
2012.06.21 10:06:10.509,1.01332,1.01345,6.75,1.50
2012.06.21 10:06:10.648,1.01332,1.01348,7.50,4.50
2012.06.21 10:06:10.718,1.01332,1.01348,7.50,3.75
2012.06.21 10:06:11.185,1.01335,1.01348,1.50,3.38
2012.06.21 10:06:11.657,1.01332,1.01348,6.75,4.13
2012.06.21 10:06:12.357,1.01332,1.01346,4.88,1.88
2012.06.21 10:06:15.475,1.01333,1.01349,3.75,4.88
2012.06.21 10:06:15.785,1.01336,1.01349,1.50,2.63
2012.06.21 10:06:16.055,1.01334,1.01348,1.50,2.25
2012.06.21 10:06:16.246,1.01334,1.01348,1.50,2.63
2012.06.21 10:06:16.390,1.01331,1.01344,2.63,1.50
2012.06.21 10:06:17.009,1.01331,1.01342,1.88,1.50
2012.06.21 10:06:17.545,1.01328,1.01342,3.75,1.50
2012.06.21 10:06:18.249,1.01328,1.01338,1.50,1.88
2012.06.21 10:06:18.387,1.01329,1.01341,1.88,2.25
2012.06.21 10:06:18.585,1.01329,1.01343,1.88,2.63
2012.06.21 10:06:19.135,1.01329,1.01343,1.88,1.50
2012.06.21 10:06:20.486,1.0133,1.01344,1.50,1.88
2012.06.21 10:06:21.404,1.0133,1.01344,1.50,1.88
2012.06.21 10:06:21.746,1.01326,1.01337,1.13,2.25
2012.06.21 10:06:22.096,1.0132,1.01332,1.88,1.88
2012.06.21 10:06:22.426,1.0132,1.01332,1.88,1.88
2012.06.21 10:06:22.627,1.01322,1.01332,1.50,1.88
2012.06.21 10:06:24.016,1.01322,1.01335,1.50,2.63
2012.06.21 10:06:24.089,1.0132,1.01334,3.38,1.50
2012.06.21 10:06:24.381,1.01318,1.0133,1.13,1.88
2012.06.21 10:06:24.528,1.01317,1.0133,2.63,3.38
2012.06.21 10:06:25.094,1.01316,1.0133,3.75,3.38
2012.06.21 10:06:25.296,1.01316,1.0133,3.38,3.98
2012.06.21 10:06:25.817,1.01316,1.01329,1.88,1.50
2012.06.21 10:06:26.575,1.01316,1.0133,3.38,4.88
2012.06.21 10:06:26.916,1.01315,1.01328,1.88,2.63
2012.06.21 10:06:27.446,1.01314,1.01327,2.25,1.50
2012.06.21 10:06:28.155,1.01314,1.01328,3.75,2.63
2012.06.21 10:06:28.506,1.01312,1.01326,4.13,1.88
2012.06.21 10:06:28.647,1.0131,1.01326,6.38,4.96
2012.06.21 10:06:28.995,1.01308,1.01323,2.63,1.88
2012.06.21 10:06:29.821,1.01308,1.01323,2.63,1.88
2012.06.21 10:06:30.391,1.01307,1.01322,3.75,1.50
2012.06.21 10:06:31.855,1.01309,1.01323,1.50,5.63
2012.06.21 10:06:32.485,1.01307,1.01322,5.25,1.50
2012.06.21 10:06:33.059,1.01308,1.01323,2.25,1.88
2012.06.21 10:06:34.946,1.01311,1.01323,1.50,1.88
2012.06.21 10:06:35.280,1.01311,1.01321,1.50,1.88
2012.06.21 10:06:35.628,1.01308,1.01321,2.25,3.38
2012.06.21 10:06:36.007,1.01306,1.01319,1.13,1.50
2012.06.21 10:06:36.548,1.01306,1.01318,1.13,1.88
2012.06.21 10:06:37.866,1.01306,1.01318,1.13,2.25
2012.06.21 10:06:40.747,1.01304,1.01316,2.63,1.50
2012.06.21 10:06:41.512,1.01306,1.01318,2.25,2.25
2012.06.21 10:06:42.735,1.01306,1.01318,2.25,1.88
2012.06.21 10:06:42.928,1.01307,1.0132,2.63,2.25
2012.06.21 10:06:42.998,1.01312,1.01323,1.88,1.88
2012.06.21 10:06:43.660,1.01312,1.01326,4.13,3.00
2012.06.21 10:06:44.089,1.01312,1.01326,4.88,2.63
2012.06.21 10:06:44.679,1.01313,1.01324,2.63,1.50
2012.06.21 10:06:46.015,1.01313,1.01327,2.63,2.25
2012.06.21 10:06:47.146,1.01313,1.01327,2.63,1.88
2012.06.21 10:06:48.569,1.01312,1.01328,3.38,4.33
2012.06.21 10:06:49.374,1.01312,1.01327,2.25,2.25
2012.06.21 10:06:49.505,1.01312,1.01327,2.25,2.25
2012.06.21 10:06:51.106,1.01314,1.01328,1.50,2.25
2012.06.21 10:06:51.389,1.01315,1.01329,4.13,3.08
2012.06.21 10:06:52.436,1.01317,1.01328,1.88,1.50
2012.06.21 10:06:52.977,1.01317,1.01331,4.13,5.10
2012.06.21 10:06:53.723,1.01317,1.01331,4.13,3.98
2012.06.21 10:06:54.510,1.0132,1.01331,1.88,2.10
2012.06.21 10:06:54.873,1.01326,1.01335,1.88,1.50
2012.06.21 10:06:55.229,1.01326,1.01338,2.63,1.50
2012.06.21 10:06:55.651,1.01324,1.01338,2.63,3.83
2012.06.21 10:06:55.732,1.01322,1.01333,2.63,1.50
2012.06.21 10:06:56.088,1.01321,1.01331,1.13,1.50
2012.06.21 10:06:56.227,1.01321,1.01333,1.13,1.50
2012.06.21 10:06:56.837,1.0132,1.01333,3.38,1.50
2012.06.21 10:06:58.050,1.01321,1.01334,2.25,1.88
2012.06.21 10:06:58.266,1.01322,1.01334,1.50,1.88
2012.06.21 10:06:58.458,1.01324,1.01337,1.88,2.63
2012.06.21 10:06:59.015,1.01324,1.01337,1.88,2.25
2012.06.21 10:07:01.348,1.01325,1.01337,1.88,1.50
2012.06.21 10:07:01.558,1.01326,1.01337,1.50,1.50
2012.06.21 10:07:01.697,1.01326,1.01341,1.50,4.50
2012.06.21 10:07:05.955,1.01333,1.01341,1.88,1.13
2012.06.21 10:07:06.175,1.01328,1.01343,3.00,3.23
2012.06.21 10:07:06.530,1.01331,1.01343,1.50,3.60
2012.06.21 10:07:11.202,1.01337,1.01345,1.88,2.78
2012.06.21 10:07:11.418,1.01338,1.01347,1.88,2.18
2012.06.21 10:07:11.559,1.01338,1.01347,1.88,1.50
2012.06.21 10:07:11.993,1.01338,1.01351,2.63,1.88
2012.06.21 10:07:12.547,1.01338,1.0135,2.63,1.50
2012.06.21 10:07:13.337,1.01338,1.01348,2.63,1.50
2012.06.21 10:07:14.215,1.01338,1.01349,2.63,1.50
2012.06.21 10:07:14.763,1.01336,1.01348,4.13,1.50
2012.06.21 10:07:17.736,1.01334,1.01345,1.50,1.50
2012.06.21 10:07:17.875,1.01334,1.01345,1.13,1.50
2012.06.21 10:07:18.837,1.01334,1.01348,1.13,1.50
2012.06.21 10:07:25.484,1.01334,1.01348,2.25,1.50
2012.06.21 10:07:26.069,1.01334,1.01349,4.13,1.88
2012.06.21 10:07:26.557,1.01334,1.01347,2.25,1.50
2012.06.21 10:07:26.838,1.01334,1.01347,1.13,1.50
2012.06.21 10:07:27.287,1.01334,1.01344,1.13,1.50
2012.06.21 10:07:27.429,1.01334,1.01346,1.13,1.50
2012.06.21 10:07:27.946,1.01334,1.01345,1.13,1.50
2012.06.21 10:07:29.290,1.01334,1.01343,1.13,1.50
2012.06.21 10:07:29.570,1.0133,1.0134,1.13,1.50
2012.06.21 10:07:30.188,1.01329,1.0134,2.25,1.50
2012.06.21 10:07:30.330,1.01329,1.01342,2.25,1.50
2012.06.21 10:07:31.895,1.01329,1.0134,2.25,1.50
2012.06.21 10:07:32.240,1.01326,1.01337,1.88,3.75
2012.06.21 10:07:32.580,1.0132,1.01331,1.50,1.50
2012.06.21 10:07:32.787,1.0132,1.01333,1.50,1.50
2012.06.21 10:07:33.047,1.0132,1.01335,3.75,3.38
2012.06.21 10:07:34.517,1.01322,1.01337,2.63,3.38
2012.06.21 10:07:34.732,1.01324,1.01339,1.50,4.13
2012.06.21 10:07:35.308,1.01326,1.01339,1.50,1.88
2012.06.21 10:07:43.266,1.01325,1.01339,1.50,3.38
2012.06.21 10:07:44.314,1.01324,1.01339,1.43,3.38
2012.06.21 10:07:45.014,1.01324,1.01337,1.88,1.50
2012.06.21 10:07:46.698,1.01324,1.01337,3.28,1.50
2012.06.21 10:07:49.567,1.01324,1.01336,1.50,1.50
2012.06.21 10:07:53.438,1.01324,1.01338,1.13,1.50
2012.06.21 10:07:53.757,1.01324,1.01336,1.13,1.50
2012.06.21 10:07:54.085,1.01324,1.01334,1.13,1.50
2012.06.21 10:07:55.035,1.01324,1.01336,1.13,1.50
2012.06.21 10:07:55.442,1.01324,1.01334,1.13,1.50
2012.06.21 10:07:56.010,1.0132,1.01331,3.00,1.50
2012.06.21 10:07:58.337,1.0132,1.01331,1.13,1.50
2012.06.21 10:07:58.548,1.01318,1.01329,2.25,1.50
2012.06.21 10:07:58.749,1.01316,1.01328,1.88,1.50
2012.06.21 10:07:59.570,1.01317,1.01329,1.13,1.50
2012.06.21 10:08:05.758,1.01314,1.01326,4.43,1.50
2012.06.21 10:08:06.275,1.01314,1.01327,1.88,1.50
2012.06.21 10:08:07.334,1.01314,1.01329,1.88,3.38
2012.06.21 10:08:07.845,1.01315,1.01329,1.13,1.50
2012.06.21 10:08:07.986,1.01315,1.01325,1.13,1.50
2012.06.21 10:08:08.488,1.01314,1.01325,1.88,1.50
2012.06.21 10:08:08.839,1.01312,1.01322,3.00,1.50
2012.06.21 10:08:08.906,1.01312,1.01324,3.00,1.50
2012.06.21 10:08:08.980,1.01312,1.01327,3.00,1.50
2012.06.21 10:08:09.120,1.01314,1.01328,1.50,3.23
2012.06.21 10:08:09.624,1.01316,1.01329,1.88,4.88
2012.06.21 10:08:10.158,1.01316,1.01327,1.88,1.50
2012.06.21 10:08:10.287,1.01316,1.0133,1.88,3.75
2012.06.21 10:08:10.546,1.01316,1.01328,1.88,1.50
2012.06.21 10:08:11.978,1.01316,1.01329,1.88,1.50
2012.06.21 10:08:13.005,1.01316,1.01327,1.88,1.50
2012.06.21 10:08:13.347,1.01312,1.01321,2.25,1.50
2012.06.21 10:08:13.885,1.01312,1.01322,1.88,1.50
2012.06.21 10:08:19.724,1.01317,1.01322,1.88,1.50
2012.06.21 10:08:19.800,1.01317,1.01326,1.88,2.25
2012.06.21 10:08:19.867,1.01313,1.01326,1.78,3.38
2012.06.21 10:08:19.997,1.01313,1.01323,1.78,1.50
2012.06.21 10:08:20.559,1.01312,1.01323,2.25,1.50
2012.06.21 10:08:21.437,1.01312,1.01323,2.25,1.50
2012.06.21 10:08:21.959,1.0131,1.01323,1.50,1.50
2012.06.21 10:08:22.103,1.0131,1.01321,1.50,1.50
2012.06.21 10:08:22.527,1.01307,1.01321,1.13,5.25
2012.06.21 10:08:23.135,1.01306,1.01319,1.13,3.38
2012.06.21 10:08:23.211,1.01303,1.01319,4.05,3.38
2012.06.21 10:08:23.359,1.01303,1.01315,1.05,1.88
2012.06.21 10:08:23.709,1.01301,1.01313,1.88,1.88
2012.06.21 10:08:24.036,1.013,1.01311,1.13,4.88
2012.06.21 10:08:24.318,1.01296,1.01311,1.80,4.88
2012.06.21 10:08:24.856,1.01296,1.01311,1.80,3.38
2012.06.21 10:08:26.258,1.01297,1.01311,1.05,1.88
2012.06.21 10:08:26.466,1.013,1.01311,2.25,1.88
2012.06.21 10:08:26.788,1.01298,1.01311,1.13,1.88
2012.06.21 10:08:26.996,1.01297,1.01309,2.93,1.50
2012.06.21 10:08:28.878,1.01297,1.01309,2.25,1.50
2012.06.21 10:08:29.231,1.01294,1.01304,2.25,1.50
2012.06.21 10:08:29.779,1.01294,1.01305,1.88,1.50
2012.06.21 10:08:31.789,1.01291,1.01305,3.00,1.50
2012.06.21 10:08:32.307,1.01291,1.01307,3.00,3.38
2012.06.21 10:08:32.382,1.01294,1.01307,1.88,1.50
2012.06.21 10:08:34.316,1.01294,1.01308,2.25,3.38
2012.06.21 10:08:34.668,1.01299,1.01312,1.88,1.13
2012.06.21 10:08:35.069,1.01295,1.01308,2.63,1.88
2012.06.21 10:08:35.138,1.01295,1.01306,2.63,1.50
2012.06.21 10:08:35.489,1.01295,1.01309,1.88,4.13
2012.06.21 10:08:36.027,1.01295,1.01307,1.88,1.50
2012.06.21 10:08:38.615,1.01295,1.01308,1.88,3.00
2012.06.21 10:08:40.946,1.01295,1.01309,1.88,3.38
2012.06.21 10:08:41.092,1.01297,1.0131,1.88,1.50
2012.06.21 10:08:41.589,1.01297,1.01312,3.38,1.50
2012.06.21 10:08:42.118,1.01297,1.01313,3.38,3.75
2012.06.21 10:08:44.985,1.01297,1.01313,3.75,3.75
2012.06.21 10:08:45.179,1.01301,1.01315,1.88,8.33
2012.06.21 10:08:45.530,1.01303,1.01317,4.88,1.21
2012.06.21 10:08:46.079,1.01305,1.01316,1.88,1.50
2012.06.21 10:08:46.419,1.01305,1.01319,1.88,3.46
2012.06.21 10:08:46.966,1.01305,1.01319,1.88,1.50
2012.06.21 10:08:47.569,1.01308,1.01321,1.88,2.33
2012.06.21 10:08:47.920,1.01308,1.01322,4.13,3.38
2012.06.21 10:08:48.428,1.01309,1.01323,1.88,1.50
2012.06.21 10:08:48.969,1.01309,1.01323,4.41,1.50
2012.06.21 10:08:49.042,1.01309,1.0132,3.66,1.50
2012.06.21 10:08:49.386,1.01309,1.01322,4.41,1.50
2012.06.21 10:08:50.258,1.01309,1.01322,2.63,1.50
2012.06.21 10:08:50.330,1.01309,1.0132,2.63,1.50
2012.06.21 10:08:50.677,1.01308,1.01318,1.13,1.50
2012.06.21 10:08:52.265,1.01308,1.0132,1.13,1.50
2012.06.21 10:08:52.785,1.01308,1.0132,1.13,1.50
2012.06.21 10:08:54.267,1.01308,1.01322,1.13,1.50
2012.06.21 10:08:54.775,1.01308,1.01323,1.88,3.38
2012.06.21 10:08:56.336,1.01307,1.0132,3.00,1.50
2012.06.21 10:08:58.055,1.01307,1.01322,3.00,1.50
2012.06.21 10:08:58.608,1.01307,1.01321,3.00,1.50
2012.06.21 10:08:59.138,1.01307,1.0132,2.25,1.50
2012.06.21 10:08:59.376,1.01307,1.01322,2.25,1.50
2012.06.21 10:09:00.607,1.01307,1.01319,2.25,1.50
2012.06.21 10:09:01.210,1.01305,1.01318,3.38,1.50
2012.06.21 10:09:01.549,1.01303,1.01316,2.25,1.50
2012.06.21 10:09:01.757,1.01303,1.01316,2.25,1.50
2012.06.21 10:09:02.296,1.01303,1.01317,2.25,3.38
2012.06.21 10:09:02.826,1.01305,1.01317,1.88,1.50
2012.06.21 10:09:05.029,1.01305,1.01312,1.88,1.50
2012.06.21 10:09:05.098,1.01301,1.01312,2.16,1.50
2012.06.21 10:09:05.240,1.01298,1.0131,1.13,1.50
2012.06.21 10:09:05.789,1.01298,1.01311,1.50,1.50
2012.06.21 10:09:05.930,1.01298,1.01312,1.13,1.50
2012.06.21 10:09:06.600,1.01298,1.01313,3.00,3.38
2012.06.21 10:09:07.125,1.01299,1.01312,1.50,1.50
2012.06.21 10:09:07.195,1.01299,1.0131,1.50,1.50
2012.06.21 10:09:08.900,1.01297,1.0131,4.13,1.50
2012.06.21 10:09:09.247,1.01297,1.01307,4.13,1.50
2012.06.21 10:09:09.732,1.01297,1.0131,4.13,1.50
2012.06.21 10:09:09.824,1.01297,1.01312,4.13,1.50
2012.06.21 10:09:10.372,1.01298,1.01313,4.78,3.38
2012.06.21 10:09:10.906,1.01301,1.01313,1.88,1.50
2012.06.21 10:09:11.039,1.01301,1.01315,2.25,3.00
2012.06.21 10:09:11.620,1.01301,1.01314,2.25,1.50
2012.06.21 10:09:12.150,1.01301,1.01314,2.25,1.50
2012.06.21 10:09:12.338,1.01301,1.01312,2.25,1.50
2012.06.21 10:09:12.750,1.01301,1.01315,2.25,3.00
2012.06.21 10:09:13.168,1.01301,1.01313,2.25,1.50
2012.06.21 10:09:15.974,1.01301,1.01315,2.63,4.50
2012.06.21 10:09:16.105,1.01304,1.01315,1.50,3.00
2012.06.21 10:09:16.902,1.013,1.01312,3.28,1.88
2012.06.21 10:09:18.022,1.013,1.01313,2.25,1.50
2012.06.21 10:09:18.400,1.01299,1.01304,1.41,1.88
2012.06.21 10:09:18.470,1.01299,1.01304,1.50,1.88
2012.06.21 10:09:18.541,1.01301,1.0131,1.88,2.10
2012.06.21 10:09:18.688,1.01301,1.01312,1.88,1.50
2012.06.21 10:09:18.829,1.01301,1.01314,1.88,1.50
2012.06.21 10:09:18.899,1.01302,1.01316,2.25,3.00
2012.06.21 10:09:19.385,1.01306,1.01319,1.88,3.46
2012.06.21 10:09:19.726,1.01306,1.01315,1.88,1.50
2012.06.21 10:09:20.139,1.01306,1.01317,1.88,2.63
2012.06.21 10:09:22.875,1.01306,1.01317,2.25,1.13
2012.06.21 10:09:23.397,1.01307,1.01318,1.88,2.25
2012.06.21 10:09:24.190,1.01307,1.01318,1.88,1.50
2012.06.21 10:09:24.999,1.01307,1.01319,2.25,1.13
2012.06.21 10:09:25.139,1.01312,1.01319,1.88,1.13
2012.06.21 10:09:25.630,1.01312,1.01322,3.66,1.88
2012.06.21 10:09:26.051,1.01312,1.01324,3.66,3.75
2012.06.21 10:09:27.964,1.01312,1.01325,4.41,2.25
2012.06.21 10:09:28.557,1.01312,1.01328,5.91,6.00
2012.06.21 10:09:28.836,1.01314,1.01328,4.03,3.00
2012.06.21 10:09:29.836,1.01315,1.01327,1.78,2.25
2012.06.21 10:09:30.052,1.01317,1.0133,1.13,4.13
2012.06.21 10:09:30.548,1.01316,1.01326,1.88,1.50
2012.06.21 10:09:30.622,1.01315,1.01326,2.63,1.50
2012.06.21 10:09:30.908,1.01315,1.01329,4.13,1.88
2012.06.21 10:09:31.109,1.01317,1.01329,1.50,1.88
2012.06.21 10:09:31.452,1.01322,1.01333,1.88,2.63
2012.06.21 10:09:31.933,1.01322,1.01334,2.63,1.13
2012.06.21 10:09:32.012,1.01322,1.01334,3.38,1.13
2012.06.21 10:09:32.560,1.01323,1.01335,1.88,1.88
2012.06.21 10:09:33.077,1.01321,1.01333,1.78,1.50
2012.06.21 10:09:33.150,1.01318,1.01332,1.78,1.88
2012.06.21 10:09:33.290,1.01318,1.01329,1.78,1.50
2012.06.21 10:09:33.629,1.01318,1.01327,1.78,1.50
2012.06.21 10:09:35.089,1.01319,1.01329,2.25,1.50
2012.06.21 10:09:42.145,1.01319,1.01331,1.88,1.50
2012.06.21 10:09:42.676,1.01319,1.01331,2.25,1.50
2012.06.21 10:09:46.615,1.01319,1.01332,2.25,2.25
2012.06.21 10:09:47.335,1.01319,1.01332,1.88,1.50
2012.06.21 10:09:49.487,1.01319,1.01331,2.63,1.50
2012.06.21 10:09:49.556,1.01319,1.01329,2.63,1.50
2012.06.21 10:09:49.906,1.01319,1.01327,1.88,1.50
2012.06.21 10:09:50.387,1.01318,1.01329,2.63,1.50
2012.06.21 10:09:51.467,1.01318,1.01329,2.63,1.50
2012.06.21 10:09:51.989,1.01318,1.01328,1.88,1.50
2012.06.21 10:09:54.267,1.01316,1.01328,1.88,1.50
2012.06.21 10:09:54.553,1.01313,1.01325,2.63,1.50
2012.06.21 10:09:54.910,1.01313,1.01324,1.88,2.71
2012.06.21 10:09:55.486,1.01313,1.01324,1.88,2.71
2012.06.21 10:09:59.179,1.01312,1.01322,1.88,1.50
2012.06.21 10:09:59.377,1.01309,1.01322,4.88,1.96
2012.06.21 10:09:59.450,1.01309,1.01315,2.63,1.88
2012.06.21 10:09:59.591,1.01303,1.01315,1.88,2.25
2012.06.21 10:09:59.671,1.01303,1.01311,1.50,1.88
2012.06.21 10:10:00.360,1.01296,1.01303,1.78,1.50
2012.06.21 10:10:00.438,1.0129,1.01303,1.78,3.38
2012.06.21 10:10:00.709,1.01289,1.01302,2.25,1.50
2012.06.21 10:10:01.225,1.01289,1.01303,2.25,1.88
2012.06.21 10:10:01.505,1.01289,1.01301,1.88,1.50
2012.06.21 10:10:02.028,1.01286,1.01301,5.55,1.50
2012.06.21 10:10:02.097,1.01286,1.01299,2.93,1.50
2012.06.21 10:10:02.619,1.01286,1.01298,2.63,1.50
2012.06.21 10:10:02.971,1.0129,1.01298,1.88,1.50
2012.06.21 10:10:03.185,1.01291,1.01306,1.50,4.13
2012.06.21 10:10:03.262,1.01294,1.01306,1.88,2.25
2012.06.21 10:10:03.621,1.01298,1.01306,1.88,1.88
2012.06.21 10:10:04.135,1.01298,1.01307,1.88,1.50
2012.06.21 10:10:04.278,1.01295,1.01307,1.88,1.50
2012.06.21 10:10:09.764,1.01292,1.01303,4.88,1.50
2012.06.21 10:10:09.907,1.01289,1.01304,2.25,1.88
2012.06.21 10:10:09.980,1.01288,1.01302,3.38,1.50
2012.06.21 10:10:10.053,1.01289,1.01304,1.50,1.88
2012.06.21 10:10:10.130,1.01291,1.01305,1.88,2.25
2012.06.21 10:10:10.660,1.01292,1.01306,1.50,1.88
2012.06.21 10:10:11.456,1.01292,1.01306,1.50,1.50
2012.06.21 10:10:12.591,1.01294,1.01306,1.88,1.50
2012.06.21 10:10:13.018,1.01296,1.01309,1.88,3.38
2012.06.21 10:10:16.844,1.01296,1.01309,1.88,1.50
2012.06.21 10:10:17.068,1.01293,1.01308,4.50,3.38
2012.06.21 10:10:17.217,1.01293,1.01304,2.25,1.50
2012.06.21 10:10:17.712,1.0129,1.01303,1.88,1.50
2012.06.21 10:10:18.268,1.01287,1.01301,3.38,2.63
2012.06.21 10:10:18.413,1.01287,1.01299,1.88,1.96
2012.06.21 10:10:18.836,1.01285,1.01299,1.88,3.83
2012.06.21 10:10:20.557,1.01285,1.01296,1.88,1.50
2012.06.21 10:10:20.686,1.01285,1.01294,1.88,1.50
2012.06.21 10:10:23.317,1.01285,1.01297,1.88,1.21
2012.06.21 10:10:23.460,1.01286,1.01299,1.50,1.88
2012.06.21 10:10:23.531,1.01287,1.01297,2.25,1.88
2012.06.21 10:10:23.612,1.01285,1.01297,1.50,1.88
2012.06.21 10:10:23.960,1.01283,1.01294,1.88,1.50
2012.06.21 10:10:24.465,1.01283,1.01295,1.88,1.50
2012.06.21 10:10:25.192,1.01283,1.01295,1.88,1.88
2012.06.21 10:10:27.179,1.01283,1.01292,1.88,1.50
2012.06.21 10:10:27.534,1.01278,1.01289,1.88,1.50
2012.06.21 10:10:27.612,1.01278,1.01287,1.88,1.50
2012.06.21 10:10:28.042,1.01278,1.01289,1.88,1.50
2012.06.21 10:10:28.931,1.01278,1.01289,1.88,6.00
2012.06.21 10:10:29.081,1.01275,1.01287,3.75,1.58
2012.06.21 10:10:29.539,1.01275,1.01282,1.88,1.88
2012.06.21 10:10:29.888,1.01267,1.01272,2.18,1.88
2012.06.21 10:10:30.429,1.01265,1.01277,2.93,2.63
2012.06.21 10:10:30.567,1.01262,1.01277,1.50,2.63
2012.06.21 10:10:31.075,1.01261,1.01276,1.88,2.25
2012.06.21 10:10:33.006,1.01261,1.01276,1.88,1.50
2012.06.21 10:10:33.886,1.01261,1.01277,1.88,1.88
2012.06.21 10:10:34.409,1.01261,1.01277,4.88,1.88
2012.06.21 10:10:35.071,1.01261,1.01277,4.13,1.88
2012.06.21 10:10:38.013,1.01261,1.01276,4.13,1.50
2012.06.21 10:10:39.953,1.01261,1.01277,4.13,5.25
2012.06.21 10:10:40.881,1.01261,1.01275,2.25,1.50
2012.06.21 10:10:42.398,1.0126,1.01274,2.25,1.88
2012.06.21 10:10:43.420,1.01258,1.01272,3.75,3.38
2012.06.21 10:10:48.913,1.01258,1.0127,2.25,1.50
2012.06.21 10:10:52.551,1.01258,1.01267,1.88,1.50
2012.06.21 10:10:52.896,1.01255,1.01267,3.00,1.50
2012.06.21 10:10:53.510,1.01255,1.01269,1.88,2.33
2012.06.21 10:10:53.648,1.01255,1.01265,1.88,1.50
2012.06.21 10:10:55.111,1.01255,1.01267,4.50,1.50
2012.06.21 10:10:55.968,1.01255,1.01269,2.25,1.88
2012.06.21 10:10:57.548,1.01257,1.01269,1.88,1.50
2012.06.21 10:10:58.076,1.01257,1.0127,1.88,1.96
2012.06.21 10:10:59.629,1.01254,1.0127,3.75,4.13
2012.06.21 10:10:59.959,1.01254,1.01268,2.25,1.50
2012.06.21 10:11:00.088,1.01254,1.0127,3.75,4.13
2012.06.21 10:11:01.599,1.01254,1.01267,4.50,1.50
2012.06.21 10:11:01.937,1.01254,1.01265,1.88,1.50
2012.06.21 10:11:05.830,1.01252,1.01261,2.25,1.88
2012.06.21 10:11:05.969,1.01248,1.01258,1.50,1.50
2012.06.21 10:11:06.108,1.01248,1.01254,1.50,1.50
2012.06.21 10:11:06.461,1.01248,1.01252,1.50,1.50
2012.06.21 10:11:07.778,1.01248,1.01253,1.50,2.71
2012.06.21 10:11:08.279,1.01248,1.01254,1.50,4.21
2012.06.21 10:11:08.952,1.01248,1.01253,1.50,1.50
2012.06.21 10:11:09.098,1.01238,1.01253,3.75,1.50
2012.06.21 10:11:10.881,1.01238,1.01253,2.63,1.50
2012.06.21 10:11:11.170,1.01242,1.01256,1.88,3.75
2012.06.21 10:11:11.936,1.01242,1.01256,2.25,1.88
2012.06.21 10:11:12.460,1.01242,1.01254,2.25,1.50
2012.06.21 10:11:13.018,1.01242,1.01254,1.88,1.50
2012.06.21 10:11:13.743,1.0124,1.01252,1.13,3.00
2012.06.21 10:11:14.197,1.01238,1.0125,2.63,2.71
2012.06.21 10:11:14.288,1.01234,1.01246,1.88,1.50
2012.06.21 10:11:15.278,1.01234,1.01246,1.88,1.96
2012.06.21 10:11:15.841,1.01234,1.01247,1.88,2.71
2012.06.21 10:11:15.988,1.01231,1.01247,4.13,4.58
2012.06.21 10:11:16.129,1.01231,1.01244,1.88,1.50
2012.06.21 10:11:16.479,1.01231,1.01243,1.88,1.96
2012.06.21 10:11:17.037,1.01231,1.01241,1.88,1.96
2012.06.21 10:11:18.269,1.01231,1.01242,1.88,1.58
2012.06.21 10:11:18.796,1.0123,1.0124,1.88,1.96
2012.06.21 10:11:19.388,1.0123,1.01238,1.88,1.50
2012.06.21 10:11:22.158,1.01226,1.01238,2.63,1.50
2012.06.21 10:11:22.230,1.01226,1.01238,2.63,1.96
2012.06.21 10:11:22.438,1.01224,1.01236,1.88,1.21
2012.06.21 10:11:22.971,1.01224,1.01236,1.88,1.21
2012.06.21 10:11:23.062,1.01221,1.01233,1.88,1.50
2012.06.21 10:11:23.138,1.01221,1.01235,1.88,3.08
2012.06.21 10:11:23.574,1.01221,1.01233,1.88,1.50
2012.06.21 10:11:25.194,1.01222,1.01233,2.25,1.50
2012.06.21 10:11:25.273,1.01222,1.01235,2.25,1.50
2012.06.21 10:11:25.769,1.01221,1.01231,1.88,1.50
2012.06.21 10:11:26.740,1.01221,1.01235,1.88,3.08
2012.06.21 10:11:27.268,1.01221,1.01232,1.88,1.50
2012.06.21 10:11:27.825,1.01221,1.01234,1.88,2.33
2012.06.21 10:11:28.030,1.0122,1.01234,1.88,4.21
2012.06.21 10:11:28.395,1.01213,1.01221,2.25,2.33
2012.06.21 10:11:28.757,1.01212,1.01219,2.39,3.08
2012.06.21 10:11:28.838,1.01208,1.01214,1.64,1.88
2012.06.21 10:11:28.916,1.01203,1.01214,1.50,1.88
2012.06.21 10:11:29.072,1.012,1.01213,1.88,1.50
2012.06.21 10:11:29.151,1.01203,1.01215,1.88,2.25
2012.06.21 10:11:29.500,1.01205,1.01219,3.38,1.21
2012.06.21 10:11:29.568,1.01208,1.0122,1.88,2.10
2012.06.21 10:11:30.189,1.01208,1.01222,3.38,2.33
2012.06.21 10:11:30.679,1.01208,1.01222,3.38,1.88
2012.06.21 10:11:30.817,1.0121,1.01223,1.50,1.21
2012.06.21 10:11:32.215,1.01208,1.01223,1.88,1.88
2012.06.21 10:11:32.908,1.0121,1.01224,1.50,4.21
2012.06.21 10:11:33.261,1.01208,1.01222,1.50,4.21
2012.06.21 10:11:33.341,1.01206,1.01221,2.63,1.96
2012.06.21 10:11:34.840,1.01208,1.01221,1.50,1.50
2012.06.21 10:11:34.918,1.01207,1.01221,3.66,1.50
2012.06.21 10:11:36.824,1.01209,1.01222,1.50,1.88
2012.06.21 10:11:38.107,1.01209,1.01223,3.38,3.83
2012.06.21 10:11:38.614,1.01209,1.01222,1.88,1.50
2012.06.21 10:11:41.242,1.01213,1.01223,1.78,1.88
2012.06.21 10:11:41.338,1.01215,1.01228,2.63,2.63
2012.06.21 10:11:41.869,1.01215,1.01228,2.63,1.88
2012.06.21 10:11:42.431,1.01214,1.01226,3.38,1.50
2012.06.21 10:11:42.510,1.01214,1.01228,4.88,3.38
2012.06.21 10:11:42.708,1.01217,1.01228,1.50,1.88
2012.06.21 10:11:43.247,1.01217,1.0123,1.50,1.13
2012.06.21 10:11:44.372,1.01216,1.0123,2.25,1.88
2012.06.21 10:11:44.997,1.01217,1.01231,1.78,4.13
2012.06.21 10:11:45.074,1.01217,1.01231,1.78,1.50
2012.06.21 10:11:45.620,1.01219,1.01233,1.88,3.75
2012.06.21 10:11:46.160,1.01219,1.01233,1.88,1.88
2012.06.21 10:11:47.558,1.01218,1.01231,1.50,1.88
2012.06.21 10:11:48.085,1.01217,1.0123,3.38,1.50
2012.06.21 10:11:48.835,1.01217,1.01231,3.38,3.38
2012.06.21 10:11:49.981,1.01217,1.0123,2.63,1.50
2012.06.21 10:11:50.497,1.01218,1.01231,1.50,1.88
2012.06.21 10:11:51.034,1.01218,1.01233,3.38,1.88
2012.06.21 10:11:58.686,1.01218,1.01233,5.25,1.88
2012.06.21 10:11:59.242,1.01218,1.01233,5.25,1.88
2012.06.21 10:11:59.764,1.01218,1.01233,4.50,1.88
2012.06.21 10:12:00.957,1.01218,1.01233,5.25,1.88
2012.06.21 10:12:01.315,1.01227,1.01237,1.88,1.50
2012.06.21 10:12:01.392,1.01227,1.01239,1.88,1.88
2012.06.21 10:12:01.948,1.01227,1.01241,1.88,6.00
2012.06.21 10:12:02.964,1.01224,1.01235,1.88,2.33
2012.06.21 10:12:03.109,1.01221,1.01235,4.13,3.83
2012.06.21 10:12:04.199,1.01221,1.01234,2.63,1.96
2012.06.21 10:12:05.149,1.01221,1.01233,2.63,1.50
2012.06.21 10:12:05.218,1.01221,1.01231,2.63,1.50
2012.06.21 10:12:05.638,1.01221,1.01233,2.63,1.50
2012.06.21 10:12:08.827,1.01221,1.01235,2.63,1.88
2012.06.21 10:12:08.972,1.01226,1.01236,1.88,1.88
2012.06.21 10:12:09.117,1.01226,1.01238,1.88,1.21
2012.06.21 10:12:09.333,1.01228,1.01241,1.88,3.83
2012.06.21 10:12:09.480,1.01228,1.01242,1.88,4.43
2012.06.21 10:12:09.888,1.01228,1.01243,3.38,2.93
2012.06.21 10:12:10.407,1.01228,1.01243,3.38,1.50
2012.06.21 10:12:10.716,1.01229,1.01243,1.50,1.50
2012.06.21 10:12:11.073,1.01236,1.01248,1.13,2.63
2012.06.21 10:12:11.149,1.01236,1.0125,1.88,4.13
2012.06.21 10:12:11.428,1.01238,1.0125,1.88,1.50
2012.06.21 10:12:11.557,1.01239,1.01252,2.25,1.88
2012.06.21 10:12:11.943,1.01239,1.01254,4.88,4.50
2012.06.21 10:12:12.583,1.01241,1.01255,1.50,4.96
2012.06.21 10:12:12.741,1.01245,1.01258,1.13,2.63
2012.06.21 10:12:13.590,1.01245,1.01256,1.13,1.50
2012.06.21 10:12:13.800,1.01245,1.01259,1.13,1.96
2012.06.21 10:12:13.873,1.01245,1.01256,1.13,1.50
2012.06.21 10:12:14.230,1.01245,1.01254,1.13,1.50
2012.06.21 10:12:14.907,1.01244,1.01255,2.63,1.50
2012.06.21 10:12:16.688,1.01244,1.01258,2.63,1.50
2012.06.21 10:12:21.557,1.01244,1.01256,3.00,1.50
2012.06.21 10:12:23.728,1.01243,1.01256,2.63,1.50
2012.06.21 10:12:25.115,1.01243,1.01256,2.63,1.50
2012.06.21 10:12:25.705,1.01243,1.01254,2.63,1.50
2012.06.21 10:12:25.844,1.01243,1.01254,1.88,1.50
2012.06.21 10:12:26.460,1.01243,1.0125,1.88,4.50
2012.06.21 10:12:26.602,1.01236,1.01246,2.85,2.33
2012.06.21 10:12:26.682,1.01233,1.01244,2.63,1.96
2012.06.21 10:12:26.829,1.01231,1.01242,2.63,1.50
2012.06.21 10:12:27.307,1.01232,1.01246,1.88,2.25
2012.06.21 10:12:27.810,1.01237,1.01246,1.88,1.50
2012.06.21 10:12:27.949,1.01237,1.0125,1.88,5.98
2012.06.21 10:12:28.089,1.01234,1.01249,2.25,2.25
2012.06.21 10:12:28.507,1.01234,1.01245,1.50,2.33
2012.06.21 10:12:28.578,1.01229,1.0124,1.50,2.33
2012.06.21 10:12:28.721,1.01229,1.0124,1.50,3.38
2012.06.21 10:12:28.940,1.01226,1.01239,1.88,1.50
2012.06.21 10:12:29.158,1.01223,1.01236,5.25,3.38
2012.06.21 10:12:29.511,1.01221,1.01232,1.13,1.50
2012.06.21 10:12:29.588,1.01218,1.01232,4.64,1.50
2012.06.21 10:12:30.128,1.01219,1.01233,1.64,1.50
2012.06.21 10:12:30.676,1.01219,1.01233,1.50,1.50
2012.06.21 10:12:30.806,1.01223,1.01233,1.88,1.50
2012.06.21 10:12:31.199,1.01223,1.01235,1.88,1.88
2012.06.21 10:12:31.636,1.01223,1.01237,1.88,3.83
2012.06.21 10:12:32.095,1.01226,1.0124,1.50,4.58
2012.06.21 10:12:32.448,1.01231,1.01243,1.88,5.61
2012.06.21 10:12:32.956,1.01234,1.01245,1.88,2.33
2012.06.21 10:12:33.035,1.01234,1.01246,1.88,2.33
2012.06.21 10:12:33.252,1.01234,1.01248,3.38,5.56
2012.06.21 10:12:33.809,1.01235,1.01249,1.88,1.96
2012.06.21 10:12:34.337,1.01234,1.01247,1.88,1.50
2012.06.21 10:12:35.188,1.01234,1.01245,1.88,1.50
2012.06.21 10:12:35.449,1.0123,1.01245,7.41,1.50
2012.06.21 10:12:35.519,1.0123,1.01242,6.66,1.50
2012.06.21 10:12:35.592,1.0123,1.01242,2.63,1.50
2012.06.21 10:12:35.674,1.01228,1.0124,3.38,1.50
2012.06.21 10:12:36.017,1.01227,1.01236,2.63,1.50
2012.06.21 10:12:36.593,1.01222,1.01231,1.50,1.50
2012.06.21 10:12:36.670,1.01222,1.01233,1.50,1.50
2012.06.21 10:12:37.193,1.01224,1.01234,2.63,1.50
2012.06.21 10:12:37.340,1.01224,1.01238,4.13,2.63
2012.06.21 10:12:39.177,1.01226,1.0124,1.50,2.25
2012.06.21 10:12:40.212,1.01226,1.0124,1.50,1.88
2012.06.21 10:12:41.399,1.01226,1.01237,1.50,4.58
2012.06.21 10:12:41.847,1.01223,1.01237,1.88,1.88
2012.06.21 10:12:42.177,1.01223,1.01235,1.88,1.50
2012.06.21 10:12:42.250,1.01223,1.01237,3.38,3.38
2012.06.21 10:12:42.686,1.01225,1.01237,1.88,1.50
2012.06.21 10:12:42.898,1.01225,1.01239,3.38,4.58
2012.06.21 10:12:44.629,1.01225,1.01237,1.50,1.88
2012.06.21 10:12:44.697,1.01223,1.01237,3.00,1.88
2012.06.21 10:12:46.556,1.01223,1.01237,2.25,1.88
2012.06.21 10:12:47.079,1.01225,1.01239,1.88,2.25
2012.06.21 10:12:47.294,1.01229,1.01239,1.50,1.88
2012.06.21 10:12:47.368,1.01229,1.01242,1.50,4.03
2012.06.21 10:12:47.887,1.0123,1.01242,1.50,1.88
2012.06.21 10:12:48.496,1.01228,1.01242,4.13,1.88
2012.06.21 10:12:49.615,1.01228,1.0124,2.25,1.88
2012.06.21 10:12:50.129,1.01226,1.0124,6.28,1.88
2012.06.21 10:12:50.458,1.01229,1.0124,1.50,1.88
2012.06.21 10:12:50.529,1.01229,1.01243,1.50,3.38
2012.06.21 10:12:59.134,1.01229,1.01243,1.50,3.98
2012.06.21 10:12:59.409,1.01228,1.01242,6.75,3.38
2012.06.21 10:13:00.124,1.01228,1.01242,3.00,1.88
2012.06.21 10:13:06.825,1.01229,1.01242,1.78,1.88
2012.06.21 10:13:09.006,1.0123,1.01243,2.63,1.50
2012.06.21 10:13:11.348,1.0123,1.01244,2.25,1.88
2012.06.21 10:13:11.864,1.0123,1.01244,2.63,1.88
2012.06.21 10:13:13.303,1.0123,1.01243,3.00,1.50
2012.06.21 10:13:13.708,1.01231,1.01247,3.38,4.13
2012.06.21 10:13:14.535,1.01231,1.01247,8.16,3.75
2012.06.21 10:13:20.967,1.01231,1.01245,5.25,1.88
2012.06.21 10:13:21.253,1.01226,1.0124,4.50,3.38
2012.06.21 10:13:21.331,1.01226,1.01238,4.50,1.50
2012.06.21 10:13:21.785,1.01226,1.01235,1.50,1.88
2012.06.21 10:13:21.937,1.01221,1.01233,1.13,1.50
2012.06.21 10:13:22.085,1.0122,1.01231,1.50,3.38
2012.06.21 10:13:22.167,1.01217,1.01231,1.50,4.13
2012.06.21 10:13:22.732,1.01215,1.01231,4.13,4.13
2012.06.21 10:13:23.778,1.01214,1.01227,4.41,1.50
2012.06.21 10:13:24.275,1.01211,1.01226,2.16,1.50
2012.06.21 10:13:24.351,1.01211,1.01222,1.78,1.50
2012.06.21 10:13:25.149,1.01211,1.01227,4.41,1.50
2012.06.21 10:13:25.290,1.01211,1.01225,2.16,1.88
2012.06.21 10:13:25.356,1.01209,1.01225,4.88,1.88
2012.06.21 10:13:25.897,1.01209,1.01223,3.00,1.50
2012.06.21 10:13:26.301,1.01207,1.0122,3.75,1.50
2012.06.21 10:13:26.858,1.01207,1.0122,2.63,1.50
2012.06.21 10:13:27.867,1.01206,1.0122,2.63,3.38
2012.06.21 10:13:28.817,1.01206,1.01219,2.63,1.50
2012.06.21 10:13:29.380,1.01205,1.01218,1.50,1.50
2012.06.21 10:13:29.727,1.01203,1.01215,1.88,1.50
2012.06.21 10:13:30.133,1.01203,1.01214,1.13,1.50
2012.06.21 10:13:30.479,1.01202,1.01216,1.13,3.38
2012.06.21 10:13:31.052,1.01202,1.01216,3.66,1.50
2012.06.21 10:13:31.132,1.01202,1.01218,7.41,1.88
2012.06.21 10:13:32.338,1.01203,1.01217,2.63,1.50
2012.06.21 10:13:33.436,1.01203,1.01217,2.25,1.50
2012.06.21 10:13:34.810,1.01203,1.01217,4.03,1.50
2012.06.21 10:13:35.020,1.01205,1.0122,2.25,1.88
2012.06.21 10:13:35.430,1.01209,1.01221,1.50,2.25
2012.06.21 10:13:35.514,1.01209,1.01222,1.50,2.63
2012.06.21 10:13:37.668,1.01208,1.01221,1.88,1.50
2012.06.21 10:13:38.193,1.01206,1.0122,2.63,3.38
2012.06.21 10:13:38.272,1.01205,1.01217,1.78,1.88
2012.06.21 10:13:38.349,1.01204,1.01217,2.25,1.88
2012.06.21 10:13:38.947,1.01203,1.01217,3.75,3.38
2012.06.21 10:13:40.201,1.01203,1.01215,1.88,1.50
2012.06.21 10:13:41.227,1.01203,1.01217,3.38,3.38
2012.06.21 10:13:42.219,1.01203,1.01216,1.88,1.50
2012.06.21 10:13:42.853,1.01201,1.01211,1.50,1.88
2012.06.21 10:13:43.211,1.01196,1.01207,3.00,1.50
2012.06.21 10:13:43.353,1.01193,1.01206,6.60,1.88
2012.06.21 10:13:43.898,1.01193,1.01205,1.13,1.50
2012.06.21 10:13:44.700,1.01192,1.01206,3.38,3.38
2012.06.21 10:13:44.783,1.01191,1.01202,1.35,1.50
2012.06.21 10:13:44.941,1.01189,1.012,1.50,1.50
2012.06.21 10:13:45.165,1.01187,1.01199,3.00,1.50
2012.06.21 10:13:45.448,1.01187,1.01199,2.63,3.83
2012.06.21 10:13:45.978,1.01187,1.01201,2.63,1.88
2012.06.21 10:13:46.116,1.01187,1.01201,3.38,1.50
2012.06.21 10:13:46.949,1.01189,1.01201,1.50,1.50
2012.06.21 10:13:47.022,1.01189,1.01201,1.50,1.50
2012.06.21 10:13:47.311,1.01192,1.01206,2.63,2.25
2012.06.21 10:13:47.392,1.01193,1.01208,3.00,3.75
2012.06.21 10:13:48.351,1.01194,1.01208,1.88,5.16
2012.06.21 10:13:48.900,1.01194,1.01208,1.88,5.16
2012.06.21 10:13:49.585,1.01194,1.01208,4.13,5.16
2012.06.21 10:13:49.926,1.01199,1.01213,4.13,5.16
2012.06.21 10:13:50.471,1.01199,1.01211,2.63,1.50
2012.06.21 10:13:50.987,1.01199,1.01211,2.63,2.25
2012.06.21 10:13:51.061,1.01199,1.0121,2.63,2.25
2012.06.21 10:13:51.269,1.01199,1.0121,2.63,2.25
2012.06.21 10:13:51.607,1.01199,1.01212,1.88,1.50
2012.06.21 10:13:52.138,1.01199,1.01212,2.63,1.50
2012.06.21 10:13:52.991,1.01199,1.01213,3.38,2.25
2012.06.21 10:13:53.527,1.01201,1.01215,1.88,5.53
2012.06.21 10:13:55.436,1.012,1.01212,1.50,1.88
2012.06.21 10:13:55.644,1.01198,1.01211,1.13,2.25
2012.06.21 10:13:55.726,1.01198,1.01208,1.13,1.88
2012.06.21 10:13:56.084,1.01194,1.01198,2.25,1.50
2012.06.21 10:13:56.368,1.0119,1.01198,1.88,1.50
2012.06.21 10:13:56.758,1.0119,1.01201,1.88,1.50
2012.06.21 10:13:57.988,1.01187,1.01201,1.88,1.50
2012.06.21 10:13:58.537,1.01187,1.01199,1.88,1.50
2012.06.21 10:13:59.057,1.01187,1.01198,1.88,1.50
2012.06.21 10:14:00.466,1.01185,1.01198,1.88,1.88
2012.06.21 10:14:00.669,1.01182,1.01195,3.00,1.50
2012.06.21 10:14:01.022,1.0118,1.01193,2.85,1.50
2012.06.21 10:14:01.100,1.0118,1.01193,1.88,1.50
2012.06.21 10:14:01.369,1.0118,1.01191,1.88,1.78
2012.06.21 10:14:01.909,1.01177,1.01187,3.00,1.50
2012.06.21 10:14:02.121,1.01177,1.01189,1.88,1.50
2012.06.21 10:14:02.686,1.01177,1.01189,1.88,1.88
2012.06.21 10:14:03.909,1.01177,1.0119,1.88,1.50
2012.06.21 10:14:04.458,1.01177,1.01191,4.50,2.25
2012.06.21 10:14:04.777,1.01179,1.0119,1.88,1.50
2012.06.21 10:14:05.231,1.01177,1.0119,1.13,3.00
2012.06.21 10:14:05.311,1.01176,1.01188,3.75,2.25
2012.06.21 10:14:05.829,1.01172,1.01182,3.00,1.88
2012.06.21 10:14:05.912,1.01165,1.01176,2.25,3.00
2012.06.21 10:14:06.063,1.01162,1.01175,1.88,1.50
2012.06.21 10:14:06.748,1.01163,1.01176,2.25,2.25
2012.06.21 10:14:07.766,1.01163,1.01174,1.50,1.78
2012.06.21 10:14:07.979,1.01161,1.01175,1.50,1.88
2012.06.21 10:14:08.118,1.0116,1.01173,2.25,1.50
2012.06.21 10:14:09.087,1.0116,1.01173,3.00,1.50
2012.06.21 10:14:09.357,1.0116,1.01176,4.50,3.75
2012.06.21 10:14:09.937,1.01163,1.01176,1.50,2.25
2012.06.21 10:14:10.487,1.01164,1.01176,1.50,1.88
2012.06.21 10:14:11.043,1.01162,1.01175,1.50,2.25
2012.06.21 10:14:11.439,1.0116,1.01176,4.13,3.75
2012.06.21 10:14:11.569,1.01163,1.01176,1.88,1.88
2012.06.21 10:14:12.385,1.01163,1.01177,3.38,3.75
2012.06.21 10:14:13.545,1.0116,1.01176,2.63,1.50
2012.06.21 10:14:15.259,1.01162,1.01176,1.35,1.50
2012.06.21 10:14:15.602,1.01163,1.01174,3.00,1.50
2012.06.21 10:14:15.680,1.01162,1.01176,4.73,1.50
2012.06.21 10:14:16.206,1.01164,1.01176,1.13,1.50
2012.06.21 10:14:17.306,1.01164,1.01177,1.13,1.50
2012.06.21 10:14:17.857,1.01164,1.01176,2.63,1.50
2012.06.21 10:14:18.307,1.01164,1.01178,2.63,1.50
2012.06.21 10:14:19.030,1.01164,1.01176,1.13,1.50
2012.06.21 10:14:19.741,1.01164,1.01178,1.13,1.50
2012.06.21 10:14:20.247,1.01164,1.01177,1.13,1.50
2012.06.21 10:14:21.421,1.01166,1.01177,1.50,1.50
2012.06.21 10:14:21.501,1.01168,1.01181,2.25,1.13
2012.06.21 10:14:21.849,1.01168,1.01182,3.00,1.78
2012.06.21 10:14:21.989,1.01169,1.01184,1.13,1.50
2012.06.21 10:14:22.205,1.01173,1.01186,1.35,2.25
2012.06.21 10:14:22.562,1.01174,1.01186,1.50,1.50
2012.06.21 10:14:22.921,1.01171,1.01186,1.73,5.25
2012.06.21 10:14:23.371,1.01163,1.01181,1.88,3.75
2012.06.21 10:14:23.724,1.01163,1.01175,1.50,1.78
2012.06.21 10:14:24.213,1.01162,1.01178,3.75,2.48
2012.06.21 10:14:24.642,1.01167,1.01179,1.50,1.13
2012.06.21 10:14:25.079,1.01167,1.01181,1.50,1.88
2012.06.21 10:14:25.809,1.01164,1.0118,4.13,1.50
2012.06.21 10:14:26.150,1.01164,1.0118,4.13,3.28
2012.06.21 10:14:26.899,1.01164,1.01178,2.63,1.88
2012.06.21 10:14:27.248,1.01162,1.01176,1.88,1.78
2012.06.21 10:14:30.878,1.01165,1.01176,1.50,1.78
2012.06.21 10:14:31.010,1.01165,1.01178,1.50,1.50
2012.06.21 10:14:32.803,1.01165,1.01176,1.50,2.63
2012.06.21 10:14:32.881,1.01162,1.01176,2.63,2.63
2012.06.21 10:14:32.958,1.01165,1.01176,1.88,2.63
2012.06.21 10:14:33.101,1.01166,1.0118,1.50,1.88
2012.06.21 10:14:33.184,1.01169,1.0118,1.50,1.88
2012.06.21 10:14:33.820,1.01166,1.01181,2.25,2.16
2012.06.21 10:14:34.380,1.01165,1.0118,3.75,2.25
2012.06.21 10:14:35.548,1.01167,1.01181,1.50,4.50
2012.06.21 10:14:35.996,1.01165,1.01179,5.25,1.50
2012.06.21 10:14:37.339,1.01165,1.01177,1.13,1.50
2012.06.21 10:14:37.680,1.01162,1.01175,1.88,1.50
2012.06.21 10:14:37.821,1.01162,1.01178,4.13,3.75
2012.06.21 10:14:38.039,1.01162,1.01176,1.88,1.50
2012.06.21 10:14:38.389,1.01162,1.01174,1.13,1.50
2012.06.21 10:14:38.639,1.01162,1.01176,1.13,1.50
2012.06.21 10:14:39.489,1.01162,1.01176,1.13,1.88
2012.06.21 10:14:40.032,1.01162,1.01176,1.13,1.88
2012.06.21 10:14:40.388,1.0116,1.01174,2.63,3.38
2012.06.21 10:14:41.468,1.01163,1.01173,2.25,1.50
2012.06.21 10:14:41.800,1.01164,1.01172,3.00,1.50
2012.06.21 10:14:41.868,1.01166,1.01175,1.50,2.25
2012.06.21 10:14:42.083,1.01168,1.01179,1.50,3.00
2012.06.21 10:14:42.164,1.01166,1.01179,1.50,3.00
2012.06.21 10:14:42.651,1.01165,1.01179,2.25,4.50
2012.06.21 10:14:43.018,1.01165,1.01179,2.25,2.25
2012.06.21 10:14:43.610,1.01166,1.01177,1.88,1.50
2012.06.21 10:14:43.751,1.01166,1.0118,1.88,2.25
2012.06.21 10:14:43.833,1.01169,1.01183,1.50,4.73
2012.06.21 10:14:44.190,1.01169,1.01182,1.50,4.13
2012.06.21 10:14:44.576,1.01169,1.01182,1.50,2.63
2012.06.21 10:14:45.106,1.01169,1.01183,2.25,5.25
2012.06.21 10:14:45.176,1.01169,1.01183,2.25,5.25
2012.06.21 10:14:45.626,1.0117,1.01183,2.25,2.25
2012.06.21 10:14:46.155,1.01169,1.01183,2.25,2.25
2012.06.21 10:14:46.284,1.01169,1.01183,2.25,1.50
2012.06.21 10:14:47.328,1.01172,1.01183,1.88,1.50
2012.06.21 10:14:47.679,1.01177,1.0119,1.50,1.13
2012.06.21 10:14:47.947,1.01177,1.01191,2.25,4.88
2012.06.21 10:14:48.277,1.01177,1.01191,2.25,5.63
2012.06.21 10:14:49.028,1.01174,1.0119,3.00,2.25
2012.06.21 10:14:49.155,1.01174,1.0119,3.00,2.25
2012.06.21 10:14:50.386,1.01175,1.0119,1.50,3.00
2012.06.21 10:14:51.393,1.01177,1.01191,2.63,2.25
2012.06.21 10:14:51.988,1.01177,1.01189,1.13,1.50
2012.06.21 10:14:52.409,1.01175,1.01189,2.63,1.50
2012.06.21 10:14:52.744,1.01178,1.0119,1.50,4.13
2012.06.21 10:14:54.350,1.01178,1.0119,1.50,6.38
2012.06.21 10:14:54.695,1.01175,1.01186,1.13,1.88
2012.06.21 10:14:55.477,1.01174,1.01186,1.88,1.88
2012.06.21 10:14:55.667,1.01172,1.01186,4.13,3.38
2012.06.21 10:14:56.004,1.01176,1.01189,1.88,3.75
2012.06.21 10:14:56.559,1.01176,1.0119,3.38,5.25
2012.06.21 10:14:56.907,1.01179,1.0119,1.50,1.88
2012.06.21 10:14:57.047,1.01179,1.01192,1.50,1.88
2012.06.21 10:14:57.575,1.01178,1.01192,3.38,3.38
2012.06.21 10:15:00.378,1.01178,1.01192,4.13,3.38
2012.06.21 10:15:00.878,1.01178,1.0119,1.88,1.50
2012.06.21 10:15:01.439,1.01176,1.01189,2.63,2.25
2012.06.21 10:15:01.988,1.01176,1.01188,2.63,1.88
2012.06.21 10:15:02.480,1.01177,1.0119,2.63,1.50
2012.06.21 10:15:02.550,1.01178,1.01191,2.25,1.88
2012.06.21 10:15:03.819,1.01178,1.0119,1.13,1.50
2012.06.21 10:15:04.151,1.01177,1.01188,3.38,1.50
2012.06.21 10:15:04.233,1.01176,1.01188,2.53,1.50
2012.06.21 10:15:04.790,1.01176,1.01188,1.13,1.50
2012.06.21 10:15:05.068,1.01176,1.01184,1.13,1.50
2012.06.21 10:15:05.209,1.01176,1.01187,1.13,1.50
2012.06.21 10:15:05.787,1.01176,1.01189,1.13,2.25
2012.06.21 10:15:06.949,1.01174,1.01187,3.00,1.50
2012.06.21 10:15:08.175,1.01174,1.01187,2.63,1.50
2012.06.21 10:15:14.785,1.01174,1.01189,2.63,3.75
2012.06.21 10:15:16.536,1.01175,1.0119,2.25,2.63
2012.06.21 10:15:16.869,1.01179,1.01192,1.50,2.63
2012.06.21 10:15:17.149,1.01182,1.01192,1.50,1.88
2012.06.21 10:15:17.359,1.0118,1.01192,3.00,1.88
2012.06.21 10:15:17.428,1.01182,1.01194,1.88,2.25
2012.06.21 10:15:18.450,1.01179,1.01193,4.13,1.88
2012.06.21 10:15:21.120,1.01183,1.01193,1.50,1.88
2012.06.21 10:15:21.670,1.01185,1.01193,1.50,1.88
2012.06.21 10:15:21.745,1.01185,1.01196,1.50,3.66
2012.06.21 10:15:22.328,1.01186,1.01196,1.50,1.88
2012.06.21 10:15:23.070,1.01182,1.01193,1.88,1.88
2012.06.21 10:15:23.613,1.01184,1.01196,1.88,1.50
2012.06.21 10:15:24.103,1.01191,1.01199,1.50,3.00
2012.06.21 10:15:24.191,1.01191,1.01201,1.50,2.48
2012.06.21 10:15:24.401,1.01189,1.01201,1.50,2.48
2012.06.21 10:15:25.797,1.01191,1.01201,1.50,1.88
2012.06.21 10:15:26.429,1.01191,1.01205,1.88,3.38
2012.06.21 10:15:26.499,1.01193,1.01205,1.50,1.88
2012.06.21 10:15:26.849,1.01196,1.01207,1.50,2.25
2012.06.21 10:15:27.687,1.01195,1.01207,1.50,1.88
2012.06.21 10:15:28.191,1.01193,1.01207,5.08,1.88
2012.06.21 10:15:28.757,1.01195,1.01207,1.88,1.88
2012.06.21 10:15:30.851,1.01193,1.01207,2.63,1.88
2012.06.21 10:15:32.457,1.01193,1.01207,2.25,1.88
2012.06.21 10:15:32.531,1.01192,1.01205,2.16,1.50
2012.06.21 10:15:33.322,1.01191,1.01205,3.38,1.50
2012.06.21 10:15:33.855,1.01191,1.01206,1.88,5.63
2012.06.21 10:15:34.391,1.01196,1.01206,1.50,4.13
2012.06.21 10:15:35.878,1.01196,1.01207,1.50,1.88
2012.06.21 10:15:36.309,1.01194,1.01207,1.50,1.88
2012.06.21 10:15:36.866,1.01193,1.01207,3.38,5.63
2012.06.21 10:15:37.570,1.01193,1.01205,1.50,1.88
2012.06.21 10:15:37.710,1.0119,1.01204,2.16,1.50
2012.06.21 10:15:37.784,1.0119,1.01202,2.16,1.50
2012.06.21 10:15:38.417,1.01189,1.01204,2.25,4.50
2012.06.21 10:15:38.956,1.01191,1.01205,1.50,4.50
2012.06.21 10:15:39.030,1.01189,1.01203,3.75,1.50
2012.06.21 10:15:40.898,1.01189,1.01203,3.75,1.50
2012.06.21 10:15:41.456,1.01189,1.01203,4.50,1.50
2012.06.21 10:15:42.238,1.01189,1.01199,2.25,1.88
2012.06.21 10:15:42.453,1.01186,1.01199,5.16,1.88
2012.06.21 10:15:42.600,1.01185,1.01199,3.38,1.88
2012.06.21 10:15:42.809,1.01184,1.01194,1.05,1.88
2012.06.21 10:15:43.398,1.01181,1.01194,2.25,1.88
2012.06.21 10:15:44.412,1.01181,1.01194,1.88,1.88
2012.06.21 10:15:44.973,1.0118,1.01193,3.00,1.50
2012.06.21 10:15:45.260,1.01179,1.0119,2.63,1.88
2012.06.21 10:15:45.470,1.01178,1.0119,1.88,1.88
2012.06.21 10:15:45.610,1.01178,1.01188,1.88,1.88
2012.06.21 10:15:45.966,1.01176,1.01184,1.78,1.50
2012.06.21 10:15:46.043,1.01176,1.01188,3.28,1.88
2012.06.21 10:15:46.249,1.01176,1.01186,1.78,1.88
2012.06.21 10:15:46.823,1.01176,1.01189,1.88,1.88
2012.06.21 10:15:47.369,1.01176,1.01189,4.05,1.88
2012.06.21 10:15:47.988,1.01176,1.01189,1.88,3.38
2012.06.21 10:15:48.399,1.01174,1.01187,2.16,1.50
2012.06.21 10:15:48.949,1.01174,1.01188,1.88,3.00
2012.06.21 10:15:49.438,1.01173,1.01186,2.63,1.50
2012.06.21 10:15:51.501,1.01173,1.01184,2.25,1.50
2012.06.21 10:15:51.858,1.01168,1.01182,2.63,1.88
2012.06.21 10:15:52.069,1.01168,1.0118,2.25,1.50
2012.06.21 10:15:52.558,1.01167,1.0118,1.88,1.50
2012.06.21 10:15:53.108,1.01167,1.0118,2.63,1.50
2012.06.21 10:15:54.699,1.01167,1.0118,2.63,1.50
2012.06.21 10:15:55.121,1.01168,1.01183,1.13,3.38
2012.06.21 10:15:56.746,1.01168,1.01177,1.13,1.88
2012.06.21 10:15:57.105,1.01163,1.01171,1.78,1.50
2012.06.21 10:15:57.181,1.0116,1.01171,2.25,1.50
2012.06.21 10:15:57.264,1.01159,1.01169,1.13,1.50
2012.06.21 10:15:57.412,1.01157,1.01169,1.13,1.50
2012.06.21 10:15:57.910,1.01156,1.01167,1.13,1.88
2012.06.21 10:15:57.981,1.01154,1.01167,1.88,1.88
2012.06.21 10:15:58.412,1.01156,1.01168,1.50,1.50
2012.06.21 10:15:58.988,1.01158,1.01169,3.00,1.88
2012.06.21 10:15:59.481,1.01161,1.01172,1.50,2.85
2012.06.21 10:15:59.840,1.0116,1.0117,1.50,1.88
2012.06.21 10:15:59.910,1.0116,1.01172,3.00,2.85
2012.06.21 10:16:01.720,1.0116,1.01174,4.88,1.50
2012.06.21 10:16:01.905,1.0116,1.01174,7.50,1.50
2012.06.21 10:16:02.168,1.01161,1.01176,2.63,3.38
2012.06.21 10:16:04.247,1.01163,1.01179,5.25,4.13
2012.06.21 10:16:04.318,1.01166,1.01179,1.50,2.63
2012.06.21 10:16:04.671,1.01176,1.01184,1.88,1.88
2012.06.21 10:16:05.024,1.01179,1.01184,1.88,1.50
2012.06.21 10:16:06.383,1.01179,1.01191,1.88,1.88
2012.06.21 10:16:07.887,1.01179,1.01187,1.88,1.50
2012.06.21 10:16:07.961,1.01173,1.01187,4.50,1.50
2012.06.21 10:16:08.100,1.01173,1.01185,2.63,1.50
2012.06.21 10:16:08.439,1.01173,1.01183,1.88,1.50
2012.06.21 10:16:09.236,1.01172,1.01185,1.88,1.50
2012.06.21 10:16:13.619,1.01171,1.01184,1.50,2.63
2012.06.21 10:16:13.759,1.0117,1.01181,1.88,1.50
2012.06.21 10:16:13.900,1.0117,1.01184,1.88,4.50
2012.06.21 10:16:13.969,1.0117,1.01182,1.88,1.50
2012.06.21 10:16:14.110,1.0117,1.01184,1.88,4.13
2012.06.21 10:16:14.371,1.0117,1.01182,1.88,2.25
2012.06.21 10:16:14.578,1.0117,1.01184,2.25,3.38
2012.06.21 10:16:16.336,1.01172,1.01185,1.88,1.50
2012.06.21 10:16:20.027,1.01172,1.01185,1.88,2.25
2012.06.21 10:16:20.099,1.01169,1.01182,1.88,1.88
2012.06.21 10:16:20.312,1.01168,1.0118,1.88,1.50
2012.06.21 10:16:25.468,1.01168,1.01182,2.25,1.88
2012.06.21 10:16:29.059,1.01167,1.0118,2.48,1.88
2012.06.21 10:16:29.130,1.01167,1.0118,2.10,1.88
2012.06.21 10:16:29.480,1.01165,1.01178,1.88,1.88
2012.06.21 10:16:29.891,1.01164,1.01176,2.48,1.50
2012.06.21 10:16:33.204,1.01165,1.01179,3.38,3.75
2012.06.21 10:16:33.895,1.01165,1.0118,1.88,1.50
2012.06.21 10:16:34.728,1.01165,1.01177,1.88,1.50
2012.06.21 10:16:35.088,1.0116,1.01172,2.53,1.88
2012.06.21 10:16:36.608,1.01159,1.01172,1.50,1.88
2012.06.21 10:16:37.464,1.01155,1.01169,3.75,1.50
2012.06.21 10:16:37.546,1.01155,1.01169,1.88,3.38
2012.06.21 10:16:39.579,1.01157,1.01169,1.50,1.50
2012.06.21 10:16:39.648,1.01158,1.01171,2.25,3.00
2012.06.21 10:16:39.860,1.01161,1.01172,1.50,3.66
2012.06.21 10:16:40.256,1.01159,1.01172,1.50,1.88
2012.06.21 10:16:45.327,1.01161,1.01172,1.50,1.88
2012.06.21 10:16:45.458,1.01162,1.01175,1.88,2.63
2012.06.21 10:16:45.987,1.01161,1.01175,1.50,5.25
2012.06.21 10:16:46.495,1.01158,1.01175,4.50,4.50
2012.06.21 10:16:46.626,1.01162,1.01176,1.50,2.25
2012.06.21 10:16:49.446,1.0116,1.01174,2.63,3.38
2012.06.21 10:16:50.747,1.01161,1.01174,1.88,1.50
2012.06.21 10:16:51.569,1.01162,1.01175,1.50,1.88
2012.06.21 10:16:51.956,1.01164,1.01177,1.50,1.13
2012.06.21 10:16:52.517,1.01166,1.01179,2.25,1.88
2012.06.21 10:16:53.062,1.01166,1.01179,2.25,1.88
2012.06.21 10:16:53.966,1.01168,1.01179,1.50,1.88
2012.06.21 10:16:58.096,1.01165,1.01178,2.25,1.50
2012.06.21 10:16:58.618,1.01164,1.01177,1.13,1.50
2012.06.21 10:17:00.436,1.01164,1.01178,3.75,3.00
2012.06.21 10:17:01.758,1.01164,1.01177,1.50,1.50
2012.06.21 10:17:02.306,1.01164,1.01178,2.25,1.50
2012.06.21 10:17:03.225,1.01164,1.01178,2.63,1.50
2012.06.21 10:17:03.890,1.01164,1.01178,2.63,1.50
2012.06.21 10:17:07.593,1.01164,1.01176,3.00,1.50
2012.06.21 10:17:08.295,1.01164,1.01174,1.88,1.50
2012.06.21 10:17:11.037,1.01164,1.01177,1.88,1.50
2012.06.21 10:17:11.709,1.01164,1.01176,1.88,1.96
2012.06.21 10:17:11.782,1.01161,1.01174,2.25,2.25
2012.06.21 10:17:12.289,1.01161,1.01173,1.88,1.50
2012.06.21 10:17:12.362,1.01159,1.01173,4.13,3.83
2012.06.21 10:17:12.443,1.01159,1.01172,3.38,2.10
2012.06.21 10:17:12.802,1.01153,1.01166,1.88,1.50
2012.06.21 10:17:13.082,1.01155,1.01168,1.88,1.96
2012.06.21 10:17:13.545,1.01156,1.01171,2.25,2.63
2012.06.21 10:17:13.628,1.01159,1.01174,1.88,3.46
2012.06.21 10:17:14.161,1.01159,1.01174,1.88,3.83
2012.06.21 10:17:14.716,1.01159,1.01174,1.88,3.83
2012.06.21 10:17:15.319,1.01158,1.01173,1.50,2.33
2012.06.21 10:17:16.031,1.01158,1.01173,1.50,3.83
2012.06.21 10:17:16.578,1.01157,1.0117,3.00,1.50
2012.06.21 10:17:17.147,1.01158,1.01172,1.50,4.21
2012.06.21 10:17:17.746,1.01157,1.01171,3.00,1.96
2012.06.21 10:17:19.047,1.01158,1.0117,1.50,1.88
2012.06.21 10:17:22.725,1.01158,1.01171,1.50,1.88
2012.06.21 10:17:27.917,1.01157,1.0117,3.75,1.50
2012.06.21 10:17:28.475,1.01158,1.01171,2.25,4.13
2012.06.21 10:17:29.484,1.01158,1.01171,4.13,2.25
2012.06.21 10:17:29.842,1.01162,1.01174,1.50,1.88
2012.06.21 10:17:30.614,1.0116,1.01174,3.75,3.38
2012.06.21 10:17:31.239,1.01162,1.01176,3.00,3.83
2012.06.21 10:17:31.651,1.01162,1.01174,1.50,1.50
2012.06.21 10:17:32.828,1.01161,1.01173,1.50,1.50
2012.06.21 10:17:32.899,1.01161,1.01175,1.50,3.00
2012.06.21 10:17:33.479,1.01162,1.01176,2.25,3.83
2012.06.21 10:17:33.548,1.01167,1.01176,1.88,1.96
2012.06.21 10:17:33.694,1.0117,1.01182,1.50,3.00
2012.06.21 10:17:33.771,1.0117,1.01183,2.25,2.63
2012.06.21 10:17:33.838,1.0117,1.01183,2.25,1.88
2012.06.21 10:17:34.376,1.0117,1.01183,1.13,1.88
2012.06.21 10:17:34.516,1.01169,1.01182,1.13,1.50
2012.06.21 10:17:34.588,1.01168,1.0118,1.13,1.88
2012.06.21 10:17:35.332,1.01167,1.0118,1.13,1.88
2012.06.21 10:17:35.867,1.01169,1.0118,1.78,1.88
2012.06.21 10:17:37.419,1.01167,1.0118,1.88,1.88
2012.06.21 10:17:37.846,1.01167,1.01178,1.88,1.88
2012.06.21 10:17:39.586,1.01168,1.01178,1.78,1.88
2012.06.21 10:17:40.099,1.01167,1.01178,1.50,3.38
2012.06.21 10:17:40.430,1.01167,1.01181,1.50,3.38
2012.06.21 10:17:40.874,1.01169,1.01181,1.50,3.38
2012.06.21 10:17:41.386,1.0117,1.01181,1.78,1.88
2012.06.21 10:17:42.657,1.01168,1.01181,3.75,1.88
2012.06.21 10:17:44.438,1.01168,1.01182,4.88,1.50
2012.06.21 10:17:44.951,1.0117,1.01184,1.50,3.83
2012.06.21 10:17:45.459,1.0117,1.01182,1.88,1.88
2012.06.21 10:17:46.012,1.0117,1.0118,1.13,1.50
2012.06.21 10:17:46.522,1.01172,1.01184,1.78,1.88
2012.06.21 10:17:46.880,1.01169,1.01183,1.88,1.50
2012.06.21 10:17:47.139,1.01169,1.01182,1.13,2.33
2012.06.21 10:17:47.489,1.01166,1.01179,2.25,3.38
2012.06.21 10:17:48.150,1.01166,1.01179,1.13,3.38
2012.06.21 10:17:49.060,1.01165,1.01179,2.53,3.38
2012.06.21 10:17:49.597,1.01165,1.01178,2.53,1.50
2012.06.21 10:17:50.846,1.01165,1.01178,2.53,1.50
2012.06.21 10:17:52.495,1.01167,1.01178,1.50,1.50
2012.06.21 10:17:52.805,1.01169,1.01179,1.50,1.88
2012.06.21 10:17:54.597,1.01166,1.01179,1.50,1.88
2012.06.21 10:17:55.126,1.01166,1.01178,1.50,1.50
2012.06.21 10:17:55.637,1.01166,1.01179,1.50,1.88
2012.06.21 10:18:01.319,1.01166,1.01179,4.03,1.88
2012.06.21 10:18:01.839,1.01167,1.01179,3.00,1.88
2012.06.21 10:18:02.528,1.01168,1.01179,2.53,1.88
2012.06.21 10:18:02.597,1.01168,1.01181,2.53,1.88
2012.06.21 10:18:05.484,1.01169,1.01181,1.13,1.88
2012.06.21 10:18:06.745,1.01168,1.01179,1.50,1.50
2012.06.21 10:18:06.878,1.01168,1.01181,1.50,3.83
2012.06.21 10:18:07.129,1.01167,1.01179,3.66,1.50
2012.06.21 10:18:07.469,1.01166,1.01177,1.13,1.50
2012.06.21 10:18:08.018,1.01166,1.01176,1.13,1.50
2012.06.21 10:18:08.556,1.01166,1.01178,1.13,1.50
2012.06.21 10:18:10.557,1.01165,1.01179,2.63,1.88
2012.06.21 10:18:13.961,1.01165,1.01179,1.50,3.83
2012.06.21 10:18:14.030,1.01163,1.01176,3.75,1.50
2012.06.21 10:18:14.099,1.01164,1.01178,2.25,1.50
2012.06.21 10:18:14.667,1.01165,1.01178,1.78,1.50
2012.06.21 10:18:14.857,1.01167,1.0118,1.88,1.50
2012.06.21 10:18:15.188,1.01169,1.0118,1.88,1.50
2012.06.21 10:18:15.461,1.01168,1.01182,5.63,1.50
2012.06.21 10:18:15.671,1.01169,1.0118,1.50,1.88
2012.06.21 10:18:16.093,1.01165,1.0117,2.63,1.88
2012.06.21 10:18:16.175,1.01163,1.0117,1.50,1.88
2012.06.21 10:18:16.258,1.01162,1.01166,1.88,1.88
2012.06.21 10:18:16.809,1.01151,1.01165,5.67,1.50
2012.06.21 10:18:17.927,1.01156,1.01169,1.50,1.13
2012.06.21 10:18:18.007,1.0116,1.01171,2.25,1.88
2012.06.21 10:18:18.498,1.0116,1.01174,4.13,2.71
2012.06.21 10:18:18.626,1.01161,1.01174,1.78,2.25
2012.06.21 10:18:18.916,1.01163,1.01177,4.88,3.75
2012.06.21 10:18:18.991,1.01163,1.01177,6.38,1.50
2012.06.21 10:18:19.337,1.01166,1.01175,1.50,1.88
2012.06.21 10:18:19.903,1.01161,1.01175,5.16,3.38
2012.06.21 10:18:20.457,1.01164,1.01175,1.50,1.88
2012.06.21 10:18:21.288,1.01162,1.01175,2.63,1.88
2012.06.21 10:18:21.642,1.01163,1.01175,3.38,1.88
2012.06.21 10:18:22.006,1.01173,1.0118,1.88,1.50
2012.06.21 10:18:22.227,1.01173,1.01185,1.88,1.50
2012.06.21 10:18:22.304,1.01171,1.01185,3.38,3.38
2012.06.21 10:18:22.444,1.01176,1.01185,1.50,1.88
2012.06.21 10:18:22.593,1.01174,1.01185,1.50,2.33
2012.06.21 10:18:22.674,1.01171,1.01185,3.38,2.33
2012.06.21 10:18:22.894,1.01173,1.01185,1.50,2.33
2012.06.21 10:18:23.184,1.01171,1.01185,3.38,2.33
2012.06.21 10:18:23.740,1.01171,1.01185,1.88,3.83
2012.06.21 10:18:24.257,1.01169,1.01184,2.25,3.38
2012.06.21 10:18:24.336,1.01169,1.01184,2.25,3.83
2012.06.21 10:18:25.428,1.01168,1.01182,5.16,1.96
2012.06.21 10:18:25.789,1.01169,1.01182,1.78,1.50
2012.06.21 10:18:25.858,1.0117,1.01184,1.88,3.83
2012.06.21 10:18:26.392,1.01169,1.01183,1.78,1.96
2012.06.21 10:18:26.939,1.01172,1.01184,1.50,2.33
2012.06.21 10:18:27.867,1.01173,1.01185,1.50,2.71
2012.06.21 10:18:27.940,1.01171,1.01184,3.38,2.71
2012.06.21 10:18:28.596,1.01172,1.01186,2.25,4.81
2012.06.21 10:18:28.738,1.01172,1.01186,2.25,6.31
2012.06.21 10:18:29.232,1.01171,1.0118,1.50,1.88
2012.06.21 10:18:29.592,1.01169,1.01177,2.63,1.88
2012.06.21 10:18:29.674,1.01167,1.01177,3.28,1.88
2012.06.21 10:18:30.035,1.01165,1.01177,1.50,1.88
2012.06.21 10:18:30.116,1.01165,1.01173,1.50,1.88
2012.06.21 10:18:30.612,1.0116,1.01172,1.88,1.50
2012.06.21 10:18:31.299,1.01159,1.01173,3.28,1.88
2012.06.21 10:18:31.848,1.01161,1.01175,2.63,4.13
2012.06.21 10:18:32.199,1.01164,1.01175,3.00,1.88
2012.06.21 10:18:32.519,1.01163,1.01177,3.38,1.88
2012.06.21 10:18:33.089,1.01163,1.01177,5.16,1.88
2012.06.21 10:18:33.374,1.0117,1.01179,1.88,1.88
2012.06.21 10:18:33.524,1.0117,1.0118,1.88,1.50
2012.06.21 10:18:33.873,1.01172,1.01183,1.50,1.50
2012.06.21 10:18:34.021,1.0117,1.01184,1.50,3.38
2012.06.21 10:18:36.737,1.01172,1.01184,1.88,1.50
2012.06.21 10:18:36.810,1.01172,1.01186,1.88,1.88
2012.06.21 10:18:37.268,1.01172,1.01184,1.88,1.50
2012.06.21 10:18:37.801,1.0117,1.01184,5.25,1.50
2012.06.21 10:18:38.151,1.01172,1.01185,3.28,1.88
2012.06.21 10:18:39.321,1.01172,1.01184,1.78,1.50
2012.06.21 10:18:39.447,1.01171,1.01184,1.88,1.50
2012.06.21 10:18:39.998,1.01172,1.01184,1.88,1.50
2012.06.21 10:18:40.068,1.01172,1.01186,1.88,1.88
2012.06.21 10:18:41.245,1.01172,1.01184,1.88,1.50
2012.06.21 10:18:41.318,1.01172,1.01186,1.88,3.38
2012.06.21 10:18:43.113,1.01172,1.01184,1.88,1.50
2012.06.21 10:18:43.647,1.01172,1.01183,1.88,1.50
2012.06.21 10:18:44.389,1.0117,1.01183,2.63,1.50
2012.06.21 10:18:44.899,1.0117,1.01184,2.63,2.63
2012.06.21 10:18:45.331,1.0117,1.01184,2.25,2.63
2012.06.21 10:18:45.877,1.0117,1.01184,3.75,4.13
2012.06.21 10:18:46.507,1.0117,1.01184,3.75,4.13
2012.06.21 10:18:47.341,1.01171,1.01184,1.88,1.88
2012.06.21 10:18:47.734,1.01175,1.01186,1.88,1.50
2012.06.21 10:18:47.811,1.01175,1.01187,1.88,1.50
2012.06.21 10:18:48.236,1.01177,1.01189,1.50,1.88
2012.06.21 10:18:48.719,1.01177,1.01191,3.38,1.88
2012.06.21 10:18:49.318,1.01177,1.0119,1.88,1.50
2012.06.21 10:18:49.849,1.01177,1.01191,3.38,1.88
2012.06.21 10:18:50.432,1.01177,1.0119,2.25,1.50
2012.06.21 10:18:51.033,1.01176,1.0119,1.88,4.50
2012.06.21 10:18:52.480,1.01174,1.01189,2.25,1.88
2012.06.21 10:18:53.023,1.01175,1.0119,1.50,3.75
2012.06.21 10:18:53.577,1.01174,1.01188,1.88,1.50
2012.06.21 10:18:53.860,1.01176,1.0119,1.50,3.00
2012.06.21 10:18:54.416,1.01175,1.01189,2.25,1.50
2012.06.21 10:18:54.738,1.01174,1.01187,3.66,1.50
2012.06.21 10:18:54.806,1.01176,1.0119,1.50,4.13
2012.06.21 10:18:55.861,1.01179,1.0119,1.50,3.00
2012.06.21 10:18:56.410,1.01178,1.0119,1.50,1.88
2012.06.21 10:18:56.738,1.01182,1.0119,1.50,1.88
2012.06.21 10:18:56.810,1.0118,1.0119,1.50,1.88
2012.06.21 10:18:56.937,1.0118,1.01193,1.50,1.88
2012.06.21 10:18:57.008,1.01178,1.01193,1.50,1.88
2012.06.21 10:18:58.679,1.01177,1.01191,3.75,1.50
2012.06.21 10:18:59.567,1.01177,1.0119,1.88,1.88
2012.06.21 10:19:00.414,1.01176,1.01189,2.25,1.50
2012.06.21 10:19:00.863,1.01174,1.01188,1.13,2.25
2012.06.21 10:19:01.154,1.01177,1.01189,1.50,1.88
2012.06.21 10:19:01.443,1.01177,1.01191,1.50,2.25
2012.06.21 10:19:02.009,1.01177,1.01189,1.50,1.88
2012.06.21 10:19:02.270,1.01175,1.01189,1.88,3.38
2012.06.21 10:19:05.965,1.01178,1.01189,1.78,1.88
2012.06.21 10:19:06.312,1.01178,1.01191,1.78,1.88
2012.06.21 10:19:08.782,1.01182,1.01191,1.78,1.88
2012.06.21 10:19:08.855,1.01182,1.01193,1.78,2.25
2012.06.21 10:19:09.003,1.01182,1.01196,5.16,2.63
2012.06.21 10:19:09.535,1.01182,1.01196,5.16,1.88
2012.06.21 10:19:09.951,1.01184,1.01195,1.78,1.50
2012.06.21 10:19:10.647,1.01184,1.01196,1.78,1.88
2012.06.21 10:19:12.366,1.01185,1.01196,1.78,1.88
2012.06.21 10:19:15.336,1.01184,1.01196,1.78,2.63
2012.06.21 10:19:16.441,1.01184,1.01196,1.78,2.63
2012.06.21 10:19:17.093,1.01184,1.01194,1.78,1.50
2012.06.21 10:19:17.390,1.01187,1.01197,2.25,1.50
2012.06.21 10:19:17.600,1.01187,1.01199,2.25,1.50
2012.06.21 10:19:17.871,1.01189,1.01202,1.88,2.63
2012.06.21 10:19:18.022,1.0119,1.01202,1.78,2.63
2012.06.21 10:19:20.572,1.0119,1.01202,1.78,4.41
2012.06.21 10:19:20.652,1.0119,1.01202,1.78,4.96
2012.06.21 10:19:20.731,1.0119,1.01199,1.78,1.50
2012.06.21 10:19:21.207,1.01185,1.01199,4.41,5.63
2012.06.21 10:19:21.719,1.01185,1.01197,2.91,1.50
2012.06.21 10:19:22.639,1.01185,1.01196,2.53,1.88
2012.06.21 10:19:23.059,1.01185,1.01199,5.16,4.13
2012.06.21 10:19:25.311,1.01186,1.01199,1.50,2.63
2012.06.21 10:19:26.253,1.01185,1.01199,3.66,3.08
2012.06.21 10:19:26.336,1.01189,1.01199,1.50,2.63
2012.06.21 10:19:27.257,1.01186,1.01199,2.63,2.63
2012.06.21 10:19:28.822,1.01186,1.01199,2.63,1.88
2012.06.21 10:19:29.376,1.01186,1.01199,2.63,1.88
2012.06.21 10:19:29.877,1.01185,1.01198,2.25,1.50
2012.06.21 10:19:30.450,1.01185,1.01199,3.75,1.88
2012.06.21 10:19:31.320,1.01183,1.01191,3.75,3.23
2012.06.21 10:19:31.411,1.01178,1.01186,1.50,1.88
2012.06.21 10:19:31.483,1.01177,1.01186,3.66,1.88
2012.06.21 10:19:31.910,1.01176,1.01186,1.50,1.88
2012.06.21 10:19:32.191,1.01174,1.01186,1.88,1.88
2012.06.21 10:19:32.261,1.01174,1.01188,1.88,1.88
2012.06.21 10:19:32.808,1.01175,1.01189,1.50,1.88
2012.06.21 10:19:33.228,1.01175,1.01189,3.28,1.88
2012.06.21 10:19:33.990,1.01175,1.01189,3.28,4.13
2012.06.21 10:19:34.117,1.01173,1.01189,4.50,5.63
2012.06.21 10:19:35.397,1.01173,1.01187,2.63,1.88
2012.06.21 10:19:36.988,1.01173,1.01187,4.03,1.88
2012.06.21 10:19:37.542,1.01176,1.01187,1.50,1.88
2012.06.21 10:19:38.060,1.01176,1.01187,1.88,1.88
2012.06.21 10:19:38.593,1.01176,1.01187,1.88,2.33
2012.06.21 10:19:38.739,1.01172,1.01187,4.03,2.33
2012.06.21 10:19:39.270,1.01172,1.01186,3.28,5.71
2012.06.21 10:19:39.962,1.01172,1.01184,1.78,1.88
2012.06.21 10:19:40.048,1.0117,1.01182,2.16,1.50
2012.06.21 10:19:40.598,1.0117,1.01182,1.78,1.50
2012.06.21 10:19:41.139,1.0117,1.01182,1.78,1.96
2012.06.21 10:19:41.349,1.0117,1.01183,1.78,1.88
2012.06.21 10:19:42.102,1.01171,1.01184,3.38,3.46
2012.06.21 10:19:42.182,1.01171,1.01184,5.16,3.00
2012.06.21 10:19:42.252,1.01174,1.01186,1.50,1.50
2012.06.21 10:19:42.531,1.01175,1.01189,3.66,3.46
2012.06.21 10:19:43.089,1.01175,1.01189,5.16,1.88
2012.06.21 10:19:43.428,1.01175,1.01187,1.78,1.88
2012.06.21 10:19:44.309,1.01173,1.01187,6.28,1.88
2012.06.21 10:19:45.051,1.01178,1.01187,1.78,1.88
2012.06.21 10:19:46.382,1.01174,1.01187,4.03,3.38
2012.06.21 10:19:47.279,1.01174,1.01185,1.78,1.88
2012.06.21 10:19:47.780,1.01174,1.01184,1.78,1.88
2012.06.21 10:19:47.850,1.01172,1.01184,1.78,3.38
2012.06.21 10:19:48.351,1.01172,1.01181,1.78,1.50
2012.06.21 10:19:48.430,1.0117,1.01181,2.16,3.38
2012.06.21 10:19:49.136,1.0117,1.01184,5.16,1.50
2012.06.21 10:19:49.680,1.01173,1.01186,1.78,3.60
2012.06.21 10:19:51.416,1.01173,1.01186,1.78,2.85
2012.06.21 10:19:52.012,1.01172,1.01186,1.78,2.85
2012.06.21 10:19:53.948,1.01171,1.01186,3.28,2.85
2012.06.21 10:19:58.160,1.01175,1.01187,1.78,2.85
2012.06.21 10:19:58.302,1.01175,1.01188,1.78,3.75
2012.06.21 10:19:58.811,1.01175,1.01189,5.16,1.88
2012.06.21 10:19:59.577,1.01176,1.01189,1.78,1.88
2012.06.21 10:20:05.359,1.01179,1.01189,1.78,1.88
2012.06.21 10:20:07.172,1.01176,1.01189,3.66,1.88
2012.06.21 10:20:08.146,1.01178,1.01189,1.88,1.88
2012.06.21 10:20:13.656,1.01178,1.01191,3.66,1.88
2012.06.21 10:20:16.678,1.01179,1.01191,1.13,1.88
2012.06.21 10:20:19.010,1.0118,1.01191,1.78,1.88
2012.06.21 10:20:19.226,1.01181,1.01191,4.50,1.88
2012.06.21 10:20:19.303,1.01183,1.01197,2.63,1.88
2012.06.21 10:20:19.383,1.01186,1.01197,1.13,1.88
2012.06.21 10:20:20.247,1.01185,1.01197,1.78,2.63
2012.06.21 10:20:21.567,1.01184,1.01197,2.53,2.63
2012.06.21 10:20:23.290,1.01188,1.01197,1.50,2.63
2012.06.21 10:20:23.429,1.01188,1.01201,1.50,5.33
2012.06.21 10:20:23.499,1.01191,1.01201,1.50,5.33
2012.06.21 10:20:24.853,1.01193,1.01201,1.50,2.63
2012.06.21 10:20:25.005,1.01193,1.01203,1.50,1.35
2012.06.21 10:20:25.420,1.012,1.01206,1.50,1.88
2012.06.21 10:20:25.494,1.01197,1.01206,1.50,1.88
2012.06.21 10:20:26.130,1.01197,1.01208,1.50,1.88
2012.06.21 10:20:26.912,1.01195,1.01208,2.63,1.88
2012.06.21 10:20:27.062,1.01194,1.01208,1.88,3.08
2012.06.21 10:20:27.623,1.01193,1.01207,2.63,1.88
2012.06.21 10:20:27.978,1.01196,1.01207,2.53,1.88
2012.06.21 10:20:28.507,1.01196,1.01208,1.78,1.88
2012.06.21 10:20:30.193,1.01196,1.01208,2.53,1.88
2012.06.21 10:20:30.272,1.01197,1.01211,4.13,3.46
2012.06.21 10:20:30.797,1.01197,1.01211,4.13,2.63
2012.06.21 10:20:31.857,1.01197,1.01211,4.50,2.63
2012.06.21 10:20:33.209,1.01198,1.0121,1.88,1.88
2012.06.21 10:20:35.771,1.01198,1.0121,1.88,1.88
2012.06.21 10:20:37.428,1.01199,1.0121,1.78,1.88
2012.06.21 10:20:40.829,1.01197,1.0121,2.53,1.88
2012.06.21 10:20:43.487,1.01197,1.0121,1.88,1.88
2012.06.21 10:20:44.968,1.01198,1.0121,1.13,1.88
2012.06.21 10:20:45.044,1.01199,1.01211,2.53,1.50
2012.06.21 10:20:45.122,1.01202,1.01215,1.50,4.13
2012.06.21 10:20:45.329,1.01203,1.01215,1.50,1.88
2012.06.21 10:20:45.839,1.01202,1.01215,4.41,1.88
2012.06.21 10:20:46.332,1.01204,1.01213,1.88,1.88
2012.06.21 10:20:47.102,1.01204,1.01215,1.88,1.88
2012.06.21 10:20:47.389,1.01206,1.01215,1.50,1.88
2012.06.21 10:20:48.251,1.01203,1.01215,2.63,1.88
2012.06.21 10:20:48.660,1.01205,1.01215,1.50,1.88
2012.06.21 10:20:50.048,1.01204,1.01215,1.50,1.88
2012.06.21 10:20:55.777,1.01203,1.01215,4.41,1.88
2012.06.21 10:20:56.170,1.01203,1.01217,4.41,1.50
2012.06.21 10:20:56.701,1.01207,1.01218,1.50,1.88
2012.06.21 10:20:57.227,1.01209,1.01218,1.50,1.88
2012.06.21 10:20:59.889,1.01207,1.01218,2.25,1.88
2012.06.21 10:21:00.458,1.01208,1.01221,2.63,2.63
2012.06.21 10:21:00.531,1.01211,1.01221,1.78,2.25
2012.06.21 10:21:00.815,1.01218,1.01228,1.50,1.88
2012.06.21 10:21:01.161,1.01216,1.01228,2.25,1.88
2012.06.21 10:21:01.950,1.01215,1.01224,1.50,1.88
2012.06.21 10:21:02.089,1.01211,1.01224,5.16,1.88
2012.06.21 10:21:03.110,1.01215,1.01229,3.28,2.25
2012.06.21 10:21:04.927,1.01217,1.01231,2.63,2.48
2012.06.21 10:21:05.982,1.01217,1.01231,3.00,3.23
2012.06.21 10:21:06.321,1.01214,1.01222,1.78,1.88
2012.06.21 10:21:06.520,1.0121,1.01222,2.25,1.88
2012.06.21 10:21:07.087,1.0121,1.01222,2.25,1.88
2012.06.21 10:21:07.643,1.0121,1.01222,2.25,1.88
2012.06.21 10:21:08.137,1.01211,1.01225,1.50,1.88
2012.06.21 10:21:08.680,1.01211,1.01225,3.28,1.88
2012.06.21 10:21:11.031,1.01213,1.01225,2.25,1.88
2012.06.21 10:21:11.557,1.01213,1.01225,1.88,1.88
2012.06.21 10:21:11.894,1.01216,1.01225,1.50,1.88
2012.06.21 10:21:14.163,1.01219,1.0123,1.73,4.88
2012.06.21 10:21:14.385,1.01222,1.01234,3.38,2.10
2012.06.21 10:21:14.467,1.01224,1.01234,1.50,1.35
2012.06.21 10:21:15.003,1.01225,1.01238,1.88,1.88
2012.06.21 10:21:15.225,1.01227,1.0124,1.50,2.48
2012.06.21 10:21:15.777,1.01227,1.0124,2.63,1.88
2012.06.21 10:21:16.292,1.01227,1.0124,2.63,1.88
2012.06.21 10:21:16.562,1.01227,1.01242,2.63,1.88
2012.06.21 10:21:16.699,1.01229,1.01244,1.50,3.46
2012.06.21 10:21:17.228,1.01228,1.01242,4.13,1.50
2012.06.21 10:21:17.542,1.0123,1.01244,1.50,4.96
2012.06.21 10:21:17.858,1.0123,1.01241,1.50,1.88
2012.06.21 10:21:18.216,1.01226,1.01239,1.88,3.83
2012.06.21 10:21:18.716,1.01224,1.01237,2.16,1.50
2012.06.21 10:21:18.847,1.01223,1.01237,2.25,1.50
2012.06.21 10:21:19.110,1.01223,1.01235,1.88,1.88
2012.06.21 10:21:20.108,1.01224,1.01238,2.25,1.88
2012.06.21 10:21:20.888,1.01225,1.01238,1.50,1.88
2012.06.21 10:21:20.961,1.01228,1.01238,1.50,1.88
2012.06.21 10:21:21.263,1.01228,1.01241,1.50,2.25
2012.06.21 10:21:21.782,1.01226,1.01241,1.78,4.21
2012.06.21 10:21:21.862,1.01226,1.01236,1.78,1.88
2012.06.21 10:21:22.349,1.01224,1.01233,1.13,1.88
2012.06.21 10:21:22.886,1.01223,1.01233,1.78,1.88
2012.06.21 10:21:23.258,1.01221,1.01233,4.41,1.88
2012.06.21 10:21:24.198,1.01221,1.01235,4.41,1.88
2012.06.21 10:21:24.581,1.01221,1.01235,4.41,1.88
2012.06.21 10:21:24.936,1.01235,1.01242,1.88,1.13
2012.06.21 10:21:25.148,1.01235,1.01249,3.38,1.13
2012.06.21 10:21:25.613,1.01233,1.01246,1.88,1.50
2012.06.21 10:21:26.817,1.01233,1.01247,3.38,1.88
2012.06.21 10:21:27.974,1.01233,1.01247,4.13,1.88
2012.06.21 10:21:28.301,1.0124,1.01249,1.88,2.33
2012.06.21 10:21:28.640,1.01242,1.01249,1.88,1.50
2012.06.21 10:21:28.828,1.01242,1.01251,1.88,1.50
2012.06.21 10:21:28.969,1.0124,1.01253,1.50,1.50
2012.06.21 10:21:29.042,1.0124,1.01255,1.50,1.88
2012.06.21 10:21:30.263,1.0124,1.01255,1.50,2.71
2012.06.21 10:21:30.625,1.01245,1.01256,2.25,1.96
2012.06.21 10:21:30.777,1.01245,1.01259,2.25,3.08
2012.06.21 10:21:30.856,1.01248,1.01261,1.88,4.35
2012.06.21 10:21:31.200,1.0125,1.01264,1.50,5.56
2012.06.21 10:21:35.548,1.0125,1.01264,3.28,1.50
2012.06.21 10:21:36.098,1.01251,1.01264,1.50,1.50
2012.06.21 10:21:36.237,1.01252,1.01266,2.25,3.75
2012.06.21 10:21:36.508,1.01251,1.01264,1.50,1.50
2012.06.21 10:21:37.190,1.01251,1.01264,1.88,1.50
2012.06.21 10:21:37.810,1.01252,1.01264,1.88,1.50
2012.06.21 10:21:38.371,1.01251,1.01264,1.78,1.50
2012.06.21 10:21:38.638,1.01249,1.01265,4.50,6.08
2012.06.21 10:21:38.709,1.01249,1.01262,3.00,1.50
2012.06.21 10:21:38.779,1.0125,1.01264,2.25,1.50
2012.06.21 10:21:38.978,1.0125,1.01257,1.50,1.88
2012.06.21 10:21:39.191,1.01246,1.01256,2.25,1.50
2012.06.21 10:21:39.259,1.01243,1.01256,1.50,1.50
2012.06.21 10:21:39.797,1.01242,1.01256,2.91,1.50
2012.06.21 10:21:40.306,1.01242,1.01255,1.13,1.88
2012.06.21 10:21:44.349,1.01242,1.01256,3.75,1.50
2012.06.21 10:21:44.418,1.01242,1.01254,3.75,1.50
2012.06.21 10:21:46.460,1.01242,1.01256,1.13,1.50
2012.06.21 10:21:46.599,1.01242,1.01258,3.00,1.96
2012.06.21 10:21:46.870,1.01245,1.01259,1.50,6.00
2012.06.21 10:21:47.197,1.01243,1.01257,2.63,1.50
2012.06.21 10:21:48.049,1.01244,1.0126,4.13,4.58
2012.06.21 10:21:50.208,1.01244,1.01259,4.13,1.50
2012.06.21 10:21:50.767,1.01244,1.01258,1.88,1.50
2012.06.21 10:21:51.879,1.01244,1.01258,2.63,1.50
2012.06.21 10:21:55.587,1.01246,1.01258,2.53,1.50
2012.06.21 10:21:55.660,1.01247,1.0126,2.25,1.88
2012.06.21 10:22:01.689,1.01246,1.0126,2.63,2.25
2012.06.21 10:22:04.440,1.01246,1.01259,1.13,1.50
2012.06.21 10:22:06.098,1.01246,1.01259,1.13,1.50
2012.06.21 10:22:06.371,1.01247,1.01261,3.75,1.96
2012.06.21 10:22:06.579,1.01249,1.01264,2.63,4.58
2012.06.21 10:22:06.933,1.01256,1.01264,1.88,1.50
2012.06.21 10:22:07.295,1.01267,1.01272,2.63,1.50
2012.06.21 10:22:07.443,1.01266,1.01272,2.25,1.88
2012.06.21 10:22:08.069,1.01265,1.01275,1.50,4.50
2012.06.21 10:22:08.142,1.01261,1.01275,1.50,3.75
2012.06.21 10:22:08.423,1.01261,1.01275,1.88,1.50
2012.06.21 10:22:08.503,1.01261,1.01275,1.88,1.50
2012.06.21 10:22:09.310,1.01261,1.01274,1.13,1.50
2012.06.21 10:22:10.292,1.0126,1.01274,1.88,1.50
2012.06.21 10:22:10.444,1.01261,1.01271,1.13,1.88
2012.06.21 10:22:10.804,1.01255,1.01265,2.63,1.50
2012.06.21 10:22:10.882,1.01255,1.01265,1.88,1.50
2012.06.21 10:22:11.632,1.01255,1.01265,2.63,1.50
2012.06.21 10:22:11.708,1.01255,1.01268,2.63,1.50
2012.06.21 10:22:13.010,1.01255,1.01268,2.63,1.50
2012.06.21 10:22:13.220,1.01259,1.01271,1.50,3.66
2012.06.21 10:22:13.767,1.01257,1.01269,1.50,1.50
2012.06.21 10:22:15.562,1.01257,1.01271,5.25,1.50
2012.06.21 10:22:16.029,1.01259,1.01273,1.50,1.88
2012.06.21 10:22:16.836,1.01259,1.01274,3.38,1.50
2012.06.21 10:22:19.701,1.01262,1.01274,1.50,1.50
2012.06.21 10:22:20.111,1.01262,1.01277,3.38,1.88
2012.06.21 10:22:20.709,1.01262,1.01276,1.88,1.50
2012.06.21 10:22:21.551,1.01263,1.01276,1.50,1.50
2012.06.21 10:22:22.077,1.01263,1.01277,3.38,3.38
2012.06.21 10:22:24.489,1.01263,1.01274,1.88,1.50
2012.06.21 10:22:25.028,1.01261,1.01274,2.63,2.33
2012.06.21 10:22:25.593,1.0126,1.01274,1.88,2.33
2012.06.21 10:22:26.280,1.0126,1.01273,1.13,1.50
2012.06.21 10:22:26.628,1.01257,1.01269,1.13,1.50
2012.06.21 10:22:27.043,1.01255,1.01264,1.50,1.50
2012.06.21 10:22:27.401,1.01251,1.01263,1.64,1.50
2012.06.21 10:22:27.472,1.01251,1.01263,1.27,3.75
2012.06.21 10:22:27.829,1.01244,1.01252,1.88,1.88
2012.06.21 10:22:28.033,1.01242,1.01252,1.13,3.38
2012.06.21 10:22:28.300,1.01241,1.01252,1.13,3.38
2012.06.21 10:22:28.569,1.01241,1.01254,1.13,3.38
2012.06.21 10:22:28.781,1.01241,1.01254,1.88,1.50
2012.06.21 10:22:29.122,1.01246,1.01258,1.50,2.25
2012.06.21 10:22:29.639,1.01246,1.01258,1.50,1.88
2012.06.21 10:22:30.240,1.01248,1.01258,1.50,1.88
2012.06.21 10:22:30.747,1.01245,1.01258,2.25,1.88
2012.06.21 10:22:31.408,1.01245,1.01261,2.25,1.50
2012.06.21 10:22:31.750,1.01247,1.01263,4.13,1.88
2012.06.21 10:22:32.239,1.01245,1.01261,2.63,1.50
2012.06.21 10:22:32.589,1.01245,1.01258,1.13,1.50
2012.06.21 10:22:32.721,1.01247,1.01261,1.88,1.50
2012.06.21 10:22:32.789,1.01247,1.01263,3.38,6.46
2012.06.21 10:22:32.859,1.01249,1.01263,2.25,4.96
2012.06.21 10:22:32.989,1.01249,1.01265,2.25,4.88
2012.06.21 10:22:33.130,1.01251,1.01265,1.50,1.13
2012.06.21 10:22:33.807,1.0125,1.01264,4.13,1.50
2012.06.21 10:22:38.235,1.0125,1.01264,4.50,1.50
2012.06.21 10:22:38.787,1.0125,1.01264,3.75,1.50
2012.06.21 10:22:42.580,1.01252,1.01266,1.50,3.00
2012.06.21 10:22:43.096,1.01253,1.01266,1.88,1.50
2012.06.21 10:22:43.409,1.01253,1.01264,1.88,1.50
2012.06.21 10:22:43.478,1.0125,1.01264,2.63,1.50
2012.06.21 10:22:43.671,1.01248,1.01262,6.28,1.50
2012.06.21 10:22:43.738,1.01248,1.01262,4.50,1.50
2012.06.21 10:22:44.603,1.0125,1.01265,3.38,1.50
2012.06.21 10:22:44.890,1.01253,1.01268,3.75,3.38
2012.06.21 10:22:45.104,1.01254,1.01268,3.38,1.50
2012.06.21 10:22:45.670,1.01255,1.01268,1.50,1.50
2012.06.21 10:22:46.070,1.01256,1.0127,2.25,3.38
2012.06.21 10:22:51.908,1.01255,1.01269,1.50,1.50
2012.06.21 10:22:52.419,1.01257,1.0127,2.63,1.88
2012.06.21 10:22:53.372,1.01255,1.01269,3.66,1.88
2012.06.21 10:22:53.522,1.01254,1.01268,2.25,1.58
2012.06.21 10:22:53.596,1.01254,1.01264,2.25,1.88
2012.06.21 10:22:54.293,1.01253,1.01262,1.50,2.63
2012.06.21 10:22:54.373,1.01247,1.01262,1.35,4.13
2012.06.21 10:22:55.610,1.01249,1.01262,2.48,1.88
2012.06.21 10:22:56.150,1.01248,1.01262,3.23,3.38
2012.06.21 10:22:57.068,1.01249,1.01264,1.88,1.88
2012.06.21 10:22:57.728,1.0125,1.01264,1.88,1.88
2012.06.21 10:22:59.072,1.01252,1.01265,4.13,1.50
2012.06.21 10:22:59.148,1.01256,1.0127,2.25,6.00
2012.06.21 10:22:59.558,1.01258,1.01272,1.50,1.88
2012.06.21 10:23:00.132,1.01258,1.01272,1.50,1.50
2012.06.21 10:23:00.482,1.01253,1.01266,2.63,1.88
2012.06.21 10:23:01.049,1.01252,1.01266,3.75,3.38
2012.06.21 10:23:03.210,1.01251,1.01264,3.38,1.50
2012.06.21 10:23:06.560,1.01253,1.01265,1.13,1.50
2012.06.21 10:23:07.108,1.01253,1.01266,1.13,1.88
2012.06.21 10:23:09.331,1.01253,1.01268,1.13,1.50
2012.06.21 10:23:09.472,1.01254,1.01268,1.50,1.50
2012.06.21 10:23:09.762,1.01257,1.0127,1.50,2.63
2012.06.21 10:23:10.523,1.01254,1.0127,3.00,4.13
2012.06.21 10:23:11.044,1.0126,1.0127,1.88,1.88
2012.06.21 10:23:11.267,1.01263,1.01276,1.88,4.26
2012.06.21 10:23:11.485,1.01264,1.01277,1.88,1.13
2012.06.21 10:23:11.987,1.01264,1.01277,4.50,1.13
2012.06.21 10:23:12.699,1.01264,1.01277,1.50,1.50
2012.06.21 10:23:13.099,1.01263,1.01275,1.13,1.50
2012.06.21 10:23:17.088,1.01261,1.01275,2.63,1.50
2012.06.21 10:23:17.721,1.01261,1.01275,5.25,1.50
2012.06.21 10:23:17.864,1.01261,1.01275,6.60,1.50
2012.06.21 10:23:18.432,1.01265,1.01277,1.88,1.50
2012.06.21 10:23:18.502,1.01265,1.0128,2.63,1.88
2012.06.21 10:23:20.161,1.01267,1.0128,1.88,1.88
2012.06.21 10:23:20.233,1.01269,1.01282,1.50,1.50
2012.06.21 10:23:20.380,1.01267,1.01282,1.88,3.75
2012.06.21 10:23:20.452,1.01267,1.0128,1.88,1.50
2012.06.21 10:23:20.589,1.01267,1.01282,2.25,3.00
2012.06.21 10:23:22.930,1.01267,1.01282,3.00,1.50
2012.06.21 10:23:23.471,1.01269,1.01283,2.25,3.38
2012.06.21 10:23:23.813,1.01269,1.01283,3.75,1.50
2012.06.21 10:23:24.176,1.01276,1.01283,1.13,1.50
2012.06.21 10:23:24.323,1.01276,1.01285,1.13,1.50
2012.06.21 10:23:24.401,1.01276,1.0129,1.13,3.75
2012.06.21 10:23:25.000,1.01274,1.0129,2.63,2.25
2012.06.21 10:23:28.549,1.01274,1.01287,2.63,1.50
2012.06.21 10:23:28.963,1.01273,1.01283,1.50,1.50
2012.06.21 10:23:29.182,1.01271,1.01285,3.75,1.50
2012.06.21 10:23:29.458,1.01273,1.01287,1.50,3.75
2012.06.21 10:23:30.169,1.01275,1.01287,2.63,3.75
2012.06.21 10:23:30.319,1.01278,1.01293,3.38,3.38
2012.06.21 10:23:30.867,1.01278,1.01291,1.88,1.50
2012.06.21 10:23:31.410,1.01277,1.01291,4.13,1.50
2012.06.21 10:23:32.018,1.01277,1.01289,1.88,1.50
2012.06.21 10:23:32.363,1.01274,1.01287,1.13,1.50
2012.06.21 10:23:32.583,1.01273,1.01287,4.73,1.50
2012.06.21 10:23:32.734,1.01273,1.01285,2.85,1.50
2012.06.21 10:23:33.941,1.01276,1.01285,2.25,1.50
2012.06.21 10:23:34.300,1.01281,1.01288,1.88,1.50
2012.06.21 10:23:34.369,1.01281,1.01294,1.88,1.50
2012.06.21 10:23:34.780,1.01278,1.01289,1.13,1.88
2012.06.21 10:23:35.050,1.01279,1.01291,1.88,1.50
2012.06.21 10:23:35.555,1.01278,1.01291,1.13,1.50
2012.06.21 10:23:36.089,1.01278,1.01292,3.38,1.88
2012.06.21 10:23:36.157,1.01278,1.01294,3.38,2.25
2012.06.21 10:23:36.299,1.01278,1.01291,1.88,1.50
2012.06.21 10:23:38.557,1.01278,1.01294,2.63,2.25
2012.06.21 10:23:39.185,1.01279,1.01294,1.50,2.25
2012.06.21 10:23:39.469,1.0128,1.01294,2.25,1.50
2012.06.21 10:23:39.779,1.01283,1.01295,1.50,1.88
2012.06.21 10:23:39.849,1.0128,1.01295,2.25,1.88
2012.06.21 10:23:40.390,1.0128,1.01295,2.25,4.50
2012.06.21 10:23:40.670,1.01279,1.01293,2.25,1.88
2012.06.21 10:23:41.214,1.01277,1.01292,4.50,1.50
2012.06.21 10:23:41.691,1.01277,1.0129,4.50,1.50
2012.06.21 10:23:44.366,1.01277,1.01291,1.13,4.50
2012.06.21 10:23:44.708,1.01277,1.01289,1.13,1.50
2012.06.21 10:23:46.782,1.01277,1.01287,1.13,1.50
2012.06.21 10:23:46.978,1.01275,1.01287,3.00,1.50
2012.06.21 10:23:47.390,1.01272,1.01286,1.88,4.50
2012.06.21 10:23:47.746,1.01267,1.0128,2.16,1.50
2012.06.21 10:23:48.101,1.01265,1.01272,1.50,4.13
2012.06.21 10:23:48.240,1.01256,1.0127,3.66,1.88
2012.06.21 10:23:48.755,1.01256,1.01269,4.41,1.50
2012.06.21 10:23:50.466,1.01256,1.01269,2.63,1.50
2012.06.21 10:23:50.970,1.01256,1.01269,2.63,1.50
2012.06.21 10:23:51.039,1.01256,1.01271,4.13,3.00
2012.06.21 10:23:52.172,1.01256,1.0127,3.00,1.88
2012.06.21 10:23:52.688,1.01256,1.0127,2.25,1.88
2012.06.21 10:23:53.248,1.01256,1.01271,4.88,1.50
2012.06.21 10:23:53.799,1.01256,1.0127,3.38,1.50
2012.06.21 10:23:54.429,1.01256,1.01271,4.88,1.88
2012.06.21 10:23:55.421,1.01256,1.01271,4.88,1.88
2012.06.21 10:23:55.701,1.0126,1.01274,3.38,3.60
2012.06.21 10:23:56.163,1.0126,1.01274,2.63,1.88
2012.06.21 10:23:57.311,1.0126,1.01274,2.63,2.63
2012.06.21 10:23:57.598,1.01256,1.01272,6.00,4.50
2012.06.21 10:23:57.789,1.01256,1.01271,5.25,3.00
2012.06.21 10:23:58.187,1.01256,1.01268,2.63,1.50
2012.06.21 10:23:58.999,1.01256,1.01269,2.63,2.25
2012.06.21 10:24:00.608,1.01255,1.01267,1.13,1.50
2012.06.21 10:24:00.999,1.01252,1.01263,4.13,1.88
2012.06.21 10:24:01.348,1.01248,1.01261,2.63,3.38
2012.06.21 10:24:01.421,1.01248,1.01261,2.25,3.38
2012.06.21 10:24:01.881,1.01247,1.01259,1.13,1.50
2012.06.21 10:24:02.359,1.01245,1.01259,3.00,1.50
2012.06.21 10:24:02.501,1.01243,1.01255,1.50,1.50
2012.06.21 10:24:03.023,1.01242,1.01254,1.13,1.88
2012.06.21 10:24:03.536,1.01241,1.01254,2.63,1.88
2012.06.21 10:24:04.261,1.01243,1.01255,1.88,1.50
2012.06.21 10:24:04.610,1.01246,1.01255,1.50,1.50
2012.06.21 10:24:04.751,1.01245,1.01257,3.38,3.00
2012.06.21 10:24:05.011,1.01247,1.01261,2.63,1.88
2012.06.21 10:24:05.222,1.01247,1.01262,2.63,1.50
2012.06.21 10:24:05.829,1.01248,1.01262,3.38,1.50
2012.06.21 10:24:06.498,1.01248,1.01262,2.63,4.13
2012.06.21 10:24:06.818,1.01245,1.01259,2.63,1.50
2012.06.21 10:24:07.848,1.01245,1.01259,1.88,1.50
2012.06.21 10:24:08.600,1.01247,1.01261,1.88,2.63
2012.06.21 10:24:08.744,1.01249,1.01263,1.50,4.50
2012.06.21 10:24:10.221,1.01251,1.01264,1.50,1.13
2012.06.21 10:24:10.760,1.01251,1.01265,1.50,3.75
2012.06.21 10:24:10.949,1.01249,1.01264,2.63,4.13
2012.06.21 10:24:12.940,1.01249,1.01264,2.63,1.88
2012.06.21 10:24:13.198,1.01249,1.01264,3.00,2.25
2012.06.21 10:24:13.268,1.01251,1.01265,1.50,3.00
2012.06.21 10:24:13.337,1.01249,1.01264,3.00,2.25
2012.06.21 10:24:15.811,1.01248,1.01262,1.88,1.88
2012.06.21 10:24:16.163,1.01244,1.01257,2.63,2.25
2012.06.21 10:24:16.688,1.01242,1.01258,7.50,4.13
2012.06.21 10:24:17.107,1.01245,1.01258,1.88,2.25
2012.06.21 10:24:20.821,1.01245,1.01259,3.38,2.25
2012.06.21 10:24:21.437,1.01247,1.01259,1.88,1.50
2012.06.21 10:24:23.214,1.01245,1.01259,2.63,1.50
2012.06.21 10:24:23.508,1.01249,1.01261,1.50,3.38
2012.06.21 10:24:24.019,1.0125,1.01263,1.88,3.00
2012.06.21 10:24:24.290,1.0125,1.0126,1.88,1.50
2012.06.21 10:24:24.785,1.01246,1.01258,2.25,1.50
2012.06.21 10:24:25.134,1.01244,1.01253,1.13,3.00
2012.06.21 10:24:25.419,1.0124,1.01251,2.25,1.50
2012.06.21 10:24:25.961,1.01238,1.01249,1.50,1.50
2012.06.21 10:24:26.182,1.01234,1.01247,1.88,3.38
2012.06.21 10:24:26.392,1.01233,1.01247,1.50,3.38
2012.06.21 10:24:26.857,1.01231,1.01246,5.25,2.25
2012.06.21 10:24:27.060,1.01233,1.01247,1.50,5.91
2012.06.21 10:24:27.426,1.01237,1.01247,1.50,2.53
2012.06.21 10:24:27.575,1.01239,1.01251,2.25,1.13
2012.06.21 10:24:27.657,1.01244,1.01251,1.88,1.13
2012.06.21 10:24:27.732,1.01242,1.01251,2.25,2.63
2012.06.21 10:24:27.873,1.01237,1.01248,2.48,1.50
2012.06.21 10:24:27.951,1.01235,1.01248,4.13,1.50
2012.06.21 10:24:28.305,1.01236,1.0125,2.25,1.50
2012.06.21 10:24:28.381,1.01238,1.0125,1.88,1.50
2012.06.21 10:24:29.247,1.01238,1.01249,1.88,1.88
2012.06.21 10:24:31.277,1.01238,1.0125,1.88,1.50
2012.06.21 10:24:36.418,1.01238,1.01251,1.88,3.00
2012.06.21 10:24:42.410,1.0124,1.01252,1.50,1.50
2012.06.21 10:24:42.832,1.01242,1.01253,1.50,1.78
2012.06.21 10:24:42.983,1.01242,1.01254,2.25,1.50
2012.06.21 10:24:43.490,1.01246,1.01258,1.88,1.50
2012.06.21 10:24:44.017,1.01246,1.01261,1.88,4.41
2012.06.21 10:24:46.041,1.01246,1.01261,2.63,1.88
2012.06.21 10:24:48.589,1.01246,1.01259,2.63,1.50
2012.06.21 10:24:49.661,1.01246,1.0126,2.63,1.88
2012.06.21 10:24:55.021,1.01246,1.01258,2.63,1.50
2012.06.21 10:24:56.269,1.01245,1.01258,1.13,1.88
2012.06.21 10:25:00.277,1.01245,1.01258,1.13,3.28
2012.06.21 10:25:02.376,1.01244,1.01258,1.73,1.88
2012.06.21 10:25:02.888,1.01243,1.01255,2.63,1.50
2012.06.21 10:25:03.028,1.01242,1.01255,4.88,1.50
2012.06.21 10:25:03.520,1.01242,1.01253,1.88,1.50
2012.06.21 10:25:04.071,1.01242,1.01254,1.88,3.00
2012.06.21 10:25:09.217,1.01242,1.01253,1.88,1.50
2012.06.21 10:25:09.594,1.0124,1.01247,2.63,1.88
2012.06.21 10:25:09.956,1.01231,1.01238,3.14,1.78
2012.06.21 10:25:10.104,1.01231,1.01237,2.39,1.50
2012.06.21 10:25:10.323,1.01222,1.01234,1.13,1.50
2012.06.21 10:25:11.076,1.01221,1.01233,1.89,1.50
2012.06.21 10:25:11.159,1.01218,1.01234,4.50,5.16
2012.06.21 10:25:14.132,1.01218,1.01232,2.25,1.50
2012.06.21 10:25:14.651,1.01218,1.01231,2.25,1.88
2012.06.21 10:25:15.204,1.01218,1.01231,1.88,1.88
2012.06.21 10:25:15.282,1.01218,1.01229,1.88,1.13
2012.06.21 10:25:15.928,1.01209,1.01215,2.25,1.13
2012.06.21 10:25:16.008,1.01206,1.01215,1.50,4.35
2012.06.21 10:25:16.081,1.01206,1.01215,1.50,4.50
2012.06.21 10:25:16.155,1.01199,1.01214,2.25,2.25
2012.06.21 10:25:16.688,1.01199,1.01213,1.88,1.13
2012.06.21 10:25:17.241,1.012,1.01214,1.88,1.88
2012.06.21 10:25:17.308,1.01202,1.01214,1.88,1.88
2012.06.21 10:25:17.440,1.01202,1.01215,1.88,1.88
2012.06.21 10:25:17.710,1.01206,1.01216,1.88,1.88
2012.06.21 10:25:18.060,1.01209,1.0122,1.88,1.13
2012.06.21 10:25:18.610,1.01209,1.01223,1.88,3.00
2012.06.21 10:25:18.682,1.01209,1.01223,1.88,2.63
2012.06.21 10:25:19.313,1.01211,1.01223,1.88,2.63
2012.06.21 10:25:20.774,1.01211,1.01223,1.88,2.25
2012.06.21 10:25:21.868,1.01209,1.01223,1.88,2.25
2012.06.21 10:25:23.594,1.01209,1.01219,1.88,1.50
2012.06.21 10:25:23.673,1.01207,1.01219,1.88,1.50
2012.06.21 10:25:24.721,1.01207,1.01216,1.88,1.50
2012.06.21 10:25:25.280,1.01204,1.01216,1.13,1.88
2012.06.21 10:25:25.355,1.01201,1.01216,4.88,1.50
2012.06.21 10:25:25.434,1.01201,1.01213,2.25,1.50
2012.06.21 10:25:25.650,1.01199,1.01213,6.00,1.50
2012.06.21 10:25:25.931,1.01201,1.01212,1.88,1.50
2012.06.21 10:25:26.828,1.01201,1.01216,1.88,3.28
2012.06.21 10:25:27.330,1.01201,1.01216,1.88,3.28
2012.06.21 10:25:29.099,1.01201,1.01216,2.63,2.25
2012.06.21 10:25:29.170,1.01204,1.01216,1.88,2.25
2012.06.21 10:25:29.589,1.01206,1.01216,1.88,2.25
2012.06.21 10:25:29.729,1.01208,1.01221,1.88,1.78
2012.06.21 10:25:30.300,1.01208,1.01222,1.88,2.25
2012.06.21 10:25:30.582,1.01207,1.01219,1.88,1.50
2012.06.21 10:25:31.746,1.01205,1.01217,1.88,1.50
2012.06.21 10:25:32.101,1.01205,1.01213,1.88,1.50
2012.06.21 10:25:32.170,1.01201,1.01213,2.63,1.50
2012.06.21 10:25:32.380,1.01201,1.01213,1.88,1.50
2012.06.21 10:25:40.530,1.01199,1.01213,3.00,1.50
2012.06.21 10:25:41.069,1.01199,1.01212,3.00,1.50
2012.06.21 10:25:42.910,1.01201,1.01212,1.50,1.50
2012.06.21 10:25:43.427,1.012,1.01212,1.88,1.50
2012.06.21 10:25:45.640,1.012,1.01211,4.13,1.50
2012.06.21 10:25:46.730,1.01197,1.01211,4.50,1.50
2012.06.21 10:25:46.871,1.01197,1.01208,4.13,1.50
2012.06.21 10:25:50.679,1.01197,1.0121,2.25,3.75
2012.06.21 10:25:51.109,1.01197,1.01208,2.25,1.50
2012.06.21 10:25:51.612,1.01196,1.0121,3.00,2.25
2012.06.21 10:25:51.677,1.01196,1.0121,3.00,1.50
2012.06.21 10:25:52.081,1.01196,1.01206,3.00,1.50
2012.06.21 10:25:53.147,1.01196,1.01208,3.00,3.00
2012.06.21 10:25:54.607,1.01196,1.01208,3.00,3.00
2012.06.21 10:25:54.883,1.01194,1.01205,4.13,3.00
2012.06.21 10:25:54.960,1.01192,1.01203,1.88,1.50
2012.06.21 10:25:55.809,1.01192,1.01203,1.13,2.25
2012.06.21 10:25:55.886,1.01194,1.01205,2.63,1.78
2012.06.21 10:25:56.499,1.01194,1.01207,2.63,1.13
2012.06.21 10:25:56.714,1.01194,1.01205,1.88,1.50
2012.06.21 10:25:57.648,1.01194,1.01206,1.88,2.25
2012.06.21 10:25:59.587,1.01194,1.01206,1.88,3.00
2012.06.21 10:26:00.096,1.01194,1.01206,1.88,3.00
2012.06.21 10:26:01.299,1.01194,1.01205,1.88,1.50
2012.06.21 10:26:01.859,1.01194,1.01204,1.88,2.25
2012.06.21 10:26:02.113,1.0119,1.01203,2.25,3.28
2012.06.21 10:26:02.201,1.0119,1.01197,2.25,2.63
2012.06.21 10:26:02.278,1.01185,1.01196,2.63,1.50
2012.06.21 10:26:02.785,1.01183,1.01197,2.63,2.63
2012.06.21 10:26:02.862,1.01183,1.01196,4.50,1.50
2012.06.21 10:26:02.928,1.01183,1.01197,4.50,1.13
2012.06.21 10:26:03.268,1.01183,1.01197,3.75,1.13
2012.06.21 10:26:04.047,1.01183,1.01196,3.00,1.50
2012.06.21 10:26:04.459,1.01181,1.01194,3.00,1.50
2012.06.21 10:26:04.880,1.0118,1.01193,1.50,1.13
2012.06.21 10:26:04.954,1.01178,1.01193,5.91,1.88
2012.06.21 10:26:05.034,1.01178,1.01193,3.38,1.13
2012.06.21 10:26:05.170,1.01177,1.01192,1.88,2.25
2012.06.21 10:26:05.523,1.01171,1.01186,2.63,2.85
2012.06.21 10:26:06.850,1.01172,1.01187,1.50,2.63
2012.06.21 10:26:06.992,1.01174,1.01188,3.38,1.50
2012.06.21 10:26:07.330,1.01179,1.01191,1.50,2.01
2012.06.21 10:26:07.599,1.01179,1.01193,4.50,3.38
2012.06.21 10:26:08.280,1.01179,1.01193,2.25,3.38
2012.06.21 10:26:08.630,1.01181,1.0119,3.00,1.50
2012.06.21 10:26:08.971,1.01181,1.0119,5.25,1.50
2012.06.21 10:26:09.046,1.01181,1.01193,5.25,1.88
2012.06.21 10:26:09.190,1.01181,1.01195,6.75,1.13
2012.06.21 10:26:09.540,1.01187,1.01197,1.50,1.13
2012.06.21 10:26:10.306,1.01187,1.01197,1.50,1.13
2012.06.21 10:26:10.814,1.01184,1.01198,1.88,1.50
2012.06.21 10:26:12.198,1.01184,1.01197,2.63,2.25
2012.06.21 10:26:12.326,1.01184,1.01198,2.63,1.13
2012.06.21 10:26:14.178,1.01184,1.01199,2.63,2.63
2012.06.21 10:26:14.377,1.01184,1.01196,2.63,1.50
2012.06.21 10:26:16.380,1.01184,1.01199,2.63,2.63
2012.06.21 10:26:16.828,1.01184,1.01198,2.63,1.13
2012.06.21 10:26:16.956,1.01184,1.01199,2.63,1.88
2012.06.21 10:26:23.469,1.01184,1.01199,3.75,1.88
2012.06.21 10:26:23.543,1.01187,1.01199,1.35,1.88
2012.06.21 10:26:23.905,1.01196,1.01202,1.13,1.50
2012.06.21 10:26:24.575,1.01201,1.01208,1.78,1.43
2012.06.21 10:26:24.654,1.01206,1.0121,2.63,1.50
2012.06.21 10:26:24.941,1.01205,1.01219,2.63,1.50
2012.06.21 10:26:25.481,1.01206,1.0122,1.88,3.00
2012.06.21 10:26:27.165,1.01207,1.01221,1.50,3.00
2012.06.21 10:26:27.381,1.01205,1.01221,4.13,4.50
2012.06.21 10:26:28.389,1.01205,1.01218,1.88,1.50
2012.06.21 10:26:28.940,1.01204,1.01218,1.88,1.50
2012.06.21 10:26:29.659,1.01203,1.01217,2.63,1.50
2012.06.21 10:26:30.183,1.01204,1.01218,2.25,2.25
2012.06.21 10:26:30.402,1.01201,1.01217,3.60,3.75
2012.06.21 10:26:30.472,1.01201,1.01217,2.25,4.50
2012.06.21 10:26:30.746,1.01201,1.01217,4.13,2.63
2012.06.21 10:26:31.100,1.01207,1.01222,2.25,2.53
2012.06.21 10:26:31.630,1.01207,1.01222,2.25,2.16
2012.06.21 10:26:32.102,1.01207,1.01223,2.25,3.75
2012.06.21 10:26:32.885,1.01207,1.01223,2.25,3.75
2012.06.21 10:26:33.960,1.0121,1.01223,1.50,2.25
2012.06.21 10:26:35.689,1.01212,1.01223,1.50,2.25
2012.06.21 10:26:35.889,1.01212,1.01225,1.50,2.25
2012.06.21 10:26:38.778,1.0121,1.01224,2.25,1.88
2012.06.21 10:26:40.178,1.0121,1.01223,2.25,1.88
2012.06.21 10:26:46.563,1.0121,1.0122,1.50,1.88
2012.06.21 10:26:47.183,1.0121,1.0122,1.50,3.75
2012.06.21 10:26:47.271,1.012,1.01214,3.75,1.50
2012.06.21 10:26:47.342,1.012,1.01212,2.25,1.50
2012.06.21 10:26:47.480,1.012,1.01214,3.75,1.50
2012.06.21 10:26:47.973,1.01197,1.01213,5.02,3.38
2012.06.21 10:26:48.190,1.01197,1.01212,4.88,2.25
2012.06.21 10:26:48.403,1.012,1.01213,1.88,1.88
2012.06.21 10:26:48.761,1.01203,1.01216,1.50,1.88
2012.06.21 10:26:49.349,1.012,1.01214,3.38,1.50
2012.06.21 10:26:49.909,1.012,1.01214,2.63,1.50
2012.06.21 10:26:50.442,1.01198,1.01213,3.38,1.88
2012.06.21 10:26:50.983,1.01198,1.01212,1.88,1.50
2012.06.21 10:26:51.633,1.01199,1.01213,1.50,3.38
2012.06.21 10:26:53.696,1.01198,1.01212,1.13,1.50
2012.06.21 10:26:56.543,1.01199,1.01212,1.88,1.50
2012.06.21 10:26:57.819,1.012,1.01212,1.50,1.50
2012.06.21 10:26:59.205,1.01201,1.01212,1.13,1.50
2012.06.21 10:26:59.283,1.01208,1.01218,1.50,1.50
2012.06.21 10:26:59.362,1.01214,1.0122,2.63,2.25
2012.06.21 10:26:59.714,1.01222,1.01227,1.88,2.18
2012.06.21 10:26:59.790,1.01222,1.01228,2.25,1.43
2012.06.21 10:26:59.861,1.01228,1.01233,1.88,1.43
2012.06.21 10:27:00.347,1.01227,1.0124,2.25,2.48
2012.06.21 10:27:00.558,1.01227,1.0124,2.25,4.63
2012.06.21 10:27:01.589,1.01227,1.0124,2.25,4.63
2012.06.21 10:27:02.281,1.01227,1.0124,2.25,4.63
2012.06.21 10:27:02.681,1.01224,1.01239,1.50,2.53
2012.06.21 10:27:02.819,1.01222,1.01236,2.63,1.88
2012.06.21 10:27:03.164,1.0122,1.01235,3.38,2.25
2012.06.21 10:27:03.314,1.01219,1.01233,1.50,2.63
2012.06.21 10:27:03.461,1.01219,1.01233,1.50,2.63
2012.06.21 10:27:03.811,1.01217,1.0123,3.75,1.88
2012.06.21 10:27:04.800,1.01217,1.0123,2.25,2.63
2012.06.21 10:27:06.399,1.01217,1.01232,2.25,2.25
2012.06.21 10:27:07.611,1.01219,1.01233,1.50,3.66
2012.06.21 10:27:07.891,1.01217,1.01232,4.50,2.25
2012.06.21 10:27:08.031,1.01217,1.01229,4.50,1.50
2012.06.21 10:27:09.000,1.01217,1.01231,6.00,1.88
2012.06.21 10:27:09.777,1.01217,1.01229,4.50,1.50
2012.06.21 10:27:12.567,1.01217,1.01231,6.00,2.25
2012.06.21 10:27:14.987,1.01217,1.01229,4.50,1.50
2012.06.21 10:27:15.341,1.01214,1.01227,1.50,1.50
2012.06.21 10:27:15.692,1.01214,1.01225,1.13,1.50
2012.06.21 10:27:15.834,1.01211,1.01224,1.13,1.50
2012.06.21 10:27:16.381,1.01209,1.01223,2.63,1.50
2012.06.21 10:27:16.909,1.01211,1.01223,5.63,1.50
2012.06.21 10:27:17.374,1.01215,1.01223,1.88,1.50
2012.06.21 10:27:17.457,1.01215,1.01228,4.13,1.13
2012.06.21 10:27:17.534,1.01218,1.01228,1.50,1.13
2012.06.21 10:27:17.680,1.01218,1.01232,1.50,2.25
2012.06.21 10:27:18.838,1.01216,1.0123,1.50,7.13
2012.06.21 10:27:18.910,1.01212,1.01225,1.13,1.50
2012.06.21 10:27:19.122,1.01209,1.01225,4.88,2.25
2012.06.21 10:27:21.246,1.0121,1.01225,3.38,1.50
2012.06.21 10:27:21.329,1.01214,1.01225,4.13,1.50
2012.06.21 10:27:21.400,1.01216,1.0123,1.50,3.66
2012.06.21 10:27:21.539,1.01216,1.0123,1.50,1.88
2012.06.21 10:27:21.934,1.01214,1.01228,5.63,1.50
2012.06.21 10:27:22.352,1.01213,1.01225,2.63,1.50
2012.06.21 10:27:22.489,1.01211,1.01225,1.13,1.50
2012.06.21 10:27:24.030,1.0121,1.01222,2.63,1.50
2012.06.21 10:27:24.238,1.01208,1.01222,4.03,1.50
2012.06.21 10:27:25.292,1.01208,1.01222,1.50,1.50
2012.06.21 10:27:26.000,1.0121,1.01224,1.50,1.50
2012.06.21 10:27:26.351,1.01212,1.01226,1.50,1.50
2012.06.21 10:27:26.900,1.01213,1.01229,1.88,2.25
2012.06.21 10:27:36.696,1.01212,1.01226,2.25,1.50
2012.06.21 10:27:41.010,1.01212,1.01225,2.63,1.50
2012.06.21 10:27:41.572,1.01212,1.01226,4.13,1.50
2012.06.21 10:27:42.230,1.01213,1.01228,2.25,1.13
2012.06.21 10:27:44.631,1.01212,1.01227,3.00,1.50
2012.06.21 10:27:47.756,1.01212,1.01227,3.38,1.50
2012.06.21 10:27:51.007,1.01213,1.01228,2.63,1.50
2012.06.21 10:27:51.773,1.01214,1.01228,1.50,1.50
2012.06.21 10:27:52.347,1.01214,1.01228,1.50,1.50
2012.06.21 10:27:52.762,1.01216,1.01228,1.50,1.50
2012.06.21 10:27:53.109,1.01223,1.01228,2.25,1.50
2012.06.21 10:27:53.464,1.01237,1.01241,1.88,1.50
2012.06.21 10:27:53.548,1.01237,1.01246,2.25,1.50
2012.06.21 10:27:53.627,1.0124,1.01247,1.13,1.50
2012.06.21 10:27:53.709,1.01243,1.01252,2.25,3.28
2012.06.21 10:27:53.857,1.01243,1.01254,4.13,1.50
2012.06.21 10:27:58.100,1.01243,1.01256,4.13,1.50
2012.06.21 10:27:58.601,1.01243,1.01259,5.63,4.13
2012.06.21 10:27:59.678,1.01243,1.01256,4.13,1.50
2012.06.21 10:28:02.997,1.01243,1.01256,5.25,1.50
2012.06.21 10:28:03.568,1.01243,1.01256,5.25,1.50
2012.06.21 10:28:08.636,1.01243,1.01257,4.88,1.50
2012.06.21 10:28:09.517,1.01243,1.01254,4.88,1.50
2012.06.21 10:28:09.887,1.01243,1.01257,4.88,1.50
2012.06.21 10:28:10.560,1.01243,1.01254,3.00,1.88
2012.06.21 10:28:11.081,1.01241,1.01246,2.63,1.88
2012.06.21 10:28:11.170,1.0124,1.01246,1.50,1.88
2012.06.21 10:28:11.243,1.01236,1.01245,1.50,1.50
2012.06.21 10:28:11.452,1.0123,1.01245,1.88,1.50
2012.06.21 10:28:11.851,1.0123,1.01243,1.50,1.50
2012.06.21 10:28:12.319,1.0123,1.01246,1.13,3.75
2012.06.21 10:28:12.535,1.01237,1.01246,1.88,2.25
2012.06.21 10:28:12.751,1.01237,1.01248,1.88,1.50
2012.06.21 10:28:13.099,1.01238,1.01248,1.13,1.50
2012.06.21 10:28:13.177,1.01239,1.01252,2.63,1.88
2012.06.21 10:28:13.672,1.0124,1.01253,2.25,1.50
2012.06.21 10:28:14.757,1.01239,1.01252,2.63,1.50
2012.06.21 10:28:17.813,1.01239,1.01252,3.00,1.50
2012.06.21 10:28:20.329,1.01239,1.01253,3.00,1.50
2012.06.21 10:28:20.837,1.01239,1.01254,3.00,1.50
2012.06.21 10:28:21.822,1.01239,1.01254,2.25,1.50
2012.06.21 10:28:26.023,1.0124,1.01254,1.88,1.50
2012.06.21 10:28:27.198,1.01238,1.01252,5.63,1.50
2012.06.21 10:28:27.591,1.01238,1.01249,4.88,1.50
2012.06.21 10:28:30.550,1.01238,1.01251,4.88,1.50
2012.06.21 10:28:31.078,1.01239,1.01251,2.25,1.50
2012.06.21 10:28:31.968,1.01238,1.01251,4.88,1.50
2012.06.21 10:28:36.481,1.01238,1.01251,2.25,1.50
2012.06.21 10:28:36.551,1.01237,1.01249,4.03,1.88
2012.06.21 10:28:36.622,1.01236,1.01248,2.25,1.50
2012.06.21 10:28:36.694,1.01234,1.01247,2.25,1.50
2012.06.21 10:28:37.206,1.01231,1.01242,4.13,1.50
2012.06.21 10:28:37.563,1.01228,1.0124,2.63,3.38
2012.06.21 10:28:37.780,1.01225,1.01236,1.88,1.50
2012.06.21 10:28:38.289,1.01224,1.01236,3.75,1.50
2012.06.21 10:28:38.433,1.01227,1.0124,1.88,1.50
2012.06.21 10:28:38.508,1.01227,1.01242,3.38,1.13
2012.06.21 10:28:38.654,1.0123,1.01243,1.50,2.63
2012.06.21 10:28:39.188,1.01229,1.01242,4.13,1.88
2012.06.21 10:28:39.783,1.01229,1.01242,4.13,2.25
2012.06.21 10:28:40.287,1.01229,1.01242,4.88,1.50
2012.06.21 10:28:40.849,1.01229,1.01242,4.88,1.50
2012.06.21 10:28:44.260,1.01229,1.01243,6.38,1.13
2012.06.21 10:28:53.098,1.0123,1.01243,1.88,1.13
2012.06.21 10:28:53.170,1.0123,1.01245,3.38,2.25
2012.06.21 10:28:53.241,1.01234,1.01246,1.88,3.00
2012.06.21 10:28:53.642,1.01235,1.01247,4.50,1.13
2012.06.21 10:28:53.780,1.01235,1.01249,4.50,1.88
2012.06.21 10:28:54.069,1.01238,1.01249,1.88,1.50
2012.06.21 10:28:54.143,1.01238,1.01251,5.63,1.13
2012.06.21 10:28:54.290,1.0124,1.01252,2.25,2.25
2012.06.21 10:28:55.429,1.01238,1.01252,6.38,2.25
2012.06.21 10:28:56.461,1.0124,1.01252,2.25,2.25
2012.06.21 10:28:57.112,1.01239,1.01252,2.25,2.25
2012.06.21 10:28:58.724,1.0124,1.01252,2.25,2.25
2012.06.21 10:28:59.248,1.01239,1.01252,2.25,2.25
2012.06.21 10:29:01.369,1.01239,1.01252,2.63,2.25
2012.06.21 10:29:01.888,1.01239,1.01252,2.63,2.25
2012.06.21 10:29:08.458,1.01238,1.01252,3.75,4.03
2012.06.21 10:29:08.599,1.01236,1.01249,2.85,1.50
2012.06.21 10:29:10.287,1.01235,1.01247,4.50,1.50
2012.06.21 10:29:12.988,1.01235,1.01245,2.63,1.88
2012.06.21 10:29:13.622,1.01225,1.01238,1.88,2.25
2012.06.21 10:29:13.696,1.01225,1.01238,1.13,1.50
2012.06.21 10:29:14.218,1.01225,1.01239,5.85,1.50
2012.06.21 10:29:14.551,1.01228,1.01239,2.25,1.50
2012.06.21 10:29:14.619,1.01228,1.01241,2.25,1.50
2012.06.21 10:29:14.960,1.01228,1.01244,4.50,3.38
2012.06.21 10:29:15.029,1.0123,1.01244,1.50,1.88
2012.06.21 10:29:18.241,1.01229,1.01241,2.16,1.50
2012.06.21 10:29:18.560,1.01229,1.01244,1.78,3.38
2012.06.21 10:29:19.100,1.01231,1.01244,1.50,1.88
2012.06.21 10:29:23.350,1.01231,1.01245,1.50,1.88
2012.06.21 10:29:26.727,1.01229,1.01244,3.66,1.50
2012.06.21 10:29:30.006,1.01229,1.01244,1.88,1.50
2012.06.21 10:29:30.267,1.01229,1.01243,1.88,1.78
2012.06.21 10:29:30.779,1.0123,1.01243,2.63,1.50
2012.06.21 10:29:36.991,1.0123,1.01245,1.88,2.63
2012.06.21 10:29:37.541,1.0123,1.01244,2.16,1.50
2012.06.21 10:29:38.212,1.01228,1.01244,3.38,1.50
2012.06.21 10:29:41.925,1.01227,1.01242,2.63,3.38
2012.06.21 10:29:41.999,1.01226,1.0124,3.60,1.50
2012.06.21 10:29:43.151,1.01227,1.01241,2.25,1.50
2012.06.21 10:29:43.688,1.01228,1.01242,1.50,1.88
2012.06.21 10:29:44.657,1.01227,1.01242,1.50,3.38
2012.06.21 10:29:45.530,1.01228,1.01242,2.63,1.50
2012.06.21 10:29:45.673,1.01231,1.01242,4.50,1.50
2012.06.21 10:29:45.759,1.01236,1.01246,1.88,4.50
2012.06.21 10:29:45.838,1.01245,1.01249,1.88,1.13
2012.06.21 10:29:46.201,1.01251,1.01256,1.88,3.00
2012.06.21 10:29:46.553,1.01259,1.01263,3.00,2.25
2012.06.21 10:29:46.699,1.01259,1.01268,3.00,1.50
2012.06.21 10:29:47.313,1.0126,1.01271,2.25,1.50
2012.06.21 10:29:47.462,1.01257,1.0127,6.00,1.50
2012.06.21 10:29:47.673,1.01256,1.01268,1.13,2.25
2012.06.21 10:29:47.755,1.01258,1.01268,1.13,2.25
2012.06.21 10:29:47.833,1.01256,1.01268,1.13,1.50
2012.06.21 10:29:47.915,1.01256,1.01268,1.50,1.50
2012.06.21 10:29:48.345,1.01254,1.01268,1.88,3.75
2012.06.21 10:29:48.423,1.01253,1.01266,1.13,1.50
2012.06.21 10:29:48.784,1.01254,1.01264,1.13,1.13
2012.06.21 10:29:49.142,1.0125,1.0126,2.25,3.28
2012.06.21 10:29:49.423,1.01244,1.01258,2.63,2.63
2012.06.21 10:29:49.570,1.01244,1.01258,2.63,2.63
2012.06.21 10:29:49.840,1.01244,1.01257,2.63,1.78
2012.06.21 10:29:50.550,1.01242,1.01254,1.88,1.50
2012.06.21 10:29:50.899,1.01244,1.01257,1.88,3.28
2012.06.21 10:29:51.109,1.01244,1.01258,2.63,1.50
2012.06.21 10:29:51.625,1.01244,1.01258,1.88,1.50
2012.06.21 10:29:52.861,1.01244,1.01258,1.88,5.16
2012.06.21 10:29:52.932,1.01242,1.01256,2.25,4.13
2012.06.21 10:29:53.259,1.01239,1.0125,3.38,1.50
2012.06.21 10:29:53.780,1.0124,1.01253,2.63,3.28
2012.06.21 10:29:53.851,1.01242,1.01255,1.88,2.25
2012.06.21 10:29:53.922,1.01244,1.01256,1.50,1.50
2012.06.21 10:29:54.131,1.01242,1.01256,4.13,3.00
2012.06.21 10:29:54.199,1.01244,1.01256,1.50,1.50
2012.06.21 10:29:54.553,1.01244,1.01257,1.50,1.50
2012.06.21 10:29:54.895,1.0125,1.01257,3.00,1.50
2012.06.21 10:29:55.041,1.0125,1.01261,4.88,1.50
2012.06.21 10:29:55.513,1.01254,1.01267,2.48,1.78
2012.06.21 10:29:56.042,1.01253,1.01265,4.50,1.50
2012.06.21 10:29:57.789,1.01253,1.01267,3.75,4.78
2012.06.21 10:29:59.028,1.01252,1.01265,2.25,1.78
2012.06.21 10:29:59.562,1.01252,1.01263,2.25,1.50
2012.06.21 10:30:00.229,1.01249,1.01262,6.38,1.13
2012.06.21 10:30:00.372,1.01246,1.01258,1.88,1.50
2012.06.21 10:30:00.438,1.01246,1.0126,1.88,1.50
2012.06.21 10:30:00.638,1.01248,1.0126,4.50,1.50
2012.06.21 10:30:01.088,1.01246,1.0126,2.63,1.50
2012.06.21 10:30:01.431,1.01248,1.01259,2.25,1.50
2012.06.21 10:30:01.738,1.01248,1.01259,2.63,1.50
2012.06.21 10:30:04.169,1.01248,1.01257,2.25,1.50
2012.06.21 10:30:04.240,1.01245,1.01257,2.25,1.50
2012.06.21 10:30:04.566,1.01245,1.01257,1.13,5.16
2012.06.21 10:30:04.855,1.01242,1.01255,1.13,1.13
2012.06.21 10:30:05.146,1.01238,1.01253,3.00,1.50
2012.06.21 10:30:05.295,1.01237,1.0125,1.35,4.50
2012.06.21 10:30:05.949,1.01233,1.01245,1.50,3.28
2012.06.21 10:30:06.032,1.0123,1.01243,1.13,1.88
2012.06.21 10:30:06.523,1.01226,1.01241,1.50,1.50
2012.06.21 10:30:06.605,1.01225,1.01238,2.48,1.50
2012.06.21 10:30:06.821,1.01222,1.01237,1.88,1.50
2012.06.21 10:30:07.691,1.01223,1.01239,2.25,4.88
2012.06.21 10:30:08.349,1.01223,1.01239,2.63,2.63
2012.06.21 10:30:10.744,1.01223,1.01239,4.50,2.25
2012.06.21 10:30:11.521,1.01223,1.01239,4.88,2.63
2012.06.21 10:30:12.030,1.01223,1.01237,3.00,1.50
2012.06.21 10:30:12.540,1.01223,1.01237,3.00,1.50
2012.06.21 10:30:13.077,1.01222,1.01237,1.50,3.00
2012.06.21 10:30:13.397,1.01222,1.01235,1.50,1.50
2012.06.21 10:30:14.110,1.01222,1.0123,1.13,1.50
2012.06.21 10:30:14.181,1.01221,1.0123,2.25,1.50
2012.06.21 10:30:14.250,1.01217,1.0123,2.48,1.50
2012.06.21 10:30:14.911,1.01216,1.0123,6.98,1.50
2012.06.21 10:30:15.660,1.01217,1.0123,2.63,1.50
2012.06.21 10:30:15.805,1.01218,1.01233,3.00,2.25
2012.06.21 10:30:16.091,1.01222,1.01233,1.88,2.25
2012.06.21 10:30:16.163,1.01222,1.01234,1.88,1.50
2012.06.21 10:30:16.708,1.01222,1.01234,2.25,1.50
2012.06.21 10:30:17.569,1.01224,1.01234,1.88,1.50
2012.06.21 10:30:17.641,1.01224,1.01237,1.88,1.50
2012.06.21 10:30:17.710,1.01224,1.01239,1.88,2.25
2012.06.21 10:30:18.179,1.01223,1.01236,1.88,2.25
2012.06.21 10:30:18.323,1.01223,1.01236,1.50,2.63
2012.06.21 10:30:18.642,1.01221,1.01235,4.13,1.50
2012.06.21 10:30:19.161,1.01222,1.01236,4.13,3.00
2012.06.21 10:30:20.154,1.01222,1.01236,4.13,2.25
2012.06.21 10:30:20.864,1.01221,1.01233,2.63,1.50
2012.06.21 10:30:21.079,1.01218,1.01231,2.85,1.50
2012.06.21 10:30:21.589,1.01218,1.01231,2.85,1.50
2012.06.21 10:30:23.808,1.01218,1.01231,3.23,1.50
2012.06.21 10:30:24.024,1.01222,1.01235,1.88,3.75
2012.06.21 10:30:24.232,1.01219,1.01232,1.50,1.50
2012.06.21 10:30:24.578,1.01218,1.01231,2.63,2.25
2012.06.21 10:30:25.218,1.01218,1.01231,4.50,1.50
2012.06.21 10:30:28.580,1.01218,1.01228,3.23,1.50
2012.06.21 10:30:28.921,1.01212,1.01216,1.50,1.50
2012.06.21 10:30:29.201,1.01204,1.01213,1.50,2.25
2012.06.21 10:30:29.762,1.01203,1.01215,1.88,1.50
2012.06.21 10:30:29.839,1.01203,1.01213,1.88,1.50
2012.06.21 10:30:29.980,1.01204,1.01218,1.50,2.25
2012.06.21 10:30:30.123,1.01206,1.01219,1.50,1.50
2012.06.21 10:30:31.109,1.01205,1.01219,4.13,1.50
2012.06.21 10:30:35.868,1.01205,1.01217,3.00,1.50
2012.06.21 10:30:37.939,1.01205,1.01218,3.00,1.50
2012.06.21 10:30:38.917,1.01206,1.0122,2.63,1.50
2012.06.21 10:30:40.007,1.01209,1.01222,2.25,2.53
2012.06.21 10:30:40.221,1.01211,1.01225,1.88,1.88
2012.06.21 10:30:41.189,1.01211,1.01224,2.25,1.13
2012.06.21 10:30:41.843,1.01211,1.01223,2.25,1.50
2012.06.21 10:30:41.991,1.01214,1.01223,1.88,1.50
2012.06.21 10:30:42.130,1.01214,1.01227,3.38,1.50
2012.06.21 10:30:43.182,1.01214,1.01228,3.75,1.88
2012.06.21 10:30:43.395,1.01215,1.01229,4.88,1.13
2012.06.21 10:30:46.790,1.01215,1.01228,2.25,3.28
2012.06.21 10:30:50.827,1.01214,1.01227,3.00,1.50
2012.06.21 10:30:52.527,1.01214,1.01227,2.63,1.50
2012.06.21 10:30:52.720,1.01214,1.01225,2.63,1.50
2012.06.21 10:30:52.860,1.01212,1.01225,1.13,2.25
2012.06.21 10:30:53.367,1.01212,1.01225,1.13,1.50
2012.06.21 10:30:53.953,1.01211,1.01224,2.63,2.25
2012.06.21 10:30:54.172,1.01207,1.01219,1.13,1.50
2012.06.21 10:30:54.581,1.01207,1.01216,1.13,1.50
2012.06.21 10:30:54.663,1.01204,1.01216,4.35,1.50
2012.06.21 10:30:54.801,1.01204,1.01218,4.35,1.50
2012.06.21 10:30:55.320,1.01206,1.01218,1.13,1.50
2012.06.21 10:30:56.150,1.01206,1.0122,1.13,1.50
2012.06.21 10:30:56.679,1.01206,1.01221,1.13,3.38
2012.06.21 10:30:57.254,1.01206,1.0122,1.13,1.50
2012.06.21 10:30:59.831,1.01205,1.01217,1.13,2.25
2012.06.21 10:31:00.185,1.01204,1.01215,1.13,2.25
2012.06.21 10:31:00.541,1.01202,1.01214,2.25,3.00
2012.06.21 10:31:00.809,1.012,1.01213,1.50,2.63
2012.06.21 10:31:01.320,1.012,1.01212,1.13,2.25
2012.06.21 10:31:01.821,1.01199,1.01212,2.25,3.00
2012.06.21 10:31:02.359,1.01199,1.01212,2.25,2.25
2012.06.21 10:31:02.631,1.01199,1.01212,2.25,3.00
2012.06.21 10:31:03.122,1.01199,1.01208,2.25,1.50
2012.06.21 10:31:04.091,1.01199,1.01212,2.25,2.25
2012.06.21 10:31:04.162,1.01202,1.01212,1.88,2.25
2012.06.21 10:31:04.579,1.01202,1.01215,1.88,2.25
2012.06.21 10:31:05.286,1.01202,1.01215,1.88,3.00
2012.06.21 10:31:05.950,1.01199,1.01214,3.38,2.63
2012.06.21 10:31:06.026,1.01199,1.0121,2.63,1.50
2012.06.21 10:31:06.369,1.012,1.01212,1.88,1.50
2012.06.21 10:31:06.498,1.012,1.01213,2.25,1.88
2012.06.21 10:31:07.918,1.012,1.01213,2.25,1.50
2012.06.21 10:31:08.600,1.012,1.01214,3.75,3.75
2012.06.21 10:31:08.963,1.01204,1.01216,1.50,3.38
2012.06.21 10:31:11.042,1.01204,1.01215,1.50,1.50
2012.06.21 10:31:11.114,1.01201,1.01214,3.00,2.25
2012.06.21 10:31:11.610,1.01201,1.01213,2.25,1.50
2012.06.21 10:31:12.035,1.01201,1.01214,2.25,1.50
2012.06.21 10:31:12.568,1.01201,1.01215,3.75,1.50
2012.06.21 10:31:14.062,1.01202,1.01217,1.88,2.25
2012.06.21 10:31:14.131,1.01204,1.01217,1.88,2.25
2012.06.21 10:31:14.342,1.01206,1.01221,4.13,1.50
2012.06.21 10:31:14.416,1.01208,1.01222,2.25,2.63
2012.06.21 10:31:14.775,1.01214,1.01223,1.88,1.13
2012.06.21 10:31:15.403,1.01216,1.01224,1.88,1.13
2012.06.21 10:31:15.490,1.0122,1.01231,2.25,1.13
2012.06.21 10:31:16.022,1.01219,1.01233,1.88,2.25
2012.06.21 10:31:16.430,1.01218,1.01231,2.25,1.13
2012.06.21 10:31:17.401,1.01218,1.01231,2.25,1.78
2012.06.21 10:31:17.671,1.01219,1.01234,1.88,4.88
2012.06.21 10:31:19.962,1.01222,1.01235,1.88,2.25
2012.06.21 10:31:20.312,1.01225,1.01237,1.50,1.88
2012.06.21 10:31:20.384,1.01223,1.01237,4.13,1.88
2012.06.21 10:31:20.603,1.01223,1.01237,2.63,1.50
2012.06.21 10:31:20.954,1.01234,1.01239,1.35,3.00
2012.06.21 10:31:21.316,1.01234,1.01248,5.10,1.13
2012.06.21 10:31:21.742,1.01234,1.01248,2.85,2.63
2012.06.21 10:31:22.026,1.01233,1.01246,2.63,2.63
2012.06.21 10:31:22.548,1.0123,1.01244,3.00,2.25
2012.06.21 10:31:22.777,1.01228,1.01241,1.13,2.25
2012.06.21 10:31:22.853,1.01228,1.01241,1.13,2.25
2012.06.21 10:31:25.062,1.01225,1.01237,4.13,2.63
2012.06.21 10:31:25.342,1.01221,1.01235,6.28,1.50
2012.06.21 10:31:25.690,1.01223,1.01237,1.88,3.38
2012.06.21 10:31:25.902,1.01223,1.01235,1.88,1.88
2012.06.21 10:31:26.043,1.01221,1.01235,1.13,1.88
2012.06.21 10:31:26.126,1.0122,1.01233,4.13,2.25
2012.06.21 10:31:26.639,1.01219,1.0123,4.88,1.50
2012.06.21 10:31:26.720,1.01219,1.01231,1.50,1.50
2012.06.21 10:31:27.199,1.01218,1.01232,3.75,1.50
2012.06.21 10:31:27.859,1.01218,1.0123,2.25,1.50
2012.06.21 10:31:29.847,1.0122,1.01232,1.88,3.00
2012.06.21 10:31:30.709,1.0122,1.01232,1.88,3.00
2012.06.21 10:31:35.870,1.0122,1.01233,3.38,1.13
2012.06.21 10:31:37.378,1.0122,1.01234,3.38,4.13
2012.06.21 10:31:39.228,1.0122,1.01234,3.75,4.13
2012.06.21 10:31:39.980,1.0122,1.01234,3.75,3.38
2012.06.21 10:31:40.509,1.0122,1.01233,1.88,2.63
2012.06.21 10:31:46.699,1.01218,1.01233,1.13,4.88
2012.06.21 10:31:46.769,1.01218,1.0123,1.13,1.50
2012.06.21 10:31:48.479,1.01217,1.01229,3.38,1.50
2012.06.21 10:31:52.106,1.01217,1.01228,2.25,2.25
2012.06.21 10:31:54.176,1.01217,1.01228,2.25,1.50
2012.06.21 10:32:00.062,1.01215,1.01228,1.13,1.50
2012.06.21 10:32:00.132,1.01214,1.01227,3.75,1.50
2012.06.21 10:32:00.481,1.01208,1.0122,1.50,1.50
2012.06.21 10:32:01.011,1.01207,1.01221,4.13,2.25
2012.06.21 10:32:01.080,1.01207,1.01221,3.75,2.25
2012.06.21 10:32:01.686,1.01207,1.01221,2.25,1.50
2012.06.21 10:32:02.234,1.01207,1.01221,2.25,1.50
2012.06.21 10:32:02.449,1.0121,1.01221,1.88,1.50
2012.06.21 10:32:02.718,1.0121,1.01223,1.88,2.25
2012.06.21 10:32:03.241,1.0121,1.01223,1.88,2.25
2012.06.21 10:32:03.382,1.0121,1.01223,1.88,3.00
2012.06.21 10:32:03.912,1.0121,1.01223,1.88,3.00
2012.06.21 10:32:07.288,1.01216,1.01223,1.88,1.50
2012.06.21 10:32:07.645,1.01217,1.0123,1.88,1.88
2012.06.21 10:32:09.330,1.01217,1.01232,1.88,4.13
2012.06.21 10:32:09.837,1.01217,1.01232,1.88,2.63
2012.06.21 10:32:10.399,1.01217,1.01231,3.75,1.50
2012.06.21 10:32:12.272,1.01217,1.0123,2.25,1.50
2012.06.21 10:32:13.508,1.01217,1.0123,2.25,2.25
2012.06.21 10:32:14.603,1.01217,1.01227,2.25,1.50
2012.06.21 10:32:16.380,1.01217,1.0123,2.25,2.63
2012.06.21 10:32:16.850,1.01214,1.01227,2.63,1.88
2012.06.21 10:32:17.134,1.01217,1.01231,1.88,1.50
2012.06.21 10:32:17.648,1.01217,1.01231,2.25,1.50
2012.06.21 10:32:19.770,1.01217,1.01229,2.25,1.50
2012.06.21 10:32:21.593,1.01217,1.01229,1.88,1.50
2012.06.21 10:32:21.720,1.01217,1.01231,1.88,2.63
2012.06.21 10:32:23.199,1.01217,1.0123,1.88,1.50
2012.06.21 10:32:23.709,1.01215,1.01229,2.85,1.50
2012.06.21 10:32:25.536,1.01217,1.01228,1.88,4.13
2012.06.21 10:32:29.960,1.01217,1.01231,1.88,4.88
2012.06.21 10:32:30.502,1.01217,1.01231,1.88,4.13
2012.06.21 10:32:31.838,1.01218,1.01231,1.88,2.25
2012.06.21 10:32:32.309,1.01218,1.01226,1.50,1.88
2012.06.21 10:32:32.383,1.01213,1.01226,3.28,3.38
2012.06.21 10:32:32.461,1.01218,1.01226,1.88,1.50
2012.06.21 10:32:32.602,1.01218,1.0123,1.88,1.50
2012.06.21 10:32:35.328,1.01217,1.01229,2.25,1.50
2012.06.21 10:32:38.470,1.01217,1.0123,2.25,1.50
2012.06.21 10:32:39.790,1.01219,1.0123,1.88,1.50
2012.06.21 10:32:50.136,1.01219,1.01228,1.88,1.50
2012.06.21 10:32:50.494,1.01216,1.01226,1.13,1.50
2012.06.21 10:32:50.787,1.01212,1.01221,1.13,1.50
2012.06.21 10:32:51.328,1.01211,1.01224,2.91,1.50
2012.06.21 10:32:55.210,1.01212,1.01224,3.66,1.50
2012.06.21 10:32:55.760,1.01212,1.01225,3.66,1.50
2012.06.21 10:32:56.761,1.01212,1.01225,1.88,1.50
2012.06.21 10:32:57.462,1.01212,1.01225,2.63,1.50
2012.06.21 10:32:57.531,1.01212,1.01228,4.13,4.88
2012.06.21 10:32:57.849,1.01213,1.01228,2.53,3.38
2012.06.21 10:32:58.170,1.01213,1.01226,2.53,1.50
2012.06.21 10:32:58.883,1.01212,1.01226,2.63,1.50
2012.06.21 10:33:04.450,1.01211,1.01225,3.38,3.38
2012.06.21 10:33:04.522,1.01211,1.01223,3.38,1.50
2012.06.21 10:33:04.733,1.0121,1.01222,2.53,1.50
2012.06.21 10:33:05.151,1.01208,1.01222,2.25,1.50
2012.06.21 10:33:05.281,1.01207,1.01219,1.13,1.88
2012.06.21 10:33:05.351,1.01206,1.01219,3.00,1.88
2012.06.21 10:33:05.827,1.01208,1.01221,1.88,1.50
2012.06.21 10:33:06.359,1.01208,1.01222,3.75,1.88
2012.06.21 10:33:06.432,1.0121,1.01224,1.88,3.38
2012.06.21 10:33:06.501,1.0121,1.01222,1.50,1.88
2012.06.21 10:33:06.630,1.01212,1.01225,1.50,2.63
2012.06.21 10:33:07.158,1.01213,1.01226,2.25,2.25
2012.06.21 10:33:07.688,1.01213,1.01226,2.63,1.50
2012.06.21 10:33:07.829,1.01212,1.01224,3.00,1.88
2012.06.21 10:33:08.176,1.0121,1.01218,2.25,1.50
2012.06.21 10:33:08.322,1.0121,1.01218,2.25,1.50
2012.06.21 10:33:08.531,1.01208,1.01218,2.25,1.50
2012.06.21 10:33:09.036,1.01208,1.01218,2.25,1.50
2012.06.21 10:33:09.239,1.01208,1.01221,2.25,1.50
2012.06.21 10:33:10.349,1.01208,1.01222,4.13,4.13
2012.06.21 10:33:11.441,1.01208,1.01222,5.63,3.38
2012.06.21 10:33:13.664,1.0121,1.01224,3.28,1.50
2012.06.21 10:33:16.080,1.0121,1.01223,1.78,3.38
2012.06.21 10:33:16.726,1.01208,1.01214,1.78,1.88
2012.06.21 10:33:16.814,1.01202,1.01211,1.13,1.50
2012.06.21 10:33:16.894,1.012,1.01209,1.50,1.50
2012.06.21 10:33:17.112,1.012,1.01209,1.50,1.50
2012.06.21 10:33:17.243,1.01198,1.01209,2.25,1.50
2012.06.21 10:33:17.529,1.01198,1.01209,1.50,1.50
2012.06.21 10:33:18.070,1.01197,1.01209,1.50,1.50
2012.06.21 10:33:20.650,1.01197,1.01207,1.50,2.25
2012.06.21 10:33:20.866,1.01194,1.01206,1.78,1.88
2012.06.21 10:33:21.151,1.01192,1.01205,1.88,1.50
2012.06.21 10:33:21.789,1.01192,1.01206,2.25,2.33
2012.06.21 10:33:21.871,1.01199,1.01208,1.88,1.50
2012.06.21 10:33:22.224,1.01199,1.01212,1.88,4.50
2012.06.21 10:33:22.376,1.01199,1.0121,1.88,1.50
2012.06.21 10:33:22.453,1.01196,1.0121,4.13,3.38
2012.06.21 10:33:23.510,1.01198,1.0121,1.88,1.50
2012.06.21 10:33:29.123,1.01196,1.0121,2.63,4.13
2012.06.21 10:33:29.262,1.01196,1.01208,1.13,2.25
2012.06.21 10:33:29.813,1.01196,1.0121,1.13,2.63
2012.06.21 10:33:30.168,1.01198,1.0121,1.88,2.63
2012.06.21 10:33:30.678,1.01198,1.01211,1.88,3.75
2012.06.21 10:33:35.488,1.01198,1.0121,1.88,2.25
2012.06.21 10:33:35.842,1.01193,1.01207,3.00,1.50
2012.06.21 10:33:36.050,1.01193,1.01204,2.63,1.50
2012.06.21 10:33:36.403,1.01193,1.01207,3.00,3.75
2012.06.21 10:33:36.473,1.01196,1.01207,1.88,3.75
2012.06.21 10:33:36.684,1.01196,1.01209,3.38,2.63
2012.06.21 10:33:37.419,1.01196,1.0121,3.38,4.13
2012.06.21 10:33:37.498,1.01199,1.0121,1.88,4.13
2012.06.21 10:33:41.279,1.01196,1.0121,4.13,1.50
2012.06.21 10:33:43.078,1.01196,1.0121,3.75,1.50
2012.06.21 10:33:43.153,1.01197,1.0121,1.13,1.50
2012.06.21 10:33:43.222,1.01197,1.01212,2.63,1.88
2012.06.21 10:33:43.295,1.01201,1.01214,1.88,1.88
2012.06.21 10:33:43.790,1.01204,1.01216,1.88,3.00
2012.06.21 10:33:43.873,1.01207,1.0122,1.88,1.88
2012.06.21 10:33:44.301,1.01206,1.01218,1.88,1.88
2012.06.21 10:33:44.442,1.01202,1.01216,6.75,1.50
2012.06.21 10:33:45.090,1.01202,1.01215,3.00,1.50
2012.06.21 10:33:45.907,1.01202,1.01217,4.50,1.50
2012.06.21 10:33:49.143,1.01203,1.01218,2.25,1.88
2012.06.21 10:33:49.842,1.01206,1.01219,1.88,1.50
2012.06.21 10:33:50.377,1.01206,1.0122,2.25,2.25
2012.06.21 10:33:50.719,1.01206,1.01216,1.88,1.50
2012.06.21 10:33:56.989,1.01203,1.01216,2.63,1.50
2012.06.21 10:33:57.060,1.01203,1.01216,2.25,1.50
2012.06.21 10:33:57.131,1.01204,1.01218,1.50,1.50
2012.06.21 10:33:57.529,1.01204,1.01218,1.88,2.25
2012.06.21 10:33:57.874,1.01203,1.01216,2.25,1.50
2012.06.21 10:34:00.288,1.01206,1.01219,2.25,3.00
2012.06.21 10:34:00.499,1.01206,1.0122,4.13,3.38
2012.06.21 10:34:01.002,1.01206,1.01219,2.25,1.50
2012.06.21 10:34:01.510,1.01206,1.01218,2.25,3.00
2012.06.21 10:34:07.029,1.01206,1.01217,2.25,3.00
2012.06.21 10:34:07.582,1.01207,1.01219,1.88,1.50
2012.06.21 10:34:07.843,1.01207,1.01221,1.88,1.50
2012.06.21 10:34:08.309,1.01207,1.01221,2.25,2.25
2012.06.21 10:34:08.813,1.01209,1.01222,1.88,2.63
2012.06.21 10:34:09.569,1.01209,1.01221,1.88,1.50
2012.06.21 10:34:09.831,1.01207,1.01221,2.25,1.50
2012.06.21 10:34:10.402,1.01208,1.01222,3.00,1.50
2012.06.21 10:34:10.921,1.01208,1.01222,3.75,1.50
2012.06.21 10:34:11.953,1.01209,1.01222,3.38,1.50
2012.06.21 10:34:12.022,1.0121,1.01224,1.88,2.25
2012.06.21 10:34:12.301,1.01211,1.01224,2.63,2.25
2012.06.21 10:34:12.705,1.01216,1.01224,1.78,2.25
2012.06.21 10:34:13.067,1.01223,1.0123,1.88,1.50
2012.06.21 10:34:13.634,1.01223,1.01231,2.25,1.43
2012.06.21 10:34:13.967,1.01223,1.01233,2.85,1.50
2012.06.21 10:34:14.114,1.01224,1.01237,1.13,3.38
2012.06.21 10:34:14.195,1.01224,1.01235,1.13,1.50
2012.06.21 10:34:14.726,1.01221,1.0123,3.38,1.88
2012.06.21 10:34:14.875,1.01216,1.0123,4.50,1.88
2012.06.21 10:34:14.956,1.01216,1.01227,2.25,1.50
2012.06.21 10:34:15.035,1.01216,1.01227,1.88,1.50
2012.06.21 10:34:15.186,1.01214,1.01227,4.17,3.75
2012.06.21 10:34:15.731,1.01214,1.01225,2.25,3.00
2012.06.21 10:34:16.250,1.01214,1.01225,2.25,2.25
2012.06.21 10:34:17.455,1.01214,1.01228,3.75,2.25
2012.06.21 10:34:18.010,1.01214,1.01228,4.50,2.25
2012.06.21 10:34:18.143,1.01214,1.01228,4.50,2.25
2012.06.21 10:34:18.332,1.01214,1.01228,4.50,2.25
2012.06.21 10:34:19.160,1.01214,1.01228,4.50,2.25
2012.06.21 10:34:19.664,1.01214,1.01227,4.50,1.50
2012.06.21 10:34:20.681,1.01214,1.01228,4.50,3.00
2012.06.21 10:34:21.012,1.01214,1.01228,4.50,2.25
2012.06.21 10:34:21.322,1.01214,1.01226,2.25,1.50
2012.06.21 10:34:21.823,1.01214,1.01226,2.25,2.25
2012.06.21 10:34:22.375,1.01214,1.01226,2.25,1.50
2012.06.21 10:34:25.678,1.01214,1.01226,2.25,1.50
2012.06.21 10:34:26.263,1.01214,1.01226,2.25,3.00
2012.06.21 10:34:27.472,1.01214,1.01228,3.75,1.50
2012.06.21 10:34:28.050,1.01214,1.01227,3.00,1.50
2012.06.21 10:34:29.970,1.01214,1.01227,1.88,3.00
2012.06.21 10:34:30.111,1.01214,1.01226,1.88,1.50
2012.06.21 10:34:32.179,1.01214,1.01227,1.88,3.00
2012.06.21 10:34:32.710,1.01213,1.01227,1.88,4.88
2012.06.21 10:34:33.567,1.01215,1.01227,1.88,1.50
2012.06.21 10:34:34.195,1.01215,1.01228,1.88,1.88
2012.06.21 10:34:41.044,1.01215,1.01226,1.88,1.50
2012.06.21 10:34:41.187,1.01212,1.01226,4.35,4.13
2012.06.21 10:34:41.544,1.01212,1.01223,1.88,1.50
2012.06.21 10:34:41.879,1.01212,1.01223,1.88,2.25
2012.06.21 10:34:42.069,1.01212,1.01223,1.88,1.50
2012.06.21 10:34:47.261,1.01212,1.01223,1.88,2.25
2012.06.21 10:34:47.905,1.01212,1.01223,1.88,1.96
2012.06.21 10:34:48.123,1.01212,1.01221,1.88,1.50
2012.06.21 10:34:48.395,1.01208,1.01221,2.85,1.50
2012.06.21 10:34:49.420,1.01208,1.0122,2.25,1.50
2012.06.21 10:34:49.692,1.01205,1.01219,3.38,2.63
2012.06.21 10:34:49.762,1.01205,1.01217,3.38,1.50
2012.06.21 10:34:50.289,1.01205,1.01217,2.25,1.50
2012.06.21 10:34:53.124,1.01202,1.01215,2.18,1.88
2012.06.21 10:34:53.197,1.01201,1.01215,3.30,4.13
2012.06.21 10:34:53.277,1.01201,1.01212,2.63,1.50
2012.06.21 10:34:53.493,1.01197,1.01212,3.00,2.25
2012.06.21 10:35:00.235,1.012,1.01213,1.88,2.63
2012.06.21 10:35:00.751,1.01199,1.01213,1.50,2.63
2012.06.21 10:35:01.259,1.01198,1.01212,2.25,2.25
2012.06.21 10:35:08.433,1.012,1.01212,1.88,2.25
2012.06.21 10:35:08.764,1.01205,1.01214,1.88,2.25
2012.06.21 10:35:08.839,1.01205,1.01214,1.88,1.50
2012.06.21 10:35:09.194,1.01205,1.01214,2.85,1.50
2012.06.21 10:35:09.268,1.01207,1.0122,2.48,1.50
2012.06.21 10:35:09.415,1.01207,1.01221,2.48,4.13
2012.06.21 10:35:09.494,1.01207,1.01221,2.48,4.13
2012.06.21 10:35:09.754,1.01207,1.01221,2.85,4.88
2012.06.21 10:35:09.940,1.01207,1.01221,2.85,4.88
2012.06.21 10:35:10.071,1.01207,1.01221,2.85,4.13
2012.06.21 10:35:10.202,1.01207,1.01221,2.25,5.63
2012.06.21 10:35:11.025,1.01207,1.01216,2.25,1.50
2012.06.21 10:35:12.600,1.01207,1.01217,2.25,2.25
2012.06.21 10:35:13.652,1.01207,1.01219,2.25,2.25
2012.06.21 10:35:14.187,1.01207,1.01219,2.25,1.50
2012.06.21 10:35:15.200,1.01207,1.01219,2.25,2.25
2012.06.21 10:35:17.083,1.01207,1.01219,2.25,1.50
2012.06.21 10:35:18.039,1.01207,1.01219,2.25,2.25
2012.06.21 10:35:21.020,1.01207,1.0122,2.25,2.25
2012.06.21 10:35:21.570,1.01205,1.01218,3.75,1.88
2012.06.21 10:35:21.649,1.01205,1.01218,1.13,3.38
2012.06.21 10:35:21.794,1.01205,1.01215,1.13,2.63
2012.06.21 10:35:22.216,1.01202,1.01212,1.50,2.63
2012.06.21 10:35:22.293,1.01199,1.01212,1.88,2.63
2012.06.21 10:35:24.437,1.012,1.01212,1.13,1.88
2012.06.21 10:35:28.244,1.012,1.01213,1.13,1.88
2012.06.21 10:35:34.752,1.01201,1.01211,1.88,1.88
2012.06.21 10:35:35.272,1.01197,1.01211,4.50,4.88
2012.06.21 10:35:35.342,1.01197,1.01211,4.50,4.13
2012.06.21 10:35:36.160,1.01197,1.0121,4.50,1.50
2012.06.21 10:35:36.473,1.01198,1.0121,1.13,1.50
2012.06.21 10:35:36.616,1.012,1.01212,2.25,1.50
2012.06.21 10:35:36.697,1.01203,1.01215,1.88,1.50
2012.06.21 10:35:36.776,1.01203,1.01216,2.63,3.00
2012.06.21 10:35:36.858,1.01206,1.01217,1.88,1.88
2012.06.21 10:35:37.072,1.01206,1.01219,1.88,2.25
2012.06.21 10:35:47.740,1.01204,1.01219,1.50,4.13
2012.06.21 10:35:47.873,1.01204,1.01216,1.13,1.50
2012.06.21 10:35:48.228,1.01201,1.01213,1.78,2.63
2012.06.21 10:35:48.301,1.01199,1.01213,2.25,2.63
2012.06.21 10:35:48.851,1.01199,1.01212,2.25,1.50
2012.06.21 10:35:49.352,1.01204,1.01213,1.88,2.25
2012.06.21 10:35:49.563,1.01204,1.01216,1.88,3.75
2012.06.21 10:35:49.776,1.01204,1.01218,2.63,2.63
2012.06.21 10:35:50.040,1.01205,1.01219,3.23,1.88
2012.06.21 10:35:50.595,1.01205,1.01219,4.35,3.00
2012.06.21 10:35:51.149,1.01205,1.01219,4.35,2.25
2012.06.21 10:35:52.521,1.01205,1.0122,4.73,1.50
2012.06.21 10:35:54.071,1.01206,1.0122,1.35,1.50
2012.06.21 10:35:56.040,1.01206,1.01219,1.73,1.50
2012.06.21 10:35:56.643,1.01205,1.01219,4.35,1.50
2012.06.21 10:35:57.169,1.01205,1.0122,4.35,1.50
2012.06.21 10:36:00.224,1.01206,1.0122,2.85,1.50
2012.06.21 10:36:00.360,1.01208,1.01221,2.25,1.50
2012.06.21 10:36:00.912,1.01209,1.01223,2.25,3.75
2012.06.21 10:36:02.992,1.01208,1.01221,2.63,1.50
2012.06.21 10:36:03.872,1.01212,1.01221,1.88,1.96
2012.06.21 10:36:04.222,1.01216,1.01226,2.48,2.25
2012.06.21 10:36:04.434,1.01221,1.01229,1.88,6.00
2012.06.21 10:36:04.716,1.01221,1.01232,2.25,1.50
2012.06.21 10:36:04.795,1.01221,1.01234,2.25,1.88
2012.06.21 10:36:05.481,1.01221,1.01232,2.63,1.50
2012.06.21 10:36:08.683,1.01221,1.01235,2.63,4.13
2012.06.21 10:36:14.239,1.0122,1.01235,3.00,1.50
2012.06.21 10:36:14.887,1.0122,1.01233,3.38,1.50
2012.06.21 10:36:15.201,1.0122,1.01235,4.13,1.50
2012.06.21 10:36:15.760,1.01223,1.01235,1.88,1.50
2012.06.21 10:36:20.368,1.01223,1.01236,2.25,1.50
2012.06.21 10:36:20.937,1.01223,1.01237,1.88,3.75
2012.06.21 10:36:21.249,1.01223,1.01235,1.88,1.50
2012.06.21 10:36:21.593,1.0122,1.01231,1.50,1.50
2012.06.21 10:36:22.192,1.0122,1.01231,1.13,1.50
2012.06.21 10:36:22.732,1.01221,1.01232,3.00,1.50
2012.06.21 10:36:26.114,1.01221,1.0123,2.25,1.50
2012.06.21 10:36:26.323,1.01219,1.01229,3.60,1.50
2012.06.21 10:36:27.272,1.01219,1.01227,1.13,1.88
2012.06.21 10:36:27.481,1.01213,1.01225,3.00,1.50
2012.06.21 10:36:28.006,1.01213,1.01225,3.00,1.50
2012.06.21 10:36:28.525,1.01213,1.01226,3.00,1.50
2012.06.21 10:36:30.062,1.01216,1.01226,1.88,1.50
2012.06.21 10:36:30.402,1.01216,1.01228,1.88,1.50
2012.06.21 10:36:33.259,1.01216,1.0123,1.88,1.96
2012.06.21 10:36:33.846,1.01216,1.01231,2.63,1.21
2012.06.21 10:36:34.363,1.01216,1.0123,2.63,1.50
2012.06.21 10:36:39.839,1.01216,1.01228,2.63,1.50
2012.06.21 10:36:40.801,1.01216,1.01227,1.88,1.50
2012.06.21 10:36:41.012,1.01216,1.01229,1.88,1.50
2012.06.21 10:36:41.325,1.01214,1.01227,1.13,1.88
2012.06.21 10:36:41.685,1.01211,1.01222,2.63,1.50
2012.06.21 10:36:41.883,1.01209,1.01222,2.25,1.50
2012.06.21 10:36:43.484,1.01216,1.01222,1.88,1.50
2012.06.21 10:36:43.556,1.01216,1.01224,1.88,1.50
2012.06.21 10:36:43.633,1.01216,1.01226,1.88,1.50
2012.06.21 10:36:44.092,1.01216,1.01229,1.88,3.08
2012.06.21 10:36:44.612,1.01216,1.01229,1.88,2.71
2012.06.21 10:36:46.017,1.01219,1.01229,1.88,1.50
2012.06.21 10:36:46.166,1.01219,1.01231,1.88,1.50
2012.06.21 10:36:46.456,1.01224,1.01231,1.88,1.50
2012.06.21 10:36:46.608,1.01226,1.01236,1.88,1.50
2012.06.21 10:36:47.047,1.01226,1.01241,5.25,6.75
2012.06.21 10:36:47.264,1.01229,1.01241,1.88,1.96
2012.06.21 10:36:47.405,1.01229,1.01241,1.88,1.21
2012.06.21 10:36:47.837,1.01232,1.01241,1.88,1.50
2012.06.21 10:36:48.197,1.01232,1.01245,1.88,3.28
2012.06.21 10:36:48.782,1.01232,1.01243,1.88,1.50
2012.06.21 10:36:48.852,1.01234,1.01243,1.88,1.50
2012.06.21 10:36:48.924,1.01234,1.01245,1.88,1.50
2012.06.21 10:36:51.773,1.01234,1.01246,1.88,1.50
2012.06.21 10:36:52.290,1.01235,1.01246,1.88,2.25
2012.06.21 10:36:52.730,1.01235,1.01248,1.88,1.96
2012.06.21 10:36:56.369,1.01237,1.01248,2.10,1.50
2012.06.21 10:36:56.712,1.01236,1.0125,3.00,4.13
2012.06.21 10:36:56.781,1.01236,1.0125,3.75,3.38
2012.06.21 10:36:56.911,1.01236,1.0125,2.25,4.13
2012.06.21 10:36:57.430,1.01236,1.0125,3.00,3.38
2012.06.21 10:36:58.512,1.01236,1.01249,3.00,1.50
2012.06.21 10:37:00.314,1.01237,1.01252,4.50,2.25
2012.06.21 10:37:00.383,1.01241,1.01252,3.38,2.25
2012.06.21 10:37:00.524,1.01241,1.01255,4.88,1.50
2012.06.21 10:37:00.596,1.01245,1.01255,1.88,1.50
2012.06.21 10:37:00.956,1.01255,1.0126,1.88,3.75
2012.06.21 10:37:01.315,1.01257,1.01266,1.88,2.25
2012.06.21 10:37:01.881,1.01261,1.01266,1.88,1.13
2012.06.21 10:37:02.382,1.01261,1.01268,1.88,1.88
2012.06.21 10:37:02.468,1.01263,1.01271,1.88,2.63
2012.06.21 10:37:02.548,1.01263,1.01271,1.88,1.88
2012.06.21 10:37:02.629,1.01261,1.01271,1.88,1.50
2012.06.21 10:37:02.774,1.01258,1.01271,2.25,1.50
2012.06.21 10:37:02.842,1.01258,1.01269,2.25,1.50
2012.06.21 10:37:03.264,1.01258,1.01266,1.88,1.50
2012.06.21 10:37:04.493,1.01258,1.01267,1.88,1.50
2012.06.21 10:37:05.784,1.01251,1.01265,3.38,1.88
2012.06.21 10:37:05.927,1.01251,1.01262,2.63,1.50
2012.06.21 10:37:06.493,1.01251,1.01263,2.63,1.50
2012.06.21 10:37:06.563,1.01251,1.01265,3.75,4.13
2012.06.21 10:37:06.633,1.01251,1.01265,3.75,4.13
2012.06.21 10:37:06.774,1.01251,1.01263,2.25,1.50
2012.06.21 10:37:06.917,1.01251,1.01265,2.25,2.63
2012.06.21 10:37:06.999,1.01255,1.01266,1.88,3.28
2012.06.21 10:37:07.202,1.01255,1.01267,1.88,1.50
2012.06.21 10:37:08.532,1.01255,1.01266,1.88,1.50
2012.06.21 10:37:11.562,1.01253,1.01266,1.88,1.50
2012.06.21 10:37:15.555,1.01253,1.01267,1.88,1.88
2012.06.21 10:37:17.565,1.01253,1.01267,1.88,2.63
2012.06.21 10:37:18.073,1.01251,1.01265,2.25,3.00
2012.06.21 10:37:18.421,1.01247,1.0126,1.13,4.13
2012.06.21 10:37:18.911,1.01244,1.01257,4.03,2.25
2012.06.21 10:37:18.986,1.01244,1.01257,2.25,3.00
2012.06.21 10:37:23.139,1.01244,1.01257,2.25,3.00
2012.06.21 10:37:23.512,1.01244,1.01255,2.25,1.50
2012.06.21 10:37:24.298,1.01244,1.01257,2.25,2.25
2012.06.21 10:37:29.089,1.01244,1.01257,2.25,3.00
2012.06.21 10:37:30.522,1.01244,1.01255,2.25,1.50
2012.06.21 10:37:30.914,1.01241,1.01253,2.25,1.50
2012.06.21 10:37:31.265,1.01237,1.0125,1.13,3.38
2012.06.21 10:37:31.332,1.01236,1.01247,2.25,1.50
2012.06.21 10:37:31.823,1.01234,1.01247,1.13,3.00
2012.06.21 10:37:32.031,1.01234,1.01247,1.13,2.25
2012.06.21 10:37:32.522,1.01233,1.01243,1.88,1.50
2012.06.21 10:37:33.502,1.01231,1.01244,2.25,3.00
2012.06.21 10:37:34.269,1.01231,1.01244,2.25,3.75
2012.06.21 10:37:35.518,1.01231,1.01244,1.88,3.75
2012.06.21 10:37:36.084,1.01229,1.01243,3.00,2.63
2012.06.21 10:37:36.591,1.01229,1.01242,3.00,1.50
2012.06.21 10:37:37.096,1.01229,1.01243,3.00,2.63
2012.06.21 10:37:37.613,1.01229,1.01243,3.00,4.88
2012.06.21 10:37:37.828,1.01226,1.01237,2.63,3.38
2012.06.21 10:37:37.909,1.01226,1.01235,2.63,1.50
2012.06.21 10:37:38.401,1.01223,1.01235,5.63,2.25
2012.06.21 10:37:38.951,1.01223,1.01234,2.25,1.50
2012.06.21 10:37:39.542,1.01223,1.01235,2.25,3.00
2012.06.21 10:37:40.172,1.01223,1.01237,3.75,1.88
2012.06.21 10:37:40.651,1.01223,1.01235,1.88,1.50
2012.06.21 10:37:41.195,1.01223,1.01235,1.88,2.25
2012.06.21 10:37:42.211,1.01223,1.01233,1.88,1.50
2012.06.21 10:37:43.650,1.01223,1.01235,1.88,2.25
2012.06.21 10:37:44.680,1.01223,1.01233,1.88,1.50
2012.06.21 10:37:45.194,1.01223,1.01233,1.88,2.25
2012.06.21 10:37:46.068,1.01223,1.01233,1.88,1.50
2012.06.21 10:37:46.424,1.01219,1.01231,3.60,1.50
2012.06.21 10:37:46.951,1.01219,1.01231,2.25,2.25
2012.06.21 10:37:47.326,1.01219,1.01233,2.25,1.50
2012.06.21 10:37:47.403,1.01219,1.01235,2.25,4.13
2012.06.21 10:37:47.476,1.01219,1.01235,2.25,4.88
2012.06.21 10:37:47.888,1.01219,1.01233,3.00,1.50
2012.06.21 10:37:49.429,1.01221,1.01235,1.88,2.63
2012.06.21 10:37:50.582,1.01222,1.01235,2.25,1.50
2012.06.21 10:37:56.075,1.0122,1.01235,1.13,3.75
2012.06.21 10:37:56.411,1.0122,1.01235,1.13,2.25
2012.06.21 10:37:56.481,1.0122,1.01235,1.13,3.00
2012.06.21 10:37:57.004,1.0122,1.01235,1.13,2.25
2012.06.21 10:37:57.657,1.0122,1.01235,1.13,2.25
2012.06.21 10:37:58.184,1.01222,1.01233,1.88,2.63
2012.06.21 10:37:58.256,1.01222,1.0123,1.88,1.88
2012.06.21 10:37:58.478,1.01215,1.01228,1.13,4.13
2012.06.21 10:37:58.626,1.01214,1.01228,1.50,6.00
2012.06.21 10:37:58.710,1.01212,1.01225,1.88,1.88
2012.06.21 10:37:58.788,1.01211,1.01225,1.50,4.13
2012.06.21 10:37:59.290,1.01209,1.01225,6.28,3.38
2012.06.21 10:37:59.354,1.01209,1.01225,5.25,4.13
2012.06.21 10:37:59.493,1.01209,1.01225,6.75,4.13
2012.06.21 10:37:59.563,1.01212,1.01225,1.50,2.63
2012.06.21 10:37:59.900,1.01209,1.01223,5.25,1.50
2012.06.21 10:38:00.364,1.01209,1.01225,3.75,1.88
2012.06.21 10:38:01.248,1.01209,1.01225,3.75,2.63
2012.06.21 10:38:06.535,1.0121,1.01223,1.50,1.88
2012.06.21 10:38:07.024,1.01208,1.01222,1.13,3.00
2012.06.21 10:38:07.388,1.01206,1.0122,2.25,2.25
2012.06.21 10:38:08.095,1.01207,1.0122,1.50,2.25
2012.06.21 10:38:08.460,1.01209,1.01222,3.75,1.21
2012.06.21 10:38:08.816,1.01213,1.01229,1.88,1.50
2012.06.21 10:38:08.893,1.01213,1.0123,1.88,3.75
2012.06.21 10:38:09.108,1.01218,1.0123,1.88,1.50
2012.06.21 10:38:09.187,1.01218,1.01232,2.25,1.13
2012.06.21 10:38:09.335,1.01218,1.01234,3.00,4.88
2012.06.21 10:38:09.485,1.01218,1.01234,5.25,2.63
2012.06.21 10:38:10.013,1.0122,1.01234,4.88,1.50
2012.06.21 10:38:10.366,1.01221,1.01235,1.35,1.50
2012.06.21 10:38:12.140,1.01222,1.01234,1.13,1.50
2012.06.21 10:38:13.293,1.01222,1.01235,1.13,3.00
2012.06.21 10:38:13.621,1.01222,1.01236,4.88,2.25
2012.06.21 10:38:14.242,1.01222,1.01236,4.88,2.25
2012.06.21 10:38:14.901,1.01222,1.01236,4.88,2.25
2012.06.21 10:38:16.000,1.01222,1.01234,2.63,1.50
2012.06.21 10:38:17.170,1.01222,1.01236,2.63,2.25
2012.06.21 10:38:31.221,1.01222,1.01234,1.13,1.50
2012.06.21 10:38:31.735,1.0122,1.01234,2.25,3.38
2012.06.21 10:38:34.402,1.01221,1.01236,2.25,3.00
2012.06.21 10:38:36.549,1.01221,1.01236,2.25,1.13
2012.06.21 10:38:37.281,1.01221,1.01234,2.25,1.88
2012.06.21 10:38:37.422,1.01218,1.01233,5.10,1.50
2012.06.21 10:38:37.673,1.01218,1.0123,2.85,1.50
2012.06.21 10:38:38.022,1.01212,1.01226,3.14,2.25
2012.06.21 10:38:38.532,1.0121,1.01225,1.27,3.00
2012.06.21 10:38:39.060,1.0121,1.01224,2.63,2.25
2012.06.21 10:38:39.686,1.0121,1.01224,2.63,1.50
2012.06.21 10:38:40.323,1.0121,1.01224,2.63,2.25
2012.06.21 10:38:40.675,1.01208,1.01218,2.25,1.50
2012.06.21 10:38:40.748,1.01208,1.01218,2.25,1.50
2012.06.21 10:38:41.913,1.01208,1.01218,1.88,1.50
2012.06.21 10:38:42.183,1.01205,1.01218,1.50,1.88
2012.06.21 10:38:42.443,1.01203,1.01218,1.88,1.88
2012.06.21 10:38:42.917,1.01203,1.01217,1.88,3.66
2012.06.21 10:38:43.276,1.01198,1.0121,2.25,1.50
2012.06.21 10:38:43.702,1.01195,1.01208,1.50,1.50
2012.06.21 10:38:43.772,1.01194,1.01209,2.25,2.25
2012.06.21 10:38:43.843,1.01194,1.01209,2.25,2.25
2012.06.21 10:38:43.981,1.01194,1.01208,2.25,1.50
2012.06.21 10:38:44.052,1.01194,1.01208,2.25,1.50
2012.06.21 10:38:44.181,1.01194,1.01207,2.25,1.50
2012.06.21 10:38:45.550,1.01194,1.01208,1.13,1.13
2012.06.21 10:38:46.490,1.01194,1.01206,1.13,1.50
2012.06.21 10:38:46.621,1.01194,1.01208,1.13,1.13
2012.06.21 10:38:46.760,1.01194,1.01206,1.13,1.50
2012.06.21 10:38:48.169,1.01194,1.01206,1.13,1.50
2012.06.21 10:38:48.442,1.01194,1.01209,1.13,3.00
2012.06.21 10:38:48.653,1.01198,1.01209,1.88,1.50
2012.06.21 10:38:49.181,1.01198,1.0121,1.88,1.88
2012.06.21 10:38:49.511,1.01198,1.01211,1.88,3.38
2012.06.21 10:38:51.695,1.01193,1.01206,2.45,2.25
2012.06.21 10:38:51.835,1.01191,1.01205,1.73,2.25
2012.06.21 10:38:51.973,1.0119,1.01203,1.88,2.25
2012.06.21 10:38:52.044,1.01189,1.01203,1.50,3.00
2012.06.21 10:38:52.583,1.01188,1.01202,2.25,2.25
2012.06.21 10:38:53.006,1.01191,1.012,1.88,1.50
2012.06.21 10:38:53.085,1.01191,1.01202,1.88,1.50
2012.06.21 10:38:53.295,1.01191,1.01205,1.88,1.88
2012.06.21 10:38:53.432,1.01191,1.01207,4.13,4.13
2012.06.21 10:38:53.772,1.01194,1.01207,1.88,1.13
2012.06.21 10:38:54.021,1.01194,1.01208,1.88,2.63
2012.06.21 10:38:55.279,1.01198,1.01208,1.88,1.50
2012.06.21 10:38:56.001,1.01198,1.0121,1.88,2.25
2012.06.21 10:38:57.833,1.01198,1.0121,1.88,2.25
2012.06.21 10:38:58.373,1.01199,1.0121,1.88,2.25
2012.06.21 10:38:58.729,1.01206,1.01213,2.25,2.63
2012.06.21 10:38:59.086,1.01211,1.01217,1.88,1.13
2012.06.21 10:38:59.166,1.01208,1.01217,1.73,1.13
2012.06.21 10:39:00.001,1.01206,1.01221,3.30,1.50
2012.06.21 10:39:00.499,1.01208,1.01222,2.63,1.50
2012.06.21 10:39:03.223,1.01208,1.01222,2.63,1.50
2012.06.21 10:39:03.573,1.01213,1.01222,1.88,1.50
2012.06.21 10:39:03.644,1.01213,1.01224,1.88,1.50
2012.06.21 10:39:04.172,1.01213,1.01225,1.88,1.50
2012.06.21 10:39:04.606,1.01213,1.01223,1.88,1.50
2012.06.21 10:39:05.614,1.01209,1.01223,3.00,1.50
2012.06.21 10:39:05.680,1.01209,1.01223,3.00,3.00
2012.06.21 10:39:06.371,1.01209,1.01223,3.00,3.00
2012.06.21 10:39:06.903,1.01209,1.01223,3.00,2.25
2012.06.21 10:39:07.393,1.01209,1.01223,3.38,3.00
2012.06.21 10:39:07.734,1.01214,1.01225,1.88,3.00
2012.06.21 10:39:07.805,1.01214,1.01227,1.88,1.50
2012.06.21 10:39:07.876,1.01218,1.01227,1.88,1.50
2012.06.21 10:39:08.026,1.01218,1.01229,2.25,1.96
2012.06.21 10:39:08.106,1.01221,1.01229,1.88,1.50
2012.06.21 10:39:09.234,1.01221,1.01231,2.25,3.00
2012.06.21 10:39:09.704,1.01221,1.01234,1.88,1.50
2012.06.21 10:39:12.022,1.01221,1.01236,3.00,2.25
2012.06.21 10:39:12.992,1.01226,1.01237,1.88,2.25
2012.06.21 10:39:13.063,1.01226,1.01237,1.88,1.50
2012.06.21 10:39:14.656,1.01224,1.01237,1.88,2.25
2012.06.21 10:39:15.015,1.0122,1.01233,2.63,2.25
2012.06.21 10:39:15.640,1.0122,1.01232,2.25,1.50
2012.06.21 10:39:17.996,1.01215,1.0123,2.85,2.63
2012.06.21 10:39:18.076,1.01215,1.01229,1.88,4.03
2012.06.21 10:39:18.614,1.01214,1.01227,2.25,1.88
2012.06.21 10:39:18.941,1.01214,1.01225,2.25,1.50
2012.06.21 10:39:19.078,1.01214,1.01225,2.25,1.50
2012.06.21 10:39:19.507,1.01215,1.01222,1.88,1.50
2012.06.21 10:39:20.034,1.01217,1.01227,1.88,2.25
2012.06.21 10:39:20.317,1.01217,1.01232,1.88,3.75
2012.06.21 10:39:20.885,1.01217,1.01233,4.13,4.88
2012.06.21 10:39:21.094,1.0122,1.01231,1.88,1.50
2012.06.21 10:39:21.163,1.0122,1.01234,1.88,4.03
2012.06.21 10:39:21.376,1.0122,1.01234,1.88,2.25
2012.06.21 10:39:21.727,1.01217,1.0123,4.13,1.50
2012.06.21 10:39:22.015,1.01217,1.01231,2.25,1.50
2012.06.21 10:39:22.097,1.01217,1.01227,1.88,1.50
2012.06.21 10:39:22.434,1.01217,1.01225,1.88,1.50
2012.06.21 10:39:22.634,1.01217,1.01228,1.88,1.50
2012.06.21 10:39:22.773,1.01217,1.0123,1.88,1.50
2012.06.21 10:39:22.844,1.01217,1.01232,1.88,4.88
2012.06.21 10:39:22.984,1.01224,1.01232,1.88,2.25
2012.06.21 10:39:23.456,1.01226,1.01232,1.88,1.50
2012.06.21 10:39:23.607,1.01226,1.01238,5.25,3.75
2012.06.21 10:39:23.757,1.01229,1.01242,1.88,1.50
2012.06.21 10:39:23.903,1.01229,1.01242,1.88,2.25
2012.06.21 10:39:23.973,1.01229,1.01242,1.88,1.50
2012.06.21 10:39:28.681,1.01231,1.01242,1.88,1.50
2012.06.21 10:39:29.448,1.01231,1.01242,1.88,2.25
2012.06.21 10:39:29.526,1.01231,1.01242,1.88,2.25
2012.06.21 10:39:30.695,1.01231,1.01245,2.63,1.88
2012.06.21 10:39:33.574,1.01231,1.01244,1.88,1.50
2012.06.21 10:39:33.643,1.01231,1.01244,1.88,3.75
2012.06.21 10:39:33.784,1.01231,1.01241,1.88,1.50
2012.06.21 10:39:34.826,1.01229,1.01241,2.63,1.50
2012.06.21 10:39:34.963,1.01228,1.01238,1.13,1.50
2012.06.21 10:39:35.312,1.01227,1.01236,2.25,1.50
2012.06.21 10:39:36.055,1.01227,1.01238,2.25,1.50
2012.06.21 10:39:36.581,1.01227,1.01239,2.25,1.88
2012.06.21 10:39:44.500,1.01227,1.0124,2.25,3.28
2012.06.21 10:39:45.324,1.01227,1.01237,2.25,1.50
2012.06.21 10:39:45.665,1.01224,1.01237,4.50,1.50
2012.06.21 10:39:45.804,1.01222,1.01228,2.48,1.88
2012.06.21 10:39:45.874,1.01222,1.01228,1.88,1.88
2012.06.21 10:39:46.483,1.01213,1.01222,1.64,5.91
2012.06.21 10:39:46.553,1.01211,1.01222,1.27,6.66
2012.06.21 10:39:47.166,1.01209,1.01222,1.50,2.16
2012.06.21 10:39:47.250,1.01214,1.01222,1.88,2.16
2012.06.21 10:39:47.392,1.01214,1.01224,1.88,1.13
2012.06.21 10:39:48.014,1.01214,1.01225,1.88,2.53
2012.06.21 10:39:51.725,1.01216,1.01226,1.88,1.88
2012.06.21 10:39:52.147,1.01218,1.01226,1.88,1.88
2012.06.21 10:39:52.680,1.01218,1.01226,1.88,1.50
2012.06.21 10:39:53.503,1.0122,1.01226,1.88,1.50
2012.06.21 10:39:54.211,1.0122,1.01231,1.88,1.88
2012.06.21 10:39:55.110,1.0122,1.01231,1.88,2.25
2012.06.21 10:39:57.491,1.01218,1.01231,1.88,2.25
2012.06.21 10:39:59.661,1.01218,1.01231,1.88,1.78
2012.06.21 10:40:01.672,1.01218,1.01229,1.88,1.50
2012.06.21 10:40:02.961,1.01218,1.01231,1.88,1.78
2012.06.21 10:40:03.473,1.01218,1.01232,1.88,3.28
2012.06.21 10:40:04.092,1.0122,1.01232,1.88,1.78
2012.06.21 10:40:05.350,1.0122,1.01234,1.88,3.28
2012.06.21 10:40:05.672,1.0122,1.01234,2.63,1.88
2012.06.21 10:40:12.158,1.0122,1.01235,2.63,1.88
2012.06.21 10:40:13.352,1.0122,1.01234,2.63,1.78
2012.06.21 10:40:17.312,1.01221,1.01235,2.25,1.78
2012.06.21 10:40:18.779,1.01223,1.01235,1.88,3.28
2012.06.21 10:40:23.420,1.01219,1.01235,5.25,3.75
2012.06.21 10:40:23.632,1.01222,1.01235,2.25,2.25
2012.06.21 10:40:23.961,1.01221,1.01235,1.13,4.50
2012.06.21 10:40:25.088,1.01223,1.01235,2.63,3.00
2012.06.21 10:40:25.505,1.01227,1.01235,2.63,1.50
2012.06.21 10:40:29.692,1.01229,1.01239,1.88,3.28
2012.06.21 10:40:29.955,1.01229,1.01241,1.88,2.63
2012.06.21 10:40:30.981,1.01229,1.01243,1.88,2.63
2012.06.21 10:40:31.512,1.01229,1.01243,2.63,2.63
2012.06.21 10:40:33.560,1.0123,1.01245,3.38,1.88
2012.06.21 10:40:34.074,1.0123,1.01244,3.68,1.13
2012.06.21 10:40:35.755,1.01233,1.01245,1.88,1.50
2012.06.21 10:40:36.102,1.01235,1.01248,2.63,1.88
2012.06.21 10:40:37.571,1.01237,1.01249,2.63,1.50
2012.06.21 10:40:37.646,1.01237,1.01249,1.88,3.00
2012.06.21 10:40:38.334,1.01234,1.01247,3.38,1.50
2012.06.21 10:40:38.685,1.01232,1.01242,1.88,1.50
2012.06.21 10:40:38.762,1.01232,1.01246,1.50,3.38
2012.06.21 10:40:38.831,1.01232,1.01246,1.50,2.63
2012.06.21 10:40:38.904,1.0123,1.01246,5.25,3.38
2012.06.21 10:40:39.432,1.0123,1.01244,3.00,2.25
2012.06.21 10:40:39.961,1.0123,1.01244,3.00,2.25
2012.06.21 10:40:40.092,1.0123,1.01244,3.00,2.25
2012.06.21 10:40:40.353,1.0123,1.01244,3.38,3.00
2012.06.21 10:40:40.562,1.0123,1.01244,3.38,1.50
2012.06.21 10:40:41.022,1.0123,1.01244,3.38,3.00
2012.06.21 10:40:41.161,1.01229,1.01243,3.30,1.88
2012.06.21 10:40:41.664,1.0123,1.01242,1.13,1.50
2012.06.21 10:40:44.459,1.01228,1.01241,2.18,1.88
2012.06.21 10:40:44.739,1.01227,1.0124,1.13,2.25
2012.06.21 10:40:45.295,1.01229,1.01243,3.38,2.63
2012.06.21 10:40:45.822,1.0123,1.01242,1.13,1.50
2012.06.21 10:40:48.749,1.01231,1.01242,1.88,1.50
2012.06.21 10:40:50.371,1.01231,1.0124,1.88,1.50
2012.06.21 10:40:50.704,1.01227,1.01238,1.13,1.50
2012.06.21 10:40:50.844,1.01226,1.01238,2.25,1.50
2012.06.21 10:40:51.053,1.01223,1.01235,1.50,1.50
2012.06.21 10:40:51.324,1.01222,1.01235,3.30,1.50
2012.06.21 10:40:51.893,1.01222,1.01236,2.55,2.25
2012.06.21 10:40:52.906,1.01227,1.01236,1.88,1.50
2012.06.21 10:40:53.116,1.01227,1.01239,3.38,1.78
2012.06.21 10:40:53.263,1.0123,1.01239,1.88,2.53
2012.06.21 10:40:53.335,1.0123,1.01241,1.88,2.25
2012.06.21 10:40:53.473,1.01227,1.01241,4.43,3.38
2012.06.21 10:40:54.032,1.01227,1.0124,3.30,1.50
2012.06.21 10:40:54.341,1.01227,1.01238,1.43,1.88
2012.06.21 10:40:55.672,1.01228,1.01242,3.75,1.78
2012.06.21 10:40:55.746,1.01228,1.01244,3.75,4.88
2012.06.21 10:40:56.226,1.01228,1.01244,4.05,4.13
2012.06.21 10:40:56.512,1.01228,1.01244,4.80,3.38
2012.06.21 10:40:57.311,1.01228,1.01244,4.80,3.38
2012.06.21 10:40:57.770,1.01228,1.01244,4.80,4.88
2012.06.21 10:40:59.269,1.01228,1.01244,5.93,4.13
2012.06.21 10:41:00.322,1.01228,1.01244,5.55,4.13
2012.06.21 10:41:01.289,1.01228,1.01244,5.55,3.38
2012.06.21 10:41:01.921,1.01228,1.01244,5.55,4.13
2012.06.21 10:41:06.402,1.01229,1.01244,1.05,4.88
2012.06.21 10:41:12.325,1.01229,1.01244,1.80,4.88
2012.06.21 10:41:12.677,1.01235,1.01247,2.25,2.53
2012.06.21 10:41:12.756,1.01235,1.01247,1.50,2.53
2012.06.21 10:41:12.906,1.01235,1.01247,2.25,1.78
2012.06.21 10:41:12.983,1.01235,1.01249,2.25,3.75
2012.06.21 10:41:13.806,1.01235,1.01249,2.63,5.25
2012.06.21 10:41:14.551,1.01235,1.01249,2.63,4.50
2012.06.21 10:41:14.755,1.01235,1.01249,2.63,4.50
2012.06.21 10:41:15.288,1.01235,1.01249,2.63,5.25
2012.06.21 10:41:15.434,1.01235,1.01248,1.13,2.63
2012.06.21 10:41:15.781,1.01235,1.01244,1.13,1.50
2012.06.21 10:41:15.921,1.01235,1.01246,1.13,3.00
2012.06.21 10:41:16.899,1.01235,1.01246,1.13,2.63
2012.06.21 10:41:17.465,1.01232,1.01245,3.00,1.50
2012.06.21 10:41:17.605,1.01232,1.01245,3.00,2.25
2012.06.21 10:41:18.142,1.01232,1.01244,3.00,1.50
2012.06.21 10:41:18.819,1.01232,1.01243,3.00,1.50
2012.06.21 10:41:18.898,1.01232,1.01244,3.00,1.50
2012.06.21 10:41:19.175,1.0123,1.01241,1.13,2.25
2012.06.21 10:41:19.744,1.01232,1.01241,1.88,1.50
2012.06.21 10:41:19.956,1.01232,1.01243,1.88,2.25
2012.06.21 10:41:30.274,1.01234,1.01243,1.05,1.50
2012.06.21 10:41:30.534,1.01232,1.01246,4.80,4.13
2012.06.21 10:41:32.483,1.01232,1.01246,4.43,4.13
2012.06.21 10:41:34.085,1.01235,1.01246,1.13,4.13
2012.06.21 10:41:34.365,1.01241,1.01251,2.63,2.25
2012.06.21 10:41:34.437,1.01241,1.01254,2.63,2.63
2012.06.21 10:41:34.980,1.01241,1.01255,3.00,1.88
2012.06.21 10:41:39.540,1.01243,1.01255,1.88,1.50
2012.06.21 10:41:40.564,1.01245,1.01255,1.88,1.50
2012.06.21 10:41:40.703,1.01245,1.01257,1.88,1.50
2012.06.21 10:41:42.144,1.01245,1.01259,2.63,2.63
2012.06.21 10:41:42.668,1.01245,1.01257,2.63,1.50
2012.06.21 10:41:42.814,1.01245,1.01259,4.13,3.38
2012.06.21 10:41:43.570,1.01245,1.01259,4.13,4.13
2012.06.21 10:41:44.276,1.01245,1.01259,4.13,3.38
2012.06.21 10:41:45.022,1.01245,1.01259,5.18,3.38
2012.06.21 10:41:47.213,1.01246,1.01259,2.93,1.88
2012.06.21 10:41:47.284,1.01249,1.01262,1.88,1.88
2012.06.21 10:41:47.912,1.01249,1.01262,2.63,1.50
2012.06.21 10:41:48.810,1.01253,1.01265,2.63,1.13
2012.06.21 10:41:49.281,1.01253,1.01264,2.63,1.50
2012.06.21 10:41:50.161,1.01251,1.01265,3.30,2.63
2012.06.21 10:41:51.221,1.01251,1.01265,3.30,2.63
2012.06.21 10:41:53.893,1.01251,1.01265,3.00,4.13
2012.06.21 10:41:54.306,1.01251,1.01262,3.00,1.50
2012.06.21 10:41:54.654,1.01251,1.01261,3.00,1.50
2012.06.21 10:41:54.782,1.01251,1.01262,3.00,2.25
2012.06.21 10:41:56.200,1.01251,1.01265,3.00,4.88
2012.06.21 10:41:57.200,1.01251,1.01264,3.00,1.50
2012.06.21 10:41:58.209,1.01251,1.01265,3.00,4.88
2012.06.21 10:41:58.711,1.01251,1.01265,3.00,4.88
2012.06.21 10:41:58.779,1.01251,1.01265,3.00,3.38
2012.06.21 10:41:59.071,1.01251,1.01265,3.00,3.38
2012.06.21 10:41:59.162,1.01251,1.01265,3.00,4.13
2012.06.21 10:41:59.664,1.01251,1.01265,3.00,2.63
2012.06.21 10:42:00.677,1.01251,1.01262,1.13,1.50
2012.06.21 10:42:01.183,1.01249,1.01262,1.13,2.25
2012.06.21 10:42:01.663,1.01248,1.01262,4.35,2.25
2012.06.21 10:42:02.207,1.01248,1.01263,2.85,4.96
2012.06.21 10:42:02.282,1.01248,1.01263,2.85,4.21
2012.06.21 10:42:02.683,1.01248,1.01263,2.85,4.21
2012.06.21 10:42:03.973,1.01248,1.01263,2.85,4.21
2012.06.21 10:42:05.033,1.01248,1.01263,2.85,3.46
2012.06.21 10:42:05.487,1.01248,1.01261,2.85,2.25
2012.06.21 10:42:07.922,1.01248,1.01261,2.25,2.18
2012.06.21 10:42:10.950,1.01248,1.0126,2.25,1.50
2012.06.21 10:42:15.090,1.01248,1.0126,2.25,2.25
2012.06.21 10:42:18.801,1.01248,1.0126,2.25,3.00
2012.06.21 10:42:19.409,1.01247,1.01255,1.13,1.88
2012.06.21 10:42:19.486,1.01244,1.01253,2.63,1.50
2012.06.21 10:42:19.571,1.01241,1.01248,1.50,1.88
2012.06.21 10:42:19.649,1.01239,1.01245,1.64,1.88
2012.06.21 10:42:20.248,1.01236,1.01245,3.14,1.88
2012.06.21 10:42:20.337,1.01232,1.01245,1.50,2.63
2012.06.21 10:42:20.556,1.01233,1.01245,1.50,2.63
2012.06.21 10:42:20.706,1.01233,1.01241,1.50,1.50
2012.06.21 10:42:21.171,1.01233,1.01244,1.50,1.50
2012.06.21 10:42:22.849,1.01231,1.01244,2.25,1.50
2012.06.21 10:42:23.069,1.01229,1.01244,3.00,3.75
2012.06.21 10:42:23.149,1.01229,1.01244,3.00,3.75
2012.06.21 10:42:23.227,1.0123,1.01244,1.50,1.50
2012.06.21 10:42:23.566,1.0123,1.01244,1.50,2.25
2012.06.21 10:42:25.427,1.01231,1.01244,1.50,1.50
2012.06.21 10:42:25.644,1.01232,1.01245,1.50,4.88
2012.06.21 10:42:25.717,1.01231,1.01241,1.50,2.63
2012.06.21 10:42:25.795,1.01229,1.01241,1.88,2.63
2012.06.21 10:42:26.072,1.01227,1.0124,3.00,2.25
2012.06.21 10:42:26.215,1.01227,1.0124,3.00,3.00
2012.06.21 10:42:26.433,1.01227,1.0124,2.25,2.25
2012.06.21 10:42:27.142,1.01227,1.0124,1.88,3.00
2012.06.21 10:42:28.591,1.01227,1.0124,1.88,2.25
2012.06.21 10:42:29.506,1.01227,1.01241,1.88,4.88
2012.06.21 10:42:29.590,1.01228,1.01242,4.13,3.75
2012.06.21 10:42:29.948,1.01228,1.01242,5.63,3.38
2012.06.21 10:42:30.026,1.01228,1.01241,5.25,1.50
2012.06.21 10:42:30.571,1.01228,1.01241,3.00,2.25
2012.06.21 10:42:33.841,1.01228,1.0124,2.25,1.50
2012.06.21 10:42:34.314,1.01228,1.01241,2.25,3.00
2012.06.21 10:42:34.723,1.01227,1.01239,2.25,2.25
2012.06.21 10:42:35.050,1.01227,1.01235,2.25,1.50
2012.06.21 10:42:35.500,1.01227,1.01237,2.25,1.50
2012.06.21 10:42:35.821,1.01227,1.0124,2.25,1.50
2012.06.21 10:42:36.353,1.01227,1.01238,1.88,2.25
2012.06.21 10:42:36.901,1.01227,1.01238,1.88,1.50
2012.06.21 10:42:37.200,1.01227,1.01238,1.88,1.50
2012.06.21 10:42:38.275,1.01227,1.01238,1.88,1.50
2012.06.21 10:42:39.792,1.01227,1.01238,1.88,1.50
2012.06.21 10:42:45.483,1.01227,1.01238,1.88,1.50
2012.06.21 10:42:46.098,1.01227,1.0124,1.88,3.00
2012.06.21 10:42:48.114,1.01228,1.01239,1.88,3.00
2012.06.21 10:42:48.256,1.0123,1.01239,1.88,1.50
2012.06.21 10:42:48.475,1.0123,1.01243,2.18,2.10
2012.06.21 10:42:49.035,1.0123,1.01244,2.63,1.73
2012.06.21 10:42:49.563,1.0123,1.01243,1.88,1.50
2012.06.21 10:42:50.243,1.0123,1.01243,1.88,2.25
2012.06.21 10:42:50.753,1.01229,1.01239,3.00,1.50
2012.06.21 10:42:51.337,1.01229,1.0124,3.00,1.50
2012.06.21 10:42:51.850,1.01229,1.01242,3.00,3.00
2012.06.21 10:42:53.440,1.01229,1.01242,3.00,3.00
2012.06.21 10:42:54.071,1.01229,1.01242,3.00,3.00
2012.06.21 10:42:54.204,1.01228,1.0124,1.05,4.13
2012.06.21 10:42:54.343,1.01226,1.01237,4.13,1.50
2012.06.21 10:42:54.551,1.01226,1.01237,2.25,2.25
2012.06.21 10:42:55.626,1.01226,1.01235,2.25,1.50
2012.06.21 10:42:55.902,1.01226,1.01237,2.25,1.50
2012.06.21 10:42:58.253,1.01228,1.01239,1.88,3.00
2012.06.21 10:42:59.572,1.01228,1.0124,1.88,1.50
2012.06.21 10:43:00.339,1.01228,1.01239,1.88,1.50
2012.06.21 10:43:05.616,1.01228,1.01237,1.88,1.50
2012.06.21 10:43:05.804,1.01225,1.01237,2.25,1.50
2012.06.21 10:43:05.944,1.01225,1.01239,2.55,1.50
2012.06.21 10:43:06.012,1.01225,1.01237,2.25,1.50
2012.06.21 10:43:06.322,1.01225,1.01237,2.25,2.25
2012.06.21 10:43:06.394,1.01225,1.01237,2.25,2.25
2012.06.21 10:43:07.984,1.01228,1.0124,1.88,3.00
2012.06.21 10:43:08.491,1.01228,1.01239,1.88,1.50
2012.06.21 10:43:09.064,1.01228,1.01239,1.88,1.50
2012.06.21 10:43:09.549,1.01228,1.0124,1.88,4.50
2012.06.21 10:43:09.625,1.01228,1.01236,1.88,1.50
2012.06.21 10:43:09.763,1.01228,1.01237,1.88,3.00
2012.06.21 10:43:14.183,1.01228,1.01235,1.88,1.50
2012.06.21 10:43:14.730,1.01228,1.01235,1.88,1.50
2012.06.21 10:43:15.240,1.01228,1.01236,1.88,2.63
2012.06.21 10:43:19.515,1.01228,1.01235,1.88,2.25
2012.06.21 10:43:20.030,1.01225,1.01237,2.25,2.25
2012.06.21 10:43:20.246,1.01225,1.01238,2.25,1.50
2012.06.21 10:43:20.922,1.01225,1.01236,2.25,1.50
2012.06.21 10:43:21.573,1.01225,1.01236,2.25,2.25
2012.06.21 10:43:22.095,1.01225,1.01234,2.25,1.50
2012.06.21 10:43:22.645,1.01225,1.01234,2.25,1.88
2012.06.21 10:43:23.002,1.01215,1.01227,2.25,1.13
2012.06.21 10:43:23.555,1.01213,1.01224,1.88,1.50
2012.06.21 10:43:23.821,1.01213,1.01224,1.88,2.25
2012.06.21 10:43:23.893,1.01213,1.01224,1.88,2.25
2012.06.21 10:43:24.034,1.01212,1.01223,2.55,1.50
2012.06.21 10:43:24.247,1.01212,1.01223,2.25,1.50
2012.06.21 10:43:24.325,1.01212,1.01223,2.25,1.50
2012.06.21 10:43:24.469,1.01209,1.01222,2.25,1.50
2012.06.21 10:43:24.614,1.01209,1.01223,2.25,3.00
2012.06.21 10:43:25.133,1.01209,1.01221,3.00,1.50
2012.06.21 10:43:26.033,1.01209,1.01222,3.00,2.25
2012.06.21 10:43:26.528,1.01212,1.01224,1.88,1.13
2012.06.21 10:43:27.294,1.01215,1.01225,1.50,1.13
2012.06.21 10:43:27.504,1.01211,1.01224,2.25,1.88
2012.06.21 10:43:27.644,1.01211,1.01224,1.50,2.63
2012.06.21 10:43:27.982,1.01209,1.0122,1.88,1.88
2012.06.21 10:43:28.521,1.01209,1.0122,1.50,2.25
2012.06.21 10:43:31.472,1.01209,1.01221,1.50,1.78
2012.06.21 10:43:33.210,1.01209,1.0122,1.50,1.50
2012.06.21 10:43:34.162,1.01209,1.01221,1.50,1.78
2012.06.21 10:43:34.727,1.01213,1.01226,1.88,2.25
2012.06.21 10:43:34.813,1.01216,1.01227,1.50,2.16
2012.06.21 10:43:35.164,1.01218,1.01226,1.50,2.25
2012.06.21 10:43:35.861,1.01215,1.01227,1.50,1.88
2012.06.21 10:43:38.101,1.01215,1.01227,1.50,1.13
2012.06.21 10:43:38.706,1.01215,1.01227,1.50,2.25
2012.06.21 10:43:39.312,1.01215,1.01224,1.50,1.50
2012.06.21 10:43:39.386,1.01215,1.01226,1.50,1.50
2012.06.21 10:43:39.453,1.01213,1.01226,3.38,1.50
2012.06.21 10:43:39.961,1.01213,1.01224,3.38,1.50
2012.06.21 10:43:40.760,1.01213,1.01225,3.38,2.25
2012.06.21 10:43:40.902,1.01213,1.01225,1.50,1.50
2012.06.21 10:43:42.140,1.01213,1.01225,1.50,2.25
2012.06.21 10:43:42.772,1.01213,1.01226,1.50,3.00
2012.06.21 10:43:42.975,1.01213,1.01227,1.50,4.41
2012.06.21 10:43:43.046,1.01213,1.01226,1.50,1.50
2012.06.21 10:43:43.341,1.0121,1.0122,1.88,1.50
2012.06.21 10:43:43.418,1.01209,1.0122,1.13,1.88
2012.06.21 10:43:43.500,1.01208,1.01221,2.25,1.88
2012.06.21 10:43:43.853,1.01208,1.0122,1.88,1.13
2012.06.21 10:43:45.467,1.01206,1.0122,2.63,1.13
2012.06.21 10:43:46.046,1.01208,1.0122,1.50,1.50
2012.06.21 10:43:47.259,1.01208,1.0122,1.50,1.13
2012.06.21 10:43:50.824,1.01207,1.0122,1.88,1.13
2012.06.21 10:43:51.637,1.01207,1.01221,4.50,3.00
2012.06.21 10:43:51.786,1.0121,1.01222,2.25,2.25
2012.06.21 10:43:51.934,1.01213,1.01222,1.50,1.50
2012.06.21 10:43:52.086,1.01213,1.01223,1.50,2.63
2012.06.21 10:43:52.501,1.0121,1.01223,2.25,1.88
2012.06.21 10:43:53.586,1.0121,1.01223,2.25,2.63
2012.06.21 10:43:53.958,1.01209,1.0122,1.13,1.88
2012.06.21 10:43:54.317,1.01207,1.01216,1.88,3.38
2012.06.21 10:43:54.533,1.01206,1.01216,1.88,3.38
2012.06.21 10:43:54.608,1.01206,1.01216,1.88,3.38
2012.06.21 10:43:54.686,1.01206,1.01216,1.88,3.38
2012.06.21 10:43:54.905,1.01203,1.01216,1.50,3.00
2012.06.21 10:43:55.184,1.01205,1.01216,1.50,2.25
2012.06.21 10:43:55.713,1.01205,1.01218,2.25,2.63
2012.06.21 10:43:56.064,1.01209,1.0122,1.50,1.35
2012.06.21 10:43:56.620,1.0121,1.01221,1.50,1.50
2012.06.21 10:43:56.707,1.01212,1.01225,1.50,1.13
2012.06.21 10:43:56.854,1.01212,1.01226,3.38,2.25
2012.06.21 10:43:57.403,1.01214,1.01227,1.50,1.88
2012.06.21 10:43:57.908,1.01214,1.01228,3.38,3.38
2012.06.21 10:43:58.422,1.01214,1.01228,4.13,3.38
2012.06.21 10:43:59.730,1.01214,1.01228,4.13,3.38
2012.06.21 10:44:00.474,1.01214,1.01228,4.13,3.38
2012.06.21 10:44:00.620,1.01216,1.0123,2.63,4.13
2012.06.21 10:44:00.767,1.01218,1.0123,1.78,2.63
2012.06.21 10:44:01.055,1.01221,1.01234,1.88,1.50
2012.06.21 10:44:01.614,1.01221,1.01235,6.38,1.50
2012.06.21 10:44:06.443,1.01221,1.01235,4.88,2.25
2012.06.21 10:44:09.347,1.01221,1.01235,4.88,1.50
2012.06.21 10:44:13.191,1.01221,1.01235,4.88,2.25
2012.06.21 10:44:16.547,1.01219,1.01233,5.25,1.50
2012.06.21 10:44:16.625,1.01219,1.0123,2.25,1.50
2012.06.21 10:44:17.172,1.01219,1.01229,2.25,1.50
2012.06.21 10:44:20.764,1.01219,1.01229,1.88,1.50
2012.06.21 10:44:22.091,1.01219,1.01229,1.88,1.50
2012.06.21 10:44:22.900,1.01219,1.0123,1.88,2.25
2012.06.21 10:44:24.887,1.01222,1.01232,1.88,3.00
2012.06.21 10:44:25.248,1.0123,1.01241,1.88,1.88
2012.06.21 10:44:25.395,1.01227,1.01241,2.63,2.25
2012.06.21 10:44:25.467,1.01227,1.01241,2.63,3.00
2012.06.21 10:44:25.691,1.01227,1.01238,3.00,1.50
2012.06.21 10:44:29.013,1.01227,1.01241,2.63,3.00
2012.06.21 10:44:29.422,1.01229,1.01242,1.50,1.50
2012.06.21 10:44:30.495,1.01229,1.0124,2.25,2.25
2012.06.21 10:44:30.845,1.01227,1.01237,2.63,1.50
2012.06.21 10:44:31.361,1.01228,1.01237,1.50,1.50
2012.06.21 10:44:34.080,1.01228,1.01238,1.50,1.50
2012.06.21 10:44:34.806,1.01228,1.01239,1.50,1.50
2012.06.21 10:44:39.084,1.01228,1.0124,1.50,1.50
2012.06.21 10:44:39.711,1.01228,1.01241,1.50,2.63
2012.06.21 10:44:40.351,1.01228,1.01241,1.50,2.63
2012.06.21 10:44:47.951,1.01228,1.01241,2.25,1.88
2012.06.21 10:44:48.480,1.01228,1.01241,3.00,1.88
2012.06.21 10:44:52.979,1.01228,1.01241,1.50,2.63
2012.06.21 10:44:53.513,1.01228,1.01239,1.50,1.50
2012.06.21 10:44:57.081,1.01228,1.01242,1.50,2.25
2012.06.21 10:44:57.655,1.01228,1.01242,1.50,1.50
2012.06.21 10:44:58.301,1.01228,1.01242,2.25,2.25
2012.06.21 10:44:58.444,1.01229,1.01243,2.25,3.38
2012.06.21 10:44:58.512,1.01229,1.01243,2.25,3.38
2012.06.21 10:44:59.182,1.01229,1.01243,2.25,3.38
2012.06.21 10:45:00.533,1.01229,1.01241,2.25,1.50
2012.06.21 10:45:00.676,1.01229,1.01243,2.25,4.13
2012.06.21 10:45:01.190,1.01229,1.01243,2.25,2.63
2012.06.21 10:45:02.840,1.01229,1.01243,2.25,3.38
2012.06.21 10:45:03.539,1.01229,1.01243,2.25,4.13
2012.06.21 10:45:03.732,1.01228,1.01242,3.00,3.00
2012.06.21 10:45:04.431,1.01228,1.01242,2.25,3.00
2012.06.21 10:45:04.648,1.01228,1.01238,2.25,2.48
2012.06.21 10:45:05.006,1.01225,1.0123,1.50,2.63
2012.06.21 10:45:05.156,1.01223,1.0123,1.50,3.98
2012.06.21 10:45:05.977,1.01218,1.0123,2.77,2.25
2012.06.21 10:45:06.064,1.01214,1.01227,4.57,1.50
2012.06.21 10:45:06.137,1.01213,1.01226,2.39,2.63
2012.06.21 10:45:06.357,1.01212,1.01223,2.77,1.50
2012.06.21 10:45:06.642,1.01212,1.01223,1.88,1.50
2012.06.21 10:45:06.713,1.01212,1.01226,1.88,4.58
2012.06.21 10:45:07.421,1.01212,1.01226,1.88,4.58
2012.06.21 10:45:08.384,1.01212,1.01226,1.88,4.96
2012.06.21 10:45:08.809,1.01215,1.01227,1.88,1.50
2012.06.21 10:45:09.639,1.01217,1.01227,1.88,1.50
2012.06.21 10:45:10.953,1.01217,1.01229,1.88,1.50
2012.06.21 10:45:12.432,1.01219,1.01229,1.88,2.25
2012.06.21 10:45:12.578,1.01219,1.01232,1.88,2.25
2012.06.21 10:45:13.095,1.01219,1.01231,1.13,1.50
2012.06.21 10:45:13.167,1.01217,1.01229,3.00,1.50
2012.06.21 10:45:13.245,1.01217,1.01229,3.00,1.50
2012.06.21 10:45:13.763,1.01217,1.01232,2.25,3.73
2012.06.21 10:45:14.701,1.01217,1.01232,2.25,2.71
2012.06.21 10:45:16.490,1.01217,1.01232,2.25,1.50
2012.06.21 10:45:17.180,1.01217,1.01232,2.25,2.25
2012.06.21 10:45:17.412,1.0122,1.01233,1.88,4.13
2012.06.21 10:45:17.542,1.0122,1.01233,1.88,3.38
2012.06.21 10:45:21.816,1.01218,1.01231,1.88,1.50
2012.06.21 10:45:26.622,1.01215,1.0123,4.13,1.88
2012.06.21 10:45:26.693,1.01214,1.01229,3.75,2.25
2012.06.21 10:45:26.764,1.01214,1.01229,3.75,2.25
2012.06.21 10:45:26.832,1.01217,1.01229,1.88,2.25
2012.06.21 10:45:26.973,1.01217,1.01226,1.88,1.50
2012.06.21 10:45:27.112,1.01217,1.01228,1.88,1.50
2012.06.21 10:45:27.856,1.01214,1.01228,1.13,3.38
2012.06.21 10:45:27.941,1.01212,1.01223,1.13,1.50
2012.06.21 10:45:28.086,1.0121,1.01222,3.00,2.25
2012.06.21 10:45:28.294,1.0121,1.01221,3.00,2.25
2012.06.21 10:45:29.324,1.0121,1.01222,1.13,2.63
2012.06.21 10:45:29.883,1.01208,1.01221,3.00,1.50
2012.06.21 10:45:30.024,1.01208,1.01222,3.00,2.63
2012.06.21 10:45:30.157,1.01208,1.01222,3.00,2.63
2012.06.21 10:45:30.382,1.01208,1.01221,3.00,1.50
2012.06.21 10:45:31.222,1.01208,1.01219,3.00,1.50
2012.06.21 10:45:31.577,1.01213,1.01222,1.50,1.50
2012.06.21 10:45:31.728,1.01214,1.01225,1.88,1.13
2012.06.21 10:45:32.572,1.01214,1.01223,1.88,1.50
2012.06.21 10:45:33.081,1.01214,1.01225,1.88,1.88
2012.06.21 10:45:34.673,1.01212,1.01225,1.88,1.50
2012.06.21 10:45:34.745,1.01212,1.01224,1.88,1.78
2012.06.21 10:45:47.844,1.01212,1.01226,1.88,4.58
2012.06.21 10:45:48.300,1.01213,1.01225,1.88,1.50
2012.06.21 10:45:50.814,1.01211,1.01224,3.00,3.75
2012.06.21 10:45:52.650,1.01211,1.01224,3.00,4.21
2012.06.21 10:45:53.549,1.01208,1.01221,1.88,2.63
2012.06.21 10:45:53.634,1.01207,1.01219,1.88,2.25
2012.06.21 10:45:54.868,1.01205,1.01216,1.88,2.63
2012.06.21 10:45:55.233,1.01195,1.01201,1.33,2.10
2012.06.21 10:45:55.589,1.01184,1.01189,1.78,1.88
2012.06.21 10:45:55.876,1.01188,1.01193,1.64,2.85
2012.06.21 10:45:55.959,1.01182,1.01196,2.46,2.10
2012.06.21 10:45:56.037,1.01181,1.01193,3.38,1.50
2012.06.21 10:45:56.114,1.01181,1.01193,2.63,1.50
2012.06.21 10:45:56.328,1.01184,1.01195,1.88,1.50
2012.06.21 10:45:56.786,1.01184,1.01197,1.88,1.88
2012.06.21 10:45:56.874,1.01186,1.01197,1.50,2.63
2012.06.21 10:45:57.088,1.01188,1.01196,1.50,1.50
2012.06.21 10:45:57.169,1.0119,1.01198,1.50,1.50
2012.06.21 10:45:57.316,1.01192,1.01198,1.50,1.50
2012.06.21 10:45:57.664,1.01195,1.01201,3.00,1.50
2012.06.21 10:45:58.018,1.01198,1.01205,1.50,1.13
2012.06.21 10:45:58.374,1.01198,1.01205,1.50,1.88
2012.06.21 10:45:58.643,1.01193,1.01205,2.63,1.88
2012.06.21 10:45:58.714,1.01193,1.01205,1.88,2.63
2012.06.21 10:46:00.292,1.01196,1.01209,2.25,2.25
2012.06.21 10:46:00.364,1.01193,1.01209,2.25,3.00
2012.06.21 10:46:00.576,1.01191,1.01204,2.63,2.63
2012.06.21 10:46:00.792,1.0119,1.01202,1.88,1.50
2012.06.21 10:46:01.065,1.0119,1.01204,1.13,2.25
2012.06.21 10:46:01.592,1.0119,1.01204,1.13,2.25
2012.06.21 10:46:01.739,1.01188,1.01201,1.13,1.50
2012.06.21 10:46:02.263,1.01188,1.01202,2.63,1.50
2012.06.21 10:46:02.583,1.01188,1.01198,1.88,1.88
2012.06.21 10:46:02.727,1.01186,1.01198,4.03,1.88
2012.06.21 10:46:02.806,1.01185,1.01198,1.88,1.88
2012.06.21 10:46:03.525,1.01182,1.01198,2.25,4.88
2012.06.21 10:46:03.603,1.01181,1.01196,1.13,1.50
2012.06.21 10:46:04.323,1.0118,1.01196,4.50,1.50
2012.06.21 10:46:04.465,1.0118,1.01188,4.50,1.50
2012.06.21 10:46:04.679,1.0118,1.01188,1.50,1.50
2012.06.21 10:46:04.759,1.0118,1.01191,1.50,1.50
2012.06.21 10:46:04.975,1.01176,1.01191,2.91,2.25
2012.06.21 10:46:05.437,1.01177,1.01191,1.50,2.25
2012.06.21 10:46:05.870,1.01178,1.01191,2.63,1.50
2012.06.21 10:46:05.944,1.01178,1.01193,2.63,2.25
2012.06.21 10:46:06.017,1.01179,1.01193,2.25,1.50
2012.06.21 10:46:06.442,1.01182,1.01196,1.50,2.25
2012.06.21 10:46:07.045,1.01183,1.01196,2.25,2.25
2012.06.21 10:46:07.125,1.01188,1.01201,1.50,3.38
2012.06.21 10:46:07.601,1.01185,1.01201,4.13,4.50
2012.06.21 10:46:08.192,1.01185,1.01201,4.13,5.25
2012.06.21 10:46:08.394,1.01185,1.01198,2.63,1.50
2012.06.21 10:46:08.742,1.01185,1.01198,1.88,2.25
2012.06.21 10:46:09.074,1.01185,1.01197,1.88,1.50
2012.06.21 10:46:09.345,1.01184,1.01197,1.88,1.50
2012.06.21 10:46:09.771,1.01184,1.01198,1.88,2.25
2012.06.21 10:46:10.033,1.01184,1.01198,1.88,3.00
2012.06.21 10:46:11.385,1.01184,1.01198,1.88,3.75
2012.06.21 10:46:11.673,1.01184,1.01198,1.88,2.25
2012.06.21 10:46:12.258,1.01184,1.01198,1.88,3.00
2012.06.21 10:46:12.510,1.01184,1.01198,3.75,3.00
2012.06.21 10:46:13.191,1.01184,1.01198,3.75,3.75
2012.06.21 10:46:13.509,1.01184,1.01198,3.75,2.25
2012.06.21 10:46:14.422,1.01184,1.01198,3.75,3.00
2012.06.21 10:46:15.015,1.01184,1.01198,7.78,2.25
2012.06.21 10:46:15.158,1.01186,1.012,1.88,3.38
2012.06.21 10:46:15.693,1.01187,1.012,1.88,1.50
2012.06.21 10:46:16.351,1.01188,1.012,1.88,2.25
2012.06.21 10:46:17.200,1.01188,1.01201,3.75,1.13
2012.06.21 10:46:17.346,1.01188,1.012,1.88,2.25
2012.06.21 10:46:17.903,1.01188,1.01199,1.88,1.50
2012.06.21 10:46:18.593,1.01188,1.012,1.88,3.00
2012.06.21 10:46:18.844,1.01188,1.012,1.88,2.25
2012.06.21 10:46:19.583,1.01188,1.01201,1.88,1.13
2012.06.21 10:46:21.121,1.01188,1.01201,1.88,1.88
2012.06.21 10:46:23.545,1.01191,1.01204,1.50,4.88
2012.06.21 10:46:25.617,1.01191,1.01203,1.50,1.88
2012.06.21 10:46:26.413,1.01189,1.01203,1.50,3.38
2012.06.21 10:46:26.624,1.01189,1.01201,1.50,1.50
2012.06.21 10:46:27.548,1.01195,1.01201,1.88,1.50
2012.06.21 10:46:27.905,1.01195,1.01208,1.88,3.00
2012.06.21 10:46:28.444,1.01196,1.0121,3.38,1.13
2012.06.21 10:46:28.869,1.01196,1.01212,3.38,7.88
2012.06.21 10:46:30.015,1.01196,1.0121,3.38,2.25
2012.06.21 10:46:40.592,1.01196,1.01209,1.88,3.75
2012.06.21 10:46:40.660,1.01196,1.01207,1.88,1.50
2012.06.21 10:46:42.171,1.01196,1.01207,1.88,3.00
2012.06.21 10:46:42.734,1.01192,1.01203,2.25,1.50
2012.06.21 10:46:43.272,1.01192,1.01202,2.25,1.50
2012.06.21 10:46:44.560,1.01193,1.01203,2.25,2.25
2012.06.21 10:46:44.705,1.01193,1.01206,2.25,3.75
2012.06.21 10:46:45.041,1.01193,1.01208,4.50,1.73
2012.06.21 10:46:48.502,1.01193,1.01209,4.50,4.13
2012.06.21 10:46:50.722,1.01193,1.01207,2.63,1.88
2012.06.21 10:46:51.282,1.01193,1.01206,1.13,1.50
2012.06.21 10:46:54.944,1.01193,1.01205,1.13,2.63
2012.06.21 10:46:55.296,1.01189,1.01201,4.78,1.50
2012.06.21 10:46:56.217,1.0119,1.01204,1.88,2.25
2012.06.21 10:46:56.434,1.01192,1.01206,1.88,4.03
2012.06.21 10:46:56.562,1.01192,1.01205,1.88,1.50
2012.06.21 10:46:56.692,1.01192,1.01206,1.88,4.03
2012.06.21 10:46:57.076,1.01195,1.01208,1.88,3.75
2012.06.21 10:46:57.773,1.01195,1.01208,1.88,3.00
2012.06.21 10:46:58.750,1.01195,1.01209,3.38,3.29
2012.06.21 10:46:59.275,1.01195,1.01209,2.25,4.79
2012.06.21 10:46:59.344,1.01195,1.01207,2.25,2.25
2012.06.21 10:46:59.797,1.01195,1.01205,2.25,1.50
2012.06.21 10:47:00.356,1.01197,1.01208,2.63,2.25
2012.06.21 10:47:00.713,1.01208,1.01212,1.88,2.25
2012.06.21 10:47:01.053,1.01208,1.01222,2.63,1.50
2012.06.21 10:47:01.195,1.01208,1.0122,2.63,1.50
2012.06.21 10:47:01.526,1.01205,1.01216,3.38,1.50
2012.06.21 10:47:02.143,1.01205,1.01214,1.88,2.25
2012.06.21 10:47:02.413,1.01202,1.01214,2.25,1.50
2012.06.21 10:47:03.161,1.01202,1.01215,2.25,1.50
2012.06.21 10:47:04.273,1.01202,1.01215,2.25,2.25
2012.06.21 10:47:05.271,1.01202,1.01215,2.25,1.50
2012.06.21 10:47:05.736,1.01202,1.01213,1.88,2.25
2012.06.21 10:47:06.061,1.01202,1.01211,1.88,3.00
2012.06.21 10:47:06.390,1.01202,1.0121,1.88,1.50
2012.06.21 10:47:06.651,1.01202,1.01211,1.88,3.00
2012.06.21 10:47:06.922,1.01202,1.01211,1.88,3.00
2012.06.21 10:47:07.300,1.01202,1.0121,1.88,1.50
2012.06.21 10:47:07.371,1.012,1.01211,1.88,3.00
2012.06.21 10:47:07.976,1.01201,1.01214,1.88,1.50
2012.06.21 10:47:08.045,1.01205,1.01214,1.88,1.50
2012.06.21 10:47:08.183,1.01205,1.01217,1.88,2.25
2012.06.21 10:47:08.685,1.01205,1.01218,1.88,1.50
2012.06.21 10:47:15.703,1.0121,1.01218,1.88,1.50
2012.06.21 10:47:16.124,1.0121,1.01223,1.88,1.78
2012.06.21 10:47:16.475,1.01213,1.01222,1.88,2.25
2012.06.21 10:47:16.620,1.01213,1.01226,1.88,5.25
2012.06.21 10:47:16.888,1.01213,1.01226,3.38,3.08
2012.06.21 10:47:16.966,1.01211,1.01224,3.38,1.50
2012.06.21 10:47:17.298,1.01211,1.01224,1.88,2.25
2012.06.21 10:47:17.777,1.01213,1.01225,1.88,1.50
2012.06.21 10:47:18.185,1.01213,1.01227,1.88,4.13
2012.06.21 10:47:19.142,1.01214,1.01228,1.88,1.50
2012.06.21 10:47:19.582,1.01214,1.01224,1.88,1.50
2012.06.21 10:47:20.544,1.01214,1.01226,2.63,1.50
2012.06.21 10:47:22.554,1.01214,1.01227,2.63,1.50
2012.06.21 10:47:23.255,1.01214,1.01225,1.88,3.00
2012.06.21 10:47:23.323,1.01214,1.01225,1.88,1.50
2012.06.21 10:47:25.740,1.01214,1.01225,1.88,2.25
2012.06.21 10:47:25.810,1.01214,1.01224,1.88,1.50
2012.06.21 10:47:27.139,1.01214,1.01225,1.88,1.50
2012.06.21 10:47:27.873,1.01212,1.01225,2.25,1.50
2012.06.21 10:47:28.293,1.01212,1.01225,2.25,3.00
2012.06.21 10:47:28.492,1.01211,1.01225,3.75,4.13
2012.06.21 10:47:28.624,1.01211,1.01223,3.75,1.50
2012.06.21 10:47:28.836,1.01211,1.01222,1.88,1.50
2012.06.21 10:47:29.315,1.01211,1.01222,1.88,1.96
2012.06.21 10:47:29.389,1.01211,1.01222,1.88,3.00
2012.06.21 10:47:29.907,1.01211,1.01221,1.88,1.50
2012.06.21 10:47:33.215,1.01209,1.01221,2.25,1.50
2012.06.21 10:47:33.285,1.01209,1.01221,2.25,3.66
2012.06.21 10:47:33.624,1.01202,1.01213,1.13,1.88
2012.06.21 10:47:33.694,1.01201,1.01213,1.88,1.88
2012.06.21 10:47:33.907,1.01202,1.0121,2.63,1.50
2012.06.21 10:47:33.985,1.01202,1.01214,1.88,2.25
2012.06.21 10:47:34.522,1.01202,1.01214,2.63,1.50
2012.06.21 10:47:34.594,1.01203,1.01216,1.50,3.38
2012.06.21 10:47:35.230,1.01204,1.01217,1.88,1.13
2012.06.21 10:47:35.304,1.01204,1.01218,1.88,3.75
2012.06.21 10:47:35.813,1.01204,1.01216,1.88,1.50
2012.06.21 10:47:36.023,1.01202,1.01216,1.50,4.13
2012.06.21 10:47:36.164,1.012,1.01212,1.88,1.50
2012.06.21 10:47:38.071,1.012,1.01214,3.38,3.38
2012.06.21 10:47:42.334,1.01203,1.01214,1.88,1.50
2012.06.21 10:47:42.684,1.01209,1.01214,1.88,1.50
2012.06.21 10:47:43.035,1.01213,1.01223,2.25,2.63
2012.06.21 10:47:43.389,1.01217,1.01221,1.88,1.50
2012.06.21 10:47:43.606,1.01217,1.0123,1.88,2.25
2012.06.21 10:47:43.677,1.01215,1.01226,2.63,1.50
2012.06.21 10:47:43.826,1.01215,1.01228,1.88,1.50
2012.06.21 10:47:43.907,1.01215,1.01228,1.88,1.88
2012.06.21 10:47:43.984,1.01215,1.01228,1.88,1.13
2012.06.21 10:47:44.122,1.01215,1.01227,1.88,1.50
2012.06.21 10:47:44.325,1.01215,1.01228,1.88,1.88
2012.06.21 10:47:44.883,1.01215,1.01227,1.88,2.25
2012.06.21 10:47:45.999,1.01215,1.01227,1.88,2.25
2012.06.21 10:47:46.412,1.01215,1.01227,1.88,3.75
2012.06.21 10:47:46.949,1.01215,1.01227,1.88,3.00
2012.06.21 10:47:47.026,1.01212,1.01226,4.50,2.63
2012.06.21 10:47:47.108,1.01212,1.01224,4.50,1.50
2012.06.21 10:47:47.466,1.0121,1.01222,1.88,1.96
2012.06.21 10:47:47.536,1.0121,1.01222,1.50,3.83
2012.06.21 10:47:48.074,1.01206,1.01218,3.75,1.50
2012.06.21 10:47:48.627,1.01204,1.01216,1.50,4.13
2012.06.21 10:47:48.703,1.01204,1.01216,1.50,4.13
2012.06.21 10:47:48.773,1.01202,1.01216,4.88,4.13
2012.06.21 10:47:49.284,1.01202,1.01216,3.75,4.88
2012.06.21 10:47:49.544,1.01202,1.01215,3.75,1.50
2012.06.21 10:47:49.614,1.01202,1.01215,3.75,1.50
2012.06.21 10:47:50.157,1.01202,1.01216,3.75,4.88
2012.06.21 10:47:51.105,1.01202,1.01213,1.88,1.88
2012.06.21 10:47:51.433,1.01198,1.0121,1.88,1.88
2012.06.21 10:47:51.503,1.01198,1.0121,1.88,1.88
2012.06.21 10:47:51.714,1.01196,1.01209,2.25,2.25
2012.06.21 10:47:51.843,1.01196,1.01208,2.25,1.50
2012.06.21 10:47:52.102,1.01196,1.01208,2.25,1.50
2012.06.21 10:47:52.315,1.01196,1.01208,3.75,1.50
2012.06.21 10:47:52.453,1.012,1.01213,1.88,3.83
2012.06.21 10:47:52.660,1.012,1.01213,1.50,1.13
2012.06.21 10:47:52.734,1.012,1.01213,1.88,1.88
2012.06.21 10:47:53.281,1.01201,1.01214,1.88,2.25
2012.06.21 10:47:53.880,1.01201,1.01214,1.88,1.50
2012.06.21 10:47:56.001,1.012,1.01214,1.88,3.75
2012.06.21 10:47:59.596,1.01198,1.01213,2.25,2.63
2012.06.21 10:47:59.951,1.01198,1.01211,2.25,1.50
2012.06.21 10:48:00.288,1.01204,1.01213,1.88,1.13
2012.06.21 10:48:00.363,1.01204,1.01215,1.88,1.78
2012.06.21 10:48:00.509,1.01208,1.01219,1.88,2.10
2012.06.21 10:48:01.064,1.01207,1.01218,1.88,1.50
2012.06.21 10:48:02.044,1.01207,1.0122,1.88,1.58
2012.06.21 10:48:02.558,1.01207,1.01218,1.88,1.50
2012.06.21 10:48:03.022,1.01205,1.01218,2.25,1.50
2012.06.21 10:48:03.554,1.01205,1.01218,2.25,3.00
2012.06.21 10:48:03.752,1.01205,1.01218,2.25,2.25
2012.06.21 10:48:04.021,1.01207,1.0122,1.88,2.63
2012.06.21 10:48:04.522,1.01207,1.0122,1.88,2.63
2012.06.21 10:48:06.153,1.01207,1.0122,1.88,3.08
2012.06.21 10:48:07.030,1.01207,1.01219,1.88,1.50
2012.06.21 10:48:07.607,1.01207,1.0122,1.88,2.71
2012.06.21 10:48:08.205,1.01207,1.01218,1.88,1.50
2012.06.21 10:48:10.384,1.01207,1.01216,1.88,1.50
2012.06.21 10:48:10.456,1.01205,1.01216,2.25,1.50
2012.06.21 10:48:11.018,1.01202,1.01216,1.88,2.71
2012.06.21 10:48:11.224,1.01202,1.01214,1.50,1.88
2012.06.21 10:48:11.296,1.012,1.01213,2.25,1.50
2012.06.21 10:48:12.206,1.012,1.01213,2.25,3.46
2012.06.21 10:48:13.001,1.012,1.01211,1.88,1.50
2012.06.21 10:48:13.542,1.012,1.01212,1.88,1.21
2012.06.21 10:48:14.072,1.012,1.01212,1.88,1.21
2012.06.21 10:48:15.953,1.012,1.01212,1.88,1.21
2012.06.21 10:48:18.105,1.012,1.01212,1.88,1.21
2012.06.21 10:48:19.130,1.012,1.01212,1.88,1.21
2012.06.21 10:48:20.175,1.012,1.01212,1.88,1.21
2012.06.21 10:48:20.443,1.012,1.0121,1.88,1.50
2012.06.21 10:48:21.423,1.01197,1.0121,2.25,1.50
2012.06.21 10:48:21.904,1.01197,1.0121,2.25,2.25
2012.06.21 10:48:22.034,1.01197,1.0121,2.25,2.25
2012.06.21 10:48:24.143,1.01197,1.0121,2.25,2.25
2012.06.21 10:48:24.943,1.01197,1.0121,2.25,1.50
2012.06.21 10:48:25.026,1.01203,1.01212,1.88,2.25
2012.06.21 10:48:25.449,1.01207,1.01218,1.50,2.53
2012.06.21 10:48:25.809,1.01207,1.0122,1.50,1.13
2012.06.21 10:48:26.143,1.01206,1.01219,2.25,2.25
2012.06.21 10:48:26.214,1.01206,1.01219,2.25,1.50
2012.06.21 10:48:26.424,1.01206,1.01221,4.13,2.71
2012.06.21 10:48:26.562,1.01209,1.01221,1.88,1.50
2012.06.21 10:48:26.773,1.01209,1.01223,3.38,3.75
2012.06.21 10:48:26.972,1.01209,1.01222,1.88,3.00
2012.06.21 10:48:27.311,1.01209,1.01219,1.88,1.50
2012.06.21 10:48:29.545,1.01209,1.0122,1.88,3.00
2012.06.21 10:48:30.206,1.01209,1.01221,1.88,1.50
2012.06.21 10:48:32.730,1.01209,1.01221,1.88,2.25
2012.06.21 10:48:32.801,1.01209,1.01222,1.88,3.00
2012.06.21 10:48:33.137,1.01211,1.01222,1.88,2.25
2012.06.21 10:48:33.492,1.01213,1.01224,1.88,1.50
2012.06.21 10:48:34.031,1.01213,1.01225,1.88,2.25
2012.06.21 10:48:35.185,1.01213,1.01225,1.88,2.25
2012.06.21 10:48:36.086,1.01213,1.01225,1.88,1.50
2012.06.21 10:48:36.604,1.01213,1.01225,1.88,2.25
2012.06.21 10:48:37.246,1.01213,1.01225,1.88,1.50
2012.06.21 10:48:41.536,1.01209,1.01222,1.50,3.38
2012.06.21 10:48:41.884,1.01208,1.0122,1.88,1.50
2012.06.21 10:48:42.400,1.01208,1.01221,1.88,1.50
2012.06.21 10:48:43.671,1.01208,1.01219,1.88,1.50
2012.06.21 10:48:45.201,1.01208,1.01221,1.88,2.25
2012.06.21 10:48:47.003,1.01208,1.01221,1.88,2.63
2012.06.21 10:48:47.290,1.01211,1.01224,1.88,1.13
2012.06.21 10:48:48.025,1.01211,1.01225,3.38,4.88
2012.06.21 10:48:48.296,1.01208,1.01222,5.63,1.88
2012.06.21 10:48:48.621,1.01208,1.01221,4.13,1.50
2012.06.21 10:48:49.933,1.01208,1.01222,4.13,3.38
2012.06.21 10:48:50.484,1.01208,1.01222,4.13,2.25
2012.06.21 10:48:51.111,1.01209,1.01224,2.63,3.00
2012.06.21 10:48:51.670,1.01209,1.01224,2.63,3.00
2012.06.21 10:48:52.611,1.01209,1.01223,2.63,1.13
2012.06.21 10:48:53.150,1.01211,1.01224,2.25,4.78
2012.06.21 10:48:53.509,1.01226,1.01231,1.88,2.93
2012.06.21 10:48:53.659,1.01229,1.01233,1.88,1.13
2012.06.21 10:48:53.742,1.01232,1.01237,1.88,1.43
2012.06.21 10:48:53.821,1.01232,1.01236,1.88,1.50
2012.06.21 10:48:53.900,1.01232,1.01241,1.88,1.50
2012.06.21 10:48:54.046,1.01232,1.01244,1.88,3.00
2012.06.21 10:48:54.541,1.0123,1.01242,1.50,1.50
2012.06.21 10:48:54.699,1.01226,1.0124,4.13,3.38
2012.06.21 10:48:54.847,1.01226,1.01238,2.63,1.88
2012.06.21 10:48:56.261,1.01224,1.01238,1.50,1.88
2012.06.21 10:48:56.589,1.01221,1.01235,2.25,1.50
2012.06.21 10:48:56.864,1.01219,1.01233,3.38,3.75
2012.06.21 10:48:56.934,1.01219,1.01231,1.88,1.50
2012.06.21 10:48:57.443,1.01218,1.01231,2.77,1.50
2012.06.21 10:48:57.795,1.01224,1.01235,1.88,3.66
2012.06.21 10:48:57.933,1.01224,1.01236,1.88,2.25
2012.06.21 10:48:59.142,1.01224,1.01234,1.88,1.50
2012.06.21 10:48:59.355,1.01222,1.01236,2.25,6.83
2012.06.21 10:48:59.634,1.0122,1.01232,1.88,1.50
2012.06.21 10:48:59.973,1.01224,1.01235,1.88,4.50
2012.06.21 10:49:00.319,1.01227,1.01236,1.88,1.88
2012.06.21 10:49:00.606,1.01229,1.01241,1.50,2.25
2012.06.21 10:49:01.157,1.01229,1.01241,1.50,2.25
2012.06.21 10:49:01.821,1.01227,1.01241,4.13,2.25
2012.06.21 10:49:01.899,1.01231,1.01241,1.50,2.25
2012.06.21 10:49:01.976,1.01231,1.01241,1.50,1.88
2012.06.21 10:49:02.677,1.01228,1.01237,1.13,1.50
2012.06.21 10:49:02.759,1.01223,1.01237,3.38,3.75
2012.06.21 10:49:02.833,1.01227,1.01237,1.88,1.50
2012.06.21 10:49:03.114,1.01227,1.0124,2.63,1.50
2012.06.21 10:49:03.255,1.01229,1.01241,1.50,2.63
2012.06.21 10:49:03.463,1.01227,1.01241,4.88,3.75
2012.06.21 10:49:05.175,1.01227,1.01239,3.38,1.50
2012.06.21 10:49:05.388,1.01224,1.01238,4.88,1.50
2012.06.21 10:49:05.944,1.01224,1.01238,1.50,3.75
2012.06.21 10:49:07.043,1.01224,1.01238,2.53,3.75
2012.06.21 10:49:11.133,1.01225,1.0124,3.38,3.75
2012.06.21 10:49:11.537,1.01226,1.0124,3.00,2.25
2012.06.21 10:49:12.893,1.01226,1.01241,4.88,2.63
2012.06.21 10:49:13.390,1.01226,1.01239,2.63,1.50
2012.06.21 10:49:14.724,1.01227,1.01241,1.50,4.13
2012.06.21 10:49:15.293,1.01227,1.01238,1.50,1.88
2012.06.21 10:49:15.573,1.01225,1.01238,3.00,1.88
2012.06.21 10:49:16.122,1.01225,1.01237,1.50,1.50
2012.06.21 10:49:16.696,1.01225,1.01238,3.00,1.88
2012.06.21 10:49:18.106,1.01227,1.01241,1.50,6.00
2012.06.21 10:49:18.745,1.01228,1.01241,1.50,2.25
2012.06.21 10:49:22.042,1.01227,1.01241,2.25,3.75
2012.06.21 10:49:22.355,1.01226,1.01239,1.13,1.50
2012.06.21 10:49:22.861,1.01226,1.01241,2.25,4.50
2012.06.21 10:49:23.374,1.01228,1.01242,1.50,1.50
2012.06.21 10:49:28.384,1.01227,1.01241,4.13,1.88
2012.06.21 10:49:28.570,1.01225,1.0124,3.00,1.50
2012.06.21 10:49:29.404,1.01227,1.0124,1.88,1.50
2012.06.21 10:49:29.615,1.01229,1.01243,1.50,3.38
2012.06.21 10:49:31.325,1.01228,1.01239,1.13,1.88
2012.06.21 10:49:31.852,1.01225,1.01239,1.88,3.38
2012.06.21 10:49:32.203,1.01227,1.01239,1.50,1.88
2012.06.21 10:49:34.135,1.01225,1.01239,1.88,3.38
2012.06.21 10:49:42.760,1.01225,1.01239,1.88,3.38
2012.06.21 10:49:45.798,1.01227,1.01239,1.50,1.88
2012.06.21 10:49:47.082,1.01227,1.01241,1.50,3.75
2012.06.21 10:49:47.776,1.01229,1.01241,1.50,2.25
2012.06.21 10:49:48.120,1.01232,1.01244,2.85,4.96
2012.06.21 10:49:48.339,1.01237,1.01251,1.50,5.25
2012.06.21 10:49:48.630,1.01235,1.01249,4.88,1.50
2012.06.21 10:49:49.048,1.01234,1.01248,3.00,3.38
2012.06.21 10:49:49.130,1.01234,1.01246,2.25,1.50
2012.06.21 10:49:51.604,1.0123,1.01246,5.25,3.38
2012.06.21 10:49:51.675,1.0123,1.01244,3.00,1.50
2012.06.21 10:49:55.003,1.01235,1.01244,1.88,1.50
2012.06.21 10:49:55.075,1.01235,1.01247,1.88,3.28
2012.06.21 10:49:55.212,1.01238,1.01248,1.88,2.25
2012.06.21 10:49:55.603,1.01239,1.01252,2.25,2.25
2012.06.21 10:49:55.945,1.0124,1.01253,1.88,1.50
2012.06.21 10:49:56.617,1.0124,1.01256,5.63,4.50
2012.06.21 10:49:56.697,1.01242,1.01256,1.50,3.00
2012.06.21 10:49:57.632,1.01242,1.01256,1.50,2.71
2012.06.21 10:49:58.133,1.01243,1.01257,1.88,3.46
2012.06.21 10:49:59.135,1.01243,1.01257,2.25,2.63
2012.06.21 10:49:59.642,1.01244,1.01257,1.50,1.88
2012.06.21 10:50:00.282,1.01244,1.0126,3.75,6.46
2012.06.21 10:50:01.127,1.01248,1.0126,1.88,2.33
2012.06.21 10:50:01.551,1.01248,1.0126,1.88,1.96
2012.06.21 10:50:01.763,1.01248,1.01261,1.88,2.33
2012.06.21 10:50:03.885,1.01251,1.01261,1.88,1.88
2012.06.21 10:50:04.094,1.01251,1.01264,1.88,3.08
2012.06.21 10:50:04.373,1.01251,1.01265,1.88,1.13
2012.06.21 10:50:05.083,1.01253,1.01266,1.88,2.71
2012.06.21 10:50:05.644,1.01251,1.01263,1.88,1.50
2012.06.21 10:50:07.287,1.01247,1.01259,1.88,3.83
2012.06.21 10:50:07.649,1.01245,1.01252,1.50,3.00
2012.06.21 10:50:08.006,1.01238,1.01245,1.43,1.50
2012.06.21 10:50:08.215,1.01241,1.01247,1.50,1.50
2012.06.21 10:50:08.355,1.01237,1.01247,1.50,1.50
2012.06.21 10:50:08.426,1.01234,1.01248,4.13,3.00
2012.06.21 10:50:08.935,1.01237,1.01248,1.50,1.50
2012.06.21 10:50:09.251,1.01237,1.01244,1.50,1.50
2012.06.21 10:50:09.322,1.01237,1.01247,1.50,1.50
2012.06.21 10:50:09.391,1.01237,1.01248,1.50,1.50
2012.06.21 10:50:09.522,1.01237,1.01248,1.50,1.50
2012.06.21 10:50:09.784,1.01237,1.01248,1.50,1.50
2012.06.21 10:50:09.858,1.01237,1.01244,1.50,1.88
2012.06.21 10:50:09.937,1.01237,1.01247,1.50,2.63
2012.06.21 10:50:10.159,1.01237,1.01247,1.50,3.38
2012.06.21 10:50:10.239,1.01234,1.01247,1.50,3.83
2012.06.21 10:50:10.741,1.01233,1.01247,3.38,3.75
2012.06.21 10:50:11.234,1.01233,1.01247,3.38,4.96
2012.06.21 10:50:12.222,1.01233,1.01244,3.38,1.50
2012.06.21 10:50:12.735,1.01233,1.01244,3.38,1.50
2012.06.21 10:50:12.946,1.0123,1.01241,2.25,1.88
2012.06.21 10:50:13.156,1.01227,1.0124,1.88,1.88
2012.06.21 10:50:13.296,1.01227,1.01237,1.50,1.88
2012.06.21 10:50:13.718,1.01222,1.01236,1.50,2.25
2012.06.21 10:50:13.799,1.01224,1.01237,1.50,1.88
2012.06.21 10:50:14.673,1.01225,1.01239,1.50,3.75
2012.06.21 10:50:15.937,1.01227,1.01238,1.88,1.13
2012.06.21 10:50:16.288,1.01229,1.01241,1.50,4.50
2012.06.21 10:50:16.785,1.01228,1.01239,2.63,1.50
2012.06.21 10:50:16.922,1.01228,1.01241,2.63,1.50
2012.06.21 10:50:16.992,1.01228,1.01242,2.63,2.53
2012.06.21 10:50:17.533,1.01227,1.01241,1.50,2.63
2012.06.21 10:50:18.144,1.01225,1.01241,3.75,3.38
2012.06.21 10:50:18.287,1.01225,1.0124,3.75,3.75
2012.06.21 10:50:18.934,1.01225,1.01235,1.88,1.50
2012.06.21 10:50:19.004,1.01225,1.01238,1.88,3.38
2012.06.21 10:50:19.529,1.01226,1.01239,1.50,1.13
2012.06.21 10:50:19.746,1.01228,1.01239,1.50,1.13
2012.06.21 10:50:20.314,1.01229,1.01241,1.88,1.88
2012.06.21 10:50:20.866,1.01229,1.01242,1.88,4.41
2012.06.21 10:50:21.524,1.01229,1.01242,1.88,2.63
2012.06.21 10:50:24.712,1.01229,1.01242,1.88,3.00
2012.06.21 10:50:27.034,1.01228,1.01241,1.50,2.25
2012.06.21 10:50:27.353,1.01227,1.0124,1.88,2.25
2012.06.21 10:50:32.953,1.01227,1.01238,1.88,2.25
2012.06.21 10:50:33.673,1.01229,1.01241,1.88,3.75
2012.06.21 10:50:33.742,1.01229,1.01241,1.88,3.00
2012.06.21 10:50:34.805,1.01231,1.01241,1.88,1.50
2012.06.21 10:50:35.362,1.01231,1.01245,1.88,2.63
2012.06.21 10:50:35.905,1.01232,1.01245,1.50,1.88
2012.06.21 10:50:36.526,1.01231,1.01244,1.88,1.50
2012.06.21 10:50:38.886,1.01231,1.01245,3.38,1.13
2012.06.21 10:50:39.337,1.01233,1.01247,1.50,3.00
2012.06.21 10:50:39.677,1.01231,1.01247,3.75,3.38
2012.06.21 10:50:40.192,1.01237,1.01247,1.88,1.50
2012.06.21 10:50:40.545,1.01241,1.01256,5.63,1.13
2012.06.21 10:50:40.684,1.01245,1.01257,1.88,1.88
2012.06.21 10:50:40.825,1.01247,1.01259,1.88,1.88
2012.06.21 10:50:41.373,1.01246,1.01259,1.50,3.00
2012.06.21 10:50:41.724,1.01243,1.01255,3.28,1.50
2012.06.21 10:50:41.984,1.01242,1.01254,1.88,2.25
2012.06.21 10:50:42.054,1.01239,1.01252,3.75,3.38
2012.06.21 10:50:42.441,1.01239,1.01252,1.13,3.38
2012.06.21 10:50:48.214,1.01237,1.01251,1.13,3.00
2012.06.21 10:50:48.523,1.01237,1.01249,1.13,1.50
2012.06.21 10:50:49.066,1.01242,1.01249,1.50,1.50
2012.06.21 10:50:49.211,1.01241,1.01254,2.25,1.88
2012.06.21 10:50:49.638,1.01241,1.01251,2.63,1.50
2012.06.21 10:50:49.929,1.01238,1.01249,1.88,1.50
2012.06.21 10:50:50.708,1.01235,1.0125,4.35,2.63
2012.06.21 10:50:51.144,1.01235,1.01245,1.88,1.50
2012.06.21 10:50:51.221,1.01232,1.01244,2.48,1.50
2012.06.21 10:50:51.439,1.01232,1.01241,1.88,2.48
2012.06.21 10:50:51.795,1.01224,1.01234,1.50,1.50
2012.06.21 10:50:52.075,1.01223,1.01235,3.38,1.50
2012.06.21 10:50:52.837,1.01221,1.01235,5.63,3.00
2012.06.21 10:50:52.919,1.01224,1.01235,1.50,1.50
2012.06.21 10:50:53.064,1.01224,1.01236,1.50,1.13
2012.06.21 10:50:53.276,1.01227,1.01238,1.88,2.63
2012.06.21 10:50:53.616,1.01227,1.01235,1.88,1.50
2012.06.21 10:50:53.756,1.01227,1.01239,1.88,1.50
2012.06.21 10:50:55.633,1.01228,1.0124,1.88,3.38
2012.06.21 10:50:55.895,1.01226,1.01237,1.50,1.88
2012.06.21 10:50:55.966,1.01223,1.01237,7.50,1.88
2012.06.21 10:50:56.106,1.01223,1.01234,3.38,2.63
2012.06.21 10:50:56.251,1.0122,1.01233,2.63,1.50
2012.06.21 10:50:56.814,1.0122,1.01232,1.88,1.50
2012.06.21 10:50:56.943,1.0122,1.01234,1.88,6.38
2012.06.21 10:50:57.974,1.0122,1.01234,1.88,4.88
2012.06.21 10:50:58.325,1.01223,1.01233,1.88,2.63
2012.06.21 10:50:59.069,1.01228,1.01237,1.88,2.63
2012.06.21 10:50:59.145,1.01225,1.01237,1.88,2.63
2012.06.21 10:50:59.287,1.01222,1.01236,1.88,4.13
2012.06.21 10:50:59.505,1.01222,1.01234,1.88,3.00
2012.06.21 10:51:00.134,1.01222,1.01234,1.88,3.00
2012.06.21 10:51:00.275,1.01217,1.0123,1.88,1.88
2012.06.21 10:51:00.413,1.01216,1.0123,3.75,1.88
2012.06.21 10:51:00.552,1.01215,1.01228,1.13,1.88
2012.06.21 10:51:00.883,1.01214,1.01228,2.63,2.63
2012.06.21 10:51:00.952,1.01214,1.01228,2.63,1.88
2012.06.21 10:51:01.542,1.01216,1.01228,1.50,1.88
2012.06.21 10:51:01.792,1.01216,1.0123,3.38,1.88
2012.06.21 10:51:01.866,1.01221,1.01232,1.88,3.75
2012.06.21 10:51:02.215,1.01223,1.01235,1.88,3.75
2012.06.21 10:51:02.563,1.01226,1.01235,1.88,2.25
2012.06.21 10:51:02.777,1.01226,1.0124,1.88,3.00
2012.06.21 10:51:03.213,1.01228,1.0124,1.88,1.13
2012.06.21 10:51:03.288,1.01231,1.01243,1.88,1.50
2012.06.21 10:51:08.350,1.01228,1.01242,1.50,3.00
2012.06.21 10:51:08.823,1.0123,1.01242,1.88,2.25
2012.06.21 10:51:09.843,1.0123,1.01241,1.88,1.13
2012.06.21 10:51:12.063,1.01228,1.01242,1.50,5.63
2012.06.21 10:51:12.135,1.0123,1.01242,1.50,2.63
2012.06.21 10:51:12.277,1.01226,1.0124,3.38,2.25
2012.06.21 10:51:12.472,1.01225,1.01238,1.88,2.25
2012.06.21 10:51:12.795,1.01225,1.01232,1.88,1.50
2012.06.21 10:51:12.937,1.01225,1.01238,1.88,2.25
2012.06.21 10:51:13.005,1.01225,1.01238,1.88,1.50
2012.06.21 10:51:13.133,1.01227,1.0124,1.88,2.63
2012.06.21 10:51:16.487,1.01226,1.01239,1.50,1.88
2012.06.21 10:51:16.613,1.01224,1.01238,3.00,1.50
2012.06.21 10:51:23.231,1.01231,1.0124,1.88,1.13
2012.06.21 10:51:23.447,1.01231,1.01242,1.88,1.50
2012.06.21 10:51:24.043,1.01229,1.01243,1.50,4.41
2012.06.21 10:51:24.767,1.01228,1.01242,1.50,3.00
2012.06.21 10:51:27.792,1.01228,1.01242,1.50,2.63
2012.06.21 10:51:29.834,1.01228,1.01242,1.50,2.25
2012.06.21 10:51:29.964,1.01226,1.0124,1.50,1.50
2012.06.21 10:51:30.379,1.01224,1.01235,4.50,1.88
2012.06.21 10:51:30.534,1.01221,1.01234,3.00,2.25
2012.06.21 10:51:30.609,1.01219,1.01232,1.88,1.50
2012.06.21 10:51:30.689,1.01219,1.0123,2.25,1.50
2012.06.21 10:51:31.496,1.01219,1.01232,1.88,1.50
2012.06.21 10:51:35.268,1.01219,1.01235,3.38,10.33
2012.06.21 10:51:36.234,1.01219,1.01235,4.13,4.96
2012.06.21 10:51:39.233,1.01219,1.01233,1.88,1.50
2012.06.21 10:51:41.411,1.01219,1.01229,1.88,2.25
2012.06.21 10:51:41.508,1.01201,1.01214,1.13,1.50
2012.06.21 10:51:41.590,1.01201,1.01211,1.13,1.88
2012.06.21 10:51:41.808,1.01197,1.01211,7.88,1.88
2012.06.21 10:51:42.095,1.01198,1.01211,1.50,1.88
2012.06.21 10:51:42.658,1.01198,1.01211,1.50,1.88
2012.06.21 10:51:44.107,1.01197,1.01211,3.38,1.88
2012.06.21 10:51:45.308,1.01197,1.01211,3.00,1.88
2012.06.21 10:51:45.920,1.01208,1.01221,1.88,4.26
2012.06.21 10:51:46.071,1.01212,1.01224,1.88,2.63
2012.06.21 10:51:46.216,1.0121,1.01224,1.50,1.88
2012.06.21 10:51:46.430,1.0121,1.01218,1.50,1.88
2012.06.21 10:51:46.648,1.01205,1.01216,1.88,1.50
2012.06.21 10:51:46.797,1.01199,1.01212,1.50,3.38
2012.06.21 10:51:47.074,1.01198,1.01212,4.50,3.38
2012.06.21 10:51:47.144,1.01198,1.0121,2.25,1.50
2012.06.21 10:51:47.872,1.01198,1.01212,2.25,1.88
2012.06.21 10:51:48.421,1.01198,1.01212,1.88,1.88
2012.06.21 10:51:49.996,1.01202,1.01213,1.88,3.28
2012.06.21 10:51:50.195,1.01202,1.01214,5.25,3.38
2012.06.21 10:51:50.403,1.01205,1.01216,1.50,3.66
2012.06.21 10:51:50.473,1.01205,1.01216,1.50,1.88
2012.06.21 10:51:50.544,1.01205,1.01218,1.50,2.25
2012.06.21 10:51:50.686,1.01204,1.01216,1.88,1.50
2012.06.21 10:51:53.696,1.01204,1.01218,1.88,3.00
2012.06.21 10:51:55.295,1.01204,1.01216,1.88,1.50
2012.06.21 10:51:56.604,1.01204,1.01218,1.88,2.63
2012.06.21 10:51:59.067,1.01207,1.01218,1.50,2.63
2012.06.21 10:52:10.794,1.01204,1.01218,2.25,1.88
2012.06.21 10:52:10.927,1.01202,1.01216,2.25,1.88
2012.06.21 10:52:11.586,1.01201,1.01213,1.50,1.88
2012.06.21 10:52:11.939,1.01203,1.01216,1.50,4.88
2012.06.21 10:52:12.557,1.01204,1.01216,1.50,2.63
2012.06.21 10:52:13.095,1.01202,1.01216,1.88,1.88
2012.06.21 10:52:16.369,1.01207,1.01218,1.88,3.83
2012.06.21 10:52:17.078,1.0121,1.01219,1.88,1.50
2012.06.21 10:52:17.167,1.0121,1.01224,3.38,2.63
2012.06.21 10:52:19.840,1.01215,1.01224,1.50,2.25
2012.06.21 10:52:20.197,1.01221,1.01236,1.50,7.03
2012.06.21 10:52:20.267,1.01223,1.01236,1.50,7.03
2012.06.21 10:52:20.743,1.01221,1.01233,1.13,1.50
2012.06.21 10:52:22.076,1.0122,1.01235,2.63,1.50
2012.06.21 10:52:22.764,1.01222,1.01236,1.50,4.13
2012.06.21 10:52:24.033,1.0122,1.01234,4.50,1.50
2012.06.21 10:52:25.406,1.0122,1.01234,3.75,1.50
2012.06.21 10:52:26.049,1.01222,1.01232,1.88,1.50
2012.06.21 10:52:26.129,1.01222,1.01235,1.88,3.83
2012.06.21 10:52:26.682,1.01222,1.01234,1.88,2.25
2012.06.21 10:52:28.553,1.01222,1.01235,1.88,2.25
2012.06.21 10:52:30.035,1.01222,1.01236,1.88,3.75
2012.06.21 10:52:30.822,1.01222,1.01236,1.88,3.00
2012.06.21 10:52:34.654,1.01219,1.01235,5.25,4.13
2012.06.21 10:52:43.494,1.01219,1.01232,1.13,3.38
2012.06.21 10:52:43.633,1.01217,1.01231,1.13,1.50
2012.06.21 10:52:44.146,1.01218,1.01232,1.50,4.96
2012.06.21 10:52:47.225,1.01219,1.01232,1.88,3.08
2012.06.21 10:52:49.620,1.01219,1.0123,1.88,1.78
2012.06.21 10:52:49.701,1.01216,1.01228,1.88,1.50
2012.06.21 10:52:50.268,1.01216,1.01227,1.88,1.21
2012.06.21 10:52:50.846,1.01216,1.01226,1.88,1.50
2012.06.21 10:52:51.062,1.01216,1.01226,1.88,1.96
2012.06.21 10:52:51.964,1.01215,1.01224,1.88,1.50
2012.06.21 10:52:52.527,1.01215,1.01226,1.88,2.71
2012.06.21 10:52:53.506,1.01215,1.01226,1.88,1.50
2012.06.21 10:52:55.132,1.01215,1.01226,1.88,2.71
2012.06.21 10:52:55.653,1.01215,1.01225,1.88,2.71
2012.06.21 10:53:01.512,1.01215,1.01226,1.88,2.71
2012.06.21 10:53:02.979,1.01215,1.01229,1.88,5.33
2012.06.21 10:53:03.060,1.01217,1.01229,1.88,1.13
2012.06.21 10:53:03.476,1.01219,1.01231,1.88,1.78
2012.06.21 10:53:03.615,1.01219,1.01233,1.88,1.96
2012.06.21 10:53:05.125,1.01219,1.01233,1.88,1.96
2012.06.21 10:53:11.613,1.01219,1.01233,1.88,3.08
2012.06.21 10:53:15.613,1.01218,1.01231,1.88,1.50
2012.06.21 10:53:21.539,1.0122,1.01232,1.78,2.33
2012.06.21 10:53:21.897,1.01228,1.01235,1.88,1.50
2012.06.21 10:53:22.246,1.01231,1.01235,1.88,1.50
2012.06.21 10:53:22.321,1.01231,1.01244,1.88,1.50
2012.06.21 10:53:22.538,1.01234,1.01247,1.88,2.33
2012.06.21 10:53:23.280,1.01235,1.01248,1.88,1.13
2012.06.21 10:53:23.363,1.01235,1.01249,1.88,1.88
2012.06.21 10:53:23.513,1.01234,1.01247,1.50,1.50
2012.06.21 10:53:24.074,1.01232,1.01246,2.25,1.88
2012.06.21 10:53:24.624,1.01232,1.01245,2.25,1.50
2012.06.21 10:53:26.596,1.01232,1.01246,3.75,4.88
2012.06.21 10:53:26.724,1.01234,1.01246,1.88,1.50
2012.06.21 10:53:26.868,1.01234,1.01248,3.38,3.00
2012.06.21 10:53:26.940,1.01234,1.01248,3.38,1.88
2012.06.21 10:53:28.370,1.01237,1.01249,1.88,1.13
2012.06.21 10:53:28.449,1.01237,1.0125,1.88,2.63
2012.06.21 10:53:28.529,1.01239,1.0125,1.88,1.88
2012.06.21 10:53:29.094,1.01239,1.01251,1.88,1.50
2012.06.21 10:53:30.395,1.01236,1.01247,1.13,1.88
2012.06.21 10:53:30.887,1.01233,1.01246,3.38,1.50
2012.06.21 10:53:31.239,1.01233,1.01244,2.63,1.50
2012.06.21 10:53:38.406,1.01233,1.01247,2.63,3.38
2012.06.21 10:53:40.215,1.01233,1.01247,1.88,3.38
2012.06.21 10:53:40.683,1.01233,1.01245,1.88,1.50
2012.06.21 10:53:41.074,1.01233,1.01243,1.88,1.50
2012.06.21 10:53:41.143,1.01231,1.01243,2.63,1.50
2012.06.21 10:53:43.524,1.01231,1.01242,2.63,1.50
2012.06.21 10:53:43.596,1.01231,1.0124,2.63,1.50
2012.06.21 10:53:44.208,1.0123,1.01242,2.63,1.50
2012.06.21 10:53:44.496,1.0123,1.01244,4.13,3.46
2012.06.21 10:53:45.144,1.0123,1.01242,3.23,1.50
2012.06.21 10:53:47.758,1.0123,1.01245,4.88,4.21
2012.06.21 10:53:48.293,1.0123,1.01245,4.88,4.21
2012.06.21 10:53:52.325,1.0123,1.01244,5.25,1.50
2012.06.21 10:53:53.015,1.0123,1.01243,3.00,1.50
2012.06.21 10:53:54.844,1.01233,1.01243,1.88,1.50
2012.06.21 10:53:54.916,1.01233,1.01245,1.88,3.46
2012.06.21 10:53:55.530,1.01233,1.01247,1.88,3.83
2012.06.21 10:53:55.607,1.01236,1.01248,1.88,1.50
2012.06.21 10:53:55.958,1.01236,1.0125,1.88,1.13
2012.06.21 10:53:56.224,1.01238,1.01252,1.50,4.13
2012.06.21 10:53:56.424,1.01238,1.01252,1.50,4.13
2012.06.21 10:53:56.495,1.01241,1.01252,1.88,2.25
2012.06.21 10:53:56.763,1.01238,1.01252,4.13,1.50
2012.06.21 10:53:56.895,1.01238,1.0125,2.63,1.50
2012.06.21 10:53:57.843,1.01238,1.0125,1.88,1.96
2012.06.21 10:53:58.756,1.01238,1.01251,1.88,3.08
2012.06.21 10:53:59.104,1.01238,1.01246,1.88,1.50
2012.06.21 10:53:59.846,1.01236,1.01246,1.88,1.50
2012.06.21 10:54:06.306,1.01236,1.01249,1.88,1.96
2012.06.21 10:54:06.854,1.01236,1.01249,1.88,1.96
2012.06.21 10:54:06.925,1.01236,1.01249,1.88,1.96
2012.06.21 10:54:07.074,1.01234,1.01249,5.25,1.96
2012.06.21 10:54:09.793,1.01234,1.01247,3.00,1.50
2012.06.21 10:54:10.046,1.01234,1.01244,3.00,1.50
2012.06.21 10:54:10.853,1.01236,1.01244,1.88,1.50
2012.06.21 10:54:10.928,1.01236,1.01246,1.88,1.50
2012.06.21 10:54:11.006,1.01236,1.01249,1.88,1.58
2012.06.21 10:54:11.789,1.01239,1.01249,1.88,1.21
2012.06.21 10:54:11.869,1.01239,1.01251,1.88,1.50
2012.06.21 10:54:12.232,1.01241,1.01255,3.38,8.16
2012.06.21 10:54:12.798,1.01241,1.01253,1.88,1.50
2012.06.21 10:54:12.939,1.01246,1.01256,1.88,1.88
2012.06.21 10:54:13.296,1.01246,1.01259,1.88,2.63
2012.06.21 10:54:14.167,1.01245,1.01256,1.50,1.21
2012.06.21 10:54:14.262,1.0124,1.01254,1.88,2.25
2012.06.21 10:54:15.825,1.0124,1.01254,2.63,2.25
2012.06.21 10:54:15.895,1.0124,1.01254,2.63,2.25
2012.06.21 10:54:18.088,1.01242,1.01256,3.38,2.71
2012.06.21 10:54:18.236,1.01242,1.01256,2.63,1.96
2012.06.21 10:54:18.921,1.01245,1.01256,1.50,2.71
2012.06.21 10:54:19.845,1.01242,1.01254,3.38,1.21
2012.06.21 10:54:19.917,1.0124,1.01254,1.13,2.71
2012.06.21 10:54:19.985,1.0124,1.01254,1.13,4.21
2012.06.21 10:54:22.153,1.0124,1.01252,1.13,1.50
2012.06.21 10:54:23.066,1.0124,1.01252,1.13,1.50
2012.06.21 10:54:23.598,1.01242,1.01253,1.50,2.33
2012.06.21 10:54:23.945,1.01242,1.01251,1.50,1.50
2012.06.21 10:54:24.548,1.01243,1.01251,1.50,1.50
2012.06.21 10:54:27.154,1.0124,1.01251,1.13,1.50
2012.06.21 10:54:27.755,1.01241,1.01251,1.50,1.96
2012.06.21 10:54:27.896,1.01242,1.01251,1.50,1.50
2012.06.21 10:54:28.386,1.01239,1.0125,1.50,1.50
2012.06.21 10:54:28.526,1.01237,1.0125,4.88,1.50
2012.06.21 10:54:28.734,1.01239,1.0125,1.50,1.50
2012.06.21 10:54:30.335,1.01239,1.01252,1.50,2.71
2012.06.21 10:54:30.475,1.01241,1.01252,1.50,1.96
2012.06.21 10:54:30.619,1.01244,1.01255,1.50,5.25
2012.06.21 10:54:30.699,1.01244,1.01255,1.50,4.88
2012.06.21 10:54:31.119,1.01242,1.01252,1.50,1.88
2012.06.21 10:54:31.199,1.01242,1.01252,1.50,3.38
2012.06.21 10:54:31.280,1.0124,1.01252,1.13,3.38
2012.06.21 10:54:31.428,1.01239,1.0125,1.50,1.50
2012.06.21 10:54:31.783,1.01238,1.0125,2.63,1.50
2012.06.21 10:54:31.856,1.01238,1.0125,3.38,1.50
2012.06.21 10:54:31.984,1.01238,1.0125,4.13,1.50
2012.06.21 10:54:32.197,1.01238,1.01251,3.38,2.25
2012.06.21 10:54:35.323,1.0124,1.01251,1.50,1.50
2012.06.21 10:54:37.171,1.01238,1.01251,3.38,1.50
2012.06.21 10:54:38.362,1.01238,1.01251,2.63,1.50
2012.06.21 10:54:40.894,1.01238,1.0125,2.63,1.50
2012.06.21 10:54:42.586,1.01235,1.01244,3.00,1.50
2012.06.21 10:54:42.661,1.01231,1.01244,2.63,1.50
2012.06.21 10:54:44.036,1.0123,1.01244,2.63,3.38
2012.06.21 10:54:46.692,1.0123,1.01244,4.13,1.88
2012.06.21 10:54:48.223,1.0123,1.01244,4.13,1.88
2012.06.21 10:54:49.215,1.0123,1.01243,2.63,1.50
2012.06.21 10:54:52.482,1.01232,1.01243,1.88,1.50
2012.06.21 10:54:52.627,1.01232,1.01245,1.88,1.88
2012.06.21 10:54:56.656,1.01233,1.01245,1.88,1.50
2012.06.21 10:55:05.748,1.01233,1.01243,1.88,1.50
2012.06.21 10:55:06.066,1.01233,1.01245,1.88,1.50
2012.06.21 10:55:06.602,1.01233,1.01245,1.88,1.88
2012.06.21 10:55:09.641,1.01231,1.01245,4.13,1.88
2012.06.21 10:55:21.708,1.01231,1.01243,2.25,2.63
2012.06.21 10:55:21.789,1.01231,1.01241,2.25,1.88
2012.06.21 10:55:22.151,1.01229,1.01242,1.50,3.75
2012.06.21 10:55:22.227,1.01228,1.01237,1.88,1.50
2012.06.21 10:55:22.368,1.01228,1.0124,1.88,1.88
2012.06.21 10:55:24.376,1.0123,1.01242,1.88,3.75
2012.06.21 10:55:24.448,1.0123,1.01242,1.88,3.38
2012.06.21 10:55:24.809,1.0123,1.01244,3.38,2.85
2012.06.21 10:55:25.294,1.01232,1.01245,1.88,1.88
2012.06.21 10:55:28.842,1.01232,1.01246,1.88,3.38
2012.06.21 10:55:29.154,1.01229,1.01242,1.43,1.88
2012.06.21 10:55:29.820,1.01227,1.01238,1.13,1.50
2012.06.21 10:55:30.373,1.01228,1.01239,1.88,1.50
2012.06.21 10:55:31.526,1.01225,1.01239,4.88,1.50
2012.06.21 10:55:32.045,1.01225,1.01238,1.13,1.50
2012.06.21 10:55:32.895,1.01225,1.0124,1.13,4.50
2012.06.21 10:55:34.157,1.01226,1.0124,1.13,3.38
2012.06.21 10:55:34.504,1.01229,1.01242,2.25,1.13
2012.06.21 10:55:38.309,1.01227,1.01241,2.63,1.88
2012.06.21 10:55:38.671,1.01221,1.01232,2.63,1.88
2012.06.21 10:55:38.817,1.01221,1.01232,1.88,1.88
2012.06.21 10:55:38.958,1.01219,1.01232,1.50,3.38
2012.06.21 10:55:39.505,1.01218,1.01232,3.38,3.75
2012.06.21 10:55:41.383,1.01219,1.01232,1.50,2.25
2012.06.21 10:55:43.975,1.01218,1.01232,2.63,3.75
2012.06.21 10:55:54.895,1.01216,1.01229,2.63,1.50
2012.06.21 10:55:56.136,1.01216,1.0123,4.13,1.88
2012.06.21 10:56:00.003,1.01216,1.01228,2.25,1.88
2012.06.21 10:56:00.075,1.01216,1.01228,1.50,1.88
2012.06.21 10:56:00.604,1.01217,1.01231,1.88,2.63
2012.06.21 10:56:01.900,1.01217,1.01231,1.88,3.08
2012.06.21 10:56:02.258,1.01217,1.01227,1.88,1.50
2012.06.21 10:56:02.328,1.0122,1.01231,1.88,2.25
2012.06.21 10:56:02.407,1.0122,1.01233,1.88,2.25
2012.06.21 10:56:02.547,1.01223,1.01235,1.88,1.21
2012.06.21 10:56:04.056,1.01226,1.01239,1.88,2.25
2012.06.21 10:56:04.408,1.01229,1.01241,1.88,2.63
2012.06.21 10:56:04.885,1.01229,1.01243,3.38,4.41
2012.06.21 10:56:05.367,1.01229,1.01239,1.88,1.50
2012.06.21 10:56:09.565,1.01225,1.01237,3.38,1.88
2012.06.21 10:56:09.705,1.0123,1.01238,1.88,3.75
2012.06.21 10:56:10.247,1.0123,1.01241,1.88,3.73
2012.06.21 10:56:10.754,1.0123,1.0124,1.88,1.50
2012.06.21 10:56:19.976,1.0123,1.01241,1.88,3.00
2012.06.21 10:56:29.062,1.0123,1.01239,1.88,1.50
2012.06.21 10:56:29.132,1.01227,1.01239,1.88,1.50
2012.06.21 10:56:32.824,1.01228,1.01241,1.50,2.25
2012.06.21 10:56:32.895,1.01228,1.01242,1.50,2.25
2012.06.21 10:56:33.163,1.01232,1.01242,1.88,1.50
2012.06.21 10:56:33.684,1.01232,1.01244,1.88,2.91
2012.06.21 10:56:34.211,1.01233,1.01246,1.50,2.63
2012.06.21 10:56:34.913,1.01233,1.01246,1.50,2.25
2012.06.21 10:56:36.786,1.01232,1.01244,1.88,1.50
2012.06.21 10:56:37.093,1.01232,1.01242,1.88,1.50
2012.06.21 10:56:37.163,1.01232,1.01244,1.88,1.50
2012.06.21 10:56:42.053,1.01232,1.01244,2.63,1.50
2012.06.21 10:56:42.255,1.01233,1.01246,2.25,1.88
2012.06.21 10:56:42.778,1.01234,1.01249,1.50,1.88
2012.06.21 10:56:43.283,1.01233,1.01246,1.80,1.88
2012.06.21 10:56:47.994,1.01233,1.01246,1.43,1.88
2012.06.21 10:56:49.037,1.01232,1.01246,3.00,3.38
2012.06.21 10:56:49.602,1.01232,1.01246,3.00,4.13
2012.06.21 10:56:51.543,1.01232,1.01245,1.13,1.88
2012.06.21 10:56:51.876,1.01232,1.01243,1.13,1.50
2012.06.21 10:56:53.173,1.01232,1.01245,1.13,1.88
2012.06.21 10:56:57.306,1.01231,1.01244,1.13,1.50
2012.06.21 10:56:57.575,1.0123,1.01241,1.05,1.50
2012.06.21 10:56:58.039,1.01229,1.01243,6.75,3.00
2012.06.21 10:56:58.586,1.0123,1.01245,2.25,4.88
2012.06.21 10:56:59.103,1.0123,1.01245,2.25,1.88
2012.06.21 10:57:00.292,1.0123,1.01245,2.25,3.66
2012.06.21 10:57:00.439,1.0123,1.01242,2.25,1.88
2012.06.21 10:57:00.521,1.0123,1.01242,2.63,1.50
2012.06.21 10:57:01.093,1.01227,1.01236,1.13,1.88
2012.06.21 10:57:01.167,1.01226,1.01236,5.25,1.88
2012.06.21 10:57:01.377,1.01223,1.01236,2.63,1.88
2012.06.21 10:57:01.941,1.01225,1.01236,1.50,1.88
2012.06.21 10:57:04.085,1.01223,1.01236,2.55,1.88
2012.06.21 10:57:04.513,1.01223,1.01231,2.55,1.88
2012.06.21 10:57:04.587,1.01224,1.01233,2.63,2.85
2012.06.21 10:57:05.006,1.01222,1.01234,1.88,1.88
2012.06.21 10:57:05.508,1.01223,1.01234,1.50,1.88
2012.06.21 10:57:10.612,1.01223,1.01237,3.38,4.50
2012.06.21 10:57:10.934,1.01225,1.01239,1.88,3.75
2012.06.21 10:57:11.002,1.01225,1.01239,1.88,3.75
2012.06.21 10:57:12.995,1.01225,1.01239,1.88,4.50
2012.06.21 10:57:16.156,1.01225,1.01238,1.88,4.03
2012.06.21 10:57:16.662,1.01225,1.01237,1.88,1.50
2012.06.21 10:57:17.165,1.01225,1.01238,1.88,4.78
2012.06.21 10:57:17.797,1.01225,1.01238,3.38,1.50
2012.06.21 10:57:18.323,1.01226,1.01238,1.50,1.50
2012.06.21 10:57:18.841,1.01225,1.01239,1.88,3.75
2012.06.21 10:57:21.481,1.01229,1.01239,1.50,1.13
2012.06.21 10:57:21.770,1.01231,1.01244,3.38,2.25
2012.06.21 10:57:25.271,1.01232,1.01244,1.50,1.88
2012.06.21 10:57:25.491,1.01232,1.01245,2.25,1.88
2012.06.21 10:57:26.565,1.01232,1.01247,4.13,1.13
2012.06.21 10:57:26.707,1.01232,1.01243,2.63,1.50
2012.06.21 10:57:26.847,1.0123,1.01243,1.88,1.50
2012.06.21 10:57:27.384,1.0123,1.01244,1.88,4.13
2012.06.21 10:57:29.959,1.0123,1.01244,1.88,5.91
2012.06.21 10:57:30.234,1.0123,1.01243,1.88,2.33
2012.06.21 10:57:50.346,1.0123,1.01244,1.88,4.58
2012.06.21 10:57:50.420,1.01232,1.01244,1.88,1.21
2012.06.21 10:57:50.783,1.01238,1.01249,1.88,1.50
2012.06.21 10:57:50.860,1.01238,1.0125,1.88,1.21
2012.06.21 10:57:52.958,1.01238,1.01252,1.88,5.25
2012.06.21 10:57:53.484,1.01239,1.01252,1.50,3.75
2012.06.21 10:57:54.462,1.01241,1.01252,1.88,1.13
2012.06.21 10:57:55.516,1.01241,1.01253,1.88,2.63
2012.06.21 10:57:57.996,1.01241,1.01255,3.38,4.96
2012.06.21 10:58:00.745,1.01242,1.01255,1.50,3.00
2012.06.21 10:58:01.263,1.01241,1.01255,1.88,2.63
2012.06.21 10:58:09.073,1.01241,1.01255,1.88,4.03
2012.06.21 10:58:12.205,1.01241,1.01254,1.88,1.13
2012.06.21 10:58:13.364,1.01241,1.01254,1.88,2.63
2012.06.21 10:58:15.994,1.01238,1.01253,3.47,3.08
2012.06.21 10:58:16.374,1.01238,1.01253,3.00,3.38
2012.06.21 10:58:17.126,1.01237,1.01251,3.38,2.63
2012.06.21 10:58:20.192,1.01237,1.01251,3.38,2.63
2012.06.21 10:58:24.038,1.01237,1.0125,3.38,1.13
2012.06.21 10:58:24.393,1.01232,1.01245,1.50,3.38
2012.06.21 10:58:24.750,1.0123,1.01243,1.13,3.00
2012.06.21 10:58:25.290,1.01231,1.01243,3.38,1.13
2012.06.21 10:58:28.856,1.01231,1.01241,1.88,1.50
2012.06.21 10:58:29.073,1.01231,1.01243,1.88,3.00
2012.06.21 10:58:29.685,1.01231,1.01241,1.88,1.50
2012.06.21 10:58:29.755,1.01229,1.01241,1.88,1.50
2012.06.21 10:58:30.313,1.01229,1.01242,3.38,1.21
2012.06.21 10:58:32.024,1.01229,1.01243,4.13,4.13
2012.06.21 10:58:32.573,1.01231,1.01243,1.50,1.88
2012.06.21 10:58:32.717,1.01229,1.01243,3.68,3.38
2012.06.21 10:58:33.044,1.01229,1.01243,3.68,6.00
2012.06.21 10:58:35.561,1.01232,1.01243,1.88,3.46
2012.06.21 10:58:35.707,1.01233,1.01247,1.80,3.66
2012.06.21 10:58:35.847,1.01234,1.01247,3.00,3.28
2012.06.21 10:58:35.914,1.01234,1.01247,3.00,1.50
2012.06.21 10:58:36.434,1.01237,1.0125,1.50,4.35
2012.06.21 10:58:38.302,1.01236,1.01249,2.25,3.00
2012.06.21 10:58:43.177,1.01233,1.01247,2.25,1.88
2012.06.21 10:58:43.489,1.01235,1.01248,1.50,3.00
2012.06.21 10:58:44.252,1.01233,1.01247,2.25,1.88
2012.06.21 10:58:46.783,1.01234,1.01248,1.50,3.46
2012.06.21 10:58:49.784,1.01235,1.01248,1.88,1.58
2012.06.21 10:58:50.059,1.01236,1.01249,1.50,4.13
2012.06.21 10:58:56.283,1.01236,1.01247,1.50,1.78
2012.06.21 10:58:56.474,1.01234,1.01247,1.80,1.78
2012.06.21 10:58:58.291,1.01236,1.01247,1.50,1.78
2012.06.21 10:58:58.366,1.01236,1.01249,1.50,3.38
2012.06.21 10:58:58.887,1.01238,1.01249,1.50,2.63
2012.06.21 10:58:58.962,1.01236,1.01249,1.50,2.63
2012.06.21 10:58:59.247,1.01238,1.01249,1.50,1.88
2012.06.21 10:59:00.364,1.01238,1.01251,1.50,3.00
2012.06.21 10:59:02.294,1.01239,1.01253,3.38,3.75
2012.06.21 10:59:02.555,1.01241,1.01253,1.50,3.75
2012.06.21 10:59:03.190,1.01241,1.01253,1.50,3.75
2012.06.21 10:59:03.322,1.01239,1.01253,3.68,3.75
2012.06.21 10:59:03.867,1.01239,1.01253,3.68,3.75
2012.06.21 10:59:05.302,1.01239,1.01253,3.68,3.38
2012.06.21 10:59:07.113,1.01239,1.01252,1.80,1.88
2012.06.21 10:59:11.153,1.01238,1.01252,1.80,3.38
2012.06.21 10:59:15.057,1.01237,1.0125,1.80,1.50
2012.06.21 10:59:15.196,1.01237,1.01252,3.30,1.88
2012.06.21 10:59:15.742,1.01237,1.01252,3.30,1.88
2012.06.21 10:59:20.877,1.01237,1.01252,3.00,2.25
2012.06.21 10:59:32.495,1.01237,1.0125,2.63,1.50
2012.06.21 10:59:35.210,1.01237,1.01251,3.38,2.63
2012.06.21 10:59:35.540,1.01239,1.01252,1.88,2.16
2012.06.21 10:59:35.827,1.01243,1.01256,1.88,4.96
2012.06.21 10:59:36.295,1.01241,1.01254,1.88,1.50
2012.06.21 10:59:36.833,1.01242,1.01255,1.50,2.25
2012.06.21 10:59:37.157,1.01242,1.01255,1.50,2.71
2012.06.21 10:59:37.696,1.01241,1.01252,1.88,1.50
2012.06.21 10:59:38.256,1.0124,1.01254,1.50,4.21
2012.06.21 10:59:39.837,1.01238,1.01253,2.63,1.96
2012.06.21 10:59:40.423,1.01238,1.0125,2.25,1.88
2012.06.21 10:59:41.437,1.01236,1.0125,5.25,3.75
2012.06.21 10:59:41.577,1.01236,1.01246,1.13,1.88
2012.06.21 10:59:41.717,1.01233,1.01246,1.50,1.88
2012.06.21 10:59:42.234,1.01234,1.01246,1.50,1.88
2012.06.21 10:59:47.123,1.01232,1.01246,1.80,3.38
2012.06.21 10:59:47.267,1.01232,1.01243,1.80,1.88
2012.06.21 10:59:47.807,1.01231,1.01243,1.80,1.88
2012.06.21 10:59:48.275,1.01233,1.01243,1.50,1.88
2012.06.21 10:59:48.634,1.01251,1.01264,1.05,3.00
2012.06.21 10:59:48.711,1.01253,1.01264,2.63,2.25
2012.06.21 10:59:48.995,1.01256,1.01267,1.50,3.66
2012.06.21 10:59:49.067,1.01254,1.01267,3.38,3.66
2012.06.21 10:59:49.207,1.01254,1.01258,2.63,1.50
2012.06.21 10:59:49.349,1.01254,1.01267,1.13,3.66
2012.06.21 10:59:50.493,1.01254,1.01267,3.75,2.53
2012.06.21 10:59:50.563,1.01254,1.01267,3.75,1.13
2012.06.21 10:59:51.304,1.01254,1.01267,3.00,1.13
2012.06.21 10:59:51.494,1.01256,1.01267,1.50,1.13
2012.06.21 10:59:51.823,1.01254,1.01267,2.63,1.13
2012.06.21 10:59:52.427,1.01255,1.01267,1.50,1.13
2012.06.21 10:59:54.472,1.01254,1.01267,2.63,1.13
2012.06.21 10:59:55.456,1.01254,1.01269,4.13,3.38
2012.06.21 10:59:55.527,1.01256,1.01269,2.25,1.88
2012.06.21 10:59:55.796,1.01257,1.01269,1.50,1.88
2012.06.21 10:59:55.926,1.01257,1.01269,2.25,1.13
2012.06.21 10:59:56.123,1.01257,1.01269,1.50,1.13
2012.06.21 10:59:58.936,1.01259,1.0127,1.88,2.25
