2016.09.06 10:00:00.103,1.1528,1.15287,1.87,1.50
2016.09.06 10:00:00.256,1.15282,1.15287,1.00,1.50
2016.09.06 10:00:00.308,1.15283,1.15288,1.00,2.44
2016.09.06 10:00:00.470,1.15283,1.15288,1.00,1.69
2016.09.06 10:00:00.623,1.15284,1.15288,1.00,1.25
2016.09.06 10:00:00.674,1.15284,1.15289,1.00,1.84
2016.09.06 10:00:00.725,1.15284,1.1529,1.00,4.12
2016.09.06 10:00:00.776,1.15284,1.1529,1.00,1.69
2016.09.06 10:00:00.878,1.15284,1.1529,1.00,1.19
2016.09.06 10:00:01.348,1.15283,1.1529,2.06,1.69
2016.09.06 10:00:01.399,1.15283,1.1529,2.44,1.69
2016.09.06 10:00:01.450,1.15283,1.1529,2.25,1.69
2016.09.06 10:00:01.501,1.15283,1.1529,1.87,1.69
2016.09.06 10:00:02.072,1.15283,1.1529,1.50,1.69
2016.09.06 10:00:02.124,1.15284,1.1529,1.00,1.69
2016.09.06 10:00:02.444,1.15284,1.1529,1.00,1.19
2016.09.06 10:00:02.495,1.15284,1.15288,1.00,1.31
2016.09.06 10:00:02.597,1.15283,1.15288,1.00,2.06
2016.09.06 10:00:02.647,1.15282,1.15287,4.87,1.19
2016.09.06 10:00:02.698,1.15282,1.15286,1.00,1.31
2016.09.06 10:00:02.749,1.1528,1.15287,2.02,1.56
2016.09.06 10:00:02.800,1.1528,1.15285,1.65,1.19
2016.09.06 10:00:02.906,1.1528,1.15285,1.50,1.19
2016.09.06 10:00:02.957,1.1528,1.15286,1.00,2.06
2016.09.06 10:00:03.008,1.1528,1.15286,1.50,2.06
2016.09.06 10:00:03.211,1.1528,1.15286,1.50,1.31
2016.09.06 10:00:03.313,1.1528,1.15287,1.50,2.06
2016.09.06 10:00:03.718,1.1528,1.15287,2.25,2.06
2016.09.06 10:00:03.769,1.1528,1.15287,2.62,2.06
2016.09.06 10:00:03.876,1.1528,1.15286,2.62,1.31
2016.09.06 10:00:03.927,1.15281,1.15286,1.00,1.31
2016.09.06 10:00:04.130,1.15281,1.15286,1.50,1.31
2016.09.06 10:00:04.181,1.15281,1.15286,1.50,1.19
2016.09.06 10:00:04.778,1.1528,1.15285,4.50,1.19
2016.09.06 10:00:04.829,1.1528,1.15285,2.62,1.69
2016.09.06 10:00:04.880,1.1528,1.15285,1.12,1.69
2016.09.06 10:00:04.954,1.1528,1.15285,1.00,2.44
2016.09.06 10:00:05.005,1.1528,1.15284,1.00,1.19
2016.09.06 10:00:05.107,1.1528,1.15285,1.00,1.69
2016.09.06 10:00:05.209,1.1528,1.15285,1.50,1.00
2016.09.06 10:00:05.463,1.1528,1.15285,2.25,1.00
2016.09.06 10:00:05.514,1.15281,1.15285,1.00,1.00
2016.09.06 10:00:05.565,1.15281,1.15286,1.00,1.69
2016.09.06 10:00:05.616,1.15281,1.15286,1.50,1.69
2016.09.06 10:00:05.803,1.15281,1.15286,1.50,1.25
2016.09.06 10:00:05.854,1.15281,1.15286,2.25,1.25
2016.09.06 10:00:06.812,1.15281,1.15286,2.25,1.19
2016.09.06 10:00:07.286,1.15281,1.15287,1.50,1.69
2016.09.06 10:00:07.432,1.15281,1.15287,1.00,1.69
2016.09.06 10:00:07.635,1.15282,1.15287,1.00,1.19
2016.09.06 10:00:07.687,1.15281,1.15288,1.50,1.31
2016.09.06 10:00:07.788,1.15282,1.15288,1.00,2.06
2016.09.06 10:00:07.839,1.15282,1.15287,1.00,1.69
2016.09.06 10:00:07.890,1.15282,1.15287,1.00,1.19
2016.09.06 10:00:07.941,1.15282,1.15287,1.50,1.19
2016.09.06 10:00:08.154,1.15283,1.15288,1.00,1.69
2016.09.06 10:00:08.309,1.15284,1.15289,1.00,2.06
2016.09.06 10:00:08.361,1.15286,1.15289,1.00,1.00
2016.09.06 10:00:08.427,1.15284,1.1529,1.87,1.20
2016.09.06 10:00:08.478,1.15286,1.15291,1.00,1.14
2016.09.06 10:00:08.529,1.15286,1.15291,1.00,1.00
2016.09.06 10:00:08.580,1.15288,1.15291,1.00,1.00
2016.09.06 10:00:08.630,1.1529,1.15293,1.00,1.84
2016.09.06 10:00:08.681,1.1529,1.15293,1.00,1.69
2016.09.06 10:00:08.732,1.15293,1.15295,1.50,1.50
2016.09.06 10:00:08.824,1.15293,1.15297,2.25,3.18
2016.09.06 10:00:08.875,1.15293,1.15298,1.50,1.52
2016.09.06 10:00:08.926,1.15293,1.15298,1.50,1.14
2016.09.06 10:00:09.028,1.15293,1.15298,1.50,1.61
2016.09.06 10:00:09.130,1.15293,1.15298,1.50,1.14
2016.09.06 10:00:09.333,1.15293,1.15297,1.00,1.00
2016.09.06 10:00:09.435,1.15292,1.15297,1.00,1.00
2016.09.06 10:00:09.537,1.15292,1.15298,1.00,2.36
2016.09.06 10:00:09.708,1.15292,1.15298,1.00,1.61
2016.09.06 10:00:09.811,1.15292,1.15298,1.00,2.36
2016.09.06 10:00:09.913,1.15292,1.15296,1.00,1.00
2016.09.06 10:00:09.964,1.15291,1.15296,1.25,1.50
2016.09.06 10:00:10.015,1.1529,1.15296,1.25,1.11
2016.09.06 10:00:10.066,1.15289,1.15296,2.21,1.61
2016.09.06 10:00:10.119,1.1529,1.15296,1.25,1.00
2016.09.06 10:00:10.169,1.1529,1.15295,1.69,1.00
2016.09.06 10:00:10.271,1.1529,1.15295,1.25,1.00
2016.09.06 10:00:10.424,1.1529,1.15295,1.12,1.00
2016.09.06 10:00:10.721,1.15291,1.15296,1.00,1.50
2016.09.06 10:00:10.772,1.15292,1.15296,1.00,1.00
2016.09.06 10:00:10.925,1.15292,1.15297,1.00,1.50
2016.09.06 10:00:11.104,1.15292,1.15297,1.50,1.50
2016.09.06 10:00:11.155,1.15293,1.15298,1.00,1.00
2016.09.06 10:00:11.206,1.15294,1.15299,1.00,1.69
2016.09.06 10:00:11.257,1.15294,1.15299,1.00,1.50
2016.09.06 10:00:11.308,1.15296,1.15301,1.00,2.62
2016.09.06 10:00:11.359,1.15296,1.15301,1.00,1.00
2016.09.06 10:00:11.410,1.15297,1.15302,1.00,1.57
2016.09.06 10:00:11.461,1.15296,1.15301,1.00,1.00
2016.09.06 10:00:11.629,1.15294,1.15301,3.75,1.00
2016.09.06 10:00:11.679,1.15294,1.15301,3.00,1.00
2016.09.06 10:00:11.731,1.15294,1.15301,2.25,1.50
2016.09.06 10:00:11.782,1.15294,1.15301,1.12,1.50
2016.09.06 10:00:12.271,1.15293,1.153,5.32,1.50
2016.09.06 10:00:12.322,1.15294,1.15298,1.12,1.00
2016.09.06 10:00:12.373,1.15292,1.15298,4.39,1.00
2016.09.06 10:00:12.424,1.15292,1.15298,3.00,1.00
2016.09.06 10:00:12.530,1.15292,1.15299,1.50,1.50
2016.09.06 10:00:12.733,1.15292,1.15297,1.00,1.00
2016.09.06 10:00:12.784,1.15292,1.15297,1.00,1.00
2016.09.06 10:00:12.836,1.15291,1.15296,1.20,1.00
2016.09.06 10:00:12.887,1.15291,1.15296,1.00,1.00
2016.09.06 10:00:12.989,1.15292,1.15297,1.00,2.25
2016.09.06 10:00:13.442,1.15292,1.15297,1.00,1.50
2016.09.06 10:00:13.695,1.15291,1.15296,1.00,1.00
2016.09.06 10:00:13.824,1.1529,1.15296,2.96,1.00
2016.09.06 10:00:13.875,1.1529,1.15293,1.09,1.00
2016.09.06 10:00:13.925,1.15289,1.15291,2.44,1.00
2016.09.06 10:00:13.976,1.15288,1.1529,2.25,1.00
2016.09.06 10:00:14.027,1.15286,1.15289,1.19,1.50
2016.09.06 10:00:14.078,1.15284,1.15289,1.29,1.00
2016.09.06 10:00:14.181,1.15282,1.15287,1.00,1.00
2016.09.06 10:00:14.284,1.15283,1.15288,1.00,1.50
2016.09.06 10:00:14.543,1.15283,1.15288,1.00,1.00
2016.09.06 10:00:16.149,1.15283,1.15289,1.50,1.50
2016.09.06 10:00:16.200,1.15284,1.15289,1.12,1.00
2016.09.06 10:00:16.401,1.15284,1.15291,1.00,3.15
2016.09.06 10:00:16.452,1.15284,1.15291,1.00,4.27
2016.09.06 10:00:16.503,1.15284,1.15291,1.00,4.20
2016.09.06 10:00:16.554,1.15284,1.15291,1.00,3.37
2016.09.06 10:00:16.605,1.15286,1.15291,1.00,4.12
2016.09.06 10:00:16.656,1.15286,1.15291,1.00,3.37
2016.09.06 10:00:16.758,1.15286,1.15291,1.00,1.87
2016.09.06 10:00:16.861,1.15286,1.15291,1.00,1.00
2016.09.06 10:00:18.085,1.15287,1.15292,1.00,1.65
2016.09.06 10:00:18.238,1.15287,1.15292,1.00,1.57
2016.09.06 10:00:18.339,1.15287,1.15292,1.00,1.50
2016.09.06 10:00:18.788,1.15287,1.15292,1.00,1.00
2016.09.06 10:00:19.719,1.15285,1.1529,2.44,1.00
2016.09.06 10:00:19.770,1.15285,1.1529,1.69,2.25
2016.09.06 10:00:19.859,1.15284,1.1529,1.19,2.25
2016.09.06 10:00:19.910,1.15283,1.15288,1.37,1.00
2016.09.06 10:00:19.961,1.15283,1.15288,1.00,1.00
2016.09.06 10:00:20.012,1.15283,1.15288,1.00,1.00
2016.09.06 10:00:20.165,1.15283,1.15288,1.00,1.50
2016.09.06 10:00:20.216,1.15282,1.15287,1.00,1.00
2016.09.06 10:00:20.267,1.15282,1.15287,1.00,1.50
2016.09.06 10:00:20.375,1.15283,1.15287,1.00,1.00
2016.09.06 10:00:20.427,1.15283,1.15288,1.00,1.12
2016.09.06 10:00:20.478,1.15283,1.15288,1.00,1.00
2016.09.06 10:00:21.094,1.15281,1.15286,1.69,1.00
2016.09.06 10:00:21.247,1.15281,1.15286,1.25,1.00
2016.09.06 10:00:21.299,1.15282,1.15287,1.00,1.00
2016.09.06 10:00:21.350,1.15283,1.15288,1.50,3.07
2016.09.06 10:00:21.401,1.15283,1.15288,1.50,2.40
2016.09.06 10:00:21.452,1.15283,1.15288,1.00,1.10
2016.09.06 10:00:21.503,1.15283,1.15288,1.00,1.00
2016.09.06 10:00:21.623,1.15283,1.15288,1.50,1.00
2016.09.06 10:00:21.674,1.15285,1.15288,1.00,1.00
2016.09.06 10:00:22.952,1.15285,1.1529,1.00,1.69
2016.09.06 10:00:23.763,1.15283,1.1529,1.00,1.25
2016.09.06 10:00:23.866,1.15283,1.1529,1.00,1.69
2016.09.06 10:00:23.977,1.15284,1.15289,1.00,1.00
2016.09.06 10:00:24.659,1.15284,1.15289,1.00,1.50
2016.09.06 10:00:25.766,1.15284,1.15289,1.00,2.25
2016.09.06 10:00:27.162,1.15284,1.15289,1.00,1.50
2016.09.06 10:00:27.342,1.15285,1.15289,1.00,1.00
2016.09.06 10:00:27.444,1.15286,1.1529,1.00,1.69
2016.09.06 10:00:27.495,1.15286,1.1529,1.00,1.00
2016.09.06 10:00:27.546,1.15286,1.15291,1.00,1.10
2016.09.06 10:00:27.597,1.15286,1.15291,1.00,1.00
2016.09.06 10:00:28.269,1.15286,1.1529,1.00,1.00
2016.09.06 10:00:28.421,1.15284,1.1529,3.00,1.00
2016.09.06 10:00:28.587,1.15284,1.1529,2.25,1.00
2016.09.06 10:00:28.638,1.15284,1.15291,2.25,1.50
2016.09.06 10:00:28.819,1.15284,1.15291,1.50,1.50
2016.09.06 10:00:29.567,1.15284,1.15291,1.00,1.50
2016.09.06 10:00:30.062,1.15284,1.15289,1.00,1.00
2016.09.06 10:00:30.265,1.15284,1.15289,1.00,1.50
2016.09.06 10:00:30.367,1.15283,1.15289,2.25,1.50
2016.09.06 10:00:30.418,1.15284,1.15289,1.00,1.50
2016.09.06 10:00:30.708,1.15283,1.1529,1.87,1.00
2016.09.06 10:00:30.759,1.15285,1.1529,1.00,2.25
2016.09.06 10:00:30.861,1.15285,1.1529,1.00,1.50
2016.09.06 10:00:31.191,1.15285,1.1529,1.00,1.00
2016.09.06 10:00:32.504,1.15285,1.1529,1.00,1.50
2016.09.06 10:00:32.722,1.15283,1.1529,1.50,2.25
2016.09.06 10:00:32.773,1.15283,1.1529,1.50,1.50
2016.09.06 10:00:32.875,1.15283,1.1529,1.00,2.25
2016.09.06 10:00:32.926,1.15283,1.1529,1.00,3.00
2016.09.06 10:00:33.170,1.15283,1.1529,1.00,2.25
2016.09.06 10:00:33.224,1.15283,1.1529,1.00,3.00
2016.09.06 10:00:33.462,1.15283,1.1529,1.00,2.25
2016.09.06 10:00:33.752,1.15283,1.1529,1.00,3.00
2016.09.06 10:00:34.226,1.15283,1.1529,1.00,2.25
2016.09.06 10:00:34.443,1.15283,1.1529,1.00,3.00
2016.09.06 10:00:34.627,1.15283,1.1529,1.00,2.25
2016.09.06 10:00:34.728,1.15283,1.1529,1.00,3.00
2016.09.06 10:00:35.279,1.15283,1.1529,1.00,2.25
2016.09.06 10:00:35.331,1.15283,1.1529,1.00,1.50
2016.09.06 10:00:35.432,1.15283,1.1529,1.00,2.25
2016.09.06 10:00:35.505,1.15283,1.1529,1.50,2.25
2016.09.06 10:00:35.759,1.15283,1.1529,1.50,3.00
2016.09.06 10:00:35.911,1.15284,1.1529,1.00,3.00
2016.09.06 10:00:35.962,1.15284,1.15289,1.00,1.00
2016.09.06 10:00:36.106,1.15287,1.1529,1.50,1.00
2016.09.06 10:00:36.158,1.15287,1.15292,1.00,1.20
2016.09.06 10:00:36.209,1.15287,1.15292,1.00,1.10
2016.09.06 10:00:36.261,1.15287,1.15292,1.12,1.00
2016.09.06 10:00:36.312,1.15288,1.15293,1.00,1.00
2016.09.06 10:00:36.413,1.15287,1.15291,1.87,1.00
2016.09.06 10:00:36.464,1.15287,1.15291,1.50,1.00
2016.09.06 10:00:36.984,1.15287,1.15292,1.00,1.00
2016.09.06 10:00:37.204,1.15285,1.15293,5.14,1.69
2016.09.06 10:00:37.255,1.15285,1.15293,5.14,2.44
2016.09.06 10:00:37.307,1.15286,1.15291,1.00,1.50
2016.09.06 10:00:37.511,1.15285,1.15291,1.50,1.50
2016.09.06 10:00:37.562,1.15285,1.1529,1.25,1.00
2016.09.06 10:00:37.613,1.15284,1.1529,1.76,1.00
2016.09.06 10:00:37.664,1.15284,1.1529,1.76,1.50
2016.09.06 10:00:37.754,1.15284,1.1529,1.19,2.25
2016.09.06 10:00:38.160,1.15284,1.15289,1.00,1.00
2016.09.06 10:00:38.272,1.15285,1.15289,1.00,1.00
2016.09.06 10:00:38.424,1.15285,1.15289,1.12,1.00
2016.09.06 10:00:38.527,1.15285,1.15291,1.00,2.25
2016.09.06 10:00:39.266,1.15285,1.15291,1.00,1.50
2016.09.06 10:00:39.591,1.15288,1.15292,1.00,1.69
2016.09.06 10:00:39.693,1.15291,1.15294,1.00,1.64
2016.09.06 10:00:39.744,1.15291,1.15295,1.00,2.44
2016.09.06 10:00:39.795,1.15291,1.15296,1.00,2.81
2016.09.06 10:00:39.846,1.15291,1.15296,1.00,2.44
2016.09.06 10:00:39.897,1.15291,1.15296,1.00,1.56
2016.09.06 10:00:39.970,1.1529,1.15296,2.62,1.56
2016.09.06 10:00:40.021,1.15291,1.15296,1.00,1.00
2016.09.06 10:00:40.544,1.1529,1.15295,1.00,1.00
2016.09.06 10:00:40.595,1.15289,1.15293,1.10,1.00
2016.09.06 10:00:40.646,1.15288,1.15292,1.10,1.25
2016.09.06 10:00:40.697,1.15287,1.15292,1.57,1.25
2016.09.06 10:00:40.748,1.15287,1.15292,1.12,1.25
2016.09.06 10:00:40.799,1.15287,1.15292,1.12,1.69
2016.09.06 10:00:40.850,1.15287,1.15292,1.00,1.69
2016.09.06 10:00:41.797,1.15286,1.15293,1.00,1.19
2016.09.06 10:00:41.848,1.15286,1.15293,1.00,1.00
2016.09.06 10:00:42.510,1.15288,1.15293,1.00,1.50
2016.09.06 10:00:42.561,1.15289,1.15294,1.00,1.69
2016.09.06 10:00:42.612,1.15289,1.15294,1.50,1.25
2016.09.06 10:00:42.663,1.15291,1.15296,1.00,4.31
2016.09.06 10:00:42.715,1.15291,1.15296,1.00,2.81
2016.09.06 10:00:42.766,1.15291,1.15296,1.00,1.00
2016.09.06 10:00:43.695,1.1529,1.15295,1.25,1.00
2016.09.06 10:00:43.746,1.1529,1.15295,1.00,1.00
2016.09.06 10:00:44.000,1.15288,1.15294,1.84,1.00
2016.09.06 10:00:44.051,1.15288,1.15294,1.50,1.00
2016.09.06 10:00:44.102,1.15288,1.15294,1.00,2.25
2016.09.06 10:00:45.006,1.15288,1.15294,1.00,1.50
2016.09.06 10:00:45.439,1.15287,1.15294,1.00,1.69
2016.09.06 10:00:45.491,1.15286,1.15293,3.15,1.25
2016.09.06 10:00:45.594,1.15286,1.15292,2.25,1.00
2016.09.06 10:00:45.645,1.15286,1.15292,1.50,1.00
2016.09.06 10:00:45.731,1.15286,1.15292,1.00,1.00
2016.09.06 10:00:46.157,1.15286,1.15293,1.00,2.44
2016.09.06 10:00:47.515,1.15286,1.15293,1.00,3.19
2016.09.06 10:00:47.820,1.15286,1.15291,1.00,1.00
2016.09.06 10:00:50.227,1.15285,1.15291,2.62,1.00
2016.09.06 10:00:50.278,1.15284,1.1529,1.00,1.00
2016.09.06 10:00:50.329,1.15283,1.15288,1.20,1.00
2016.09.06 10:00:50.380,1.15283,1.15288,1.10,1.00
2016.09.06 10:00:50.431,1.15283,1.15288,1.00,1.00
2016.09.06 10:00:52.161,1.15281,1.15288,2.96,1.00
2016.09.06 10:00:52.212,1.15281,1.15288,1.09,1.50
2016.09.06 10:00:52.262,1.15281,1.15288,1.01,1.50
2016.09.06 10:00:52.313,1.15281,1.15288,1.25,1.50
2016.09.06 10:00:52.415,1.15281,1.15287,1.25,1.00
2016.09.06 10:00:52.669,1.15281,1.15288,1.00,1.50
2016.09.06 10:00:52.840,1.15281,1.15288,1.50,1.50
2016.09.06 10:00:52.891,1.15282,1.15288,1.00,1.50
2016.09.06 10:00:52.942,1.15283,1.15288,1.50,1.00
2016.09.06 10:00:52.994,1.15283,1.15289,1.50,2.06
2016.09.06 10:00:53.045,1.15284,1.15289,1.00,1.69
2016.09.06 10:00:53.146,1.15283,1.15288,1.00,1.00
2016.09.06 10:00:54.031,1.15283,1.15288,1.50,1.00
2016.09.06 10:00:54.085,1.15284,1.15289,1.00,1.25
2016.09.06 10:00:54.136,1.15284,1.15289,1.00,1.00
2016.09.06 10:00:54.515,1.15284,1.1529,1.50,1.00
2016.09.06 10:00:54.566,1.15284,1.15289,1.69,1.00
2016.09.06 10:00:54.618,1.15284,1.15289,1.25,1.00
2016.09.06 10:00:54.690,1.15284,1.15289,1.00,1.00
2016.09.06 10:00:54.741,1.15283,1.15289,1.25,1.00
2016.09.06 10:00:55.284,1.15283,1.15288,1.25,1.00
2016.09.06 10:00:55.335,1.15282,1.15287,1.69,1.00
2016.09.06 10:00:55.386,1.15282,1.15288,1.69,1.50
2016.09.06 10:00:55.437,1.15282,1.15288,1.19,1.50
2016.09.06 10:00:57.640,1.15282,1.15288,1.31,1.50
2016.09.06 10:00:57.691,1.15282,1.15288,1.31,1.00
2016.09.06 10:00:57.802,1.15282,1.15288,1.19,1.50
2016.09.06 10:00:57.854,1.15282,1.15288,1.00,1.50
2016.09.06 10:00:57.905,1.15282,1.15288,1.00,1.00
2016.09.06 10:00:57.956,1.15282,1.15288,1.25,1.00
2016.09.06 10:00:58.007,1.15282,1.15288,1.69,1.00
2016.09.06 10:00:58.170,1.15284,1.15288,1.00,1.00
2016.09.06 10:00:58.221,1.15284,1.15289,1.00,2.25
2016.09.06 10:00:58.322,1.15284,1.15289,1.00,1.50
2016.09.06 10:00:58.373,1.15283,1.15289,1.50,1.00
2016.09.06 10:00:58.424,1.15283,1.15289,1.50,1.00
2016.09.06 10:00:58.577,1.15284,1.15289,1.25,1.00
2016.09.06 10:00:58.719,1.15284,1.1529,1.25,1.50
2016.09.06 10:00:58.771,1.15284,1.1529,1.19,2.25
2016.09.06 10:00:58.872,1.15283,1.1529,1.25,2.25
2016.09.06 10:00:58.923,1.15283,1.15289,1.25,1.00
2016.09.06 10:00:58.974,1.15283,1.15289,1.19,1.00
2016.09.06 10:00:59.025,1.15283,1.1529,1.19,2.25
2016.09.06 10:00:59.179,1.15283,1.1529,1.25,2.25
2016.09.06 10:00:59.230,1.15283,1.1529,1.25,1.50
2016.09.06 10:00:59.331,1.15283,1.1529,1.25,2.25
2016.09.06 10:00:59.601,1.15283,1.1529,1.25,1.50
2016.09.06 10:00:59.652,1.15283,1.1529,1.69,1.50
2016.09.06 10:00:59.703,1.15283,1.1529,1.69,2.25
2016.09.06 10:00:59.805,1.15283,1.1529,1.69,3.00
2016.09.06 10:00:59.950,1.15283,1.1529,1.69,2.25
2016.09.06 10:01:00.052,1.15283,1.1529,1.69,3.00
2016.09.06 10:01:00.154,1.15285,1.1529,1.00,3.00
2016.09.06 10:01:00.204,1.15285,1.1529,1.00,2.25
2016.09.06 10:01:00.306,1.15285,1.1529,1.00,1.50
2016.09.06 10:01:00.357,1.15285,1.1529,1.00,1.00
2016.09.06 10:01:00.756,1.15286,1.15291,1.50,1.25
2016.09.06 10:01:01.275,1.15286,1.15291,1.00,1.25
2016.09.06 10:01:03.944,1.15286,1.15291,1.00,1.00
2016.09.06 10:01:05.066,1.15286,1.15292,1.00,1.00
2016.09.06 10:01:05.219,1.15286,1.15292,1.00,1.87
2016.09.06 10:01:05.321,1.15286,1.1529,1.00,1.00
2016.09.06 10:01:05.525,1.15286,1.15291,1.00,1.50
2016.09.06 10:01:05.688,1.15286,1.15291,1.00,1.00
2016.09.06 10:01:08.749,1.15286,1.15292,1.00,1.00
2016.09.06 10:01:09.190,1.15287,1.15294,1.00,1.65
2016.09.06 10:01:09.241,1.15287,1.15294,2.06,1.65
2016.09.06 10:01:09.441,1.15289,1.15294,1.00,1.65
2016.09.06 10:01:09.566,1.15289,1.15294,1.00,1.50
2016.09.06 10:01:09.617,1.15289,1.15294,1.00,1.00
2016.09.06 10:01:10.051,1.15289,1.15294,1.50,1.00
2016.09.06 10:01:10.671,1.15289,1.15295,1.50,1.09
2016.09.06 10:01:10.722,1.15289,1.15295,1.50,1.84
2016.09.06 10:01:10.929,1.15289,1.15295,1.00,1.84
2016.09.06 10:01:11.422,1.15289,1.15295,1.00,1.09
2016.09.06 10:01:11.924,1.1529,1.15295,1.00,1.09
2016.09.06 10:01:11.975,1.15288,1.15294,1.00,1.00
2016.09.06 10:01:12.026,1.15287,1.15292,2.25,1.00
2016.09.06 10:01:12.077,1.15285,1.15293,2.70,2.44
2016.09.06 10:01:12.128,1.15285,1.15291,1.50,1.00
2016.09.06 10:01:12.230,1.15285,1.1529,1.50,1.00
2016.09.06 10:01:12.281,1.15285,1.1529,1.00,1.00
2016.09.06 10:01:13.044,1.15285,1.1529,1.50,1.00
2016.09.06 10:01:13.545,1.15285,1.1529,1.00,1.00
2016.09.06 10:01:15.999,1.15285,1.1529,1.00,1.50
2016.09.06 10:01:16.133,1.15285,1.1529,1.00,1.00
2016.09.06 10:01:16.235,1.15284,1.15289,1.50,1.00
2016.09.06 10:01:16.336,1.15286,1.15291,1.00,1.31
2016.09.06 10:01:16.591,1.15286,1.15291,1.00,1.25
2016.09.06 10:01:17.014,1.15287,1.15291,1.00,1.25
2016.09.06 10:01:17.272,1.15287,1.15291,1.00,1.00
2016.09.06 10:01:19.181,1.15287,1.15291,1.00,1.69
2016.09.06 10:01:20.051,1.15287,1.15291,1.00,1.25
2016.09.06 10:01:20.137,1.15287,1.15292,1.00,5.06
2016.09.06 10:01:20.258,1.15287,1.15292,1.00,5.14
2016.09.06 10:01:22.326,1.15287,1.1529,1.00,1.00
2016.09.06 10:01:22.478,1.15287,1.1529,1.00,1.00
2016.09.06 10:01:22.544,1.15287,1.15289,1.00,1.00
2016.09.06 10:01:22.595,1.15285,1.15287,1.50,1.00
2016.09.06 10:01:23.055,1.15285,1.15289,1.50,1.84
2016.09.06 10:01:23.357,1.15285,1.15289,1.00,1.84
2016.09.06 10:01:23.542,1.15285,1.15289,1.00,1.39
2016.09.06 10:01:23.694,1.15285,1.15289,1.50,1.39
2016.09.06 10:01:23.965,1.15285,1.15289,1.00,1.39
2016.09.06 10:01:24.266,1.15285,1.15289,1.50,1.39
2016.09.06 10:01:24.368,1.15285,1.15289,1.00,1.39
2016.09.06 10:01:24.884,1.15285,1.15289,1.50,1.39
2016.09.06 10:01:25.167,1.15285,1.15289,1.00,2.59
2016.09.06 10:01:25.218,1.15285,1.15289,1.00,3.34
2016.09.06 10:01:25.269,1.15285,1.15289,1.50,3.34
2016.09.06 10:01:25.362,1.15285,1.15289,1.00,3.34
2016.09.06 10:01:25.468,1.15285,1.15288,1.00,1.25
2016.09.06 10:01:25.585,1.15285,1.15288,1.50,1.25
2016.09.06 10:01:25.856,1.15285,1.15288,1.00,1.25
2016.09.06 10:01:26.065,1.15284,1.15288,1.00,1.25
2016.09.06 10:01:27.773,1.15284,1.15288,1.00,1.69
2016.09.06 10:01:27.824,1.15284,1.15287,1.00,1.00
2016.09.06 10:01:27.926,1.15284,1.15288,1.00,2.44
2016.09.06 10:01:27.978,1.15284,1.15288,1.00,1.25
2016.09.06 10:01:28.262,1.15283,1.15288,1.00,1.00
2016.09.06 10:01:28.674,1.15283,1.15289,1.00,2.40
2016.09.06 10:01:28.790,1.15283,1.15289,1.00,3.90
2016.09.06 10:01:28.841,1.15284,1.15289,1.00,3.15
2016.09.06 10:01:28.892,1.15283,1.15289,1.00,1.65
2016.09.06 10:01:29.121,1.15285,1.1529,1.00,4.50
2016.09.06 10:01:29.172,1.15285,1.1529,1.00,3.75
2016.09.06 10:01:29.223,1.15285,1.1529,1.00,1.50
2016.09.06 10:01:29.376,1.15285,1.1529,1.00,1.00
2016.09.06 10:01:31.284,1.15282,1.15284,1.87,1.00
2016.09.06 10:01:31.335,1.15282,1.15285,1.12,2.44
2016.09.06 10:01:31.386,1.1528,1.15282,1.12,1.19
2016.09.06 10:01:31.437,1.15279,1.15282,1.12,1.69
2016.09.06 10:01:31.489,1.15278,1.15282,1.00,1.69
2016.09.06 10:01:31.540,1.15278,1.15282,1.00,1.19
2016.09.06 10:01:31.591,1.15278,1.15281,1.00,1.25
2016.09.06 10:01:31.694,1.1528,1.15284,1.00,1.19
2016.09.06 10:01:31.770,1.15281,1.15284,1.50,1.25
2016.09.06 10:01:31.824,1.15281,1.15285,1.50,1.19
2016.09.06 10:01:31.876,1.15282,1.15286,1.00,1.19
2016.09.06 10:01:32.334,1.15282,1.15286,1.00,1.69
2016.09.06 10:01:33.003,1.15282,1.15286,1.00,1.19
2016.09.06 10:01:33.206,1.1528,1.15285,1.50,2.06
2016.09.06 10:01:33.257,1.1528,1.15284,1.50,1.19
2016.09.06 10:01:33.410,1.1528,1.15284,1.00,1.19
2016.09.06 10:01:34.368,1.1528,1.15283,1.00,1.25
2016.09.06 10:01:34.470,1.1528,1.15284,1.00,1.19
2016.09.06 10:01:34.550,1.15281,1.15285,1.00,1.76
2016.09.06 10:01:34.795,1.15281,1.15285,1.00,1.01
2016.09.06 10:01:35.019,1.1528,1.15285,1.00,1.76
2016.09.06 10:01:35.070,1.1528,1.15284,1.00,1.25
2016.09.06 10:01:35.121,1.1528,1.15284,1.50,1.25
2016.09.06 10:01:35.222,1.1528,1.15283,1.00,1.25
2016.09.06 10:01:35.425,1.1528,1.15283,1.50,1.25
2016.09.06 10:01:35.527,1.1528,1.15283,1.00,1.25
2016.09.06 10:01:35.628,1.1528,1.15283,1.50,1.25
2016.09.06 10:01:36.288,1.15282,1.15283,1.00,1.00
2016.09.06 10:01:36.339,1.15282,1.15286,1.00,1.76
2016.09.06 10:01:36.389,1.15283,1.15287,1.00,3.37
2016.09.06 10:01:36.440,1.15284,1.15287,1.00,2.06
2016.09.06 10:01:36.491,1.15284,1.15287,1.00,1.25
2016.09.06 10:01:37.091,1.15284,1.15289,1.00,1.84
2016.09.06 10:01:37.408,1.15285,1.15289,1.00,1.09
2016.09.06 10:01:37.459,1.15285,1.1529,1.00,2.62
2016.09.06 10:01:37.560,1.15285,1.1529,1.00,2.25
2016.09.06 10:01:37.612,1.15285,1.1529,1.00,1.87
2016.09.06 10:01:37.663,1.15285,1.1529,1.00,1.44
2016.09.06 10:01:38.042,1.15285,1.15291,1.00,1.95
2016.09.06 10:01:38.619,1.15285,1.15291,1.00,2.32
2016.09.06 10:01:39.834,1.15284,1.15288,1.00,1.25
2016.09.06 10:01:39.885,1.15284,1.15288,1.00,3.19
2016.09.06 10:01:39.936,1.15283,1.15287,1.00,1.44
2016.09.06 10:01:39.987,1.15282,1.15286,1.00,1.69
2016.09.06 10:01:40.038,1.15282,1.15286,1.00,2.44
2016.09.06 10:01:40.089,1.15281,1.15286,1.00,2.62
2016.09.06 10:01:40.191,1.15281,1.15286,1.00,3.37
2016.09.06 10:01:41.204,1.15281,1.15286,1.00,3.75
2016.09.06 10:01:42.314,1.15281,1.15285,1.00,1.19
2016.09.06 10:01:42.469,1.15281,1.15284,1.00,1.25
2016.09.06 10:01:43.437,1.15279,1.15283,1.00,1.00
2016.09.06 10:01:43.530,1.15277,1.15283,1.50,1.00
2016.09.06 10:01:43.887,1.15276,1.15281,1.46,1.19
2016.09.06 10:01:43.938,1.15275,1.15281,2.44,1.19
2016.09.06 10:01:43.989,1.15274,1.1528,1.31,1.25
2016.09.06 10:01:44.040,1.15273,1.1528,5.32,1.69
2016.09.06 10:01:44.091,1.15273,1.1528,4.20,1.69
2016.09.06 10:01:44.193,1.15273,1.1528,3.45,1.69
2016.09.06 10:01:44.294,1.15274,1.1528,1.00,1.69
2016.09.06 10:01:44.346,1.15274,1.1528,1.00,1.25
2016.09.06 10:01:44.447,1.15274,1.1528,1.00,1.69
2016.09.06 10:01:44.509,1.15274,1.1528,1.00,1.25
2016.09.06 10:01:44.709,1.15274,1.1528,1.00,1.69
2016.09.06 10:01:44.911,1.15274,1.1528,1.00,1.25
2016.09.06 10:01:45.111,1.15274,1.1528,1.00,1.69
2016.09.06 10:01:45.677,1.15274,1.1528,1.00,1.50
2016.09.06 10:01:45.915,1.15274,1.1528,1.00,1.00
2016.09.06 10:01:46.122,1.15274,1.1528,1.00,1.50
2016.09.06 10:01:46.326,1.15275,1.1528,1.00,1.00
2016.09.06 10:01:49.222,1.15275,1.1528,1.00,1.25
2016.09.06 10:01:49.927,1.15274,1.15278,1.00,1.00
2016.09.06 10:01:51.940,1.15274,1.15277,1.00,1.00
2016.09.06 10:01:52.082,1.15273,1.15276,2.32,1.00
2016.09.06 10:01:52.133,1.15273,1.15276,1.57,1.00
2016.09.06 10:01:52.234,1.15273,1.15276,1.50,1.00
2016.09.06 10:01:52.589,1.15273,1.15277,2.62,1.00
2016.09.06 10:01:52.640,1.15274,1.15278,1.12,1.00
2016.09.06 10:01:52.792,1.15274,1.15278,2.62,1.00
2016.09.06 10:01:52.996,1.15275,1.15278,1.00,1.00
2016.09.06 10:01:53.520,1.15274,1.15278,2.25,1.00
2016.09.06 10:01:53.833,1.15274,1.15278,1.50,1.00
2016.09.06 10:01:54.032,1.15275,1.15278,1.00,1.00
2016.09.06 10:01:54.405,1.15275,1.15281,1.00,1.69
2016.09.06 10:01:54.456,1.15275,1.15281,1.00,1.19
2016.09.06 10:01:54.558,1.15275,1.15281,1.00,1.69
2016.09.06 10:01:54.756,1.15275,1.15281,1.00,1.19
2016.09.06 10:01:54.959,1.15275,1.15281,1.00,1.19
2016.09.06 10:01:55.010,1.15274,1.15281,3.00,1.19
2016.09.06 10:01:55.162,1.15274,1.1528,3.00,1.25
2016.09.06 10:01:55.313,1.15274,1.1528,1.87,1.25
2016.09.06 10:01:55.536,1.15274,1.15281,1.87,1.69
2016.09.06 10:01:55.636,1.15274,1.1528,1.87,1.25
2016.09.06 10:01:55.736,1.15274,1.15281,1.87,1.69
2016.09.06 10:01:55.958,1.15274,1.1528,1.87,1.25
2016.09.06 10:01:56.465,1.15274,1.15281,1.87,1.69
2016.09.06 10:01:56.739,1.15274,1.1528,1.87,1.25
2016.09.06 10:01:57.141,1.15274,1.15281,1.87,2.44
2016.09.06 10:01:57.304,1.15274,1.15281,1.87,1.69
2016.09.06 10:01:57.354,1.15274,1.1528,1.87,1.25
2016.09.06 10:01:57.643,1.15274,1.15281,1.87,2.44
2016.09.06 10:01:57.693,1.15274,1.15281,1.87,1.69
2016.09.06 10:01:57.843,1.15274,1.1528,1.87,1.25
2016.09.06 10:01:57.894,1.15275,1.1528,1.00,1.25
2016.09.06 10:01:57.945,1.15275,1.15282,1.50,1.69
2016.09.06 10:01:58.305,1.15275,1.15282,1.50,2.44
2016.09.06 10:01:58.697,1.15275,1.15282,1.00,2.44
2016.09.06 10:01:58.748,1.15275,1.15282,1.50,2.44
2016.09.06 10:01:58.951,1.15274,1.15281,3.75,1.19
2016.09.06 10:01:59.104,1.15274,1.15281,2.25,1.19
2016.09.06 10:01:59.206,1.15274,1.15281,1.50,1.19
2016.09.06 10:01:59.822,1.15274,1.1528,1.50,1.25
2016.09.06 10:02:00.336,1.15274,1.15279,1.50,1.00
2016.09.06 10:02:00.438,1.15274,1.15279,1.00,1.00
2016.09.06 10:02:00.540,1.15274,1.15279,1.50,1.00
2016.09.06 10:02:00.853,1.15274,1.15279,2.25,1.00
2016.09.06 10:02:02.079,1.15274,1.15278,1.00,1.00
2016.09.06 10:02:02.130,1.15273,1.15278,1.12,1.19
2016.09.06 10:02:02.182,1.15274,1.15279,1.00,3.19
2016.09.06 10:02:02.233,1.15274,1.15279,1.00,1.50
2016.09.06 10:02:02.284,1.15274,1.15279,1.00,1.00
2016.09.06 10:02:02.335,1.15273,1.1528,1.50,3.00
2016.09.06 10:02:02.386,1.15276,1.1528,1.00,1.87
2016.09.06 10:02:02.437,1.15276,1.1528,1.00,1.00
2016.09.06 10:02:02.489,1.15276,1.15281,1.00,1.00
2016.09.06 10:02:02.591,1.15276,1.15282,1.00,1.00
2016.09.06 10:02:02.925,1.15276,1.15281,1.00,1.19
2016.09.06 10:02:02.978,1.15275,1.15279,1.00,1.00
2016.09.06 10:02:03.029,1.15275,1.15279,1.12,1.19
2016.09.06 10:02:03.081,1.15274,1.15279,2.32,1.19
2016.09.06 10:02:03.132,1.15274,1.15279,1.00,1.19
2016.09.06 10:02:03.183,1.15273,1.15278,2.02,1.25
2016.09.06 10:02:03.234,1.15273,1.15278,2.40,1.25
2016.09.06 10:02:03.285,1.15273,1.15278,1.20,1.25
2016.09.06 10:02:03.387,1.15272,1.15279,5.81,1.19
2016.09.06 10:02:03.438,1.15273,1.15278,1.20,1.25
2016.09.06 10:02:03.489,1.15272,1.15277,4.87,1.00
2016.09.06 10:02:03.540,1.15272,1.15276,2.62,1.00
2016.09.06 10:02:03.591,1.15271,1.15275,3.37,1.00
2016.09.06 10:02:03.641,1.15271,1.15275,2.62,1.00
2016.09.06 10:02:03.692,1.1527,1.15275,3.15,1.50
2016.09.06 10:02:03.759,1.1527,1.15275,2.77,1.50
2016.09.06 10:02:03.860,1.1527,1.15276,2.70,1.50
2016.09.06 10:02:03.911,1.1527,1.15275,1.87,1.00
2016.09.06 10:02:03.969,1.1527,1.15275,1.87,1.50
2016.09.06 10:02:04.020,1.1527,1.15275,1.12,1.50
2016.09.06 10:02:04.071,1.1527,1.15275,1.12,1.00
2016.09.06 10:02:04.173,1.1527,1.15275,1.12,1.50
2016.09.06 10:02:04.680,1.15269,1.15275,3.82,1.50
2016.09.06 10:02:04.783,1.15269,1.15274,3.45,1.00
2016.09.06 10:02:04.834,1.15269,1.15274,2.70,1.00
2016.09.06 10:02:04.936,1.1527,1.15274,1.00,1.00
2016.09.06 10:02:04.986,1.1527,1.15275,1.50,1.00
2016.09.06 10:02:05.275,1.1527,1.15274,1.00,1.00
2016.09.06 10:02:05.377,1.15269,1.15274,2.70,1.00
2016.09.06 10:02:05.427,1.15271,1.15275,1.00,1.00
2016.09.06 10:02:05.478,1.15272,1.15277,1.00,1.50
2016.09.06 10:02:05.529,1.15272,1.15276,1.00,1.00
2016.09.06 10:02:05.631,1.15272,1.15277,1.87,1.00
2016.09.06 10:02:05.682,1.15272,1.15277,2.25,1.00
2016.09.06 10:02:05.733,1.15272,1.15277,2.62,1.00
2016.09.06 10:02:05.902,1.15272,1.15277,2.25,1.00
2016.09.06 10:02:05.953,1.15272,1.15277,3.00,1.00
2016.09.06 10:02:06.004,1.15272,1.15277,2.62,1.00
2016.09.06 10:02:06.076,1.15272,1.15277,2.25,1.00
2016.09.06 10:02:06.190,1.15273,1.15278,1.00,1.00
2016.09.06 10:02:06.241,1.15273,1.15278,1.50,1.00
2016.09.06 10:02:09.074,1.15273,1.15278,2.25,1.00
2016.09.06 10:02:10.087,1.15273,1.15278,1.50,1.00
2016.09.06 10:02:10.138,1.15273,1.15278,1.00,1.50
2016.09.06 10:02:10.189,1.15272,1.15278,3.07,1.50
2016.09.06 10:02:10.293,1.15272,1.15277,1.20,1.50
2016.09.06 10:02:10.344,1.15271,1.15276,1.12,1.00
2016.09.06 10:02:10.395,1.1527,1.15276,4.12,1.50
2016.09.06 10:02:10.496,1.15271,1.15276,1.00,1.00
2016.09.06 10:02:10.750,1.15272,1.15277,2.25,1.50
2016.09.06 10:02:10.903,1.15273,1.15277,1.00,1.50
2016.09.06 10:02:11.640,1.15272,1.15277,2.62,1.00
2016.09.06 10:02:11.742,1.15272,1.15277,2.25,1.00
2016.09.06 10:02:11.794,1.15273,1.15278,1.00,1.50
2016.09.06 10:02:11.846,1.15275,1.1528,1.87,1.10
2016.09.06 10:02:11.897,1.15276,1.1528,1.00,1.00
2016.09.06 10:02:12.086,1.15277,1.15281,1.50,1.00
2016.09.06 10:02:12.239,1.15277,1.15282,2.25,1.00
2016.09.06 10:02:12.391,1.15277,1.15282,1.50,1.00
2016.09.06 10:02:12.493,1.15277,1.15281,1.00,1.00
2016.09.06 10:02:12.544,1.15275,1.1528,3.00,1.00
2016.09.06 10:02:12.595,1.15275,1.1528,1.50,1.00
2016.09.06 10:02:12.646,1.15274,1.15279,2.25,1.00
2016.09.06 10:02:12.851,1.15276,1.15281,1.00,1.50
2016.09.06 10:02:12.902,1.15276,1.15281,1.00,1.00
2016.09.06 10:02:13.219,1.15276,1.15281,1.00,1.00
2016.09.06 10:02:13.270,1.15275,1.15281,2.25,1.00
2016.09.06 10:02:13.422,1.15275,1.15281,2.25,1.00
2016.09.06 10:02:13.725,1.15275,1.15279,1.12,1.00
2016.09.06 10:02:13.777,1.15274,1.15279,1.50,1.00
2016.09.06 10:02:13.879,1.15274,1.1528,1.50,1.50
2016.09.06 10:02:13.930,1.15274,1.1528,1.50,1.00
2016.09.06 10:02:14.031,1.15274,1.1528,2.62,1.00
2016.09.06 10:02:14.136,1.15275,1.1528,1.00,1.50
2016.09.06 10:02:14.289,1.15274,1.15279,2.25,1.00
2016.09.06 10:02:14.441,1.15274,1.15279,1.12,1.00
2016.09.06 10:02:14.492,1.15274,1.15279,1.00,1.00
2016.09.06 10:02:14.710,1.15274,1.15279,1.50,1.00
2016.09.06 10:02:14.913,1.15274,1.15279,3.75,1.00
2016.09.06 10:02:14.964,1.15274,1.15279,4.12,1.00
2016.09.06 10:02:15.358,1.15274,1.15279,3.37,1.00
2016.09.06 10:02:17.083,1.15274,1.1528,2.62,1.00
2016.09.06 10:02:17.235,1.15274,1.15281,2.62,2.25
2016.09.06 10:02:17.336,1.15274,1.1528,2.62,1.00
2016.09.06 10:02:17.597,1.15274,1.15281,2.62,2.25
2016.09.06 10:02:17.797,1.15274,1.1528,2.62,1.00
2016.09.06 10:02:17.848,1.15275,1.1528,1.12,1.00
2016.09.06 10:02:18.016,1.15275,1.1528,1.00,1.00
2016.09.06 10:02:18.174,1.15276,1.1528,1.00,1.00
2016.09.06 10:02:18.225,1.15276,1.1528,1.12,1.00
2016.09.06 10:02:18.277,1.15276,1.1528,1.50,1.00
2016.09.06 10:02:20.441,1.15276,1.15281,2.25,1.00
2016.09.06 10:02:21.067,1.15276,1.15281,1.50,1.00
2016.09.06 10:02:21.727,1.15276,1.15281,1.12,1.00
2016.09.06 10:02:21.778,1.15276,1.15281,1.00,1.00
2016.09.06 10:02:22.282,1.15275,1.15281,2.25,1.00
2016.09.06 10:02:22.937,1.15275,1.15281,3.00,1.00
2016.09.06 10:02:23.057,1.15275,1.15281,2.25,1.00
2016.09.06 10:02:23.965,1.15275,1.15282,2.25,1.00
2016.09.06 10:02:24.090,1.15276,1.15283,1.50,1.10
2016.09.06 10:02:24.243,1.15276,1.15283,1.50,1.00
2016.09.06 10:02:24.627,1.15276,1.15283,1.50,1.50
2016.09.06 10:02:25.288,1.15277,1.15283,1.00,1.50
2016.09.06 10:02:25.339,1.15278,1.15283,1.00,1.00
2016.09.06 10:02:25.390,1.15278,1.15283,1.50,1.00
2016.09.06 10:02:25.542,1.15278,1.15283,2.62,1.00
2016.09.06 10:02:25.648,1.15278,1.15283,1.50,1.00
2016.09.06 10:02:27.266,1.15279,1.15284,1.00,1.00
2016.09.06 10:02:28.948,1.15278,1.15282,1.00,1.00
2016.09.06 10:02:28.999,1.15277,1.1528,1.12,1.00
2016.09.06 10:02:29.050,1.15275,1.15277,1.12,1.00
2016.09.06 10:02:29.101,1.15273,1.15277,1.00,1.00
2016.09.06 10:02:29.220,1.15275,1.15279,1.00,1.20
2016.09.06 10:02:29.271,1.15275,1.1528,1.00,3.07
2016.09.06 10:02:29.322,1.15275,1.1528,1.00,1.95
2016.09.06 10:02:29.372,1.15276,1.15281,1.12,2.62
2016.09.06 10:02:29.423,1.15277,1.15283,1.00,3.00
2016.09.06 10:02:29.474,1.15277,1.15283,1.00,1.87
2016.09.06 10:02:29.525,1.15277,1.15283,1.50,1.00
2016.09.06 10:02:29.576,1.15277,1.15284,1.50,2.06
2016.09.06 10:02:29.649,1.15279,1.15284,1.00,1.69
2016.09.06 10:02:30.448,1.15279,1.15284,1.00,1.50
2016.09.06 10:02:30.550,1.15279,1.15285,1.00,1.20
2016.09.06 10:02:30.652,1.15279,1.15285,1.00,1.65
2016.09.06 10:02:31.045,1.15279,1.15285,1.00,1.39
2016.09.06 10:02:31.261,1.15279,1.15285,1.00,1.19
2016.09.06 10:02:31.465,1.15279,1.15285,1.00,1.69
2016.09.06 10:02:32.712,1.15278,1.15283,1.00,1.00
2016.09.06 10:02:32.763,1.15277,1.15282,1.50,1.25
2016.09.06 10:02:33.834,1.15277,1.15282,1.00,1.25
2016.09.06 10:02:35.296,1.15277,1.15283,1.00,1.19
2016.09.06 10:02:35.347,1.15277,1.15283,1.00,1.29
2016.09.06 10:02:35.558,1.15277,1.15283,1.25,1.10
2016.09.06 10:02:35.609,1.15279,1.15283,1.50,1.10
2016.09.06 10:02:35.661,1.15281,1.15286,1.00,4.50
2016.09.06 10:02:35.712,1.15281,1.15286,1.00,3.37
2016.09.06 10:02:35.763,1.15281,1.15286,1.00,1.87
2016.09.06 10:02:35.814,1.15281,1.15286,1.00,1.57
2016.09.06 10:02:35.866,1.15281,1.15286,1.00,1.10
2016.09.06 10:02:35.917,1.15281,1.15286,1.00,1.00
2016.09.06 10:02:36.434,1.15282,1.15287,1.00,1.57
2016.09.06 10:02:36.485,1.15282,1.15287,1.00,1.10
2016.09.06 10:02:36.536,1.15282,1.15287,1.00,1.57
2016.09.06 10:02:36.637,1.15282,1.15287,1.00,1.10
2016.09.06 10:02:37.127,1.15282,1.15287,1.00,1.57
2016.09.06 10:02:37.713,1.15281,1.15287,1.00,1.57
2016.09.06 10:02:37.764,1.15281,1.15286,1.00,1.00
2016.09.06 10:02:39.107,1.1528,1.15287,1.87,1.57
2016.09.06 10:02:39.158,1.1528,1.15287,1.00,2.32
2016.09.06 10:02:39.381,1.1528,1.15287,1.50,2.32
2016.09.06 10:02:39.547,1.1528,1.15287,1.50,1.57
2016.09.06 10:02:39.649,1.1528,1.15283,1.00,1.00
2016.09.06 10:02:39.803,1.15279,1.15283,1.50,1.00
2016.09.06 10:02:40.240,1.15279,1.15283,1.69,1.00
2016.09.06 10:02:40.343,1.15279,1.15283,1.25,1.00
2016.09.06 10:02:40.797,1.15279,1.15284,2.44,1.00
2016.09.06 10:02:40.848,1.15281,1.15284,1.00,1.00
2016.09.06 10:02:41.230,1.1528,1.15283,1.00,1.00
2016.09.06 10:02:41.281,1.15279,1.15282,1.12,1.00
2016.09.06 10:02:41.332,1.15278,1.15282,1.62,1.00
2016.09.06 10:02:41.383,1.15277,1.15282,2.70,1.00
2016.09.06 10:02:41.434,1.15278,1.15282,1.31,1.00
2016.09.06 10:02:41.800,1.15278,1.15283,2.06,1.00
2016.09.06 10:02:41.851,1.15278,1.15283,1.69,1.00
2016.09.06 10:02:42.265,1.15278,1.15283,2.06,1.00
2016.09.06 10:02:42.368,1.15278,1.15283,1.69,1.00
2016.09.06 10:02:42.572,1.15278,1.15284,1.25,1.00
2016.09.06 10:02:43.293,1.15278,1.15281,1.25,1.00
2016.09.06 10:02:43.344,1.15277,1.15281,1.00,1.00
2016.09.06 10:02:43.395,1.15276,1.15281,1.50,1.00
2016.09.06 10:02:43.446,1.15276,1.15281,1.00,1.00
2016.09.06 10:02:43.598,1.15276,1.1528,1.00,1.00
2016.09.06 10:02:43.700,1.15276,1.1528,1.00,1.50
2016.09.06 10:02:43.903,1.15275,1.1528,1.00,1.00
2016.09.06 10:02:44.004,1.15275,1.1528,1.00,1.50
2016.09.06 10:02:44.473,1.15275,1.1528,1.00,1.00
2016.09.06 10:02:44.574,1.15275,1.1528,1.00,1.50
2016.09.06 10:02:44.670,1.15275,1.1528,1.00,1.00
2016.09.06 10:02:44.804,1.15275,1.1528,1.00,1.50
2016.09.06 10:02:44.855,1.15275,1.1528,1.00,1.00
2016.09.06 10:02:44.906,1.15275,1.15281,1.00,1.00
2016.09.06 10:02:44.957,1.15276,1.15281,1.50,1.50
2016.09.06 10:02:45.160,1.15276,1.15281,1.87,1.50
2016.09.06 10:02:45.323,1.15276,1.15281,2.06,1.50
2016.09.06 10:02:45.374,1.15276,1.15281,2.06,1.00
2016.09.06 10:02:45.425,1.15276,1.15282,2.06,1.50
2016.09.06 10:02:45.476,1.15276,1.15282,1.69,1.50
2016.09.06 10:02:45.577,1.15276,1.15282,1.69,1.00
2016.09.06 10:02:45.628,1.15277,1.15282,1.00,1.00
2016.09.06 10:02:46.382,1.15276,1.15282,1.50,1.00
2016.09.06 10:02:46.535,1.15276,1.15282,1.00,1.00
2016.09.06 10:02:47.043,1.15277,1.15282,1.00,1.50
2016.09.06 10:02:47.548,1.15277,1.15282,1.00,1.00
2016.09.06 10:02:48.443,1.15277,1.15282,1.00,1.50
2016.09.06 10:02:48.781,1.15277,1.15282,1.00,1.00
2016.09.06 10:02:49.042,1.15277,1.15282,1.00,1.50
2016.09.06 10:02:49.144,1.15277,1.15282,1.00,1.00
2016.09.06 10:02:51.036,1.15277,1.15283,1.00,1.00
2016.09.06 10:02:51.126,1.15277,1.15284,1.00,1.65
2016.09.06 10:02:51.177,1.15279,1.15284,1.00,1.00
2016.09.06 10:02:51.735,1.15278,1.15285,1.12,2.25
2016.09.06 10:02:51.837,1.15278,1.15285,1.87,2.25
2016.09.06 10:02:51.989,1.15278,1.15285,2.62,2.25
2016.09.06 10:02:52.040,1.1528,1.15285,1.00,2.25
2016.09.06 10:02:52.091,1.1528,1.15285,1.00,1.00
2016.09.06 10:02:52.505,1.1528,1.15287,2.81,2.40
2016.09.06 10:02:52.556,1.15281,1.15287,1.00,1.65
2016.09.06 10:02:52.607,1.15282,1.15287,1.00,1.50
2016.09.06 10:02:52.658,1.15282,1.15287,1.00,1.00
2016.09.06 10:02:52.760,1.15282,1.15287,1.50,1.00
2016.09.06 10:02:52.811,1.15284,1.15288,1.00,1.10
2016.09.06 10:02:52.862,1.15283,1.15288,1.00,1.10
2016.09.06 10:02:52.913,1.15283,1.15289,1.00,1.87
2016.09.06 10:02:52.964,1.15283,1.1529,1.00,3.34
2016.09.06 10:02:53.015,1.15283,1.1529,1.00,1.76
2016.09.06 10:02:53.066,1.15283,1.1529,2.25,1.69
2016.09.06 10:02:53.175,1.15283,1.1529,2.25,2.44
2016.09.06 10:02:53.226,1.15283,1.1529,2.25,1.69
2016.09.06 10:02:53.277,1.15283,1.1529,1.50,1.69
2016.09.06 10:02:53.379,1.15283,1.15289,1.50,1.00
2016.09.06 10:02:53.997,1.15283,1.15288,1.50,1.00
2016.09.06 10:02:54.443,1.15282,1.15289,2.25,1.00
2016.09.06 10:02:54.494,1.15282,1.15289,1.87,1.00
2016.09.06 10:02:54.545,1.15282,1.15289,1.50,1.00
2016.09.06 10:02:55.078,1.15283,1.1529,1.00,3.19
2016.09.06 10:02:55.246,1.15283,1.1529,1.00,2.44
2016.09.06 10:02:55.297,1.15283,1.1529,1.00,3.19
2016.09.06 10:02:56.280,1.15283,1.1529,1.50,3.19
2016.09.06 10:02:56.624,1.15283,1.1529,1.50,2.44
2016.09.06 10:02:56.802,1.15283,1.1529,1.50,3.19
2016.09.06 10:02:57.585,1.15284,1.1529,1.50,2.44
2016.09.06 10:02:57.636,1.15284,1.1529,1.50,2.25
2016.09.06 10:02:57.687,1.15284,1.1529,1.50,1.50
2016.09.06 10:02:57.738,1.15285,1.1529,1.00,1.00
2016.09.06 10:02:59.120,1.15283,1.1529,3.75,1.00
2016.09.06 10:02:59.228,1.15283,1.15288,1.69,1.50
2016.09.06 10:02:59.279,1.15283,1.15288,1.50,1.50
2016.09.06 10:02:59.330,1.15283,1.15288,1.12,1.50
2016.09.06 10:02:59.381,1.15283,1.15288,1.00,1.00
2016.09.06 10:02:59.432,1.15284,1.1529,1.00,1.69
2016.09.06 10:02:59.483,1.15285,1.1529,1.00,1.00
2016.09.06 10:02:59.534,1.15285,1.1529,1.00,1.00
2016.09.06 10:02:59.585,1.15285,1.1529,1.00,1.50
2016.09.06 10:02:59.764,1.15285,1.15291,1.00,1.00
2016.09.06 10:03:00.267,1.15286,1.15291,1.00,1.00
2016.09.06 10:03:00.665,1.15287,1.15292,1.00,2.32
2016.09.06 10:03:00.872,1.15287,1.15292,1.00,1.57
2016.09.06 10:03:01.076,1.15287,1.15292,1.00,2.32
2016.09.06 10:03:02.277,1.15287,1.15292,1.00,1.57
2016.09.06 10:03:03.079,1.15287,1.15292,1.00,1.10
2016.09.06 10:03:03.406,1.15287,1.15292,1.00,1.57
2016.09.06 10:03:03.464,1.15287,1.15292,1.00,1.50
2016.09.06 10:03:03.516,1.15287,1.15292,1.00,1.00
2016.09.06 10:03:03.618,1.15287,1.15293,1.00,1.69
2016.09.06 10:03:03.669,1.15287,1.15293,1.00,1.25
2016.09.06 10:03:04.129,1.15287,1.15294,1.00,1.19
2016.09.06 10:03:04.503,1.15287,1.15294,1.00,1.19
2016.09.06 10:03:04.675,1.15288,1.15293,1.00,1.25
2016.09.06 10:03:04.776,1.15289,1.15295,1.00,4.39
2016.09.06 10:03:04.878,1.15289,1.15295,1.00,2.89
2016.09.06 10:03:04.929,1.15289,1.15295,1.00,2.44
2016.09.06 10:03:05.082,1.15288,1.15295,1.00,2.44
2016.09.06 10:03:05.271,1.15288,1.15295,1.00,3.19
2016.09.06 10:03:05.474,1.15288,1.15294,1.00,1.00
2016.09.06 10:03:05.779,1.15287,1.15294,1.00,1.00
2016.09.06 10:03:06.284,1.15289,1.15294,1.00,1.50
2016.09.06 10:03:06.649,1.15288,1.15293,1.00,1.00
2016.09.06 10:03:06.751,1.15287,1.15293,2.25,1.00
2016.09.06 10:03:06.803,1.15287,1.15293,1.12,1.50
2016.09.06 10:03:06.854,1.15287,1.15293,1.00,1.50
2016.09.06 10:03:06.906,1.15286,1.15292,1.76,1.00
2016.09.06 10:03:07.012,1.15286,1.15293,2.44,1.50
2016.09.06 10:03:07.063,1.15288,1.15293,1.00,1.50
2016.09.06 10:03:07.114,1.15288,1.15293,1.00,1.00
2016.09.06 10:03:07.165,1.15288,1.15294,1.00,2.25
2016.09.06 10:03:07.216,1.15289,1.15294,1.00,1.50
2016.09.06 10:03:07.865,1.15287,1.15294,1.00,1.50
2016.09.06 10:03:07.916,1.15287,1.15293,1.00,1.00
2016.09.06 10:03:08.221,1.15287,1.15293,1.00,1.50
2016.09.06 10:03:08.272,1.15286,1.15293,1.69,1.50
2016.09.06 10:03:08.374,1.15287,1.15293,1.00,1.50
2016.09.06 10:03:08.890,1.15287,1.15293,1.00,2.25
2016.09.06 10:03:09.002,1.15287,1.15293,1.00,1.50
2016.09.06 10:03:09.106,1.15287,1.15293,1.00,2.25
2016.09.06 10:03:09.921,1.15287,1.15293,1.19,2.25
2016.09.06 10:03:09.972,1.15289,1.15293,1.00,1.50
2016.09.06 10:03:10.023,1.15289,1.15293,1.19,1.00
2016.09.06 10:03:10.075,1.15287,1.15292,1.56,1.00
2016.09.06 10:03:10.126,1.15288,1.15293,1.00,1.50
2016.09.06 10:03:11.134,1.15287,1.15293,1.00,1.00
2016.09.06 10:03:11.185,1.15287,1.15294,1.00,1.20
2016.09.06 10:03:13.627,1.15287,1.15294,1.50,1.20
2016.09.06 10:03:14.117,1.15289,1.15294,1.00,1.65
2016.09.06 10:03:14.270,1.15289,1.15294,1.00,1.57
2016.09.06 10:03:14.321,1.15289,1.15294,1.00,1.50
2016.09.06 10:03:15.378,1.15288,1.15294,1.00,1.50
2016.09.06 10:03:16.530,1.15288,1.15294,1.00,2.25
2016.09.06 10:03:16.711,1.15288,1.15294,1.00,1.50
2016.09.06 10:03:16.813,1.15288,1.15294,1.00,2.25
2016.09.06 10:03:17.031,1.15288,1.15294,1.00,1.50
2016.09.06 10:03:17.331,1.15288,1.15294,1.00,2.25
2016.09.06 10:03:17.535,1.15288,1.15294,1.00,1.50
2016.09.06 10:03:18.434,1.15288,1.15294,1.00,2.25
2016.09.06 10:03:18.587,1.1529,1.15294,1.00,1.50
2016.09.06 10:03:18.638,1.1529,1.15297,2.25,4.12
2016.09.06 10:03:18.689,1.1529,1.15297,1.50,3.37
2016.09.06 10:03:18.740,1.15291,1.15297,1.00,3.00
2016.09.06 10:03:18.791,1.15292,1.15297,1.12,2.25
2016.09.06 10:03:18.842,1.15292,1.15298,1.12,1.57
2016.09.06 10:03:18.943,1.15292,1.15298,1.12,1.50
2016.09.06 10:03:19.045,1.15292,1.15298,1.87,1.50
2016.09.06 10:03:19.096,1.15292,1.15298,1.87,1.00
2016.09.06 10:03:19.221,1.15293,1.15298,1.00,1.00
2016.09.06 10:03:19.983,1.15293,1.15299,1.00,1.25
2016.09.06 10:03:20.034,1.15294,1.15299,1.00,1.25
2016.09.06 10:03:20.278,1.15294,1.15301,1.50,2.70
2016.09.06 10:03:20.330,1.15294,1.15297,2.25,1.00
2016.09.06 10:03:20.382,1.15294,1.15297,1.50,1.00
2016.09.06 10:03:20.434,1.15292,1.15295,1.12,1.00
2016.09.06 10:03:20.485,1.15291,1.15294,2.25,1.00
2016.09.06 10:03:20.537,1.15291,1.15293,1.12,1.00
2016.09.06 10:03:20.589,1.15289,1.15293,1.00,1.00
2016.09.06 10:03:20.640,1.15288,1.15295,1.00,3.71
2016.09.06 10:03:20.691,1.1529,1.15295,1.00,2.59
2016.09.06 10:03:20.742,1.1529,1.15296,1.00,1.12
2016.09.06 10:03:20.793,1.1529,1.15296,1.00,1.00
2016.09.06 10:03:21.049,1.1529,1.15298,1.50,2.32
2016.09.06 10:03:21.100,1.1529,1.15298,2.62,2.32
2016.09.06 10:03:21.202,1.15291,1.15298,1.12,2.32
2016.09.06 10:03:21.439,1.15291,1.15298,1.12,1.57
2016.09.06 10:03:21.643,1.15291,1.15296,1.12,1.00
2016.09.06 10:03:21.745,1.15291,1.15297,1.12,1.50
2016.09.06 10:03:22.002,1.1529,1.15296,1.87,1.00
2016.09.06 10:03:22.104,1.1529,1.15296,2.62,1.00
2016.09.06 10:03:22.310,1.15291,1.15296,1.12,1.00
2016.09.06 10:03:22.418,1.1529,1.15296,2.62,1.00
2016.09.06 10:03:22.608,1.15292,1.15296,1.12,1.00
2016.09.06 10:03:22.710,1.15292,1.15297,1.87,1.00
2016.09.06 10:03:23.538,1.15292,1.15297,1.00,1.00
2016.09.06 10:03:23.589,1.15293,1.15298,1.00,1.50
2016.09.06 10:03:23.640,1.15293,1.15299,1.00,1.65
2016.09.06 10:03:23.742,1.15293,1.15299,1.00,1.57
2016.09.06 10:03:23.793,1.15293,1.15299,1.87,1.50
2016.09.06 10:03:23.995,1.15294,1.15299,1.00,1.50
2016.09.06 10:03:24.148,1.15294,1.153,1.00,2.40
2016.09.06 10:03:24.375,1.15294,1.153,1.00,2.32
2016.09.06 10:03:24.426,1.15294,1.15299,1.00,1.00
2016.09.06 10:03:26.055,1.15295,1.153,1.00,2.25
2016.09.06 10:03:26.159,1.15295,1.153,1.00,1.50
2016.09.06 10:03:26.839,1.15295,1.153,1.00,2.25
2016.09.06 10:03:26.941,1.15295,1.15299,1.00,1.00
2016.09.06 10:03:27.919,1.15294,1.15299,1.00,1.50
2016.09.06 10:03:28.021,1.15294,1.15299,1.00,2.25
2016.09.06 10:03:28.179,1.15292,1.15299,1.87,2.25
2016.09.06 10:03:28.230,1.15292,1.15298,1.87,1.00
2016.09.06 10:03:28.332,1.15292,1.15298,1.00,1.00
2016.09.06 10:03:28.538,1.15293,1.15298,1.00,1.00
2016.09.06 10:03:28.792,1.15294,1.15299,1.00,1.50
2016.09.06 10:03:28.843,1.15295,1.153,1.00,1.20
2016.09.06 10:03:28.945,1.15295,1.15301,1.50,1.50
2016.09.06 10:03:28.996,1.15295,1.15301,1.50,1.20
2016.09.06 10:03:29.047,1.15295,1.15302,2.25,1.50
2016.09.06 10:03:29.098,1.15295,1.15302,2.25,1.87
2016.09.06 10:03:29.149,1.15295,1.15302,1.50,2.25
2016.09.06 10:03:29.481,1.15296,1.15302,1.00,1.00
2016.09.06 10:03:29.633,1.15298,1.15302,1.00,1.00
2016.09.06 10:03:29.740,1.15297,1.15303,1.00,1.20
2016.09.06 10:03:29.791,1.15297,1.15303,1.00,1.10
2016.09.06 10:03:29.842,1.15297,1.15303,1.50,1.00
2016.09.06 10:03:30.357,1.15298,1.15303,1.00,1.00
2016.09.06 10:03:30.420,1.15298,1.15303,1.50,1.00
2016.09.06 10:03:30.523,1.15298,1.15303,1.00,1.00
2016.09.06 10:03:31.106,1.15297,1.15302,1.50,1.00
2016.09.06 10:03:31.486,1.15297,1.15304,1.50,1.50
2016.09.06 10:03:31.538,1.15299,1.15305,1.00,1.09
2016.09.06 10:03:31.639,1.15302,1.15306,1.00,1.50
2016.09.06 10:03:31.690,1.15302,1.15307,1.00,1.27
2016.09.06 10:03:31.742,1.15302,1.15305,1.00,1.00
2016.09.06 10:03:31.793,1.15302,1.15307,1.00,1.87
2016.09.06 10:03:31.844,1.15299,1.15304,1.00,1.50
2016.09.06 10:03:31.895,1.153,1.15304,1.00,1.00
2016.09.06 10:03:31.946,1.153,1.15305,1.50,1.00
2016.09.06 10:03:32.048,1.153,1.15305,1.00,1.00
2016.09.06 10:03:32.614,1.153,1.15304,1.00,1.00
2016.09.06 10:03:32.982,1.15298,1.15304,1.00,1.00
2016.09.06 10:03:33.257,1.15298,1.15304,1.50,1.00
2016.09.06 10:03:35.042,1.15298,1.15303,1.50,1.00
2016.09.06 10:03:36.690,1.15298,1.15303,1.69,1.00
2016.09.06 10:03:37.123,1.15298,1.15305,1.69,3.00
2016.09.06 10:03:37.213,1.15298,1.15305,1.69,2.25
2016.09.06 10:03:37.264,1.15298,1.15305,1.69,3.75
2016.09.06 10:03:37.378,1.15298,1.15305,1.69,3.00
2016.09.06 10:03:37.691,1.15298,1.15305,1.69,3.75
2016.09.06 10:03:37.983,1.15298,1.15304,1.69,1.00
2016.09.06 10:03:38.034,1.15298,1.15302,1.25,1.00
2016.09.06 10:03:38.395,1.15298,1.15304,1.25,2.62
2016.09.06 10:03:38.447,1.15299,1.15302,1.00,1.00
2016.09.06 10:03:38.651,1.153,1.15304,1.00,1.00
2016.09.06 10:03:38.702,1.15302,1.15306,1.00,2.40
2016.09.06 10:03:38.805,1.15302,1.15306,1.00,1.65
2016.09.06 10:03:38.907,1.15302,1.15306,1.00,1.10
2016.09.06 10:03:38.958,1.15302,1.15306,1.00,1.00
2016.09.06 10:03:39.575,1.15302,1.15306,1.00,1.50
2016.09.06 10:03:39.677,1.15301,1.15307,1.31,1.50
2016.09.06 10:03:39.728,1.15302,1.15307,1.19,1.50
2016.09.06 10:03:39.788,1.15301,1.15307,1.50,1.00
2016.09.06 10:03:39.839,1.15301,1.15308,1.50,1.87
2016.09.06 10:03:39.890,1.15302,1.15308,1.00,1.87
2016.09.06 10:03:39.941,1.15302,1.15306,1.00,1.00
2016.09.06 10:03:40.169,1.15301,1.15307,1.00,1.87
2016.09.06 10:03:40.271,1.15302,1.15307,1.00,2.62
2016.09.06 10:03:40.500,1.15302,1.15307,1.00,2.25
2016.09.06 10:03:40.851,1.15302,1.15306,1.00,1.00
2016.09.06 10:03:43.116,1.15303,1.15307,1.00,1.50
2016.09.06 10:03:43.167,1.15303,1.15307,1.00,1.00
2016.09.06 10:03:43.269,1.15303,1.15308,1.00,1.50
2016.09.06 10:03:43.473,1.15303,1.15308,1.00,1.00
2016.09.06 10:03:43.575,1.15305,1.1531,1.00,4.27
2016.09.06 10:03:43.626,1.15306,1.1531,1.00,2.77
2016.09.06 10:03:43.677,1.15307,1.1531,1.00,2.02
2016.09.06 10:03:43.728,1.15307,1.15311,1.00,2.25
2016.09.06 10:03:43.779,1.15307,1.15311,1.00,1.50
2016.09.06 10:03:43.992,1.15307,1.15311,1.00,1.00
2016.09.06 10:03:44.095,1.15305,1.15311,1.50,2.25
2016.09.06 10:03:44.145,1.15305,1.15311,2.25,1.50
2016.09.06 10:03:44.247,1.15305,1.15311,1.50,1.50
2016.09.06 10:03:44.298,1.15305,1.15311,1.00,1.50
2016.09.06 10:03:44.439,1.15306,1.15311,1.00,1.00
2016.09.06 10:03:44.490,1.15306,1.15312,1.00,3.00
2016.09.06 10:03:44.541,1.15306,1.1531,1.00,1.00
2016.09.06 10:03:46.609,1.15306,1.15311,1.00,1.00
2016.09.06 10:03:46.712,1.15308,1.15312,1.00,1.50
2016.09.06 10:03:46.765,1.15309,1.15313,1.00,1.95
2016.09.06 10:03:46.816,1.15309,1.15313,1.00,1.50
2016.09.06 10:03:46.867,1.15309,1.15313,1.50,1.50
2016.09.06 10:03:46.919,1.1531,1.15315,1.50,1.50
2016.09.06 10:03:46.970,1.1531,1.15315,1.50,1.00
2016.09.06 10:03:47.021,1.1531,1.15315,1.00,1.00
2016.09.06 10:03:47.071,1.1531,1.15315,1.00,1.00
2016.09.06 10:03:47.571,1.1531,1.15317,1.00,3.56
2016.09.06 10:03:47.724,1.15311,1.15317,1.00,3.19
2016.09.06 10:03:47.788,1.15311,1.15317,1.00,2.44
2016.09.06 10:03:47.941,1.15311,1.15317,1.00,2.06
2016.09.06 10:03:47.992,1.15311,1.15316,1.00,1.00
2016.09.06 10:03:48.382,1.15311,1.15315,1.00,1.00
2016.09.06 10:03:48.485,1.15311,1.15316,1.00,1.50
2016.09.06 10:03:48.639,1.15311,1.15316,1.50,1.50
2016.09.06 10:03:48.791,1.15311,1.15315,1.50,1.00
2016.09.06 10:03:48.980,1.15311,1.15316,1.00,1.50
2016.09.06 10:03:49.781,1.15311,1.15315,1.00,1.00
2016.09.06 10:03:50.049,1.15311,1.15316,1.00,1.50
2016.09.06 10:03:50.861,1.1531,1.15316,1.50,1.50
2016.09.06 10:03:50.912,1.15311,1.15316,1.00,1.50
2016.09.06 10:03:51.170,1.15311,1.15316,1.00,1.00
2016.09.06 10:03:51.221,1.1531,1.15317,1.50,1.00
2016.09.06 10:03:51.271,1.15311,1.15317,1.00,1.00
2016.09.06 10:03:51.373,1.15312,1.15317,1.00,1.00
2016.09.06 10:03:51.782,1.15312,1.15317,1.00,1.50
2016.09.06 10:03:51.887,1.15312,1.15317,1.00,1.00
2016.09.06 10:03:52.775,1.15312,1.15319,1.00,2.32
2016.09.06 10:03:52.826,1.15314,1.15319,1.00,2.32
2016.09.06 10:03:52.877,1.15314,1.15319,1.00,1.50
2016.09.06 10:03:52.978,1.15314,1.15319,1.00,1.00
2016.09.06 10:03:53.232,1.15315,1.1532,1.00,1.50
2016.09.06 10:03:53.282,1.15317,1.1532,1.00,1.00
2016.09.06 10:03:53.333,1.15317,1.15321,1.00,1.10
2016.09.06 10:03:53.436,1.15317,1.15321,1.00,1.00
2016.09.06 10:03:53.746,1.15317,1.15322,1.00,1.50
2016.09.06 10:03:53.798,1.15317,1.15322,1.00,1.00
2016.09.06 10:03:53.950,1.15317,1.15323,1.00,2.77
2016.09.06 10:03:54.053,1.15315,1.15323,2.25,2.40
2016.09.06 10:03:54.103,1.15317,1.15323,1.00,1.65
2016.09.06 10:03:54.868,1.15316,1.15323,1.00,1.65
2016.09.06 10:03:54.969,1.15316,1.15323,1.00,1.57
2016.09.06 10:03:55.020,1.15316,1.15323,1.00,1.50
2016.09.06 10:03:55.656,1.15317,1.15322,1.00,1.00
2016.09.06 10:03:55.758,1.15316,1.15322,1.50,1.00
2016.09.06 10:03:57.295,1.15316,1.15322,1.00,1.00
2016.09.06 10:03:58.215,1.15315,1.1532,1.65,1.00
2016.09.06 10:03:59.738,1.15314,1.15319,4.50,1.00
2016.09.06 10:03:59.790,1.15314,1.15317,2.25,1.00
2016.09.06 10:03:59.841,1.15311,1.15317,3.75,1.50
2016.09.06 10:03:59.893,1.15311,1.15317,2.70,1.50
2016.09.06 10:03:59.944,1.15311,1.15316,1.20,1.00
2016.09.06 10:03:59.996,1.1531,1.15316,3.75,1.00
2016.09.06 10:04:00.047,1.1531,1.15316,1.95,1.00
2016.09.06 10:04:00.097,1.15311,1.15317,1.00,1.50
2016.09.06 10:04:00.301,1.1531,1.15317,2.32,1.50
2016.09.06 10:04:00.352,1.1531,1.15317,2.25,1.50
2016.09.06 10:04:00.453,1.1531,1.15317,1.50,1.50
2016.09.06 10:04:00.605,1.1531,1.15317,2.25,1.50
2016.09.06 10:04:00.736,1.1531,1.15317,1.50,1.50
2016.09.06 10:04:00.883,1.1531,1.15317,1.50,1.00
2016.09.06 10:04:01.088,1.1531,1.15317,1.00,1.00
2016.09.06 10:04:01.139,1.1531,1.15317,1.50,1.00
2016.09.06 10:04:01.190,1.15311,1.15317,1.00,1.00
2016.09.06 10:04:01.493,1.15311,1.15317,1.00,1.50
2016.09.06 10:04:02.477,1.1531,1.15317,1.50,1.50
2016.09.06 10:04:02.579,1.1531,1.15317,1.50,2.25
2016.09.06 10:04:02.680,1.1531,1.15317,1.50,1.50
2016.09.06 10:04:02.731,1.1531,1.15317,1.00,1.50
2016.09.06 10:04:02.840,1.1531,1.15317,1.50,1.50
2016.09.06 10:04:03.010,1.1531,1.15317,1.00,1.50
2016.09.06 10:04:03.112,1.1531,1.15317,1.50,1.50
2016.09.06 10:04:03.346,1.15312,1.15317,1.00,1.00
2016.09.06 10:04:10.377,1.15311,1.15316,1.00,1.00
2016.09.06 10:04:10.540,1.15311,1.15316,1.00,1.50
2016.09.06 10:04:11.855,1.15311,1.15316,1.00,2.25
2016.09.06 10:04:12.372,1.15311,1.15316,1.00,1.50
2016.09.06 10:04:13.338,1.15311,1.15316,1.00,1.00
2016.09.06 10:04:14.375,1.1531,1.15317,1.50,1.65
2016.09.06 10:04:14.425,1.15311,1.15317,1.00,1.65
2016.09.06 10:04:14.477,1.15311,1.15317,1.00,1.20
2016.09.06 10:04:14.783,1.15314,1.15317,1.00,1.20
2016.09.06 10:04:14.861,1.15314,1.15319,1.00,3.00
2016.09.06 10:04:14.912,1.15315,1.15319,1.00,1.20
2016.09.06 10:04:15.013,1.15315,1.15319,1.00,1.00
2016.09.06 10:04:15.236,1.15315,1.1532,1.00,4.12
2016.09.06 10:04:15.287,1.15315,1.1532,1.00,3.37
2016.09.06 10:04:15.338,1.15315,1.1532,1.00,2.25
2016.09.06 10:04:16.345,1.15315,1.1532,1.00,1.50
2016.09.06 10:04:16.447,1.15315,1.1532,1.50,1.50
2016.09.06 10:04:16.996,1.15315,1.1532,1.50,2.25
2016.09.06 10:04:17.047,1.15315,1.1532,1.00,2.25
2016.09.06 10:04:17.199,1.15315,1.15319,1.00,1.00
2016.09.06 10:04:17.249,1.15314,1.15319,1.00,1.50
2016.09.06 10:04:17.397,1.15314,1.15319,1.00,1.00
2016.09.06 10:04:18.018,1.15312,1.15319,2.25,1.50
2016.09.06 10:04:18.119,1.15312,1.15319,2.25,2.62
2016.09.06 10:04:18.170,1.15312,1.15319,2.25,3.37
2016.09.06 10:04:18.221,1.15312,1.15318,2.25,1.12
2016.09.06 10:04:18.475,1.15312,1.15318,1.50,1.12
2016.09.06 10:04:18.627,1.15312,1.15318,1.00,1.87
2016.09.06 10:04:18.788,1.15312,1.15318,1.00,2.62
2016.09.06 10:04:19.117,1.15312,1.15318,1.00,1.87
2016.09.06 10:04:19.621,1.15312,1.15319,1.00,3.15
2016.09.06 10:04:19.672,1.15312,1.15319,1.00,2.40
2016.09.06 10:04:20.067,1.15312,1.15319,1.00,3.15
2016.09.06 10:04:20.621,1.15314,1.15318,1.00,1.00
2016.09.06 10:04:20.723,1.15316,1.15319,1.00,1.20
2016.09.06 10:04:20.774,1.15316,1.15321,1.00,3.75
2016.09.06 10:04:20.825,1.15316,1.15321,1.00,3.00
2016.09.06 10:04:20.876,1.15316,1.15321,1.00,2.25
2016.09.06 10:04:21.407,1.15316,1.15321,1.00,1.00
2016.09.06 10:04:21.508,1.15317,1.15322,1.00,3.07
2016.09.06 10:04:21.560,1.15317,1.15322,1.00,2.32
2016.09.06 10:04:21.662,1.15317,1.15322,1.00,1.87
2016.09.06 10:04:22.962,1.15317,1.15323,1.00,4.12
2016.09.06 10:04:23.836,1.15317,1.15323,1.00,3.00
2016.09.06 10:04:24.206,1.15317,1.15321,1.00,1.00
2016.09.06 10:04:24.308,1.15317,1.15322,1.00,1.00
2016.09.06 10:04:24.360,1.15317,1.15322,1.00,1.87
2016.09.06 10:04:24.621,1.15317,1.15322,1.00,2.62
2016.09.06 10:04:24.722,1.15317,1.15322,1.00,1.87
2016.09.06 10:04:25.324,1.15317,1.15322,1.00,2.62
2016.09.06 10:04:29.030,1.15317,1.15322,1.00,3.37
2016.09.06 10:04:29.635,1.15316,1.15322,1.00,3.37
2016.09.06 10:04:29.736,1.15316,1.15322,1.00,2.62
2016.09.06 10:04:30.755,1.15316,1.15322,1.00,3.37
2016.09.06 10:04:31.137,1.15316,1.15322,1.00,2.62
2016.09.06 10:04:31.238,1.15316,1.15322,1.00,3.37
2016.09.06 10:04:31.319,1.15316,1.15322,1.00,2.62
2016.09.06 10:04:31.467,1.15316,1.15322,1.00,3.37
2016.09.06 10:04:31.658,1.15316,1.15322,1.00,2.62
2016.09.06 10:04:32.640,1.15316,1.15322,1.00,3.37
2016.09.06 10:04:32.742,1.15316,1.15322,1.00,2.62
2016.09.06 10:04:32.945,1.15316,1.15322,1.00,3.37
2016.09.06 10:04:33.024,1.15316,1.15322,1.00,2.62
2016.09.06 10:04:33.127,1.15316,1.15322,1.00,3.37
2016.09.06 10:04:33.184,1.15316,1.1532,1.00,1.00
2016.09.06 10:04:33.443,1.15316,1.1532,1.00,1.50
2016.09.06 10:04:33.748,1.15316,1.1532,1.00,1.00
2016.09.06 10:04:34.667,1.15315,1.1532,1.00,2.25
2016.09.06 10:04:34.718,1.15314,1.15319,1.00,1.00
2016.09.06 10:04:34.769,1.15313,1.15319,1.00,2.62
2016.09.06 10:04:34.823,1.15313,1.15319,1.00,3.00
2016.09.06 10:04:34.901,1.15313,1.15317,1.00,1.00
2016.09.06 10:04:35.256,1.15313,1.15318,1.00,1.50
2016.09.06 10:04:35.358,1.15315,1.15319,1.00,1.00
2016.09.06 10:04:35.472,1.15315,1.15319,1.00,1.00
2016.09.06 10:04:35.523,1.15314,1.1532,1.50,3.00
2016.09.06 10:04:35.574,1.15315,1.1532,1.00,3.75
2016.09.06 10:04:35.726,1.15315,1.1532,1.00,3.37
2016.09.06 10:04:35.777,1.15315,1.1532,1.00,2.25
2016.09.06 10:04:36.188,1.15315,1.15319,1.00,1.00
2016.09.06 10:04:36.289,1.15315,1.1532,1.00,2.25
2016.09.06 10:04:36.695,1.15314,1.15319,1.00,1.00
2016.09.06 10:04:36.746,1.15314,1.15319,1.00,2.62
2016.09.06 10:04:36.797,1.15314,1.15319,1.00,4.12
2016.09.06 10:04:36.848,1.15314,1.15319,1.00,4.87
2016.09.06 10:04:36.898,1.15314,1.15319,1.00,4.12
2016.09.06 10:04:36.949,1.15314,1.15319,1.00,3.00
2016.09.06 10:04:37.857,1.15314,1.15319,1.00,2.25
2016.09.06 10:04:38.458,1.15314,1.15319,1.00,3.00
2016.09.06 10:04:38.559,1.15314,1.15319,1.00,2.25
2016.09.06 10:04:39.131,1.15314,1.15318,1.00,1.00
2016.09.06 10:04:39.541,1.15316,1.15318,1.00,1.00
2016.09.06 10:04:39.592,1.15316,1.1532,1.00,1.20
2016.09.06 10:04:39.643,1.15317,1.1532,1.00,1.10
2016.09.06 10:04:39.694,1.15319,1.15323,1.00,1.27
2016.09.06 10:04:39.745,1.1532,1.15324,1.00,3.82
2016.09.06 10:04:39.796,1.1532,1.15324,1.00,2.02
2016.09.06 10:04:39.961,1.1532,1.15324,1.00,1.87
2016.09.06 10:04:40.114,1.1532,1.15324,1.00,1.50
2016.09.06 10:04:41.237,1.1532,1.15323,1.00,1.00
2016.09.06 10:04:41.289,1.15317,1.15321,1.69,1.00
2016.09.06 10:04:41.340,1.15317,1.15321,1.50,1.00
2016.09.06 10:04:41.391,1.15317,1.15321,1.00,1.00
2016.09.06 10:04:41.494,1.15317,1.15321,1.00,1.50
2016.09.06 10:04:42.381,1.15317,1.15321,1.00,1.00
2016.09.06 10:04:43.529,1.15317,1.15321,1.25,1.00
2016.09.06 10:04:43.580,1.15319,1.15321,1.00,1.00
2016.09.06 10:04:43.631,1.15318,1.15322,1.00,1.00
2016.09.06 10:04:43.708,1.15317,1.15324,1.50,3.82
2016.09.06 10:04:43.759,1.15317,1.15323,1.25,1.19
2016.09.06 10:04:43.811,1.15316,1.15322,1.69,1.19
2016.09.06 10:04:43.862,1.15316,1.15322,1.69,1.69
2016.09.06 10:04:43.913,1.15316,1.15321,1.50,1.25
2016.09.06 10:04:43.964,1.15316,1.15321,1.00,1.25
2016.09.06 10:04:45.233,1.15317,1.15322,1.00,1.00
2016.09.06 10:04:45.284,1.15318,1.15323,1.00,1.50
2016.09.06 10:04:45.335,1.15317,1.15323,1.00,1.00
2016.09.06 10:04:45.386,1.15319,1.15324,1.00,1.69
2016.09.06 10:04:45.437,1.15318,1.15323,1.00,1.00
2016.09.06 10:04:45.488,1.15319,1.15324,1.00,1.25
2016.09.06 10:04:45.539,1.15318,1.15323,1.00,1.00
2016.09.06 10:04:46.141,1.15321,1.15324,1.00,2.62
2016.09.06 10:04:46.193,1.15321,1.15324,1.00,1.87
2016.09.06 10:04:46.244,1.15321,1.15324,1.00,2.06
2016.09.06 10:04:46.295,1.15322,1.15327,1.00,2.14
2016.09.06 10:04:46.346,1.15322,1.15327,1.00,1.01
2016.09.06 10:04:46.397,1.15322,1.15327,1.00,1.25
2016.09.06 10:04:46.499,1.15321,1.15326,1.00,1.00
2016.09.06 10:04:46.601,1.1532,1.15326,1.50,1.50
2016.09.06 10:04:46.701,1.1532,1.15326,1.50,2.25
2016.09.06 10:04:46.752,1.1532,1.15325,1.00,1.00
2016.09.06 10:04:47.327,1.15319,1.15325,1.50,1.00
2016.09.06 10:04:47.378,1.1532,1.15326,1.00,1.50
2016.09.06 10:04:47.479,1.1532,1.15326,1.50,1.69
2016.09.06 10:04:47.587,1.1532,1.15325,1.00,1.00
2016.09.06 10:04:47.638,1.15319,1.15324,2.25,1.00
2016.09.06 10:04:47.689,1.15319,1.15324,1.00,1.50
2016.09.06 10:04:47.990,1.15318,1.15323,1.00,1.00
2016.09.06 10:04:48.041,1.15318,1.15323,1.00,1.19
2016.09.06 10:04:48.093,1.15319,1.15324,1.00,3.19
2016.09.06 10:04:48.143,1.15321,1.15323,1.00,1.00
2016.09.06 10:04:48.194,1.15321,1.15323,1.00,1.87
2016.09.06 10:04:48.296,1.15321,1.15323,1.00,1.00
2016.09.06 10:04:48.347,1.15324,1.15327,1.00,1.29
2016.09.06 10:04:48.398,1.15325,1.15328,1.00,1.76
2016.09.06 10:04:48.449,1.15326,1.15329,1.00,1.12
2016.09.06 10:04:48.500,1.15327,1.15329,1.00,1.00
2016.09.06 10:04:48.552,1.15331,1.15333,1.00,2.70
2016.09.06 10:04:48.656,1.1533,1.15334,2.44,1.50
2016.09.06 10:04:48.707,1.15331,1.15336,1.19,1.25
2016.09.06 10:04:48.759,1.15331,1.15335,1.19,1.00
2016.09.06 10:04:48.862,1.15331,1.15335,1.25,1.00
2016.09.06 10:04:48.913,1.15329,1.15334,3.64,1.00
2016.09.06 10:04:48.964,1.15329,1.15334,2.32,1.50
2016.09.06 10:04:49.015,1.15328,1.15332,1.31,1.00
2016.09.06 10:04:49.067,1.15327,1.15329,1.12,1.00
2016.09.06 10:04:49.118,1.15326,1.15329,1.00,1.00
2016.09.06 10:04:49.171,1.15325,1.15329,1.25,1.00
2016.09.06 10:04:49.222,1.15324,1.15329,1.31,1.00
2016.09.06 10:04:49.273,1.15324,1.1533,1.19,1.00
2016.09.06 10:04:49.422,1.15325,1.15331,1.25,1.00
2016.09.06 10:04:49.473,1.15325,1.15331,1.19,1.00
2016.09.06 10:04:49.524,1.15325,1.15331,1.69,1.00
2016.09.06 10:04:49.576,1.15326,1.15331,1.25,1.00
2016.09.06 10:04:49.801,1.15325,1.1533,1.19,1.00
2016.09.06 10:04:49.903,1.15325,1.1533,1.19,1.50
2016.09.06 10:04:50.043,1.15325,1.1533,1.19,1.00
2016.09.06 10:04:50.094,1.15325,1.1533,1.19,1.50
2016.09.06 10:04:50.145,1.15325,1.1533,1.00,1.50
2016.09.06 10:04:50.196,1.15325,1.1533,1.00,1.00
2016.09.06 10:04:50.300,1.15325,1.1533,1.00,1.50
2016.09.06 10:04:50.522,1.15324,1.1533,1.50,1.50
2016.09.06 10:04:50.573,1.15324,1.1533,1.00,1.50
2016.09.06 10:04:50.725,1.15324,1.15329,1.00,1.00
2016.09.06 10:04:50.776,1.15323,1.15328,2.32,1.00
2016.09.06 10:04:50.827,1.15323,1.15328,1.10,1.00
2016.09.06 10:04:50.878,1.15323,1.15328,1.00,1.00
2016.09.06 10:04:51.402,1.15322,1.15328,1.00,1.00
2016.09.06 10:04:51.583,1.15322,1.15329,1.50,1.50
2016.09.06 10:04:51.634,1.15322,1.15329,2.25,1.50
2016.09.06 10:04:51.685,1.15322,1.15329,3.00,1.50
2016.09.06 10:04:51.787,1.15322,1.15329,5.62,1.50
2016.09.06 10:04:51.840,1.15323,1.15329,1.00,1.00
2016.09.06 10:04:52.360,1.15324,1.15329,1.00,1.00
2016.09.06 10:04:54.286,1.15324,1.15329,1.50,1.00
2016.09.06 10:04:54.730,1.15325,1.15331,1.50,1.20
2016.09.06 10:04:54.782,1.15325,1.1533,2.25,1.00
2016.09.06 10:04:54.833,1.15325,1.15331,1.50,1.00
2016.09.06 10:04:54.974,1.15325,1.15332,2.25,1.50
2016.09.06 10:04:55.025,1.15325,1.15332,2.25,1.00
2016.09.06 10:04:55.076,1.15326,1.15333,1.00,1.00
2016.09.06 10:04:55.613,1.15327,1.15332,1.00,1.00
2016.09.06 10:04:59.687,1.15328,1.15334,1.00,2.25
2016.09.06 10:04:59.739,1.1533,1.15335,1.00,2.62
2016.09.06 10:04:59.854,1.15332,1.15336,1.50,1.65
2016.09.06 10:04:59.905,1.15332,1.15338,2.25,1.50
2016.09.06 10:04:59.957,1.15332,1.15338,2.25,1.00
2016.09.06 10:05:00.058,1.15334,1.15338,1.00,1.00
2016.09.06 10:05:00.261,1.15334,1.15339,1.00,1.50
2016.09.06 10:05:00.464,1.15337,1.15339,1.00,1.00
2016.09.06 10:05:00.770,1.15335,1.15339,1.50,1.87
2016.09.06 10:05:00.821,1.15335,1.15339,1.00,1.87
2016.09.06 10:05:00.935,1.15335,1.15338,1.50,1.00
2016.09.06 10:05:01.141,1.15335,1.15338,1.00,1.00
2016.09.06 10:05:01.192,1.15335,1.15338,1.00,1.50
2016.09.06 10:05:01.243,1.15335,1.15338,1.00,1.00
2016.09.06 10:05:01.346,1.15335,1.15338,1.00,1.10
2016.09.06 10:05:01.397,1.15334,1.15338,1.50,1.10
2016.09.06 10:05:01.498,1.15335,1.15338,1.00,1.10
2016.09.06 10:05:01.889,1.15334,1.15339,1.50,3.82
2016.09.06 10:05:01.939,1.15334,1.15337,1.50,1.00
2016.09.06 10:05:01.990,1.15335,1.15337,1.00,1.00
2016.09.06 10:05:02.343,1.15334,1.15337,1.50,1.00
2016.09.06 10:05:02.445,1.15335,1.15337,1.00,1.00
2016.09.06 10:05:03.122,1.15334,1.15337,1.50,1.00
2016.09.06 10:05:03.173,1.15334,1.15337,1.00,1.00
2016.09.06 10:05:03.224,1.15332,1.15336,1.00,1.00
2016.09.06 10:05:03.275,1.15332,1.15335,1.00,1.00
2016.09.06 10:05:03.544,1.15332,1.15335,1.00,1.57
2016.09.06 10:05:03.595,1.1533,1.15335,1.50,2.32
2016.09.06 10:05:03.646,1.1533,1.15332,1.50,1.00
2016.09.06 10:05:03.748,1.1533,1.15332,1.00,1.50
2016.09.06 10:05:03.799,1.15328,1.15332,1.00,2.25
2016.09.06 10:05:03.851,1.15328,1.15331,1.00,1.00
2016.09.06 10:05:04.003,1.15326,1.15331,1.00,1.50
2016.09.06 10:05:04.105,1.15326,1.15331,1.00,1.00
2016.09.06 10:05:04.156,1.15326,1.15331,1.00,1.10
2016.09.06 10:05:04.258,1.15328,1.15332,1.00,2.32
2016.09.06 10:05:04.311,1.15328,1.15332,1.00,1.95
2016.09.06 10:05:04.363,1.15328,1.15333,1.00,2.40
2016.09.06 10:05:04.473,1.1533,1.15334,1.00,1.65
2016.09.06 10:05:04.524,1.15331,1.15335,1.00,1.85
2016.09.06 10:05:04.575,1.15331,1.15335,1.00,1.10
2016.09.06 10:05:04.727,1.15331,1.15336,1.00,3.45
2016.09.06 10:05:04.778,1.15331,1.15336,1.00,2.70
2016.09.06 10:05:05.509,1.15331,1.15336,1.00,1.95
2016.09.06 10:05:05.686,1.15331,1.15334,1.00,1.50
2016.09.06 10:05:05.890,1.15331,1.15334,1.00,1.00
2016.09.06 10:05:06.043,1.15332,1.15335,1.00,1.87
2016.09.06 10:05:06.097,1.15333,1.15336,1.00,3.45
2016.09.06 10:05:06.148,1.15333,1.15335,1.00,1.00
2016.09.06 10:05:06.253,1.15331,1.15337,1.00,1.00
2016.09.06 10:05:06.371,1.15331,1.15336,1.00,1.50
2016.09.06 10:05:06.680,1.15332,1.15335,1.00,1.00
2016.09.06 10:05:06.885,1.15332,1.15336,1.00,2.25
2016.09.06 10:05:07.038,1.15332,1.15336,1.00,1.50
2016.09.06 10:05:07.674,1.15332,1.15336,1.00,1.00
2016.09.06 10:05:07.725,1.15332,1.15336,1.00,1.50
2016.09.06 10:05:07.776,1.15332,1.15336,1.00,2.25
2016.09.06 10:05:07.827,1.15331,1.15335,1.00,1.00
2016.09.06 10:05:07.979,1.15331,1.15335,1.00,1.50
2016.09.06 10:05:12.470,1.15332,1.15335,1.00,1.50
2016.09.06 10:05:13.664,1.15334,1.15336,1.00,2.62
2016.09.06 10:05:13.715,1.15334,1.15336,1.00,1.50
2016.09.06 10:05:13.766,1.15335,1.15336,1.50,1.12
2016.09.06 10:05:13.868,1.15335,1.15337,1.50,1.00
2016.09.06 10:05:14.071,1.15335,1.15336,1.00,1.00
2016.09.06 10:05:14.178,1.15334,1.15336,1.00,1.00
2016.09.06 10:05:14.229,1.15332,1.15336,1.00,2.25
2016.09.06 10:05:14.331,1.15332,1.15336,1.00,1.50
2016.09.06 10:05:14.484,1.15332,1.15333,1.00,1.00
2016.09.06 10:05:14.585,1.15331,1.15333,1.00,1.25
2016.09.06 10:05:14.687,1.15332,1.15333,1.00,1.00
2016.09.06 10:05:14.892,1.15331,1.15335,1.00,1.00
2016.09.06 10:05:14.952,1.15331,1.15336,1.00,3.07
2016.09.06 10:05:15.003,1.15331,1.15336,1.00,1.57
2016.09.06 10:05:15.054,1.15331,1.15336,1.00,1.50
2016.09.06 10:05:15.937,1.15331,1.15336,1.00,1.00
2016.09.06 10:05:17.876,1.15332,1.15336,1.00,1.00
2016.09.06 10:05:18.466,1.15332,1.15336,1.00,1.50
2016.09.06 10:05:18.517,1.15332,1.15336,1.00,2.62
2016.09.06 10:05:18.568,1.15332,1.15336,1.00,3.37
2016.09.06 10:05:20.178,1.15332,1.15336,1.00,3.56
2016.09.06 10:05:20.280,1.15332,1.15336,1.00,4.31
2016.09.06 10:05:20.381,1.15332,1.15336,1.00,3.56
2016.09.06 10:05:22.335,1.1533,1.15336,1.00,3.56
2016.09.06 10:05:22.386,1.1533,1.15336,1.50,3.56
2016.09.06 10:05:22.488,1.1533,1.15336,1.00,3.56
2016.09.06 10:05:22.589,1.1533,1.15336,1.50,2.44
2016.09.06 10:05:22.691,1.1533,1.15336,1.00,1.69
2016.09.06 10:05:22.846,1.15331,1.15335,1.00,1.25
2016.09.06 10:05:22.948,1.15331,1.15336,1.00,1.19
2016.09.06 10:05:23.051,1.15331,1.15335,1.00,1.25
2016.09.06 10:05:23.447,1.15331,1.15336,1.00,1.19
2016.09.06 10:05:23.498,1.15331,1.15336,1.00,1.69
2016.09.06 10:05:23.761,1.15331,1.15335,1.00,1.25
2016.09.06 10:05:23.811,1.15333,1.15335,1.00,1.25
2016.09.06 10:05:23.862,1.15333,1.15336,1.00,1.69
2016.09.06 10:05:23.913,1.15332,1.15335,1.00,1.25
2016.09.06 10:05:24.199,1.15333,1.15335,1.00,1.19
2016.09.06 10:05:24.402,1.15332,1.15336,1.00,1.31
2016.09.06 10:05:25.001,1.15331,1.15336,1.00,1.69
2016.09.06 10:05:25.068,1.1533,1.15332,1.50,1.00
2016.09.06 10:05:25.119,1.1533,1.15331,1.00,1.25
2016.09.06 10:05:25.171,1.1533,1.15332,1.00,1.19
2016.09.06 10:05:25.222,1.1533,1.15332,1.00,1.56
2016.09.06 10:05:25.274,1.15327,1.15332,1.50,1.56
2016.09.06 10:05:25.395,1.15329,1.15333,1.00,2.59
2016.09.06 10:05:25.449,1.15329,1.15333,1.00,2.96
2016.09.06 10:05:25.552,1.15327,1.15332,1.00,1.19
2016.09.06 10:05:25.604,1.15327,1.15332,1.00,2.81
2016.09.06 10:05:25.656,1.15326,1.15332,1.00,2.06
2016.09.06 10:05:25.907,1.15327,1.15331,1.00,1.19
2016.09.06 10:05:27.560,1.15327,1.15331,1.00,1.69
2016.09.06 10:05:27.611,1.15325,1.15329,1.00,1.19
2016.09.06 10:05:27.662,1.15325,1.15329,1.50,1.69
2016.09.06 10:05:27.714,1.15325,1.15329,1.00,2.44
2016.09.06 10:05:27.801,1.15324,1.15328,1.50,1.69
2016.09.06 10:05:27.853,1.15323,1.15328,1.00,4.31
2016.09.06 10:05:27.904,1.15322,1.15327,1.00,1.56
2016.09.06 10:05:27.955,1.15322,1.15326,1.00,1.31
2016.09.06 10:05:28.007,1.15322,1.15325,1.00,1.19
2016.09.06 10:05:28.313,1.15322,1.15325,1.00,1.25
2016.09.06 10:05:28.415,1.15322,1.15327,1.00,3.90
2016.09.06 10:05:28.798,1.15322,1.15327,1.00,2.77
2016.09.06 10:05:29.126,1.15322,1.15327,1.00,1.65
2016.09.06 10:05:29.227,1.15322,1.15327,1.00,1.27
2016.09.06 10:05:31.886,1.15321,1.15327,1.00,1.27
2016.09.06 10:05:32.437,1.15322,1.15327,1.00,1.01
2016.09.06 10:05:32.488,1.15322,1.15327,1.00,1.69
2016.09.06 10:05:32.538,1.15322,1.15327,1.00,1.19
2016.09.06 10:05:32.843,1.15322,1.15327,1.00,1.69
2016.09.06 10:05:33.020,1.15322,1.15327,1.00,1.19
2016.09.06 10:05:33.713,1.15322,1.15327,1.00,1.69
2016.09.06 10:05:33.764,1.15322,1.15327,1.00,2.44
2016.09.06 10:05:33.866,1.15322,1.15327,1.00,1.69
2016.09.06 10:05:33.917,1.15321,1.15327,1.00,1.19
2016.09.06 10:05:34.030,1.15321,1.15327,1.00,1.69
2016.09.06 10:05:34.250,1.15321,1.15327,1.00,1.19
2016.09.06 10:05:34.352,1.15321,1.15327,1.00,1.69
2016.09.06 10:05:34.652,1.15322,1.15326,1.00,1.25
2016.09.06 10:05:34.855,1.15322,1.15327,1.00,1.69
2016.09.06 10:05:34.906,1.15322,1.15327,1.00,1.19
2016.09.06 10:05:35.000,1.15321,1.15326,1.50,1.25
2016.09.06 10:05:35.071,1.15322,1.15327,1.00,1.19
2016.09.06 10:05:35.122,1.15323,1.15328,1.00,1.84
2016.09.06 10:05:35.173,1.15322,1.15327,1.00,1.19
2016.09.06 10:05:35.224,1.15322,1.15327,1.00,1.00
2016.09.06 10:05:35.326,1.15322,1.15327,1.00,1.19
2016.09.06 10:05:35.377,1.15322,1.15328,1.00,3.94
2016.09.06 10:05:35.478,1.15323,1.15328,1.00,3.19
2016.09.06 10:05:35.580,1.15323,1.15326,1.00,1.25
2016.09.06 10:05:37.051,1.15321,1.15326,1.00,1.25
2016.09.06 10:05:37.152,1.15321,1.15326,1.00,1.69
2016.09.06 10:05:37.359,1.15321,1.15326,1.00,1.19
2016.09.06 10:05:37.460,1.15321,1.15326,1.00,1.69
2016.09.06 10:05:37.562,1.15321,1.15326,1.00,1.19
2016.09.06 10:05:37.986,1.1532,1.15326,1.00,4.69
2016.09.06 10:05:38.037,1.15319,1.15325,1.00,1.19
2016.09.06 10:05:38.088,1.15319,1.15323,1.00,1.00
2016.09.06 10:05:38.139,1.15318,1.15323,1.00,1.25
2016.09.06 10:05:38.709,1.15319,1.15323,1.00,1.25
2016.09.06 10:05:38.760,1.15318,1.15323,1.50,1.00
2016.09.06 10:05:38.811,1.15319,1.15323,1.00,1.00
2016.09.06 10:05:38.862,1.15319,1.15323,1.00,1.19
2016.09.06 10:05:39.016,1.15318,1.15323,1.00,1.00
2016.09.06 10:05:39.169,1.1532,1.15323,1.00,1.00
2016.09.06 10:05:39.271,1.1532,1.15325,1.00,1.50
2016.09.06 10:05:39.322,1.1532,1.15326,1.00,3.90
2016.09.06 10:05:39.373,1.1532,1.15326,1.00,3.07
2016.09.06 10:05:39.424,1.1532,1.15326,1.50,2.62
2016.09.06 10:05:39.475,1.1532,1.15325,1.50,1.00
2016.09.06 10:05:39.707,1.1532,1.15324,1.00,1.00
2016.09.06 10:05:40.552,1.15319,1.15324,1.00,1.50
2016.09.06 10:05:40.654,1.15319,1.15324,1.00,1.00
2016.09.06 10:05:40.756,1.15319,1.15324,1.00,1.50
2016.09.06 10:05:41.307,1.15317,1.15324,1.69,1.00
2016.09.06 10:05:41.662,1.15317,1.15325,1.69,3.07
2016.09.06 10:05:41.713,1.15317,1.15324,2.44,1.00
2016.09.06 10:05:41.764,1.15317,1.15324,1.69,1.00
2016.09.06 10:05:41.866,1.15317,1.15324,1.69,1.50
2016.09.06 10:05:42.646,1.15317,1.15324,1.25,1.00
2016.09.06 10:05:45.134,1.15317,1.15324,1.69,1.00
2016.09.06 10:05:45.185,1.15319,1.15324,1.00,1.50
2016.09.06 10:05:45.236,1.15319,1.15324,1.00,1.00
2016.09.06 10:05:45.287,1.15319,1.15325,1.00,1.57
2016.09.06 10:05:45.338,1.15319,1.15326,1.50,1.20
2016.09.06 10:05:45.388,1.15319,1.15327,2.25,2.81
2016.09.06 10:05:45.439,1.1532,1.15327,1.00,1.76
2016.09.06 10:05:45.541,1.1532,1.15327,1.50,1.76
2016.09.06 10:05:45.592,1.1532,1.15327,1.50,1.01
2016.09.06 10:05:45.643,1.15319,1.15324,1.50,1.00
2016.09.06 10:05:45.694,1.15319,1.15323,1.00,1.00
2016.09.06 10:05:45.745,1.15318,1.15323,2.25,1.00
2016.09.06 10:05:45.847,1.15317,1.15323,1.10,1.00
2016.09.06 10:05:45.898,1.15316,1.15323,1.00,1.50
2016.09.06 10:05:45.949,1.15316,1.15323,1.00,2.25
2016.09.06 10:05:46.060,1.15316,1.15323,1.00,1.87
2016.09.06 10:05:46.161,1.15317,1.15323,1.00,1.50
2016.09.06 10:05:46.213,1.15317,1.15323,1.50,1.50
2016.09.06 10:05:46.278,1.15318,1.15323,1.00,1.00
2016.09.06 10:05:46.582,1.15319,1.15325,1.00,1.50
2016.09.06 10:05:46.633,1.15319,1.15326,1.00,2.62
2016.09.06 10:05:46.684,1.15319,1.15326,1.00,1.95
2016.09.06 10:05:46.734,1.15321,1.15326,1.00,1.57
2016.09.06 10:05:46.834,1.15321,1.15326,1.00,1.50
2016.09.06 10:05:47.202,1.15321,1.15326,1.00,1.00
2016.09.06 10:05:48.508,1.15322,1.15327,1.00,1.00
2016.09.06 10:05:48.660,1.15322,1.15328,1.00,2.51
2016.09.06 10:05:48.711,1.15322,1.15328,1.00,1.69
2016.09.06 10:05:49.211,1.15323,1.15328,1.00,1.69
2016.09.06 10:05:49.262,1.15323,1.15328,1.25,1.69
2016.09.06 10:05:49.483,1.15322,1.15328,1.19,1.69
2016.09.06 10:05:50.776,1.15323,1.15328,1.25,1.69
2016.09.06 10:05:50.928,1.15323,1.15328,1.00,1.69
2016.09.06 10:05:50.979,1.15323,1.15328,1.00,1.25
2016.09.06 10:05:52.095,1.15323,1.15328,1.00,1.00
2016.09.06 10:05:55.940,1.15323,1.1533,1.25,3.37
2016.09.06 10:05:55.992,1.15325,1.1533,1.00,2.25
2016.09.06 10:05:56.099,1.15325,1.1533,1.00,1.87
2016.09.06 10:05:56.166,1.15325,1.15329,1.25,1.00
2016.09.06 10:05:56.420,1.15323,1.15329,1.19,1.00
2016.09.06 10:05:56.471,1.15323,1.15328,1.19,1.87
2016.09.06 10:05:56.821,1.15323,1.15328,1.19,1.00
2016.09.06 10:05:57.888,1.15323,1.15329,1.19,1.50
2016.09.06 10:06:01.772,1.15323,1.15329,1.25,1.50
2016.09.06 10:06:02.005,1.15322,1.15329,1.69,2.25
2016.09.06 10:06:02.289,1.15323,1.15329,1.25,2.25
2016.09.06 10:06:02.340,1.15323,1.15329,1.00,2.25
2016.09.06 10:06:02.391,1.15323,1.15328,1.00,1.50
2016.09.06 10:06:02.442,1.15322,1.15328,1.69,1.50
2016.09.06 10:06:02.494,1.15322,1.15328,1.69,1.00
2016.09.06 10:06:02.545,1.15322,1.15329,1.25,2.62
2016.09.06 10:06:02.595,1.15321,1.15329,2.44,2.62
2016.09.06 10:06:02.851,1.15322,1.15329,1.25,2.62
2016.09.06 10:06:03.280,1.15322,1.15328,1.25,1.00
2016.09.06 10:06:03.439,1.15322,1.15328,1.25,1.50
2016.09.06 10:06:04.156,1.15322,1.15328,1.00,1.50
2016.09.06 10:06:04.428,1.15322,1.15328,1.00,1.00
2016.09.06 10:06:05.528,1.15322,1.15327,1.00,1.00
2016.09.06 10:06:07.115,1.15322,1.15328,1.00,1.00
2016.09.06 10:06:07.166,1.15322,1.15329,1.69,2.02
2016.09.06 10:06:07.217,1.15322,1.15329,1.69,1.50
2016.09.06 10:06:07.268,1.15323,1.15329,1.19,1.50
2016.09.06 10:06:07.730,1.15323,1.15329,1.19,1.00
2016.09.06 10:06:08.272,1.15323,1.15329,1.25,1.00
2016.09.06 10:06:09.373,1.15324,1.15329,1.00,1.00
2016.09.06 10:06:10.097,1.15324,1.15328,1.00,1.00
2016.09.06 10:06:10.284,1.15324,1.15329,1.00,1.00
2016.09.06 10:06:10.984,1.15324,1.15329,1.00,1.25
2016.09.06 10:06:11.035,1.15324,1.15329,1.00,1.69
2016.09.06 10:06:11.141,1.15323,1.15328,1.00,1.19
2016.09.06 10:06:11.193,1.15322,1.15328,1.00,1.69
2016.09.06 10:06:11.244,1.15322,1.15327,1.00,1.25
2016.09.06 10:06:11.295,1.15322,1.15327,1.00,1.69
2016.09.06 10:06:12.757,1.15321,1.15326,1.00,1.00
2016.09.06 10:06:13.133,1.15321,1.15325,1.00,1.00
2016.09.06 10:06:13.217,1.15319,1.15325,1.20,1.00
2016.09.06 10:06:13.268,1.15319,1.15325,1.12,1.50
2016.09.06 10:06:13.320,1.15319,1.15325,1.12,2.25
2016.09.06 10:06:13.624,1.15319,1.15325,1.12,1.50
2016.09.06 10:06:13.675,1.15319,1.15324,1.00,1.00
2016.09.06 10:06:13.983,1.15318,1.15323,2.25,1.00
2016.09.06 10:06:14.085,1.15318,1.15323,1.50,1.00
2016.09.06 10:06:14.288,1.15318,1.15323,1.00,1.00
2016.09.06 10:06:14.339,1.15317,1.15323,1.65,1.00
2016.09.06 10:06:14.390,1.15318,1.15324,1.00,1.00
2016.09.06 10:06:14.594,1.15318,1.15324,1.50,1.00
2016.09.06 10:06:14.645,1.1532,1.15325,1.50,1.50
2016.09.06 10:06:14.696,1.1532,1.15325,1.50,1.00
2016.09.06 10:06:14.900,1.1532,1.15324,1.00,1.00
2016.09.06 10:06:15.321,1.15319,1.15324,1.00,1.00
2016.09.06 10:06:17.697,1.15318,1.15324,1.50,1.00
2016.09.06 10:06:17.849,1.15318,1.15324,1.00,1.00
2016.09.06 10:06:18.014,1.15318,1.15324,1.00,1.00
2016.09.06 10:06:18.065,1.15318,1.15325,1.00,3.00
2016.09.06 10:06:18.486,1.15318,1.15325,1.50,3.00
2016.09.06 10:06:18.537,1.15318,1.15325,1.50,1.50
2016.09.06 10:06:18.647,1.15318,1.15325,1.50,3.00
2016.09.06 10:06:18.698,1.15319,1.15324,1.00,1.00
2016.09.06 10:06:18.749,1.15318,1.15324,1.50,1.00
2016.09.06 10:06:18.800,1.15318,1.15325,2.25,3.00
2016.09.06 10:06:18.851,1.15318,1.15325,2.25,2.25
2016.09.06 10:06:18.902,1.15319,1.15325,1.50,1.00
2016.09.06 10:06:19.005,1.15318,1.15325,2.25,1.50
2016.09.06 10:06:19.056,1.15318,1.15325,2.25,1.00
2016.09.06 10:06:19.107,1.15319,1.15324,1.00,1.00
2016.09.06 10:06:20.349,1.15317,1.15324,3.90,1.87
2016.09.06 10:06:20.401,1.15317,1.15324,2.40,2.62
2016.09.06 10:06:20.453,1.15317,1.15324,2.40,3.00
2016.09.06 10:06:20.504,1.15317,1.15324,2.32,3.00
2016.09.06 10:06:20.556,1.15317,1.15324,2.25,3.00
2016.09.06 10:06:20.709,1.15317,1.15323,1.50,1.00
2016.09.06 10:06:20.824,1.15317,1.15323,1.00,1.00
2016.09.06 10:06:21.200,1.15317,1.15323,1.50,1.00
2016.09.06 10:06:21.557,1.15317,1.15323,1.00,1.00
2016.09.06 10:06:21.607,1.15316,1.15323,3.52,1.00
2016.09.06 10:06:21.881,1.15316,1.15323,2.40,1.00
2016.09.06 10:06:22.911,1.15316,1.15323,1.65,1.00
2016.09.06 10:06:25.410,1.15316,1.15323,2.40,1.00
2016.09.06 10:06:27.319,1.15318,1.15323,1.00,1.00
2016.09.06 10:06:27.471,1.15318,1.15324,1.00,1.50
2016.09.06 10:06:27.642,1.15318,1.15324,1.00,1.00
2016.09.06 10:06:27.693,1.15318,1.15325,1.00,3.00
2016.09.06 10:06:27.744,1.15319,1.15325,1.00,1.50
2016.09.06 10:06:28.249,1.1532,1.15325,1.00,1.50
2016.09.06 10:06:28.351,1.15319,1.15324,1.00,1.00
2016.09.06 10:06:28.401,1.15317,1.15323,1.20,1.00
2016.09.06 10:06:28.452,1.15317,1.15323,1.20,1.50
2016.09.06 10:06:28.555,1.15317,1.15323,1.00,2.25
2016.09.06 10:06:28.656,1.15317,1.15322,1.00,1.00
2016.09.06 10:06:28.758,1.15317,1.15323,1.00,2.25
2016.09.06 10:06:29.014,1.15317,1.15323,1.00,1.50
2016.09.06 10:06:29.395,1.15317,1.15322,1.00,1.00
2016.09.06 10:06:30.100,1.15316,1.1532,1.00,1.00
2016.09.06 10:06:30.152,1.15316,1.15321,1.50,1.00
2016.09.06 10:06:30.203,1.15316,1.15321,1.00,1.00
2016.09.06 10:06:32.791,1.15316,1.15322,1.00,1.50
2016.09.06 10:06:33.885,1.15315,1.15322,3.00,2.44
2016.09.06 10:06:33.935,1.15315,1.15322,2.25,2.44
2016.09.06 10:06:34.037,1.15315,1.15322,3.00,2.44
2016.09.06 10:06:34.240,1.15315,1.15322,2.25,2.44
2016.09.06 10:06:34.341,1.15315,1.15322,3.00,2.44
2016.09.06 10:06:34.657,1.15315,1.15322,2.25,2.44
2016.09.06 10:06:34.814,1.15316,1.15322,1.00,2.25
2016.09.06 10:06:34.865,1.15316,1.15322,1.00,1.50
2016.09.06 10:06:35.311,1.15316,1.15322,1.00,2.25
2016.09.06 10:06:35.854,1.15316,1.15322,1.00,1.50
2016.09.06 10:06:36.308,1.15316,1.15322,1.50,1.50
2016.09.06 10:06:36.936,1.15317,1.15322,1.00,1.50
2016.09.06 10:06:36.987,1.15317,1.15322,1.00,1.00
2016.09.06 10:06:37.038,1.15317,1.15322,1.50,1.00
2016.09.06 10:06:37.089,1.15317,1.15322,1.50,1.50
2016.09.06 10:06:37.595,1.15316,1.15322,1.00,1.50
2016.09.06 10:06:37.646,1.15315,1.15321,3.07,1.00
2016.09.06 10:06:37.813,1.15315,1.15321,2.25,1.50
2016.09.06 10:06:37.865,1.15315,1.1532,2.25,1.00
2016.09.06 10:06:37.917,1.15315,1.1532,1.50,1.00
2016.09.06 10:06:37.968,1.15315,1.15321,1.50,1.50
2016.09.06 10:06:38.020,1.15315,1.15321,1.00,1.50
2016.09.06 10:06:38.071,1.15314,1.15321,1.50,1.50
2016.09.06 10:06:38.173,1.15314,1.1532,1.50,1.00
2016.09.06 10:06:38.448,1.15314,1.15321,1.50,2.25
2016.09.06 10:06:38.500,1.15315,1.15321,1.00,1.50
2016.09.06 10:06:38.552,1.15315,1.15321,1.50,1.50
2016.09.06 10:06:38.683,1.15315,1.15321,1.50,2.25
2016.09.06 10:06:38.938,1.15315,1.15321,1.00,2.25
2016.09.06 10:06:38.988,1.15316,1.15321,1.00,2.25
2016.09.06 10:06:40.551,1.15315,1.15321,1.00,1.50
2016.09.06 10:06:40.653,1.15315,1.15321,1.50,1.50
2016.09.06 10:06:42.566,1.15315,1.15321,1.00,1.50
2016.09.06 10:06:42.667,1.15316,1.15321,1.00,2.25
2016.09.06 10:06:42.856,1.15316,1.15321,1.00,3.00
2016.09.06 10:06:43.074,1.15316,1.1532,1.00,1.00
2016.09.06 10:06:43.256,1.15316,1.15321,1.00,3.00
2016.09.06 10:06:43.356,1.15316,1.1532,1.00,1.00
2016.09.06 10:06:43.486,1.15315,1.1532,1.00,1.50
2016.09.06 10:06:43.587,1.15315,1.1532,1.50,1.50
2016.09.06 10:06:43.735,1.15315,1.1532,1.00,1.50
2016.09.06 10:06:43.786,1.15315,1.15319,1.00,1.00
2016.09.06 10:06:43.836,1.15315,1.15319,1.00,1.50
2016.09.06 10:06:44.258,1.15315,1.15319,1.50,1.50
2016.09.06 10:06:44.406,1.15315,1.15319,1.00,1.50
2016.09.06 10:06:44.596,1.15315,1.15319,1.50,1.50
2016.09.06 10:06:44.659,1.15315,1.15319,1.00,1.50
2016.09.06 10:06:44.808,1.15315,1.15319,1.50,1.50
2016.09.06 10:06:44.861,1.15315,1.15319,1.00,1.50
2016.09.06 10:06:44.960,1.15315,1.15319,1.50,1.50
2016.09.06 10:06:45.361,1.15315,1.15319,1.00,1.50
2016.09.06 10:06:45.562,1.15315,1.15319,1.50,1.50
2016.09.06 10:06:45.963,1.15315,1.15319,1.00,1.50
2016.09.06 10:06:46.564,1.15315,1.15319,1.50,1.50
2016.09.06 10:06:46.896,1.15315,1.15319,1.00,1.50
2016.09.06 10:06:47.365,1.15315,1.15319,1.50,1.50
2016.09.06 10:06:47.467,1.15315,1.15319,1.00,1.50
2016.09.06 10:06:47.566,1.15315,1.15319,1.50,1.50
2016.09.06 10:06:47.780,1.15315,1.15319,1.00,1.50
2016.09.06 10:06:47.867,1.15315,1.15319,1.50,1.50
2016.09.06 10:06:48.267,1.15315,1.15319,1.00,1.50
2016.09.06 10:06:48.369,1.15315,1.15319,1.50,1.50
2016.09.06 10:06:48.669,1.15315,1.15319,1.00,1.50
2016.09.06 10:06:48.770,1.15315,1.15319,1.50,1.50
2016.09.06 10:06:48.821,1.15317,1.15319,1.00,1.50
2016.09.06 10:06:48.872,1.1532,1.15322,1.00,1.27
2016.09.06 10:06:48.923,1.15321,1.15323,1.00,1.07
2016.09.06 10:06:48.974,1.15321,1.15324,1.00,1.50
2016.09.06 10:06:49.025,1.15323,1.15325,1.00,1.50
2016.09.06 10:06:49.076,1.15323,1.15326,1.00,1.37
2016.09.06 10:06:49.150,1.15324,1.15326,1.00,1.00
2016.09.06 10:06:49.252,1.15325,1.15328,1.00,1.65
2016.09.06 10:06:49.303,1.15324,1.15326,1.00,1.00
2016.09.06 10:06:49.355,1.15327,1.1533,1.00,4.50
2016.09.06 10:06:49.406,1.15328,1.15331,1.00,2.02
2016.09.06 10:06:49.457,1.15329,1.15331,1.00,1.12
2016.09.06 10:06:49.508,1.15329,1.15331,1.00,1.37
2016.09.06 10:06:49.559,1.15329,1.15332,1.00,1.37
2016.09.06 10:06:49.610,1.1533,1.15332,1.00,1.00
2016.09.06 10:06:49.671,1.1533,1.15332,1.50,1.00
2016.09.06 10:06:49.773,1.15331,1.15332,1.00,1.00
2016.09.06 10:06:49.875,1.1533,1.15331,1.00,1.00
2016.09.06 10:06:49.976,1.1533,1.15331,1.50,1.00
2016.09.06 10:06:50.078,1.15331,1.15332,1.00,1.00
2016.09.06 10:06:51.082,1.15331,1.15333,1.00,1.50
2016.09.06 10:06:51.604,1.15331,1.15332,1.00,1.00
2016.09.06 10:06:52.039,1.1533,1.15332,1.50,1.00
2016.09.06 10:06:52.090,1.1533,1.15332,1.00,1.00
2016.09.06 10:06:52.707,1.1533,1.15332,1.50,1.00
2016.09.06 10:06:52.809,1.1533,1.15332,1.00,1.00
2016.09.06 10:06:52.923,1.1533,1.15332,1.00,1.50
2016.09.06 10:06:52.979,1.1533,1.15332,1.50,1.50
2016.09.06 10:06:53.196,1.1533,1.15332,1.00,1.50
2016.09.06 10:06:53.279,1.1533,1.15332,1.50,1.50
2016.09.06 10:06:53.480,1.1533,1.15332,1.00,1.50
2016.09.06 10:06:53.800,1.1533,1.15332,1.50,1.50
2016.09.06 10:06:54.102,1.1533,1.15332,1.00,1.50
2016.09.06 10:06:54.418,1.1533,1.15332,1.50,1.50
2016.09.06 10:06:55.131,1.1533,1.15332,1.00,1.50
2016.09.06 10:06:55.233,1.15329,1.15332,1.00,1.50
2016.09.06 10:06:57.185,1.15329,1.15332,1.00,1.00
2016.09.06 10:06:57.236,1.15329,1.15333,1.00,1.50
2016.09.06 10:06:58.377,1.15329,1.15332,1.00,1.00
2016.09.06 10:06:59.183,1.15329,1.15332,1.00,1.00
2016.09.06 10:06:59.336,1.1533,1.15333,1.50,1.00
2016.09.06 10:06:59.493,1.1533,1.15333,1.00,1.00
2016.09.06 10:06:59.729,1.1533,1.15333,1.50,1.00
2016.09.06 10:06:59.837,1.1533,1.15333,1.00,1.00
2016.09.06 10:07:00.094,1.1533,1.15333,1.50,1.00
2016.09.06 10:07:00.196,1.1533,1.15333,1.00,1.50
2016.09.06 10:07:00.323,1.1533,1.15333,1.50,1.50
2016.09.06 10:07:00.545,1.1533,1.15333,1.00,1.50
2016.09.06 10:07:00.705,1.1533,1.15333,1.50,1.00
2016.09.06 10:07:01.898,1.1533,1.15333,1.00,1.00
2016.09.06 10:07:02.041,1.1533,1.15333,1.50,1.00
2016.09.06 10:07:02.099,1.1533,1.15333,1.00,1.00
2016.09.06 10:07:02.300,1.1533,1.15333,1.50,1.00
2016.09.06 10:07:03.784,1.1533,1.15332,1.50,1.00
2016.09.06 10:07:03.886,1.1533,1.15333,1.00,1.50
2016.09.06 10:07:03.937,1.15326,1.15333,1.69,2.25
2016.09.06 10:07:04.002,1.15328,1.15332,1.25,1.00
2016.09.06 10:07:04.054,1.15327,1.15331,1.19,1.00
2016.09.06 10:07:04.207,1.15327,1.1533,1.00,1.50
2016.09.06 10:07:04.310,1.15326,1.15332,1.19,3.75
2016.09.06 10:07:04.361,1.15326,1.15332,1.19,3.00
2016.09.06 10:07:04.412,1.15326,1.1533,1.19,1.00
2016.09.06 10:07:04.926,1.15327,1.15331,1.19,1.00
2016.09.06 10:07:05.244,1.15327,1.15331,1.25,1.00
2016.09.06 10:07:06.445,1.15327,1.15331,1.19,1.00
2016.09.06 10:07:07.598,1.15327,1.15331,1.00,1.00
2016.09.06 10:07:09.740,1.15326,1.15331,1.25,1.00
2016.09.06 10:07:09.943,1.15326,1.15329,1.00,1.00
2016.09.06 10:07:11.524,1.15325,1.15329,1.25,1.50
2016.09.06 10:07:11.575,1.15325,1.15329,1.25,1.00
2016.09.06 10:07:11.626,1.15323,1.15327,1.25,1.00
2016.09.06 10:07:11.677,1.15325,1.15326,1.00,1.00
2016.09.06 10:07:11.728,1.15325,1.15327,1.25,1.00
2016.09.06 10:07:11.839,1.15325,1.15327,1.69,1.00
2016.09.06 10:07:12.222,1.15325,1.15328,1.25,1.00
2016.09.06 10:07:12.445,1.15325,1.15328,1.69,1.00
2016.09.06 10:07:12.560,1.15325,1.15328,1.25,1.00
2016.09.06 10:07:12.611,1.15325,1.15326,1.00,1.00
2016.09.06 10:07:12.662,1.15323,1.15326,1.25,1.00
2016.09.06 10:07:12.733,1.15322,1.15326,1.19,1.00
2016.09.06 10:07:12.896,1.15322,1.15325,1.00,1.00
2016.09.06 10:07:13.613,1.15322,1.15327,1.00,1.50
2016.09.06 10:07:13.715,1.15322,1.15327,1.00,1.00
2016.09.06 10:07:14.376,1.15322,1.15326,1.00,1.00
2016.09.06 10:07:14.427,1.1532,1.15326,1.69,1.00
2016.09.06 10:07:14.478,1.1532,1.15326,1.19,1.00
2016.09.06 10:07:14.530,1.1532,1.15325,1.25,1.00
2016.09.06 10:07:14.631,1.1532,1.15325,1.69,1.00
2016.09.06 10:07:14.784,1.1532,1.15326,1.69,1.50
2016.09.06 10:07:14.885,1.15322,1.15326,1.00,1.50
2016.09.06 10:07:14.937,1.15322,1.15326,1.25,1.50
2016.09.06 10:07:16.583,1.15324,1.15326,1.00,1.50
2016.09.06 10:07:17.285,1.15324,1.15326,1.00,1.00
2016.09.06 10:07:17.890,1.15324,1.15327,1.00,1.00
2016.09.06 10:07:17.941,1.15325,1.15327,1.00,1.00
2016.09.06 10:07:17.992,1.15325,1.15328,1.50,1.00
2016.09.06 10:07:18.043,1.15325,1.15328,1.00,1.00
2016.09.06 10:07:18.144,1.15325,1.15328,1.50,1.00
2016.09.06 10:07:18.985,1.15325,1.15327,1.50,1.50
2016.09.06 10:07:19.036,1.15325,1.15327,1.50,1.87
2016.09.06 10:07:19.088,1.15325,1.15326,1.00,1.00
2016.09.06 10:07:19.189,1.15325,1.15326,1.00,1.00
2016.09.06 10:07:19.322,1.15324,1.15326,1.00,1.00
2016.09.06 10:07:19.577,1.15322,1.15325,1.00,1.00
2016.09.06 10:07:20.996,1.15323,1.15325,1.00,1.00
2016.09.06 10:07:26.732,1.15323,1.15328,1.00,4.87
2016.09.06 10:07:26.783,1.15324,1.15328,1.00,4.87
2016.09.06 10:07:26.834,1.15324,1.15326,1.00,1.00
2016.09.06 10:07:27.660,1.15323,1.15326,1.00,1.00
2016.09.06 10:07:31.352,1.15322,1.15326,1.00,1.00
2016.09.06 10:07:31.403,1.1532,1.15323,3.19,1.00
2016.09.06 10:07:31.455,1.1532,1.15323,1.50,1.00
2016.09.06 10:07:31.506,1.1532,1.15322,1.50,1.00
2016.09.06 10:07:31.608,1.1532,1.15322,1.00,1.00
2016.09.06 10:07:31.710,1.1532,1.15322,1.00,1.50
2016.09.06 10:07:31.817,1.15318,1.15322,1.19,1.50
2016.09.06 10:07:31.900,1.15318,1.15323,1.19,1.50
2016.09.06 10:07:32.002,1.15318,1.15323,1.19,2.25
2016.09.06 10:07:32.823,1.15318,1.15323,1.00,2.25
2016.09.06 10:07:33.091,1.1532,1.15323,1.50,2.25
2016.09.06 10:07:33.193,1.1532,1.15323,1.00,2.25
2016.09.06 10:07:33.294,1.1532,1.15323,1.00,2.62
2016.09.06 10:07:33.345,1.1532,1.15323,1.00,3.00
2016.09.06 10:07:33.396,1.1532,1.15323,1.50,3.00
2016.09.06 10:07:33.690,1.1532,1.15323,1.00,3.00
2016.09.06 10:07:33.741,1.1532,1.15323,1.69,1.50
2016.09.06 10:07:33.792,1.15321,1.15323,1.00,1.12
2016.09.06 10:07:33.843,1.15321,1.15323,1.00,1.00
2016.09.06 10:07:34.390,1.15322,1.15323,1.00,1.00
2016.09.06 10:07:34.525,1.15322,1.15325,1.00,1.50
2016.09.06 10:07:34.725,1.15322,1.15325,1.00,2.25
2016.09.06 10:07:34.932,1.15322,1.15325,1.00,1.50
2016.09.06 10:07:35.552,1.1532,1.15325,1.50,1.50
2016.09.06 10:07:35.654,1.1532,1.15325,1.50,1.00
2016.09.06 10:07:35.755,1.15322,1.15325,1.00,1.00
2016.09.06 10:07:35.806,1.15322,1.15326,1.00,1.50
2016.09.06 10:07:36.455,1.1532,1.15325,1.31,1.00
2016.09.06 10:07:36.506,1.15319,1.15324,2.81,1.50
2016.09.06 10:07:36.559,1.15319,1.15324,1.50,1.50
2016.09.06 10:07:36.610,1.15319,1.15323,1.00,1.00
2016.09.06 10:07:36.661,1.15319,1.15323,1.00,1.69
2016.09.06 10:07:36.712,1.15318,1.15322,1.00,1.00
2016.09.06 10:07:36.763,1.15317,1.1532,1.00,1.00
2016.09.06 10:07:36.865,1.15317,1.1532,1.00,1.25
2016.09.06 10:07:37.431,1.15316,1.1532,1.00,1.25
2016.09.06 10:07:37.533,1.15316,1.15319,1.00,1.00
2016.09.06 10:07:37.787,1.15315,1.15319,1.50,1.00
2016.09.06 10:07:37.888,1.15316,1.15319,1.00,1.00
2016.09.06 10:07:38.532,1.15315,1.15319,1.50,1.00
2016.09.06 10:07:38.634,1.15315,1.15319,1.00,1.00
2016.09.06 10:07:38.895,1.15315,1.15319,1.50,1.00
2016.09.06 10:07:39.149,1.15316,1.15319,1.00,1.00
2016.09.06 10:07:41.511,1.15316,1.15319,1.00,1.50
2016.09.06 10:07:41.714,1.15317,1.15319,1.00,1.00
2016.09.06 10:07:41.765,1.15316,1.1532,1.00,2.06
2016.09.06 10:07:41.816,1.15316,1.1532,1.00,2.81
2016.09.06 10:07:41.867,1.15316,1.15319,1.00,1.00
2016.09.06 10:07:41.919,1.15315,1.15319,1.50,1.00
2016.09.06 10:07:41.969,1.15315,1.15319,1.50,1.25
2016.09.06 10:07:42.020,1.15315,1.15319,1.00,1.25
2016.09.06 10:07:42.122,1.15315,1.15319,1.50,1.25
2016.09.06 10:07:42.227,1.15315,1.1532,1.50,4.31
2016.09.06 10:07:42.279,1.15315,1.1532,1.50,3.56
2016.09.06 10:07:42.698,1.15315,1.1532,1.00,2.44
2016.09.06 10:07:42.835,1.15315,1.1532,1.50,3.19
2016.09.06 10:07:42.936,1.15315,1.15316,1.00,1.00
2016.09.06 10:07:43.040,1.15314,1.15316,1.00,1.00
2016.09.06 10:07:43.520,1.15314,1.15318,1.00,1.57
2016.09.06 10:07:43.571,1.15315,1.15318,1.00,1.10
2016.09.06 10:07:43.622,1.15314,1.15319,1.00,1.20
2016.09.06 10:07:43.723,1.15315,1.15319,1.00,1.10
2016.09.06 10:07:43.825,1.15315,1.15319,1.00,1.00
2016.09.06 10:07:43.927,1.15315,1.1532,1.00,1.84
2016.09.06 10:07:44.499,1.15316,1.1532,1.00,1.84
2016.09.06 10:07:44.550,1.15316,1.1532,1.00,2.59
2016.09.06 10:07:44.850,1.15316,1.1532,1.00,1.84
2016.09.06 10:07:44.901,1.15315,1.1532,1.00,1.84
2016.09.06 10:07:44.952,1.15316,1.1532,1.00,1.84
2016.09.06 10:07:46.010,1.15314,1.1532,1.50,1.84
2016.09.06 10:07:46.083,1.15315,1.1532,1.00,1.84
2016.09.06 10:07:46.134,1.15314,1.15319,1.00,1.00
2016.09.06 10:07:47.586,1.15315,1.15319,1.00,1.00
2016.09.06 10:07:47.708,1.15314,1.15319,1.50,1.00
2016.09.06 10:07:48.109,1.15315,1.15319,1.00,1.00
2016.09.06 10:07:48.160,1.15316,1.15319,1.00,1.00
2016.09.06 10:07:48.818,1.15315,1.15319,1.00,1.00
2016.09.06 10:07:49.043,1.15315,1.15319,1.00,2.06
2016.09.06 10:07:49.095,1.15315,1.15319,1.50,1.69
2016.09.06 10:07:49.197,1.15315,1.15319,1.00,2.44
2016.09.06 10:07:49.248,1.15314,1.15319,1.00,2.44
2016.09.06 10:07:49.299,1.15315,1.15319,1.00,1.69
2016.09.06 10:07:49.350,1.15315,1.15319,1.50,1.19
2016.09.06 10:07:49.451,1.15315,1.15319,1.00,1.69
2016.09.06 10:07:49.503,1.15313,1.15318,1.00,1.25
2016.09.06 10:07:49.554,1.15311,1.15315,1.00,1.00
2016.09.06 10:07:49.757,1.1531,1.15315,1.50,1.19
2016.09.06 10:07:49.859,1.1531,1.15315,1.50,1.69
2016.09.06 10:07:50.167,1.1531,1.15315,1.50,2.44
2016.09.06 10:07:50.455,1.1531,1.15315,1.00,2.44
2016.09.06 10:07:50.556,1.1531,1.15315,1.50,2.44
2016.09.06 10:07:50.717,1.15312,1.15315,1.00,1.69
2016.09.06 10:07:50.768,1.15313,1.15318,1.00,3.15
2016.09.06 10:07:50.819,1.15312,1.15317,1.00,1.50
2016.09.06 10:07:50.870,1.15312,1.15316,1.00,1.00
2016.09.06 10:07:51.834,1.15313,1.15316,1.00,1.00
2016.09.06 10:07:51.885,1.15313,1.15317,1.00,1.50
2016.09.06 10:07:53.438,1.1531,1.15315,2.25,1.00
2016.09.06 10:07:53.489,1.15311,1.15314,1.00,1.00
2016.09.06 10:07:53.540,1.15309,1.15314,1.50,1.00
2016.09.06 10:07:53.591,1.15309,1.15314,1.50,1.69
2016.09.06 10:07:53.642,1.15309,1.15314,1.00,1.69
2016.09.06 10:07:53.744,1.15309,1.15312,1.00,1.00
2016.09.06 10:07:54.261,1.1531,1.15313,1.50,1.00
2016.09.06 10:07:54.767,1.15309,1.15315,1.00,1.87
2016.09.06 10:07:54.869,1.1531,1.15315,1.00,1.87
2016.09.06 10:07:54.920,1.1531,1.15315,1.00,1.50
2016.09.06 10:07:55.028,1.15309,1.15315,1.50,1.50
2016.09.06 10:07:55.265,1.1531,1.15315,1.00,1.50
2016.09.06 10:07:55.712,1.15309,1.15315,1.50,1.50
2016.09.06 10:07:56.132,1.1531,1.15315,1.00,1.50
2016.09.06 10:07:56.231,1.15309,1.15315,1.50,1.50
2016.09.06 10:07:56.652,1.1531,1.15315,1.00,1.50
2016.09.06 10:07:56.836,1.1531,1.15315,1.50,1.50
2016.09.06 10:07:56.954,1.1531,1.15315,1.00,1.50
2016.09.06 10:07:57.234,1.1531,1.15315,1.50,1.50
2016.09.06 10:07:57.336,1.1531,1.15315,1.00,1.50
2016.09.06 10:07:57.653,1.15312,1.15317,1.00,2.06
2016.09.06 10:07:57.704,1.15312,1.15317,1.00,1.69
2016.09.06 10:07:57.755,1.15312,1.15317,1.00,1.50
2016.09.06 10:07:57.856,1.15312,1.15317,1.00,1.00
2016.09.06 10:07:58.364,1.15312,1.15318,1.00,1.00
2016.09.06 10:07:58.665,1.15315,1.15318,1.00,1.00
2016.09.06 10:07:58.767,1.15317,1.15319,1.00,2.77
2016.09.06 10:07:58.818,1.15317,1.15319,1.00,2.70
2016.09.06 10:07:58.869,1.15316,1.15319,1.00,1.50
2016.09.06 10:07:58.970,1.15317,1.1532,1.00,1.57
2016.09.06 10:07:59.021,1.15317,1.1532,1.00,1.10
2016.09.06 10:07:59.072,1.15317,1.1532,1.00,1.00
2016.09.06 10:07:59.123,1.15315,1.1532,1.00,1.00
2016.09.06 10:07:59.174,1.15317,1.1532,1.00,1.00
2016.09.06 10:07:59.276,1.15319,1.15321,1.00,1.00
2016.09.06 10:07:59.460,1.15321,1.15324,1.00,3.94
2016.09.06 10:07:59.512,1.15322,1.15325,1.00,3.00
2016.09.06 10:07:59.563,1.15323,1.15325,1.00,1.12
2016.09.06 10:07:59.868,1.15322,1.15324,1.00,1.00
2016.09.06 10:08:00.080,1.15323,1.15325,1.00,1.87
2016.09.06 10:08:00.283,1.15322,1.15325,1.00,2.62
2016.09.06 10:08:00.334,1.15322,1.15325,1.00,2.25
2016.09.06 10:08:00.425,1.15322,1.15325,1.00,1.50
2016.09.06 10:08:01.295,1.15322,1.15325,1.00,1.00
2016.09.06 10:08:01.994,1.15323,1.15325,1.00,1.00
2016.09.06 10:08:02.503,1.15322,1.15325,1.00,1.00
2016.09.06 10:08:03.089,1.15322,1.15325,1.00,1.50
2016.09.06 10:08:03.593,1.15321,1.15325,1.00,1.50
2016.09.06 10:08:04.592,1.15322,1.15325,1.00,1.50
2016.09.06 10:08:05.104,1.15322,1.15325,1.00,1.00
2016.09.06 10:08:05.267,1.1532,1.15323,1.50,1.00
2016.09.06 10:08:05.320,1.1532,1.15322,1.00,1.00
2016.09.06 10:08:05.371,1.15317,1.15319,1.25,1.00
2016.09.06 10:08:05.422,1.15318,1.15319,1.00,1.00
2016.09.06 10:08:05.474,1.15316,1.15317,1.00,1.00
2016.09.06 10:08:05.627,1.15317,1.15319,1.00,4.87
2016.09.06 10:08:05.678,1.15317,1.15319,1.00,2.25
2016.09.06 10:08:05.729,1.15317,1.15319,1.00,1.50
2016.09.06 10:08:05.780,1.15318,1.15321,1.00,2.51
2016.09.06 10:08:05.831,1.15318,1.15321,1.00,2.14
2016.09.06 10:08:05.882,1.15318,1.15321,1.00,1.10
2016.09.06 10:08:05.933,1.15318,1.15321,1.00,1.00
2016.09.06 10:08:06.459,1.1532,1.15322,1.00,1.10
2016.09.06 10:08:06.560,1.1532,1.15323,1.00,4.39
2016.09.06 10:08:06.611,1.1532,1.15323,1.00,3.64
2016.09.06 10:08:06.960,1.15321,1.15323,1.00,3.45
2016.09.06 10:08:07.012,1.15321,1.15323,1.00,2.70
2016.09.06 10:08:07.063,1.15321,1.15323,1.00,2.40
2016.09.06 10:08:07.114,1.15321,1.15323,1.00,2.32
2016.09.06 10:08:07.543,1.15321,1.15323,1.00,1.57
2016.09.06 10:08:07.696,1.15322,1.15325,1.00,1.12
2016.09.06 10:08:07.798,1.15323,1.15326,1.00,1.47
2016.09.06 10:08:07.849,1.15324,1.15326,1.00,1.10
2016.09.06 10:08:08.003,1.15323,1.15326,1.00,1.57
2016.09.06 10:08:08.104,1.15324,1.15326,1.00,1.10
2016.09.06 10:08:08.155,1.15324,1.15326,1.00,1.00
2016.09.06 10:08:08.307,1.15324,1.15326,1.00,1.50
2016.09.06 10:08:08.417,1.15324,1.15326,1.00,1.00
2016.09.06 10:08:08.468,1.15324,1.15327,1.00,2.25
2016.09.06 10:08:08.620,1.15324,1.15327,1.00,1.50
2016.09.06 10:08:09.062,1.15324,1.15327,1.00,1.00
2016.09.06 10:08:09.377,1.15326,1.15329,1.00,3.00
2016.09.06 10:08:09.427,1.15326,1.15329,1.00,2.62
2016.09.06 10:08:09.478,1.15327,1.15329,1.00,1.00
2016.09.06 10:08:09.529,1.15328,1.15331,1.00,1.50
2016.09.06 10:08:09.646,1.15329,1.15331,1.00,1.00
2016.09.06 10:08:09.697,1.1533,1.15331,1.00,1.00
2016.09.06 10:08:09.849,1.1533,1.15332,1.00,1.65
2016.09.06 10:08:09.900,1.1533,1.15332,1.00,4.27
2016.09.06 10:08:09.951,1.15328,1.15332,1.00,4.65
2016.09.06 10:08:10.002,1.15326,1.1533,1.00,3.07
2016.09.06 10:08:10.103,1.15326,1.15327,1.00,1.00
2016.09.06 10:08:10.154,1.15325,1.15327,1.00,1.00
2016.09.06 10:08:10.205,1.15326,1.15328,1.00,1.50
2016.09.06 10:08:10.256,1.15324,1.15328,1.50,1.50
2016.09.06 10:08:10.326,1.15326,1.15327,1.00,1.00
2016.09.06 10:08:10.925,1.15325,1.15327,1.00,1.00
2016.09.06 10:08:10.976,1.15324,1.15327,1.50,1.00
2016.09.06 10:08:11.077,1.15326,1.15327,1.00,1.00
2016.09.06 10:08:11.179,1.15325,1.15327,1.00,1.00
2016.09.06 10:08:11.331,1.15325,1.15327,1.50,1.00
2016.09.06 10:08:11.433,1.15325,1.15327,1.00,1.00
2016.09.06 10:08:11.484,1.15324,1.15327,1.00,2.25
2016.09.06 10:08:11.640,1.15323,1.15326,1.00,1.00
2016.09.06 10:08:12.650,1.15323,1.15326,1.00,1.50
2016.09.06 10:08:12.942,1.15323,1.15326,1.00,1.00
2016.09.06 10:08:13.476,1.15324,1.15326,1.00,1.00
2016.09.06 10:08:13.897,1.15324,1.15327,1.00,1.10
2016.09.06 10:08:13.948,1.15324,1.15327,1.00,1.00
2016.09.06 10:08:14.283,1.15324,1.15327,1.50,1.00
2016.09.06 10:08:14.680,1.15325,1.15327,1.00,1.00
2016.09.06 10:08:14.781,1.15324,1.15327,1.00,1.00
2016.09.06 10:08:16.451,1.15324,1.15327,1.00,1.50
2016.09.06 10:08:16.886,1.15325,1.15328,1.50,1.65
2016.09.06 10:08:16.937,1.15325,1.15328,1.50,1.57
2016.09.06 10:08:17.040,1.15325,1.15328,1.50,1.00
2016.09.06 10:08:17.185,1.15325,1.15328,1.00,1.00
2016.09.06 10:08:17.286,1.15325,1.15328,1.50,1.00
2016.09.06 10:08:17.988,1.15325,1.15328,1.00,1.00
2016.09.06 10:08:18.173,1.15326,1.1533,1.00,2.70
2016.09.06 10:08:18.224,1.15326,1.1533,1.00,1.50
2016.09.06 10:08:19.220,1.15327,1.1533,1.00,1.00
2016.09.06 10:08:19.751,1.15327,1.1533,1.00,1.12
2016.09.06 10:08:19.969,1.15325,1.1533,1.50,1.12
2016.09.06 10:08:20.020,1.15324,1.15329,2.25,1.00
2016.09.06 10:08:20.071,1.15324,1.15328,1.00,1.00
2016.09.06 10:08:20.122,1.15323,1.15328,1.87,2.25
2016.09.06 10:08:20.173,1.15323,1.15328,1.00,2.25
2016.09.06 10:08:20.225,1.15323,1.15327,1.00,1.00
2016.09.06 10:08:20.377,1.15323,1.15328,1.00,2.25
2016.09.06 10:08:20.525,1.15323,1.15328,1.00,1.50
2016.09.06 10:08:24.394,1.15323,1.15328,1.00,1.87
2016.09.06 10:08:27.149,1.15322,1.15327,1.00,1.25
2016.09.06 10:08:27.200,1.15322,1.15327,1.00,1.69
2016.09.06 10:08:27.251,1.15322,1.15327,1.00,1.50
2016.09.06 10:08:27.302,1.15321,1.15326,1.00,1.00
2016.09.06 10:08:28.886,1.15321,1.15326,1.00,1.50
2016.09.06 10:08:30.090,1.1532,1.15326,1.25,1.50
2016.09.06 10:08:30.141,1.1532,1.15326,1.00,1.50
2016.09.06 10:08:30.242,1.15319,1.15326,1.12,2.25
2016.09.06 10:08:30.293,1.15319,1.15324,1.00,1.50
2016.09.06 10:08:32.690,1.15319,1.15324,1.00,1.00
2016.09.06 10:08:35.744,1.15319,1.15324,1.00,1.50
2016.09.06 10:08:35.795,1.15319,1.15324,1.00,2.25
2016.09.06 10:08:39.036,1.15319,1.15324,1.00,2.44
2016.09.06 10:08:39.099,1.15319,1.15324,1.00,1.69
2016.09.06 10:08:40.804,1.15319,1.15324,1.00,1.19
2016.09.06 10:08:41.209,1.15319,1.15324,1.00,1.69
2016.09.06 10:08:42.314,1.15319,1.15324,1.00,1.19
2016.09.06 10:08:42.714,1.15319,1.15324,1.00,1.69
2016.09.06 10:08:43.757,1.15319,1.15324,1.00,2.06
2016.09.06 10:08:44.433,1.15317,1.15324,3.45,2.06
2016.09.06 10:08:44.484,1.15317,1.15322,2.70,1.31
2016.09.06 10:08:44.535,1.15317,1.15321,1.95,1.19
2016.09.06 10:08:44.586,1.15317,1.15321,1.47,1.69
2016.09.06 10:08:44.637,1.15316,1.15321,1.20,1.69
2016.09.06 10:08:44.688,1.15316,1.15321,1.12,1.69
2016.09.06 10:08:44.739,1.15316,1.15321,1.87,1.69
2016.09.06 10:08:44.841,1.15316,1.15321,1.00,1.69
2016.09.06 10:08:44.891,1.15316,1.1532,1.00,1.19
2016.09.06 10:08:45.044,1.15315,1.1532,1.00,1.69
2016.09.06 10:08:45.215,1.15315,1.1532,1.50,1.69
2016.09.06 10:08:45.423,1.15315,1.1532,1.00,1.69
2016.09.06 10:08:45.525,1.15315,1.1532,1.50,1.69
2016.09.06 10:08:45.627,1.15315,1.1532,1.00,2.44
2016.09.06 10:08:45.728,1.15315,1.1532,1.00,1.69
2016.09.06 10:08:45.935,1.15315,1.1532,1.50,1.19
2016.09.06 10:08:46.011,1.15315,1.1532,1.00,1.19
2016.09.06 10:08:46.386,1.15315,1.1532,1.00,1.69
2016.09.06 10:08:49.278,1.15313,1.15318,4.50,1.25
2016.09.06 10:08:49.666,1.15313,1.15318,4.20,1.25
2016.09.06 10:08:49.717,1.15313,1.15318,3.90,1.25
2016.09.06 10:08:49.769,1.15313,1.15317,2.40,1.00
2016.09.06 10:08:49.820,1.15313,1.15316,1.65,1.00
2016.09.06 10:08:49.871,1.15313,1.15316,1.27,1.00
2016.09.06 10:08:49.923,1.15312,1.15315,1.12,1.00
2016.09.06 10:08:49.974,1.15311,1.15315,2.40,1.00
2016.09.06 10:08:50.025,1.15311,1.15315,2.02,1.00
2016.09.06 10:08:50.075,1.15311,1.15315,1.95,1.00
2016.09.06 10:08:50.536,1.15311,1.15315,1.10,1.00
2016.09.06 10:08:50.763,1.1531,1.15315,3.07,1.00
2016.09.06 10:08:50.813,1.1531,1.15315,4.20,1.00
2016.09.06 10:08:50.915,1.1531,1.15315,3.45,1.50
2016.09.06 10:08:51.017,1.1531,1.15315,3.45,1.00
2016.09.06 10:08:51.142,1.1531,1.15315,3.45,1.50
2016.09.06 10:08:51.546,1.1531,1.15315,3.45,1.00
2016.09.06 10:08:51.597,1.1531,1.15315,2.32,1.00
2016.09.06 10:08:51.650,1.1531,1.15315,1.27,1.00
2016.09.06 10:08:51.701,1.1531,1.15315,1.47,1.00
2016.09.06 10:08:51.753,1.1531,1.15315,1.47,1.50
2016.09.06 10:08:51.804,1.15309,1.15314,1.65,1.00
2016.09.06 10:08:52.841,1.1531,1.15314,1.00,1.00
2016.09.06 10:08:54.224,1.1531,1.15313,1.00,1.00
2016.09.06 10:08:54.798,1.1531,1.15314,1.00,1.00
2016.09.06 10:08:55.970,1.15312,1.15315,1.00,1.00
2016.09.06 10:08:56.021,1.15312,1.15316,1.00,1.50
2016.09.06 10:08:56.093,1.15312,1.15316,1.00,1.00
2016.09.06 10:08:56.298,1.15314,1.1532,1.00,2.32
2016.09.06 10:08:56.350,1.15314,1.1532,1.00,1.50
2016.09.06 10:08:56.453,1.15314,1.1532,1.12,1.50
2016.09.06 10:08:56.747,1.15314,1.1532,1.12,2.25
2016.09.06 10:08:56.798,1.15313,1.15318,1.01,1.00
2016.09.06 10:08:56.900,1.15313,1.15318,1.25,1.00
2016.09.06 10:08:57.358,1.15313,1.15318,1.00,1.00
2016.09.06 10:08:57.409,1.15312,1.15317,2.89,1.00
2016.09.06 10:08:57.462,1.15311,1.15315,2.51,1.00
2016.09.06 10:08:57.514,1.1531,1.15315,6.94,1.00
2016.09.06 10:08:57.565,1.1531,1.15315,3.37,2.25
2016.09.06 10:08:57.671,1.15309,1.15315,1.10,2.25
2016.09.06 10:08:57.774,1.15309,1.15315,1.00,2.25
2016.09.06 10:08:57.825,1.15309,1.15315,1.00,1.50
2016.09.06 10:08:58.029,1.1531,1.15315,1.12,1.50
2016.09.06 10:08:58.080,1.1531,1.15315,1.12,1.00
2016.09.06 10:08:58.131,1.1531,1.15316,1.12,1.00
2016.09.06 10:08:58.700,1.1531,1.15316,1.87,1.00
2016.09.06 10:08:58.971,1.1531,1.15317,2.62,1.50
2016.09.06 10:08:59.461,1.1531,1.15317,3.37,1.50
2016.09.06 10:08:59.512,1.1531,1.15317,3.00,1.50
2016.09.06 10:08:59.563,1.1531,1.15317,2.25,1.00
2016.09.06 10:08:59.614,1.15311,1.15317,1.00,1.00
2016.09.06 10:09:00.263,1.15311,1.15315,1.00,1.00
2016.09.06 10:09:00.314,1.1531,1.15315,2.62,1.50
2016.09.06 10:09:00.365,1.1531,1.15315,1.87,1.50
2016.09.06 10:09:00.415,1.1531,1.15315,1.00,1.50
2016.09.06 10:09:00.466,1.1531,1.15315,1.00,2.25
2016.09.06 10:09:00.524,1.1531,1.15315,1.00,3.00
2016.09.06 10:09:00.575,1.1531,1.15315,1.50,3.00
2016.09.06 10:09:00.670,1.1531,1.15315,2.25,2.25
2016.09.06 10:09:00.721,1.1531,1.15317,3.37,1.00
2016.09.06 10:09:00.772,1.1531,1.15317,4.12,1.00
2016.09.06 10:09:01.261,1.15312,1.15317,1.00,1.00
2016.09.06 10:09:01.716,1.15312,1.15317,1.12,1.00
2016.09.06 10:09:02.021,1.15312,1.15317,1.00,1.00
2016.09.06 10:09:03.978,1.1531,1.15315,4.20,1.00
2016.09.06 10:09:04.029,1.1531,1.15312,1.95,1.00
2016.09.06 10:09:04.080,1.1531,1.15312,1.12,1.00
2016.09.06 10:09:04.131,1.15307,1.15311,1.95,1.00
2016.09.06 10:09:04.183,1.15306,1.1531,1.50,1.00
2016.09.06 10:09:04.234,1.15306,1.1531,1.37,1.00
2016.09.06 10:09:04.285,1.15306,1.1531,1.00,1.00
2016.09.06 10:09:04.899,1.15305,1.1531,1.00,1.00
2016.09.06 10:09:05.103,1.15305,1.15311,1.00,1.00
2016.09.06 10:09:05.255,1.15305,1.15312,1.25,1.50
2016.09.06 10:09:05.638,1.15305,1.15312,1.69,1.50
2016.09.06 10:09:05.689,1.15305,1.15312,1.50,1.50
2016.09.06 10:09:06.038,1.15305,1.15312,1.00,1.50
2016.09.06 10:09:06.139,1.15305,1.15312,1.50,1.50
2016.09.06 10:09:06.490,1.15305,1.1531,1.50,1.00
2016.09.06 10:09:06.624,1.15305,1.1531,1.00,1.00
2016.09.06 10:09:06.929,1.15302,1.15306,6.82,1.00
2016.09.06 10:09:06.980,1.15302,1.15306,3.64,1.00
2016.09.06 10:09:07.032,1.15302,1.15304,1.10,1.00
2016.09.06 10:09:07.083,1.15301,1.15304,1.37,1.00
2016.09.06 10:09:07.134,1.15298,1.15303,3.75,1.00
2016.09.06 10:09:07.185,1.15298,1.15303,2.62,1.00
2016.09.06 10:09:07.236,1.153,1.15304,1.12,1.00
2016.09.06 10:09:07.456,1.15298,1.15305,1.57,1.00
2016.09.06 10:09:07.609,1.15298,1.15305,1.95,1.00
2016.09.06 10:09:07.660,1.15298,1.15305,1.95,1.50
2016.09.06 10:09:07.711,1.153,1.15305,1.12,1.50
2016.09.06 10:09:07.763,1.153,1.15305,1.00,2.25
2016.09.06 10:09:07.879,1.153,1.15305,1.00,1.00
2016.09.06 10:09:08.080,1.15298,1.15305,1.20,1.50
2016.09.06 10:09:08.131,1.15298,1.15305,1.20,2.25
2016.09.06 10:09:08.244,1.15298,1.15305,1.20,1.50
2016.09.06 10:09:08.381,1.15298,1.15305,1.20,2.25
2016.09.06 10:09:08.595,1.15299,1.15305,1.00,1.50
2016.09.06 10:09:08.849,1.153,1.15305,1.00,1.00
2016.09.06 10:09:09.067,1.15299,1.15305,1.50,1.00
2016.09.06 10:09:09.283,1.15299,1.15305,1.00,1.00
2016.09.06 10:09:09.541,1.15299,1.15304,1.00,1.00
2016.09.06 10:09:09.813,1.15299,1.15304,1.12,1.00
2016.09.06 10:09:10.589,1.153,1.15305,1.00,1.50
2016.09.06 10:09:10.703,1.153,1.15305,1.25,1.00
2016.09.06 10:09:11.588,1.15299,1.15303,1.19,1.00
2016.09.06 10:09:13.427,1.15299,1.15304,2.06,1.00
2016.09.06 10:09:13.744,1.15299,1.15304,1.69,1.00
2016.09.06 10:09:14.015,1.15298,1.15302,1.39,1.00
2016.09.06 10:09:14.118,1.15296,1.153,2.25,1.00
2016.09.06 10:09:14.234,1.15296,1.153,1.20,1.00
2016.09.06 10:09:14.723,1.15296,1.15301,1.65,1.00
2016.09.06 10:09:14.774,1.15297,1.15301,1.00,1.00
2016.09.06 10:09:14.927,1.15298,1.15304,1.00,1.00
2016.09.06 10:09:16.414,1.15299,1.15304,1.00,1.00
2016.09.06 10:09:17.471,1.15299,1.15304,1.00,1.50
2016.09.06 10:09:18.016,1.15299,1.15304,1.00,1.50
2016.09.06 10:09:18.067,1.15299,1.15304,1.00,1.00
2016.09.06 10:09:18.931,1.15299,1.15304,1.00,1.00
2016.09.06 10:09:19.485,1.15299,1.15305,1.00,1.00
2016.09.06 10:09:19.786,1.15299,1.15306,1.00,2.25
2016.09.06 10:09:19.838,1.153,1.15305,1.00,1.00
2016.09.06 10:09:19.889,1.153,1.15305,1.00,1.50
2016.09.06 10:09:20.272,1.153,1.15305,1.00,1.00
2016.09.06 10:09:20.475,1.153,1.15305,1.00,1.50
2016.09.06 10:09:20.606,1.153,1.15305,1.00,1.00
2016.09.06 10:09:20.773,1.153,1.15305,1.00,1.50
2016.09.06 10:09:21.087,1.153,1.15305,1.00,1.00
2016.09.06 10:09:21.290,1.153,1.15305,1.00,1.50
2016.09.06 10:09:21.341,1.153,1.15305,1.00,1.00
2016.09.06 10:09:21.392,1.15301,1.15307,1.00,1.50
2016.09.06 10:09:21.493,1.15302,1.15307,1.00,1.00
2016.09.06 10:09:21.697,1.15301,1.15307,1.50,1.00
2016.09.06 10:09:22.327,1.15301,1.15306,1.50,1.00
2016.09.06 10:09:24.214,1.153,1.15306,1.69,1.00
2016.09.06 10:09:24.316,1.153,1.15305,1.25,1.50
2016.09.06 10:09:24.419,1.153,1.15305,1.25,1.00
2016.09.06 10:09:24.674,1.15301,1.15306,1.00,1.00
2016.09.06 10:09:27.725,1.153,1.15305,1.69,1.00
2016.09.06 10:09:27.826,1.153,1.15305,1.50,1.00
2016.09.06 10:09:27.928,1.153,1.15305,1.00,1.50
2016.09.06 10:09:28.132,1.153,1.15305,1.00,1.00
2016.09.06 10:09:28.606,1.153,1.15305,1.00,1.50
2016.09.06 10:09:28.710,1.153,1.15305,1.50,1.50
2016.09.06 10:09:28.776,1.153,1.15305,1.00,1.50
2016.09.06 10:09:28.929,1.153,1.15305,1.00,1.00
2016.09.06 10:09:29.031,1.153,1.15305,1.00,1.50
2016.09.06 10:09:29.081,1.153,1.15305,1.50,1.50
2016.09.06 10:09:29.132,1.153,1.15305,1.50,1.00
2016.09.06 10:09:29.335,1.153,1.15305,1.50,1.50
2016.09.06 10:09:29.394,1.153,1.15305,1.50,1.00
2016.09.06 10:09:29.496,1.153,1.15305,1.50,1.50
2016.09.06 10:09:29.922,1.15301,1.15306,1.00,1.50
2016.09.06 10:09:30.024,1.15301,1.15306,1.50,1.00
2016.09.06 10:09:30.180,1.15301,1.15306,1.00,1.00
2016.09.06 10:09:33.061,1.153,1.15305,1.87,1.00
2016.09.06 10:09:33.134,1.153,1.15305,1.50,1.00
2016.09.06 10:09:33.185,1.15298,1.15302,3.07,1.00
2016.09.06 10:09:33.236,1.15298,1.15302,1.20,1.00
2016.09.06 10:09:33.289,1.15298,1.15302,1.12,1.00
2016.09.06 10:09:33.340,1.15297,1.15302,1.20,1.00
2016.09.06 10:09:33.391,1.15296,1.15302,1.27,1.50
2016.09.06 10:09:33.442,1.15296,1.15302,1.20,1.50
2016.09.06 10:09:34.121,1.15295,1.15302,3.56,1.50
2016.09.06 10:09:34.190,1.15295,1.15302,3.37,1.50
2016.09.06 10:09:34.308,1.15295,1.15302,2.62,1.50
2016.09.06 10:09:34.410,1.15295,1.15302,3.37,1.50
2016.09.06 10:09:34.538,1.15295,1.15302,2.62,1.50
2016.09.06 10:09:34.707,1.15295,1.15302,3.37,1.50
2016.09.06 10:09:34.809,1.15295,1.15302,2.62,1.50
2016.09.06 10:09:34.927,1.15295,1.15302,3.37,1.50
2016.09.06 10:09:35.087,1.15295,1.15301,2.62,1.50
2016.09.06 10:09:35.138,1.15294,1.153,3.37,1.00
2016.09.06 10:09:35.189,1.15294,1.15301,3.19,2.25
2016.09.06 10:09:35.240,1.15294,1.15301,2.51,2.25
2016.09.06 10:09:35.291,1.15294,1.15301,1.65,2.25
2016.09.06 10:09:35.342,1.15294,1.153,1.65,1.00
2016.09.06 10:09:35.429,1.15294,1.15301,1.65,3.00
2016.09.06 10:09:35.509,1.15294,1.153,3.15,1.50
2016.09.06 10:09:35.633,1.15294,1.153,3.15,1.00
2016.09.06 10:09:35.750,1.15294,1.153,3.15,1.50
2016.09.06 10:09:36.976,1.15294,1.153,2.40,1.50
2016.09.06 10:09:37.454,1.15294,1.153,2.40,1.00
2016.09.06 10:09:37.556,1.15294,1.153,2.40,1.50
2016.09.06 10:09:37.660,1.15294,1.153,2.40,1.00
2016.09.06 10:09:37.851,1.15294,1.153,2.40,1.50
2016.09.06 10:09:37.902,1.15294,1.153,1.65,1.50
2016.09.06 10:09:37.953,1.15294,1.15299,1.65,1.00
2016.09.06 10:09:38.654,1.15295,1.153,1.00,2.25
2016.09.06 10:09:38.705,1.15295,1.153,1.50,2.25
2016.09.06 10:09:38.756,1.15295,1.153,2.25,2.25
2016.09.06 10:09:38.807,1.15296,1.153,1.00,1.00
2016.09.06 10:09:38.857,1.15296,1.15301,1.00,1.50
2016.09.06 10:09:39.463,1.15297,1.15301,1.00,1.00
2016.09.06 10:09:39.514,1.15297,1.15302,1.00,1.25
2016.09.06 10:09:40.026,1.15298,1.15303,1.00,1.69
2016.09.06 10:09:40.128,1.15298,1.15303,1.00,1.00
2016.09.06 10:09:40.651,1.15299,1.15304,1.00,1.00
2016.09.06 10:09:42.006,1.15299,1.15303,1.00,1.00
2016.09.06 10:09:42.057,1.15297,1.15302,1.27,1.00
2016.09.06 10:09:42.159,1.15297,1.15302,1.10,1.00
2016.09.06 10:09:42.210,1.15297,1.15302,1.00,1.50
2016.09.06 10:09:42.516,1.15297,1.15302,1.00,1.00
2016.09.06 10:09:42.618,1.15297,1.15302,1.00,1.50
2016.09.06 10:09:42.719,1.15297,1.15302,1.00,1.00
2016.09.06 10:09:43.217,1.15296,1.15301,1.00,1.25
2016.09.06 10:09:43.319,1.15296,1.15301,1.00,1.50
2016.09.06 10:09:43.624,1.15296,1.15301,1.00,1.00
2016.09.06 10:09:43.907,1.15296,1.15301,1.00,1.50
2016.09.06 10:09:44.225,1.15295,1.153,1.50,1.00
2016.09.06 10:09:44.277,1.15295,1.15299,1.00,1.00
2016.09.06 10:09:44.329,1.15294,1.15299,1.65,1.00
2016.09.06 10:09:44.381,1.15294,1.15299,1.20,1.00
2016.09.06 10:09:44.432,1.15294,1.15299,1.65,1.00
2016.09.06 10:09:44.484,1.15294,1.15299,1.57,1.00
2016.09.06 10:09:44.535,1.15294,1.15299,1.50,1.00
2016.09.06 10:09:45.148,1.15294,1.15299,2.25,1.00
2016.09.06 10:09:45.351,1.15294,1.15299,1.50,1.00
2016.09.06 10:09:45.452,1.15294,1.15299,2.25,1.00
2016.09.06 10:09:45.613,1.15294,1.15299,1.50,1.00
2016.09.06 10:09:46.035,1.15295,1.153,1.00,1.00
2016.09.06 10:09:46.348,1.15295,1.153,1.00,1.50
2016.09.06 10:09:46.769,1.15296,1.153,1.00,1.00
2016.09.06 10:09:46.821,1.15296,1.15301,1.25,1.00
2016.09.06 10:09:46.923,1.15297,1.15302,1.00,1.00
2016.09.06 10:09:46.974,1.15297,1.15302,1.50,1.00
2016.09.06 10:09:47.076,1.15297,1.15301,1.00,1.00
2016.09.06 10:09:47.128,1.15297,1.15302,1.50,1.00
2016.09.06 10:09:47.979,1.15297,1.15302,1.87,1.00
2016.09.06 10:09:48.584,1.153,1.15303,1.00,1.00
2016.09.06 10:09:48.635,1.15299,1.15304,1.00,1.25
2016.09.06 10:09:48.686,1.15303,1.15306,1.00,4.12
2016.09.06 10:09:48.737,1.15301,1.15306,4.87,3.75
2016.09.06 10:09:48.827,1.15301,1.15307,3.75,1.75
2016.09.06 10:09:48.881,1.15302,1.15308,3.00,1.00
2016.09.06 10:09:48.933,1.15306,1.15308,1.00,1.00
2016.09.06 10:09:49.035,1.15309,1.15313,1.00,4.31
2016.09.06 10:09:49.086,1.1531,1.15313,1.00,1.69
2016.09.06 10:09:49.138,1.15313,1.15316,1.00,4.12
2016.09.06 10:09:49.189,1.15315,1.15317,1.00,2.40
2016.09.06 10:09:49.240,1.15315,1.15317,1.00,1.00
2016.09.06 10:09:49.291,1.15314,1.15319,1.00,1.31
2016.09.06 10:09:49.342,1.15315,1.15318,1.20,1.00
2016.09.06 10:09:49.403,1.15315,1.15318,1.65,1.00
2016.09.06 10:09:49.454,1.15317,1.15322,1.00,1.50
2016.09.06 10:09:49.505,1.15317,1.15322,1.50,1.50
2016.09.06 10:09:49.556,1.15317,1.15323,1.00,1.37
2016.09.06 10:09:49.608,1.15317,1.15322,1.50,1.12
2016.09.06 10:09:49.659,1.1532,1.15322,1.00,1.12
2016.09.06 10:09:49.712,1.15321,1.15325,1.37,3.00
2016.09.06 10:09:49.764,1.15324,1.15326,1.12,1.10
2016.09.06 10:09:49.815,1.15322,1.15326,1.37,1.00
2016.09.06 10:09:49.867,1.15326,1.15328,1.00,1.57
2016.09.06 10:09:49.918,1.15324,1.15329,1.37,1.50
2016.09.06 10:09:49.970,1.15325,1.15331,1.37,3.37
2016.09.06 10:09:50.021,1.15324,1.15331,1.37,2.62
2016.09.06 10:09:50.136,1.15323,1.15328,4.20,1.00
2016.09.06 10:09:50.187,1.15324,1.15328,1.00,1.00
2016.09.06 10:09:50.290,1.15322,1.15327,1.20,1.00
2016.09.06 10:09:50.341,1.15323,1.15327,1.00,1.00
2016.09.06 10:09:50.392,1.15323,1.15327,2.25,1.00
2016.09.06 10:09:50.446,1.15325,1.1533,1.50,1.50
2016.09.06 10:09:50.569,1.15325,1.1533,1.50,1.00
2016.09.06 10:09:50.621,1.15327,1.15333,1.00,1.12
2016.09.06 10:09:50.672,1.15327,1.15334,1.50,1.87
2016.09.06 10:09:50.783,1.15327,1.15334,1.57,1.00
2016.09.06 10:09:50.935,1.15327,1.15332,1.10,1.00
2016.09.06 10:09:50.986,1.15326,1.15331,1.20,1.00
2016.09.06 10:09:51.088,1.15325,1.1533,3.75,1.00
2016.09.06 10:09:51.139,1.15325,1.1533,3.45,1.00
2016.09.06 10:09:51.190,1.15325,1.1533,1.57,1.00
2016.09.06 10:09:51.241,1.15325,1.1533,1.50,1.00
2016.09.06 10:09:51.292,1.15325,1.1533,2.25,1.00
2016.09.06 10:09:51.445,1.15326,1.15331,1.00,1.00
2016.09.06 10:09:53.407,1.15326,1.15332,1.00,1.00
2016.09.06 10:09:53.661,1.15326,1.1533,1.00,1.00
2016.09.06 10:09:53.762,1.15325,1.1533,1.00,1.00
2016.09.06 10:09:53.821,1.15325,1.1533,1.50,1.00
2016.09.06 10:09:53.944,1.15327,1.15331,1.00,1.00
2016.09.06 10:09:53.995,1.15327,1.15332,1.00,1.00
2016.09.06 10:09:54.299,1.15326,1.15331,1.50,1.00
2016.09.06 10:09:54.350,1.15326,1.15331,1.00,1.00
2016.09.06 10:09:55.558,1.15327,1.15332,1.00,1.00
2016.09.06 10:09:56.496,1.15326,1.15332,1.00,1.00
2016.09.06 10:09:56.828,1.15326,1.15332,1.50,1.00
2016.09.06 10:09:57.038,1.15326,1.15332,1.00,1.00
2016.09.06 10:09:57.191,1.15325,1.15332,3.75,1.00
2016.09.06 10:09:57.242,1.15325,1.15332,2.62,1.00
2016.09.06 10:09:57.293,1.15325,1.15332,2.25,1.00
2016.09.06 10:09:57.399,1.15325,1.15332,3.37,1.00
2016.09.06 10:09:57.450,1.15325,1.15332,4.12,1.00
2016.09.06 10:09:57.500,1.15325,1.1533,3.00,1.00
2016.09.06 10:09:57.551,1.15325,1.15329,1.50,1.00
2016.09.06 10:09:57.602,1.15325,1.15329,1.00,1.00
2016.09.06 10:09:57.653,1.15324,1.15329,3.45,1.00
2016.09.06 10:09:57.704,1.15324,1.15329,3.37,1.00
2016.09.06 10:09:57.755,1.15324,1.15329,1.00,1.00
2016.09.06 10:09:57.857,1.15325,1.1533,1.00,1.50
2016.09.06 10:09:58.113,1.15327,1.15333,1.00,3.37
2016.09.06 10:09:58.164,1.15327,1.15334,1.00,4.12
2016.09.06 10:09:58.215,1.15327,1.15334,1.50,4.12
2016.09.06 10:09:58.266,1.15327,1.15334,1.87,1.57
2016.09.06 10:09:58.317,1.15327,1.15334,1.87,1.10
2016.09.06 10:09:58.369,1.15327,1.15334,1.87,1.00
2016.09.06 10:09:58.471,1.15327,1.15334,3.00,1.00
2016.09.06 10:09:58.572,1.15327,1.15334,2.25,1.00
2016.09.06 10:09:58.831,1.15328,1.15335,1.00,3.90
2016.09.06 10:09:58.882,1.15328,1.15335,1.00,3.15
2016.09.06 10:09:58.983,1.15328,1.15335,1.00,3.90
2016.09.06 10:09:59.186,1.15328,1.15335,1.00,3.15
2016.09.06 10:09:59.288,1.15328,1.15335,1.00,2.40
2016.09.06 10:09:59.458,1.15328,1.15335,1.00,1.65
2016.09.06 10:09:59.560,1.15328,1.15335,1.50,1.20
2016.09.06 10:09:59.611,1.1533,1.15335,1.00,1.65
2016.09.06 10:09:59.663,1.15327,1.15334,1.12,1.00
2016.09.06 10:09:59.775,1.15328,1.15334,1.00,1.00
2016.09.06 10:09:59.877,1.15329,1.15335,1.00,1.50
2016.09.06 10:09:59.928,1.15329,1.15335,1.00,1.10
2016.09.06 10:09:59.978,1.15329,1.15336,1.50,1.95
2016.09.06 10:10:00.029,1.15329,1.15336,1.50,1.20
2016.09.06 10:10:00.182,1.15329,1.15336,1.00,1.20
2016.09.06 10:10:00.436,1.15329,1.15336,1.00,1.65
2016.09.06 10:10:01.265,1.15329,1.15334,1.00,1.00
2016.09.06 10:10:02.123,1.15329,1.15335,1.00,1.00
2016.09.06 10:10:02.226,1.15329,1.15335,1.00,1.20
2016.09.06 10:10:02.442,1.15329,1.15334,1.00,1.00
2016.09.06 10:10:03.331,1.15327,1.15334,1.50,1.00
2016.09.06 10:10:04.421,1.15327,1.15332,1.50,1.00
2016.09.06 10:10:04.573,1.15325,1.1533,2.62,1.00
2016.09.06 10:10:04.624,1.15325,1.15329,1.12,1.00
2016.09.06 10:10:04.675,1.15325,1.15329,1.00,1.00
2016.09.06 10:10:04.726,1.15324,1.15329,1.87,1.00
2016.09.06 10:10:04.888,1.15324,1.15329,1.50,1.00
2016.09.06 10:10:04.990,1.15325,1.1533,1.00,1.50
2016.09.06 10:10:05.041,1.15324,1.15329,1.12,1.00
2016.09.06 10:10:05.092,1.15324,1.15329,1.00,1.00
2016.09.06 10:10:07.418,1.15323,1.15328,1.50,1.00
2016.09.06 10:10:07.673,1.15324,1.15329,1.00,2.25
2016.09.06 10:10:07.723,1.15324,1.15329,1.00,1.50
2016.09.06 10:10:07.774,1.15324,1.15329,1.00,1.00
2016.09.06 10:10:07.825,1.15325,1.1533,1.00,1.87
2016.09.06 10:10:07.876,1.15325,1.1533,1.00,1.00
2016.09.06 10:10:08.278,1.15325,1.1533,1.50,1.00
2016.09.06 10:10:08.483,1.15325,1.1533,1.00,1.00
2016.09.06 10:10:08.935,1.15325,1.1533,1.50,1.00
2016.09.06 10:10:09.546,1.15325,1.1533,1.00,1.00
2016.09.06 10:10:09.752,1.15325,1.1533,1.50,1.00
2016.09.06 10:10:09.985,1.15326,1.15331,1.00,1.00
2016.09.06 10:10:11.145,1.15323,1.1533,5.25,1.00
2016.09.06 10:10:11.196,1.15323,1.1533,1.87,1.12
2016.09.06 10:10:11.247,1.15323,1.15329,1.12,1.00
2016.09.06 10:10:11.298,1.15323,1.15328,1.00,1.00
2016.09.06 10:10:11.411,1.15322,1.15327,2.62,1.00
2016.09.06 10:10:11.496,1.15322,1.15327,2.62,1.50
2016.09.06 10:10:11.547,1.15322,1.15327,1.50,1.50
2016.09.06 10:10:11.598,1.15322,1.15326,1.50,1.00
2016.09.06 10:10:11.700,1.15322,1.15326,1.00,1.00
2016.09.06 10:10:11.802,1.1532,1.15325,2.62,1.00
2016.09.06 10:10:11.853,1.1532,1.15325,1.87,1.00
2016.09.06 10:10:11.903,1.15319,1.15324,1.12,1.00
2016.09.06 10:10:12.005,1.15319,1.15324,1.00,1.50
2016.09.06 10:10:12.106,1.15317,1.15321,1.20,1.00
2016.09.06 10:10:12.157,1.15316,1.15321,3.37,1.00
2016.09.06 10:10:12.208,1.15316,1.15321,2.25,1.00
2016.09.06 10:10:12.259,1.15316,1.15321,1.00,1.00
2016.09.06 10:10:12.310,1.15316,1.15321,1.00,1.87
2016.09.06 10:10:12.485,1.15316,1.15321,1.00,1.00
2016.09.06 10:10:12.537,1.15315,1.1532,1.50,1.00
2016.09.06 10:10:12.589,1.15315,1.1532,1.00,1.00
2016.09.06 10:10:12.743,1.15315,1.1532,1.00,1.50
2016.09.06 10:10:12.794,1.15314,1.15319,1.00,1.00
2016.09.06 10:10:13.302,1.15314,1.15319,1.00,1.50
2016.09.06 10:10:13.404,1.15311,1.15316,2.62,1.00
2016.09.06 10:10:13.497,1.1531,1.15316,5.25,1.50
2016.09.06 10:10:13.552,1.15311,1.15316,1.00,1.50
2016.09.06 10:10:13.706,1.15312,1.15316,1.00,1.00
2016.09.06 10:10:13.859,1.1531,1.15316,3.00,1.00
2016.09.06 10:10:13.961,1.15312,1.15316,1.00,1.00
2016.09.06 10:10:14.114,1.15313,1.15319,1.00,2.77
2016.09.06 10:10:14.216,1.15315,1.15319,1.00,1.87
2016.09.06 10:10:14.317,1.15313,1.15319,2.25,1.50
2016.09.06 10:10:14.428,1.15315,1.15319,1.00,1.00
2016.09.06 10:10:14.510,1.15315,1.1532,1.00,1.00
2016.09.06 10:10:14.782,1.15314,1.15319,1.50,1.00
2016.09.06 10:10:14.832,1.15314,1.15319,1.00,1.00
2016.09.06 10:10:15.199,1.15312,1.15316,1.87,1.00
2016.09.06 10:10:15.370,1.15312,1.15315,1.00,1.00
2016.09.06 10:10:15.472,1.15312,1.15316,1.50,1.00
2016.09.06 10:10:15.523,1.15313,1.15317,1.00,1.50
2016.09.06 10:10:15.627,1.15313,1.15318,1.00,2.32
2016.09.06 10:10:15.679,1.15313,1.15318,1.00,1.00
2016.09.06 10:10:15.883,1.15311,1.15318,3.07,1.00
2016.09.06 10:10:15.939,1.15311,1.15316,2.70,1.00
2016.09.06 10:10:16.017,1.15311,1.15317,1.57,1.00
2016.09.06 10:10:16.099,1.15311,1.15317,1.50,1.00
2016.09.06 10:10:16.199,1.15311,1.15318,1.50,2.25
2016.09.06 10:10:16.250,1.15312,1.15317,1.00,1.50
2016.09.06 10:10:16.503,1.15312,1.15317,1.00,1.00
2016.09.06 10:10:16.706,1.1531,1.15315,1.12,1.00
2016.09.06 10:10:16.808,1.1531,1.15315,1.00,1.00
2016.09.06 10:10:16.859,1.15308,1.15312,2.77,1.00
2016.09.06 10:10:16.910,1.15307,1.15312,1.87,1.00
2016.09.06 10:10:16.962,1.15308,1.15313,1.00,1.00
2016.09.06 10:10:17.013,1.15308,1.15314,1.50,1.00
2016.09.06 10:10:17.064,1.15308,1.15314,1.50,1.50
2016.09.06 10:10:17.173,1.1531,1.15314,1.00,1.00
2016.09.06 10:10:17.224,1.15312,1.15317,1.00,4.12
2016.09.06 10:10:17.275,1.15311,1.15316,1.00,1.20
2016.09.06 10:10:17.326,1.15311,1.15316,1.00,1.10
2016.09.06 10:10:17.428,1.15314,1.15317,1.00,2.32
2016.09.06 10:10:17.480,1.15318,1.1532,1.50,1.00
2016.09.06 10:10:17.531,1.15319,1.15321,1.00,4.57
2016.09.06 10:10:17.604,1.1532,1.15321,1.87,1.10
2016.09.06 10:10:17.655,1.15322,1.15324,1.00,1.00
2016.09.06 10:10:17.706,1.1532,1.15326,2.25,1.00
2016.09.06 10:10:17.757,1.1532,1.15326,2.40,1.00
2016.09.06 10:10:17.809,1.1532,1.15326,1.65,1.00
2016.09.06 10:10:17.884,1.1532,1.15326,1.57,1.00
2016.09.06 10:10:17.946,1.1532,1.15322,1.00,1.00
2016.09.06 10:10:18.047,1.1532,1.15321,1.00,1.00
2016.09.06 10:10:18.098,1.15317,1.15321,1.00,1.00
2016.09.06 10:10:18.153,1.15317,1.15323,1.00,1.00
2016.09.06 10:10:18.204,1.15316,1.15322,1.50,1.00
2016.09.06 10:10:18.309,1.15316,1.15323,1.00,1.00
2016.09.06 10:10:18.362,1.15316,1.15323,1.50,1.00
2016.09.06 10:10:18.414,1.15317,1.15322,1.00,1.00
2016.09.06 10:10:18.582,1.15317,1.15322,1.00,2.25
2016.09.06 10:10:18.634,1.15315,1.15321,1.50,1.00
2016.09.06 10:10:18.685,1.15315,1.1532,1.00,1.00
2016.09.06 10:10:18.736,1.15314,1.1532,1.27,1.50
2016.09.06 10:10:18.787,1.15314,1.1532,1.20,3.37
2016.09.06 10:10:18.838,1.15313,1.15318,1.50,1.00
2016.09.06 10:10:21.133,1.15313,1.15318,1.00,1.00
2016.09.06 10:10:22.470,1.15313,1.1532,1.50,2.25
2016.09.06 10:10:22.521,1.15314,1.1532,1.50,1.00
2016.09.06 10:10:22.572,1.15317,1.1532,1.00,1.00
2016.09.06 10:10:22.623,1.15318,1.15322,1.00,2.62
2016.09.06 10:10:22.674,1.15318,1.15322,1.00,1.50
2016.09.06 10:10:22.725,1.15318,1.15323,1.00,1.65
2016.09.06 10:10:22.776,1.15318,1.15323,1.00,1.10
2016.09.06 10:10:22.826,1.15318,1.15323,1.00,1.00
2016.09.06 10:10:23.168,1.15318,1.15323,1.50,1.00
2016.09.06 10:10:23.826,1.15318,1.15322,1.00,1.00
2016.09.06 10:10:24.074,1.15318,1.15324,1.00,1.00
2016.09.06 10:10:24.125,1.15318,1.15324,1.00,1.00
2016.09.06 10:10:24.227,1.15318,1.15325,1.00,3.52
2016.09.06 10:10:24.328,1.15318,1.15325,1.00,3.37
2016.09.06 10:10:24.430,1.15318,1.15325,1.00,1.50
2016.09.06 10:10:24.532,1.15318,1.15325,1.00,3.37
2016.09.06 10:10:24.583,1.15318,1.15325,1.50,3.37
2016.09.06 10:10:24.634,1.15318,1.15325,1.50,2.62
2016.09.06 10:10:24.736,1.15318,1.15325,1.50,2.25
2016.09.06 10:10:24.990,1.15318,1.15325,1.50,1.50
2016.09.06 10:10:25.041,1.15319,1.15325,1.00,1.50
2016.09.06 10:10:25.289,1.15319,1.15325,1.00,2.25
2016.09.06 10:10:25.494,1.15318,1.15325,1.50,2.25
2016.09.06 10:10:25.801,1.15319,1.15325,1.00,2.25
2016.09.06 10:10:26.093,1.15319,1.15325,1.00,1.50
2016.09.06 10:10:26.195,1.15319,1.15325,1.00,2.25
2016.09.06 10:10:26.296,1.15318,1.15325,1.12,2.25
2016.09.06 10:10:26.406,1.15318,1.15325,1.12,1.50
2016.09.06 10:10:26.524,1.15318,1.15325,1.12,2.25
2016.09.06 10:10:26.575,1.1532,1.15325,1.00,2.25
2016.09.06 10:10:26.693,1.1532,1.15325,1.00,1.50
2016.09.06 10:10:33.142,1.1532,1.15325,1.00,2.62
2016.09.06 10:10:34.843,1.1532,1.15325,1.00,3.37
2016.09.06 10:10:35.727,1.1532,1.15325,1.00,2.62
2016.09.06 10:10:36.376,1.1532,1.15325,1.00,3.37
2016.09.06 10:10:36.576,1.1532,1.15325,1.00,2.62
2016.09.06 10:10:38.231,1.1532,1.15325,1.00,1.50
2016.09.06 10:10:38.282,1.1532,1.15325,1.00,2.25
2016.09.06 10:10:38.436,1.15319,1.15324,1.00,1.00
2016.09.06 10:10:38.656,1.1532,1.15325,1.00,2.62
2016.09.06 10:10:38.912,1.15318,1.15323,1.12,1.00
2016.09.06 10:10:39.015,1.15318,1.15323,1.00,1.00
2016.09.06 10:10:39.117,1.15317,1.15323,1.37,1.00
2016.09.06 10:10:39.219,1.15318,1.15323,1.00,1.00
2016.09.06 10:10:39.626,1.15315,1.15321,3.90,1.00
2016.09.06 10:10:39.678,1.15315,1.15321,4.65,1.25
2016.09.06 10:10:39.729,1.15315,1.15321,2.25,1.25
2016.09.06 10:10:39.780,1.15314,1.15321,1.27,1.25
2016.09.06 10:10:39.833,1.15313,1.15321,1.50,1.25
2016.09.06 10:10:39.884,1.15313,1.15321,1.50,1.69
2016.09.06 10:10:39.935,1.15313,1.15321,1.87,1.76
2016.09.06 10:10:39.986,1.15313,1.15321,1.87,1.84
2016.09.06 10:10:40.129,1.15313,1.15321,1.50,1.84
2016.09.06 10:10:40.232,1.15313,1.15321,1.50,2.96
2016.09.06 10:10:40.892,1.15314,1.15319,1.00,1.00
2016.09.06 10:10:43.200,1.15316,1.1532,1.00,2.81
2016.09.06 10:10:44.153,1.15316,1.1532,1.00,2.06
2016.09.06 10:10:45.287,1.15316,1.1532,1.00,1.87
2016.09.06 10:10:46.360,1.15316,1.15321,1.00,5.02
2016.09.06 10:10:46.411,1.15316,1.15321,1.00,4.27
2016.09.06 10:10:46.462,1.15316,1.15321,1.00,3.15
2016.09.06 10:10:46.615,1.15318,1.15321,1.00,4.27
2016.09.06 10:10:46.666,1.15317,1.15321,1.00,2.62
2016.09.06 10:10:47.043,1.15318,1.15321,1.00,1.50
2016.09.06 10:10:47.145,1.15318,1.15321,1.00,3.37
2016.09.06 10:10:47.247,1.15318,1.1532,1.00,1.00
2016.09.06 10:10:47.348,1.15316,1.15317,1.00,1.00
2016.09.06 10:10:47.450,1.15315,1.15316,1.50,1.00
2016.09.06 10:10:47.704,1.15315,1.15316,1.00,1.00
2016.09.06 10:10:48.133,1.15315,1.15316,1.50,1.00
2016.09.06 10:10:48.466,1.15315,1.15316,1.00,1.00
2016.09.06 10:10:48.573,1.15315,1.15316,1.50,1.00
2016.09.06 10:10:48.727,1.15314,1.15317,1.00,1.50
2016.09.06 10:10:48.779,1.15313,1.15314,1.00,3.37
2016.09.06 10:10:48.830,1.15312,1.15313,1.00,4.50
2016.09.06 10:10:48.881,1.15308,1.15309,3.37,2.62
2016.09.06 10:10:48.933,1.15309,1.15311,1.00,4.31
2016.09.06 10:10:49.024,1.1531,1.15312,1.00,1.69
2016.09.06 10:10:49.076,1.1531,1.15313,1.00,2.06
2016.09.06 10:10:49.127,1.1531,1.15313,1.00,1.25
2016.09.06 10:10:49.178,1.15311,1.15314,1.00,1.29
2016.09.06 10:10:49.229,1.15312,1.15314,1.00,1.10
2016.09.06 10:10:49.280,1.15312,1.15315,1.00,1.39
2016.09.06 10:10:49.331,1.15312,1.15315,1.00,1.20
2016.09.06 10:10:49.382,1.15313,1.15316,1.00,1.87
2016.09.06 10:10:49.433,1.15313,1.15316,1.00,1.00
2016.09.06 10:10:49.484,1.15313,1.15317,1.00,1.95
2016.09.06 10:10:49.586,1.15313,1.15317,1.00,1.57
2016.09.06 10:10:49.739,1.15313,1.15317,1.00,1.50
2016.09.06 10:10:49.891,1.15313,1.15318,1.00,3.45
2016.09.06 10:10:50.000,1.15313,1.15318,1.00,2.70
2016.09.06 10:10:50.052,1.15313,1.15318,1.00,1.10
2016.09.06 10:10:50.102,1.15313,1.15318,1.00,1.00
2016.09.06 10:10:50.310,1.15315,1.15318,1.50,1.00
2016.09.06 10:10:50.644,1.15315,1.15318,1.50,1.87
2016.09.06 10:10:50.797,1.15316,1.15318,1.00,1.87
2016.09.06 10:10:50.848,1.15315,1.15318,1.00,1.12
2016.09.06 10:10:50.899,1.15315,1.15318,1.00,1.87
2016.09.06 10:10:50.950,1.15315,1.15318,1.00,1.50
2016.09.06 10:10:51.045,1.15315,1.15319,1.00,3.00
2016.09.06 10:10:51.096,1.15315,1.15317,1.00,1.00
2016.09.06 10:10:51.198,1.15315,1.15317,1.50,1.50
2016.09.06 10:10:51.583,1.15315,1.15317,1.00,1.50
2016.09.06 10:10:52.079,1.15315,1.15317,1.50,1.50
2016.09.06 10:10:53.188,1.15315,1.15317,1.00,1.50
2016.09.06 10:10:53.392,1.15315,1.15317,1.50,1.50
2016.09.06 10:10:53.890,1.15315,1.15317,1.00,1.50
2016.09.06 10:10:54.051,1.15314,1.15317,1.00,1.50
2016.09.06 10:10:54.102,1.15313,1.15317,1.00,1.50
2016.09.06 10:10:55.137,1.15314,1.15317,1.00,1.50
2016.09.06 10:10:55.202,1.15315,1.15317,1.50,1.50
2016.09.06 10:10:55.304,1.15315,1.15317,1.50,1.00
2016.09.06 10:10:55.558,1.15315,1.15317,1.50,1.50
2016.09.06 10:10:55.609,1.15315,1.15317,1.00,1.50
2016.09.06 10:10:55.660,1.15315,1.15317,1.00,1.00
2016.09.06 10:10:55.710,1.15315,1.15317,1.50,1.00
2016.09.06 10:10:55.863,1.15315,1.15317,1.00,1.00
2016.09.06 10:10:55.913,1.15314,1.15317,1.00,1.00
2016.09.06 10:10:57.394,1.15315,1.15317,1.00,1.00
2016.09.06 10:10:58.633,1.15314,1.15317,1.50,1.00
2016.09.06 10:10:58.762,1.15314,1.15317,1.50,1.50
2016.09.06 10:10:58.812,1.15315,1.15317,1.00,1.50
2016.09.06 10:10:59.010,1.15315,1.15317,1.00,1.00
2016.09.06 10:11:00.202,1.15314,1.15317,1.50,1.00
2016.09.06 10:11:00.454,1.15315,1.15317,1.00,1.00
2016.09.06 10:11:00.505,1.15315,1.15318,1.00,1.12
2016.09.06 10:11:00.712,1.15315,1.15319,1.50,2.70
2016.09.06 10:11:00.763,1.15315,1.15319,1.50,1.57
2016.09.06 10:11:00.815,1.15315,1.15318,1.50,1.12
2016.09.06 10:11:01.075,1.15315,1.15319,1.50,1.57
2016.09.06 10:11:01.177,1.15315,1.15319,1.50,2.70
2016.09.06 10:11:01.229,1.15315,1.15319,1.00,2.70
2016.09.06 10:11:01.331,1.15315,1.15319,1.00,1.57
2016.09.06 10:11:01.382,1.15314,1.15318,1.50,1.50
2016.09.06 10:11:01.484,1.15314,1.15317,1.50,1.00
2016.09.06 10:11:01.535,1.15315,1.15317,1.00,1.00
2016.09.06 10:11:02.106,1.15314,1.15317,1.50,1.00
2016.09.06 10:11:02.216,1.15315,1.15317,1.00,1.00
2016.09.06 10:11:02.439,1.15315,1.15317,1.00,1.00
2016.09.06 10:11:02.556,1.15316,1.15318,1.00,1.12
2016.09.06 10:11:02.659,1.15316,1.15319,1.00,1.57
2016.09.06 10:11:02.761,1.15316,1.15319,1.00,2.70
2016.09.06 10:11:02.812,1.15316,1.15319,1.00,1.95
2016.09.06 10:11:02.863,1.15316,1.15319,1.00,1.00
2016.09.06 10:11:02.965,1.15315,1.15319,1.00,1.87
2016.09.06 10:11:03.016,1.15315,1.15319,1.00,2.62
2016.09.06 10:11:03.118,1.15315,1.15319,1.50,2.62
2016.09.06 10:11:03.169,1.15317,1.15319,1.00,4.87
2016.09.06 10:11:03.682,1.15316,1.15319,1.00,3.75
2016.09.06 10:11:04.316,1.15316,1.1532,1.00,8.96
2016.09.06 10:11:04.367,1.15316,1.15319,1.00,1.50
2016.09.06 10:11:04.419,1.15315,1.15319,1.50,1.50
2016.09.06 10:11:04.713,1.15315,1.15319,1.00,1.50
2016.09.06 10:11:04.814,1.15315,1.15319,1.50,1.50
2016.09.06 10:11:04.972,1.15315,1.15319,1.50,5.25
2016.09.06 10:11:05.266,1.15315,1.15319,1.50,6.00
2016.09.06 10:11:05.423,1.15315,1.15319,1.00,6.00
2016.09.06 10:11:06.025,1.15315,1.15319,1.50,6.00
2016.09.06 10:11:06.101,1.15315,1.15317,1.50,1.00
2016.09.06 10:11:06.424,1.15315,1.15317,1.00,1.00
2016.09.06 10:11:06.516,1.15315,1.15317,1.50,1.00
2016.09.06 10:11:06.625,1.15315,1.15317,1.00,1.00
2016.09.06 10:11:06.995,1.15315,1.15317,1.50,1.00
2016.09.06 10:11:07.096,1.15315,1.15316,1.00,1.00
2016.09.06 10:11:07.147,1.15312,1.15316,1.25,1.00
2016.09.06 10:11:07.198,1.15312,1.15316,1.00,2.25
2016.09.06 10:11:07.299,1.15312,1.15314,1.00,1.00
2016.09.06 10:11:07.350,1.1531,1.15314,1.50,1.00
2016.09.06 10:11:07.401,1.15311,1.15314,1.00,1.00
2016.09.06 10:11:07.452,1.15312,1.15316,1.00,1.12
2016.09.06 10:11:07.554,1.15312,1.15316,1.00,1.00
2016.09.06 10:11:07.775,1.15312,1.15317,1.00,1.10
2016.09.06 10:11:08.107,1.15312,1.15316,1.00,1.00
2016.09.06 10:11:08.575,1.15312,1.15314,1.00,1.00
2016.09.06 10:11:08.829,1.15312,1.15316,1.00,1.00
2016.09.06 10:11:09.189,1.15312,1.15316,1.00,1.50
2016.09.06 10:11:09.290,1.15312,1.15316,1.00,1.00
2016.09.06 10:11:09.494,1.15312,1.15317,1.00,1.95
2016.09.06 10:11:09.544,1.15312,1.15317,1.00,1.57
2016.09.06 10:11:10.238,1.15313,1.15318,1.00,5.51
2016.09.06 10:11:10.345,1.15313,1.15318,1.00,4.76
2016.09.06 10:11:10.396,1.15313,1.15318,1.00,4.39
2016.09.06 10:11:10.497,1.15313,1.15317,1.00,1.10
2016.09.06 10:11:10.548,1.15313,1.15317,1.00,1.00
2016.09.06 10:11:10.881,1.15314,1.15317,1.00,1.25
2016.09.06 10:11:10.931,1.15313,1.15317,1.00,1.44
2016.09.06 10:11:11.087,1.15313,1.15317,1.00,1.37
2016.09.06 10:11:11.138,1.15313,1.15318,1.00,4.27
2016.09.06 10:11:11.189,1.15313,1.15318,1.00,6.15
2016.09.06 10:11:11.240,1.15312,1.15317,1.00,1.87
2016.09.06 10:11:11.392,1.15312,1.15317,1.00,2.62
2016.09.06 10:11:11.444,1.15313,1.15317,1.00,1.87
2016.09.06 10:11:11.597,1.15313,1.15317,1.00,2.62
2016.09.06 10:11:11.825,1.15313,1.15317,1.00,1.37
2016.09.06 10:11:11.980,1.15311,1.15317,1.00,1.75
2016.09.06 10:11:12.031,1.15311,1.15316,1.00,6.00
2016.09.06 10:11:12.082,1.15311,1.15314,1.00,1.37
2016.09.06 10:11:12.133,1.15311,1.15314,1.00,1.87
2016.09.06 10:11:12.184,1.15311,1.15314,1.00,1.19
2016.09.06 10:11:12.234,1.15312,1.15315,1.00,1.44
2016.09.06 10:11:12.336,1.15309,1.15316,1.00,1.95
2016.09.06 10:11:12.408,1.15312,1.15316,1.00,1.95
2016.09.06 10:11:12.460,1.15312,1.15316,1.00,3.45
2016.09.06 10:11:12.574,1.15313,1.15316,1.00,3.26
2016.09.06 10:11:12.626,1.15313,1.15316,1.00,1.29
2016.09.06 10:11:12.676,1.15313,1.15317,1.00,3.07
2016.09.06 10:11:12.727,1.15313,1.15317,1.00,2.40
2016.09.06 10:11:12.778,1.15313,1.15317,1.00,1.27
2016.09.06 10:11:13.184,1.15314,1.15317,1.00,1.44
2016.09.06 10:11:13.235,1.15314,1.15318,1.00,1.95
2016.09.06 10:11:13.286,1.15314,1.15318,1.00,1.19
2016.09.06 10:11:13.337,1.15314,1.15319,1.00,6.75
2016.09.06 10:11:13.439,1.15314,1.15319,1.00,7.87
2016.09.06 10:11:13.594,1.15316,1.15319,1.00,7.12
2016.09.06 10:11:13.645,1.15315,1.15319,1.00,6.37
2016.09.06 10:11:13.696,1.15315,1.15319,1.00,6.00
2016.09.06 10:11:13.748,1.15315,1.15319,1.00,5.62
2016.09.06 10:11:13.920,1.15315,1.15319,1.00,3.00
2016.09.06 10:11:14.022,1.15313,1.15319,1.00,3.00
2016.09.06 10:11:14.073,1.15313,1.15319,1.00,3.75
2016.09.06 10:11:14.124,1.15313,1.15318,1.00,2.06
2016.09.06 10:11:14.226,1.15314,1.15318,1.00,2.81
2016.09.06 10:11:14.328,1.15314,1.15318,1.00,2.06
2016.09.06 10:11:14.430,1.15314,1.15319,1.00,9.75
2016.09.06 10:11:14.481,1.15314,1.15319,1.00,10.12
2016.09.06 10:11:14.584,1.15314,1.15319,1.00,9.37
2016.09.06 10:11:14.635,1.15314,1.15319,1.00,8.62
2016.09.06 10:11:14.890,1.15314,1.15319,1.00,7.50
2016.09.06 10:11:15.143,1.15314,1.15318,1.00,1.37
2016.09.06 10:11:15.299,1.15314,1.15318,1.00,1.87
2016.09.06 10:11:15.401,1.15314,1.15318,1.00,1.50
2016.09.06 10:11:15.589,1.15314,1.15318,1.00,1.31
2016.09.06 10:11:15.663,1.15314,1.15318,1.00,2.06
2016.09.06 10:11:15.734,1.15313,1.15318,1.00,2.81
2016.09.06 10:11:15.786,1.15314,1.15318,1.00,2.25
2016.09.06 10:11:15.837,1.15314,1.15318,1.00,3.37
2016.09.06 10:11:15.989,1.15314,1.15318,1.00,3.00
2016.09.06 10:11:16.040,1.15314,1.15318,1.00,2.25
2016.09.06 10:11:16.147,1.15314,1.15318,1.00,3.00
2016.09.06 10:11:16.249,1.15314,1.15318,1.00,1.87
2016.09.06 10:11:16.401,1.15314,1.15318,1.00,1.44
2016.09.06 10:11:17.200,1.15314,1.15318,1.00,1.19
2016.09.06 10:11:17.633,1.15314,1.15318,1.00,1.19
2016.09.06 10:11:18.196,1.15314,1.15318,1.00,1.69
2016.09.06 10:11:19.334,1.15314,1.15318,1.00,2.06
2016.09.06 10:11:19.546,1.15314,1.15318,1.00,1.69
2016.09.06 10:11:19.699,1.15314,1.15318,1.00,1.19
2016.09.06 10:11:20.247,1.15314,1.15318,1.00,1.69
2016.09.06 10:11:20.401,1.15316,1.15318,1.00,1.69
2016.09.06 10:11:20.452,1.15316,1.15318,1.00,1.19
2016.09.06 10:11:20.553,1.15315,1.15318,1.50,1.19
2016.09.06 10:11:20.655,1.15315,1.15318,1.00,1.19
2016.09.06 10:11:20.757,1.15315,1.15318,1.50,1.19
2016.09.06 10:11:20.860,1.15315,1.15318,1.00,1.19
2016.09.06 10:11:21.121,1.15315,1.15319,1.50,6.19
2016.09.06 10:11:21.348,1.15315,1.15319,1.00,6.94
2016.09.06 10:11:21.450,1.15315,1.15318,1.00,1.31
2016.09.06 10:11:21.501,1.15314,1.15318,1.00,1.31
2016.09.06 10:11:21.754,1.15314,1.15319,1.00,4.69
2016.09.06 10:11:21.805,1.15315,1.15319,1.00,3.94
2016.09.06 10:11:21.908,1.15315,1.15319,1.00,4.69
2016.09.06 10:11:21.959,1.15315,1.15319,1.50,4.69
2016.09.06 10:11:22.061,1.15315,1.15319,1.50,3.94
2016.09.06 10:11:22.112,1.15315,1.15319,1.50,3.19
2016.09.06 10:11:22.213,1.15315,1.15319,1.50,6.94
2016.09.06 10:11:22.771,1.15315,1.15319,1.00,6.94
2016.09.06 10:11:23.064,1.15315,1.15319,1.50,6.94
2016.09.06 10:11:23.386,1.15315,1.15319,1.00,6.19
2016.09.06 10:11:23.488,1.15315,1.15319,1.50,6.19
2016.09.06 10:11:23.539,1.15315,1.15319,1.50,4.31
2016.09.06 10:11:23.624,1.15315,1.15319,1.00,4.31
2016.09.06 10:11:23.675,1.15315,1.15319,1.50,4.31
2016.09.06 10:11:23.726,1.15316,1.15319,1.00,2.44
2016.09.06 10:11:24.132,1.15315,1.15319,1.50,2.44
2016.09.06 10:11:24.235,1.15315,1.15319,1.50,2.06
2016.09.06 10:11:24.359,1.15315,1.15319,1.00,2.06
2016.09.06 10:11:24.410,1.15315,1.15318,1.00,1.19
2016.09.06 10:11:24.461,1.15315,1.15318,1.50,1.19
2016.09.06 10:11:24.563,1.15315,1.15318,1.00,1.19
2016.09.06 10:11:24.740,1.15315,1.15318,1.50,1.19
2016.09.06 10:11:25.134,1.15315,1.15318,1.00,2.06
2016.09.06 10:11:25.236,1.15314,1.15317,1.00,1.56
2016.09.06 10:11:25.288,1.15312,1.15317,1.00,2.21
2016.09.06 10:11:25.340,1.15312,1.15316,1.00,1.31
2016.09.06 10:11:25.471,1.15312,1.15316,1.00,1.19
2016.09.06 10:11:25.945,1.15312,1.15317,1.00,2.59
2016.09.06 10:11:26.047,1.15312,1.15317,1.00,1.46
2016.09.06 10:11:26.208,1.15312,1.15317,1.00,1.65
2016.09.06 10:11:26.259,1.15313,1.15317,1.00,2.40
2016.09.06 10:11:26.311,1.15312,1.15317,1.00,2.02
2016.09.06 10:11:26.476,1.15314,1.15317,1.00,1.39
2016.09.06 10:11:26.578,1.15314,1.15317,1.00,1.19
2016.09.06 10:11:27.418,1.15314,1.15319,1.00,6.26
2016.09.06 10:11:27.757,1.15314,1.15319,1.00,7.01
2016.09.06 10:11:28.219,1.15314,1.15319,1.00,7.20
2016.09.06 10:11:28.271,1.15314,1.15319,1.00,6.45
2016.09.06 10:11:28.427,1.15314,1.15318,1.00,1.39
2016.09.06 10:11:28.924,1.15314,1.15318,1.00,1.76
2016.09.06 10:11:29.077,1.15315,1.15318,1.00,1.76
2016.09.06 10:11:29.128,1.15315,1.15318,1.00,1.69
2016.09.06 10:11:29.230,1.15315,1.15318,1.00,1.19
2016.09.06 10:11:29.331,1.15316,1.15318,1.00,1.25
2016.09.06 10:11:29.433,1.15316,1.15319,1.00,4.01
2016.09.06 10:11:29.590,1.15315,1.15319,1.00,2.51
2016.09.06 10:11:29.641,1.15315,1.15318,1.00,1.19
2016.09.06 10:11:29.692,1.15315,1.15318,1.50,1.19
2016.09.06 10:11:29.845,1.15315,1.15319,1.50,2.51
2016.09.06 10:11:29.997,1.15313,1.15319,1.00,2.51
2016.09.06 10:11:30.150,1.15314,1.15319,1.00,3.26
2016.09.06 10:11:30.251,1.15314,1.15319,1.00,6.26
2016.09.06 10:11:30.302,1.15313,1.15319,1.00,6.26
2016.09.06 10:11:30.353,1.15313,1.15318,1.00,1.19
2016.09.06 10:11:30.523,1.15313,1.15317,1.00,1.19
2016.09.06 10:11:30.625,1.15312,1.15317,1.00,1.87
2016.09.06 10:11:30.676,1.15312,1.15317,1.00,2.62
2016.09.06 10:11:30.728,1.15312,1.15316,1.00,1.37
2016.09.06 10:11:30.779,1.15312,1.15316,1.00,1.87
2016.09.06 10:11:31.316,1.1531,1.15316,1.50,1.87
2016.09.06 10:11:31.367,1.1531,1.15314,1.50,1.19
2016.09.06 10:11:31.607,1.1531,1.15314,1.00,1.19
2016.09.06 10:11:31.915,1.1531,1.15314,1.50,1.19
2016.09.06 10:11:31.978,1.1531,1.15314,1.00,1.19
2016.09.06 10:11:32.279,1.1531,1.15314,1.50,1.19
2016.09.06 10:11:32.640,1.1531,1.15314,1.00,1.19
2016.09.06 10:11:32.694,1.1531,1.15314,1.50,1.19
2016.09.06 10:11:33.231,1.1531,1.15314,1.50,1.69
2016.09.06 10:11:33.386,1.1531,1.15314,1.00,1.69
2016.09.06 10:11:33.488,1.1531,1.15314,1.50,1.69
2016.09.06 10:11:34.343,1.1531,1.15314,1.00,1.69
2016.09.06 10:11:34.394,1.15309,1.15314,1.50,1.69
2016.09.06 10:11:34.585,1.1531,1.15314,1.00,1.69
2016.09.06 10:11:34.785,1.15309,1.15314,1.50,1.69
2016.09.06 10:11:34.895,1.1531,1.15314,1.00,1.69
2016.09.06 10:11:35.714,1.15309,1.15314,1.50,1.69
2016.09.06 10:11:35.787,1.1531,1.15314,1.00,1.69
2016.09.06 10:11:36.000,1.1531,1.15314,1.50,1.69
2016.09.06 10:11:37.493,1.1531,1.15314,1.00,1.69
2016.09.06 10:11:37.595,1.1531,1.15314,1.50,1.69
2016.09.06 10:11:37.646,1.1531,1.15313,1.00,1.25
2016.09.06 10:11:37.704,1.15308,1.15313,1.00,1.69
2016.09.06 10:11:37.755,1.15308,1.15313,1.00,2.44
2016.09.06 10:11:38.252,1.15308,1.15313,1.00,2.44
2016.09.06 10:11:38.303,1.15308,1.15313,1.00,2.44
2016.09.06 10:11:38.354,1.15308,1.15312,1.00,1.19
2016.09.06 10:11:38.456,1.15308,1.15313,1.00,3.94
2016.09.06 10:11:38.710,1.15308,1.15313,1.00,3.19
2016.09.06 10:11:40.023,1.15308,1.15313,1.19,3.19
2016.09.06 10:11:40.074,1.15308,1.15313,1.19,1.69
2016.09.06 10:11:41.517,1.15308,1.15313,1.19,1.19
2016.09.06 10:11:41.567,1.15308,1.15313,1.19,1.69
2016.09.06 10:11:41.775,1.15308,1.15313,1.19,1.19
2016.09.06 10:11:42.168,1.1531,1.15313,1.00,1.69
2016.09.06 10:11:42.219,1.1531,1.15313,1.50,1.69
2016.09.06 10:11:42.705,1.1531,1.15313,1.00,1.69
2016.09.06 10:11:42.756,1.1531,1.15313,1.00,1.19
2016.09.06 10:11:42.807,1.1531,1.15313,1.50,1.19
2016.09.06 10:11:42.858,1.1531,1.15313,1.00,1.19
2016.09.06 10:11:42.909,1.1531,1.15313,1.00,1.19
2016.09.06 10:11:43.010,1.1531,1.15313,1.50,1.19
2016.09.06 10:11:43.540,1.1531,1.15313,1.00,1.19
2016.09.06 10:11:43.642,1.1531,1.15313,1.50,1.19
2016.09.06 10:11:43.910,1.1531,1.15313,1.00,1.19
2016.09.06 10:11:44.214,1.1531,1.15313,1.50,1.69
2016.09.06 10:11:44.689,1.1531,1.15313,1.50,1.19
2016.09.06 10:11:44.740,1.1531,1.15313,1.00,1.19
2016.09.06 10:11:44.810,1.1531,1.15313,1.50,1.19
2016.09.06 10:11:45.813,1.1531,1.15313,1.00,1.19
2016.09.06 10:11:45.920,1.1531,1.15313,1.50,1.19
2016.09.06 10:11:46.869,1.1531,1.15313,1.00,1.69
2016.09.06 10:11:46.975,1.1531,1.15312,1.00,2.44
2016.09.06 10:11:47.028,1.15306,1.15309,1.19,1.25
2016.09.06 10:11:47.079,1.15308,1.15309,1.25,1.69
2016.09.06 10:11:47.130,1.15308,1.15309,1.25,1.25
2016.09.06 10:11:47.181,1.15308,1.15311,1.25,1.29
2016.09.06 10:11:47.283,1.15308,1.15311,1.25,1.19
2016.09.06 10:11:47.439,1.15307,1.15311,1.19,1.19
2016.09.06 10:11:47.541,1.15305,1.15311,3.94,1.19
2016.09.06 10:11:47.592,1.15307,1.15311,1.19,1.19
2016.09.06 10:11:47.642,1.15306,1.15311,1.19,1.69
2016.09.06 10:11:47.795,1.15307,1.15311,1.19,1.19
2016.09.06 10:11:47.890,1.15308,1.15312,1.25,1.76
2016.09.06 10:11:47.941,1.15308,1.15313,1.19,3.34
2016.09.06 10:11:47.992,1.15308,1.15313,1.19,1.84
2016.09.06 10:11:48.043,1.15308,1.15313,1.19,1.39
2016.09.06 10:11:48.095,1.15308,1.15314,1.19,2.06
2016.09.06 10:11:48.146,1.1531,1.15314,1.00,1.31
2016.09.06 10:11:48.197,1.1531,1.15314,1.00,1.19
2016.09.06 10:11:48.577,1.1531,1.15314,1.50,1.19
2016.09.06 10:11:49.168,1.1531,1.15314,1.19,1.69
2016.09.06 10:11:49.270,1.1531,1.15314,1.69,1.69
2016.09.06 10:11:50.287,1.1531,1.15314,1.19,1.69
2016.09.06 10:11:50.341,1.1531,1.15314,1.69,1.69
2016.09.06 10:11:50.642,1.1531,1.15314,1.25,1.69
2016.09.06 10:11:50.767,1.1531,1.15314,1.69,1.69
2016.09.06 10:11:51.669,1.1531,1.15314,1.25,1.69
2016.09.06 10:11:51.720,1.1531,1.15314,1.25,1.19
2016.09.06 10:11:51.970,1.15308,1.15313,1.69,1.19
2016.09.06 10:11:52.022,1.15309,1.15313,1.19,1.19
2016.09.06 10:11:52.380,1.15309,1.15313,1.19,1.69
2016.09.06 10:11:52.483,1.15308,1.15313,1.69,3.19
2016.09.06 10:11:52.534,1.15308,1.15313,1.69,2.44
2016.09.06 10:11:52.636,1.15308,1.15313,1.19,2.44
2016.09.06 10:11:53.045,1.15308,1.15313,1.19,1.69
2016.09.06 10:11:55.704,1.15309,1.15313,1.19,1.69
2016.09.06 10:11:56.522,1.15308,1.15313,1.19,1.69
2016.09.06 10:11:56.624,1.15307,1.15313,2.06,1.19
2016.09.06 10:11:56.675,1.15308,1.15312,1.19,1.25
2016.09.06 10:11:56.777,1.15308,1.15312,1.19,1.69
2016.09.06 10:11:56.929,1.1531,1.15312,1.50,1.25
2016.09.06 10:11:57.054,1.1531,1.15315,1.50,3.19
2016.09.06 10:11:57.105,1.1531,1.15315,2.25,3.19
2016.09.06 10:11:57.206,1.1531,1.15314,1.50,1.19
2016.09.06 10:11:57.257,1.1531,1.15314,1.00,1.19
2016.09.06 10:11:57.460,1.1531,1.15314,1.00,1.69
2016.09.06 10:12:00.736,1.1531,1.15314,1.00,1.50
2016.09.06 10:12:01.661,1.1531,1.15314,1.00,1.00
2016.09.06 10:12:01.933,1.1531,1.15315,1.50,3.07
2016.09.06 10:12:01.984,1.1531,1.15315,2.25,2.32
2016.09.06 10:12:02.091,1.1531,1.15315,2.25,3.07
2016.09.06 10:12:02.142,1.1531,1.15315,1.50,3.07
2016.09.06 10:12:02.193,1.1531,1.15314,1.50,1.00
2016.09.06 10:12:02.273,1.1531,1.15315,1.50,2.32
2016.09.06 10:12:02.375,1.1531,1.15315,1.50,1.57
2016.09.06 10:12:02.426,1.1531,1.15315,1.50,1.10
2016.09.06 10:12:02.485,1.1531,1.15315,1.00,1.10
2016.09.06 10:12:02.593,1.1531,1.15315,1.50,1.10
2016.09.06 10:12:02.902,1.1531,1.15315,1.00,1.10
2016.09.06 10:12:02.987,1.1531,1.15315,1.50,1.10
2016.09.06 10:12:03.190,1.1531,1.15314,1.50,1.50
2016.09.06 10:12:03.308,1.1531,1.15314,1.00,2.25
2016.09.06 10:12:03.359,1.15308,1.15311,1.50,1.00
2016.09.06 10:12:03.410,1.15308,1.15312,1.50,1.50
2016.09.06 10:12:03.461,1.1531,1.15312,1.00,1.00
2016.09.06 10:12:03.512,1.1531,1.15313,1.50,1.10
2016.09.06 10:12:03.616,1.1531,1.15314,1.50,1.20
2016.09.06 10:12:03.667,1.1531,1.15315,1.50,5.44
2016.09.06 10:12:03.718,1.1531,1.15315,1.00,5.06
2016.09.06 10:12:03.769,1.1531,1.15315,1.00,6.19
2016.09.06 10:12:03.820,1.1531,1.15315,1.50,6.19
2016.09.06 10:12:03.870,1.1531,1.15315,1.50,5.59
2016.09.06 10:12:03.921,1.1531,1.15315,1.00,6.34
2016.09.06 10:12:03.984,1.1531,1.15315,1.00,4.84
2016.09.06 10:12:04.136,1.1531,1.15315,1.50,4.84
2016.09.06 10:12:04.271,1.1531,1.15315,1.00,4.84
2016.09.06 10:12:04.322,1.1531,1.15315,1.50,4.09
2016.09.06 10:12:04.373,1.1531,1.15315,1.50,3.34
2016.09.06 10:12:04.678,1.1531,1.15315,1.50,3.19
2016.09.06 10:12:04.729,1.1531,1.15315,1.00,3.19
2016.09.06 10:12:04.831,1.1531,1.15315,1.50,3.19
2016.09.06 10:12:05.043,1.1531,1.15315,1.50,2.44
2016.09.06 10:12:06.436,1.1531,1.15315,1.50,3.19
2016.09.06 10:12:06.547,1.15311,1.15315,1.00,3.19
2016.09.06 10:12:06.598,1.15312,1.15315,1.00,2.44
2016.09.06 10:12:06.649,1.15312,1.15315,1.00,1.69
2016.09.06 10:12:06.700,1.15312,1.15315,1.00,1.50
2016.09.06 10:12:06.750,1.15312,1.15315,1.00,1.12
2016.09.06 10:12:06.852,1.15312,1.15317,1.00,1.76
2016.09.06 10:12:08.209,1.15312,1.15317,1.00,2.51
2016.09.06 10:12:08.596,1.15312,1.15317,1.00,2.44
2016.09.06 10:12:09.259,1.15312,1.15316,1.00,1.00
2016.09.06 10:12:09.362,1.1531,1.15315,1.50,2.25
2016.09.06 10:12:09.413,1.1531,1.15315,1.00,2.25
2016.09.06 10:12:09.565,1.15309,1.15314,1.00,1.00
2016.09.06 10:12:10.384,1.15308,1.15314,1.01,1.50
2016.09.06 10:12:10.487,1.15307,1.15312,1.19,1.50
2016.09.06 10:12:10.538,1.15308,1.15312,1.00,1.00
2016.09.06 10:12:10.844,1.15308,1.15312,1.00,1.50
2016.09.06 10:12:11.396,1.15307,1.15312,1.00,1.50
2016.09.06 10:12:11.652,1.15308,1.15312,1.00,1.00
2016.09.06 10:12:11.754,1.15311,1.15314,1.50,1.00
2016.09.06 10:12:11.805,1.15311,1.15315,1.50,3.00
2016.09.06 10:12:11.856,1.15311,1.15315,1.50,1.12
2016.09.06 10:12:11.906,1.15311,1.15316,1.50,1.69
2016.09.06 10:12:12.261,1.15311,1.15316,1.50,1.25
2016.09.06 10:12:12.829,1.15311,1.15316,1.50,1.00
2016.09.06 10:12:13.344,1.15311,1.15316,1.00,1.00
2016.09.06 10:12:13.396,1.15311,1.15316,1.00,1.19
2016.09.06 10:12:16.572,1.15311,1.15316,1.00,1.69
2016.09.06 10:12:17.161,1.1531,1.15314,1.00,1.00
2016.09.06 10:12:17.313,1.15309,1.15314,1.00,1.50
2016.09.06 10:12:18.165,1.15309,1.15314,1.50,1.00
2016.09.06 10:12:18.266,1.1531,1.15315,1.00,4.31
2016.09.06 10:12:18.368,1.1531,1.15315,1.00,3.19
2016.09.06 10:12:18.470,1.1531,1.15315,1.00,2.44
2016.09.06 10:12:18.705,1.1531,1.15315,1.00,1.69
2016.09.06 10:12:18.756,1.1531,1.15315,1.00,2.44
2016.09.06 10:12:18.927,1.1531,1.15315,1.00,1.69
2016.09.06 10:12:19.042,1.1531,1.15315,1.00,2.44
2016.09.06 10:12:19.394,1.15309,1.15314,1.00,1.00
2016.09.06 10:12:20.385,1.1531,1.15314,1.00,1.00
2016.09.06 10:12:20.746,1.1531,1.15315,1.00,4.12
2016.09.06 10:12:20.825,1.1531,1.15315,1.00,4.50
2016.09.06 10:12:20.877,1.15308,1.15313,1.00,1.00
2016.09.06 10:12:20.929,1.15308,1.15313,1.00,1.50
2016.09.06 10:12:20.980,1.15308,1.15313,1.50,1.50
2016.09.06 10:12:21.583,1.15308,1.15313,1.00,1.50
2016.09.06 10:12:25.092,1.15307,1.15312,1.50,1.00
2016.09.06 10:12:26.595,1.15308,1.15312,1.00,1.00
2016.09.06 10:12:27.497,1.15308,1.15314,1.00,4.31
2016.09.06 10:12:27.548,1.15308,1.15314,1.00,2.81
2016.09.06 10:12:27.802,1.15311,1.15314,1.00,2.06
2016.09.06 10:12:27.853,1.15315,1.15319,2.12,1.12
2016.09.06 10:12:27.976,1.15318,1.15319,1.00,1.50
2016.09.06 10:12:28.030,1.15318,1.1532,1.50,1.00
2016.09.06 10:12:28.081,1.15321,1.15324,1.00,1.37
2016.09.06 10:12:28.132,1.15321,1.15324,1.00,1.12
2016.09.06 10:12:28.183,1.15321,1.15324,1.50,1.00
2016.09.06 10:12:28.234,1.15321,1.15326,1.50,3.37
2016.09.06 10:12:28.285,1.15321,1.15325,1.00,1.76
2016.09.06 10:12:28.336,1.15321,1.15326,1.00,3.19
2016.09.06 10:12:28.387,1.15321,1.15326,1.00,1.00
2016.09.06 10:12:28.649,1.1532,1.15323,1.20,1.00
2016.09.06 10:12:28.700,1.15318,1.15322,1.57,1.00
2016.09.06 10:12:28.751,1.15317,1.15322,1.20,1.00
2016.09.06 10:12:28.853,1.15316,1.15321,2.25,1.00
2016.09.06 10:12:28.904,1.15319,1.15323,1.00,1.00
2016.09.06 10:12:28.955,1.15319,1.15324,1.00,2.25
2016.09.06 10:12:29.006,1.15321,1.15324,1.00,1.50
2016.09.06 10:12:29.057,1.15321,1.15326,1.00,2.25
2016.09.06 10:12:29.108,1.15321,1.15326,1.00,1.50
2016.09.06 10:12:29.159,1.15322,1.15327,1.00,3.37
2016.09.06 10:12:29.210,1.15322,1.15327,1.00,2.62
2016.09.06 10:12:29.261,1.15322,1.15327,1.00,2.25
2016.09.06 10:12:29.406,1.15322,1.15327,1.00,1.12
2016.09.06 10:12:29.458,1.15322,1.15327,1.00,1.00
2016.09.06 10:12:29.983,1.15322,1.15326,1.00,1.50
2016.09.06 10:12:30.034,1.1532,1.15326,1.00,1.00
2016.09.06 10:12:30.086,1.1532,1.15326,1.50,1.00
2016.09.06 10:12:30.359,1.1532,1.15325,1.00,1.50
2016.09.06 10:12:30.410,1.15318,1.15324,1.20,1.00
2016.09.06 10:12:30.461,1.15317,1.15324,2.32,1.50
2016.09.06 10:12:30.512,1.15316,1.15323,5.44,1.00
2016.09.06 10:12:30.563,1.15316,1.15323,3.56,1.00
2016.09.06 10:12:30.614,1.15318,1.15323,1.00,1.00
2016.09.06 10:12:30.975,1.15319,1.15324,1.50,1.00
2016.09.06 10:12:31.213,1.1532,1.15324,1.00,1.00
2016.09.06 10:12:31.758,1.15319,1.15324,1.00,1.00
2016.09.06 10:12:33.173,1.15319,1.15324,1.50,1.00
2016.09.06 10:12:33.815,1.15322,1.15326,1.00,1.87
2016.09.06 10:12:33.866,1.1532,1.15325,1.00,1.00
2016.09.06 10:12:34.071,1.1532,1.15325,1.50,1.00
2016.09.06 10:12:34.167,1.15321,1.15326,1.00,1.50
2016.09.06 10:12:34.218,1.15322,1.15327,1.00,1.31
2016.09.06 10:12:34.269,1.15322,1.15327,1.00,1.12
2016.09.06 10:12:34.328,1.15322,1.15327,1.00,1.00
2016.09.06 10:12:34.767,1.1532,1.15324,1.00,1.00
2016.09.06 10:12:34.869,1.15317,1.15321,1.39,1.00
2016.09.06 10:12:34.920,1.15316,1.15321,2.81,1.00
2016.09.06 10:12:34.971,1.15316,1.15321,1.12,1.00
2016.09.06 10:12:35.099,1.15316,1.15321,1.00,1.00
2016.09.06 10:12:35.303,1.15314,1.15319,3.94,1.00
2016.09.06 10:12:35.354,1.15314,1.15319,2.44,1.00
2016.09.06 10:12:35.406,1.15314,1.15319,1.25,1.00
2016.09.06 10:12:35.559,1.15313,1.15319,2.81,1.00
2016.09.06 10:12:35.610,1.15313,1.15319,2.81,1.50
2016.09.06 10:12:35.661,1.15313,1.15319,2.62,1.50
2016.09.06 10:12:35.712,1.15314,1.15319,1.00,1.00
2016.09.06 10:12:35.763,1.15316,1.1532,1.00,3.00
2016.09.06 10:12:35.814,1.15315,1.1532,1.00,2.25
2016.09.06 10:12:35.903,1.15315,1.15319,1.00,1.00
2016.09.06 10:12:35.955,1.15316,1.15321,1.00,1.50
2016.09.06 10:12:36.005,1.15314,1.15319,1.69,1.00
2016.09.06 10:12:36.056,1.15315,1.15319,1.00,1.00
2016.09.06 10:12:36.107,1.15315,1.15321,1.00,1.00
2016.09.06 10:12:36.638,1.15316,1.15321,1.00,1.00
2016.09.06 10:12:37.571,1.15315,1.15321,3.00,1.50
2016.09.06 10:12:37.622,1.15316,1.1532,1.00,1.00
2016.09.06 10:12:37.724,1.15316,1.15321,1.50,3.00
2016.09.06 10:12:37.775,1.15316,1.15321,1.50,1.87
2016.09.06 10:12:37.826,1.15316,1.15321,1.50,1.50
2016.09.06 10:12:37.969,1.15316,1.15321,1.00,1.50
2016.09.06 10:12:38.172,1.15315,1.1532,1.50,1.00
2016.09.06 10:12:38.223,1.15315,1.1532,1.00,1.00
2016.09.06 10:12:38.427,1.15314,1.1532,1.25,1.00
2016.09.06 10:12:38.653,1.15315,1.1532,1.00,1.00
2016.09.06 10:12:39.128,1.15315,1.1532,1.00,1.50
2016.09.06 10:12:39.384,1.15315,1.1532,1.00,2.25
2016.09.06 10:12:39.619,1.15315,1.1532,1.00,1.50
2016.09.06 10:12:39.724,1.15315,1.1532,1.00,2.25
2016.09.06 10:12:39.826,1.15315,1.1532,1.50,1.50
2016.09.06 10:12:39.880,1.15315,1.1532,1.00,1.50
2016.09.06 10:12:40.208,1.15315,1.1532,1.00,2.25
2016.09.06 10:12:40.526,1.15315,1.1532,1.00,1.50
2016.09.06 10:12:40.627,1.15315,1.1532,1.00,2.25
2016.09.06 10:12:40.681,1.15315,1.1532,1.00,1.50
2016.09.06 10:12:40.982,1.15315,1.1532,1.50,1.50
2016.09.06 10:12:41.035,1.15315,1.1532,1.00,1.50
2016.09.06 10:12:41.171,1.15314,1.1532,1.25,2.25
2016.09.06 10:12:41.854,1.15315,1.1532,1.00,2.25
2016.09.06 10:12:41.956,1.15316,1.1532,1.00,1.50
2016.09.06 10:12:42.007,1.15316,1.1532,1.00,1.00
2016.09.06 10:12:42.381,1.15316,1.15321,1.00,1.50
2016.09.06 10:12:43.428,1.15316,1.15321,1.00,1.00
2016.09.06 10:12:44.427,1.15315,1.1532,1.00,1.00
2016.09.06 10:12:44.808,1.15315,1.1532,1.50,1.00
2016.09.06 10:12:44.910,1.15315,1.1532,1.00,1.00
2016.09.06 10:12:44.992,1.15315,1.1532,1.50,1.00
2016.09.06 10:12:45.109,1.15315,1.1532,1.00,1.00
2016.09.06 10:12:45.393,1.15315,1.1532,1.50,1.00
2016.09.06 10:12:45.560,1.15315,1.15322,1.50,3.82
2016.09.06 10:12:45.662,1.15315,1.15322,1.50,1.95
2016.09.06 10:12:45.763,1.15315,1.15322,1.50,3.07
2016.09.06 10:12:45.861,1.15315,1.15322,1.50,3.00
2016.09.06 10:12:45.938,1.15315,1.15322,1.00,3.00
2016.09.06 10:12:46.242,1.15315,1.15322,1.50,3.00
2016.09.06 10:12:46.412,1.15315,1.15322,1.00,3.00
2016.09.06 10:12:46.514,1.15317,1.15322,1.00,2.25
2016.09.06 10:12:46.667,1.15317,1.15322,1.00,1.00
2016.09.06 10:12:47.078,1.15317,1.15322,1.00,1.50
2016.09.06 10:12:47.281,1.15316,1.15321,1.00,1.00
2016.09.06 10:12:47.894,1.15316,1.15321,1.00,1.50
2016.09.06 10:12:48.043,1.15316,1.1532,1.00,1.00
2016.09.06 10:12:49.133,1.15316,1.15321,1.00,1.50
2016.09.06 10:12:50.853,1.15314,1.15321,2.44,1.50
2016.09.06 10:12:50.955,1.15315,1.15319,1.00,1.00
2016.09.06 10:12:51.107,1.15314,1.15319,1.25,1.50
2016.09.06 10:12:51.158,1.15314,1.15319,1.25,2.25
2016.09.06 10:12:51.260,1.15314,1.15319,1.25,1.50
2016.09.06 10:12:54.507,1.15314,1.15319,1.25,1.00
2016.09.06 10:12:54.560,1.15315,1.15319,1.00,1.00
2016.09.06 10:12:54.713,1.15313,1.1532,1.19,4.12
2016.09.06 10:12:54.764,1.15313,1.1532,1.19,3.37
2016.09.06 10:12:54.916,1.15313,1.15318,1.19,1.00
2016.09.06 10:12:55.018,1.15313,1.15318,1.00,1.00
2016.09.06 10:12:55.237,1.15313,1.15318,1.50,1.00
2016.09.06 10:12:56.184,1.15313,1.15318,1.00,1.00
2016.09.06 10:12:56.744,1.15315,1.15319,1.00,1.50
2016.09.06 10:12:56.846,1.15315,1.15319,1.00,1.00
2016.09.06 10:12:57.814,1.15315,1.15319,1.00,1.50
2016.09.06 10:12:58.068,1.15313,1.15318,1.50,1.00
2016.09.06 10:12:58.620,1.15314,1.15319,1.00,1.25
2016.09.06 10:13:00.411,1.15315,1.15319,1.00,1.25
2016.09.06 10:13:00.462,1.15315,1.1532,1.00,3.19
2016.09.06 10:13:00.796,1.15315,1.1532,1.00,2.06
2016.09.06 10:13:00.953,1.15313,1.1532,2.25,2.06
2016.09.06 10:13:01.166,1.15313,1.1532,1.50,2.06
2016.09.06 10:13:01.453,1.15313,1.1532,1.50,2.81
2016.09.06 10:13:01.654,1.15313,1.1532,1.87,3.56
2016.09.06 10:13:01.705,1.15313,1.1532,1.87,3.19
2016.09.06 10:13:01.756,1.15313,1.1532,1.87,2.25
2016.09.06 10:13:01.858,1.15313,1.1532,1.87,3.75
2016.09.06 10:13:01.961,1.15313,1.1532,1.87,3.94
2016.09.06 10:13:02.076,1.15313,1.1532,1.12,3.19
2016.09.06 10:13:02.127,1.15313,1.1532,1.12,3.94
2016.09.06 10:13:02.178,1.15313,1.15319,1.12,1.12
2016.09.06 10:13:02.399,1.15313,1.15318,1.12,1.20
2016.09.06 10:13:02.699,1.15312,1.15314,2.44,1.00
2016.09.06 10:13:02.750,1.15309,1.15311,1.87,1.00
2016.09.06 10:13:02.802,1.15305,1.1531,3.37,1.00
2016.09.06 10:13:02.853,1.15304,1.1531,2.44,1.10
2016.09.06 10:13:02.904,1.15303,1.1531,3.94,1.57
2016.09.06 10:13:02.956,1.15303,1.1531,3.94,4.50
2016.09.06 10:13:03.007,1.15303,1.15309,3.19,1.12
2016.09.06 10:13:03.058,1.15303,1.15309,1.69,1.12
2016.09.06 10:13:03.160,1.15303,1.15309,1.50,1.12
2016.09.06 10:13:03.212,1.15303,1.15309,1.50,1.87
2016.09.06 10:13:03.263,1.15303,1.15309,2.25,1.87
2016.09.06 10:13:03.314,1.15303,1.15309,1.50,1.87
2016.09.06 10:13:03.415,1.15303,1.15309,2.25,1.87
2016.09.06 10:13:03.467,1.15303,1.15309,1.50,1.87
2016.09.06 10:13:03.620,1.15303,1.15309,1.00,1.87
2016.09.06 10:13:03.772,1.15302,1.15309,1.69,1.87
2016.09.06 10:13:03.967,1.15302,1.15309,1.50,1.87
2016.09.06 10:13:05.066,1.15302,1.15309,1.50,2.62
2016.09.06 10:13:06.032,1.15302,1.15307,1.50,1.10
2016.09.06 10:13:06.106,1.15302,1.15307,1.00,1.10
2016.09.06 10:13:06.259,1.15304,1.15307,1.00,1.10
2016.09.06 10:13:07.806,1.15303,1.15307,1.50,1.10
2016.09.06 10:13:07.857,1.15303,1.15308,1.69,1.20
2016.09.06 10:13:07.908,1.15303,1.15308,1.19,1.20
2016.09.06 10:13:08.466,1.15303,1.15308,1.69,1.20
2016.09.06 10:13:09.388,1.15303,1.15308,2.44,1.20
2016.09.06 10:13:09.748,1.15303,1.15308,2.25,1.20
2016.09.06 10:13:10.179,1.15303,1.15308,1.50,1.20
2016.09.06 10:13:10.420,1.15304,1.15309,1.00,1.87
2016.09.06 10:13:10.522,1.15303,1.15309,1.25,1.87
2016.09.06 10:13:10.573,1.15302,1.15309,2.44,1.87
2016.09.06 10:13:10.776,1.15302,1.15308,2.44,1.20
2016.09.06 10:13:10.961,1.15302,1.15309,2.44,2.62
2016.09.06 10:13:12.007,1.15302,1.15309,2.44,1.95
2016.09.06 10:13:12.589,1.15302,1.15308,2.44,1.10
2016.09.06 10:13:12.640,1.15302,1.15308,2.25,1.10
2016.09.06 10:13:13.827,1.15302,1.15308,2.25,1.00
2016.09.06 10:13:16.123,1.15302,1.15309,2.25,3.07
2016.09.06 10:13:16.276,1.15302,1.15309,1.50,3.07
2016.09.06 10:13:16.327,1.15302,1.15309,1.50,1.95
2016.09.06 10:13:16.378,1.15302,1.15309,1.50,1.57
2016.09.06 10:13:18.068,1.15302,1.15309,1.00,1.57
2016.09.06 10:13:20.164,1.15302,1.15309,1.19,1.57
2016.09.06 10:13:20.215,1.15303,1.15309,1.25,1.57
2016.09.06 10:13:22.589,1.15303,1.15309,1.25,2.32
2016.09.06 10:13:22.691,1.15303,1.15309,1.00,2.32
2016.09.06 10:13:23.626,1.15305,1.15309,1.00,2.32
2016.09.06 10:13:23.677,1.15305,1.1531,1.50,2.70
2016.09.06 10:13:23.728,1.15305,1.1531,1.50,2.32
2016.09.06 10:13:23.779,1.15308,1.1531,1.00,1.57
2016.09.06 10:13:23.872,1.15308,1.15312,1.00,3.56
2016.09.06 10:13:23.923,1.15308,1.15312,1.00,1.95
2016.09.06 10:13:23.976,1.15307,1.15312,1.69,1.50
2016.09.06 10:13:24.028,1.15307,1.15312,1.25,1.50
2016.09.06 10:13:24.726,1.15306,1.15312,1.69,1.87
2016.09.06 10:13:24.778,1.15306,1.15312,1.50,2.62
2016.09.06 10:13:24.829,1.15306,1.15312,1.50,1.87
2016.09.06 10:13:25.281,1.1531,1.15313,1.00,1.95
2016.09.06 10:13:25.332,1.15308,1.15313,1.00,2.70
2016.09.06 10:13:25.434,1.15308,1.15313,1.00,1.10
2016.09.06 10:13:25.536,1.15308,1.15313,1.00,1.00
2016.09.06 10:13:26.302,1.15307,1.15313,1.25,1.00
2016.09.06 10:13:26.505,1.15306,1.15313,1.69,1.00
2016.09.06 10:13:26.877,1.15307,1.15313,1.25,1.00
2016.09.06 10:13:27.374,1.15307,1.15313,1.00,1.00
2016.09.06 10:13:27.985,1.15307,1.15313,1.00,1.50
2016.09.06 10:13:28.053,1.15307,1.15313,1.00,1.69
2016.09.06 10:13:28.205,1.15307,1.15313,1.00,2.44
2016.09.06 10:13:28.307,1.15307,1.15313,1.00,1.69
2016.09.06 10:13:28.683,1.15307,1.15313,1.00,2.44
2016.09.06 10:13:30.395,1.15307,1.15311,1.50,1.00
2016.09.06 10:13:30.701,1.15307,1.15312,1.00,1.00
2016.09.06 10:13:33.498,1.15307,1.15312,1.25,1.00
2016.09.06 10:13:35.166,1.15307,1.15312,1.00,1.00
2016.09.06 10:13:37.901,1.15307,1.15312,1.50,1.00
2016.09.06 10:13:40.048,1.15308,1.15313,1.00,1.00
2016.09.06 10:13:46.206,1.15308,1.15313,1.00,1.50
2016.09.06 10:13:47.028,1.15308,1.15313,1.00,2.25
2016.09.06 10:13:48.249,1.15307,1.15312,1.00,1.00
2016.09.06 10:13:48.787,1.15307,1.15311,1.00,1.00
2016.09.06 10:14:00.619,1.15307,1.15312,1.50,1.00
2016.09.06 10:14:03.373,1.15307,1.15313,1.50,1.00
2016.09.06 10:14:03.849,1.15307,1.15313,2.25,1.00
2016.09.06 10:14:03.967,1.15307,1.15313,1.50,1.00
2016.09.06 10:14:05.789,1.15307,1.15314,1.50,1.57
2016.09.06 10:14:05.964,1.15308,1.15313,1.00,1.00
2016.09.06 10:14:06.331,1.15307,1.15313,1.50,1.00
2016.09.06 10:14:07.026,1.15307,1.15314,1.50,2.32
2016.09.06 10:14:09.956,1.15307,1.15313,1.00,1.00
2016.09.06 10:14:10.177,1.15306,1.15313,2.25,1.00
2016.09.06 10:14:10.380,1.15306,1.15313,2.25,1.50
2016.09.06 10:14:10.653,1.15306,1.15313,2.25,1.00
2016.09.06 10:14:11.385,1.15306,1.15313,3.00,1.00
2016.09.06 10:14:11.657,1.15306,1.15313,2.25,1.00
2016.09.06 10:14:11.858,1.15306,1.15313,3.00,1.00
2016.09.06 10:14:11.979,1.15306,1.15313,2.25,1.00
2016.09.06 10:14:12.458,1.15306,1.15313,2.25,1.50
2016.09.06 10:14:12.509,1.15306,1.1531,1.50,1.00
2016.09.06 10:14:12.560,1.15306,1.15309,1.00,1.00
2016.09.06 10:14:12.662,1.15304,1.15309,1.57,1.50
2016.09.06 10:14:12.713,1.15303,1.15309,1.50,1.50
2016.09.06 10:14:12.764,1.15303,1.15309,1.00,1.50
2016.09.06 10:14:12.866,1.15307,1.15309,1.00,1.00
2016.09.06 10:14:12.918,1.15308,1.15311,1.00,5.62
2016.09.06 10:14:12.970,1.15308,1.1531,1.00,1.20
2016.09.06 10:14:13.022,1.1531,1.15311,1.00,1.00
2016.09.06 10:14:13.180,1.15311,1.15315,1.00,1.00
2016.09.06 10:14:13.231,1.1531,1.15317,1.50,1.69
2016.09.06 10:14:13.283,1.15311,1.15316,1.00,1.25
2016.09.06 10:14:14.089,1.15311,1.15316,1.00,1.69
2016.09.06 10:14:14.292,1.15311,1.15316,1.00,1.25
2016.09.06 10:14:15.258,1.15311,1.15316,1.00,1.69
2016.09.06 10:14:16.264,1.15311,1.15316,1.00,1.25
2016.09.06 10:14:16.368,1.15309,1.15316,3.75,1.25
2016.09.06 10:14:16.974,1.15309,1.15316,3.00,1.25
2016.09.06 10:14:17.217,1.15309,1.15316,2.25,1.25
2016.09.06 10:14:17.555,1.15309,1.15316,3.00,1.25
2016.09.06 10:14:19.014,1.15309,1.15316,2.25,1.25
2016.09.06 10:14:19.792,1.15309,1.15314,2.25,1.50
2016.09.06 10:14:19.843,1.15309,1.15314,1.50,1.50
2016.09.06 10:14:19.894,1.15309,1.15313,1.00,1.00
2016.09.06 10:14:19.945,1.15307,1.15312,2.25,1.00
2016.09.06 10:14:19.996,1.15307,1.15311,1.50,1.00
2016.09.06 10:14:20.047,1.15308,1.15311,1.00,1.00
2016.09.06 10:14:20.303,1.15306,1.15311,1.50,1.00
2016.09.06 10:14:20.354,1.15306,1.15311,1.50,1.50
2016.09.06 10:14:20.456,1.15306,1.15311,1.50,1.00
2016.09.06 10:14:21.354,1.15306,1.15311,1.50,1.50
2016.09.06 10:14:21.571,1.15307,1.15311,1.00,1.50
2016.09.06 10:14:21.672,1.15306,1.15311,1.50,1.00
2016.09.06 10:14:21.825,1.15307,1.15311,1.00,1.00
2016.09.06 10:14:21.876,1.15307,1.15312,1.50,1.00
2016.09.06 10:14:22.981,1.15307,1.15312,2.25,1.00
2016.09.06 10:14:24.523,1.15308,1.15313,1.00,1.20
2016.09.06 10:14:24.624,1.15308,1.15313,1.50,1.20
2016.09.06 10:14:26.148,1.15308,1.15313,1.50,1.10
2016.09.06 10:14:26.249,1.15308,1.15313,1.50,1.00
2016.09.06 10:14:26.890,1.15309,1.15314,1.00,1.00
2016.09.06 10:14:27.226,1.1531,1.15315,1.00,1.20
2016.09.06 10:14:27.277,1.15309,1.15314,1.50,1.00
2016.09.06 10:14:31.270,1.15309,1.15314,1.69,1.00
2016.09.06 10:14:31.439,1.1531,1.15314,1.00,1.00
2016.09.06 10:14:32.894,1.1531,1.15312,1.00,1.00
2016.09.06 10:14:32.945,1.15307,1.15312,3.19,1.00
2016.09.06 10:14:32.996,1.15307,1.15312,3.19,1.50
2016.09.06 10:14:33.047,1.15306,1.15312,1.50,1.00
2016.09.06 10:14:33.098,1.15306,1.15311,2.25,1.50
2016.09.06 10:14:33.148,1.15306,1.15311,2.44,1.50
2016.09.06 10:14:33.200,1.15306,1.15311,1.69,1.00
2016.09.06 10:14:33.250,1.15308,1.15311,1.00,1.00
2016.09.06 10:14:33.402,1.15308,1.15311,1.19,1.00
2016.09.06 10:14:33.453,1.15308,1.15311,1.00,1.00
2016.09.06 10:14:37.068,1.15306,1.15311,1.69,1.00
2016.09.06 10:14:37.356,1.15307,1.15311,1.00,1.00
2016.09.06 10:14:38.389,1.15306,1.15311,2.44,1.00
2016.09.06 10:14:38.671,1.15306,1.15312,2.44,1.50
2016.09.06 10:14:38.772,1.15306,1.15311,2.44,1.00
2016.09.06 10:14:38.883,1.15306,1.15309,1.25,1.00
2016.09.06 10:14:38.985,1.15305,1.15311,1.19,1.50
2016.09.06 10:14:39.036,1.15306,1.15311,2.25,1.00
2016.09.06 10:14:39.087,1.15307,1.15312,1.00,1.65
2016.09.06 10:14:39.137,1.15307,1.15312,1.00,1.10
2016.09.06 10:14:39.188,1.15307,1.15312,1.00,1.00
2016.09.06 10:14:39.723,1.15308,1.15312,1.00,1.00
2016.09.06 10:14:40.301,1.15308,1.15311,1.00,1.00
2016.09.06 10:14:40.707,1.15307,1.15312,1.00,1.50
2016.09.06 10:14:40.809,1.15307,1.15312,1.00,1.00
2016.09.06 10:14:40.859,1.15307,1.15311,1.50,1.00
2016.09.06 10:14:40.961,1.15308,1.15312,1.00,1.00
2016.09.06 10:14:42.497,1.15306,1.15312,1.50,1.00
2016.09.06 10:14:42.595,1.15306,1.15312,1.00,1.00
2016.09.06 10:14:42.918,1.15306,1.1531,1.00,1.00
2016.09.06 10:14:43.172,1.15305,1.1531,2.44,1.00
2016.09.06 10:14:43.325,1.15306,1.15311,1.25,1.00
2016.09.06 10:14:43.376,1.15308,1.15311,1.00,1.00
2016.09.06 10:14:43.427,1.15308,1.15312,1.00,1.10
2016.09.06 10:14:43.478,1.15308,1.15312,1.00,1.00
2016.09.06 10:14:48.261,1.15307,1.15312,1.00,1.00
2016.09.06 10:14:48.414,1.15307,1.15314,1.00,1.57
2016.09.06 10:14:48.465,1.15307,1.15314,1.00,1.10
2016.09.06 10:14:48.516,1.15307,1.15314,1.00,1.57
2016.09.06 10:14:48.719,1.15307,1.15313,1.00,1.00
2016.09.06 10:14:49.550,1.15306,1.15313,1.50,1.50
2016.09.06 10:14:50.149,1.15306,1.15313,2.25,1.50
2016.09.06 10:14:50.765,1.15306,1.15313,1.50,1.50
2016.09.06 10:14:51.639,1.15306,1.15313,2.25,1.50
2016.09.06 10:14:51.741,1.15306,1.15313,1.50,1.50
2016.09.06 10:14:52.308,1.15306,1.15313,1.50,1.00
2016.09.06 10:14:53.844,1.15306,1.15313,2.25,1.00
2016.09.06 10:14:53.946,1.15306,1.15313,1.50,1.00
2016.09.06 10:14:54.149,1.15306,1.15313,2.25,1.00
2016.09.06 10:14:54.216,1.15306,1.15313,2.25,1.50
2016.09.06 10:14:55.369,1.15306,1.15313,1.50,1.50
2016.09.06 10:14:55.420,1.15306,1.15313,1.50,1.00
2016.09.06 10:14:57.364,1.15306,1.15313,2.25,1.00
2016.09.06 10:14:57.617,1.15306,1.15313,2.25,1.50
2016.09.06 10:14:57.718,1.15306,1.15312,2.25,1.00
2016.09.06 10:14:58.253,1.15306,1.15312,1.50,1.00
2016.09.06 10:14:58.788,1.15306,1.15312,2.25,1.00
2016.09.06 10:14:59.721,1.15306,1.15313,2.25,1.50
2016.09.06 10:14:59.832,1.15306,1.15313,2.25,1.00
2016.09.06 10:14:59.988,1.15306,1.15313,1.50,1.00
2016.09.06 10:15:00.394,1.15307,1.15313,1.00,1.00
2016.09.06 10:15:01.057,1.15306,1.15313,1.50,1.00
2016.09.06 10:15:01.160,1.15307,1.15313,1.00,1.00
2016.09.06 10:15:01.363,1.15306,1.15313,2.25,1.00
2016.09.06 10:15:01.517,1.15306,1.15313,2.25,1.50
2016.09.06 10:15:01.618,1.15306,1.15313,2.25,1.00
2016.09.06 10:15:01.669,1.15306,1.15313,1.00,1.19
2016.09.06 10:15:01.720,1.15306,1.15311,1.00,1.00
2016.09.06 10:15:01.822,1.15305,1.1531,2.25,1.00
2016.09.06 10:15:01.873,1.15305,1.15309,1.50,1.00
2016.09.06 10:15:01.924,1.15304,1.15309,2.25,1.00
2016.09.06 10:15:02.046,1.15304,1.15309,2.25,1.50
2016.09.06 10:15:02.097,1.15304,1.15309,1.50,1.50
2016.09.06 10:15:02.251,1.15304,1.15309,1.00,1.50
2016.09.06 10:15:03.804,1.15305,1.15309,1.00,1.00
2016.09.06 10:15:03.956,1.15305,1.15309,1.50,1.00
2016.09.06 10:15:04.058,1.15305,1.1531,1.50,1.69
2016.09.06 10:15:04.109,1.15305,1.1531,1.00,2.51
2016.09.06 10:15:04.160,1.15305,1.1531,1.00,3.26
2016.09.06 10:15:04.211,1.15305,1.1531,1.00,2.51
2016.09.06 10:15:04.262,1.15305,1.15308,1.00,1.00
2016.09.06 10:15:06.031,1.15306,1.15308,1.00,1.00
2016.09.06 10:15:06.263,1.15305,1.15309,1.25,1.00
2016.09.06 10:15:06.365,1.15305,1.15309,1.00,1.00
2016.09.06 10:15:06.416,1.15305,1.15309,1.50,1.00
2016.09.06 10:15:06.747,1.15306,1.15309,1.00,1.00
2016.09.06 10:15:07.025,1.15306,1.15311,1.00,6.26
2016.09.06 10:15:07.127,1.15306,1.15311,1.00,6.64
2016.09.06 10:15:07.420,1.15306,1.15311,1.00,6.26
2016.09.06 10:15:07.471,1.15306,1.15311,1.00,7.01
2016.09.06 10:15:07.968,1.15306,1.15311,1.00,6.64
2016.09.06 10:15:08.019,1.15306,1.1531,1.00,1.01
2016.09.06 10:15:09.487,1.15306,1.15311,1.00,5.51
2016.09.06 10:15:09.612,1.15306,1.1531,1.00,1.01
2016.09.06 10:15:09.714,1.15306,1.15311,1.00,5.89
2016.09.06 10:15:09.765,1.15306,1.15311,1.00,4.39
2016.09.06 10:15:10.127,1.15306,1.15311,1.00,5.51
2016.09.06 10:15:10.178,1.15306,1.15311,1.00,5.89
2016.09.06 10:15:10.229,1.15306,1.15311,1.00,6.26
2016.09.06 10:15:10.528,1.15306,1.1531,1.00,1.76
2016.09.06 10:15:10.629,1.15306,1.1531,1.00,1.01
2016.09.06 10:15:10.684,1.15306,1.1531,1.00,1.76
2016.09.06 10:15:10.735,1.15306,1.1531,1.00,2.51
2016.09.06 10:15:10.945,1.15306,1.1531,1.00,1.76
2016.09.06 10:15:11.077,1.15306,1.1531,1.00,2.51
2016.09.06 10:15:11.128,1.15306,1.1531,1.00,1.76
2016.09.06 10:15:11.624,1.15306,1.1531,1.00,1.01
2016.09.06 10:15:12.030,1.15306,1.1531,1.00,1.76
2016.09.06 10:15:12.578,1.15306,1.1531,1.00,1.01
2016.09.06 10:15:12.680,1.15306,1.1531,1.00,1.76
2016.09.06 10:15:12.781,1.15306,1.1531,1.00,1.01
2016.09.06 10:15:12.980,1.15306,1.1531,1.00,1.76
2016.09.06 10:15:13.030,1.15306,1.15309,1.00,1.00
2016.09.06 10:15:15.155,1.15306,1.1531,1.00,1.76
2016.09.06 10:15:16.315,1.15306,1.15309,1.00,1.00
2016.09.06 10:15:17.234,1.15306,1.15309,1.00,1.50
2016.09.06 10:15:17.335,1.15306,1.15309,1.00,1.00
2016.09.06 10:15:19.018,1.15307,1.1531,1.00,1.01
2016.09.06 10:15:19.070,1.15308,1.15311,1.00,1.76
2016.09.06 10:15:19.121,1.15308,1.15311,1.00,1.57
2016.09.06 10:15:19.172,1.15308,1.15311,1.00,1.00
2016.09.06 10:15:19.223,1.15308,1.15313,1.00,3.82
2016.09.06 10:15:19.274,1.15308,1.15312,1.00,1.37
2016.09.06 10:15:19.349,1.15308,1.15313,1.00,2.70
2016.09.06 10:15:19.401,1.15309,1.15313,1.00,1.95
2016.09.06 10:15:19.503,1.15309,1.15313,1.00,1.57
2016.09.06 10:15:20.095,1.15309,1.15313,1.00,1.10
2016.09.06 10:15:20.146,1.15309,1.15313,1.00,1.57
2016.09.06 10:15:20.248,1.15309,1.15313,1.00,1.10
2016.09.06 10:15:20.336,1.15309,1.15313,1.00,1.00
2016.09.06 10:15:20.388,1.1531,1.15314,1.00,3.34
2016.09.06 10:15:20.439,1.1531,1.15314,1.00,3.15
2016.09.06 10:15:20.491,1.1531,1.15314,1.50,3.15
2016.09.06 10:15:20.595,1.1531,1.15314,1.00,3.15
2016.09.06 10:15:20.798,1.1531,1.15314,1.50,3.15
2016.09.06 10:15:20.991,1.1531,1.15314,1.00,3.15
2016.09.06 10:15:21.200,1.1531,1.15314,1.00,2.40
2016.09.06 10:15:21.302,1.1531,1.15314,1.50,2.40
2016.09.06 10:15:21.691,1.1531,1.15314,1.00,2.40
2016.09.06 10:15:22.392,1.1531,1.15314,1.50,2.40
2016.09.06 10:15:23.059,1.1531,1.15314,1.50,1.65
2016.09.06 10:15:23.242,1.1531,1.15314,1.00,1.65
2016.09.06 10:15:23.293,1.15309,1.15313,1.19,1.00
2016.09.06 10:15:23.495,1.15309,1.15313,1.00,1.00
2016.09.06 10:15:24.926,1.15309,1.15313,1.00,1.50
2016.09.06 10:15:25.951,1.15309,1.15313,1.00,1.00
2016.09.06 10:15:26.564,1.15309,1.15313,1.00,1.50
2016.09.06 10:15:26.925,1.15309,1.15313,1.00,1.00
2016.09.06 10:15:31.606,1.15308,1.15313,1.69,1.50
2016.09.06 10:15:31.919,1.15311,1.15313,1.00,1.00
2016.09.06 10:15:31.970,1.15309,1.15314,1.25,1.20
2016.09.06 10:15:32.104,1.1531,1.15315,1.00,4.01
2016.09.06 10:15:32.155,1.15309,1.15314,1.00,1.00
2016.09.06 10:15:32.206,1.15309,1.15315,1.25,3.26
2016.09.06 10:15:32.257,1.15309,1.15315,1.25,2.14
2016.09.06 10:15:32.308,1.1531,1.15315,1.00,2.51
2016.09.06 10:15:32.410,1.15308,1.15315,1.69,1.76
2016.09.06 10:15:32.461,1.15308,1.15313,1.19,1.00
2016.09.06 10:15:32.512,1.15309,1.15313,1.25,1.00
2016.09.06 10:15:32.563,1.15309,1.15313,1.25,1.50
2016.09.06 10:15:32.864,1.15308,1.15311,1.31,1.00
2016.09.06 10:15:33.372,1.15307,1.15311,1.31,1.00
2016.09.06 10:15:33.736,1.15308,1.15311,1.19,1.00
2016.09.06 10:15:34.051,1.15307,1.15311,1.31,1.00
2016.09.06 10:15:36.704,1.15307,1.15312,1.19,3.00
2016.09.06 10:15:37.044,1.15306,1.15311,1.19,1.00
2016.09.06 10:15:39.624,1.15307,1.15312,1.19,3.00
2016.09.06 10:15:39.675,1.15307,1.15312,1.19,1.50
2016.09.06 10:15:39.878,1.15307,1.15311,1.19,1.00
2016.09.06 10:15:41.033,1.15306,1.15311,1.19,1.50
2016.09.06 10:15:43.428,1.15306,1.15311,1.69,1.50
2016.09.06 10:15:43.479,1.15308,1.15313,1.19,4.31
2016.09.06 10:15:43.530,1.15308,1.15313,1.19,3.19
2016.09.06 10:15:43.581,1.15308,1.15313,1.19,1.25
2016.09.06 10:15:43.632,1.15308,1.15313,1.19,1.00
2016.09.06 10:15:43.804,1.15309,1.15313,1.25,1.00
2016.09.06 10:15:43.906,1.15309,1.15313,1.25,2.25
2016.09.06 10:15:44.007,1.15309,1.15313,1.25,1.50
2016.09.06 10:15:44.667,1.15309,1.15313,1.25,2.25
2016.09.06 10:15:44.943,1.15305,1.15311,3.19,1.00
2016.09.06 10:15:44.995,1.15305,1.15311,3.19,1.00
2016.09.06 10:15:45.046,1.15306,1.15312,1.19,1.87
2016.09.06 10:15:45.097,1.15305,1.1531,1.87,2.25
2016.09.06 10:15:45.148,1.15305,1.1531,1.50,2.25
2016.09.06 10:15:45.199,1.15304,1.15308,1.50,1.00
2016.09.06 10:15:45.301,1.15304,1.15308,1.50,1.50
2016.09.06 10:15:45.352,1.15304,1.15308,1.00,1.50
2016.09.06 10:15:45.454,1.15303,1.15308,1.25,2.25
2016.09.06 10:15:46.203,1.15303,1.15308,1.25,1.50
2016.09.06 10:15:47.211,1.15303,1.15308,1.25,2.25
2016.09.06 10:15:50.883,1.15303,1.15308,1.00,2.25
2016.09.06 10:15:50.989,1.15303,1.15308,1.00,1.50
2016.09.06 10:15:51.090,1.15303,1.15308,1.00,2.25
2016.09.06 10:15:51.991,1.15303,1.15308,1.00,1.50
2016.09.06 10:15:52.093,1.15303,1.15308,1.00,2.25
2016.09.06 10:15:52.617,1.15304,1.15308,1.00,2.25
2016.09.06 10:15:54.181,1.15305,1.15308,1.00,1.50
2016.09.06 10:15:54.803,1.15305,1.15308,1.00,1.00
2016.09.06 10:15:55.157,1.15305,1.15308,1.50,1.00
2016.09.06 10:15:56.045,1.15305,1.15308,1.00,1.00
2016.09.06 10:15:56.272,1.15305,1.15308,1.50,1.00
2016.09.06 10:15:56.843,1.15305,1.15308,1.00,1.00
2016.09.06 10:15:56.945,1.15305,1.15308,1.50,1.00
2016.09.06 10:15:58.166,1.15306,1.15308,1.00,1.00
2016.09.06 10:15:58.217,1.15307,1.15309,1.00,1.10
2016.09.06 10:15:58.366,1.15308,1.1531,1.00,1.57
2016.09.06 10:15:58.420,1.15307,1.1531,1.00,1.00
2016.09.06 10:15:58.472,1.15309,1.15313,1.00,3.26
2016.09.06 10:15:58.524,1.15308,1.15312,1.00,1.29
2016.09.06 10:15:58.626,1.15307,1.1531,1.50,1.00
2016.09.06 10:15:58.930,1.15307,1.1531,1.00,1.00
2016.09.06 10:15:59.032,1.15307,1.1531,1.00,1.50
2016.09.06 10:15:59.107,1.15307,1.1531,1.00,1.00
2016.09.06 10:15:59.159,1.15309,1.15311,1.00,1.01
2016.09.06 10:15:59.211,1.15308,1.15311,1.00,1.25
2016.09.06 10:15:59.262,1.15307,1.15311,1.50,1.25
2016.09.06 10:15:59.314,1.15307,1.15311,1.50,1.69
2016.09.06 10:15:59.415,1.15306,1.15309,1.00,1.00
2016.09.06 10:16:00.179,1.15307,1.15309,1.00,1.00
2016.09.06 10:16:00.685,1.15308,1.1531,1.00,1.00
2016.09.06 10:16:00.736,1.15309,1.15312,1.00,1.69
2016.09.06 10:16:00.838,1.15309,1.15313,1.00,2.96
2016.09.06 10:16:00.888,1.1531,1.15313,1.00,2.96
2016.09.06 10:16:01.091,1.15309,1.15313,1.50,2.96
2016.09.06 10:16:01.200,1.1531,1.15313,1.00,2.96
2016.09.06 10:16:02.104,1.1531,1.15312,1.00,1.25
2016.09.06 10:16:03.291,1.15309,1.15312,1.50,1.25
2016.09.06 10:16:03.662,1.1531,1.15312,1.00,1.25
2016.09.06 10:16:04.606,1.15309,1.15312,1.50,1.25
2016.09.06 10:16:04.665,1.1531,1.15312,1.00,1.25
2016.09.06 10:16:04.892,1.15309,1.15312,1.50,1.25
2016.09.06 10:16:04.993,1.1531,1.15312,1.00,1.25
2016.09.06 10:16:05.167,1.15309,1.15312,1.50,1.25
2016.09.06 10:16:06.081,1.1531,1.15312,1.00,1.25
2016.09.06 10:16:07.251,1.1531,1.15312,1.50,1.25
2016.09.06 10:16:07.353,1.1531,1.15313,1.50,1.39
2016.09.06 10:16:07.404,1.1531,1.15313,1.00,1.39
2016.09.06 10:16:07.505,1.1531,1.15313,1.50,1.39
2016.09.06 10:16:08.175,1.1531,1.15313,1.00,1.39
2016.09.06 10:16:08.416,1.1531,1.15313,1.50,1.39
2016.09.06 10:16:08.869,1.1531,1.15313,1.50,2.21
2016.09.06 10:16:08.920,1.1531,1.15313,1.00,2.21
2016.09.06 10:16:08.977,1.1531,1.15313,1.50,2.21
2016.09.06 10:16:09.492,1.1531,1.15313,1.00,2.21
2016.09.06 10:16:09.542,1.15309,1.15313,1.00,2.21
2016.09.06 10:16:09.593,1.15308,1.15313,1.00,2.21
2016.09.06 10:16:09.644,1.15308,1.15312,1.00,1.25
2016.09.06 10:16:10.147,1.15309,1.15312,1.00,1.25
2016.09.06 10:16:10.413,1.15309,1.15312,1.00,1.69
2016.09.06 10:16:10.616,1.15308,1.15312,1.00,1.25
2016.09.06 10:16:10.812,1.1531,1.15312,1.50,1.25
2016.09.06 10:16:10.913,1.1531,1.15312,1.00,1.25
2016.09.06 10:16:11.015,1.1531,1.15312,1.50,1.69
2016.09.06 10:16:11.322,1.1531,1.15312,1.50,1.25
2016.09.06 10:16:12.300,1.1531,1.15312,1.00,1.25
2016.09.06 10:16:12.401,1.15309,1.15312,1.00,1.25
2016.09.06 10:16:14.451,1.15309,1.15312,1.00,1.69
2016.09.06 10:16:14.662,1.15309,1.15312,1.00,1.25
2016.09.06 10:16:16.964,1.1531,1.15312,1.00,1.25
2016.09.06 10:16:17.116,1.1531,1.15313,1.00,1.19
2016.09.06 10:16:17.218,1.1531,1.15313,1.50,1.19
2016.09.06 10:16:17.833,1.1531,1.15313,1.50,1.69
2016.09.06 10:16:18.138,1.1531,1.15313,1.00,1.69
2016.09.06 10:16:18.408,1.1531,1.15313,1.50,1.69
2016.09.06 10:16:18.807,1.1531,1.15313,1.00,1.69
2016.09.06 10:16:20.459,1.15309,1.15313,1.50,1.69
2016.09.06 10:16:20.510,1.1531,1.15313,1.00,1.69
2016.09.06 10:16:20.612,1.15309,1.15313,1.00,1.69
2016.09.06 10:16:22.401,1.1531,1.15313,1.00,1.69
2016.09.06 10:16:22.452,1.1531,1.15314,1.00,1.69
2016.09.06 10:16:22.554,1.15311,1.15315,1.00,1.39
2016.09.06 10:16:22.605,1.15311,1.15316,1.00,6.26
2016.09.06 10:16:22.656,1.15311,1.15315,1.00,1.19
2016.09.06 10:16:23.611,1.15311,1.15315,1.00,1.00
2016.09.06 10:16:24.148,1.15311,1.15317,1.00,1.39
2016.09.06 10:16:24.249,1.15311,1.15317,1.00,1.01
2016.09.06 10:16:24.300,1.15311,1.15317,1.00,1.25
2016.09.06 10:16:24.605,1.15313,1.15317,1.00,1.69
2016.09.06 10:16:25.325,1.1531,1.15315,2.62,1.00
2016.09.06 10:16:25.376,1.15311,1.15315,1.00,1.00
2016.09.06 10:16:25.682,1.15313,1.15315,1.00,1.00
2016.09.06 10:16:25.733,1.15313,1.15316,1.00,1.87
2016.09.06 10:16:25.785,1.15312,1.15316,1.00,1.12
2016.09.06 10:16:25.836,1.15312,1.15317,1.00,1.00
2016.09.06 10:16:26.129,1.15312,1.15317,1.00,1.50
2016.09.06 10:16:26.765,1.15312,1.15317,1.00,1.00
2016.09.06 10:16:26.816,1.15312,1.15317,1.00,1.20
2016.09.06 10:16:27.174,1.15312,1.15316,1.00,1.00
2016.09.06 10:16:28.645,1.15312,1.15317,1.00,1.00
2016.09.06 10:16:28.747,1.15312,1.15318,1.00,2.32
2016.09.06 10:16:29.830,1.15312,1.15317,1.00,1.00
2016.09.06 10:16:30.033,1.15312,1.15316,1.00,1.00
2016.09.06 10:16:30.085,1.15312,1.15316,1.00,1.50
2016.09.06 10:16:30.632,1.15311,1.15316,1.00,2.25
2016.09.06 10:16:31.183,1.15311,1.15315,1.00,1.00
2016.09.06 10:16:32.186,1.15311,1.15316,1.00,1.50
2016.09.06 10:16:37.891,1.15311,1.15316,1.50,1.50
2016.09.06 10:16:37.992,1.15312,1.15316,1.00,1.00
2016.09.06 10:16:38.144,1.15312,1.15317,1.00,2.51
2016.09.06 10:16:38.301,1.15313,1.15317,1.00,1.76
2016.09.06 10:16:38.352,1.15312,1.15317,1.00,2.51
2016.09.06 10:16:38.455,1.15311,1.15316,1.00,1.00
2016.09.06 10:16:38.506,1.15311,1.15316,1.00,1.50
2016.09.06 10:16:38.761,1.15311,1.15316,1.00,1.00
2016.09.06 10:16:39.509,1.15311,1.15317,1.00,1.01
2016.09.06 10:16:40.059,1.15311,1.15318,1.00,4.39
2016.09.06 10:16:40.110,1.15311,1.15318,1.00,5.14
2016.09.06 10:16:41.075,1.15311,1.15318,1.00,4.84
2016.09.06 10:16:41.126,1.15311,1.15318,1.00,4.76
2016.09.06 10:16:44.719,1.15311,1.15318,1.00,4.01
2016.09.06 10:16:44.770,1.15311,1.15317,1.00,1.25
2016.09.06 10:16:44.872,1.1531,1.15315,1.50,1.25
2016.09.06 10:16:44.974,1.1531,1.15315,1.00,1.25
2016.09.06 10:16:47.194,1.1531,1.15315,1.00,1.69
2016.09.06 10:16:49.688,1.1531,1.15315,1.00,1.25
2016.09.06 10:16:49.739,1.15309,1.15315,1.25,1.00
2016.09.06 10:16:49.790,1.15309,1.15316,1.69,2.25
2016.09.06 10:16:49.841,1.15312,1.15316,1.00,2.25
2016.09.06 10:16:49.892,1.15312,1.15316,1.00,1.50
2016.09.06 10:16:49.994,1.15312,1.15316,1.00,1.00
2016.09.06 10:16:53.749,1.15312,1.15317,1.00,1.50
2016.09.06 10:16:53.850,1.15311,1.15316,1.00,1.00
2016.09.06 10:16:54.053,1.15311,1.15315,1.00,1.25
2016.09.06 10:16:54.332,1.15309,1.15316,2.25,1.69
2016.09.06 10:16:54.439,1.15309,1.15316,1.50,1.69
2016.09.06 10:16:54.545,1.15309,1.15316,2.25,1.69
2016.09.06 10:16:55.968,1.15309,1.15316,3.00,1.69
2016.09.06 10:16:56.145,1.15309,1.15316,3.37,1.69
2016.09.06 10:16:56.459,1.15311,1.15316,1.00,1.69
2016.09.06 10:16:56.561,1.15311,1.15316,1.00,1.50
2016.09.06 10:16:57.666,1.15311,1.15316,1.00,1.69
2016.09.06 10:16:59.045,1.1531,1.15315,1.50,1.00
2016.09.06 10:16:59.151,1.1531,1.15315,1.00,1.00
2016.09.06 10:16:59.442,1.1531,1.15315,1.50,1.00
2016.09.06 10:16:59.916,1.1531,1.15315,1.00,1.00
2016.09.06 10:17:00.152,1.1531,1.15315,1.00,1.50
2016.09.06 10:17:00.254,1.1531,1.15315,1.50,2.25
2016.09.06 10:17:00.638,1.1531,1.15315,1.00,2.25
2016.09.06 10:17:00.765,1.1531,1.15315,1.00,1.50
2016.09.06 10:17:00.818,1.1531,1.15315,1.50,2.25
2016.09.06 10:17:01.234,1.1531,1.15315,1.00,1.69
2016.09.06 10:17:01.407,1.1531,1.15315,1.50,2.44
2016.09.06 10:17:01.745,1.1531,1.15315,1.00,1.69
2016.09.06 10:17:01.847,1.1531,1.15315,1.50,2.44
2016.09.06 10:17:01.949,1.1531,1.15315,1.00,3.19
2016.09.06 10:17:02.000,1.1531,1.15313,1.00,1.00
2016.09.06 10:17:02.102,1.15309,1.15314,1.00,1.50
2016.09.06 10:17:02.573,1.15308,1.15314,1.87,1.50
2016.09.06 10:17:02.672,1.15309,1.15314,1.00,1.50
2016.09.06 10:17:02.825,1.15309,1.15314,1.00,1.00
2016.09.06 10:17:04.698,1.15307,1.15312,1.50,1.50
2016.09.06 10:17:04.749,1.15307,1.15312,1.00,1.50
2016.09.06 10:17:04.902,1.15306,1.15312,1.50,1.50
2016.09.06 10:17:05.609,1.15306,1.15312,2.25,1.50
2016.09.06 10:17:06.227,1.15306,1.15312,2.25,1.87
2016.09.06 10:17:06.422,1.15306,1.15312,1.50,1.87
2016.09.06 10:17:08.245,1.15307,1.15312,1.00,1.87
2016.09.06 10:17:08.347,1.15305,1.15312,3.00,1.87
2016.09.06 10:17:08.574,1.15305,1.15312,2.25,1.87
2016.09.06 10:17:08.975,1.15305,1.15312,3.00,1.87
2016.09.06 10:17:09.186,1.15305,1.15312,2.25,1.87
2016.09.06 10:17:09.486,1.15305,1.15312,3.00,1.87
2016.09.06 10:17:10.041,1.15305,1.15312,2.25,1.87
2016.09.06 10:17:10.150,1.15305,1.15312,3.00,1.87
2016.09.06 10:17:10.990,1.15305,1.15312,2.25,1.87
2016.09.06 10:17:11.044,1.15305,1.15312,3.00,1.87
2016.09.06 10:17:11.706,1.15305,1.15312,2.25,1.87
2016.09.06 10:17:11.757,1.15305,1.15312,3.00,1.87
2016.09.06 10:17:12.370,1.15305,1.15312,3.00,1.50
2016.09.06 10:17:12.732,1.15306,1.15312,1.00,1.00
2016.09.06 10:17:15.251,1.15306,1.15312,1.00,1.87
2016.09.06 10:17:15.302,1.15306,1.15311,1.00,1.00
2016.09.06 10:17:16.433,1.15306,1.15311,1.50,1.00
2016.09.06 10:17:16.741,1.15308,1.15313,1.00,3.52
2016.09.06 10:17:16.792,1.15308,1.15313,1.00,3.15
2016.09.06 10:17:16.895,1.1531,1.15313,1.00,2.40
2016.09.06 10:17:16.946,1.15311,1.15314,1.00,3.00
2016.09.06 10:17:16.998,1.15311,1.15315,1.00,3.37
2016.09.06 10:17:17.049,1.15312,1.15316,1.00,1.00
2016.09.06 10:17:17.100,1.15312,1.15317,1.00,1.50
2016.09.06 10:17:17.151,1.15312,1.15317,1.00,2.62
2016.09.06 10:17:17.253,1.15313,1.15317,1.00,1.87
2016.09.06 10:17:17.437,1.15313,1.15318,1.00,5.62
2016.09.06 10:17:17.488,1.15313,1.15318,1.00,4.50
2016.09.06 10:17:17.589,1.15312,1.15317,1.00,1.00
2016.09.06 10:17:17.640,1.15312,1.15317,1.00,1.50
2016.09.06 10:17:17.742,1.15313,1.15317,1.00,1.00
2016.09.06 10:17:17.845,1.15313,1.15318,1.50,4.87
2016.09.06 10:17:17.947,1.15314,1.15318,1.00,4.12
2016.09.06 10:17:18.049,1.15314,1.15318,1.50,1.00
2016.09.06 10:17:19.211,1.15314,1.15318,1.00,1.00
2016.09.06 10:17:19.262,1.15313,1.15318,1.50,1.00
2016.09.06 10:17:19.619,1.15315,1.15319,1.00,1.50
2016.09.06 10:17:20.130,1.15314,1.15319,1.50,1.50
2016.09.06 10:17:20.437,1.15314,1.15319,1.00,1.50
2016.09.06 10:17:21.831,1.15315,1.15319,1.00,1.50
2016.09.06 10:17:21.882,1.15315,1.15319,1.50,1.50
2016.09.06 10:17:22.052,1.15315,1.15319,1.00,1.00
2016.09.06 10:17:22.154,1.15315,1.1532,1.00,3.94
2016.09.06 10:17:22.307,1.15315,1.1532,1.00,3.19
2016.09.06 10:17:22.410,1.15315,1.1532,1.00,3.94
2016.09.06 10:17:22.508,1.15315,1.1532,1.00,5.81
2016.09.06 10:17:22.609,1.15315,1.1532,1.00,5.06
2016.09.06 10:17:22.711,1.15315,1.15319,1.50,1.00
2016.09.06 10:17:24.010,1.15315,1.15319,1.00,1.00
2016.09.06 10:17:25.424,1.15314,1.15319,1.50,1.00
2016.09.06 10:17:29.274,1.15315,1.15319,1.00,1.00
2016.09.06 10:17:29.325,1.15315,1.15319,1.00,1.50
2016.09.06 10:17:30.351,1.15314,1.15319,1.00,1.50
2016.09.06 10:17:30.590,1.15314,1.15319,1.00,1.00
2016.09.06 10:17:30.641,1.15314,1.1532,2.25,1.00
2016.09.06 10:17:30.743,1.15316,1.15321,1.00,3.00
2016.09.06 10:17:30.794,1.15316,1.15321,1.00,1.50
2016.09.06 10:17:31.053,1.15315,1.15319,1.00,1.00
2016.09.06 10:17:31.110,1.15314,1.15319,2.25,1.00
2016.09.06 10:17:31.219,1.15314,1.15319,1.00,1.00
2016.09.06 10:17:31.270,1.15314,1.15319,1.00,1.50
2016.09.06 10:17:31.593,1.15315,1.15319,1.00,1.50
2016.09.06 10:17:31.644,1.15315,1.15319,1.50,1.00
2016.09.06 10:17:31.695,1.15315,1.1532,1.50,1.12
2016.09.06 10:17:31.746,1.15315,1.15319,1.00,1.00
2016.09.06 10:17:31.797,1.15315,1.15319,1.00,1.50
2016.09.06 10:17:31.848,1.15314,1.15319,1.00,1.00
2016.09.06 10:17:32.307,1.15314,1.15319,1.00,1.50
2016.09.06 10:17:32.358,1.15314,1.15319,1.00,2.62
2016.09.06 10:17:32.459,1.15314,1.15319,1.00,3.37
2016.09.06 10:17:32.643,1.15313,1.15318,2.25,1.00
2016.09.06 10:17:32.998,1.15313,1.15319,2.25,1.50
2016.09.06 10:17:33.992,1.15315,1.15319,1.00,2.25
2016.09.06 10:17:34.093,1.15315,1.15319,1.00,1.50
2016.09.06 10:17:34.144,1.15314,1.15319,1.00,2.25
2016.09.06 10:17:34.195,1.15314,1.15319,1.00,1.50
2016.09.06 10:17:34.246,1.15314,1.15319,1.00,1.00
2016.09.06 10:17:34.348,1.15314,1.15319,1.00,1.50
2016.09.06 10:17:34.461,1.15313,1.15319,2.25,1.00
2016.09.06 10:17:34.721,1.15314,1.15319,1.00,1.00
2016.09.06 10:17:35.181,1.15315,1.1532,1.00,1.87
2016.09.06 10:17:35.232,1.15314,1.15319,1.50,1.00
2016.09.06 10:17:35.283,1.15314,1.15319,1.87,1.00
2016.09.06 10:17:35.496,1.15314,1.1532,1.87,1.50
2016.09.06 10:17:35.867,1.15314,1.15321,1.50,4.46
2016.09.06 10:17:36.020,1.15314,1.15321,1.50,5.21
2016.09.06 10:17:36.071,1.15314,1.15321,1.50,5.59
2016.09.06 10:17:36.173,1.15314,1.15321,1.50,6.34
2016.09.06 10:17:36.450,1.15314,1.15321,1.50,5.21
2016.09.06 10:17:36.652,1.15315,1.15319,1.00,1.00
2016.09.06 10:17:36.703,1.15313,1.1532,1.50,1.12
2016.09.06 10:17:36.755,1.15313,1.15319,1.50,1.00
2016.09.06 10:17:36.807,1.15313,1.15318,1.50,1.00
2016.09.06 10:17:36.858,1.15313,1.15318,1.00,1.00
2016.09.06 10:17:37.023,1.15313,1.15319,1.00,1.00
2016.09.06 10:17:37.175,1.15313,1.15318,1.50,1.00
2016.09.06 10:17:37.429,1.15315,1.15318,1.00,1.00
2016.09.06 10:17:37.683,1.15317,1.15318,1.00,1.00
2016.09.06 10:17:37.786,1.15319,1.15322,1.00,2.44
2016.09.06 10:17:37.837,1.15319,1.15322,1.00,1.50
2016.09.06 10:17:37.888,1.15319,1.15324,1.50,1.87
2016.09.06 10:17:37.939,1.15319,1.15323,1.50,1.00
2016.09.06 10:17:38.092,1.15319,1.15323,1.00,1.00
2016.09.06 10:17:40.170,1.15319,1.15323,1.50,1.00
2016.09.06 10:17:40.390,1.1532,1.15324,1.00,1.00
2016.09.06 10:17:40.441,1.1532,1.15325,1.00,2.25
2016.09.06 10:17:40.802,1.15321,1.15325,1.00,1.50
2016.09.06 10:17:40.854,1.15318,1.15323,1.12,1.00
2016.09.06 10:17:40.905,1.15318,1.15322,1.12,1.00
2016.09.06 10:17:40.956,1.15317,1.15322,1.00,1.00
2016.09.06 10:17:41.108,1.15317,1.15323,1.00,3.75
2016.09.06 10:17:41.160,1.15317,1.15322,1.00,1.31
2016.09.06 10:17:41.261,1.15317,1.15322,1.50,1.31
2016.09.06 10:17:41.413,1.15317,1.15322,1.50,2.06
2016.09.06 10:17:41.519,1.15318,1.15322,1.00,1.31
2016.09.06 10:17:41.570,1.15318,1.15322,1.00,2.06
2016.09.06 10:17:41.623,1.15317,1.15322,1.50,2.06
2016.09.06 10:17:41.674,1.15317,1.15322,1.50,2.81
2016.09.06 10:17:41.894,1.15317,1.15322,1.50,2.44
2016.09.06 10:17:42.990,1.15317,1.15322,1.50,2.25
2016.09.06 10:17:43.208,1.15317,1.15322,1.50,1.50
2016.09.06 10:17:44.777,1.15317,1.15322,1.00,1.50
2016.09.06 10:17:45.056,1.15317,1.15321,1.00,1.00
2016.09.06 10:17:45.209,1.15316,1.15321,1.00,2.25
2016.09.06 10:17:45.260,1.15316,1.15321,1.00,2.62
2016.09.06 10:17:45.313,1.15314,1.15321,3.00,3.37
2016.09.06 10:17:45.363,1.15315,1.1532,1.00,1.87
2016.09.06 10:17:45.465,1.15315,1.1532,1.00,2.62
2016.09.06 10:17:45.517,1.15315,1.1532,1.00,2.81
2016.09.06 10:17:45.568,1.15315,1.1532,1.00,3.56
2016.09.06 10:17:45.785,1.15314,1.1532,3.00,3.56
2016.09.06 10:17:45.836,1.15314,1.1532,2.25,2.81
2016.09.06 10:17:45.887,1.15314,1.1532,1.50,2.81
2016.09.06 10:17:45.988,1.15315,1.1532,1.00,2.81
2016.09.06 10:17:46.171,1.15314,1.1532,1.00,2.81
2016.09.06 10:17:46.596,1.15314,1.1532,1.00,1.31
2016.09.06 10:17:46.758,1.15314,1.1532,1.00,2.06
2016.09.06 10:17:47.290,1.15314,1.1532,1.00,3.19
2016.09.06 10:17:47.391,1.15314,1.1532,1.00,3.94
2016.09.06 10:17:49.595,1.15314,1.15319,1.00,1.00
2016.09.06 10:17:50.089,1.15314,1.15319,1.00,1.50
2016.09.06 10:17:50.191,1.15313,1.15317,1.00,1.00
2016.09.06 10:17:50.293,1.15313,1.15317,1.00,1.50
2016.09.06 10:17:50.779,1.15313,1.15318,1.00,2.77
2016.09.06 10:17:50.881,1.15313,1.15318,1.00,1.27
2016.09.06 10:17:50.932,1.15313,1.15318,1.00,1.20
2016.09.06 10:17:54.081,1.15312,1.15316,1.00,1.00
2016.09.06 10:17:54.133,1.15311,1.15316,1.12,1.00
2016.09.06 10:17:54.184,1.15311,1.15316,1.00,1.00
2016.09.06 10:17:54.235,1.1531,1.15315,1.50,1.50
2016.09.06 10:17:54.440,1.15311,1.15316,1.00,1.50
2016.09.06 10:17:54.542,1.15311,1.15316,1.00,1.00
2016.09.06 10:17:54.593,1.15312,1.15317,1.00,5.02
2016.09.06 10:17:54.644,1.15312,1.15316,1.00,1.00
2016.09.06 10:17:54.695,1.15312,1.15317,1.25,2.32
2016.09.06 10:17:54.745,1.15312,1.15317,1.25,2.25
2016.09.06 10:17:54.796,1.15312,1.15317,1.00,1.87
2016.09.06 10:17:54.847,1.15312,1.15317,1.00,1.50
2016.09.06 10:17:55.249,1.15311,1.15316,1.00,1.00
2016.09.06 10:17:55.300,1.15311,1.15315,1.00,1.12
2016.09.06 10:17:55.351,1.15311,1.15314,1.00,1.00
2016.09.06 10:17:55.512,1.15308,1.15314,1.50,1.50
2016.09.06 10:17:55.664,1.15308,1.15314,1.00,2.25
2016.09.06 10:17:56.360,1.15307,1.15314,2.25,2.25
2016.09.06 10:17:56.468,1.15307,1.15314,2.25,2.62
2016.09.06 10:17:56.677,1.15307,1.15314,1.50,2.62
2016.09.06 10:17:57.073,1.15308,1.15314,1.00,2.25
2016.09.06 10:17:57.239,1.15308,1.15314,1.50,1.00
2016.09.06 10:17:57.290,1.15309,1.15314,1.00,1.00
2016.09.06 10:17:57.493,1.15308,1.15314,1.50,1.00
2016.09.06 10:17:57.797,1.15308,1.15314,1.00,1.50
2016.09.06 10:17:57.899,1.15308,1.15314,1.00,1.87
2016.09.06 10:17:58.000,1.15308,1.15312,1.00,1.00
2016.09.06 10:17:58.524,1.15307,1.15312,1.00,1.00
2016.09.06 10:18:00.268,1.15308,1.15312,1.00,1.00
2016.09.06 10:18:00.319,1.1531,1.15314,1.00,1.00
2016.09.06 10:18:00.370,1.1531,1.15315,1.00,3.07
2016.09.06 10:18:00.421,1.1531,1.15316,1.00,2.70
2016.09.06 10:18:00.472,1.1531,1.15315,1.00,1.12
2016.09.06 10:18:00.523,1.1531,1.15315,2.25,1.12
2016.09.06 10:18:00.624,1.1531,1.15315,1.50,1.00
2016.09.06 10:18:01.140,1.1531,1.15315,1.00,1.00
2016.09.06 10:18:01.292,1.1531,1.15315,1.00,1.50
2016.09.06 10:18:01.873,1.15311,1.15315,1.00,1.00
2016.09.06 10:18:01.975,1.15311,1.15317,1.56,3.82
2016.09.06 10:18:02.050,1.15311,1.15317,1.56,2.70
2016.09.06 10:18:02.102,1.15311,1.15316,1.00,1.00
2016.09.06 10:18:02.203,1.15311,1.15316,1.00,1.50
2016.09.06 10:18:02.305,1.15311,1.15316,1.00,1.00
2016.09.06 10:18:03.895,1.15311,1.15316,1.00,1.12
2016.09.06 10:18:05.911,1.15311,1.15316,1.00,1.00
2016.09.06 10:18:06.602,1.15311,1.15316,1.00,1.87
2016.09.06 10:18:06.704,1.1531,1.15316,2.25,1.87
2016.09.06 10:18:06.805,1.1531,1.15316,1.50,1.87
2016.09.06 10:18:07.034,1.1531,1.15316,2.25,1.87
2016.09.06 10:18:07.141,1.15311,1.15316,1.00,1.12
2016.09.06 10:18:07.192,1.15311,1.15317,1.00,1.95
2016.09.06 10:18:07.468,1.15311,1.15317,1.00,2.70
2016.09.06 10:18:07.678,1.15311,1.15317,1.00,1.95
2016.09.06 10:18:08.474,1.15311,1.15317,1.00,2.70
2016.09.06 10:18:08.576,1.15311,1.15317,1.00,1.95
2016.09.06 10:18:08.627,1.15311,1.15317,1.00,1.20
2016.09.06 10:18:09.628,1.15311,1.15317,1.00,1.10
2016.09.06 10:18:09.679,1.15311,1.15317,1.00,1.57
2016.09.06 10:18:10.465,1.15311,1.15316,1.00,1.00
2016.09.06 10:18:10.617,1.15311,1.15316,1.25,1.00
2016.09.06 10:18:11.041,1.15311,1.15316,1.25,1.12
2016.09.06 10:18:13.102,1.15311,1.15315,1.25,1.00
2016.09.06 10:18:13.902,1.15311,1.15317,1.50,1.57
2016.09.06 10:18:13.953,1.15311,1.15317,1.50,1.87
2016.09.06 10:18:14.004,1.15311,1.15317,1.50,1.12
2016.09.06 10:18:14.207,1.15311,1.15317,1.00,1.87
2016.09.06 10:18:14.538,1.15311,1.15316,1.00,1.00
2016.09.06 10:18:14.696,1.15311,1.15317,1.00,1.87
2016.09.06 10:18:16.193,1.15311,1.15317,1.00,1.12
2016.09.06 10:18:18.003,1.15311,1.15317,1.00,1.87
2016.09.06 10:18:18.155,1.15311,1.15315,1.00,1.00
2016.09.06 10:18:18.206,1.1531,1.15315,2.25,1.00
2016.09.06 10:18:18.256,1.1531,1.15315,1.50,1.00
2016.09.06 10:18:18.463,1.15311,1.15315,1.00,1.00
2016.09.06 10:18:18.962,1.1531,1.15315,1.50,1.00
2016.09.06 10:18:20.566,1.1531,1.15317,1.50,1.12
2016.09.06 10:18:20.617,1.1531,1.15316,1.50,1.00
2016.09.06 10:18:20.668,1.1531,1.15316,2.25,1.00
2016.09.06 10:18:20.770,1.1531,1.15316,1.50,1.00
2016.09.06 10:18:21.080,1.1531,1.15316,2.25,1.00
2016.09.06 10:18:21.365,1.1531,1.15316,1.00,1.50
2016.09.06 10:18:22.580,1.15311,1.15316,1.00,1.50
2016.09.06 10:18:22.631,1.1531,1.15313,1.00,1.00
2016.09.06 10:18:22.682,1.1531,1.15315,1.00,1.50
2016.09.06 10:18:22.733,1.1531,1.15315,1.00,2.25
2016.09.06 10:18:23.192,1.1531,1.15315,1.50,1.50
2016.09.06 10:18:23.243,1.1531,1.15315,1.50,1.00
2016.09.06 10:18:23.954,1.1531,1.15315,1.00,1.00
2016.09.06 10:18:24.056,1.15309,1.15314,2.25,1.00
2016.09.06 10:18:24.322,1.15309,1.15314,1.50,1.00
2016.09.06 10:18:25.359,1.15309,1.15316,1.50,2.25
2016.09.06 10:18:25.460,1.15309,1.15315,1.00,1.00
2016.09.06 10:18:25.571,1.15309,1.15315,1.00,1.50
2016.09.06 10:18:25.964,1.15309,1.15315,1.00,1.00
2016.09.06 10:18:26.405,1.15309,1.15315,1.00,1.50
2016.09.06 10:18:26.462,1.15309,1.15315,1.00,1.00
2016.09.06 10:18:26.696,1.15309,1.15315,1.00,1.50
2016.09.06 10:18:27.139,1.15309,1.15315,1.19,1.50
2016.09.06 10:18:27.697,1.1531,1.15315,1.25,1.50
2016.09.06 10:18:27.799,1.15309,1.15314,1.69,1.00
2016.09.06 10:18:32.473,1.1531,1.15315,1.00,2.62
2016.09.06 10:18:32.524,1.1531,1.15315,1.00,1.87
2016.09.06 10:18:32.575,1.15311,1.15315,1.00,1.50
2016.09.06 10:18:32.626,1.15311,1.15315,1.00,1.00
2016.09.06 10:18:32.677,1.15311,1.15316,1.50,1.12
2016.09.06 10:18:32.779,1.15311,1.15316,1.50,1.00
2016.09.06 10:18:32.830,1.15311,1.15316,2.06,1.00
2016.09.06 10:18:32.983,1.1531,1.15315,1.56,1.00
2016.09.06 10:18:33.085,1.1531,1.15315,1.56,1.50
2016.09.06 10:18:33.186,1.1531,1.15315,1.56,1.00
2016.09.06 10:18:33.288,1.1531,1.15315,1.56,1.50
2016.09.06 10:18:33.834,1.1531,1.15315,2.06,1.50
2016.09.06 10:18:33.936,1.1531,1.15315,2.06,1.00
2016.09.06 10:18:33.987,1.1531,1.15317,2.06,1.87
2016.09.06 10:18:34.038,1.15311,1.15317,1.31,1.87
2016.09.06 10:18:34.343,1.15311,1.15317,1.31,1.00
2016.09.06 10:18:34.495,1.15309,1.15313,3.56,1.00
2016.09.06 10:18:34.546,1.15309,1.15313,1.12,1.00
2016.09.06 10:18:34.597,1.15309,1.15313,1.00,1.00
2016.09.06 10:18:34.757,1.1531,1.15315,1.00,1.10
2016.09.06 10:18:34.808,1.1531,1.15315,1.25,1.95
2016.09.06 10:18:34.859,1.1531,1.15315,1.25,1.50
2016.09.06 10:18:34.911,1.1531,1.15315,1.25,1.00
2016.09.06 10:18:34.962,1.15311,1.15316,1.50,1.20
2016.09.06 10:18:35.013,1.15311,1.15316,2.06,1.20
2016.09.06 10:18:35.064,1.15312,1.15316,1.19,1.10
2016.09.06 10:18:35.115,1.15312,1.15316,1.19,1.00
2016.09.06 10:18:40.059,1.15313,1.15318,1.19,1.20
2016.09.06 10:18:40.136,1.15313,1.15317,1.19,1.00
2016.09.06 10:18:40.290,1.15312,1.15317,1.19,1.12
2016.09.06 10:18:40.544,1.15311,1.15316,2.06,1.00
2016.09.06 10:18:42.487,1.15311,1.15316,1.31,1.00
2016.09.06 10:18:43.114,1.15311,1.15317,1.31,1.00
2016.09.06 10:18:43.165,1.15311,1.15318,1.31,2.25
2016.09.06 10:18:43.368,1.15311,1.15317,1.31,1.00
2016.09.06 10:18:44.018,1.15312,1.15317,1.19,1.50
2016.09.06 10:18:44.069,1.15312,1.15317,1.19,1.00
2016.09.06 10:18:44.120,1.1531,1.15317,3.19,1.00
2016.09.06 10:18:44.171,1.1531,1.15317,2.06,1.50
2016.09.06 10:18:44.222,1.1531,1.15317,2.81,1.87
2016.09.06 10:18:44.273,1.1531,1.15317,3.94,1.87
2016.09.06 10:18:44.324,1.1531,1.15317,3.19,1.87
2016.09.06 10:18:44.570,1.1531,1.15317,3.94,1.87
2016.09.06 10:18:44.921,1.1531,1.15317,4.69,1.87
2016.09.06 10:18:45.067,1.1531,1.15317,3.94,1.87
2016.09.06 10:18:45.122,1.1531,1.15317,4.69,1.87
2016.09.06 10:18:45.586,1.1531,1.15317,3.94,1.87
2016.09.06 10:18:46.607,1.15313,1.15317,1.19,1.00
2016.09.06 10:18:46.658,1.15314,1.15318,1.25,1.87
2016.09.06 10:18:46.810,1.15312,1.15318,1.19,2.25
2016.09.06 10:18:46.861,1.15312,1.15317,1.19,1.00
2016.09.06 10:18:47.008,1.15312,1.15317,1.19,1.12
2016.09.06 10:18:47.109,1.15312,1.15317,1.19,1.00
2016.09.06 10:18:48.639,1.15311,1.15316,1.31,1.00
2016.09.06 10:18:48.892,1.15312,1.15317,1.19,1.50
2016.09.06 10:18:48.943,1.15312,1.15317,1.19,1.00
2016.09.06 10:18:49.052,1.15311,1.15317,1.31,1.00
2016.09.06 10:18:49.339,1.1531,1.15317,3.94,1.00
2016.09.06 10:18:49.749,1.1531,1.15317,4.69,1.00
2016.09.06 10:18:50.050,1.15311,1.15317,1.31,1.00
2016.09.06 10:18:51.566,1.15311,1.15317,1.31,1.12
2016.09.06 10:18:52.034,1.15312,1.15317,1.19,1.12
2016.09.06 10:18:52.457,1.15312,1.15317,1.19,1.00
2016.09.06 10:18:55.057,1.15312,1.15317,1.00,1.00
2016.09.06 10:18:55.375,1.15311,1.15315,1.00,1.00
2016.09.06 10:18:56.121,1.1531,1.15315,1.00,1.00
2016.09.06 10:18:56.172,1.15309,1.15314,1.01,1.00
2016.09.06 10:18:56.223,1.15309,1.15313,1.00,1.00
2016.09.06 10:18:56.334,1.15308,1.15313,2.25,1.00
2016.09.06 10:18:56.436,1.15308,1.15313,1.50,1.00
2016.09.06 10:18:57.168,1.15308,1.15313,1.00,1.00
2016.09.06 10:18:57.293,1.15307,1.15313,1.50,1.00
2016.09.06 10:18:57.346,1.15307,1.15313,1.00,1.00
2016.09.06 10:18:57.550,1.15306,1.15313,1.69,1.00
2016.09.06 10:18:57.754,1.15306,1.15313,1.69,1.12
2016.09.06 10:18:58.074,1.15306,1.15313,1.25,1.12
2016.09.06 10:18:58.408,1.15305,1.1531,4.46,1.00
2016.09.06 10:18:58.459,1.15305,1.15307,2.02,1.00
2016.09.06 10:18:58.510,1.15304,1.15308,1.12,1.00
2016.09.06 10:18:58.562,1.15303,1.15308,1.00,1.00
2016.09.06 10:18:58.765,1.15301,1.15308,2.44,1.00
2016.09.06 10:18:58.816,1.15303,1.15308,1.00,1.00
2016.09.06 10:18:58.868,1.15303,1.15308,1.25,1.00
2016.09.06 10:18:58.919,1.15302,1.15305,1.31,1.00
2016.09.06 10:18:58.971,1.15301,1.15303,1.12,1.37
2016.09.06 10:18:59.022,1.153,1.15302,1.37,2.62
2016.09.06 10:18:59.074,1.15299,1.15301,1.12,1.00
2016.09.06 10:18:59.163,1.15292,1.15294,1.87,1.00
2016.09.06 10:18:59.214,1.15285,1.15293,2.81,1.50
2016.09.06 10:18:59.266,1.15284,1.15287,1.00,1.00
2016.09.06 10:18:59.317,1.15279,1.15285,1.56,1.00
2016.09.06 10:18:59.369,1.15277,1.1528,2.62,1.00
2016.09.06 10:18:59.421,1.15277,1.1528,2.25,1.00
2016.09.06 10:18:59.472,1.15276,1.15278,1.00,1.00
2016.09.06 10:18:59.575,1.15274,1.15276,1.50,1.00
2016.09.06 10:18:59.676,1.15272,1.15275,1.37,1.00
2016.09.06 10:18:59.834,1.1527,1.15273,1.50,1.00
2016.09.06 10:18:59.885,1.1527,1.15273,1.37,1.00
2016.09.06 10:19:00.038,1.1527,1.15274,1.00,1.00
2016.09.06 10:19:00.345,1.1527,1.15274,1.12,1.00
2016.09.06 10:19:00.396,1.1527,1.15274,2.25,1.00
2016.09.06 10:19:00.447,1.1527,1.15274,1.87,1.00
2016.09.06 10:19:00.498,1.1527,1.15274,2.62,1.00
2016.09.06 10:19:00.548,1.1527,1.15276,3.75,1.00
2016.09.06 10:19:00.616,1.15271,1.15276,1.00,1.00
2016.09.06 10:19:00.667,1.15275,1.15276,1.00,1.00
2016.09.06 10:19:00.718,1.15275,1.15279,1.00,2.25
2016.09.06 10:19:00.769,1.15275,1.15279,1.00,1.00
2016.09.06 10:19:01.023,1.15279,1.1528,1.50,1.00
2016.09.06 10:19:01.074,1.15279,1.1528,1.50,1.00
2016.09.06 10:19:01.125,1.15278,1.15279,1.00,1.00
2016.09.06 10:19:01.176,1.15277,1.15278,1.00,1.00
2016.09.06 10:19:01.227,1.15276,1.15278,1.50,1.00
2016.09.06 10:19:01.278,1.15277,1.15279,1.00,1.00
2016.09.06 10:19:01.441,1.15273,1.15277,1.25,1.00
2016.09.06 10:19:01.543,1.15273,1.15277,1.00,1.00
2016.09.06 10:19:01.722,1.15273,1.1528,3.82,1.00
2016.09.06 10:19:01.773,1.15275,1.15278,1.00,1.00
2016.09.06 10:19:01.830,1.15276,1.1528,1.00,1.00
2016.09.06 10:19:01.881,1.15275,1.15279,2.25,1.00
2016.09.06 10:19:01.932,1.15275,1.15278,1.50,1.00
2016.09.06 10:19:01.983,1.15275,1.15278,1.00,1.00
2016.09.06 10:19:02.077,1.15277,1.15278,1.00,1.00
2016.09.06 10:19:02.383,1.15275,1.15278,1.50,1.00
2016.09.06 10:19:02.434,1.15274,1.15276,1.00,1.00
2016.09.06 10:19:02.587,1.15272,1.15274,1.00,1.00
2016.09.06 10:19:02.638,1.15268,1.15274,1.65,2.25
2016.09.06 10:19:02.689,1.15266,1.15267,1.50,1.00
2016.09.06 10:19:02.740,1.15266,1.15267,1.00,1.00
2016.09.06 10:19:02.791,1.15261,1.15263,1.50,1.00
2016.09.06 10:19:02.905,1.15261,1.15264,1.87,1.00
2016.09.06 10:19:03.008,1.15262,1.15267,1.50,1.95
2016.09.06 10:19:03.059,1.15264,1.15267,1.00,1.65
2016.09.06 10:19:03.110,1.15264,1.15269,1.00,1.87
2016.09.06 10:19:03.161,1.15268,1.15272,1.00,1.75
2016.09.06 10:19:03.212,1.15268,1.15273,1.87,1.20
2016.09.06 10:19:03.263,1.15268,1.15273,2.62,1.12
2016.09.06 10:19:03.314,1.1527,1.15274,1.00,1.00
2016.09.06 10:19:03.467,1.1527,1.15275,1.00,1.00
2016.09.06 10:19:03.566,1.15271,1.15275,1.00,1.00
2016.09.06 10:19:03.619,1.15271,1.15276,1.00,1.00
2016.09.06 10:19:04.282,1.1527,1.15276,3.37,1.00
2016.09.06 10:19:04.381,1.1527,1.15276,1.87,1.00
2016.09.06 10:19:04.483,1.1527,1.15276,1.12,1.00
2016.09.06 10:19:04.687,1.1527,1.15275,1.12,1.00
2016.09.06 10:19:04.789,1.1527,1.15276,1.12,1.50
2016.09.06 10:19:04.992,1.1527,1.15275,1.12,1.00
2016.09.06 10:19:05.197,1.1527,1.15275,1.87,1.00
2016.09.06 10:19:05.298,1.1527,1.15277,1.87,1.00
2016.09.06 10:19:05.350,1.1527,1.15277,2.62,1.00
2016.09.06 10:19:05.442,1.15271,1.15278,1.00,1.00
2016.09.06 10:19:05.493,1.15272,1.15278,1.00,1.00
2016.09.06 10:19:05.748,1.15274,1.15279,1.00,1.00
2016.09.06 10:19:06.298,1.15274,1.1528,1.00,1.00
2016.09.06 10:19:06.597,1.15274,1.1528,1.00,1.50
2016.09.06 10:19:06.750,1.15276,1.1528,1.00,1.00
2016.09.06 10:19:06.801,1.15276,1.15281,1.00,1.25
2016.09.06 10:19:06.852,1.15276,1.15281,1.00,1.00
2016.09.06 10:19:06.902,1.15275,1.1528,2.62,1.00
2016.09.06 10:19:06.953,1.15275,1.1528,3.37,1.00
2016.09.06 10:19:07.004,1.15275,1.1528,2.62,1.00
2016.09.06 10:19:07.106,1.15275,1.1528,2.40,1.00
2016.09.06 10:19:07.208,1.15276,1.15281,1.00,1.00
2016.09.06 10:19:08.167,1.15276,1.15281,1.50,1.00
2016.09.06 10:19:08.337,1.15276,1.15281,1.00,1.00
2016.09.06 10:19:08.951,1.15276,1.15281,1.50,1.00
2016.09.06 10:19:09.002,1.15275,1.15281,1.20,1.00
2016.09.06 10:19:09.053,1.15275,1.15279,1.57,1.00
2016.09.06 10:19:09.104,1.15276,1.1528,1.00,1.00
2016.09.06 10:19:09.222,1.15274,1.1528,1.12,1.00
2016.09.06 10:19:09.273,1.15274,1.1528,1.00,1.00
2016.09.06 10:19:09.323,1.15274,1.1528,1.00,1.00
2016.09.06 10:19:09.425,1.15274,1.1528,1.50,1.00
2016.09.06 10:19:09.527,1.15274,1.15281,1.50,1.00
2016.09.06 10:19:11.749,1.15275,1.15282,1.00,1.57
2016.09.06 10:19:11.856,1.15275,1.15282,1.50,1.57
2016.09.06 10:19:12.311,1.15276,1.1528,1.00,1.00
2016.09.06 10:19:13.470,1.15274,1.15277,1.50,1.00
2016.09.06 10:19:13.572,1.15275,1.15278,1.50,1.50
2016.09.06 10:19:13.623,1.15273,1.15277,1.50,1.00
2016.09.06 10:19:13.674,1.15273,1.15277,1.00,1.00
2016.09.06 10:19:13.725,1.15272,1.15277,1.00,1.00
2016.09.06 10:19:14.268,1.15272,1.15278,1.00,1.00
2016.09.06 10:19:14.545,1.15271,1.15276,1.50,1.00
2016.09.06 10:19:14.799,1.15271,1.15276,1.00,1.00
2016.09.06 10:19:15.057,1.1527,1.15276,2.25,1.00
2016.09.06 10:19:15.340,1.1527,1.15275,1.50,1.00
2016.09.06 10:19:15.442,1.1527,1.15275,2.25,1.00
2016.09.06 10:19:15.929,1.1527,1.15275,1.50,1.00
2016.09.06 10:19:16.358,1.1527,1.15275,2.25,1.00
2016.09.06 10:19:16.921,1.1527,1.15275,1.50,1.00
2016.09.06 10:19:17.022,1.1527,1.15275,1.50,1.50
2016.09.06 10:19:17.226,1.1527,1.15275,1.00,1.50
2016.09.06 10:19:17.755,1.1527,1.15275,1.50,1.50
2016.09.06 10:19:17.814,1.1527,1.15275,1.00,1.50
2016.09.06 10:19:17.894,1.1527,1.15275,1.00,2.25
2016.09.06 10:19:18.516,1.1527,1.15275,1.50,2.25
2016.09.06 10:19:18.878,1.1527,1.15275,1.00,1.50
2016.09.06 10:19:18.929,1.1527,1.15274,1.00,1.00
2016.09.06 10:19:19.031,1.15269,1.15273,1.00,1.50
2016.09.06 10:19:19.132,1.15266,1.15272,1.87,1.00
2016.09.06 10:19:19.183,1.15266,1.15271,1.50,1.00
2016.09.06 10:19:19.285,1.15266,1.15273,1.50,3.00
2016.09.06 10:19:19.385,1.15266,1.15272,1.50,1.00
2016.09.06 10:19:19.553,1.15266,1.15273,1.50,1.10
2016.09.06 10:19:19.720,1.15267,1.15271,1.00,1.00
2016.09.06 10:19:20.177,1.15267,1.15273,1.00,1.10
2016.09.06 10:19:20.236,1.15267,1.15273,1.00,1.57
2016.09.06 10:19:20.287,1.15267,1.15273,1.00,3.00
2016.09.06 10:19:20.623,1.15267,1.15273,1.00,2.25
2016.09.06 10:19:20.725,1.15267,1.15273,1.00,1.50
2016.09.06 10:19:20.775,1.15267,1.15272,1.00,1.00
2016.09.06 10:19:21.195,1.15265,1.15272,3.07,1.00
2016.09.06 10:19:21.246,1.15265,1.15272,3.07,1.50
2016.09.06 10:19:21.348,1.15265,1.15272,3.07,1.00
2016.09.06 10:19:21.666,1.15265,1.15272,2.32,1.00
2016.09.06 10:19:22.135,1.15265,1.15272,3.07,1.00
2016.09.06 10:19:22.238,1.15265,1.15272,3.07,1.50
2016.09.06 10:19:22.439,1.15266,1.1527,1.00,1.00
2016.09.06 10:19:22.541,1.15265,1.15272,3.07,1.00
2016.09.06 10:19:22.643,1.15265,1.15272,2.32,1.00
2016.09.06 10:19:22.745,1.15265,1.15272,3.07,1.00
2016.09.06 10:19:23.011,1.15265,1.15272,3.07,1.50
2016.09.06 10:19:23.062,1.15265,1.15272,2.25,1.50
2016.09.06 10:19:23.113,1.15265,1.15272,2.25,2.25
2016.09.06 10:19:23.163,1.15265,1.15272,1.50,2.25
2016.09.06 10:19:23.214,1.15265,1.15271,1.50,1.00
2016.09.06 10:19:23.469,1.15265,1.15271,1.50,1.50
2016.09.06 10:19:23.520,1.15265,1.1527,1.50,1.00
2016.09.06 10:19:23.775,1.15266,1.1527,1.00,1.00
2016.09.06 10:19:23.877,1.15265,1.1527,1.50,1.00
2016.09.06 10:19:23.928,1.15265,1.15271,1.50,1.00
2016.09.06 10:19:24.080,1.15265,1.15271,2.25,1.00
2016.09.06 10:19:24.343,1.15265,1.15271,1.50,1.00
2016.09.06 10:19:24.445,1.15265,1.15271,2.25,1.00
2016.09.06 10:19:24.912,1.15265,1.15271,2.25,1.50
2016.09.06 10:19:24.963,1.15266,1.15271,1.00,1.50
2016.09.06 10:19:25.014,1.15265,1.15271,1.50,2.25
2016.09.06 10:19:25.065,1.15265,1.15271,1.00,2.25
2016.09.06 10:19:25.115,1.15265,1.15271,1.00,1.50
2016.09.06 10:19:25.434,1.15265,1.15271,1.00,1.57
2016.09.06 10:19:25.485,1.15265,1.15271,1.00,1.65
2016.09.06 10:19:25.536,1.15265,1.15271,1.00,2.02
2016.09.06 10:19:25.952,1.15265,1.15271,1.00,2.77
2016.09.06 10:19:26.003,1.15264,1.15271,1.00,2.77
2016.09.06 10:19:26.054,1.15264,1.15271,1.00,2.02
2016.09.06 10:19:26.166,1.15264,1.15271,1.00,1.65
2016.09.06 10:19:26.217,1.15264,1.15271,1.00,3.15
2016.09.06 10:19:27.515,1.15264,1.15271,1.00,2.40
2016.09.06 10:19:27.566,1.15264,1.15271,1.00,1.65
2016.09.06 10:19:27.916,1.15264,1.15271,1.00,2.40
2016.09.06 10:19:28.261,1.15264,1.15271,1.00,1.65
2016.09.06 10:19:28.617,1.15264,1.15271,1.00,2.40
2016.09.06 10:19:28.719,1.15265,1.1527,1.00,1.00
2016.09.06 10:19:29.229,1.15265,1.1527,1.00,1.50
2016.09.06 10:19:29.744,1.15265,1.1527,1.00,3.37
2016.09.06 10:19:30.254,1.15265,1.1527,1.00,1.50
2016.09.06 10:19:33.980,1.15266,1.1527,1.00,1.00
2016.09.06 10:19:34.123,1.15269,1.15274,1.00,2.62
2016.09.06 10:19:34.175,1.15269,1.15276,1.00,1.50
2016.09.06 10:19:34.277,1.15269,1.15274,1.00,1.00
2016.09.06 10:19:34.431,1.15268,1.15273,1.50,1.00
2016.09.06 10:19:34.584,1.15268,1.15273,1.00,1.12
2016.09.06 10:19:34.635,1.15268,1.15273,1.00,1.87
2016.09.06 10:19:35.609,1.15267,1.15273,1.00,1.87
2016.09.06 10:19:37.069,1.15267,1.15273,1.00,1.50
2016.09.06 10:19:37.546,1.15267,1.15273,1.00,2.25
2016.09.06 10:19:37.682,1.15266,1.15273,1.50,2.62
2016.09.06 10:19:37.836,1.15266,1.15272,1.50,1.00
2016.09.06 10:19:38.835,1.15266,1.15272,1.50,1.50
2016.09.06 10:19:38.913,1.15266,1.15272,1.50,1.00
2016.09.06 10:19:38.969,1.15268,1.15274,1.00,1.00
2016.09.06 10:19:39.275,1.1527,1.15274,1.00,1.00
2016.09.06 10:19:39.692,1.15269,1.15274,1.00,1.50
2016.09.06 10:19:39.742,1.15269,1.15274,1.00,2.25
2016.09.06 10:19:39.894,1.15269,1.15274,1.00,1.50
2016.09.06 10:19:40.151,1.15269,1.15273,1.00,1.00
2016.09.06 10:19:40.950,1.15269,1.15274,1.00,1.00
2016.09.06 10:19:42.978,1.15268,1.15273,1.00,1.00
2016.09.06 10:19:43.080,1.15268,1.15273,1.00,1.50
2016.09.06 10:19:43.131,1.15268,1.15273,1.00,2.25
2016.09.06 10:19:43.182,1.15268,1.15273,1.00,1.50
2016.09.06 10:19:43.732,1.15267,1.15273,1.00,1.50
2016.09.06 10:19:44.700,1.15267,1.15272,1.00,1.00
2016.09.06 10:19:46.350,1.15267,1.15271,1.00,1.50
2016.09.06 10:19:46.403,1.15266,1.15271,1.50,1.50
2016.09.06 10:19:46.661,1.15266,1.1527,1.00,1.00
2016.09.06 10:19:46.764,1.15265,1.15267,1.00,1.00
2016.09.06 10:19:46.815,1.15263,1.15267,1.00,1.50
2016.09.06 10:19:46.866,1.15261,1.15266,2.25,1.00
2016.09.06 10:19:47.004,1.15261,1.15265,1.00,1.00
2016.09.06 10:19:47.258,1.15261,1.15265,1.50,1.00
2016.09.06 10:19:47.410,1.15261,1.15265,1.00,1.00
2016.09.06 10:19:47.563,1.1526,1.15265,1.00,1.50
2016.09.06 10:19:47.664,1.15259,1.15265,1.00,1.57
2016.09.06 10:19:47.817,1.1526,1.15265,1.00,1.57
2016.09.06 10:19:47.868,1.1526,1.15265,1.00,2.32
2016.09.06 10:19:48.619,1.15259,1.15265,1.50,2.32
2016.09.06 10:19:48.832,1.15259,1.15265,1.50,2.70
2016.09.06 10:19:49.034,1.15259,1.15264,1.50,1.12
2016.09.06 10:19:49.773,1.15259,1.15264,1.50,1.87
2016.09.06 10:19:49.874,1.15259,1.15263,1.00,1.00
2016.09.06 10:19:50.426,1.15258,1.15264,1.00,1.37
2016.09.06 10:19:50.477,1.15257,1.15263,1.50,1.12
2016.09.06 10:19:50.528,1.15257,1.15262,1.50,1.00
2016.09.06 10:19:50.579,1.15258,1.15263,1.00,1.00
2016.09.06 10:19:50.630,1.15257,1.15262,1.50,1.00
2016.09.06 10:19:51.183,1.15261,1.15264,1.00,1.65
2016.09.06 10:19:51.254,1.15261,1.15264,1.00,1.27
2016.09.06 10:19:51.306,1.15262,1.15265,1.00,3.75
2016.09.06 10:19:51.358,1.15262,1.15265,1.00,1.50
2016.09.06 10:19:51.409,1.15263,1.15265,1.00,1.00
2016.09.06 10:19:51.511,1.15263,1.15266,1.00,3.64
2016.09.06 10:19:51.613,1.15263,1.15266,1.00,3.26
2016.09.06 10:19:51.663,1.15263,1.15266,1.00,4.01
2016.09.06 10:19:51.714,1.15263,1.15266,1.00,3.64
2016.09.06 10:19:51.867,1.15263,1.15266,1.00,4.39
2016.09.06 10:19:52.038,1.15263,1.15266,1.00,2.51
2016.09.06 10:19:52.241,1.15263,1.15266,1.00,1.39
2016.09.06 10:19:53.078,1.15261,1.15265,1.50,2.14
2016.09.06 10:19:53.130,1.15261,1.15265,1.00,2.89
2016.09.06 10:19:53.181,1.1526,1.15264,1.50,1.31
2016.09.06 10:19:53.232,1.1526,1.15264,1.00,1.31
2016.09.06 10:19:53.283,1.1526,1.15264,1.00,1.39
2016.09.06 10:19:53.334,1.1526,1.15264,1.50,1.39
2016.09.06 10:19:53.385,1.1526,1.15264,1.50,1.46
2016.09.06 10:19:53.538,1.1526,1.15264,1.50,1.09
2016.09.06 10:19:53.645,1.1526,1.15264,1.00,1.09
2016.09.06 10:19:53.797,1.1526,1.15265,1.00,3.19
2016.09.06 10:19:53.848,1.15262,1.15265,1.00,1.69
2016.09.06 10:19:53.946,1.15261,1.15266,1.00,3.94
2016.09.06 10:19:53.997,1.15262,1.15266,1.00,3.19
2016.09.06 10:19:54.048,1.15262,1.15265,1.00,1.25
2016.09.06 10:19:54.282,1.15262,1.15266,1.00,1.76
2016.09.06 10:19:54.334,1.15263,1.15267,1.00,7.31
2016.09.06 10:19:54.385,1.15263,1.15267,1.00,6.94
2016.09.06 10:19:54.487,1.15263,1.15267,1.00,4.69
2016.09.06 10:19:54.538,1.15263,1.15267,1.00,3.94
2016.09.06 10:19:54.589,1.15263,1.15267,1.00,2.44
2016.09.06 10:19:54.639,1.15263,1.15267,1.00,2.25
2016.09.06 10:19:54.843,1.15263,1.15267,1.00,2.06
2016.09.06 10:19:54.895,1.15264,1.15267,1.00,1.69
2016.09.06 10:19:55.000,1.15266,1.15268,1.00,1.25
2016.09.06 10:19:55.052,1.15266,1.15269,1.00,2.14
2016.09.06 10:19:55.154,1.15266,1.15269,1.00,1.31
2016.09.06 10:19:55.473,1.15266,1.15269,1.00,1.31
2016.09.06 10:19:56.537,1.15266,1.15269,1.00,1.19
2016.09.06 10:19:57.005,1.15266,1.15269,1.00,1.25
2016.09.06 10:19:57.332,1.15266,1.15269,1.00,1.25
2016.09.06 10:19:59.262,1.15266,1.1527,1.00,2.21
2016.09.06 10:19:59.314,1.15267,1.1527,1.00,1.39
2016.09.06 10:19:59.364,1.15267,1.15271,1.00,2.25
2016.09.06 10:19:59.567,1.15267,1.15271,1.00,3.00
2016.09.06 10:19:59.669,1.15267,1.15271,1.00,3.75
2016.09.06 10:20:00.266,1.15267,1.15271,1.00,4.12
2016.09.06 10:20:00.571,1.15267,1.15271,1.00,2.25
2016.09.06 10:20:00.622,1.15268,1.15271,1.00,1.69
2016.09.06 10:20:00.673,1.1527,1.15272,1.00,2.06
2016.09.06 10:20:00.724,1.1527,1.15272,1.00,1.69
2016.09.06 10:20:00.775,1.15269,1.15273,1.00,2.89
2016.09.06 10:20:00.877,1.1527,1.15273,1.00,2.51
2016.09.06 10:20:00.928,1.15268,1.15272,1.50,1.29
2016.09.06 10:20:01.037,1.15265,1.15269,1.50,1.69
2016.09.06 10:20:01.115,1.15262,1.15264,1.00,1.19
2016.09.06 10:20:01.166,1.15261,1.15264,1.00,1.19
2016.09.06 10:20:01.217,1.15261,1.15264,1.00,1.29
2016.09.06 10:20:01.268,1.15261,1.15263,1.00,1.25
2016.09.06 10:20:01.695,1.15261,1.15263,1.00,1.25
2016.09.06 10:20:01.881,1.15261,1.15263,1.00,1.00
2016.09.06 10:20:01.941,1.15261,1.15263,1.00,1.25
2016.09.06 10:20:01.992,1.15261,1.15264,1.00,1.39
2016.09.06 10:20:02.094,1.15261,1.15264,1.00,1.84
2016.09.06 10:20:03.004,1.15261,1.15263,1.00,1.25
2016.09.06 10:20:03.157,1.15261,1.15263,1.00,1.00
2016.09.06 10:20:03.905,1.15259,1.15262,1.00,3.00
2016.09.06 10:20:03.956,1.15256,1.15261,1.50,1.39
2016.09.06 10:20:04.008,1.15255,1.15256,1.00,1.00
2016.09.06 10:20:04.060,1.15255,1.15256,1.00,1.50
2016.09.06 10:20:04.112,1.15251,1.15254,1.10,1.00
2016.09.06 10:20:04.163,1.15251,1.15254,1.00,1.00
2016.09.06 10:20:04.332,1.15248,1.15253,1.00,1.00
2016.09.06 10:20:04.384,1.15253,1.15255,1.00,1.10
2016.09.06 10:20:04.486,1.15253,1.15255,1.00,1.00
2016.09.06 10:20:04.538,1.15255,1.15258,1.00,1.87
2016.09.06 10:20:04.589,1.15256,1.1526,1.50,1.57
2016.09.06 10:20:04.673,1.15256,1.15261,1.50,1.10
2016.09.06 10:20:04.725,1.1526,1.15262,1.00,1.50
2016.09.06 10:20:04.979,1.1526,1.15262,1.00,1.00
2016.09.06 10:20:05.182,1.1526,1.15262,1.00,1.50
2016.09.06 10:20:05.283,1.1526,1.15262,1.00,1.00
2016.09.06 10:20:05.385,1.1526,1.15263,1.00,2.25
2016.09.06 10:20:05.611,1.1526,1.15263,1.00,1.50
2016.09.06 10:20:05.760,1.15261,1.15263,1.00,1.25
2016.09.06 10:20:06.269,1.15262,1.15263,1.00,1.25
2016.09.06 10:20:06.415,1.15262,1.15265,1.00,2.81
2016.09.06 10:20:06.517,1.15262,1.15265,1.00,2.06
2016.09.06 10:20:06.750,1.15262,1.15264,1.00,1.19
2016.09.06 10:20:06.874,1.15261,1.15264,1.00,1.69
2016.09.06 10:20:06.925,1.15261,1.15263,1.00,1.19
2016.09.06 10:20:08.670,1.1526,1.15263,1.00,1.69
2016.09.06 10:20:08.721,1.1526,1.15262,1.50,1.25
2016.09.06 10:20:08.772,1.15257,1.1526,1.50,1.19
2016.09.06 10:20:08.823,1.15257,1.1526,1.00,1.69
2016.09.06 10:20:08.874,1.15256,1.1526,1.00,2.06
2016.09.06 10:20:08.926,1.15257,1.1526,1.00,1.56
2016.09.06 10:20:09.081,1.15257,1.15259,1.00,1.37
2016.09.06 10:20:09.183,1.15257,1.15259,1.00,1.31
2016.09.06 10:20:09.286,1.15258,1.15259,1.00,1.31
2016.09.06 10:20:09.440,1.15257,1.15259,1.00,1.56
2016.09.06 10:20:09.542,1.15256,1.15259,1.00,1.56
2016.09.06 10:20:09.797,1.15257,1.15261,1.00,2.21
2016.09.06 10:20:10.442,1.15257,1.15261,1.00,3.71
2016.09.06 10:20:10.772,1.15258,1.15261,1.00,1.65
2016.09.06 10:20:10.823,1.15258,1.15261,1.00,1.20
2016.09.06 10:20:10.874,1.15259,1.15262,1.00,2.62
2016.09.06 10:20:10.925,1.15259,1.15263,1.00,4.72
2016.09.06 10:20:10.994,1.15259,1.15263,1.00,3.00
2016.09.06 10:20:11.046,1.1526,1.15265,1.00,6.00
2016.09.06 10:20:11.097,1.15261,1.15265,1.00,4.87
2016.09.06 10:20:11.523,1.15261,1.15265,1.00,3.75
2016.09.06 10:20:11.781,1.15261,1.15265,1.00,3.00
2016.09.06 10:20:11.832,1.15261,1.15264,1.00,1.20
2016.09.06 10:20:11.984,1.15261,1.15264,1.00,2.25
2016.09.06 10:20:12.530,1.1526,1.15264,1.00,2.25
2016.09.06 10:20:12.835,1.1526,1.15262,1.00,1.00
2016.09.06 10:20:13.017,1.1526,1.15264,1.00,1.87
2016.09.06 10:20:13.437,1.1526,1.15264,1.00,2.62
2016.09.06 10:20:13.488,1.1526,1.15264,1.00,3.48
2016.09.06 10:20:13.540,1.1526,1.15263,1.00,1.20
2016.09.06 10:20:13.592,1.15258,1.15263,1.00,1.20
2016.09.06 10:20:13.644,1.1526,1.15261,1.00,1.00
2016.09.06 10:20:13.797,1.15258,1.1526,1.50,1.00
2016.09.06 10:20:13.848,1.15257,1.15259,1.00,1.00
2016.09.06 10:20:13.900,1.15255,1.1526,1.00,1.10
2016.09.06 10:20:13.951,1.15255,1.1526,1.00,1.20
2016.09.06 10:20:14.271,1.15255,1.1526,1.50,1.20
2016.09.06 10:20:14.322,1.15255,1.15261,1.50,3.00
2016.09.06 10:20:14.423,1.15255,1.15261,1.50,4.12
2016.09.06 10:20:14.580,1.15255,1.15261,1.00,4.12
2016.09.06 10:20:14.682,1.15255,1.15261,1.50,4.12
2016.09.06 10:20:14.786,1.15255,1.15261,1.50,3.37
2016.09.06 10:20:14.838,1.15255,1.15261,1.00,4.87
2016.09.06 10:20:14.888,1.15255,1.15259,1.00,1.61
2016.09.06 10:20:14.939,1.15254,1.15258,1.00,1.00
2016.09.06 10:20:15.154,1.15254,1.15258,1.00,1.65
2016.09.06 10:20:15.205,1.15254,1.15258,1.00,1.20
2016.09.06 10:20:15.307,1.15254,1.15258,1.00,1.65
2016.09.06 10:20:15.510,1.15254,1.15258,1.00,2.40
2016.09.06 10:20:15.611,1.15254,1.15257,1.00,1.00
2016.09.06 10:20:16.894,1.15254,1.15257,1.00,1.50
2016.09.06 10:20:18.404,1.15254,1.15257,1.00,1.00
2016.09.06 10:20:20.111,1.15255,1.15258,1.00,2.77
2016.09.06 10:20:20.163,1.15257,1.1526,1.50,3.30
2016.09.06 10:20:20.282,1.15263,1.15265,1.00,1.12
2016.09.06 10:20:20.335,1.15263,1.15266,1.00,2.25
2016.09.06 10:20:20.386,1.15265,1.15269,1.50,1.69
2016.09.06 10:20:20.438,1.15267,1.1527,1.00,3.52
2016.09.06 10:20:20.489,1.15267,1.1527,1.00,2.02
2016.09.06 10:20:20.540,1.15267,1.1527,1.00,1.20
2016.09.06 10:20:20.591,1.15265,1.15267,1.00,1.00
2016.09.06 10:20:20.642,1.15264,1.15265,1.50,1.00
2016.09.06 10:20:20.693,1.15261,1.15264,1.20,1.00
2016.09.06 10:20:20.743,1.1526,1.15264,2.25,1.00
2016.09.06 10:20:20.794,1.1526,1.15265,1.50,3.93
2016.09.06 10:20:20.896,1.1526,1.15265,1.50,4.94
2016.09.06 10:20:20.947,1.1526,1.15265,1.50,6.07
2016.09.06 10:20:20.998,1.1526,1.15264,1.00,1.50
2016.09.06 10:20:21.156,1.15258,1.15264,1.00,1.50
2016.09.06 10:20:21.207,1.15258,1.15263,1.00,1.00
2016.09.06 10:20:21.676,1.1526,1.15263,1.00,1.00
2016.09.06 10:20:21.727,1.15262,1.15264,1.00,1.12
2016.09.06 10:20:21.778,1.15263,1.15265,1.00,1.95
2016.09.06 10:20:21.829,1.15264,1.15267,1.00,1.50
2016.09.06 10:20:21.880,1.15265,1.15268,1.50,1.50
2016.09.06 10:20:21.932,1.15265,1.1527,1.50,4.61
2016.09.06 10:20:21.992,1.15265,1.1527,1.50,2.73
2016.09.06 10:20:22.125,1.15265,1.1527,1.50,2.36
2016.09.06 10:20:22.177,1.15265,1.1527,1.50,1.98
2016.09.06 10:20:22.993,1.15265,1.1527,1.50,1.87
2016.09.06 10:20:23.756,1.15265,1.1527,1.50,1.50
2016.09.06 10:20:23.807,1.15265,1.1527,1.00,2.25
2016.09.06 10:20:23.910,1.15265,1.1527,1.50,3.00
2016.09.06 10:20:23.961,1.15265,1.1527,1.00,2.25
2016.09.06 10:20:24.062,1.15265,1.1527,1.50,3.00
2016.09.06 10:20:24.261,1.15265,1.1527,1.00,2.25
2016.09.06 10:20:24.369,1.15265,1.1527,1.50,3.00
2016.09.06 10:20:24.542,1.15265,1.15269,1.50,1.00
2016.09.06 10:20:25.164,1.15265,1.15269,1.00,1.00
2016.09.06 10:20:25.273,1.15265,1.15269,1.50,1.00
2016.09.06 10:20:25.673,1.15265,1.15269,1.00,1.00
2016.09.06 10:20:25.799,1.15265,1.15269,1.50,1.00
2016.09.06 10:20:26.173,1.15265,1.15269,1.50,2.25
2016.09.06 10:20:27.078,1.15265,1.15269,1.00,2.25
2016.09.06 10:20:28.102,1.15265,1.15268,1.00,1.00
2016.09.06 10:20:28.305,1.15264,1.15269,1.00,3.00
2016.09.06 10:20:28.356,1.15264,1.15268,1.00,1.00
2016.09.06 10:20:28.981,1.15264,1.15267,1.00,1.00
2016.09.06 10:20:29.032,1.15262,1.15265,1.00,1.00
2016.09.06 10:20:29.084,1.15261,1.15265,1.00,1.50
2016.09.06 10:20:29.135,1.15259,1.15264,2.62,1.50
2016.09.06 10:20:29.186,1.1526,1.15264,1.00,1.61
2016.09.06 10:20:29.339,1.1526,1.15264,1.00,2.43
2016.09.06 10:20:29.390,1.15259,1.15264,1.00,3.56
2016.09.06 10:20:29.529,1.15259,1.15262,1.00,1.00
2016.09.06 10:20:31.523,1.15259,1.15262,1.00,1.50
2016.09.06 10:20:31.633,1.15257,1.15262,1.00,1.50
2016.09.06 10:20:31.836,1.15257,1.15261,1.00,1.00
2016.09.06 10:20:32.340,1.15257,1.1526,1.00,1.50
2016.09.06 10:20:32.848,1.15256,1.1526,1.00,1.50
2016.09.06 10:20:32.949,1.15256,1.1526,1.00,1.00
2016.09.06 10:20:33.831,1.15256,1.1526,1.00,1.50
2016.09.06 10:20:35.874,1.15256,1.1526,1.00,1.69
2016.09.06 10:20:36.679,1.15256,1.1526,1.00,2.44
2016.09.06 10:20:36.730,1.15256,1.1526,1.00,1.69
2016.09.06 10:20:36.781,1.15255,1.1526,1.50,2.25
2016.09.06 10:20:36.832,1.15255,1.1526,1.00,2.25
2016.09.06 10:20:36.883,1.15255,1.1526,1.00,1.76
2016.09.06 10:20:36.933,1.15255,1.15259,1.00,1.25
2016.09.06 10:20:37.136,1.15255,1.15259,1.50,1.25
2016.09.06 10:20:37.399,1.15255,1.15259,1.00,1.25
2016.09.06 10:20:37.450,1.15255,1.15256,1.00,1.00
2016.09.06 10:20:38.002,1.15255,1.15257,1.00,1.00
2016.09.06 10:20:38.601,1.15254,1.15257,1.00,1.00
2016.09.06 10:20:39.130,1.15255,1.15257,1.00,1.00
2016.09.06 10:20:39.202,1.15253,1.15257,1.00,1.00
2016.09.06 10:20:39.405,1.15251,1.15255,2.25,1.00
2016.09.06 10:20:39.456,1.15251,1.15255,1.50,1.50
2016.09.06 10:20:39.507,1.1525,1.15253,1.87,1.25
2016.09.06 10:20:39.559,1.1525,1.15253,1.00,2.44
2016.09.06 10:20:39.610,1.15249,1.15253,1.00,3.19
2016.09.06 10:20:39.661,1.15248,1.15252,1.00,1.19
2016.09.06 10:20:39.712,1.15248,1.15252,1.00,1.69
2016.09.06 10:20:39.918,1.15248,1.15252,1.00,1.19
2016.09.06 10:20:40.104,1.15248,1.15249,1.00,1.00
2016.09.06 10:20:40.975,1.15248,1.15251,1.00,1.19
2016.09.06 10:20:41.609,1.15248,1.15251,1.00,1.25
2016.09.06 10:20:43.619,1.15248,1.15251,1.00,1.00
2016.09.06 10:20:44.156,1.1525,1.15252,1.00,1.00
2016.09.06 10:20:44.560,1.15251,1.15254,1.00,1.00
2016.09.06 10:20:45.423,1.15251,1.15254,1.00,1.25
2016.09.06 10:20:45.474,1.15251,1.15253,1.00,1.00
2016.09.06 10:20:45.598,1.1525,1.15253,1.50,1.00
2016.09.06 10:20:45.650,1.1525,1.15253,1.00,1.00
2016.09.06 10:20:45.701,1.15249,1.15253,1.50,1.19
2016.09.06 10:20:45.752,1.15249,1.15252,1.00,1.19
2016.09.06 10:20:45.905,1.15247,1.15252,1.00,1.19
2016.09.06 10:20:46.006,1.15247,1.15252,1.00,1.69
2016.09.06 10:20:46.209,1.15248,1.15252,1.00,1.19
2016.09.06 10:20:46.260,1.15247,1.15252,1.00,1.69
2016.09.06 10:20:46.979,1.15249,1.15252,1.00,1.19
2016.09.06 10:20:47.031,1.15249,1.15253,1.00,1.76
2016.09.06 10:20:47.284,1.15248,1.15253,1.00,2.51
2016.09.06 10:20:47.488,1.15248,1.15253,1.00,2.32
2016.09.06 10:20:47.749,1.15248,1.15253,1.00,1.10
2016.09.06 10:20:47.953,1.15251,1.15254,1.00,1.20
2016.09.06 10:20:48.106,1.15252,1.15254,1.00,1.10
2016.09.06 10:20:48.157,1.15255,1.15258,1.00,1.75
2016.09.06 10:20:48.259,1.15258,1.1526,1.00,1.50
2016.09.06 10:20:48.310,1.15257,1.15259,1.00,1.00
2016.09.06 10:20:48.683,1.15255,1.15259,1.50,1.00
2016.09.06 10:20:48.937,1.15255,1.1526,1.00,2.40
2016.09.06 10:20:49.091,1.15255,1.15259,1.00,1.00
2016.09.06 10:20:49.193,1.15255,1.15259,1.00,2.32
2016.09.06 10:20:49.244,1.15252,1.15258,1.00,1.00
2016.09.06 10:20:49.295,1.15252,1.15258,1.00,1.10
2016.09.06 10:20:49.346,1.15252,1.15258,1.00,1.20
2016.09.06 10:20:49.599,1.15252,1.15258,1.00,3.94
2016.09.06 10:20:49.650,1.1525,1.15257,1.00,4.09
2016.09.06 10:20:49.701,1.1525,1.15257,1.00,5.02
2016.09.06 10:20:49.752,1.1525,1.15255,1.00,1.25
2016.09.06 10:20:49.803,1.1525,1.15255,1.00,2.44
2016.09.06 10:20:49.854,1.1525,1.15255,1.50,3.19
2016.09.06 10:20:50.131,1.1525,1.15255,1.50,3.37
2016.09.06 10:20:50.182,1.1525,1.15255,1.50,3.45
2016.09.06 10:20:50.233,1.1525,1.15255,1.50,3.52
2016.09.06 10:20:50.574,1.15251,1.15255,1.00,2.77
2016.09.06 10:20:50.687,1.1525,1.15255,1.50,3.52
2016.09.06 10:20:50.740,1.1525,1.15255,1.00,2.77
2016.09.06 10:20:50.947,1.1525,1.15255,1.00,2.02
2016.09.06 10:20:50.998,1.1525,1.15255,1.00,1.84
2016.09.06 10:20:51.049,1.15249,1.15255,1.50,1.84
2016.09.06 10:20:51.173,1.15251,1.15255,1.00,1.39
2016.09.06 10:20:51.275,1.15251,1.15255,1.00,1.29
2016.09.06 10:20:51.326,1.15251,1.15255,1.00,1.19
2016.09.06 10:20:53.298,1.15252,1.15255,1.00,1.19
2016.09.06 10:20:53.349,1.15252,1.15258,1.00,4.69
2016.09.06 10:20:54.201,1.15252,1.15258,1.00,5.62
2016.09.06 10:20:54.651,1.15252,1.15257,1.00,1.39
2016.09.06 10:20:54.910,1.15252,1.15257,1.00,1.84
2016.09.06 10:20:55.550,1.15253,1.15257,1.00,1.29
2016.09.06 10:20:55.601,1.15254,1.15258,1.00,2.14
2016.09.06 10:20:55.652,1.15254,1.15258,1.00,1.19
2016.09.06 10:20:55.702,1.15254,1.15258,1.00,1.44
2016.09.06 10:20:55.753,1.15253,1.15258,1.00,1.87
2016.09.06 10:20:55.855,1.15253,1.15258,1.00,1.44
2016.09.06 10:20:56.058,1.15251,1.15258,1.00,3.37
2016.09.06 10:20:56.193,1.1525,1.15255,1.00,1.44
2016.09.06 10:20:56.245,1.1525,1.15255,1.00,1.95
2016.09.06 10:20:56.556,1.1525,1.15254,1.00,1.44
2016.09.06 10:20:56.607,1.1525,1.15254,1.00,1.87
2016.09.06 10:20:56.768,1.1525,1.15254,1.50,1.87
2016.09.06 10:20:57.357,1.1525,1.15254,1.00,1.44
2016.09.06 10:20:57.408,1.15249,1.15254,1.00,1.87
2016.09.06 10:20:57.459,1.15247,1.15254,1.00,1.87
2016.09.06 10:20:58.042,1.15247,1.15254,1.00,2.62
2016.09.06 10:20:58.144,1.15247,1.15254,1.00,1.87
2016.09.06 10:21:00.101,1.15247,1.15252,1.00,1.00
2016.09.06 10:21:00.236,1.15245,1.15252,2.25,1.44
2016.09.06 10:21:00.287,1.15245,1.15252,3.75,1.44
2016.09.06 10:21:00.338,1.15245,1.15252,3.37,1.44
2016.09.06 10:21:00.491,1.15245,1.15252,1.87,1.44
2016.09.06 10:21:00.592,1.15245,1.15252,3.37,1.44
2016.09.06 10:21:00.643,1.15245,1.15252,2.25,1.44
2016.09.06 10:21:00.694,1.15245,1.15252,1.00,1.44
2016.09.06 10:21:00.948,1.15247,1.15251,1.00,1.25
2016.09.06 10:21:01.108,1.15246,1.15251,1.00,1.44
2016.09.06 10:21:01.282,1.15245,1.1525,1.00,1.31
2016.09.06 10:21:01.384,1.15245,1.1525,1.00,2.06
2016.09.06 10:21:01.435,1.15244,1.15249,1.50,2.06
2016.09.06 10:21:01.486,1.15244,1.15248,1.00,1.44
2016.09.06 10:21:01.842,1.15243,1.15248,1.00,1.12
2016.09.06 10:21:04.335,1.1524,1.15247,6.37,1.00
2016.09.06 10:21:04.385,1.1524,1.15247,3.37,1.00
2016.09.06 10:21:04.436,1.1524,1.15247,3.00,1.19
2016.09.06 10:21:04.487,1.1524,1.15247,2.25,1.19
2016.09.06 10:21:04.647,1.1524,1.15247,1.50,1.69
2016.09.06 10:21:04.699,1.1524,1.15247,1.00,1.69
2016.09.06 10:21:04.750,1.1524,1.15247,1.00,2.44
2016.09.06 10:21:04.902,1.1524,1.15247,1.50,2.44
2016.09.06 10:21:04.953,1.1524,1.15247,1.50,1.69
2016.09.06 10:21:05.055,1.1524,1.15247,2.25,1.69
2016.09.06 10:21:05.208,1.15242,1.15247,1.00,1.69
2016.09.06 10:21:05.363,1.15242,1.15247,1.00,1.19
2016.09.06 10:21:05.912,1.15241,1.15246,1.00,1.44
2016.09.06 10:21:08.597,1.1524,1.15245,1.50,1.25
2016.09.06 10:21:08.699,1.1524,1.15245,1.00,1.25
2016.09.06 10:21:08.851,1.1524,1.15245,1.00,1.12
2016.09.06 10:21:09.258,1.15239,1.15244,1.00,1.00
2016.09.06 10:21:09.421,1.15239,1.15244,1.00,1.19
2016.09.06 10:21:10.129,1.1524,1.15245,1.00,1.44
2016.09.06 10:21:10.180,1.1524,1.15245,1.00,1.87
2016.09.06 10:21:10.496,1.1524,1.15245,1.00,1.44
2016.09.06 10:21:12.434,1.1524,1.15245,1.00,1.19
2016.09.06 10:21:13.063,1.15241,1.15246,1.00,2.62
2016.09.06 10:21:13.179,1.15241,1.15245,1.00,1.44
2016.09.06 10:21:13.230,1.15241,1.15245,1.00,1.37
2016.09.06 10:21:14.411,1.15241,1.15245,1.00,1.19
2016.09.06 10:21:16.714,1.1524,1.15245,1.00,1.19
2016.09.06 10:21:16.765,1.1524,1.15245,1.00,1.25
2016.09.06 10:21:16.816,1.15241,1.15246,1.00,1.69
2016.09.06 10:21:16.987,1.15241,1.15246,1.00,1.19
2016.09.06 10:21:17.088,1.15243,1.15248,1.00,2.24
2016.09.06 10:21:17.139,1.15242,1.15247,1.00,1.25
2016.09.06 10:21:17.190,1.15244,1.15249,1.00,2.17
2016.09.06 10:21:17.350,1.15244,1.15249,1.00,1.33
2016.09.06 10:21:17.503,1.15244,1.15248,1.00,1.19
2016.09.06 10:21:18.516,1.15243,1.1525,1.00,3.19
2016.09.06 10:21:18.743,1.15243,1.15248,1.00,1.19
2016.09.06 10:21:20.168,1.15243,1.15248,1.50,1.19
2016.09.06 10:21:20.323,1.15244,1.15249,1.00,1.19
2016.09.06 10:21:20.476,1.15245,1.1525,1.00,2.44
2016.09.06 10:21:20.526,1.15245,1.1525,1.00,1.19
2016.09.06 10:21:20.577,1.15245,1.1525,1.50,1.19
2016.09.06 10:21:20.628,1.15247,1.15252,1.00,3.26
2016.09.06 10:21:20.679,1.15248,1.15252,1.00,1.76
2016.09.06 10:21:20.730,1.15248,1.15252,1.00,1.69
2016.09.06 10:21:21.590,1.15248,1.15252,1.00,2.44
2016.09.06 10:21:21.894,1.15248,1.15252,1.00,1.69
2016.09.06 10:21:22.274,1.15247,1.15251,1.00,1.25
2016.09.06 10:21:22.479,1.15247,1.15252,1.00,1.19
2016.09.06 10:21:22.631,1.15248,1.15253,1.00,1.69
2016.09.06 10:21:22.912,1.15248,1.15253,1.00,1.19
2016.09.06 10:21:24.290,1.15249,1.15254,1.00,1.31
2016.09.06 10:21:24.341,1.15249,1.15254,1.50,1.31
2016.09.06 10:21:24.393,1.15249,1.15255,1.50,1.29
2016.09.06 10:21:24.444,1.15249,1.15255,1.50,1.19
2016.09.06 10:21:26.169,1.15251,1.15255,1.00,1.69
2016.09.06 10:21:26.826,1.15251,1.15255,1.00,2.44
2016.09.06 10:21:27.422,1.1525,1.15255,1.00,2.44
2016.09.06 10:21:28.636,1.1525,1.15255,1.00,2.81
2016.09.06 10:21:28.687,1.1525,1.15255,1.00,2.06
2016.09.06 10:21:28.861,1.15249,1.15254,1.00,1.19
2016.09.06 10:21:29.320,1.15249,1.15254,1.00,1.25
2016.09.06 10:21:29.998,1.15249,1.15254,1.00,1.69
2016.09.06 10:21:33.709,1.15248,1.15253,1.50,1.00
2016.09.06 10:21:33.800,1.15248,1.15253,1.00,2.25
2016.09.06 10:21:33.852,1.15248,1.15253,1.00,2.81
2016.09.06 10:21:33.954,1.15247,1.15252,1.00,1.19
2016.09.06 10:21:35.885,1.15249,1.15254,1.00,1.69
2016.09.06 10:21:35.936,1.15248,1.15253,1.00,1.19
2016.09.06 10:21:35.987,1.15248,1.15253,1.00,1.69
2016.09.06 10:21:36.141,1.15248,1.15253,1.00,1.76
2016.09.06 10:21:36.192,1.15248,1.15253,1.00,2.51
2016.09.06 10:21:36.243,1.15248,1.15253,1.00,2.59
2016.09.06 10:21:36.507,1.15248,1.15253,1.00,1.84
2016.09.06 10:21:36.710,1.15248,1.15253,1.00,2.59
2016.09.06 10:21:38.071,1.15247,1.15252,1.00,1.19
2016.09.06 10:21:38.776,1.15246,1.15251,1.00,1.25
2016.09.06 10:21:40.073,1.15245,1.1525,3.75,1.00
2016.09.06 10:21:40.124,1.15245,1.1525,3.37,1.25
2016.09.06 10:21:40.175,1.15245,1.1525,2.62,1.25
2016.09.06 10:21:40.226,1.15244,1.15249,1.00,1.00
2016.09.06 10:21:40.679,1.15244,1.15249,1.50,1.00
2016.09.06 10:21:40.730,1.15246,1.1525,1.00,1.25
2016.09.06 10:21:40.781,1.15246,1.15251,1.00,1.69
2016.09.06 10:21:40.934,1.15245,1.1525,1.50,1.25
2016.09.06 10:21:40.985,1.15244,1.15249,1.00,1.00
2016.09.06 10:21:41.095,1.15244,1.15249,1.00,1.19
2016.09.06 10:21:41.436,1.15244,1.15249,1.00,1.69
2016.09.06 10:21:41.740,1.15244,1.15249,1.00,1.76
2016.09.06 10:21:41.791,1.15244,1.15249,1.00,2.51
2016.09.06 10:21:42.052,1.15242,1.15249,1.00,2.51
2016.09.06 10:21:42.103,1.15242,1.15247,1.00,1.25
2016.09.06 10:21:43.089,1.15242,1.15247,1.00,1.19
2016.09.06 10:21:43.392,1.15241,1.15246,1.00,1.25
2016.09.06 10:21:43.443,1.15239,1.15246,4.95,1.25
2016.09.06 10:21:43.494,1.15239,1.15246,3.45,1.69
2016.09.06 10:21:43.545,1.15239,1.15246,3.07,1.79
2016.09.06 10:21:43.597,1.15239,1.15245,1.50,1.00
2016.09.06 10:21:43.951,1.15239,1.15246,1.50,1.25
2016.09.06 10:21:44.205,1.1524,1.15246,1.00,1.25
2016.09.06 10:21:44.794,1.15241,1.15246,1.00,1.25
2016.09.06 10:21:47.143,1.15241,1.15248,1.00,2.44
2016.09.06 10:21:47.244,1.15242,1.15248,1.00,1.69
2016.09.06 10:21:47.295,1.15244,1.15248,1.00,1.19
2016.09.06 10:21:47.346,1.15244,1.15248,1.87,1.00
2016.09.06 10:21:47.564,1.15247,1.15251,1.00,1.29
2016.09.06 10:21:47.615,1.15249,1.15252,1.00,1.39
2016.09.06 10:21:47.666,1.15249,1.15254,1.00,2.51
2016.09.06 10:21:47.717,1.15249,1.15254,1.50,1.01
2016.09.06 10:21:47.768,1.15249,1.15254,1.50,1.25
2016.09.06 10:21:47.818,1.15249,1.15254,1.00,1.25
2016.09.06 10:21:48.243,1.15251,1.15255,1.00,2.44
2016.09.06 10:21:48.294,1.15252,1.15255,1.00,1.19
2016.09.06 10:21:48.345,1.15252,1.15256,1.50,1.10
2016.09.06 10:21:48.396,1.15252,1.15256,1.50,1.57
2016.09.06 10:21:48.500,1.15252,1.15256,1.00,1.50
2016.09.06 10:21:49.172,1.15252,1.15256,1.00,1.00
2016.09.06 10:21:49.223,1.1525,1.15256,2.25,1.00
2016.09.06 10:21:49.325,1.1525,1.15257,2.25,1.69
2016.09.06 10:21:49.426,1.1525,1.15257,1.50,1.69
2016.09.06 10:21:49.669,1.1525,1.15257,2.25,1.69
2016.09.06 10:21:49.720,1.1525,1.15257,1.50,1.69
2016.09.06 10:21:49.955,1.1525,1.15257,2.25,1.69
2016.09.06 10:21:50.441,1.1525,1.15257,1.50,1.69
2016.09.06 10:21:50.770,1.1525,1.15257,2.25,1.69
2016.09.06 10:21:50.873,1.1525,1.15257,3.00,1.69
2016.09.06 10:21:50.985,1.1525,1.15257,2.25,1.69
2016.09.06 10:21:51.036,1.15249,1.15255,2.32,1.50
2016.09.06 10:21:51.112,1.15249,1.15254,1.57,1.00
2016.09.06 10:21:51.163,1.15248,1.15254,1.20,1.00
2016.09.06 10:21:51.214,1.15248,1.15254,1.10,1.00
2016.09.06 10:21:51.316,1.15248,1.15254,1.00,1.19
2016.09.06 10:21:51.776,1.15249,1.15254,1.00,1.19
2016.09.06 10:21:51.827,1.15248,1.15253,2.25,1.19
2016.09.06 10:21:51.929,1.15249,1.15253,1.00,1.19
2016.09.06 10:21:52.148,1.15248,1.15253,2.25,1.19
2016.09.06 10:21:52.199,1.15248,1.15253,1.50,1.19
2016.09.06 10:21:52.251,1.15248,1.15253,1.00,1.19
2016.09.06 10:21:52.302,1.15248,1.15253,1.00,2.44
2016.09.06 10:21:52.617,1.15247,1.15252,1.57,1.69
2016.09.06 10:21:52.757,1.15246,1.15252,2.70,1.69
2016.09.06 10:21:52.808,1.15247,1.15252,1.00,1.69
2016.09.06 10:21:52.910,1.15246,1.15251,2.70,1.00
2016.09.06 10:21:52.961,1.15246,1.15251,1.10,1.25
2016.09.06 10:21:53.017,1.15245,1.15251,3.00,1.25
2016.09.06 10:21:53.069,1.15245,1.15251,4.12,1.25
2016.09.06 10:21:53.119,1.15245,1.15251,2.62,1.25
2016.09.06 10:21:53.170,1.15245,1.15251,1.00,1.25
2016.09.06 10:21:53.222,1.15245,1.15251,1.50,1.25
2016.09.06 10:21:53.324,1.15245,1.1525,1.50,1.00
2016.09.06 10:21:53.376,1.15248,1.1525,1.00,1.00
2016.09.06 10:21:53.427,1.15248,1.15253,1.00,1.76
2016.09.06 10:21:53.478,1.15248,1.15253,1.00,1.39
2016.09.06 10:21:53.530,1.15248,1.15253,1.50,1.29
2016.09.06 10:21:53.635,1.15249,1.15254,1.00,1.31
2016.09.06 10:21:53.687,1.15249,1.15254,1.00,1.19
2016.09.06 10:21:54.149,1.15249,1.15254,1.25,1.19
2016.09.06 10:21:54.319,1.1525,1.15254,1.00,1.19
2016.09.06 10:21:54.651,1.1525,1.15254,1.25,1.19
2016.09.06 10:21:54.702,1.1525,1.15255,1.25,1.19
2016.09.06 10:21:54.793,1.1525,1.15257,1.25,3.26
2016.09.06 10:21:54.844,1.15252,1.15257,1.00,1.12
2016.09.06 10:21:54.946,1.15251,1.15257,1.00,1.00
2016.09.06 10:21:54.997,1.15251,1.15257,1.50,1.00
2016.09.06 10:21:55.417,1.15251,1.15257,1.00,1.50
2016.09.06 10:21:55.519,1.1525,1.15255,1.25,1.00
2016.09.06 10:21:55.809,1.1525,1.15255,1.69,1.00
2016.09.06 10:21:59.911,1.15251,1.15255,1.00,1.00
2016.09.06 10:22:00.488,1.15251,1.15254,1.00,1.00
2016.09.06 10:22:00.653,1.15251,1.15254,1.00,1.25
2016.09.06 10:22:01.211,1.1525,1.15254,1.25,1.25
2016.09.06 10:22:01.542,1.1525,1.15253,1.25,1.00
2016.09.06 10:22:01.592,1.15248,1.15252,1.10,1.00
2016.09.06 10:22:01.643,1.15247,1.15252,2.32,1.00
2016.09.06 10:22:01.694,1.15247,1.15251,1.50,1.00
2016.09.06 10:22:01.745,1.15247,1.1525,1.12,1.00
2016.09.06 10:22:01.796,1.15245,1.1525,4.12,1.00
2016.09.06 10:22:01.847,1.15245,1.1525,3.37,1.00
2016.09.06 10:22:01.955,1.15245,1.1525,3.00,1.00
2016.09.06 10:22:02.112,1.15247,1.15252,1.00,1.56
2016.09.06 10:22:02.164,1.15247,1.15252,1.00,1.19
2016.09.06 10:22:02.266,1.15246,1.15251,1.50,1.25
2016.09.06 10:22:02.317,1.15246,1.15251,1.50,1.69
2016.09.06 10:22:02.747,1.15246,1.15251,1.00,1.69
2016.09.06 10:22:03.260,1.15246,1.15251,1.50,1.25
2016.09.06 10:22:03.412,1.15246,1.15251,1.50,1.19
2016.09.06 10:22:03.514,1.15246,1.15251,1.50,1.69
2016.09.06 10:22:03.615,1.15247,1.15251,1.00,1.19
2016.09.06 10:22:03.717,1.15247,1.15252,1.00,2.81
2016.09.06 10:22:03.768,1.15247,1.15252,1.00,3.56
2016.09.06 10:22:03.819,1.15247,1.15252,1.00,2.44
2016.09.06 10:22:03.870,1.15247,1.15252,1.00,2.06
2016.09.06 10:22:03.922,1.15247,1.15252,1.00,1.69
2016.09.06 10:22:04.713,1.15247,1.15252,1.00,2.44
2016.09.06 10:22:06.313,1.15247,1.15252,1.00,3.19
2016.09.06 10:22:06.660,1.15247,1.15252,1.50,1.69
2016.09.06 10:22:07.111,1.15247,1.15252,1.50,2.44
2016.09.06 10:22:07.656,1.15248,1.15252,1.00,1.19
2016.09.06 10:22:07.707,1.15248,1.15252,1.25,1.19
2016.09.06 10:22:07.759,1.15249,1.15252,1.00,1.19
2016.09.06 10:22:07.809,1.15249,1.15254,1.00,1.19
2016.09.06 10:22:07.860,1.15249,1.15254,1.00,1.19
2016.09.06 10:22:07.911,1.15249,1.15254,1.50,1.19
2016.09.06 10:22:08.162,1.15251,1.15255,1.00,2.44
2016.09.06 10:22:08.213,1.15251,1.15255,1.00,1.69
2016.09.06 10:22:08.264,1.15251,1.15255,1.50,1.00
2016.09.06 10:22:08.524,1.15251,1.15256,2.25,1.25
2016.09.06 10:22:12.225,1.15252,1.15257,1.00,1.19
2016.09.06 10:22:12.277,1.15252,1.15257,1.50,1.19
2016.09.06 10:22:12.328,1.15252,1.15257,1.50,1.31
2016.09.06 10:22:12.879,1.15253,1.15258,1.00,2.06
2016.09.06 10:22:12.931,1.15254,1.15258,1.00,1.56
2016.09.06 10:22:13.033,1.15254,1.15259,1.00,4.31
2016.09.06 10:22:13.195,1.15252,1.15259,1.50,4.31
2016.09.06 10:22:13.246,1.15252,1.15258,1.50,1.19
2016.09.06 10:22:13.297,1.15252,1.15258,1.50,1.31
2016.09.06 10:22:13.348,1.15252,1.15258,1.50,1.69
2016.09.06 10:22:13.449,1.15252,1.15258,1.50,2.81
2016.09.06 10:22:14.355,1.15252,1.15258,1.50,1.69
2016.09.06 10:22:19.252,1.15252,1.15258,1.87,1.69
2016.09.06 10:22:19.457,1.15252,1.15258,1.12,1.69
2016.09.06 10:22:20.327,1.15252,1.15258,1.12,2.81
2016.09.06 10:22:20.379,1.15253,1.15258,1.00,2.06
2016.09.06 10:22:20.493,1.15252,1.15258,1.87,2.06
2016.09.06 10:22:20.545,1.15252,1.15258,2.06,2.06
2016.09.06 10:22:20.596,1.15252,1.15258,2.81,2.06
2016.09.06 10:22:20.840,1.15252,1.15258,2.81,1.19
2016.09.06 10:22:21.699,1.15252,1.15259,3.56,2.44
2016.09.06 10:22:21.750,1.15252,1.15259,3.56,1.31
2016.09.06 10:22:22.082,1.15252,1.15255,1.25,1.00
2016.09.06 10:22:22.134,1.15251,1.15255,1.50,1.19
2016.09.06 10:22:22.185,1.15251,1.15255,1.00,1.19
2016.09.06 10:22:22.287,1.1525,1.15256,1.50,1.19
2016.09.06 10:22:22.408,1.1525,1.15255,1.50,1.19
2016.09.06 10:22:22.460,1.1525,1.15255,1.00,1.69
2016.09.06 10:22:23.348,1.15249,1.15255,1.50,1.69
2016.09.06 10:22:23.398,1.1525,1.15255,1.00,1.69
2016.09.06 10:22:27.406,1.1525,1.15255,1.50,1.69
2016.09.06 10:22:27.507,1.1525,1.15255,1.00,1.69
2016.09.06 10:22:27.559,1.1525,1.15254,1.00,1.19
2016.09.06 10:22:27.641,1.1525,1.15254,1.00,1.69
2016.09.06 10:22:27.693,1.1525,1.15254,1.00,2.44
2016.09.06 10:22:27.744,1.15249,1.15253,1.00,1.25
2016.09.06 10:22:27.795,1.15249,1.15253,1.00,1.69
2016.09.06 10:22:27.999,1.15247,1.15252,1.50,1.25
2016.09.06 10:22:28.101,1.15247,1.15252,1.50,1.69
2016.09.06 10:22:28.202,1.15247,1.15252,1.50,1.25
2016.09.06 10:22:29.764,1.15247,1.15253,1.50,1.19
2016.09.06 10:22:29.815,1.15247,1.15253,1.00,1.19
2016.09.06 10:22:29.916,1.15247,1.15253,1.00,1.69
2016.09.06 10:22:30.214,1.15247,1.15252,1.00,1.19
2016.09.06 10:22:30.316,1.15248,1.15253,1.00,2.44
2016.09.06 10:22:30.922,1.15248,1.15253,1.00,1.69
2016.09.06 10:22:30.973,1.1525,1.15253,1.50,1.19
2016.09.06 10:22:31.071,1.15251,1.15254,1.00,1.19
2016.09.06 10:22:31.122,1.15252,1.15256,1.00,1.87
2016.09.06 10:22:31.477,1.15251,1.15256,1.50,1.87
2016.09.06 10:22:31.528,1.15251,1.15256,1.00,1.87
2016.09.06 10:22:31.579,1.15252,1.15256,1.00,1.37
2016.09.06 10:22:31.680,1.15252,1.15256,1.50,1.37
2016.09.06 10:22:31.890,1.15253,1.15256,1.00,1.37
2016.09.06 10:22:31.992,1.15252,1.15256,1.50,1.37
2016.09.06 10:22:32.108,1.15252,1.15257,1.50,1.62
2016.09.06 10:22:32.159,1.15253,1.15258,1.00,1.56
2016.09.06 10:22:32.312,1.15253,1.15258,1.00,1.69
2016.09.06 10:22:32.414,1.15252,1.15257,1.50,1.62
2016.09.06 10:22:32.516,1.15252,1.15257,1.00,1.62
2016.09.06 10:22:33.023,1.15251,1.15257,1.50,1.62
2016.09.06 10:22:33.328,1.15252,1.15257,1.00,1.62
2016.09.06 10:22:33.379,1.15252,1.15257,1.50,1.62
2016.09.06 10:22:33.582,1.15252,1.15256,1.50,1.12
2016.09.06 10:22:33.683,1.15252,1.15256,1.50,1.37
2016.09.06 10:22:33.734,1.15252,1.15256,1.50,1.56
2016.09.06 10:22:33.785,1.15252,1.15256,1.00,1.56
2016.09.06 10:22:33.887,1.15251,1.15256,1.00,1.31
2016.09.06 10:22:33.989,1.15251,1.15256,1.00,2.06
2016.09.06 10:22:34.203,1.15251,1.15256,1.00,3.00
2016.09.06 10:22:34.457,1.15251,1.15256,1.00,4.12
2016.09.06 10:22:35.121,1.1525,1.15255,1.50,1.31
2016.09.06 10:22:35.172,1.1525,1.15255,1.00,1.31
2016.09.06 10:22:36.648,1.1525,1.15255,1.00,1.19
2016.09.06 10:22:36.699,1.1525,1.15255,1.00,1.69
2016.09.06 10:22:36.903,1.15251,1.15256,1.00,2.25
2016.09.06 10:22:36.954,1.15251,1.15256,1.00,3.19
2016.09.06 10:22:37.134,1.15251,1.15255,1.00,1.19
2016.09.06 10:22:37.286,1.15251,1.15256,1.00,3.19
2016.09.06 10:22:37.337,1.15251,1.15256,1.00,2.81
2016.09.06 10:22:37.388,1.15251,1.15256,1.00,1.69
2016.09.06 10:22:38.038,1.15252,1.15256,1.00,1.19
2016.09.06 10:22:38.952,1.15252,1.15257,1.00,1.44
2016.09.06 10:22:39.003,1.15253,1.15257,1.50,1.44
2016.09.06 10:22:39.155,1.15253,1.15258,1.50,1.87
2016.09.06 10:22:39.206,1.15254,1.15258,1.00,1.87
2016.09.06 10:22:39.307,1.15254,1.15257,1.00,1.44
2016.09.06 10:22:39.561,1.15254,1.15257,1.00,1.19
2016.09.06 10:22:39.612,1.15252,1.15257,1.50,1.19
2016.09.06 10:22:39.764,1.15252,1.15257,1.00,1.19
2016.09.06 10:22:39.815,1.15252,1.15257,1.00,1.69
2016.09.06 10:22:39.866,1.15252,1.15257,1.00,1.69
2016.09.06 10:22:40.019,1.15252,1.15257,1.50,1.19
2016.09.06 10:22:40.270,1.15252,1.15256,1.00,1.25
2016.09.06 10:22:40.321,1.15251,1.15256,2.25,1.69
2016.09.06 10:22:40.373,1.15251,1.15254,1.50,1.19
2016.09.06 10:22:40.424,1.1525,1.15254,2.25,1.19
2016.09.06 10:22:40.474,1.15249,1.15253,2.32,1.69
2016.09.06 10:22:40.525,1.15249,1.15253,1.10,1.69
2016.09.06 10:22:40.576,1.1525,1.15253,1.00,1.25
2016.09.06 10:22:40.882,1.1525,1.15252,1.00,1.00
2016.09.06 10:22:40.984,1.15251,1.15254,1.00,1.31
2016.09.06 10:22:41.154,1.15251,1.15254,1.00,1.19
2016.09.06 10:22:41.371,1.15251,1.15255,1.00,3.56
2016.09.06 10:22:41.523,1.15252,1.15255,1.00,2.44
2016.09.06 10:22:41.574,1.15252,1.15255,1.00,1.19
2016.09.06 10:22:42.271,1.15251,1.15252,1.00,1.00
2016.09.06 10:22:42.322,1.15249,1.15251,1.00,1.00
2016.09.06 10:22:42.373,1.15247,1.15251,1.57,1.25
2016.09.06 10:22:42.424,1.15247,1.15251,1.50,1.25
2016.09.06 10:22:42.476,1.15247,1.15251,1.00,1.69
2016.09.06 10:22:42.527,1.15247,1.1525,1.00,1.19
2016.09.06 10:22:42.578,1.15246,1.1525,1.00,1.69
2016.09.06 10:22:42.629,1.15245,1.1525,1.50,2.06
2016.09.06 10:22:42.680,1.15243,1.15248,1.87,1.19
2016.09.06 10:22:42.731,1.15243,1.15248,1.12,1.69
2016.09.06 10:22:42.781,1.15243,1.15248,1.12,2.44
2016.09.06 10:22:42.934,1.15243,1.15248,1.00,2.44
2016.09.06 10:22:43.123,1.15243,1.15248,1.00,2.81
2016.09.06 10:22:43.174,1.15243,1.15247,1.00,1.19
2016.09.06 10:22:44.904,1.15243,1.15248,1.00,3.19
2016.09.06 10:22:47.039,1.15244,1.15248,1.00,3.19
2016.09.06 10:22:47.191,1.15244,1.15247,1.00,1.19
2016.09.06 10:22:47.939,1.15243,1.15246,1.00,1.25
2016.09.06 10:22:48.041,1.15242,1.15245,1.00,1.00
2016.09.06 10:22:48.194,1.15244,1.15248,1.00,3.00
2016.09.06 10:22:48.245,1.15244,1.15248,1.00,2.62
2016.09.06 10:22:48.297,1.15244,1.15249,1.00,1.47
2016.09.06 10:22:48.348,1.15244,1.15249,1.50,1.47
2016.09.06 10:22:48.399,1.15246,1.15249,1.00,1.37
2016.09.06 10:22:48.501,1.15246,1.1525,1.00,1.87
2016.09.06 10:22:48.552,1.15246,1.1525,1.00,1.50
2016.09.06 10:22:48.603,1.15246,1.1525,1.00,1.37
2016.09.06 10:22:48.713,1.15246,1.15251,1.00,1.65
2016.09.06 10:22:48.764,1.15246,1.1525,1.00,1.50
2016.09.06 10:22:48.867,1.15246,1.1525,1.00,2.25
2016.09.06 10:22:49.180,1.15246,1.1525,1.00,1.44
2016.09.06 10:22:49.446,1.15246,1.15251,1.00,2.40
2016.09.06 10:22:49.497,1.15246,1.15251,1.00,1.57
2016.09.06 10:22:49.882,1.15247,1.15252,1.00,6.00
2016.09.06 10:22:49.983,1.15247,1.15252,1.00,6.37
2016.09.06 10:22:50.034,1.15247,1.15252,1.00,6.00
2016.09.06 10:22:50.136,1.15247,1.15252,1.00,5.62
2016.09.06 10:22:50.238,1.15247,1.15252,1.00,4.87
2016.09.06 10:22:50.288,1.15248,1.15252,1.00,3.56
2016.09.06 10:22:50.390,1.15248,1.15252,1.00,3.75
2016.09.06 10:22:50.441,1.15248,1.15252,1.00,3.37
2016.09.06 10:22:50.492,1.15248,1.15252,1.00,3.00
2016.09.06 10:22:50.644,1.15249,1.15252,1.00,1.87
2016.09.06 10:22:51.614,1.1525,1.15252,1.00,1.44
2016.09.06 10:22:51.888,1.15249,1.15252,1.00,1.37
2016.09.06 10:22:52.246,1.1525,1.15254,1.00,3.00
2016.09.06 10:22:52.304,1.15251,1.15254,1.00,2.62
2016.09.06 10:22:52.356,1.15252,1.15254,1.00,1.87
2016.09.06 10:22:52.407,1.15252,1.15255,1.00,1.95
2016.09.06 10:22:52.457,1.15253,1.15255,1.00,1.25
2016.09.06 10:22:52.711,1.15254,1.15256,1.00,1.25
2016.09.06 10:22:52.813,1.15254,1.15256,1.00,1.19
2016.09.06 10:22:52.864,1.15254,1.15257,1.00,2.14
2016.09.06 10:22:52.915,1.15255,1.15258,1.00,1.56
2016.09.06 10:22:52.966,1.15256,1.15258,1.00,1.25
2016.09.06 10:22:53.293,1.15257,1.1526,1.00,2.89
2016.09.06 10:22:54.640,1.15256,1.15259,1.00,1.19
2016.09.06 10:22:55.166,1.15257,1.15259,1.00,1.19
2016.09.06 10:22:55.218,1.15258,1.15259,1.00,1.00
2016.09.06 10:22:55.368,1.15256,1.15259,1.00,1.00
2016.09.06 10:22:55.419,1.15256,1.15257,1.00,1.00
2016.09.06 10:22:55.829,1.15256,1.15258,1.00,1.25
2016.09.06 10:22:56.033,1.15255,1.15258,1.50,1.25
2016.09.06 10:22:56.156,1.15255,1.15256,1.50,1.00
2016.09.06 10:22:56.207,1.15254,1.15256,1.00,1.25
2016.09.06 10:22:56.259,1.15254,1.15256,1.50,1.19
2016.09.06 10:22:56.310,1.15253,1.15256,1.00,1.19
2016.09.06 10:22:56.463,1.15253,1.15256,1.00,1.87
2016.09.06 10:22:56.514,1.15253,1.15255,1.00,1.25
2016.09.06 10:22:56.565,1.15253,1.15256,1.00,2.25
2016.09.06 10:22:56.616,1.15253,1.15256,1.00,3.00
2016.09.06 10:22:56.666,1.15253,1.15256,1.00,5.25
2016.09.06 10:22:56.768,1.15251,1.15254,1.50,1.19
2016.09.06 10:22:56.870,1.15252,1.15254,1.00,1.19
2016.09.06 10:22:57.186,1.15253,1.15254,1.00,1.25
2016.09.06 10:22:57.237,1.15252,1.15256,1.00,3.37
2016.09.06 10:22:57.289,1.15253,1.15256,1.00,2.06
2016.09.06 10:22:57.340,1.15253,1.15256,1.00,1.69
2016.09.06 10:22:58.242,1.15253,1.15255,1.00,1.19
2016.09.06 10:22:59.324,1.15252,1.15255,1.00,1.19
2016.09.06 10:22:59.646,1.15254,1.15255,1.00,1.25
2016.09.06 10:22:59.848,1.15254,1.15256,1.00,1.69
2016.09.06 10:23:00.001,1.15255,1.15256,1.50,1.69
2016.09.06 10:23:00.141,1.15255,1.15256,1.50,1.25
2016.09.06 10:23:00.191,1.15255,1.15259,1.50,5.40
2016.09.06 10:23:00.293,1.15256,1.15259,1.00,5.40
2016.09.06 10:23:00.799,1.15255,1.15259,1.00,5.40
2016.09.06 10:23:00.952,1.15256,1.15259,1.00,4.27
2016.09.06 10:23:01.002,1.15256,1.15259,1.00,3.34
2016.09.06 10:23:01.116,1.15257,1.15259,1.00,1.39
2016.09.06 10:23:01.195,1.15258,1.1526,1.00,1.19
2016.09.06 10:23:01.399,1.15258,1.1526,1.00,1.00
2016.09.06 10:23:02.180,1.15257,1.1526,1.00,1.00
2016.09.06 10:23:02.341,1.15257,1.15258,1.00,1.00
2016.09.06 10:23:02.647,1.15255,1.15258,1.50,1.00
2016.09.06 10:23:02.901,1.15255,1.15258,1.00,1.00
2016.09.06 10:23:03.001,1.15255,1.15258,1.50,1.00
2016.09.06 10:23:03.356,1.15255,1.15256,1.50,1.00
2016.09.06 10:23:03.407,1.15255,1.15256,1.00,1.00
2016.09.06 10:23:03.610,1.15254,1.15256,1.50,1.00
2016.09.06 10:23:03.712,1.15255,1.15256,1.00,1.00
2016.09.06 10:23:04.242,1.15254,1.15256,1.50,1.00
2016.09.06 10:23:04.446,1.15255,1.15256,1.00,1.00
2016.09.06 10:23:04.712,1.15254,1.15256,1.50,1.00
2016.09.06 10:23:04.815,1.15255,1.15256,1.00,1.00
2016.09.06 10:23:05.317,1.15254,1.15256,1.50,1.00
2016.09.06 10:23:05.462,1.15254,1.15256,1.00,1.00
2016.09.06 10:23:05.515,1.15251,1.15253,1.50,1.00
2016.09.06 10:23:05.567,1.15251,1.15252,1.00,1.00
2016.09.06 10:23:05.669,1.15252,1.15254,1.00,1.00
2016.09.06 10:23:05.720,1.15252,1.15254,1.00,1.50
2016.09.06 10:23:06.127,1.15252,1.15254,1.00,1.00
2016.09.06 10:23:06.550,1.15254,1.15255,1.00,1.00
2016.09.06 10:23:06.819,1.15255,1.15256,1.50,1.00
2016.09.06 10:23:06.920,1.15255,1.15256,1.00,1.00
2016.09.06 10:23:07.126,1.15254,1.15255,1.00,1.00
2016.09.06 10:23:07.227,1.15253,1.15255,1.00,1.00
2016.09.06 10:23:07.688,1.15252,1.15253,1.00,1.00
2016.09.06 10:23:08.195,1.15251,1.15252,1.00,1.00
2016.09.06 10:23:08.499,1.15252,1.15255,1.00,2.25
2016.09.06 10:23:08.579,1.15251,1.15252,1.00,1.00
2016.09.06 10:23:08.631,1.1525,1.15254,1.50,1.50
2016.09.06 10:23:08.682,1.1525,1.15253,1.00,1.00
2016.09.06 10:23:08.733,1.1525,1.15253,1.50,1.00
2016.09.06 10:23:08.835,1.1525,1.15253,1.00,1.00
2016.09.06 10:23:09.056,1.15249,1.1525,1.00,1.00
2016.09.06 10:23:09.158,1.15248,1.1525,1.00,1.00
2016.09.06 10:23:09.989,1.15248,1.15252,1.00,1.50
2016.09.06 10:23:10.315,1.15249,1.15252,1.00,2.25
2016.09.06 10:23:10.366,1.1525,1.15252,1.00,1.50
2016.09.06 10:23:10.468,1.15252,1.15254,1.00,1.65
2016.09.06 10:23:10.520,1.15252,1.15254,1.00,1.57
2016.09.06 10:23:10.579,1.15252,1.15254,1.00,1.50
2016.09.06 10:23:10.631,1.15251,1.15253,1.00,1.00
2016.09.06 10:23:11.141,1.15252,1.15253,1.00,1.00
2016.09.06 10:23:11.684,1.15252,1.15254,1.00,1.00
2016.09.06 10:23:12.291,1.15252,1.15254,1.00,1.00
2016.09.06 10:23:12.342,1.1525,1.15254,1.00,1.00
2016.09.06 10:23:12.392,1.1525,1.15252,1.00,1.50
2016.09.06 10:23:12.539,1.1525,1.15252,1.50,1.50
2016.09.06 10:23:12.693,1.1525,1.15252,1.50,1.00
2016.09.06 10:23:12.744,1.1525,1.15252,1.00,1.00
2016.09.06 10:23:12.932,1.1525,1.15252,1.50,1.00
2016.09.06 10:23:13.048,1.1525,1.15252,1.00,1.00
2016.09.06 10:23:13.766,1.1525,1.15252,1.50,1.00
2016.09.06 10:23:14.485,1.1525,1.15252,1.00,1.00
2016.09.06 10:23:14.536,1.1525,1.15252,1.50,1.00
2016.09.06 10:23:14.921,1.1525,1.15252,1.87,1.00
2016.09.06 10:23:14.973,1.1525,1.15254,2.62,1.50
2016.09.06 10:23:15.024,1.15252,1.15254,1.00,1.50
2016.09.06 10:23:15.075,1.15255,1.15256,1.00,1.95
2016.09.06 10:23:15.166,1.15254,1.15255,1.00,1.00
2016.09.06 10:23:15.217,1.15254,1.15255,1.00,1.00
2016.09.06 10:23:15.269,1.15253,1.15255,1.00,1.00
2016.09.06 10:23:15.320,1.15252,1.15255,1.00,1.50
2016.09.06 10:23:15.371,1.15252,1.15254,1.00,1.00
2016.09.06 10:23:15.524,1.15251,1.15254,1.00,1.50
2016.09.06 10:23:15.575,1.1525,1.15253,1.00,1.00
2016.09.06 10:23:15.626,1.15251,1.15253,1.00,1.50
2016.09.06 10:23:15.728,1.15251,1.15253,1.00,1.00
2016.09.06 10:23:15.880,1.15253,1.15256,1.00,2.44
2016.09.06 10:23:15.966,1.15253,1.15256,1.00,2.25
2016.09.06 10:23:16.017,1.15254,1.15256,1.00,1.50
2016.09.06 10:23:16.119,1.15254,1.15256,1.00,1.00
2016.09.06 10:23:16.271,1.15255,1.15259,1.00,3.90
2016.09.06 10:23:16.322,1.15257,1.1526,1.00,3.94
2016.09.06 10:23:16.374,1.15257,1.1526,1.00,2.62
2016.09.06 10:23:16.425,1.15258,1.1526,1.00,1.00
2016.09.06 10:23:16.527,1.15258,1.1526,1.00,1.00
2016.09.06 10:23:16.578,1.1526,1.15262,1.00,1.12
2016.09.06 10:23:16.846,1.15261,1.15263,1.00,1.00
2016.09.06 10:23:16.999,1.15261,1.15264,1.00,1.00
2016.09.06 10:23:17.101,1.1526,1.15262,1.00,1.00
2016.09.06 10:23:17.152,1.15261,1.15262,1.00,1.00
2016.09.06 10:23:17.625,1.1526,1.15261,1.50,1.00
2016.09.06 10:23:17.879,1.1526,1.15261,1.00,1.00
2016.09.06 10:23:17.930,1.1526,1.15261,1.50,1.00
2016.09.06 10:23:17.981,1.15259,1.15262,1.00,1.00
2016.09.06 10:23:18.032,1.15258,1.15262,1.00,1.50
2016.09.06 10:23:18.083,1.15261,1.15263,1.00,3.07
2016.09.06 10:23:18.134,1.15261,1.15263,1.00,1.57
2016.09.06 10:23:18.185,1.15261,1.15263,1.00,1.12
2016.09.06 10:23:18.236,1.15261,1.15263,1.00,1.00
2016.09.06 10:23:18.287,1.15257,1.15259,1.50,3.37
2016.09.06 10:23:18.338,1.15256,1.15257,2.25,1.00
2016.09.06 10:23:18.389,1.15255,1.15257,1.00,1.00
2016.09.06 10:23:18.456,1.15254,1.15257,1.00,1.56
2016.09.06 10:23:18.507,1.15249,1.15251,3.37,1.00
2016.09.06 10:23:18.558,1.15248,1.15251,1.00,1.50
2016.09.06 10:23:18.609,1.15246,1.15248,1.12,1.00
2016.09.06 10:23:18.660,1.15246,1.15247,1.00,1.00
2016.09.06 10:23:18.711,1.15248,1.1525,1.00,1.00
2016.09.06 10:23:18.915,1.15249,1.15253,1.00,1.69
2016.09.06 10:23:18.966,1.15249,1.15253,1.00,2.06
2016.09.06 10:23:19.017,1.15249,1.15253,1.00,2.44
2016.09.06 10:23:19.119,1.15249,1.15253,1.00,2.06
2016.09.06 10:23:19.291,1.15249,1.15253,1.00,3.56
2016.09.06 10:23:19.399,1.15248,1.15251,1.00,1.69
2016.09.06 10:23:19.501,1.15247,1.15249,1.00,1.00
2016.09.06 10:23:19.603,1.15244,1.15246,1.00,1.50
2016.09.06 10:23:19.654,1.15243,1.15246,1.50,1.00
2016.09.06 10:23:19.705,1.15242,1.15246,1.00,2.44
2016.09.06 10:23:19.756,1.15243,1.15246,1.00,3.64
2016.09.06 10:23:19.807,1.15243,1.15245,1.00,1.00
2016.09.06 10:23:19.960,1.15243,1.15246,1.00,1.76
2016.09.06 10:23:20.073,1.15244,1.15247,1.00,1.01
2016.09.06 10:23:20.174,1.15244,1.15247,1.00,1.25
2016.09.06 10:23:20.531,1.15245,1.15248,1.00,1.29
2016.09.06 10:23:20.684,1.15243,1.15247,1.00,1.69
2016.09.06 10:23:20.735,1.15244,1.15247,1.00,1.76
2016.09.06 10:23:20.787,1.15241,1.15244,1.00,1.25
2016.09.06 10:23:20.889,1.15241,1.15244,1.00,1.19
2016.09.06 10:23:21.102,1.15241,1.15244,1.00,1.69
2016.09.06 10:23:21.204,1.15241,1.15244,1.00,1.19
2016.09.06 10:23:21.255,1.15242,1.15244,1.00,1.25
2016.09.06 10:23:21.306,1.1524,1.15245,1.87,1.76
2016.09.06 10:23:21.357,1.15243,1.15245,1.00,1.00
2016.09.06 10:23:21.425,1.15245,1.15249,1.00,1.94
2016.09.06 10:23:21.476,1.15247,1.15249,1.00,1.19
2016.09.06 10:23:21.680,1.15247,1.1525,1.00,1.31
2016.09.06 10:23:21.740,1.15247,1.1525,1.00,1.31
2016.09.06 10:23:21.792,1.15247,1.1525,1.00,2.81
2016.09.06 10:23:21.843,1.15247,1.1525,1.00,2.06
2016.09.06 10:23:21.944,1.15246,1.1525,1.00,2.06
2016.09.06 10:23:21.996,1.15249,1.15251,1.00,1.69
2016.09.06 10:23:22.103,1.15249,1.15253,1.00,3.26
2016.09.06 10:23:22.154,1.15251,1.15253,1.00,1.76
2016.09.06 10:23:22.258,1.15251,1.15253,1.00,1.69
2016.09.06 10:23:22.309,1.15252,1.15253,1.00,1.25
2016.09.06 10:23:22.956,1.15251,1.15253,1.00,1.19
2016.09.06 10:23:23.362,1.15249,1.15253,1.69,1.19
2016.09.06 10:23:23.414,1.15253,1.15256,1.50,3.19
2016.09.06 10:23:23.465,1.15255,1.15257,1.00,3.19
2016.09.06 10:23:23.517,1.15256,1.15257,1.00,1.12
2016.09.06 10:23:23.569,1.15257,1.1526,1.00,3.34
2016.09.06 10:23:23.619,1.15257,1.1526,1.00,1.84
2016.09.06 10:23:23.675,1.15257,1.15261,1.00,3.94
2016.09.06 10:23:23.726,1.15258,1.15261,1.00,3.19
2016.09.06 10:23:23.828,1.15258,1.15261,1.00,2.06
2016.09.06 10:23:23.879,1.15258,1.15261,1.00,1.69
2016.09.06 10:23:24.082,1.15258,1.15261,1.00,1.50
2016.09.06 10:23:24.133,1.15258,1.15262,1.00,1.69
2016.09.06 10:23:24.235,1.15259,1.15262,1.00,1.25
2016.09.06 10:23:24.539,1.15259,1.15262,1.00,1.25
2016.09.06 10:23:25.120,1.15259,1.15263,1.00,1.69
2016.09.06 10:23:25.792,1.15259,1.15262,1.00,1.25
2016.09.06 10:23:27.523,1.15258,1.15263,1.00,2.06
2016.09.06 10:23:27.575,1.1526,1.15263,1.00,2.06
2016.09.06 10:23:27.626,1.15261,1.15264,1.00,1.76
2016.09.06 10:23:27.728,1.15262,1.15265,1.00,2.81
2016.09.06 10:23:27.780,1.15263,1.15265,1.00,2.06
2016.09.06 10:23:27.831,1.15263,1.15265,1.50,1.50
2016.09.06 10:23:27.882,1.15264,1.15266,1.00,2.62
2016.09.06 10:23:27.933,1.15264,1.15266,1.00,1.50
2016.09.06 10:23:27.984,1.15264,1.15266,1.50,1.87
2016.09.06 10:23:28.126,1.15264,1.15266,1.50,1.31
2016.09.06 10:23:28.380,1.15264,1.15266,1.50,1.31
2016.09.06 10:23:28.431,1.15264,1.15266,1.50,1.19
2016.09.06 10:23:28.533,1.15264,1.15267,1.50,1.56
2016.09.06 10:23:28.585,1.15264,1.15267,1.50,1.31
2016.09.06 10:23:28.687,1.15263,1.15267,1.00,1.31
2016.09.06 10:23:28.738,1.15263,1.15265,1.00,1.00
2016.09.06 10:23:28.840,1.15263,1.15266,1.00,1.25
2016.09.06 10:23:28.891,1.15263,1.15266,1.00,1.25
2016.09.06 10:23:28.941,1.15263,1.15265,1.00,1.00
2016.09.06 10:23:29.127,1.15263,1.15265,1.00,1.25
2016.09.06 10:23:29.644,1.15264,1.15266,1.00,1.69
2016.09.06 10:23:29.746,1.15264,1.15266,1.00,1.25
2016.09.06 10:23:30.130,1.15264,1.15266,1.00,1.19
2016.09.06 10:23:30.181,1.15265,1.15267,1.00,1.25
2016.09.06 10:23:30.232,1.15265,1.15267,1.00,1.69
2016.09.06 10:23:30.805,1.15264,1.15267,1.50,1.69
2016.09.06 10:23:30.856,1.15264,1.15267,2.25,1.69
2016.09.06 10:23:30.958,1.15265,1.15267,1.00,1.69
2016.09.06 10:23:31.110,1.15266,1.15267,1.00,1.25
2016.09.06 10:23:31.490,1.15265,1.15267,1.00,1.69
2016.09.06 10:23:31.748,1.15265,1.15266,1.50,1.00
2016.09.06 10:23:31.800,1.15265,1.15266,1.00,1.25
2016.09.06 10:23:31.851,1.15264,1.15266,1.00,1.69
2016.09.06 10:23:32.055,1.15263,1.15265,1.00,1.25
2016.09.06 10:23:32.106,1.15261,1.15265,1.00,1.25
2016.09.06 10:23:32.157,1.15261,1.15264,1.00,1.50
2016.09.06 10:23:32.267,1.15261,1.15263,1.00,1.00
2016.09.06 10:23:32.318,1.15259,1.15261,1.50,1.00
2016.09.06 10:23:32.420,1.15259,1.1526,1.00,1.00
2016.09.06 10:23:32.522,1.15261,1.15262,1.00,1.00
2016.09.06 10:23:32.574,1.1526,1.15262,1.00,1.25
2016.09.06 10:23:32.625,1.15261,1.15264,1.00,1.19
2016.09.06 10:23:32.779,1.15262,1.15264,1.00,1.25
2016.09.06 10:23:32.830,1.15263,1.15265,1.00,1.25
2016.09.06 10:23:32.932,1.15262,1.15265,1.00,1.69
2016.09.06 10:23:33.737,1.15262,1.15265,1.00,1.31
2016.09.06 10:23:33.839,1.15262,1.15265,1.00,1.19
2016.09.06 10:23:34.370,1.15262,1.15265,1.00,1.19
2016.09.06 10:23:38.258,1.15263,1.15265,1.00,1.00
2016.09.06 10:23:39.861,1.15264,1.15266,1.00,1.57
2016.09.06 10:23:39.963,1.15264,1.15266,1.00,1.12
2016.09.06 10:23:40.014,1.15264,1.15266,1.00,1.00
2016.09.06 10:23:40.166,1.15266,1.15268,1.00,1.00
2016.09.06 10:23:40.268,1.15265,1.15268,1.00,1.00
2016.09.06 10:23:40.836,1.15266,1.15268,1.00,1.00
2016.09.06 10:23:40.988,1.15266,1.15268,1.00,1.00
2016.09.06 10:23:41.046,1.15265,1.15267,1.00,1.00
2016.09.06 10:23:41.382,1.15265,1.15267,1.50,1.00
2016.09.06 10:23:41.610,1.15266,1.15267,1.00,1.00
2016.09.06 10:23:45.766,1.15268,1.15271,1.00,3.45
2016.09.06 10:23:45.868,1.15268,1.15271,1.00,2.32
2016.09.06 10:23:45.919,1.15268,1.15271,1.00,1.50
2016.09.06 10:23:46.098,1.15268,1.15271,1.00,1.00
2016.09.06 10:23:46.521,1.15269,1.15271,1.00,1.00
2016.09.06 10:23:46.572,1.15268,1.15271,1.00,1.87
2016.09.06 10:23:46.775,1.15266,1.15268,1.00,1.00
2016.09.06 10:23:46.979,1.15266,1.1527,1.00,1.37
2016.09.06 10:23:47.030,1.15266,1.1527,1.00,2.62
2016.09.06 10:23:47.132,1.15266,1.1527,1.00,3.00
2016.09.06 10:23:47.193,1.15266,1.15268,1.00,1.00
2016.09.06 10:23:47.244,1.15266,1.15268,1.00,1.37
2016.09.06 10:23:47.295,1.15265,1.15268,1.00,1.87
2016.09.06 10:23:47.397,1.15265,1.15268,1.50,1.87
2016.09.06 10:23:47.447,1.15265,1.15268,1.50,1.50
2016.09.06 10:23:47.720,1.15265,1.15268,1.00,1.50
2016.09.06 10:23:47.780,1.15265,1.15268,1.00,1.00
2016.09.06 10:23:47.831,1.15265,1.15268,1.00,1.50
2016.09.06 10:23:47.882,1.15266,1.15268,1.00,1.00
2016.09.06 10:23:47.933,1.15266,1.15269,1.00,1.87
2016.09.06 10:23:47.984,1.15267,1.15269,1.00,1.00
2016.09.06 10:23:48.411,1.15269,1.1527,1.00,1.00
2016.09.06 10:23:48.463,1.1527,1.15272,1.00,1.50
2016.09.06 10:23:48.514,1.1527,1.15273,1.00,3.26
2016.09.06 10:23:48.565,1.1527,1.15272,1.00,1.12
2016.09.06 10:23:48.622,1.15269,1.15272,1.50,1.12
2016.09.06 10:23:48.685,1.1527,1.15272,1.00,1.12
2016.09.06 10:23:48.736,1.1527,1.15272,1.50,1.12
2016.09.06 10:23:48.787,1.1527,1.15272,1.50,1.00
2016.09.06 10:23:48.838,1.1527,1.15271,1.50,1.00
2016.09.06 10:23:49.243,1.1527,1.15271,1.00,1.00
2016.09.06 10:23:49.345,1.1527,1.15271,1.50,1.00
2016.09.06 10:23:49.395,1.1527,1.15271,1.00,1.00
2016.09.06 10:23:49.447,1.15268,1.15271,1.00,1.00
2016.09.06 10:23:49.754,1.15267,1.15268,1.00,1.00
2016.09.06 10:23:49.856,1.15266,1.15267,1.00,1.00
2016.09.06 10:23:50.161,1.15265,1.15267,1.00,1.00
2016.09.06 10:23:50.264,1.15265,1.15266,1.00,1.00
2016.09.06 10:23:50.315,1.15264,1.15266,1.50,1.00
2016.09.06 10:23:50.366,1.15263,1.15266,1.00,1.12
2016.09.06 10:23:50.469,1.15263,1.15265,1.00,1.00
2016.09.06 10:23:50.773,1.15263,1.15265,1.00,1.50
2016.09.06 10:23:50.943,1.15263,1.15265,1.00,2.25
2016.09.06 10:23:51.045,1.15263,1.15265,1.00,1.50
2016.09.06 10:23:51.580,1.15262,1.15265,1.00,1.69
2016.09.06 10:23:52.341,1.15263,1.15265,1.00,1.19
2016.09.06 10:23:52.885,1.15263,1.15266,1.00,1.19
2016.09.06 10:23:53.383,1.15263,1.15266,1.00,1.69
2016.09.06 10:23:53.648,1.15263,1.15265,1.00,1.25
2016.09.06 10:23:54.105,1.15263,1.15265,1.00,1.19
2016.09.06 10:23:54.206,1.15263,1.15265,1.00,1.25
2016.09.06 10:23:54.257,1.15264,1.15266,1.50,1.25
2016.09.06 10:23:54.308,1.15266,1.15268,1.00,3.64
2016.09.06 10:23:54.359,1.15266,1.15267,1.00,1.00
2016.09.06 10:23:54.411,1.15266,1.15268,1.00,1.69
2016.09.06 10:23:54.462,1.15266,1.15268,1.00,1.00
2016.09.06 10:23:54.795,1.15268,1.15269,1.00,1.00
2016.09.06 10:23:55.003,1.15268,1.15271,1.00,1.69
2016.09.06 10:23:55.257,1.15268,1.1527,1.00,1.00
2016.09.06 10:23:55.609,1.15267,1.15268,1.00,1.00
2016.09.06 10:23:56.057,1.15267,1.15271,1.00,1.69
2016.09.06 10:23:56.261,1.15268,1.15272,1.00,1.29
2016.09.06 10:23:56.312,1.15268,1.15273,1.00,3.26
2016.09.06 10:23:56.363,1.15268,1.15273,1.00,1.76
2016.09.06 10:23:56.465,1.15268,1.15273,1.00,1.69
2016.09.06 10:23:56.947,1.15268,1.15273,1.00,1.19
2016.09.06 10:23:57.100,1.15271,1.15273,1.00,1.00
2016.09.06 10:23:57.799,1.15269,1.15271,1.50,1.00
2016.09.06 10:23:57.952,1.15271,1.15272,1.00,1.00
2016.09.06 10:23:58.239,1.15271,1.15275,1.00,1.19
2016.09.06 10:23:58.392,1.1527,1.15275,1.50,1.69
2016.09.06 10:23:58.494,1.1527,1.15273,1.50,1.25
2016.09.06 10:23:58.595,1.1527,1.15273,1.00,1.25
2016.09.06 10:23:58.798,1.1527,1.15274,1.50,1.19
2016.09.06 10:23:58.932,1.15269,1.15273,1.00,1.25
2016.09.06 10:23:58.983,1.15269,1.15273,1.00,1.69
2016.09.06 10:23:59.084,1.15269,1.15273,1.00,1.25
2016.09.06 10:23:59.135,1.15269,1.15273,1.25,1.25
2016.09.06 10:23:59.186,1.15269,1.15275,1.25,1.69
2016.09.06 10:23:59.237,1.15271,1.15275,1.00,1.69
2016.09.06 10:23:59.288,1.15271,1.15275,1.00,1.19
2016.09.06 10:23:59.457,1.1527,1.15272,1.50,1.00
2016.09.06 10:23:59.610,1.1527,1.15271,1.00,1.00
2016.09.06 10:23:59.661,1.15269,1.15271,1.00,1.00
2016.09.06 10:23:59.762,1.15269,1.15274,1.00,3.94
2016.09.06 10:23:59.813,1.15269,1.15274,1.00,4.69
2016.09.06 10:23:59.992,1.15269,1.15274,1.00,4.31
2016.09.06 10:24:00.043,1.1527,1.15274,1.00,1.25
2016.09.06 10:24:00.145,1.15271,1.15274,1.25,1.25
2016.09.06 10:24:00.247,1.15271,1.15274,1.19,1.25
2016.09.06 10:24:00.551,1.15272,1.15274,1.25,1.25
2016.09.06 10:24:00.602,1.15273,1.15277,1.00,3.34
2016.09.06 10:24:00.653,1.15273,1.15277,1.19,2.51
2016.09.06 10:24:00.704,1.15273,1.15277,1.19,1.01
2016.09.06 10:24:00.754,1.15273,1.15279,1.31,2.44
2016.09.06 10:24:00.805,1.15274,1.15279,1.19,1.69
2016.09.06 10:24:00.856,1.15273,1.15279,1.31,1.69
2016.09.06 10:24:00.958,1.15273,1.15279,1.31,2.81
2016.09.06 10:24:01.294,1.15273,1.15279,1.31,2.06
2016.09.06 10:24:01.346,1.15273,1.15279,1.31,1.19
2016.09.06 10:24:01.658,1.15273,1.15279,1.31,1.31
2016.09.06 10:24:01.760,1.15273,1.15278,1.31,1.19
2016.09.06 10:24:01.811,1.15275,1.15278,1.19,1.19
2016.09.06 10:24:01.862,1.15276,1.15278,1.25,1.19
2016.09.06 10:24:02.275,1.15276,1.15279,1.19,1.25
2016.09.06 10:24:04.271,1.15276,1.1528,1.19,2.44
2016.09.06 10:24:04.373,1.15278,1.15281,1.00,1.19
2016.09.06 10:24:04.475,1.15278,1.1528,1.00,1.25
2016.09.06 10:24:05.447,1.15278,1.1528,1.00,1.00
2016.09.06 10:24:06.042,1.15279,1.1528,1.00,1.00
2016.09.06 10:24:07.451,1.15279,1.15281,1.00,1.00
2016.09.06 10:24:07.553,1.15279,1.15283,1.25,1.50
2016.09.06 10:24:07.604,1.1528,1.15283,1.00,1.50
2016.09.06 10:24:07.715,1.15278,1.15283,1.19,1.50
2016.09.06 10:24:08.379,1.15276,1.15281,1.31,1.50
2016.09.06 10:24:08.482,1.15276,1.1528,1.31,1.00
2016.09.06 10:24:08.534,1.15276,1.1528,1.00,1.00
2016.09.06 10:24:08.585,1.15276,1.15281,1.50,1.00
2016.09.06 10:24:08.980,1.15276,1.15283,1.50,2.25
2016.09.06 10:24:09.132,1.15276,1.1528,1.50,1.00
2016.09.06 10:24:09.386,1.15276,1.1528,1.00,1.00
2016.09.06 10:24:09.437,1.15276,1.15281,1.00,1.50
2016.09.06 10:24:09.625,1.15276,1.15281,1.25,1.50
2016.09.06 10:24:09.676,1.15276,1.15281,1.00,1.50
2016.09.06 10:24:10.194,1.15276,1.15281,1.00,1.00
2016.09.06 10:24:11.308,1.15278,1.15282,1.00,1.00
2016.09.06 10:24:11.359,1.15278,1.15282,1.25,1.00
2016.09.06 10:24:11.411,1.15278,1.15284,1.25,1.00
2016.09.06 10:24:11.462,1.15278,1.15285,1.25,2.32
2016.09.06 10:24:11.514,1.1528,1.15285,1.00,2.32
2016.09.06 10:24:11.564,1.1528,1.15285,1.50,2.25
2016.09.06 10:24:11.786,1.1528,1.15285,1.50,1.50
2016.09.06 10:24:11.837,1.1528,1.15285,1.50,1.00
2016.09.06 10:24:12.044,1.15283,1.15286,1.00,1.50
2016.09.06 10:24:12.095,1.15283,1.15288,1.00,1.39
2016.09.06 10:24:12.155,1.15283,1.15288,2.06,1.20
2016.09.06 10:24:12.225,1.15283,1.15288,1.31,1.50
2016.09.06 10:24:12.276,1.15283,1.15288,1.25,1.50
2016.09.06 10:24:12.378,1.15283,1.15288,1.25,2.25
2016.09.06 10:24:12.956,1.15283,1.15288,1.25,1.50
2016.09.06 10:24:13.474,1.15283,1.15288,1.25,2.25
2016.09.06 10:24:13.576,1.15283,1.15288,1.25,1.50
2016.09.06 10:24:13.728,1.15282,1.15287,1.69,1.00
2016.09.06 10:24:13.779,1.15282,1.15287,1.50,1.00
2016.09.06 10:24:14.181,1.15282,1.15286,1.00,1.00
2016.09.06 10:24:14.841,1.15282,1.15288,1.00,1.00
2016.09.06 10:24:14.892,1.15282,1.15288,1.00,1.00
2016.09.06 10:24:14.944,1.15282,1.15288,1.50,1.00
2016.09.06 10:24:15.097,1.15282,1.15284,1.50,1.00
2016.09.06 10:24:15.148,1.15282,1.15286,1.00,1.50
2016.09.06 10:24:15.249,1.15282,1.15285,1.00,1.00
2016.09.06 10:24:15.300,1.1528,1.15284,1.50,1.00
2016.09.06 10:24:15.378,1.1528,1.15283,1.50,1.00
2016.09.06 10:24:15.430,1.15279,1.15283,2.51,1.00
2016.09.06 10:24:15.481,1.15279,1.15283,1.00,1.00
2016.09.06 10:24:15.532,1.15278,1.15283,1.50,1.50
2016.09.06 10:24:15.684,1.15278,1.15283,1.50,1.00
2016.09.06 10:24:15.785,1.15279,1.15284,1.00,1.50
2016.09.06 10:24:15.887,1.15279,1.15284,1.00,1.00
2016.09.06 10:24:16.156,1.1528,1.15285,1.00,1.50
2016.09.06 10:24:16.207,1.1528,1.15285,1.00,1.00
2016.09.06 10:24:17.268,1.1528,1.15286,1.00,2.25
2016.09.06 10:24:17.369,1.1528,1.15286,1.50,2.25
2016.09.06 10:24:17.715,1.1528,1.15285,1.50,1.00
2016.09.06 10:24:18.501,1.15281,1.15285,1.00,1.00
2016.09.06 10:24:18.552,1.15281,1.15286,1.00,1.50
2016.09.06 10:24:18.602,1.15282,1.15287,1.00,1.00
2016.09.06 10:24:21.789,1.1528,1.15284,3.45,1.00
2016.09.06 10:24:21.840,1.15279,1.15282,2.32,1.00
2016.09.06 10:24:21.978,1.15279,1.1528,1.00,1.00
2016.09.06 10:24:22.030,1.15278,1.1528,1.00,1.50
2016.09.06 10:24:22.081,1.15274,1.15279,3.00,1.00
2016.09.06 10:24:22.132,1.15274,1.15279,2.25,1.00
2016.09.06 10:24:22.183,1.15276,1.1528,1.00,1.50
2016.09.06 10:24:22.234,1.15278,1.1528,1.00,1.00
2016.09.06 10:24:22.440,1.15281,1.15283,1.00,3.82
2016.09.06 10:24:22.491,1.15281,1.15283,1.00,1.20
2016.09.06 10:24:22.542,1.15281,1.15284,1.00,3.37
2016.09.06 10:24:22.594,1.15278,1.15284,1.50,3.00
2016.09.06 10:24:22.645,1.15282,1.15285,1.00,3.00
2016.09.06 10:24:22.737,1.15282,1.15285,1.00,1.50
2016.09.06 10:24:22.788,1.15283,1.15285,1.00,1.00
2016.09.06 10:24:23.600,1.15284,1.15286,1.00,1.00
2016.09.06 10:24:23.702,1.15284,1.15287,1.00,1.25
2016.09.06 10:24:23.786,1.15285,1.15287,1.50,1.25
2016.09.06 10:24:23.837,1.15285,1.15287,1.00,1.00
2016.09.06 10:24:23.939,1.15285,1.15287,1.50,1.00
2016.09.06 10:24:24.193,1.15286,1.15287,1.00,1.00
2016.09.06 10:24:24.729,1.15285,1.15287,1.50,1.00
2016.09.06 10:24:25.001,1.15286,1.15288,1.00,1.00
2016.09.06 10:24:25.855,1.15287,1.1529,1.00,4.01
2016.09.06 10:24:25.907,1.15289,1.15291,1.00,2.06
2016.09.06 10:24:25.958,1.15289,1.15291,1.00,1.00
2016.09.06 10:24:26.009,1.15291,1.15294,1.00,1.57
2016.09.06 10:24:26.060,1.15292,1.15294,1.00,1.00
2016.09.06 10:24:26.130,1.15291,1.15293,1.00,1.00
2016.09.06 10:24:26.487,1.1529,1.15293,1.50,1.00
2016.09.06 10:24:26.538,1.1529,1.15292,1.00,1.00
2016.09.06 10:24:26.639,1.1529,1.15291,1.50,1.00
2016.09.06 10:24:27.158,1.1529,1.15291,1.00,1.00
2016.09.06 10:24:27.412,1.15289,1.15291,1.50,1.00
2016.09.06 10:24:27.463,1.15289,1.15291,1.00,1.00
2016.09.06 10:24:27.604,1.15288,1.15289,1.00,1.00
2016.09.06 10:24:27.758,1.15286,1.15288,1.00,1.00
2016.09.06 10:24:27.809,1.15287,1.1529,1.00,1.87
2016.09.06 10:24:27.860,1.15288,1.1529,1.00,1.00
2016.09.06 10:24:27.962,1.15288,1.1529,1.00,1.00
2016.09.06 10:24:28.217,1.15287,1.15291,1.00,1.00
2016.09.06 10:24:28.642,1.15289,1.1529,1.00,1.00
2016.09.06 10:24:29.150,1.15288,1.1529,1.00,1.00
2016.09.06 10:24:31.080,1.15286,1.1529,1.00,1.00
2016.09.06 10:24:31.181,1.15288,1.1529,1.00,1.00
2016.09.06 10:24:31.385,1.15286,1.1529,1.50,1.00
2016.09.06 10:24:31.436,1.15288,1.1529,1.00,1.00
2016.09.06 10:24:31.640,1.15289,1.15291,1.00,1.25
2016.09.06 10:24:32.192,1.1529,1.15291,1.50,1.25
2016.09.06 10:24:32.264,1.15289,1.15291,1.00,1.25
2016.09.06 10:24:32.683,1.1529,1.15291,1.50,1.25
2016.09.06 10:24:32.785,1.1529,1.15291,1.50,1.00
2016.09.06 10:24:32.860,1.1529,1.15291,1.00,1.00
2016.09.06 10:24:32.962,1.15291,1.15294,1.00,3.37
2016.09.06 10:24:33.014,1.15292,1.15295,1.00,5.06
2016.09.06 10:24:33.065,1.15292,1.15295,1.00,2.81
2016.09.06 10:24:33.116,1.15293,1.15295,1.00,1.31
2016.09.06 10:24:33.167,1.15293,1.15295,1.00,1.25
2016.09.06 10:24:33.218,1.15293,1.15296,1.00,1.76
2016.09.06 10:24:33.319,1.15293,1.15296,1.00,1.69
2016.09.06 10:24:34.100,1.15293,1.15296,1.00,1.19
2016.09.06 10:24:34.240,1.15293,1.15296,1.00,1.19
2016.09.06 10:24:34.451,1.15293,1.15295,1.00,1.25
2016.09.06 10:24:35.156,1.15293,1.15296,1.00,1.19
2016.09.06 10:24:36.155,1.15292,1.15294,1.00,1.00
2016.09.06 10:24:36.755,1.15293,1.15294,1.00,1.00
2016.09.06 10:24:37.347,1.15292,1.15294,1.00,1.00
2016.09.06 10:24:37.851,1.15292,1.15293,1.00,1.00
2016.09.06 10:24:38.167,1.15292,1.15293,1.00,1.25
2016.09.06 10:24:38.525,1.1529,1.15293,1.50,1.25
2016.09.06 10:24:38.678,1.1529,1.15293,1.00,1.25
2016.09.06 10:24:38.780,1.1529,1.15293,1.50,1.25
2016.09.06 10:24:38.983,1.1529,1.15293,1.00,1.25
2016.09.06 10:24:39.195,1.1529,1.15293,1.50,1.25
2016.09.06 10:24:39.262,1.1529,1.15293,1.00,1.25
2016.09.06 10:24:39.313,1.1529,1.15293,1.00,1.19
2016.09.06 10:24:39.364,1.1529,1.15293,1.50,1.19
2016.09.06 10:24:39.465,1.1529,1.15292,1.50,1.25
2016.09.06 10:24:39.998,1.1529,1.15292,1.00,1.25
2016.09.06 10:24:40.064,1.1529,1.15292,1.50,1.25
2016.09.06 10:24:40.488,1.1529,1.15292,1.00,1.25
2016.09.06 10:24:40.744,1.15291,1.15294,1.00,2.44
2016.09.06 10:24:40.795,1.15292,1.15294,1.00,1.31
2016.09.06 10:24:40.897,1.15292,1.15294,1.00,1.25
2016.09.06 10:24:41.731,1.15292,1.15295,1.00,1.69
2016.09.06 10:24:41.832,1.15293,1.15295,1.00,1.19
2016.09.06 10:24:42.369,1.15292,1.15295,1.00,1.19
2016.09.06 10:24:42.773,1.15292,1.15294,1.00,1.25
2016.09.06 10:24:42.874,1.15291,1.15294,1.00,1.25
2016.09.06 10:24:42.925,1.15291,1.15294,1.00,1.19
2016.09.06 10:24:43.472,1.15291,1.15293,1.00,1.19
2016.09.06 10:24:43.877,1.15291,1.15292,1.00,1.25
2016.09.06 10:24:46.213,1.15291,1.15293,1.00,1.25
2016.09.06 10:24:46.264,1.15291,1.15295,1.50,1.69
2016.09.06 10:24:46.315,1.15293,1.15296,1.00,2.96
2016.09.06 10:24:46.373,1.15291,1.15296,1.50,2.96
2016.09.06 10:24:46.424,1.15295,1.15298,1.00,1.69
2016.09.06 10:24:46.930,1.15296,1.15298,1.00,1.69
2016.09.06 10:24:47.131,1.15296,1.15298,1.00,1.25
2016.09.06 10:24:47.233,1.15294,1.15298,1.00,1.19
2016.09.06 10:24:47.301,1.15296,1.15299,1.50,1.12
2016.09.06 10:24:47.408,1.15297,1.153,1.00,1.31
2016.09.06 10:24:47.459,1.153,1.15304,1.00,4.39
2016.09.06 10:24:47.510,1.153,1.15304,1.50,4.09
2016.09.06 10:24:47.561,1.153,1.15304,1.50,4.01
2016.09.06 10:24:47.612,1.153,1.15304,1.00,3.94
2016.09.06 10:24:47.663,1.153,1.15301,1.00,1.25
2016.09.06 10:24:47.783,1.153,1.15301,1.50,1.25
2016.09.06 10:24:47.834,1.15299,1.15301,1.50,1.19
2016.09.06 10:24:48.088,1.153,1.15301,1.00,1.25
2016.09.06 10:24:48.189,1.15297,1.15299,1.00,1.00
2016.09.06 10:24:48.705,1.15296,1.15298,1.00,1.00
2016.09.06 10:24:48.757,1.15296,1.15298,1.00,1.19
2016.09.06 10:24:49.132,1.15295,1.15298,1.50,1.19
2016.09.06 10:24:49.251,1.15295,1.15297,1.50,1.25
2016.09.06 10:24:49.403,1.15295,1.15297,1.00,1.25
2016.09.06 10:24:49.505,1.15295,1.15297,1.50,1.25
2016.09.06 10:24:49.607,1.15295,1.15297,1.00,1.25
2016.09.06 10:24:50.110,1.15296,1.15297,1.00,1.25
2016.09.06 10:24:50.460,1.15295,1.15297,1.00,1.25
2016.09.06 10:24:50.511,1.15294,1.15297,1.50,1.25
2016.09.06 10:24:50.562,1.15294,1.15295,1.00,1.00
2016.09.06 10:24:50.614,1.15293,1.15295,1.00,1.00
2016.09.06 10:24:50.665,1.15293,1.15295,1.00,1.25
2016.09.06 10:24:51.756,1.15293,1.15295,1.00,1.19
2016.09.06 10:24:52.798,1.15292,1.15295,1.00,1.19
2016.09.06 10:24:52.899,1.15292,1.15294,1.00,1.25
2016.09.06 10:24:53.076,1.15292,1.15295,1.00,1.19
2016.09.06 10:24:53.229,1.15293,1.15295,1.00,1.25
2016.09.06 10:24:53.381,1.15293,1.15295,1.00,1.19
2016.09.06 10:24:54.308,1.15293,1.15294,1.00,1.25
2016.09.06 10:24:54.359,1.15292,1.15294,1.00,1.19
2016.09.06 10:24:55.304,1.15292,1.15295,1.00,1.19
2016.09.06 10:24:58.841,1.15292,1.15295,1.00,1.25
2016.09.06 10:24:59.466,1.15292,1.15295,1.00,1.00
2016.09.06 10:24:59.651,1.15293,1.15296,1.00,1.87
2016.09.06 10:24:59.702,1.15295,1.15298,1.00,1.57
2016.09.06 10:24:59.754,1.15295,1.15298,1.50,1.10
2016.09.06 10:24:59.805,1.15295,1.153,1.50,2.81
2016.09.06 10:24:59.856,1.15295,1.153,1.00,1.69
2016.09.06 10:24:59.958,1.15295,1.153,1.50,1.69
2016.09.06 10:25:00.009,1.15295,1.153,1.50,2.44
2016.09.06 10:25:00.061,1.15295,1.153,1.50,2.81
2016.09.06 10:25:00.112,1.15295,1.15298,1.50,1.19
2016.09.06 10:25:00.182,1.15295,1.15296,1.50,1.00
2016.09.06 10:25:00.502,1.15295,1.15296,1.00,1.00
2016.09.06 10:25:00.553,1.15295,1.15296,1.00,1.00
2016.09.06 10:25:00.710,1.15296,1.15298,1.00,1.00
2016.09.06 10:25:00.812,1.15297,1.15299,1.00,1.65
2016.09.06 10:25:00.863,1.15297,1.153,1.00,2.06
2016.09.06 10:25:00.914,1.15298,1.153,1.00,1.69
2016.09.06 10:25:00.965,1.15298,1.153,1.00,1.25
2016.09.06 10:25:01.117,1.15297,1.15299,1.00,1.00
2016.09.06 10:25:01.220,1.15299,1.15302,1.00,1.39
2016.09.06 10:25:01.271,1.15299,1.15302,1.00,1.20
2016.09.06 10:25:01.321,1.153,1.15302,1.00,1.10
2016.09.06 10:25:01.372,1.153,1.15303,1.00,1.50
2016.09.06 10:25:01.611,1.153,1.15302,1.00,1.00
2016.09.06 10:25:02.191,1.153,1.15303,1.00,1.50
2016.09.06 10:25:02.292,1.153,1.15303,1.00,1.00
2016.09.06 10:25:02.343,1.153,1.15303,1.50,1.00
2016.09.06 10:25:02.542,1.153,1.15303,1.00,1.00
2016.09.06 10:25:02.664,1.153,1.15303,1.50,1.00
2016.09.06 10:25:02.778,1.153,1.15302,1.00,1.00
2016.09.06 10:25:02.879,1.153,1.15302,1.50,1.00
2016.09.06 10:25:03.147,1.153,1.15302,1.00,1.00
2016.09.06 10:25:03.198,1.15301,1.15304,1.00,1.00
2016.09.06 10:25:03.249,1.15303,1.15306,4.37,3.00
2016.09.06 10:25:03.300,1.15304,1.15307,1.50,3.30
2016.09.06 10:25:03.351,1.15309,1.1531,1.00,1.00
2016.09.06 10:25:03.433,1.15308,1.15312,1.00,2.70
2016.09.06 10:25:03.489,1.1531,1.15311,1.00,1.00
2016.09.06 10:25:03.540,1.1531,1.15314,1.00,1.47
2016.09.06 10:25:03.591,1.1531,1.15314,1.00,1.12
2016.09.06 10:25:03.642,1.15309,1.15312,1.00,1.00
2016.09.06 10:25:03.693,1.15308,1.15311,1.50,1.00
2016.09.06 10:25:03.795,1.15306,1.15309,1.00,1.00
2016.09.06 10:25:03.846,1.15305,1.15309,1.12,1.00
2016.09.06 10:25:03.897,1.15305,1.15309,1.00,1.00
2016.09.06 10:25:04.101,1.15306,1.15309,1.00,1.00
2016.09.06 10:25:04.634,1.15307,1.15309,1.00,1.00
2016.09.06 10:25:05.438,1.15306,1.15309,1.00,1.00
2016.09.06 10:25:05.489,1.15307,1.1531,1.00,1.50
2016.09.06 10:25:05.599,1.1531,1.15311,1.25,1.10
2016.09.06 10:25:05.650,1.15311,1.15312,1.00,1.00
2016.09.06 10:25:05.701,1.15311,1.15313,1.00,1.00
2016.09.06 10:25:05.803,1.1531,1.15313,1.25,1.00
2016.09.06 10:25:05.854,1.1531,1.15313,1.69,1.00
2016.09.06 10:25:06.108,1.1531,1.15312,1.69,1.00
2016.09.06 10:25:06.159,1.1531,1.15312,1.25,1.00
2016.09.06 10:25:06.311,1.15309,1.15313,1.19,2.62
2016.09.06 10:25:06.362,1.1531,1.15313,1.00,1.50
2016.09.06 10:25:06.474,1.15311,1.15313,1.00,1.00
2016.09.06 10:25:06.525,1.1531,1.15313,1.25,1.00
2016.09.06 10:25:06.931,1.1531,1.15314,1.25,1.20
2016.09.06 10:25:07.235,1.1531,1.15312,1.25,1.00
2016.09.06 10:25:07.286,1.1531,1.15312,1.25,1.50
2016.09.06 10:25:07.627,1.15311,1.15312,1.00,1.50
2016.09.06 10:25:07.830,1.15311,1.15312,1.00,1.00
2016.09.06 10:25:07.932,1.1531,1.15312,1.25,1.00
2016.09.06 10:25:08.034,1.1531,1.15312,1.25,1.50
2016.09.06 10:25:08.086,1.1531,1.15312,1.69,1.50
2016.09.06 10:25:08.275,1.1531,1.15312,1.50,1.50
2016.09.06 10:25:08.326,1.1531,1.15312,1.50,1.00
2016.09.06 10:25:08.800,1.1531,1.15312,1.00,1.00
2016.09.06 10:25:08.851,1.15309,1.15312,1.00,1.19
2016.09.06 10:25:09.054,1.15306,1.1531,2.62,1.25
2016.09.06 10:25:09.106,1.15306,1.1531,1.87,1.69
2016.09.06 10:25:09.157,1.15305,1.15308,2.25,1.19
2016.09.06 10:25:09.209,1.15306,1.15308,1.00,1.19
2016.09.06 10:25:09.260,1.15304,1.15306,1.12,1.00
2016.09.06 10:25:09.311,1.15303,1.15306,1.50,1.50
2016.09.06 10:25:09.362,1.15302,1.15304,1.00,1.00
2016.09.06 10:25:09.465,1.153,1.15303,1.12,1.00
2016.09.06 10:25:09.516,1.153,1.15303,1.00,1.00
2016.09.06 10:25:09.637,1.15302,1.15304,1.00,1.50
2016.09.06 10:25:09.691,1.15301,1.15304,1.00,1.12
2016.09.06 10:25:09.743,1.15302,1.15304,1.00,1.10
2016.09.06 10:25:09.897,1.153,1.15304,1.69,1.57
2016.09.06 10:25:09.949,1.15301,1.15304,1.00,1.00
2016.09.06 10:25:10.102,1.15301,1.15304,1.00,1.12
2016.09.06 10:25:10.204,1.15301,1.15304,1.00,1.50
2016.09.06 10:25:10.325,1.15301,1.15304,1.00,2.62
2016.09.06 10:25:10.530,1.15301,1.15304,1.00,2.25
2016.09.06 10:25:10.631,1.15302,1.15304,1.00,1.00
2016.09.06 10:25:11.108,1.15302,1.15305,1.00,1.10
2016.09.06 10:25:11.523,1.15302,1.15305,1.00,1.57
2016.09.06 10:25:12.030,1.15302,1.15305,1.00,1.10
2016.09.06 10:25:12.132,1.15302,1.15304,1.00,1.00
2016.09.06 10:25:12.491,1.15302,1.15305,1.00,1.57
2016.09.06 10:25:12.542,1.15303,1.15306,1.00,1.95
2016.09.06 10:25:12.644,1.15302,1.15306,1.00,1.12
2016.09.06 10:25:12.696,1.15303,1.15305,1.00,1.00
2016.09.06 10:25:12.747,1.15304,1.15306,1.00,1.00
2016.09.06 10:25:12.799,1.15302,1.15305,1.50,1.00
2016.09.06 10:25:12.850,1.15302,1.15305,1.00,1.00
2016.09.06 10:25:13.280,1.15302,1.15305,1.00,1.50
2016.09.06 10:25:13.475,1.15302,1.15305,1.00,1.57
2016.09.06 10:25:13.526,1.15302,1.15304,1.00,1.50
2016.09.06 10:25:13.628,1.15301,1.15303,1.00,1.00
2016.09.06 10:25:14.199,1.15302,1.15304,1.00,1.50
2016.09.06 10:25:14.351,1.15303,1.15305,1.00,1.10
2016.09.06 10:25:14.402,1.15303,1.15306,1.00,5.70
2016.09.06 10:25:14.453,1.15301,1.15306,1.00,3.45
2016.09.06 10:25:14.558,1.15302,1.15305,1.00,1.00
2016.09.06 10:25:14.609,1.15302,1.15305,1.00,1.50
2016.09.06 10:25:15.074,1.15302,1.15304,1.00,1.00
2016.09.06 10:25:15.125,1.15302,1.15304,1.00,1.50
2016.09.06 10:25:15.532,1.15302,1.15304,1.00,1.00
2016.09.06 10:25:15.633,1.15302,1.15303,1.00,1.00
2016.09.06 10:25:15.825,1.153,1.15302,1.00,1.00
2016.09.06 10:25:15.877,1.153,1.15302,1.50,1.00
2016.09.06 10:25:16.171,1.153,1.15302,1.00,1.00
2016.09.06 10:25:16.300,1.153,1.15302,1.50,1.00
2016.09.06 10:25:16.572,1.153,1.15302,1.00,1.00
2016.09.06 10:25:16.773,1.153,1.15302,1.50,1.00
2016.09.06 10:25:17.207,1.153,1.15302,1.00,1.00
2016.09.06 10:25:17.380,1.153,1.15302,1.50,1.00
2016.09.06 10:25:17.482,1.153,1.15302,1.00,1.00
2016.09.06 10:25:17.583,1.153,1.15302,1.50,1.00
2016.09.06 10:25:17.685,1.153,1.15302,1.00,1.00
2016.09.06 10:25:17.786,1.153,1.15302,1.50,1.00
2016.09.06 10:25:18.470,1.153,1.15302,1.00,1.00
2016.09.06 10:25:18.623,1.15299,1.15303,1.00,4.12
2016.09.06 10:25:18.674,1.15299,1.15303,1.00,3.75
2016.09.06 10:25:18.725,1.15299,1.15303,1.00,4.12
2016.09.06 10:25:18.931,1.15296,1.15303,1.00,4.87
2016.09.06 10:25:18.982,1.15295,1.153,1.50,1.00
2016.09.06 10:25:19.033,1.15297,1.153,1.00,1.50
2016.09.06 10:25:19.185,1.15297,1.15299,1.00,1.00
2016.09.06 10:25:19.729,1.15297,1.153,1.00,1.00
2016.09.06 10:25:19.882,1.15297,1.153,1.00,1.00
2016.09.06 10:25:20.014,1.15297,1.15299,1.00,1.00
2016.09.06 10:25:20.065,1.15297,1.15299,1.00,1.00
2016.09.06 10:25:20.218,1.15296,1.15297,1.00,1.00
2016.09.06 10:25:20.472,1.15294,1.15297,1.50,1.00
2016.09.06 10:25:20.524,1.15295,1.15297,1.00,1.00
2016.09.06 10:25:20.626,1.15294,1.15296,1.50,1.00
2016.09.06 10:25:20.730,1.15295,1.15296,1.00,1.00
2016.09.06 10:25:21.319,1.15294,1.15296,1.50,1.00
2016.09.06 10:25:21.534,1.15295,1.15296,1.00,1.00
2016.09.06 10:25:21.789,1.15294,1.15297,1.50,1.00
2016.09.06 10:25:21.938,1.15295,1.15298,1.00,1.00
2016.09.06 10:25:21.988,1.15297,1.153,1.00,4.95
2016.09.06 10:25:22.039,1.15297,1.15299,1.00,1.10
2016.09.06 10:25:22.090,1.15296,1.15299,1.00,1.50
2016.09.06 10:25:22.141,1.15296,1.15299,1.00,1.10
2016.09.06 10:25:22.192,1.15296,1.153,1.00,2.32
2016.09.06 10:25:22.243,1.15298,1.153,1.00,1.20
2016.09.06 10:25:22.294,1.15299,1.15301,1.00,1.87
2016.09.06 10:25:22.371,1.153,1.15302,1.50,1.10
2016.09.06 10:25:22.483,1.15298,1.153,1.00,1.00
2016.09.06 10:25:22.534,1.15299,1.15301,1.00,1.00
2016.09.06 10:25:22.585,1.15299,1.15301,1.00,1.00
2016.09.06 10:25:22.687,1.15297,1.153,1.00,1.00
2016.09.06 10:25:22.890,1.15299,1.153,1.00,1.00
2016.09.06 10:25:22.941,1.15296,1.153,1.50,1.00
2016.09.06 10:25:22.992,1.15296,1.153,1.00,1.00
2016.09.06 10:25:23.246,1.15298,1.15302,1.00,1.20
2016.09.06 10:25:23.348,1.15299,1.15303,1.00,3.82
2016.09.06 10:25:23.476,1.153,1.15303,1.50,3.52
2016.09.06 10:25:23.578,1.153,1.15303,1.50,2.77
2016.09.06 10:25:23.629,1.15301,1.15303,1.00,1.27
2016.09.06 10:25:23.680,1.153,1.15304,1.50,2.25
2016.09.06 10:25:23.731,1.153,1.15304,1.00,1.95
2016.09.06 10:25:23.832,1.15303,1.15306,1.00,1.87
2016.09.06 10:25:23.883,1.15303,1.15307,1.50,2.62
2016.09.06 10:25:23.934,1.15306,1.15308,1.00,1.20
2016.09.06 10:25:23.985,1.15306,1.15309,1.00,1.12
2016.09.06 10:25:24.036,1.15307,1.15309,1.00,1.00
2016.09.06 10:25:24.087,1.15307,1.1531,1.00,1.12
2016.09.06 10:25:24.138,1.15307,1.1531,1.00,1.00
2016.09.06 10:25:24.240,1.15308,1.1531,1.00,1.12
2016.09.06 10:25:24.528,1.15308,1.15309,1.00,1.00
2016.09.06 10:25:24.845,1.15308,1.1531,1.00,1.12
2016.09.06 10:25:25.819,1.15307,1.1531,1.00,1.12
2016.09.06 10:25:25.870,1.15307,1.15311,1.00,2.32
2016.09.06 10:25:25.972,1.15305,1.15311,1.50,3.07
2016.09.06 10:25:26.023,1.15305,1.15309,1.00,1.00
2016.09.06 10:25:26.073,1.15305,1.15309,1.00,1.12
2016.09.06 10:25:26.126,1.15305,1.15309,1.50,1.12
2016.09.06 10:25:26.465,1.15305,1.15308,1.50,1.00
2016.09.06 10:25:26.516,1.15305,1.15308,1.00,1.00
2016.09.06 10:25:26.617,1.15305,1.15308,1.50,1.00
2016.09.06 10:25:27.047,1.15305,1.15308,1.00,1.00
2016.09.06 10:25:27.099,1.15305,1.15308,1.50,1.00
2016.09.06 10:25:28.502,1.15305,1.15308,1.00,1.00
2016.09.06 10:25:29.708,1.15305,1.15308,1.50,1.00
2016.09.06 10:25:30.212,1.15305,1.15308,1.00,1.00
2016.09.06 10:25:30.709,1.15305,1.15308,1.50,1.00
2016.09.06 10:25:31.527,1.15305,1.15309,1.50,1.12
2016.09.06 10:25:31.579,1.15307,1.15309,1.00,1.12
2016.09.06 10:25:31.692,1.15306,1.15308,1.00,1.00
2016.09.06 10:25:33.456,1.15305,1.15308,1.50,1.00
2016.09.06 10:25:33.513,1.15305,1.15308,1.00,1.00
2016.09.06 10:25:33.613,1.15305,1.15308,1.50,1.00
2016.09.06 10:25:33.715,1.15305,1.15308,1.00,1.00
2016.09.06 10:25:34.515,1.15305,1.15308,1.50,1.00
2016.09.06 10:25:34.566,1.15306,1.15308,1.00,1.00
2016.09.06 10:25:34.870,1.15305,1.15308,1.50,1.00
2016.09.06 10:25:35.148,1.15305,1.15308,1.00,1.00
2016.09.06 10:25:35.217,1.15305,1.15308,1.50,1.00
2016.09.06 10:25:35.503,1.15306,1.15308,1.00,1.00
2016.09.06 10:25:35.553,1.15306,1.15309,1.00,1.00
2016.09.06 10:25:38.360,1.15305,1.15309,1.50,1.00
2016.09.06 10:25:38.724,1.15305,1.15309,1.00,1.00
2016.09.06 10:25:38.825,1.15305,1.15309,1.50,1.00
2016.09.06 10:25:39.892,1.15305,1.15309,1.50,1.50
2016.09.06 10:25:39.996,1.15305,1.15309,1.00,1.50
2016.09.06 10:25:40.679,1.15305,1.15309,1.00,2.62
2016.09.06 10:25:40.780,1.15305,1.15308,1.00,1.00
2016.09.06 10:25:41.256,1.15303,1.15308,1.00,1.00
2016.09.06 10:25:41.639,1.15303,1.15308,1.00,1.50
2016.09.06 10:25:43.155,1.15305,1.15308,1.00,1.50
2016.09.06 10:25:43.764,1.15304,1.15308,1.00,1.50
2016.09.06 10:25:47.122,1.15304,1.15308,1.00,1.00
2016.09.06 10:25:47.590,1.15305,1.15309,1.50,1.87
2016.09.06 10:25:47.835,1.15306,1.15309,1.00,1.87
2016.09.06 10:25:47.886,1.15307,1.15309,1.00,1.12
2016.09.06 10:25:47.937,1.15307,1.1531,1.00,1.57
2016.09.06 10:25:47.988,1.15307,1.1531,1.00,1.12
2016.09.06 10:25:48.039,1.15307,1.1531,1.00,1.00
2016.09.06 10:25:48.300,1.15306,1.15309,1.00,1.00
2016.09.06 10:25:48.351,1.15304,1.15309,1.50,1.87
2016.09.06 10:25:48.403,1.15304,1.15307,1.00,1.00
2016.09.06 10:25:48.454,1.15303,1.15308,1.00,3.37
2016.09.06 10:25:48.556,1.15303,1.15308,1.00,2.62
2016.09.06 10:25:48.666,1.15305,1.15308,1.00,1.50
2016.09.06 10:25:48.818,1.15305,1.15308,1.50,1.50
2016.09.06 10:25:49.173,1.15305,1.15308,1.00,1.50
2016.09.06 10:25:49.478,1.15305,1.15307,1.50,1.00
2016.09.06 10:25:49.554,1.15305,1.15307,1.00,1.00
2016.09.06 10:25:49.792,1.15305,1.15307,1.50,1.00
2016.09.06 10:25:50.056,1.15305,1.15307,1.00,1.00
2016.09.06 10:25:50.602,1.15304,1.15307,1.00,1.00
2016.09.06 10:25:51.580,1.15304,1.15306,1.00,1.00
2016.09.06 10:25:52.088,1.15303,1.15306,1.00,1.00
2016.09.06 10:25:53.521,1.15302,1.15306,1.00,1.50
2016.09.06 10:25:53.572,1.153,1.15306,4.09,1.00
2016.09.06 10:25:53.682,1.153,1.15306,3.34,1.00
2016.09.06 10:25:53.733,1.15301,1.15307,1.25,1.00
2016.09.06 10:25:53.785,1.15301,1.15306,1.25,1.00
2016.09.06 10:25:54.010,1.15301,1.15307,1.25,1.00
2016.09.06 10:25:54.310,1.15301,1.15307,1.25,1.50
2016.09.06 10:25:55.367,1.153,1.15307,4.09,1.50
2016.09.06 10:25:55.417,1.153,1.15307,3.34,1.50
2016.09.06 10:25:55.762,1.153,1.15307,2.59,1.50
2016.09.06 10:25:55.864,1.153,1.15307,3.34,1.50
2016.09.06 10:25:55.995,1.153,1.15307,2.59,1.50
2016.09.06 10:25:56.299,1.153,1.15307,3.34,1.50
2016.09.06 10:25:56.717,1.15302,1.15306,1.00,1.00
2016.09.06 10:25:57.091,1.15302,1.15308,1.50,1.00
2016.09.06 10:25:57.346,1.15302,1.15308,2.25,1.00
2016.09.06 10:25:58.941,1.15306,1.15308,1.00,1.00
2016.09.06 10:26:02.129,1.15305,1.15308,1.50,1.00
2016.09.06 10:26:02.180,1.15305,1.15306,1.00,1.00
2016.09.06 10:26:02.320,1.15301,1.15306,1.50,1.00
2016.09.06 10:26:02.372,1.15301,1.15306,1.00,1.00
2016.09.06 10:26:03.534,1.15301,1.15306,1.00,1.87
2016.09.06 10:26:03.657,1.15301,1.15306,1.00,2.62
2016.09.06 10:26:04.811,1.15302,1.15306,1.00,3.37
2016.09.06 10:26:06.597,1.15302,1.15306,1.00,3.00
2016.09.06 10:26:06.648,1.15302,1.15306,1.00,1.50
2016.09.06 10:26:06.819,1.15302,1.15306,1.00,1.00
2016.09.06 10:26:07.993,1.15302,1.15305,1.00,1.00
2016.09.06 10:26:08.145,1.15302,1.15305,1.00,1.87
2016.09.06 10:26:08.195,1.15302,1.15305,1.00,2.25
2016.09.06 10:26:08.246,1.15302,1.15305,1.00,2.62
2016.09.06 10:26:08.550,1.15302,1.15305,1.00,1.50
2016.09.06 10:26:09.458,1.15302,1.15305,1.00,2.62
2016.09.06 10:26:09.983,1.15301,1.15305,1.00,2.62
2016.09.06 10:26:10.084,1.153,1.15305,1.50,3.37
2016.09.06 10:26:10.135,1.153,1.15303,1.50,1.00
2016.09.06 10:26:10.797,1.153,1.15303,1.00,1.00
2016.09.06 10:26:10.921,1.153,1.15303,1.50,1.00
2016.09.06 10:26:11.082,1.153,1.15303,1.50,1.50
2016.09.06 10:26:11.251,1.153,1.15303,1.00,1.50
2016.09.06 10:26:11.302,1.15299,1.15303,1.50,1.50
2016.09.06 10:26:11.407,1.15299,1.15303,1.00,1.50
2016.09.06 10:26:12.404,1.15299,1.15302,1.00,1.00
2016.09.06 10:26:12.705,1.15299,1.15302,1.00,1.25
2016.09.06 10:26:13.456,1.15298,1.15302,1.00,1.25
2016.09.06 10:26:13.509,1.15298,1.15301,1.00,1.00
2016.09.06 10:26:14.056,1.15299,1.15301,1.00,1.00
2016.09.06 10:26:14.208,1.153,1.15301,1.00,1.00
2016.09.06 10:26:14.309,1.15299,1.15301,1.50,1.00
2016.09.06 10:26:14.411,1.153,1.15303,1.00,2.62
2016.09.06 10:26:14.462,1.153,1.15303,1.00,1.50
2016.09.06 10:26:14.514,1.153,1.15303,1.00,1.12
2016.09.06 10:26:14.566,1.153,1.15303,1.00,1.00
2016.09.06 10:26:14.718,1.15299,1.15303,1.50,1.25
2016.09.06 10:26:14.868,1.153,1.15303,1.00,1.25
2016.09.06 10:26:14.921,1.153,1.15303,1.00,1.69
2016.09.06 10:26:14.972,1.153,1.15303,1.50,1.69
2016.09.06 10:26:15.023,1.153,1.15302,1.50,1.00
2016.09.06 10:26:15.073,1.153,1.15302,1.00,1.00
2016.09.06 10:26:15.238,1.15299,1.15302,1.00,1.00
2016.09.06 10:26:15.899,1.153,1.15302,1.00,1.00
2016.09.06 10:26:15.950,1.15301,1.15304,1.00,1.50
2016.09.06 10:26:16.001,1.15302,1.15304,1.00,1.00
2016.09.06 10:26:16.053,1.15303,1.15306,1.00,1.00
2016.09.06 10:26:16.289,1.15303,1.15306,1.00,1.50
2016.09.06 10:26:16.680,1.15302,1.15306,1.00,1.00
2016.09.06 10:26:16.833,1.15302,1.15306,1.00,2.25
2016.09.06 10:26:16.885,1.15302,1.15306,1.00,3.37
2016.09.06 10:26:16.936,1.15301,1.15304,1.00,1.00
2016.09.06 10:26:16.987,1.153,1.15304,1.50,1.00
2016.09.06 10:26:17.038,1.153,1.15303,1.00,1.00
2016.09.06 10:26:17.090,1.153,1.15303,1.50,1.00
2016.09.06 10:26:17.141,1.15299,1.15303,1.00,1.00
2016.09.06 10:26:17.294,1.15299,1.15303,1.00,1.00
2016.09.06 10:26:18.123,1.153,1.15305,1.00,4.09
2016.09.06 10:26:18.174,1.153,1.15305,1.00,2.51
2016.09.06 10:26:18.225,1.15301,1.15305,1.00,2.89
2016.09.06 10:26:18.277,1.15301,1.15305,1.00,2.44
2016.09.06 10:26:18.328,1.15302,1.15305,1.00,1.25
2016.09.06 10:26:18.419,1.153,1.15302,1.00,1.00
2016.09.06 10:26:18.472,1.153,1.15301,1.00,1.00
2016.09.06 10:26:18.526,1.15298,1.15301,1.00,1.00
2016.09.06 10:26:18.577,1.15298,1.15301,1.00,1.12
2016.09.06 10:26:18.730,1.15298,1.15301,1.00,1.12
2016.09.06 10:26:18.882,1.15298,1.15301,1.00,1.00
2016.09.06 10:26:18.984,1.15298,1.15301,1.00,1.12
2016.09.06 10:26:19.035,1.15298,1.15301,1.00,1.87
2016.09.06 10:26:19.869,1.15298,1.15301,1.00,1.12
2016.09.06 10:26:20.073,1.15298,1.15301,1.00,1.00
2016.09.06 10:26:20.315,1.15298,1.15301,1.00,1.00
2016.09.06 10:26:20.825,1.15298,1.15302,1.00,1.50
2016.09.06 10:26:21.598,1.15298,1.15302,1.00,1.87
2016.09.06 10:26:22.134,1.15297,1.15302,1.00,1.87
2016.09.06 10:26:22.918,1.15297,1.15301,1.00,1.12
2016.09.06 10:26:23.920,1.15296,1.15301,1.00,1.12
2016.09.06 10:26:23.971,1.15296,1.15301,1.00,1.87
2016.09.06 10:26:24.022,1.15296,1.15301,1.00,1.12
2016.09.06 10:26:24.124,1.15296,1.15301,1.00,1.87
2016.09.06 10:26:24.332,1.15296,1.15301,1.00,1.50
2016.09.06 10:26:25.542,1.15296,1.15301,1.00,1.00
2016.09.06 10:26:26.744,1.15296,1.15301,1.00,1.12
2016.09.06 10:26:26.896,1.15298,1.15301,1.00,1.12
2016.09.06 10:26:27.009,1.15299,1.15303,1.00,1.20
2016.09.06 10:26:27.062,1.15301,1.15305,1.00,1.50
2016.09.06 10:26:27.113,1.15301,1.15305,1.00,1.12
2016.09.06 10:26:27.215,1.15301,1.15305,1.00,1.00
2016.09.06 10:26:27.316,1.15301,1.15305,1.00,1.00
2016.09.06 10:26:27.921,1.15301,1.15305,1.00,1.00
2016.09.06 10:26:28.284,1.15301,1.15306,1.00,2.25
2016.09.06 10:26:28.437,1.15301,1.15306,1.00,1.87
2016.09.06 10:26:28.488,1.153,1.15305,1.50,1.00
2016.09.06 10:26:28.539,1.153,1.15303,1.50,1.00
2016.09.06 10:26:28.589,1.153,1.15303,1.00,1.00
2016.09.06 10:26:28.691,1.153,1.15303,1.50,1.00
2016.09.06 10:26:28.742,1.153,1.15305,1.50,1.50
2016.09.06 10:26:29.013,1.153,1.15304,1.00,1.00
2016.09.06 10:26:29.064,1.153,1.15304,1.50,1.00
2016.09.06 10:26:31.480,1.153,1.15304,1.00,1.00
2016.09.06 10:26:31.950,1.153,1.15305,1.50,1.00
2016.09.06 10:26:32.149,1.153,1.15305,1.00,1.00
2016.09.06 10:26:32.349,1.153,1.15305,1.50,1.00
2016.09.06 10:26:32.484,1.15301,1.15305,1.00,1.00
2016.09.06 10:26:34.146,1.15301,1.15304,1.00,1.00
2016.09.06 10:26:35.056,1.15302,1.15307,1.00,3.45
2016.09.06 10:26:35.108,1.15302,1.15307,1.00,2.62
2016.09.06 10:26:35.159,1.15303,1.15307,1.00,1.50
2016.09.06 10:26:35.210,1.15303,1.15307,1.00,1.12
2016.09.06 10:26:35.261,1.15303,1.15307,1.00,1.00
2016.09.06 10:26:38.790,1.15303,1.15309,1.00,4.46
2016.09.06 10:26:38.841,1.15303,1.15308,1.00,1.01
2016.09.06 10:26:38.892,1.15303,1.15308,1.00,1.09
2016.09.06 10:26:39.842,1.15303,1.15307,1.00,1.00
2016.09.06 10:26:39.893,1.15302,1.15307,1.00,1.50
2016.09.06 10:26:39.944,1.15302,1.15306,1.00,1.57
2016.09.06 10:26:39.995,1.153,1.15306,1.00,1.57
2016.09.06 10:26:40.046,1.153,1.15305,1.00,1.00
2016.09.06 10:26:40.198,1.153,1.15305,1.50,1.00
2016.09.06 10:26:40.249,1.153,1.15305,1.50,1.25
2016.09.06 10:26:40.300,1.153,1.15305,1.00,1.25
2016.09.06 10:26:40.452,1.15302,1.15305,1.00,1.00
2016.09.06 10:26:40.604,1.15303,1.15307,1.00,1.10
2016.09.06 10:26:40.697,1.15303,1.15308,1.00,3.64
2016.09.06 10:26:40.748,1.15303,1.15308,1.00,2.89
2016.09.06 10:26:40.799,1.15303,1.15308,1.00,2.14
2016.09.06 10:26:40.901,1.15303,1.15308,1.00,1.39
2016.09.06 10:26:40.952,1.15303,1.15308,1.00,1.25
2016.09.06 10:26:41.003,1.15303,1.15308,1.00,1.69
2016.09.06 10:26:41.411,1.15303,1.15308,1.00,1.25
2016.09.06 10:26:41.656,1.15305,1.15308,1.00,1.00
2016.09.06 10:26:41.707,1.15305,1.1531,1.50,5.06
2016.09.06 10:26:41.758,1.15305,1.1531,1.50,3.94
2016.09.06 10:26:41.809,1.15305,1.1531,1.00,4.01
2016.09.06 10:26:41.861,1.15306,1.1531,1.00,3.45
2016.09.06 10:26:41.912,1.15306,1.1531,1.00,2.32
2016.09.06 10:26:41.963,1.15305,1.1531,1.00,1.57
2016.09.06 10:26:42.015,1.15305,1.1531,1.50,1.57
2016.09.06 10:26:42.116,1.15305,1.15311,1.50,3.64
2016.09.06 10:26:42.168,1.15305,1.15311,1.50,2.51
2016.09.06 10:26:42.220,1.15305,1.15311,1.00,2.14
2016.09.06 10:26:42.373,1.15305,1.15311,1.50,2.14
2016.09.06 10:26:42.424,1.15305,1.15311,1.50,1.39
2016.09.06 10:26:42.475,1.15308,1.15312,1.00,2.14
2016.09.06 10:26:42.531,1.15308,1.15312,1.00,1.65
2016.09.06 10:26:42.601,1.15307,1.15312,1.00,1.57
2016.09.06 10:26:42.652,1.15308,1.15313,1.00,1.87
2016.09.06 10:26:42.703,1.15309,1.15313,1.00,1.00
2016.09.06 10:26:42.805,1.15308,1.15313,1.00,1.50
2016.09.06 10:26:42.856,1.1531,1.15312,1.00,1.12
2016.09.06 10:26:42.907,1.1531,1.15312,1.00,1.87
2016.09.06 10:26:42.958,1.15311,1.15312,1.00,1.50
2016.09.06 10:26:43.009,1.15311,1.15313,1.00,1.00
2016.09.06 10:26:43.060,1.15311,1.15316,1.00,2.81
2016.09.06 10:26:43.162,1.15311,1.15316,1.00,2.21
2016.09.06 10:26:43.264,1.15309,1.15316,2.25,2.21
2016.09.06 10:26:43.315,1.15311,1.15314,1.00,1.00
2016.09.06 10:26:43.366,1.15311,1.15314,1.00,1.87
2016.09.06 10:26:43.466,1.15311,1.15314,1.00,1.50
2016.09.06 10:26:43.518,1.1531,1.15314,1.50,1.50
2016.09.06 10:26:43.569,1.1531,1.15313,1.50,1.12
2016.09.06 10:26:43.721,1.1531,1.15313,1.00,1.12
2016.09.06 10:26:43.824,1.1531,1.15313,1.50,1.12
2016.09.06 10:26:43.925,1.1531,1.15313,1.00,1.12
2016.09.06 10:26:44.027,1.1531,1.15313,1.50,1.12
2016.09.06 10:26:44.128,1.1531,1.15313,1.00,1.12
2016.09.06 10:26:44.373,1.1531,1.15313,1.00,1.87
2016.09.06 10:26:44.425,1.1531,1.15313,1.50,1.87
2016.09.06 10:26:44.735,1.15311,1.15315,1.00,1.87
2016.09.06 10:26:44.786,1.15311,1.15316,1.00,2.77
2016.09.06 10:26:44.837,1.15311,1.15316,1.00,2.40
2016.09.06 10:26:45.357,1.15312,1.15316,1.00,2.40
2016.09.06 10:26:45.510,1.15312,1.15316,1.00,1.65
2016.09.06 10:26:45.561,1.15312,1.15316,1.00,1.20
2016.09.06 10:26:45.612,1.15312,1.15317,1.00,3.37
2016.09.06 10:26:45.686,1.15314,1.15317,1.00,2.25
2016.09.06 10:26:45.737,1.15314,1.15318,1.00,1.50
2016.09.06 10:26:45.788,1.15314,1.15318,1.00,1.12
2016.09.06 10:26:45.839,1.15314,1.15318,1.00,1.00
2016.09.06 10:26:45.890,1.15314,1.15318,1.00,1.50
2016.09.06 10:26:46.706,1.15312,1.15318,1.19,1.50
2016.09.06 10:26:46.757,1.15312,1.15318,1.19,1.57
2016.09.06 10:26:46.807,1.15312,1.15317,1.19,1.00
2016.09.06 10:26:46.858,1.15311,1.15316,1.00,1.00
2016.09.06 10:26:46.909,1.1531,1.15315,2.25,1.87
2016.09.06 10:26:46.960,1.1531,1.15315,1.50,3.00
2016.09.06 10:26:47.114,1.1531,1.15314,1.50,1.12
2016.09.06 10:26:47.267,1.1531,1.15314,1.00,2.25
2016.09.06 10:26:47.318,1.15309,1.15314,1.00,3.00
2016.09.06 10:26:47.369,1.15309,1.15314,1.00,4.12
2016.09.06 10:26:47.420,1.15309,1.15314,1.00,4.87
2016.09.06 10:26:47.485,1.15309,1.15314,1.00,4.12
2016.09.06 10:26:47.726,1.15309,1.15314,1.00,3.75
2016.09.06 10:26:47.878,1.15309,1.15314,1.00,3.00
2016.09.06 10:26:47.929,1.15309,1.15313,1.50,1.00
2016.09.06 10:26:47.994,1.15309,1.15313,1.00,1.00
2016.09.06 10:26:48.349,1.1531,1.15314,1.00,3.00
2016.09.06 10:26:48.455,1.15308,1.15314,1.00,3.00
2016.09.06 10:26:48.556,1.1531,1.15314,1.00,3.00
2016.09.06 10:26:48.607,1.15308,1.15314,1.00,3.00
2016.09.06 10:26:48.658,1.1531,1.15314,1.00,3.75
2016.09.06 10:26:48.759,1.15309,1.15314,1.00,4.50
2016.09.06 10:26:48.810,1.1531,1.15314,1.00,3.75
2016.09.06 10:26:49.178,1.15309,1.15314,1.00,3.75
2016.09.06 10:26:49.279,1.1531,1.15314,1.00,4.12
2016.09.06 10:26:49.330,1.15309,1.15313,1.00,1.00
2016.09.06 10:26:49.787,1.15309,1.15313,1.00,1.00
2016.09.06 10:26:50.128,1.1531,1.15313,1.00,1.00
2016.09.06 10:26:50.229,1.15312,1.15314,1.00,1.87
2016.09.06 10:26:50.280,1.15312,1.15314,1.00,1.00
2016.09.06 10:26:50.331,1.15313,1.15315,1.00,1.12
2016.09.06 10:26:50.448,1.15313,1.15316,1.00,1.00
2016.09.06 10:26:51.128,1.15313,1.15317,1.00,1.00
2016.09.06 10:26:51.817,1.15313,1.15318,1.00,3.56
2016.09.06 10:26:51.868,1.15315,1.15318,1.00,1.87
2016.09.06 10:26:51.919,1.15316,1.15318,1.00,1.50
2016.09.06 10:26:51.970,1.15316,1.15319,1.00,1.37
2016.09.06 10:26:52.021,1.15316,1.1532,1.00,1.69
2016.09.06 10:26:52.072,1.15315,1.1532,1.00,2.81
2016.09.06 10:26:52.123,1.15315,1.1532,1.50,5.06
2016.09.06 10:26:52.334,1.15316,1.1532,1.00,5.81
2016.09.06 10:26:52.384,1.15316,1.15318,1.00,1.00
2016.09.06 10:26:52.595,1.15315,1.1532,1.50,4.31
2016.09.06 10:26:52.646,1.15315,1.1532,1.00,4.31
2016.09.06 10:26:52.697,1.15314,1.15319,1.00,1.50
2016.09.06 10:26:53.053,1.15316,1.1532,1.00,7.12
2016.09.06 10:26:53.104,1.15316,1.1532,1.00,6.00
2016.09.06 10:26:53.155,1.15316,1.1532,1.00,5.25
2016.09.06 10:26:53.257,1.15316,1.1532,1.00,6.00
2016.09.06 10:26:53.359,1.15316,1.15319,1.00,3.00
2016.09.06 10:26:53.467,1.15316,1.15319,1.00,2.62
2016.09.06 10:26:53.783,1.15315,1.15319,1.50,2.62
2016.09.06 10:26:53.935,1.15315,1.15319,1.00,2.62
2016.09.06 10:26:53.986,1.15315,1.15319,1.50,3.37
2016.09.06 10:26:54.037,1.15315,1.15319,1.00,3.37
2016.09.06 10:26:54.139,1.15314,1.15319,1.00,3.75
2016.09.06 10:26:54.291,1.15313,1.15318,1.87,1.00
2016.09.06 10:26:54.342,1.15313,1.15318,1.00,1.12
2016.09.06 10:26:54.393,1.15313,1.15317,1.00,1.00
2016.09.06 10:26:54.444,1.15313,1.15317,1.00,1.87
2016.09.06 10:26:54.976,1.15312,1.15317,1.00,1.87
2016.09.06 10:26:55.128,1.15312,1.15317,1.00,1.12
2016.09.06 10:26:55.221,1.15312,1.15317,1.00,1.87
2016.09.06 10:26:55.348,1.15313,1.15318,1.00,4.50
2016.09.06 10:26:55.560,1.15313,1.15318,1.00,3.37
2016.09.06 10:26:55.611,1.15313,1.15318,1.00,4.50
2016.09.06 10:26:56.276,1.15313,1.15318,1.00,3.37
2016.09.06 10:26:56.481,1.15313,1.15318,1.00,2.62
2016.09.06 10:26:56.700,1.15313,1.15318,1.00,3.75
2016.09.06 10:26:56.751,1.15312,1.15316,1.00,1.50
2016.09.06 10:26:56.802,1.1531,1.15316,2.25,1.00
2016.09.06 10:26:56.904,1.1531,1.15316,1.50,1.00
2016.09.06 10:26:56.955,1.1531,1.15316,1.50,1.50
2016.09.06 10:26:57.259,1.15311,1.15317,1.00,3.90
2016.09.06 10:26:57.310,1.15311,1.15317,1.00,2.77
2016.09.06 10:26:57.361,1.15311,1.15317,1.00,2.40
2016.09.06 10:26:57.564,1.15311,1.15317,1.00,2.02
2016.09.06 10:26:57.740,1.15311,1.15317,1.00,2.40
2016.09.06 10:26:57.842,1.15311,1.15316,1.00,1.50
2016.09.06 10:26:58.361,1.15311,1.15316,1.00,1.00
2016.09.06 10:26:58.463,1.15312,1.15317,1.00,3.15
2016.09.06 10:26:58.514,1.15312,1.15317,1.00,2.02
2016.09.06 10:26:58.565,1.15312,1.15317,1.00,1.65
2016.09.06 10:26:58.888,1.15314,1.15319,1.00,9.07
2016.09.06 10:26:58.939,1.15314,1.15319,1.00,5.02
2016.09.06 10:26:58.990,1.15314,1.15319,1.00,1.57
2016.09.06 10:26:59.041,1.15314,1.15319,1.00,1.87
2016.09.06 10:26:59.091,1.15314,1.15319,1.00,4.50
2016.09.06 10:26:59.142,1.15314,1.15319,1.00,5.25
2016.09.06 10:26:59.244,1.15314,1.15319,1.00,4.87
2016.09.06 10:26:59.346,1.15314,1.15319,1.00,4.12
2016.09.06 10:26:59.448,1.15314,1.15319,1.00,4.50
2016.09.06 10:26:59.499,1.15314,1.15319,1.00,5.62
2016.09.06 10:26:59.550,1.15314,1.15319,1.00,6.00
2016.09.06 10:26:59.955,1.15314,1.15319,1.00,5.25
2016.09.06 10:27:00.006,1.15314,1.15319,1.00,4.12
2016.09.06 10:27:00.057,1.15312,1.15319,1.00,4.12
2016.09.06 10:27:00.108,1.15312,1.15319,1.00,4.87
2016.09.06 10:27:00.362,1.15312,1.15316,1.00,1.00
2016.09.06 10:27:00.413,1.15311,1.15316,1.00,1.50
2016.09.06 10:27:00.464,1.15311,1.15316,1.00,2.25
2016.09.06 10:27:00.565,1.1531,1.15315,1.50,1.37
2016.09.06 10:27:00.616,1.1531,1.15315,1.00,1.37
2016.09.06 10:27:00.667,1.15309,1.15315,1.00,1.37
2016.09.06 10:27:00.718,1.15309,1.15315,1.00,2.25
2016.09.06 10:27:01.065,1.15309,1.15315,1.00,3.00
2016.09.06 10:27:01.134,1.15309,1.15315,1.00,1.87
2016.09.06 10:27:01.290,1.15309,1.15315,1.50,1.87
2016.09.06 10:27:01.885,1.15309,1.15315,1.50,1.12
2016.09.06 10:27:01.986,1.15309,1.15315,1.50,1.87
2016.09.06 10:27:02.380,1.15309,1.15315,1.00,1.87
2016.09.06 10:27:02.904,1.1531,1.15315,1.00,1.87
2016.09.06 10:27:03.056,1.1531,1.15315,1.00,1.50
2016.09.06 10:27:03.208,1.15311,1.15315,1.00,1.00
2016.09.06 10:27:03.361,1.15311,1.15316,1.00,1.65
2016.09.06 10:27:03.412,1.15311,1.15316,1.00,1.57
2016.09.06 10:27:03.463,1.15311,1.15316,1.00,1.50
2016.09.06 10:27:03.513,1.15312,1.15316,1.00,1.00
2016.09.06 10:27:03.665,1.15312,1.15318,1.50,1.95
2016.09.06 10:27:03.768,1.15312,1.15318,1.50,1.20
2016.09.06 10:27:04.290,1.15312,1.15318,1.00,1.20
2016.09.06 10:27:04.393,1.15312,1.15317,1.00,1.12
2016.09.06 10:27:05.711,1.15313,1.15317,1.00,1.12
2016.09.06 10:27:05.813,1.15313,1.15317,1.00,1.12
2016.09.06 10:27:12.357,1.15311,1.15318,1.00,1.95
2016.09.06 10:27:12.408,1.15311,1.15315,1.00,1.00
2016.09.06 10:27:12.459,1.1531,1.15315,1.50,1.00
2016.09.06 10:27:12.511,1.1531,1.15315,1.50,1.87
2016.09.06 10:27:12.613,1.1531,1.15314,1.00,1.12
2016.09.06 10:27:12.664,1.1531,1.15314,1.00,1.57
2016.09.06 10:27:12.715,1.15309,1.15314,1.00,2.70
2016.09.06 10:27:12.920,1.15309,1.15314,1.00,1.57
2016.09.06 10:27:13.419,1.15309,1.15314,1.00,2.32
2016.09.06 10:27:14.425,1.15309,1.15314,1.00,1.57
2016.09.06 10:27:14.476,1.15309,1.15313,1.00,1.00
2016.09.06 10:27:14.527,1.15309,1.15313,1.00,1.12
2016.09.06 10:27:14.704,1.15309,1.15313,1.00,1.00
2016.09.06 10:27:15.636,1.15308,1.15313,1.00,1.00
2016.09.06 10:27:15.850,1.15309,1.15313,1.00,1.00
2016.09.06 10:27:16.106,1.15309,1.15314,1.00,1.57
2016.09.06 10:27:16.208,1.1531,1.15315,1.00,3.07
2016.09.06 10:27:16.261,1.1531,1.15315,1.00,3.00
2016.09.06 10:27:16.312,1.15312,1.15316,1.00,1.57
2016.09.06 10:27:16.363,1.15312,1.15316,1.00,1.12
2016.09.06 10:27:16.414,1.15312,1.15317,1.00,2.02
2016.09.06 10:27:16.465,1.15312,1.15317,1.00,1.65
2016.09.06 10:27:16.685,1.15312,1.15317,1.00,1.57
2016.09.06 10:27:16.736,1.15312,1.15317,1.00,1.50
2016.09.06 10:27:16.941,1.15312,1.15317,1.00,1.00
2016.09.06 10:27:17.750,1.15313,1.15317,1.00,1.00
2016.09.06 10:27:19.092,1.15314,1.15318,1.00,1.95
2016.09.06 10:27:19.143,1.15315,1.15318,1.25,1.95
2016.09.06 10:27:19.194,1.15316,1.15318,1.00,1.87
2016.09.06 10:27:19.245,1.15315,1.15318,1.50,1.00
2016.09.06 10:27:19.295,1.15317,1.1532,1.00,1.00
2016.09.06 10:27:19.346,1.15316,1.15321,1.00,1.69
2016.09.06 10:27:19.398,1.15316,1.15321,1.87,1.50
2016.09.06 10:27:19.449,1.15317,1.15321,1.25,1.00
2016.09.06 10:27:19.500,1.15317,1.15322,1.69,1.00
2016.09.06 10:27:19.551,1.15318,1.15323,1.00,1.50
2016.09.06 10:27:19.684,1.15317,1.15323,1.69,1.00
2016.09.06 10:27:19.786,1.15318,1.15323,1.25,1.50
2016.09.06 10:27:19.888,1.15317,1.15322,1.00,1.50
2016.09.06 10:27:19.938,1.15316,1.1532,1.25,1.00
2016.09.06 10:27:19.989,1.15316,1.15321,1.00,1.00
2016.09.06 10:27:20.040,1.15316,1.15321,1.00,1.87
2016.09.06 10:27:20.091,1.15316,1.15321,1.00,2.62
2016.09.06 10:27:20.142,1.15315,1.1532,1.69,1.00
2016.09.06 10:27:20.193,1.15314,1.1532,1.69,1.00
2016.09.06 10:27:20.244,1.15314,1.1532,1.69,1.50
2016.09.06 10:27:20.295,1.15314,1.15318,1.00,1.00
2016.09.06 10:27:20.346,1.15312,1.15318,1.47,1.50
2016.09.06 10:27:20.431,1.15311,1.15318,4.09,1.50
2016.09.06 10:27:20.482,1.15312,1.15316,1.00,1.00
2016.09.06 10:27:20.888,1.15311,1.15318,2.62,2.62
2016.09.06 10:27:20.939,1.15311,1.15318,2.62,1.50
2016.09.06 10:27:20.989,1.15312,1.15318,1.00,1.50
2016.09.06 10:27:21.040,1.15312,1.15318,1.00,2.62
2016.09.06 10:27:21.245,1.15312,1.15317,1.00,1.00
2016.09.06 10:27:22.425,1.15312,1.15318,1.00,3.37
2016.09.06 10:27:22.790,1.15311,1.15318,2.81,3.37
2016.09.06 10:27:23.148,1.15311,1.15318,2.62,3.37
2016.09.06 10:27:23.466,1.15311,1.15317,2.62,1.00
2016.09.06 10:27:23.517,1.15311,1.15317,1.00,1.00
2016.09.06 10:27:24.024,1.15312,1.15317,1.00,1.00
2016.09.06 10:27:24.379,1.15313,1.15318,1.00,2.62
2016.09.06 10:27:25.216,1.15311,1.15318,1.00,2.62
2016.09.06 10:27:25.656,1.15311,1.15318,1.00,1.87
2016.09.06 10:27:25.707,1.15313,1.15318,1.00,2.62
2016.09.06 10:27:25.834,1.15313,1.15318,1.00,1.50
2016.09.06 10:27:26.315,1.15313,1.15319,1.00,3.07
2016.09.06 10:27:26.366,1.15315,1.15319,1.00,3.82
2016.09.06 10:27:26.417,1.15315,1.15319,1.00,4.95
2016.09.06 10:27:26.468,1.15314,1.15319,1.00,4.12
2016.09.06 10:27:26.519,1.15314,1.15319,1.00,2.25
2016.09.06 10:27:26.823,1.15316,1.15319,1.00,1.50
2016.09.06 10:27:26.939,1.15316,1.15319,1.00,1.00
2016.09.06 10:27:26.990,1.15316,1.15321,1.00,1.95
2016.09.06 10:27:27.041,1.15315,1.1532,1.50,1.00
2016.09.06 10:27:27.143,1.15315,1.1532,1.00,1.50
2016.09.06 10:27:27.348,1.15316,1.1532,1.00,1.00
2016.09.06 10:27:27.449,1.15316,1.1532,1.00,1.50
2016.09.06 10:27:27.551,1.15316,1.1532,1.00,1.00
2016.09.06 10:27:27.670,1.15315,1.1532,1.50,1.00
2016.09.06 10:27:27.721,1.15315,1.15319,1.00,1.00
2016.09.06 10:27:27.823,1.15315,1.15319,1.00,1.00
2016.09.06 10:27:27.986,1.15314,1.15319,1.00,1.12
2016.09.06 10:27:28.088,1.15313,1.15318,1.00,1.00
2016.09.06 10:27:28.241,1.15313,1.15318,1.00,1.12
2016.09.06 10:27:28.342,1.15313,1.15318,1.00,1.00
2016.09.06 10:27:28.772,1.15313,1.15318,1.00,1.50
2016.09.06 10:27:28.976,1.15313,1.15318,1.00,1.00
2016.09.06 10:27:29.182,1.15314,1.15319,1.00,1.57
2016.09.06 10:27:29.233,1.15315,1.1532,1.00,1.65
2016.09.06 10:27:29.284,1.15315,1.1532,1.00,1.57
2016.09.06 10:27:29.385,1.15315,1.15319,1.00,1.00
2016.09.06 10:27:29.920,1.15314,1.15318,1.00,1.00
2016.09.06 10:27:30.152,1.15314,1.15319,1.00,1.50
2016.09.06 10:27:30.309,1.15313,1.15319,1.00,1.87
2016.09.06 10:27:30.360,1.15313,1.15318,1.00,1.00
2016.09.06 10:27:30.818,1.15313,1.15318,1.00,1.87
2016.09.06 10:27:30.920,1.15313,1.15318,1.00,2.25
2016.09.06 10:27:31.011,1.15313,1.15318,1.00,3.75
2016.09.06 10:27:31.062,1.1531,1.15315,1.25,1.00
2016.09.06 10:27:31.135,1.1531,1.15315,1.69,1.00
2016.09.06 10:27:31.237,1.1531,1.15315,1.25,1.00
2016.09.06 10:27:31.974,1.15309,1.15315,1.19,1.50
2016.09.06 10:27:32.194,1.15309,1.15314,1.00,1.00
2016.09.06 10:27:32.296,1.15308,1.15313,1.50,1.00
2016.09.06 10:27:32.347,1.15308,1.15311,1.00,1.00
2016.09.06 10:27:32.398,1.15306,1.15312,2.44,1.00
2016.09.06 10:27:32.448,1.15306,1.1531,1.12,1.00
2016.09.06 10:27:32.499,1.15306,1.1531,1.00,1.00
2016.09.06 10:27:32.704,1.15304,1.1531,1.50,1.00
2016.09.06 10:27:32.755,1.15304,1.1531,3.00,1.00
2016.09.06 10:27:32.805,1.15307,1.1531,1.00,1.00
2016.09.06 10:27:32.907,1.15307,1.15311,1.50,1.00
2016.09.06 10:27:32.958,1.15308,1.15312,1.00,1.00
2016.09.06 10:27:33.218,1.15308,1.15312,1.50,1.00
2016.09.06 10:27:33.320,1.15308,1.15312,1.00,1.00
2016.09.06 10:27:39.799,1.15308,1.15312,1.00,1.50
2016.09.06 10:27:40.551,1.15308,1.15312,1.00,1.00
2016.09.06 10:27:40.602,1.15308,1.15314,1.00,1.10
2016.09.06 10:27:40.652,1.15309,1.15314,1.00,1.00
2016.09.06 10:27:40.754,1.1531,1.15315,1.00,1.50
2016.09.06 10:27:40.855,1.1531,1.15315,1.00,1.00
2016.09.06 10:27:43.111,1.1531,1.15315,1.00,1.50
2016.09.06 10:27:44.316,1.15307,1.15309,1.25,1.00
2016.09.06 10:27:44.367,1.15306,1.15307,1.12,1.25
2016.09.06 10:27:44.419,1.15306,1.15307,1.12,1.69
2016.09.06 10:27:44.470,1.15305,1.15307,3.00,1.69
2016.09.06 10:27:44.521,1.15304,1.15305,1.00,1.00
2016.09.06 10:27:44.573,1.153,1.15305,1.10,1.19
2016.09.06 10:27:44.624,1.153,1.15304,1.10,1.69
2016.09.06 10:27:44.675,1.15299,1.15304,1.20,1.50
2016.09.06 10:27:44.726,1.15299,1.15304,1.00,1.00
2016.09.06 10:27:44.777,1.15299,1.15304,1.00,1.19
2016.09.06 10:27:44.963,1.15301,1.15305,1.00,1.00
2016.09.06 10:27:45.068,1.15302,1.15307,1.00,1.20
2016.09.06 10:27:45.119,1.15303,1.15308,1.00,3.56
2016.09.06 10:27:45.171,1.15303,1.15308,1.00,1.69
2016.09.06 10:27:45.323,1.15304,1.15309,1.50,1.19
2016.09.06 10:27:45.375,1.15304,1.15309,1.50,1.00
2016.09.06 10:27:45.426,1.15302,1.15307,1.12,1.00
2016.09.06 10:27:45.528,1.15302,1.15307,1.12,1.50
2016.09.06 10:27:45.640,1.15302,1.15307,1.00,1.69
2016.09.06 10:27:45.692,1.15301,1.15305,1.00,1.00
2016.09.06 10:27:45.795,1.15303,1.15306,1.00,1.00
2016.09.06 10:27:45.846,1.15303,1.15307,1.00,1.65
2016.09.06 10:27:45.897,1.15303,1.15307,1.00,1.50
2016.09.06 10:27:45.949,1.15303,1.15307,1.00,1.00
2016.09.06 10:27:46.000,1.15303,1.15308,1.00,1.50
2016.09.06 10:27:46.510,1.15303,1.15307,1.00,1.00
2016.09.06 10:27:46.816,1.15303,1.15308,1.00,1.50
2016.09.06 10:27:47.070,1.15303,1.15308,1.00,1.00
2016.09.06 10:27:47.617,1.15303,1.15308,1.00,1.50
2016.09.06 10:27:49.136,1.15303,1.15308,1.00,1.00
2016.09.06 10:27:49.339,1.15304,1.15309,1.00,1.65
2016.09.06 10:27:49.390,1.15304,1.15309,1.00,1.20
2016.09.06 10:27:49.441,1.15304,1.15309,1.00,1.00
2016.09.06 10:27:50.358,1.15305,1.1531,1.00,2.59
2016.09.06 10:27:50.410,1.15305,1.1531,1.50,1.84
2016.09.06 10:27:50.622,1.15305,1.1531,1.00,1.84
2016.09.06 10:27:50.723,1.15305,1.1531,1.50,1.84
2016.09.06 10:27:50.774,1.15305,1.1531,1.50,1.69
2016.09.06 10:27:50.825,1.15305,1.1531,1.50,1.25
2016.09.06 10:27:51.088,1.15305,1.1531,1.00,1.25
2016.09.06 10:27:51.174,1.15305,1.1531,1.50,1.25
2016.09.06 10:27:51.276,1.15305,1.1531,1.00,1.25
2016.09.06 10:27:51.377,1.15303,1.1531,1.00,2.06
2016.09.06 10:27:51.428,1.15303,1.15308,1.00,1.00
2016.09.06 10:27:51.581,1.15304,1.15309,1.00,2.62
2016.09.06 10:27:51.631,1.15304,1.15309,1.00,2.02
2016.09.06 10:27:51.682,1.15304,1.15309,1.00,1.65
2016.09.06 10:27:51.733,1.15304,1.15309,1.00,1.20
2016.09.06 10:27:51.835,1.15304,1.15309,1.00,1.00
2016.09.06 10:27:52.288,1.15304,1.15309,1.00,1.12
2016.09.06 10:27:52.490,1.15304,1.15309,1.00,1.00
2016.09.06 10:27:53.425,1.15305,1.1531,1.00,2.96
2016.09.06 10:27:54.582,1.15305,1.1531,1.00,3.71
2016.09.06 10:27:55.594,1.15306,1.1531,1.00,2.96
2016.09.06 10:27:55.738,1.15306,1.1531,1.00,1.09
2016.09.06 10:27:58.707,1.15306,1.1531,1.00,1.20
2016.09.06 10:27:58.758,1.15306,1.15311,1.00,4.87
2016.09.06 10:27:59.140,1.15307,1.15311,1.00,1.87
2016.09.06 10:27:59.191,1.15307,1.15312,1.00,3.00
2016.09.06 10:27:59.242,1.15307,1.15312,1.00,1.20
2016.09.06 10:27:59.344,1.15307,1.15314,1.00,4.12
2016.09.06 10:27:59.503,1.15307,1.15314,1.00,3.75
2016.09.06 10:27:59.605,1.15309,1.15313,1.00,1.20
2016.09.06 10:28:00.079,1.15307,1.15314,1.00,3.00
2016.09.06 10:28:00.181,1.15307,1.15314,1.00,2.25
2016.09.06 10:28:00.448,1.15307,1.15314,1.00,1.00
2016.09.06 10:28:00.499,1.15311,1.15316,1.00,2.81
2016.09.06 10:28:00.551,1.15311,1.15316,1.00,1.64
2016.09.06 10:28:00.669,1.15314,1.15319,1.00,1.84
2016.09.06 10:28:00.721,1.15314,1.15319,1.00,1.20
2016.09.06 10:28:00.772,1.15314,1.15319,1.00,1.00
2016.09.06 10:28:02.172,1.15315,1.15319,1.00,1.00
2016.09.06 10:28:02.780,1.15315,1.15319,1.00,1.12
2016.09.06 10:28:02.831,1.15314,1.15318,1.00,1.00
2016.09.06 10:28:03.252,1.15314,1.15319,1.00,2.25
2016.09.06 10:28:03.455,1.15313,1.15319,1.00,1.50
2016.09.06 10:28:03.956,1.15313,1.15318,1.00,1.00
2016.09.06 10:28:04.955,1.15313,1.1532,1.00,1.65
2016.09.06 10:28:05.109,1.15313,1.1532,1.00,1.20
2016.09.06 10:28:05.160,1.15313,1.1532,1.50,1.20
2016.09.06 10:28:05.488,1.15313,1.1532,1.50,1.65
2016.09.06 10:28:05.911,1.15313,1.1532,1.50,1.20
2016.09.06 10:28:06.013,1.15313,1.1532,1.50,1.65
2016.09.06 10:28:06.064,1.15313,1.1532,1.50,2.40
2016.09.06 10:28:06.237,1.15313,1.1532,1.50,1.65
2016.09.06 10:28:06.412,1.15313,1.1532,1.50,2.40
2016.09.06 10:28:07.014,1.15313,1.1532,1.50,1.65
2016.09.06 10:28:07.115,1.15313,1.1532,1.50,2.40
2016.09.06 10:28:07.342,1.15313,1.1532,1.50,1.65
2016.09.06 10:28:07.516,1.15313,1.1532,1.50,2.40
2016.09.06 10:28:08.018,1.15313,1.1532,1.50,1.65
2016.09.06 10:28:08.218,1.15313,1.1532,1.50,2.40
2016.09.06 10:28:09.706,1.15313,1.1532,1.50,1.65
2016.09.06 10:28:09.823,1.15313,1.1532,1.50,1.20
2016.09.06 10:28:10.058,1.15313,1.1532,1.50,1.65
2016.09.06 10:28:10.109,1.15313,1.15316,1.00,1.00
2016.09.06 10:28:10.159,1.15311,1.15315,1.50,1.00
2016.09.06 10:28:10.261,1.15309,1.15314,1.10,1.00
2016.09.06 10:28:10.312,1.15309,1.15314,1.00,1.00
2016.09.06 10:28:10.465,1.15309,1.15314,1.50,1.00
2016.09.06 10:28:10.576,1.15309,1.15314,1.00,1.00
2016.09.06 10:28:10.797,1.15309,1.15314,1.50,1.00
2016.09.06 10:28:10.954,1.15309,1.15314,1.00,1.00
2016.09.06 10:28:12.135,1.15308,1.15313,1.87,1.00
2016.09.06 10:28:12.186,1.15308,1.15313,1.12,1.00
2016.09.06 10:28:12.237,1.15308,1.15313,1.00,1.00
2016.09.06 10:28:12.919,1.15308,1.15314,1.00,1.00
2016.09.06 10:28:16.017,1.15308,1.15314,1.50,1.00
2016.09.06 10:28:16.169,1.15308,1.15314,2.25,1.00
2016.09.06 10:28:16.337,1.15309,1.15314,1.00,1.00
2016.09.06 10:28:17.090,1.15309,1.15314,1.50,1.00
2016.09.06 10:28:17.704,1.15309,1.15316,1.50,2.25
2016.09.06 10:28:17.755,1.15309,1.15315,1.50,1.00
2016.09.06 10:28:17.948,1.15309,1.15316,1.50,1.50
2016.09.06 10:28:18.845,1.15309,1.15314,1.50,1.00
2016.09.06 10:28:18.898,1.1531,1.15314,1.00,1.00
2016.09.06 10:28:19.425,1.15309,1.15314,1.00,1.00
2016.09.06 10:28:19.995,1.15309,1.15314,1.25,1.00
2016.09.06 10:28:22.314,1.15309,1.15314,1.69,1.00
2016.09.06 10:28:22.481,1.1531,1.15315,1.00,1.00
2016.09.06 10:28:22.582,1.15312,1.15316,1.00,1.00
2016.09.06 10:28:23.662,1.15311,1.15316,1.00,1.00
2016.09.06 10:28:30.025,1.15311,1.15316,1.50,1.00
2016.09.06 10:28:30.398,1.15311,1.15316,1.00,1.00
2016.09.06 10:28:30.500,1.1531,1.15315,2.25,1.00
2016.09.06 10:28:30.551,1.1531,1.15315,1.50,1.00
2016.09.06 10:28:30.602,1.1531,1.15315,1.00,1.00
2016.09.06 10:28:30.703,1.1531,1.15315,1.00,1.50
2016.09.06 10:28:31.323,1.1531,1.15315,1.00,1.00
2016.09.06 10:28:31.381,1.1531,1.15315,1.00,1.50
2016.09.06 10:28:31.582,1.1531,1.15315,1.00,1.00
2016.09.06 10:28:31.785,1.1531,1.15315,1.00,1.50
2016.09.06 10:28:31.836,1.1531,1.15315,1.00,2.25
2016.09.06 10:28:32.334,1.15308,1.15311,1.50,1.00
2016.09.06 10:28:32.886,1.15308,1.15311,2.25,1.00
2016.09.06 10:28:33.455,1.15308,1.15311,1.50,1.00
2016.09.06 10:28:33.506,1.15308,1.15311,1.00,1.00
2016.09.06 10:28:33.866,1.15307,1.15311,4.12,1.00
2016.09.06 10:28:34.221,1.15307,1.15311,3.37,1.00
2016.09.06 10:28:34.272,1.15307,1.15311,2.62,1.00
2016.09.06 10:28:34.669,1.15308,1.15311,1.00,1.00
2016.09.06 10:28:34.770,1.15307,1.15311,4.50,1.00
2016.09.06 10:28:35.560,1.15307,1.15311,4.12,1.00
2016.09.06 10:28:35.663,1.15308,1.15311,1.00,1.00
2016.09.06 10:28:37.015,1.15308,1.15311,1.00,1.00
2016.09.06 10:28:40.345,1.15308,1.15313,1.00,1.00
2016.09.06 10:28:40.955,1.15308,1.15313,1.00,1.00
2016.09.06 10:28:41.245,1.15308,1.15313,1.00,1.00
2016.09.06 10:28:41.296,1.15309,1.15313,1.00,1.00
2016.09.06 10:28:42.294,1.15309,1.15313,1.00,1.00
2016.09.06 10:28:43.163,1.15309,1.15313,1.00,1.00
2016.09.06 10:28:44.984,1.15308,1.15311,1.00,1.00
2016.09.06 10:28:45.035,1.15308,1.1531,1.00,1.50
2016.09.06 10:28:45.086,1.15307,1.1531,1.12,1.50
2016.09.06 10:28:45.137,1.15305,1.1531,4.27,1.50
2016.09.06 10:28:45.188,1.15305,1.1531,2.32,1.50
2016.09.06 10:28:45.239,1.15305,1.1531,2.25,1.50
2016.09.06 10:28:45.341,1.15305,1.1531,2.25,1.00
2016.09.06 10:28:45.392,1.15305,1.1531,1.87,1.00
2016.09.06 10:28:45.443,1.15305,1.1531,1.50,1.50
2016.09.06 10:28:45.753,1.15305,1.1531,1.50,1.00
2016.09.06 10:28:45.860,1.15305,1.1531,1.57,1.50
2016.09.06 10:28:45.970,1.15305,1.1531,1.57,1.00
2016.09.06 10:28:46.072,1.15305,1.1531,1.57,1.50
2016.09.06 10:28:46.140,1.15307,1.1531,1.00,1.00
2016.09.06 10:28:46.241,1.15308,1.15312,1.00,1.00
2016.09.06 10:28:46.343,1.15308,1.15312,1.12,1.00
2016.09.06 10:28:46.394,1.15308,1.15312,1.50,1.00
2016.09.06 10:28:46.445,1.15311,1.15315,1.00,3.00
2016.09.06 10:28:46.496,1.15311,1.15315,1.00,1.50
2016.09.06 10:28:46.547,1.15311,1.15315,1.00,1.00
2016.09.06 10:28:46.648,1.15311,1.15316,1.00,2.40
2016.09.06 10:28:47.124,1.15311,1.15315,1.00,1.00
2016.09.06 10:28:47.226,1.15311,1.15316,1.00,1.20
2016.09.06 10:28:50.461,1.15312,1.15317,1.00,4.50
2016.09.06 10:28:50.512,1.15312,1.15317,1.00,3.00
2016.09.06 10:28:50.615,1.15313,1.15317,1.00,1.50
2016.09.06 10:28:50.665,1.15313,1.15317,1.00,1.00
2016.09.06 10:28:51.573,1.15313,1.15318,1.00,1.50
2016.09.06 10:28:54.388,1.15313,1.15318,1.00,2.25
2016.09.06 10:28:54.490,1.15313,1.15318,1.00,1.50
2016.09.06 10:28:54.756,1.15312,1.15317,1.00,1.00
2016.09.06 10:28:54.858,1.15312,1.15316,1.00,1.00
2016.09.06 10:28:55.450,1.1531,1.15314,1.00,1.00
2016.09.06 10:28:55.605,1.15308,1.15314,1.00,1.00
2016.09.06 10:28:55.759,1.15308,1.15313,1.00,1.50
2016.09.06 10:28:56.013,1.15306,1.15311,1.50,1.00
2016.09.06 10:28:56.064,1.15306,1.15311,1.50,1.12
2016.09.06 10:28:56.137,1.15305,1.1531,4.50,1.87
2016.09.06 10:28:56.245,1.15305,1.1531,4.12,1.87
2016.09.06 10:28:56.298,1.15305,1.15311,3.75,1.37
2016.09.06 10:28:56.350,1.15305,1.15311,1.50,1.37
2016.09.06 10:28:56.401,1.15305,1.15311,1.50,1.87
2016.09.06 10:28:56.452,1.15305,1.15311,1.50,1.95
2016.09.06 10:28:56.503,1.15305,1.15311,1.00,2.70
2016.09.06 10:28:56.554,1.15307,1.15311,1.00,1.10
2016.09.06 10:28:56.605,1.15307,1.15312,1.00,1.20
2016.09.06 10:28:56.757,1.15307,1.15313,1.00,1.00
2016.09.06 10:28:57.113,1.15309,1.15313,1.00,1.00
2016.09.06 10:28:57.177,1.1531,1.15313,1.00,1.00
2016.09.06 10:28:57.614,1.1531,1.15314,1.00,1.10
2016.09.06 10:28:57.719,1.1531,1.15314,1.00,3.07
2016.09.06 10:28:57.797,1.1531,1.15313,1.00,1.00
2016.09.06 10:28:58.000,1.1531,1.15313,1.00,1.00
2016.09.06 10:28:58.051,1.1531,1.15314,1.00,4.57
2016.09.06 10:28:58.102,1.15308,1.15312,1.00,1.50
2016.09.06 10:28:58.203,1.15307,1.15312,1.00,2.25
2016.09.06 10:28:58.317,1.15307,1.15311,1.00,1.00
2016.09.06 10:28:58.367,1.15306,1.15311,1.00,2.25
2016.09.06 10:28:58.469,1.15306,1.15311,1.00,2.62
2016.09.06 10:28:58.543,1.15306,1.15309,1.00,1.12
2016.09.06 10:28:58.595,1.15306,1.15308,1.00,1.00
2016.09.06 10:28:58.646,1.15306,1.15309,1.00,1.50
2016.09.06 10:28:59.487,1.15306,1.15309,1.00,1.00
2016.09.06 10:29:01.140,1.15306,1.1531,1.00,1.76
2016.09.06 10:29:01.271,1.15305,1.1531,1.50,1.76
2016.09.06 10:29:01.322,1.15305,1.1531,1.50,1.01
2016.09.06 10:29:01.374,1.15305,1.15311,1.50,4.01
2016.09.06 10:29:01.425,1.15305,1.15311,1.50,3.82
2016.09.06 10:29:01.475,1.15307,1.15311,1.00,3.82
2016.09.06 10:29:01.578,1.15307,1.15311,1.00,3.52
2016.09.06 10:29:01.781,1.15307,1.1531,1.00,1.00
2016.09.06 10:29:02.226,1.15307,1.1531,1.00,1.00
2016.09.06 10:29:02.359,1.15309,1.15312,1.00,2.25
2016.09.06 10:29:02.410,1.15309,1.15312,1.00,1.45
2016.09.06 10:29:02.461,1.15309,1.15313,1.00,2.25
2016.09.06 10:29:02.512,1.1531,1.15314,1.50,3.00
2016.09.06 10:29:02.563,1.1531,1.15314,1.50,3.07
2016.09.06 10:29:02.614,1.1531,1.15314,1.50,2.40
2016.09.06 10:29:02.715,1.1531,1.15314,1.50,1.65
2016.09.06 10:29:02.766,1.1531,1.15313,1.50,1.00
2016.09.06 10:29:02.925,1.1531,1.15313,1.00,1.00
2016.09.06 10:29:03.026,1.1531,1.15313,1.50,1.00
2016.09.06 10:29:03.498,1.1531,1.15313,1.00,1.00
2016.09.06 10:29:03.600,1.1531,1.15313,1.50,1.00
2016.09.06 10:29:03.701,1.1531,1.15313,1.00,1.00
2016.09.06 10:29:03.831,1.1531,1.15313,1.50,1.00
2016.09.06 10:29:03.882,1.1531,1.15314,1.50,1.65
2016.09.06 10:29:04.637,1.1531,1.15314,1.00,1.65
2016.09.06 10:29:04.912,1.15312,1.15314,1.00,1.20
2016.09.06 10:29:04.965,1.15312,1.15315,1.00,4.87
2016.09.06 10:29:05.015,1.15312,1.15315,1.00,3.75
2016.09.06 10:29:05.066,1.15312,1.15315,1.00,3.94
2016.09.06 10:29:05.356,1.15312,1.15315,1.00,3.00
2016.09.06 10:29:05.406,1.15312,1.15315,1.00,3.75
2016.09.06 10:29:05.457,1.15313,1.15315,1.00,1.65
2016.09.06 10:29:05.508,1.15313,1.15316,1.00,2.44
2016.09.06 10:29:05.559,1.15313,1.15316,1.00,1.84
2016.09.06 10:29:05.636,1.15314,1.15317,1.00,2.44
2016.09.06 10:29:06.438,1.15314,1.15317,1.50,2.44
2016.09.06 10:29:06.552,1.15313,1.15317,1.00,2.44
2016.09.06 10:29:06.739,1.15313,1.15317,1.00,1.69
2016.09.06 10:29:06.880,1.15314,1.15317,1.00,1.50
2016.09.06 10:29:07.767,1.15314,1.15317,1.00,1.69
2016.09.06 10:29:07.821,1.15314,1.15316,1.00,1.20
2016.09.06 10:29:07.930,1.15314,1.15317,1.00,2.44
2016.09.06 10:29:07.981,1.15314,1.15317,1.00,2.25
2016.09.06 10:29:08.101,1.15314,1.15317,1.00,1.50
2016.09.06 10:29:08.357,1.15314,1.15318,1.00,6.56
2016.09.06 10:29:08.408,1.15314,1.15318,1.00,5.81
2016.09.06 10:29:08.459,1.15315,1.15318,1.50,1.75
2016.09.06 10:29:08.510,1.15315,1.15319,1.50,1.87
2016.09.06 10:29:08.561,1.15315,1.15319,1.00,1.50
2016.09.06 10:29:08.612,1.15315,1.15319,1.50,1.12
2016.09.06 10:29:08.663,1.15315,1.15319,1.50,1.10
2016.09.06 10:29:08.866,1.15315,1.15319,1.50,1.20
2016.09.06 10:29:09.301,1.15315,1.1532,1.50,3.45
2016.09.06 10:29:09.453,1.15315,1.1532,1.00,3.45
2016.09.06 10:29:09.565,1.15315,1.1532,1.00,3.26
2016.09.06 10:29:09.717,1.15315,1.1532,1.50,3.26
2016.09.06 10:29:09.819,1.15315,1.1532,1.00,3.26
2016.09.06 10:29:09.920,1.15315,1.1532,1.50,3.26
2016.09.06 10:29:10.130,1.15315,1.1532,1.00,3.26
2016.09.06 10:29:10.333,1.15315,1.1532,1.50,2.51
2016.09.06 10:29:10.653,1.15315,1.1532,1.00,2.51
2016.09.06 10:29:11.047,1.15315,1.1532,1.50,2.51
2016.09.06 10:29:12.219,1.15315,1.1532,1.00,2.51
2016.09.06 10:29:12.320,1.15315,1.1532,1.50,2.51
2016.09.06 10:29:12.387,1.15317,1.1532,1.00,2.51
2016.09.06 10:29:12.489,1.15317,1.1532,1.00,2.14
2016.09.06 10:29:12.590,1.15317,1.1532,1.00,1.39
2016.09.06 10:29:12.692,1.15317,1.1532,1.00,1.01
2016.09.06 10:29:15.556,1.15316,1.15319,1.00,1.00
2016.09.06 10:29:15.607,1.15315,1.15319,1.50,1.50
2016.09.06 10:29:15.657,1.15315,1.15319,1.50,2.32
2016.09.06 10:29:15.759,1.15315,1.15319,1.00,2.32
2016.09.06 10:29:15.876,1.15315,1.15319,1.50,2.32
2016.09.06 10:29:16.130,1.15315,1.15319,1.00,2.32
2016.09.06 10:29:16.231,1.15315,1.15319,1.50,3.07
2016.09.06 10:29:16.660,1.15315,1.15319,1.50,2.32
2016.09.06 10:29:16.970,1.15315,1.15319,1.00,2.32
2016.09.06 10:29:17.124,1.15316,1.15319,1.00,1.10
2016.09.06 10:29:17.175,1.15316,1.15318,1.00,1.00
2016.09.06 10:29:17.277,1.15316,1.15319,1.00,1.10
2016.09.06 10:29:17.329,1.15317,1.15319,1.00,1.00
2016.09.06 10:29:17.380,1.15317,1.1532,1.00,1.01
2016.09.06 10:29:17.431,1.15318,1.15321,1.00,1.39
2016.09.06 10:29:17.482,1.15318,1.15322,1.00,2.62
2016.09.06 10:29:17.533,1.15316,1.15321,1.50,1.00
2016.09.06 10:29:17.659,1.15317,1.15322,1.00,1.00
2016.09.06 10:29:17.740,1.15317,1.15322,1.00,1.50
2016.09.06 10:29:17.893,1.15317,1.15322,1.00,1.00
2016.09.06 10:29:20.463,1.15316,1.15321,1.50,1.00
2016.09.06 10:29:20.566,1.15316,1.15321,1.00,1.00
2016.09.06 10:29:27.963,1.15316,1.15322,1.00,1.12
2016.09.06 10:29:28.013,1.15316,1.15323,1.00,2.25
2016.09.06 10:29:28.115,1.15316,1.15323,1.00,1.00
2016.09.06 10:29:28.166,1.15317,1.15324,1.00,2.59
2016.09.06 10:29:28.217,1.15317,1.15324,1.00,2.40
2016.09.06 10:29:28.304,1.15317,1.15324,1.00,2.32
2016.09.06 10:29:28.355,1.15317,1.15324,1.00,2.25
2016.09.06 10:29:29.410,1.15318,1.15324,1.00,2.25
2016.09.06 10:29:29.788,1.15319,1.15324,1.00,3.00
2016.09.06 10:29:29.903,1.15319,1.15324,1.00,2.25
2016.09.06 10:29:30.249,1.15319,1.15324,1.00,1.50
2016.09.06 10:29:30.899,1.1532,1.15324,1.00,1.00
2016.09.06 10:29:31.716,1.15318,1.15323,1.00,1.00
2016.09.06 10:29:31.870,1.15314,1.1532,2.40,1.00
2016.09.06 10:29:31.921,1.15314,1.15319,2.40,1.50
2016.09.06 10:29:31.972,1.15314,1.15319,1.00,1.50
2016.09.06 10:29:32.023,1.15314,1.15318,1.00,1.00
2016.09.06 10:29:32.539,1.15313,1.15318,1.00,1.00
2016.09.06 10:29:33.005,1.15314,1.15319,1.00,1.50
2016.09.06 10:29:33.157,1.15314,1.15319,1.00,1.00
2016.09.06 10:29:33.309,1.15314,1.15319,1.00,1.50
2016.09.06 10:29:34.811,1.15314,1.15317,1.00,1.00
2016.09.06 10:29:35.322,1.15314,1.15318,1.00,1.50
2016.09.06 10:29:35.611,1.15314,1.15318,1.00,1.00
2016.09.06 10:29:36.811,1.15312,1.15317,2.25,1.00
2016.09.06 10:29:36.913,1.15312,1.15317,1.50,1.00
2016.09.06 10:29:39.095,1.15312,1.15317,1.50,1.19
2016.09.06 10:29:39.522,1.15313,1.15318,1.00,1.19
2016.09.06 10:29:39.625,1.15314,1.15319,1.00,2.06
2016.09.06 10:29:39.677,1.15314,1.15319,1.50,2.06
2016.09.06 10:29:39.728,1.15314,1.15319,1.50,1.19
2016.09.06 10:29:39.831,1.15315,1.1532,1.00,1.69
2016.09.06 10:29:39.882,1.15317,1.1532,1.00,1.00
2016.09.06 10:29:39.933,1.15317,1.15321,1.00,1.65
2016.09.06 10:29:39.984,1.15317,1.15321,1.00,1.50
2016.09.06 10:29:40.035,1.15317,1.15321,1.00,1.00
2016.09.06 10:29:40.300,1.15315,1.15319,1.50,1.00
2016.09.06 10:29:40.351,1.15313,1.15318,1.95,1.00
2016.09.06 10:29:40.402,1.15313,1.15318,1.85,1.00
2016.09.06 10:29:40.454,1.15313,1.15318,1.75,1.00
2016.09.06 10:29:40.505,1.15313,1.15318,1.00,1.00
2016.09.06 10:29:41.390,1.15313,1.15316,1.00,1.12
2016.09.06 10:29:41.442,1.1531,1.15312,1.65,1.00
2016.09.06 10:29:41.493,1.15307,1.15308,5.62,1.00
2016.09.06 10:29:41.544,1.15307,1.15308,4.12,1.00
2016.09.06 10:29:41.595,1.15304,1.15308,3.00,1.00
2016.09.06 10:29:41.646,1.15304,1.15308,2.25,1.00
2016.09.06 10:29:42.369,1.15303,1.15308,1.00,1.00
2016.09.06 10:29:42.420,1.15304,1.1531,1.00,3.00
2016.09.06 10:29:42.523,1.15304,1.1531,1.00,2.25
2016.09.06 10:29:42.828,1.15304,1.1531,1.00,1.50
2016.09.06 10:29:42.929,1.15304,1.1531,1.00,2.25
2016.09.06 10:29:43.031,1.15304,1.1531,1.00,1.50
2016.09.06 10:29:43.132,1.15306,1.1531,1.00,1.00
2016.09.06 10:29:43.257,1.15306,1.15311,1.00,1.00
2016.09.06 10:29:43.728,1.15306,1.15311,1.50,1.00
2016.09.06 10:29:44.186,1.15307,1.15311,1.00,1.00
2016.09.06 10:29:44.604,1.15306,1.15311,1.00,1.00
2016.09.06 10:29:44.655,1.15306,1.15313,1.00,1.00
2016.09.06 10:29:44.706,1.15305,1.15311,3.00,1.00
2016.09.06 10:29:44.757,1.15305,1.15311,1.12,1.50
2016.09.06 10:29:44.808,1.15304,1.15311,1.25,1.00
2016.09.06 10:29:44.910,1.15304,1.15311,1.25,1.50
2016.09.06 10:29:45.400,1.15304,1.15309,1.25,1.00
2016.09.06 10:29:45.654,1.15304,1.15309,1.00,1.00
2016.09.06 10:29:45.810,1.15303,1.15309,1.50,1.00
2016.09.06 10:29:47.059,1.15305,1.15309,1.00,1.00
2016.09.06 10:29:48.214,1.15305,1.1531,1.00,1.50
2016.09.06 10:29:48.714,1.15305,1.1531,1.00,1.00
2016.09.06 10:29:48.817,1.15305,1.1531,1.00,1.50
2016.09.06 10:29:49.021,1.15305,1.1531,1.00,1.00
2016.09.06 10:29:49.745,1.15304,1.15309,1.20,1.00
2016.09.06 10:29:49.797,1.15303,1.15309,3.00,1.00
2016.09.06 10:29:49.847,1.15306,1.15311,1.00,1.50
2016.09.06 10:29:49.898,1.15304,1.15311,1.65,1.00
2016.09.06 10:29:50.405,1.15304,1.15311,2.40,1.00
2016.09.06 10:29:50.456,1.15304,1.15311,3.52,1.00
2016.09.06 10:29:50.508,1.15305,1.15311,1.00,1.00
2016.09.06 10:29:50.668,1.15305,1.15311,1.87,1.00
2016.09.06 10:29:50.754,1.15305,1.15311,2.62,1.00
2016.09.06 10:29:50.856,1.15305,1.15311,1.87,1.00
2016.09.06 10:29:51.248,1.15305,1.15311,2.62,1.00
2016.09.06 10:29:52.123,1.15305,1.15311,1.87,1.00
2016.09.06 10:29:52.250,1.15306,1.15311,1.00,1.00
2016.09.06 10:29:52.994,1.15307,1.15311,1.00,1.00
2016.09.06 10:29:53.147,1.15307,1.15313,1.00,2.62
2016.09.06 10:29:53.198,1.15308,1.15313,1.00,1.00
2016.09.06 10:29:53.249,1.15308,1.15314,1.00,1.00
2016.09.06 10:29:53.300,1.15308,1.15314,1.87,1.00
2016.09.06 10:29:53.351,1.15308,1.15314,1.87,1.50
2016.09.06 10:29:53.793,1.15309,1.15314,1.00,1.00
2016.09.06 10:29:53.844,1.15309,1.15315,1.50,1.87
2016.09.06 10:29:53.895,1.15309,1.15316,3.00,1.57
2016.09.06 10:29:53.946,1.15309,1.15316,3.37,2.25
2016.09.06 10:29:53.997,1.15309,1.15316,2.25,2.25
2016.09.06 10:29:54.099,1.15309,1.15316,3.37,2.25
2016.09.06 10:29:54.646,1.15309,1.15314,2.62,1.00
2016.09.06 10:29:54.849,1.1531,1.15314,1.00,1.00
2016.09.06 10:29:55.211,1.15309,1.15312,1.87,1.00
2016.09.06 10:29:55.262,1.15309,1.15312,1.00,1.00
2016.09.06 10:29:55.509,1.15308,1.15313,1.25,1.00
2016.09.06 10:29:55.560,1.15309,1.15315,1.00,1.50
2016.09.06 10:29:55.612,1.1531,1.15315,1.00,1.50
2016.09.06 10:29:55.662,1.1531,1.15315,1.87,1.50
2016.09.06 10:29:55.713,1.1531,1.15315,2.25,1.50
2016.09.06 10:29:55.815,1.1531,1.15315,3.15,1.50
2016.09.06 10:29:56.213,1.1531,1.15315,2.40,1.50
2016.09.06 10:29:56.287,1.1531,1.15315,2.40,1.00
2016.09.06 10:29:56.338,1.1531,1.15315,2.40,1.50
2016.09.06 10:29:57.064,1.1531,1.15315,3.15,1.50
2016.09.06 10:29:57.166,1.1531,1.15315,3.15,1.00
2016.09.06 10:29:57.465,1.1531,1.15315,3.15,1.50
2016.09.06 10:29:57.567,1.1531,1.15315,3.15,1.00
2016.09.06 10:29:57.763,1.1531,1.15315,3.15,1.50
2016.09.06 10:29:58.162,1.1531,1.15315,3.15,1.00
2016.09.06 10:29:58.267,1.1531,1.15315,3.15,1.50
2016.09.06 10:29:59.088,1.1531,1.15315,2.02,1.50
2016.09.06 10:29:59.523,1.1531,1.15315,2.77,1.50
2016.09.06 10:29:59.574,1.15311,1.15315,1.12,1.50
2016.09.06 10:29:59.727,1.15311,1.15315,1.50,1.50
2016.09.06 10:30:00.027,1.1531,1.15315,3.52,1.00
2016.09.06 10:30:00.077,1.1531,1.15315,3.52,1.50
2016.09.06 10:30:00.179,1.1531,1.15314,2.77,1.00
2016.09.06 10:30:00.230,1.1531,1.15314,2.02,1.00
2016.09.06 10:30:00.281,1.1531,1.15314,1.20,1.00
2016.09.06 10:30:00.332,1.15309,1.15314,3.37,1.00
2016.09.06 10:30:00.383,1.1531,1.15314,1.50,1.00
2016.09.06 10:30:00.435,1.1531,1.15314,1.12,1.00
2016.09.06 10:30:00.638,1.1531,1.15312,1.12,1.00
2016.09.06 10:30:00.688,1.15308,1.15312,1.95,1.00
2016.09.06 10:30:00.739,1.15308,1.15312,1.20,1.00
2016.09.06 10:30:00.790,1.15307,1.15312,5.32,1.00
2016.09.06 10:30:01.181,1.15307,1.15312,4.57,1.00
2016.09.06 10:30:01.626,1.15307,1.15312,5.32,1.00
2016.09.06 10:30:01.732,1.15308,1.15312,1.00,1.00
2016.09.06 10:30:03.040,1.15309,1.15313,1.00,1.50
2016.09.06 10:30:03.091,1.15309,1.15313,1.00,1.00
2016.09.06 10:30:05.558,1.15309,1.15312,1.00,1.00
2016.09.06 10:30:05.812,1.15309,1.15312,1.00,1.50
2016.09.06 10:30:06.496,1.15309,1.15312,1.00,1.00
2016.09.06 10:30:06.713,1.15309,1.15312,1.00,1.25
2016.09.06 10:30:08.540,1.1531,1.15312,1.00,1.25
2016.09.06 10:30:09.536,1.1531,1.15312,1.00,1.00
2016.09.06 10:30:10.101,1.15309,1.15312,1.00,1.00
2016.09.06 10:30:10.153,1.15309,1.15313,1.00,1.25
2016.09.06 10:30:11.633,1.15309,1.15313,1.00,1.00
2016.09.06 10:30:12.828,1.15309,1.15311,1.00,1.00
2016.09.06 10:30:13.076,1.15305,1.15309,1.00,1.00
2016.09.06 10:30:13.432,1.15305,1.15309,1.00,1.00
2016.09.06 10:30:14.083,1.15305,1.15308,1.00,1.00
2016.09.06 10:30:17.156,1.15305,1.15308,1.00,1.00
2016.09.06 10:30:17.667,1.15305,1.15307,1.00,1.00
2016.09.06 10:30:18.367,1.15305,1.15308,1.00,1.00
2016.09.06 10:30:18.875,1.15306,1.15308,1.00,1.00
2016.09.06 10:30:19.175,1.15304,1.15306,1.50,1.00
2016.09.06 10:30:19.226,1.15303,1.15306,1.57,1.00
2016.09.06 10:30:19.277,1.15303,1.15305,1.00,1.50
2016.09.06 10:30:19.379,1.15303,1.15305,1.00,1.00
2016.09.06 10:30:19.481,1.15303,1.15305,1.00,1.50
2016.09.06 10:30:19.531,1.15303,1.15305,1.00,1.50
2016.09.06 10:30:19.602,1.15303,1.15305,1.00,1.00
2016.09.06 10:30:19.654,1.15303,1.15305,1.50,1.00
2016.09.06 10:30:19.705,1.15302,1.15305,3.56,1.00
2016.09.06 10:30:19.757,1.15303,1.15305,1.87,1.00
2016.09.06 10:30:19.859,1.15303,1.15308,1.87,1.00
2016.09.06 10:30:19.910,1.15305,1.15308,1.00,1.00
2016.09.06 10:30:20.164,1.15306,1.15308,1.12,1.00
2016.09.06 10:30:20.382,1.15307,1.15308,1.00,1.00
2016.09.06 10:30:20.486,1.15305,1.15309,3.37,1.00
2016.09.06 10:30:20.537,1.15305,1.15309,2.62,1.00
2016.09.06 10:30:20.589,1.15304,1.15308,1.85,1.00
2016.09.06 10:30:20.691,1.15303,1.15308,2.25,1.00
2016.09.06 10:30:20.996,1.15303,1.15308,1.12,1.00
2016.09.06 10:30:21.365,1.15303,1.15307,1.00,1.00
2016.09.06 10:30:21.467,1.15303,1.15305,1.00,1.00
2016.09.06 10:30:21.999,1.15302,1.15305,1.00,1.00
2016.09.06 10:30:22.296,1.15302,1.15304,1.87,1.00
2016.09.06 10:30:22.398,1.15302,1.15303,1.00,1.00
2016.09.06 10:30:22.449,1.153,1.15303,2.00,1.00
2016.09.06 10:30:22.533,1.15301,1.15303,1.00,1.00
2016.09.06 10:30:23.978,1.15301,1.15303,1.50,1.00
2016.09.06 10:30:24.640,1.15301,1.15304,1.50,1.00
2016.09.06 10:30:24.691,1.15302,1.15304,1.00,1.00
2016.09.06 10:30:24.742,1.15302,1.15305,1.00,1.50
2016.09.06 10:30:24.793,1.15302,1.15305,1.12,1.50
2016.09.06 10:30:24.844,1.15302,1.15305,1.31,1.50
2016.09.06 10:30:25.056,1.15302,1.15305,1.31,1.00
2016.09.06 10:30:25.255,1.15302,1.15305,1.31,1.50
2016.09.06 10:30:25.598,1.15302,1.15305,1.31,1.00
2016.09.06 10:30:25.707,1.15302,1.15305,1.25,1.00
2016.09.06 10:30:25.859,1.15302,1.15305,1.25,1.50
2016.09.06 10:30:26.359,1.15302,1.15305,1.25,1.00
2016.09.06 10:30:26.647,1.15302,1.15305,1.25,1.50
2016.09.06 10:30:27.263,1.15302,1.15305,1.25,1.00
2016.09.06 10:30:28.068,1.15302,1.15305,1.25,1.50
2016.09.06 10:30:28.169,1.15302,1.15305,1.25,1.00
2016.09.06 10:30:28.683,1.15302,1.15305,1.25,1.50
2016.09.06 10:30:29.279,1.15302,1.15305,1.25,1.00
2016.09.06 10:30:29.564,1.15302,1.15305,1.25,1.50
2016.09.06 10:30:29.778,1.15302,1.15304,1.25,1.00
2016.09.06 10:30:29.828,1.15301,1.15304,2.06,1.00
2016.09.06 10:30:29.880,1.15301,1.15304,1.12,1.00
2016.09.06 10:30:29.931,1.15301,1.15304,1.00,1.00
2016.09.06 10:30:30.084,1.15301,1.15304,1.00,1.00
2016.09.06 10:30:31.171,1.15301,1.15304,1.12,1.00
2016.09.06 10:30:31.860,1.15302,1.15306,1.00,1.00
2016.09.06 10:30:31.911,1.15304,1.15305,1.00,1.00
2016.09.06 10:30:31.962,1.15304,1.15308,1.31,1.50
2016.09.06 10:30:32.076,1.15305,1.15308,1.19,1.00
2016.09.06 10:30:32.128,1.15307,1.1531,1.00,1.00
2016.09.06 10:30:32.179,1.15309,1.15314,2.44,1.57
2016.09.06 10:30:32.231,1.1531,1.15312,1.87,1.00
2016.09.06 10:30:32.282,1.15311,1.15312,1.12,1.00
2016.09.06 10:30:32.332,1.15309,1.15312,3.52,1.00
2016.09.06 10:30:32.383,1.1531,1.15312,1.00,1.00
2016.09.06 10:30:32.908,1.15309,1.15311,1.00,1.00
2016.09.06 10:30:33.104,1.15308,1.15311,3.37,1.00
2016.09.06 10:30:34.512,1.15308,1.15311,2.62,1.00
2016.09.06 10:30:35.042,1.15309,1.15312,1.00,1.00
2016.09.06 10:30:35.144,1.15309,1.15312,1.00,1.00
2016.09.06 10:30:35.245,1.15308,1.15312,3.75,1.00
2016.09.06 10:30:35.296,1.15308,1.15311,3.37,1.00
2016.09.06 10:30:35.347,1.15308,1.15312,1.50,1.00
2016.09.06 10:30:35.398,1.15308,1.15312,1.87,1.00
2016.09.06 10:30:35.501,1.15308,1.15312,1.00,1.00
2016.09.06 10:30:35.551,1.15308,1.15312,1.00,1.00
2016.09.06 10:30:35.653,1.15307,1.15312,1.95,1.00
2016.09.06 10:30:35.704,1.15306,1.1531,2.89,1.00
2016.09.06 10:30:35.768,1.15306,1.1531,2.59,1.00
2016.09.06 10:30:35.870,1.15306,1.1531,2.32,1.50
2016.09.06 10:30:35.921,1.15306,1.1531,2.32,1.00
2016.09.06 10:30:36.678,1.15306,1.1531,2.32,1.00
2016.09.06 10:30:36.729,1.15306,1.1531,1.57,1.00
2016.09.06 10:30:39.270,1.15306,1.1531,1.76,1.00
2016.09.06 10:30:39.321,1.15308,1.1531,1.00,1.00
2016.09.06 10:30:39.625,1.15305,1.15307,1.00,1.00
2016.09.06 10:30:39.676,1.15305,1.15306,1.00,1.00
2016.09.06 10:30:39.727,1.15303,1.15307,2.25,1.00
2016.09.06 10:30:39.778,1.15303,1.15306,1.37,1.00
2016.09.06 10:30:39.845,1.15303,1.15306,1.00,1.00
2016.09.06 10:30:39.897,1.15303,1.15305,1.00,1.00
2016.09.06 10:30:40.049,1.15302,1.15305,1.10,1.00
2016.09.06 10:30:40.100,1.15302,1.15305,1.20,1.00
2016.09.06 10:30:40.151,1.15302,1.15305,1.12,1.00
2016.09.06 10:30:40.202,1.153,1.15305,3.75,1.00
2016.09.06 10:30:40.253,1.153,1.15305,4.87,1.00
2016.09.06 10:30:40.429,1.153,1.15305,3.00,1.00
2016.09.06 10:30:40.633,1.15302,1.15304,1.00,1.00
2016.09.06 10:30:40.735,1.153,1.15304,4.65,1.00
2016.09.06 10:30:40.786,1.153,1.15304,3.90,1.00
2016.09.06 10:30:40.837,1.153,1.15304,5.77,1.00
2016.09.06 10:30:40.890,1.153,1.15304,5.02,1.00
2016.09.06 10:30:41.045,1.15301,1.15304,1.12,1.00
2016.09.06 10:30:41.872,1.153,1.15304,3.52,1.00
2016.09.06 10:30:41.923,1.153,1.15304,4.27,1.00
2016.09.06 10:30:41.992,1.153,1.15304,3.52,1.00
2016.09.06 10:30:42.237,1.15302,1.15304,1.00,1.00
2016.09.06 10:30:42.288,1.15302,1.15305,1.00,1.50
2016.09.06 10:30:42.440,1.15302,1.15305,1.00,1.00
2016.09.06 10:30:42.798,1.15302,1.15305,1.00,1.50
2016.09.06 10:30:42.849,1.15302,1.15304,1.00,1.00
2016.09.06 10:30:43.234,1.15301,1.15304,1.00,1.00
2016.09.06 10:30:43.284,1.15301,1.15304,1.00,1.00
2016.09.06 10:30:43.741,1.15301,1.15305,1.00,1.50
2016.09.06 10:30:43.898,1.15301,1.15305,1.00,1.00
2016.09.06 10:30:44.138,1.15301,1.15305,1.87,1.00
2016.09.06 10:30:44.240,1.15301,1.15305,2.25,1.50
2016.09.06 10:30:45.403,1.15303,1.15305,1.00,1.00
2016.09.06 10:30:45.454,1.15306,1.15308,1.00,1.00
2016.09.06 10:30:45.505,1.15306,1.1531,1.00,1.57
2016.09.06 10:30:45.638,1.15306,1.1531,1.00,1.50
2016.09.06 10:30:46.114,1.15306,1.1531,1.00,1.00
2016.09.06 10:30:46.403,1.15306,1.1531,1.00,1.50
2016.09.06 10:30:47.395,1.15306,1.15308,1.00,1.00
2016.09.06 10:30:47.446,1.15305,1.15308,1.50,1.00
2016.09.06 10:30:47.548,1.15305,1.15307,1.00,1.00
2016.09.06 10:30:47.599,1.15303,1.15306,1.10,1.00
2016.09.06 10:30:47.701,1.15302,1.15305,1.87,1.00
2016.09.06 10:30:47.752,1.15302,1.15305,1.50,1.50
2016.09.06 10:30:47.803,1.15302,1.15305,1.00,1.50
2016.09.06 10:30:47.955,1.15301,1.15305,1.50,1.50
2016.09.06 10:30:48.014,1.15301,1.15304,1.00,1.00
2016.09.06 10:30:48.388,1.153,1.15303,1.50,1.00
2016.09.06 10:30:48.439,1.15298,1.15302,2.32,1.00
2016.09.06 10:30:48.490,1.15298,1.15302,1.95,1.00
2016.09.06 10:30:48.541,1.15297,1.15302,6.71,1.00
2016.09.06 10:30:48.642,1.15297,1.15302,5.59,1.00
2016.09.06 10:30:48.756,1.15298,1.15302,1.12,1.00
2016.09.06 10:30:48.858,1.15298,1.15302,2.25,1.00
2016.09.06 10:30:49.845,1.15298,1.15302,1.12,1.00
2016.09.06 10:30:50.000,1.15299,1.15304,2.25,1.00
2016.09.06 10:30:50.052,1.15303,1.15306,1.00,1.50
2016.09.06 10:30:50.103,1.15303,1.15306,1.00,1.00
2016.09.06 10:30:50.155,1.15303,1.15307,1.12,1.00
2016.09.06 10:30:50.256,1.15303,1.15307,1.00,1.00
2016.09.06 10:30:50.358,1.15303,1.15307,1.87,1.00
2016.09.06 10:30:50.561,1.15303,1.15307,1.00,1.00
2016.09.06 10:30:50.665,1.15303,1.15307,1.87,1.00
2016.09.06 10:30:51.346,1.15303,1.15308,3.37,1.00
2016.09.06 10:30:51.397,1.15304,1.15309,1.00,1.00
2016.09.06 10:30:51.499,1.15306,1.15309,1.19,1.00
2016.09.06 10:30:51.601,1.15306,1.15309,1.25,1.00
2016.09.06 10:30:52.261,1.15306,1.15309,1.69,1.00
2016.09.06 10:30:52.497,1.15306,1.1531,1.69,1.00
2016.09.06 10:30:52.548,1.15306,1.15311,2.44,1.00
2016.09.06 10:30:52.801,1.15306,1.15309,1.50,1.00
2016.09.06 10:30:52.852,1.15306,1.15309,1.00,1.00
2016.09.06 10:30:53.106,1.15304,1.15309,3.71,1.00
2016.09.06 10:30:53.207,1.15305,1.15309,1.00,1.00
2016.09.06 10:30:54.000,1.15303,1.15309,6.19,1.00
2016.09.06 10:30:54.051,1.15303,1.15309,3.94,1.00
2016.09.06 10:30:54.164,1.15303,1.15309,2.81,1.00
2016.09.06 10:30:54.215,1.15303,1.15309,2.44,1.00
2016.09.06 10:30:54.266,1.15303,1.15309,2.06,1.00
2016.09.06 10:30:55.053,1.15303,1.15309,1.69,1.00
2016.09.06 10:30:55.163,1.15303,1.15309,2.81,1.00
2016.09.06 10:30:55.268,1.15303,1.15309,1.69,1.00
2016.09.06 10:30:55.370,1.15303,1.15309,2.81,1.00
2016.09.06 10:30:55.425,1.15303,1.15309,1.69,1.00
2016.09.06 10:30:55.939,1.15303,1.1531,2.44,1.50
2016.09.06 10:30:55.991,1.15304,1.1531,1.56,1.00
2016.09.06 10:30:56.042,1.15304,1.1531,1.31,1.50
2016.09.06 10:30:56.310,1.15305,1.1531,1.69,1.00
2016.09.06 10:30:56.361,1.15305,1.1531,2.81,1.00
2016.09.06 10:30:56.412,1.15305,1.1531,3.56,1.00
2016.09.06 10:30:56.463,1.15305,1.15311,3.56,1.50
2016.09.06 10:30:56.567,1.15305,1.1531,1.69,1.00
2016.09.06 10:30:56.948,1.15305,1.15311,2.81,1.50
2016.09.06 10:30:57.075,1.15305,1.1531,2.81,1.00
2016.09.06 10:30:57.734,1.15305,1.15311,2.81,2.25
2016.09.06 10:30:57.835,1.15305,1.1531,2.81,1.00
2016.09.06 10:30:59.736,1.15305,1.1531,2.81,1.00
2016.09.06 10:31:00.147,1.15305,1.15311,2.81,2.25
2016.09.06 10:31:00.198,1.15305,1.15311,2.81,1.50
2016.09.06 10:31:00.249,1.15305,1.1531,2.81,1.00
2016.09.06 10:31:00.982,1.15305,1.15311,2.81,1.50
2016.09.06 10:31:01.083,1.15305,1.1531,2.81,1.00
2016.09.06 10:31:01.146,1.15306,1.1531,1.00,1.00
2016.09.06 10:31:01.277,1.15306,1.15311,1.00,1.00
2016.09.06 10:31:01.737,1.15306,1.15311,1.25,1.00
2016.09.06 10:31:02.298,1.15306,1.15311,1.69,1.00
2016.09.06 10:31:02.670,1.15306,1.15311,1.50,1.00
2016.09.06 10:31:03.343,1.15306,1.15311,1.00,1.00
2016.09.06 10:31:03.935,1.15306,1.15311,1.50,1.00
2016.09.06 10:31:07.415,1.15306,1.15311,1.00,1.00
2016.09.06 10:31:08.605,1.15305,1.15311,2.25,1.12
2016.09.06 10:31:08.657,1.15305,1.15311,2.25,1.87
2016.09.06 10:31:08.809,1.15305,1.15311,1.50,1.12
2016.09.06 10:31:08.861,1.15305,1.15311,1.00,1.12
2016.09.06 10:31:10.218,1.15305,1.15311,1.00,1.12
2016.09.06 10:31:10.269,1.15304,1.15309,1.20,1.12
2016.09.06 10:31:10.320,1.15304,1.15309,1.10,1.12
2016.09.06 10:31:10.370,1.15304,1.15309,1.00,1.50
2016.09.06 10:31:11.286,1.15303,1.15308,3.90,1.00
2016.09.06 10:31:11.391,1.15303,1.15308,3.15,1.00
2016.09.06 10:31:12.502,1.15303,1.15308,2.77,1.00
2016.09.06 10:31:12.800,1.15304,1.15308,1.19,1.00
2016.09.06 10:31:12.852,1.15307,1.15314,1.69,1.50
2016.09.06 10:31:12.935,1.15307,1.15314,1.69,2.25
2016.09.06 10:31:12.992,1.15307,1.15314,2.14,1.50
2016.09.06 10:31:13.074,1.15307,1.15314,2.21,1.50
2016.09.06 10:31:13.609,1.15307,1.15314,2.21,1.00
2016.09.06 10:31:13.785,1.15309,1.15314,1.50,1.00
2016.09.06 10:31:14.747,1.15311,1.15315,1.00,1.00
2016.09.06 10:31:14.798,1.15311,1.15316,1.00,1.50
2016.09.06 10:31:14.849,1.15312,1.15316,1.19,1.00
2016.09.06 10:31:14.900,1.15311,1.15316,1.31,1.00
2016.09.06 10:31:14.952,1.15312,1.15317,1.19,1.57
2016.09.06 10:31:15.003,1.15312,1.15317,1.19,1.00
2016.09.06 10:31:15.376,1.15312,1.15317,1.25,1.00
2016.09.06 10:31:16.454,1.15312,1.15317,1.19,1.00
2016.09.06 10:31:16.750,1.15313,1.15318,1.69,1.12
2016.09.06 10:31:16.801,1.15315,1.15319,1.00,2.70
2016.09.06 10:31:16.852,1.15315,1.15319,1.00,2.62
2016.09.06 10:31:16.903,1.15315,1.15319,1.00,1.87
2016.09.06 10:31:16.955,1.15315,1.15319,1.00,1.12
2016.09.06 10:31:17.006,1.15315,1.1532,1.00,2.62
2016.09.06 10:31:17.158,1.15315,1.1532,1.00,3.37
2016.09.06 10:31:17.209,1.15315,1.1532,1.00,2.62
2016.09.06 10:31:17.361,1.15315,1.15319,1.00,1.12
2016.09.06 10:31:17.463,1.15314,1.15319,1.00,1.87
2016.09.06 10:31:17.565,1.15314,1.15319,1.00,2.25
2016.09.06 10:31:17.679,1.15314,1.15319,1.00,3.00
2016.09.06 10:31:17.780,1.15314,1.15319,1.25,3.00
2016.09.06 10:31:18.477,1.15314,1.15319,1.25,1.87
2016.09.06 10:31:18.528,1.15314,1.15319,1.25,1.12
2016.09.06 10:31:19.292,1.15314,1.15319,1.25,1.00
2016.09.06 10:31:19.847,1.15311,1.15316,4.09,1.00
2016.09.06 10:31:19.898,1.15311,1.15315,1.39,1.00
2016.09.06 10:31:19.999,1.15311,1.15315,1.29,1.50
2016.09.06 10:31:20.051,1.1531,1.15315,1.19,1.00
2016.09.06 10:31:20.102,1.1531,1.15316,1.69,1.10
2016.09.06 10:31:20.153,1.1531,1.15316,1.69,2.32
2016.09.06 10:31:20.204,1.15311,1.15316,1.19,3.07
2016.09.06 10:31:20.254,1.15311,1.15316,1.19,2.32
2016.09.06 10:31:20.306,1.15311,1.15316,1.19,1.57
2016.09.06 10:31:20.357,1.15312,1.15316,1.25,1.10
2016.09.06 10:31:20.407,1.15312,1.15317,1.25,1.50
2016.09.06 10:31:20.611,1.15312,1.15317,1.25,1.00
2016.09.06 10:31:21.514,1.15313,1.15318,1.00,1.50
2016.09.06 10:31:21.565,1.15315,1.15318,1.00,1.00
2016.09.06 10:31:21.616,1.15315,1.1532,1.00,1.10
2016.09.06 10:31:21.667,1.15315,1.15321,1.00,3.75
2016.09.06 10:31:21.747,1.15316,1.15321,1.00,3.00
2016.09.06 10:31:21.799,1.15316,1.15321,1.00,2.25
2016.09.06 10:31:22.002,1.15316,1.15321,1.00,3.37
2016.09.06 10:31:22.486,1.15316,1.15321,1.50,3.37
2016.09.06 10:31:22.936,1.15316,1.15321,1.50,2.25
2016.09.06 10:31:22.986,1.15316,1.15321,1.50,1.50
2016.09.06 10:31:23.037,1.15316,1.15321,1.50,1.00
2016.09.06 10:31:23.866,1.15316,1.15322,1.50,1.00
2016.09.06 10:31:23.917,1.1532,1.15323,1.00,1.09
2016.09.06 10:31:23.968,1.1532,1.15323,1.00,1.10
2016.09.06 10:31:24.052,1.1532,1.15325,1.00,2.25
2016.09.06 10:31:24.104,1.15321,1.15323,1.00,1.00
2016.09.06 10:31:24.155,1.1532,1.15323,1.50,1.00
2016.09.06 10:31:24.206,1.1532,1.15321,1.00,1.50
2016.09.06 10:31:24.257,1.15315,1.1532,2.62,1.00
2016.09.06 10:31:24.309,1.15314,1.15321,1.69,1.50
2016.09.06 10:31:24.360,1.15315,1.1532,1.25,1.50
2016.09.06 10:31:24.461,1.15315,1.1532,1.69,1.00
2016.09.06 10:31:24.512,1.15315,1.1532,1.69,1.50
2016.09.06 10:31:24.563,1.15315,1.1532,1.25,1.87
2016.09.06 10:31:24.614,1.15315,1.1532,1.25,1.50
2016.09.06 10:31:24.664,1.15314,1.15319,1.19,1.00
2016.09.06 10:31:24.817,1.15315,1.1532,1.25,1.50
2016.09.06 10:31:24.868,1.15315,1.1532,1.31,1.00
2016.09.06 10:31:24.920,1.15315,1.15321,2.06,1.12
2016.09.06 10:31:25.001,1.15315,1.15322,2.06,2.21
2016.09.06 10:31:25.205,1.15315,1.15322,2.06,2.14
2016.09.06 10:31:25.255,1.15315,1.15322,2.06,1.69
2016.09.06 10:31:25.618,1.15315,1.15322,1.31,1.69
2016.09.06 10:31:25.996,1.15315,1.15322,2.06,1.69
2016.09.06 10:31:26.149,1.15315,1.1532,2.06,1.00
2016.09.06 10:31:26.621,1.15315,1.1532,1.31,1.00
2016.09.06 10:31:26.721,1.15315,1.1532,2.06,1.00
2016.09.06 10:31:26.873,1.15315,1.1532,1.69,1.00
2016.09.06 10:31:27.435,1.15315,1.1532,1.19,1.00
2016.09.06 10:31:27.537,1.15314,1.1532,1.19,1.50
2016.09.06 10:31:27.588,1.15313,1.1532,1.56,1.50
2016.09.06 10:31:27.638,1.15313,1.1532,1.56,2.62
2016.09.06 10:31:27.740,1.15313,1.15319,1.56,1.00
2016.09.06 10:31:28.246,1.15313,1.15318,1.56,1.00
2016.09.06 10:31:28.578,1.15313,1.15318,1.31,1.00
2016.09.06 10:31:29.476,1.15313,1.15318,1.31,1.50
2016.09.06 10:31:29.998,1.15314,1.15318,1.19,1.00
2016.09.06 10:31:30.049,1.15314,1.15319,1.19,1.00
2016.09.06 10:31:30.307,1.15313,1.15319,1.31,1.00
2016.09.06 10:31:30.358,1.15313,1.15316,1.00,1.00
2016.09.06 10:31:30.460,1.15313,1.15317,1.00,1.50
2016.09.06 10:31:30.511,1.15313,1.15317,1.00,1.00
2016.09.06 10:31:30.664,1.15314,1.15319,1.25,1.12
2016.09.06 10:31:30.715,1.15316,1.1532,1.00,1.47
2016.09.06 10:31:30.766,1.15316,1.15321,1.00,2.70
2016.09.06 10:31:30.831,1.15316,1.15321,1.00,2.62
2016.09.06 10:31:30.882,1.15317,1.15321,1.00,1.00
2016.09.06 10:31:30.983,1.15317,1.15322,1.50,1.12
2016.09.06 10:31:31.136,1.15318,1.15323,1.00,1.95
2016.09.06 10:31:31.187,1.15318,1.15323,1.00,1.87
2016.09.06 10:31:31.238,1.15318,1.15323,1.00,2.62
2016.09.06 10:31:31.922,1.15318,1.15323,1.19,1.87
2016.09.06 10:31:32.144,1.15318,1.15323,1.19,1.37
2016.09.06 10:31:32.246,1.15318,1.15323,1.19,1.00
2016.09.06 10:31:32.501,1.15316,1.15322,3.19,1.00
2016.09.06 10:31:32.552,1.15316,1.1532,2.62,1.12
2016.09.06 10:31:32.603,1.15315,1.1532,2.89,1.87
2016.09.06 10:31:32.705,1.15314,1.15319,1.56,1.00
2016.09.06 10:31:32.806,1.15314,1.15319,1.19,1.00
2016.09.06 10:31:33.154,1.15311,1.15318,3.45,1.12
2016.09.06 10:31:33.205,1.15311,1.15318,2.06,1.12
2016.09.06 10:31:33.257,1.15311,1.15316,1.87,1.00
2016.09.06 10:31:33.308,1.15311,1.15316,1.00,1.00
2016.09.06 10:31:33.411,1.15311,1.15315,1.00,1.00
2016.09.06 10:31:33.512,1.15311,1.15316,1.00,2.25
2016.09.06 10:31:33.614,1.15311,1.15316,1.00,1.50
2016.09.06 10:31:33.665,1.15312,1.15316,1.00,1.00
2016.09.06 10:31:33.717,1.15313,1.15318,1.00,2.70
2016.09.06 10:31:33.768,1.15313,1.15318,1.00,2.62
2016.09.06 10:31:33.819,1.15313,1.15318,1.00,1.50
2016.09.06 10:31:33.922,1.15313,1.15318,1.00,1.00
2016.09.06 10:31:34.538,1.1531,1.15315,4.27,1.00
2016.09.06 10:31:34.589,1.15311,1.15316,1.00,1.87
2016.09.06 10:31:34.640,1.15311,1.15315,1.00,1.00
2016.09.06 10:31:35.151,1.15311,1.15314,1.00,1.00
2016.09.06 10:31:35.456,1.15311,1.15315,1.00,1.50
2016.09.06 10:31:35.507,1.15311,1.15315,1.00,1.00
2016.09.06 10:31:35.608,1.15312,1.15317,1.00,1.45
2016.09.06 10:31:35.659,1.15312,1.15317,1.00,1.87
2016.09.06 10:31:35.710,1.15313,1.15318,1.00,1.37
2016.09.06 10:31:35.761,1.15313,1.15318,1.00,1.50
2016.09.06 10:31:35.812,1.15313,1.15318,1.00,1.12
2016.09.06 10:31:35.863,1.15313,1.15317,1.00,1.00
2016.09.06 10:31:37.053,1.15313,1.15318,1.00,1.87
2016.09.06 10:31:37.104,1.15313,1.15318,1.00,1.50
2016.09.06 10:31:37.155,1.15315,1.1532,1.00,4.57
2016.09.06 10:31:37.206,1.15315,1.1532,1.00,3.07
2016.09.06 10:31:37.257,1.15315,1.1532,1.00,1.20
2016.09.06 10:31:37.308,1.15315,1.1532,1.00,1.10
2016.09.06 10:31:37.358,1.15316,1.15321,1.00,1.95
2016.09.06 10:31:37.409,1.15316,1.15321,1.00,1.00
2016.09.06 10:31:39.878,1.15316,1.15321,1.00,1.25
2016.09.06 10:31:40.495,1.15316,1.15321,1.00,1.00
2016.09.06 10:31:40.813,1.15317,1.15322,1.00,1.01
2016.09.06 10:31:40.864,1.15317,1.15322,1.00,1.10
2016.09.06 10:31:41.067,1.15316,1.15321,1.00,1.00
2016.09.06 10:31:41.770,1.15317,1.15322,1.00,1.10
2016.09.06 10:31:42.759,1.15317,1.15322,1.19,1.10
2016.09.06 10:31:46.455,1.15317,1.15322,1.19,1.57
2016.09.06 10:31:47.135,1.15317,1.15321,1.19,1.00
2016.09.06 10:31:48.471,1.15318,1.15322,1.25,1.10
2016.09.06 10:31:48.522,1.15319,1.15324,1.25,2.44
2016.09.06 10:31:48.573,1.15319,1.15324,1.25,2.81
2016.09.06 10:31:48.624,1.15319,1.15324,1.25,1.69
2016.09.06 10:31:48.776,1.15319,1.15324,1.25,1.19
2016.09.06 10:31:48.827,1.15319,1.15324,1.69,1.19
2016.09.06 10:31:49.080,1.15321,1.15324,1.00,1.19
2016.09.06 10:31:49.131,1.15322,1.15324,1.50,1.19
2016.09.06 10:31:49.182,1.15324,1.15328,1.00,1.12
2016.09.06 10:31:49.233,1.15326,1.1533,1.00,2.77
2016.09.06 10:31:49.284,1.15327,1.1533,1.00,2.32
2016.09.06 10:31:49.335,1.15329,1.1533,1.00,1.00
2016.09.06 10:31:49.386,1.1533,1.15332,1.00,1.12
2016.09.06 10:31:49.437,1.15329,1.15333,1.00,1.25
2016.09.06 10:31:49.489,1.15329,1.15333,1.19,1.25
2016.09.06 10:31:49.667,1.15327,1.15332,1.69,1.50
2016.09.06 10:31:49.718,1.15327,1.15332,1.00,1.50
2016.09.06 10:31:49.769,1.15327,1.15332,1.00,1.25
2016.09.06 10:31:50.700,1.15327,1.15333,1.00,1.69
2016.09.06 10:31:50.801,1.15327,1.15332,1.00,1.25
2016.09.06 10:31:50.997,1.15327,1.15332,1.00,1.69
2016.09.06 10:31:52.309,1.15327,1.15332,1.00,1.25
2016.09.06 10:31:53.161,1.15327,1.15332,1.00,1.69
2016.09.06 10:31:53.539,1.15327,1.15332,1.25,1.69
2016.09.06 10:31:54.006,1.15327,1.15331,1.25,1.25
2016.09.06 10:31:54.361,1.15326,1.15331,1.69,1.25
2016.09.06 10:31:54.463,1.15326,1.15331,1.19,1.25
2016.09.06 10:31:54.564,1.15326,1.1533,1.19,1.00
2016.09.06 10:31:54.936,1.15325,1.1533,1.19,1.50
2016.09.06 10:31:54.987,1.15325,1.15329,1.25,1.00
2016.09.06 10:31:55.038,1.15323,1.15329,2.81,1.00
2016.09.06 10:31:55.089,1.15323,1.15329,1.69,1.00
2016.09.06 10:31:55.187,1.15322,1.15329,3.26,1.69
2016.09.06 10:31:55.238,1.15322,1.15328,1.19,1.25
2016.09.06 10:31:55.289,1.15322,1.15329,1.19,2.44
2016.09.06 10:31:55.340,1.15322,1.15329,1.19,2.81
2016.09.06 10:31:56.045,1.15322,1.15329,1.19,2.44
2016.09.06 10:31:56.096,1.15321,1.15328,4.76,1.25
2016.09.06 10:31:56.147,1.15321,1.15328,4.76,2.06
2016.09.06 10:31:56.198,1.15321,1.15328,3.56,2.06
2016.09.06 10:31:56.341,1.15321,1.15328,3.56,1.31
2016.09.06 10:31:56.394,1.15321,1.15328,3.19,1.31
2016.09.06 10:32:04.629,1.15321,1.15328,3.19,1.19
2016.09.06 10:32:08.102,1.15321,1.15328,3.37,1.00
2016.09.06 10:32:08.178,1.15323,1.15328,1.19,1.00
2016.09.06 10:32:08.280,1.15323,1.15328,1.19,1.50
2016.09.06 10:32:08.703,1.15323,1.15328,1.19,1.00
2016.09.06 10:32:09.929,1.15324,1.15329,1.19,1.57
2016.09.06 10:32:09.981,1.15324,1.15329,1.69,1.10
2016.09.06 10:32:10.032,1.15324,1.1533,1.69,1.57
2016.09.06 10:32:10.083,1.15324,1.15331,2.44,4.12
2016.09.06 10:32:10.135,1.15325,1.15331,1.19,1.00
2016.09.06 10:32:10.186,1.15325,1.15332,1.69,1.01
2016.09.06 10:32:10.237,1.15325,1.15332,1.69,1.25
2016.09.06 10:32:10.490,1.15325,1.15332,1.19,1.25
2016.09.06 10:32:10.593,1.15325,1.15332,1.69,1.31
2016.09.06 10:32:10.649,1.15325,1.15332,1.19,1.31
2016.09.06 10:32:10.751,1.15325,1.15332,1.69,1.31
2016.09.06 10:32:11.176,1.15325,1.15332,1.19,1.31
2016.09.06 10:32:11.227,1.15325,1.15332,1.19,1.19
2016.09.06 10:32:11.335,1.15327,1.15332,1.00,1.19
2016.09.06 10:32:11.386,1.15327,1.15332,1.00,1.00
2016.09.06 10:32:11.488,1.15327,1.15332,1.69,1.00
2016.09.06 10:32:13.107,1.15327,1.15332,1.69,1.25
2016.09.06 10:32:13.518,1.15328,1.15334,1.19,1.19
2016.09.06 10:32:13.569,1.15328,1.15335,1.19,3.56
2016.09.06 10:32:13.620,1.15328,1.15335,1.19,3.19
2016.09.06 10:32:13.671,1.15328,1.15335,1.69,2.44
2016.09.06 10:32:14.098,1.15328,1.15333,1.69,1.00
2016.09.06 10:32:14.200,1.15328,1.15333,1.25,1.00
2016.09.06 10:32:14.301,1.15327,1.15331,1.19,1.00
2016.09.06 10:32:14.352,1.15327,1.15333,1.19,1.50
2016.09.06 10:32:14.403,1.15326,1.15331,3.56,1.00
2016.09.06 10:32:14.454,1.15326,1.15331,2.44,1.00
2016.09.06 10:32:14.563,1.15326,1.15331,1.69,1.00
2016.09.06 10:32:15.642,1.15326,1.15331,1.19,1.00
2016.09.06 10:32:20.026,1.15326,1.15331,1.19,1.25
2016.09.06 10:32:21.179,1.15327,1.15332,1.25,1.69
2016.09.06 10:32:24.082,1.15326,1.15331,1.19,1.00
2016.09.06 10:32:24.133,1.15325,1.15331,3.19,1.50
2016.09.06 10:32:24.184,1.15325,1.1533,1.19,1.00
2016.09.06 10:32:24.235,1.15324,1.1533,1.25,1.50
2016.09.06 10:32:25.401,1.15324,1.1533,1.25,1.87
2016.09.06 10:32:28.104,1.15324,1.1533,1.25,1.12
2016.09.06 10:32:31.718,1.15323,1.1533,1.69,1.87
2016.09.06 10:32:31.803,1.15323,1.1533,1.69,2.62
2016.09.06 10:32:32.078,1.15323,1.1533,2.44,2.62
2016.09.06 10:32:32.427,1.15323,1.1533,2.44,1.87
2016.09.06 10:32:32.619,1.15323,1.1533,2.44,2.62
2016.09.06 10:32:33.320,1.15323,1.1533,1.69,2.62
2016.09.06 10:32:33.421,1.15323,1.1533,1.69,1.87
2016.09.06 10:32:33.647,1.15323,1.1533,1.69,2.62
2016.09.06 10:32:34.461,1.15326,1.1533,1.19,1.50
2016.09.06 10:32:34.512,1.15326,1.15331,1.69,1.00
2016.09.06 10:32:34.563,1.15326,1.15332,1.69,1.65
2016.09.06 10:32:34.614,1.15329,1.15332,1.00,1.57
2016.09.06 10:32:34.664,1.15329,1.15332,1.00,1.50
2016.09.06 10:32:34.715,1.15327,1.15332,1.19,1.50
2016.09.06 10:32:34.817,1.15328,1.15332,1.25,1.50
2016.09.06 10:32:34.972,1.15328,1.15332,1.69,1.00
2016.09.06 10:32:35.445,1.15328,1.15332,1.25,1.00
2016.09.06 10:32:35.846,1.15328,1.15332,1.69,1.00
2016.09.06 10:32:35.897,1.15328,1.15331,1.25,1.00
2016.09.06 10:32:35.948,1.15325,1.15329,2.21,1.00
2016.09.06 10:32:35.999,1.15325,1.15329,2.14,1.00
2016.09.06 10:32:36.050,1.15325,1.15329,2.06,1.00
2016.09.06 10:32:36.101,1.15324,1.15329,2.06,1.00
2016.09.06 10:32:36.152,1.15324,1.15329,1.69,1.00
2016.09.06 10:32:36.203,1.15324,1.15329,1.19,1.00
2016.09.06 10:32:36.457,1.15323,1.15329,2.51,1.00
2016.09.06 10:32:36.508,1.15323,1.15327,1.19,1.00
2016.09.06 10:32:36.830,1.1532,1.15323,1.69,1.00
2016.09.06 10:32:36.881,1.15319,1.15323,1.69,1.00
2016.09.06 10:32:36.933,1.15319,1.15325,1.19,3.00
2016.09.06 10:32:36.984,1.15319,1.15325,1.19,3.37
2016.09.06 10:32:37.036,1.15319,1.15325,1.69,1.87
2016.09.06 10:32:37.139,1.1532,1.15325,1.19,1.87
2016.09.06 10:32:37.241,1.1532,1.15325,1.19,2.62
2016.09.06 10:32:37.293,1.1532,1.15325,1.19,2.25
2016.09.06 10:32:37.497,1.1532,1.15325,1.69,2.25
2016.09.06 10:32:37.566,1.1532,1.15325,1.87,2.25
2016.09.06 10:32:37.617,1.1532,1.15325,1.87,1.50
2016.09.06 10:32:37.821,1.1532,1.15325,2.62,1.50
2016.09.06 10:32:37.872,1.1532,1.15325,3.37,1.50
2016.09.06 10:32:37.923,1.15321,1.15325,1.87,1.00
2016.09.06 10:32:38.025,1.15321,1.15326,1.44,1.00
2016.09.06 10:32:38.244,1.15322,1.15326,1.69,1.00
2016.09.06 10:32:39.025,1.15322,1.15326,2.44,1.00
2016.09.06 10:32:39.127,1.15322,1.15326,2.62,1.00
2016.09.06 10:32:39.767,1.15322,1.15326,1.87,1.50
2016.09.06 10:32:39.919,1.15322,1.15326,1.87,1.00
2016.09.06 10:32:39.971,1.15324,1.15326,1.19,1.00
2016.09.06 10:32:40.081,1.15324,1.15328,1.19,1.00
2016.09.06 10:32:40.132,1.15325,1.15328,1.69,1.00
2016.09.06 10:32:40.238,1.15325,1.15329,1.19,1.12
2016.09.06 10:32:40.289,1.15324,1.15329,1.19,1.50
2016.09.06 10:32:40.340,1.15325,1.1533,1.19,2.25
2016.09.06 10:32:40.391,1.15325,1.1533,1.19,1.87
2016.09.06 10:32:40.442,1.15325,1.1533,1.19,1.00
2016.09.06 10:32:40.544,1.15326,1.1533,1.25,1.00
2016.09.06 10:32:40.748,1.15324,1.15329,1.19,1.00
2016.09.06 10:32:41.053,1.15323,1.15328,3.37,1.00
2016.09.06 10:32:41.104,1.15323,1.15328,2.62,1.12
2016.09.06 10:32:41.155,1.15323,1.15326,2.44,1.00
2016.09.06 10:32:41.206,1.15323,1.15325,1.25,1.00
2016.09.06 10:32:41.257,1.15321,1.15325,1.19,1.00
2016.09.06 10:32:41.409,1.15321,1.15325,1.19,1.50
2016.09.06 10:32:42.420,1.1532,1.15323,1.19,1.00
2016.09.06 10:32:42.471,1.1532,1.15323,1.19,1.50
2016.09.06 10:32:42.708,1.15319,1.15323,1.69,1.50
2016.09.06 10:32:42.759,1.15319,1.15322,2.06,1.50
2016.09.06 10:32:42.810,1.15318,1.15322,1.56,1.50
2016.09.06 10:32:42.863,1.15318,1.15322,1.19,1.50
2016.09.06 10:32:42.926,1.15317,1.15321,2.06,1.00
2016.09.06 10:32:42.976,1.15317,1.15321,1.69,1.00
2016.09.06 10:32:43.232,1.15318,1.15322,1.19,1.00
2016.09.06 10:32:43.647,1.15317,1.15322,3.19,1.00
2016.09.06 10:32:44.205,1.15317,1.15321,3.19,1.00
2016.09.06 10:32:44.350,1.15317,1.15321,2.44,1.00
2016.09.06 10:32:45.395,1.15317,1.15321,1.69,1.50
2016.09.06 10:32:45.446,1.15317,1.1532,1.19,1.00
2016.09.06 10:32:45.497,1.15316,1.1532,3.19,1.00
2016.09.06 10:32:45.616,1.15317,1.15321,1.69,1.50
2016.09.06 10:32:45.870,1.15317,1.15321,1.69,1.87
2016.09.06 10:32:45.921,1.15317,1.15321,2.44,1.12
2016.09.06 10:32:46.189,1.15317,1.1532,1.69,1.00
2016.09.06 10:32:46.241,1.15315,1.1532,1.69,1.12
2016.09.06 10:32:46.343,1.15315,1.1532,2.44,1.87
2016.09.06 10:32:46.394,1.15316,1.1532,1.19,1.37
2016.09.06 10:32:46.445,1.15316,1.15321,1.69,1.50
2016.09.06 10:32:46.562,1.15317,1.1532,1.19,1.00
2016.09.06 10:32:46.614,1.15318,1.1532,1.25,1.00
2016.09.06 10:32:46.667,1.15318,1.15321,1.69,1.00
2016.09.06 10:32:46.718,1.15318,1.1532,1.25,1.00
2016.09.06 10:32:46.822,1.15318,1.15321,1.69,1.00
2016.09.06 10:32:47.597,1.15317,1.15321,1.19,1.00
2016.09.06 10:32:47.967,1.15317,1.15322,1.19,1.50
2016.09.06 10:32:48.018,1.15317,1.15322,1.69,1.50
2016.09.06 10:32:48.630,1.15317,1.15321,1.19,1.00
2016.09.06 10:32:48.833,1.15316,1.15319,1.69,1.00
2016.09.06 10:32:49.519,1.15316,1.15319,1.19,1.00
2016.09.06 10:32:49.722,1.15316,1.15319,1.19,1.00
2016.09.06 10:32:49.824,1.15315,1.15319,2.44,1.00
2016.09.06 10:32:50.938,1.15315,1.15319,1.69,1.00
2016.09.06 10:32:51.196,1.15315,1.15319,1.19,1.00
2016.09.06 10:32:51.247,1.15313,1.15319,3.94,1.00
2016.09.06 10:32:51.297,1.15313,1.15319,4.31,1.00
2016.09.06 10:32:52.339,1.15313,1.15319,3.56,1.00
2016.09.06 10:32:52.711,1.15313,1.15319,3.56,1.00
2016.09.06 10:32:53.745,1.15313,1.15319,3.56,1.50
2016.09.06 10:32:54.265,1.15313,1.15319,3.56,1.00
2016.09.06 10:32:55.488,1.15314,1.15319,1.19,1.00
2016.09.06 10:33:03.064,1.15314,1.15319,1.19,1.50
2016.09.06 10:33:04.286,1.15315,1.15319,1.19,1.00
2016.09.06 10:33:04.393,1.15315,1.15319,1.69,1.00
2016.09.06 10:33:05.217,1.15315,1.15319,1.19,1.00
2016.09.06 10:33:05.909,1.15315,1.15319,1.69,1.00
2016.09.06 10:33:06.089,1.15315,1.15319,1.19,1.00
2016.09.06 10:33:06.326,1.15315,1.15319,1.69,1.00
2016.09.06 10:33:06.490,1.15315,1.15319,1.19,1.00
2016.09.06 10:33:06.592,1.15315,1.15319,1.69,1.00
2016.09.06 10:33:07.554,1.15315,1.15319,1.19,1.00
2016.09.06 10:33:07.605,1.15315,1.15319,1.69,1.00
2016.09.06 10:33:08.025,1.15315,1.15319,1.19,1.00
2016.09.06 10:33:08.126,1.15315,1.15319,1.69,1.00
2016.09.06 10:33:08.523,1.15315,1.15319,1.19,1.00
2016.09.06 10:33:08.655,1.15315,1.15319,1.69,1.00
2016.09.06 10:33:08.904,1.15315,1.15319,1.19,1.00
2016.09.06 10:33:09.014,1.15315,1.15319,1.69,1.00
2016.09.06 10:33:09.602,1.15315,1.15319,1.19,1.00
2016.09.06 10:33:09.702,1.15315,1.15319,1.69,1.00
2016.09.06 10:33:10.705,1.15315,1.15319,1.19,1.00
2016.09.06 10:33:10.804,1.15315,1.15319,1.69,1.00
2016.09.06 10:33:11.236,1.15315,1.15319,1.19,1.00
2016.09.06 10:33:11.556,1.15315,1.15319,1.69,1.00
2016.09.06 10:33:11.808,1.15314,1.15317,2.44,1.00
2016.09.06 10:33:11.909,1.15314,1.15317,1.69,1.00
2016.09.06 10:33:12.093,1.15314,1.15317,1.19,1.00
2016.09.06 10:33:12.196,1.15313,1.15316,1.87,1.00
2016.09.06 10:33:12.247,1.15314,1.15316,1.25,1.00
2016.09.06 10:33:12.298,1.15313,1.15316,1.19,1.00
2016.09.06 10:33:12.399,1.15312,1.15316,1.69,1.00
2016.09.06 10:33:12.450,1.15314,1.15316,1.25,1.00
2016.09.06 10:33:15.242,1.15314,1.15317,1.25,1.00
2016.09.06 10:33:20.079,1.15312,1.15317,1.19,1.50
2016.09.06 10:33:20.282,1.15312,1.15315,1.19,1.00
2016.09.06 10:33:20.752,1.15312,1.15317,1.19,1.00
2016.09.06 10:33:21.232,1.15314,1.15318,1.00,3.00
2016.09.06 10:33:21.476,1.15313,1.15318,1.00,3.75
2016.09.06 10:33:21.578,1.15311,1.15318,2.25,3.75
2016.09.06 10:33:22.182,1.15313,1.15318,1.00,1.87
2016.09.06 10:33:22.233,1.15315,1.15318,1.00,1.00
2016.09.06 10:33:22.284,1.15315,1.1532,1.00,2.62
2016.09.06 10:33:22.391,1.15316,1.1532,1.00,1.27
2016.09.06 10:33:22.441,1.15316,1.1532,1.00,1.20
2016.09.06 10:33:22.492,1.15316,1.1532,1.00,1.12
2016.09.06 10:33:22.543,1.15316,1.1532,1.00,1.00
2016.09.06 10:33:23.641,1.15316,1.15321,1.00,2.32
2016.09.06 10:33:23.692,1.15318,1.15322,1.00,1.01
2016.09.06 10:33:23.794,1.15317,1.15324,2.25,3.19
2016.09.06 10:33:23.845,1.15317,1.15324,2.25,2.51
2016.09.06 10:33:23.896,1.15317,1.15324,2.25,2.14
2016.09.06 10:33:24.302,1.15317,1.15324,2.25,3.26
2016.09.06 10:33:24.685,1.15317,1.15324,2.25,1.95
2016.09.06 10:33:24.736,1.15317,1.15324,1.50,1.95
2016.09.06 10:33:25.492,1.15317,1.15324,1.50,1.20
2016.09.06 10:33:25.780,1.15318,1.15324,1.00,1.20
2016.09.06 10:33:26.327,1.15318,1.15324,1.00,1.10
2016.09.06 10:33:26.743,1.15318,1.15325,1.50,2.14
2016.09.06 10:33:26.794,1.1532,1.15325,1.00,2.89
2016.09.06 10:33:26.846,1.1532,1.15325,1.00,2.14
2016.09.06 10:33:27.151,1.1532,1.15325,1.00,1.31
2016.09.06 10:33:27.253,1.1532,1.15325,1.00,1.25
2016.09.06 10:33:27.612,1.1532,1.15325,1.00,1.69
2016.09.06 10:33:27.765,1.1532,1.15325,1.50,1.69
2016.09.06 10:33:27.974,1.1532,1.15325,1.00,1.69
2016.09.06 10:33:28.075,1.1532,1.15325,1.50,1.50
2016.09.06 10:33:29.091,1.1532,1.15325,1.00,1.50
2016.09.06 10:33:29.142,1.1532,1.15325,1.00,1.00
2016.09.06 10:33:29.193,1.1532,1.15325,1.50,1.00
2016.09.06 10:33:29.294,1.15321,1.15325,1.00,1.00
2016.09.06 10:33:32.216,1.15321,1.15325,1.00,1.50
2016.09.06 10:33:33.227,1.1532,1.15325,1.50,1.00
2016.09.06 10:33:33.382,1.1532,1.15325,1.00,1.12
2016.09.06 10:33:33.434,1.1532,1.15326,1.00,3.15
2016.09.06 10:33:33.486,1.1532,1.15326,1.50,2.77
2016.09.06 10:33:33.537,1.15321,1.15326,1.00,1.65
2016.09.06 10:33:33.640,1.15321,1.15327,1.00,1.69
2016.09.06 10:33:33.857,1.15321,1.15327,1.25,1.69
2016.09.06 10:33:33.958,1.15321,1.15327,1.25,2.06
2016.09.06 10:33:34.111,1.15321,1.15327,1.25,2.81
2016.09.06 10:33:34.324,1.15321,1.15327,1.69,2.44
2016.09.06 10:33:34.375,1.15321,1.15327,1.69,2.06
2016.09.06 10:33:34.656,1.15321,1.15327,1.69,1.69
2016.09.06 10:33:34.757,1.15321,1.15327,1.69,2.06
2016.09.06 10:33:34.808,1.15321,1.15327,1.69,3.56
2016.09.06 10:33:34.859,1.15321,1.15324,1.00,1.00
2016.09.06 10:33:34.910,1.15319,1.15324,1.69,1.50
2016.09.06 10:33:35.026,1.1532,1.15324,1.25,1.00
2016.09.06 10:33:35.294,1.15319,1.15323,1.19,1.00
2016.09.06 10:33:35.345,1.15319,1.15323,1.19,1.50
2016.09.06 10:33:35.751,1.15318,1.15323,1.69,1.50
2016.09.06 10:33:35.802,1.15317,1.15322,1.69,1.00
2016.09.06 10:33:35.853,1.15317,1.15322,1.69,1.50
2016.09.06 10:33:35.954,1.15318,1.15322,1.19,1.50
2016.09.06 10:33:36.055,1.15318,1.15322,1.19,1.00
2016.09.06 10:33:37.000,1.15319,1.15322,1.19,1.00
2016.09.06 10:33:37.104,1.15321,1.15322,1.00,1.00
2016.09.06 10:33:37.155,1.1532,1.15322,1.25,1.00
2016.09.06 10:33:37.206,1.1532,1.15322,1.69,1.00
2016.09.06 10:33:37.309,1.1532,1.15322,1.25,1.00
2016.09.06 10:33:37.411,1.1532,1.15322,1.69,1.00
2016.09.06 10:33:37.519,1.1532,1.15322,1.25,1.00
2016.09.06 10:33:37.571,1.1532,1.15322,1.69,1.00
2016.09.06 10:33:37.683,1.1532,1.15322,1.25,1.00
2016.09.06 10:33:37.784,1.1532,1.15322,1.69,1.00
2016.09.06 10:33:37.919,1.1532,1.15322,1.25,1.00
2016.09.06 10:33:38.021,1.15317,1.15322,1.69,1.00
2016.09.06 10:33:38.123,1.15317,1.15322,2.44,1.00
2016.09.06 10:33:38.174,1.15317,1.15323,2.44,1.50
2016.09.06 10:33:38.225,1.15319,1.15323,1.19,1.50
2016.09.06 10:33:38.276,1.15319,1.15323,1.19,1.00
2016.09.06 10:33:38.327,1.15319,1.15324,1.19,2.81
2016.09.06 10:33:38.377,1.15319,1.15324,1.19,2.44
2016.09.06 10:33:38.479,1.15319,1.15324,1.19,2.81
2016.09.06 10:33:39.938,1.15319,1.15325,1.19,1.66
2016.09.06 10:33:39.989,1.15321,1.15326,1.00,5.51
2016.09.06 10:33:40.054,1.15321,1.15326,1.00,5.14
2016.09.06 10:33:40.105,1.15321,1.15326,1.00,2.81
2016.09.06 10:33:40.156,1.15321,1.15326,1.19,3.94
2016.09.06 10:33:40.207,1.15321,1.15326,1.69,3.94
2016.09.06 10:33:43.378,1.15321,1.15326,1.69,3.19
2016.09.06 10:33:43.481,1.15321,1.15326,1.69,2.25
2016.09.06 10:33:43.533,1.15322,1.15327,1.25,5.51
2016.09.06 10:33:43.635,1.15322,1.15327,1.25,4.01
2016.09.06 10:33:43.776,1.15322,1.15327,1.25,3.26
2016.09.06 10:33:43.950,1.15323,1.15327,1.00,3.26
2016.09.06 10:33:44.339,1.15323,1.15327,1.00,2.89
2016.09.06 10:33:44.501,1.15323,1.15327,1.00,2.14
2016.09.06 10:33:45.078,1.15323,1.15327,1.00,1.39
2016.09.06 10:33:46.119,1.15323,1.15327,1.00,3.26
2016.09.06 10:33:46.177,1.15323,1.15327,1.00,4.01
2016.09.06 10:33:46.380,1.15322,1.15327,1.25,4.01
2016.09.06 10:33:46.613,1.15324,1.15327,1.00,2.32
2016.09.06 10:33:46.663,1.15324,1.15328,1.00,1.07
2016.09.06 10:33:46.714,1.15324,1.15329,1.00,3.07
2016.09.06 10:33:46.765,1.15324,1.15329,1.25,1.20
2016.09.06 10:33:46.890,1.15324,1.15329,1.25,1.12
2016.09.06 10:33:46.941,1.15324,1.15329,1.25,1.37
2016.09.06 10:33:46.992,1.15325,1.1533,1.00,4.69
2016.09.06 10:33:47.093,1.15325,1.1533,1.00,3.94
2016.09.06 10:33:47.144,1.15325,1.1533,1.00,3.19
2016.09.06 10:33:47.195,1.15325,1.1533,1.50,3.19
2016.09.06 10:33:47.508,1.15325,1.1533,1.00,3.19
2016.09.06 10:33:47.610,1.15325,1.1533,1.50,3.19
2016.09.06 10:33:47.715,1.15326,1.1533,1.00,2.44
2016.09.06 10:33:47.766,1.15326,1.1533,1.00,1.69
2016.09.06 10:33:50.173,1.15326,1.15331,1.00,3.34
2016.09.06 10:33:52.977,1.15326,1.15331,1.00,4.09
2016.09.06 10:33:53.079,1.15326,1.15331,1.00,4.84
2016.09.06 10:33:54.717,1.15325,1.15329,1.00,1.12
2016.09.06 10:33:54.823,1.15323,1.15329,1.19,3.00
2016.09.06 10:33:54.874,1.15323,1.15327,1.25,1.00
2016.09.06 10:33:54.925,1.15323,1.15326,1.25,1.00
2016.09.06 10:33:55.234,1.15321,1.15326,1.19,1.00
2016.09.06 10:33:55.336,1.15321,1.15328,1.19,1.95
2016.09.06 10:33:55.451,1.15322,1.15328,1.19,1.12
2016.09.06 10:33:55.602,1.15322,1.15329,1.19,3.00
2016.09.06 10:33:55.704,1.15324,1.15329,1.00,3.00
2016.09.06 10:33:55.755,1.15324,1.15329,1.00,2.25
2016.09.06 10:33:55.857,1.15324,1.15329,1.00,3.00
2016.09.06 10:33:56.287,1.15324,1.15328,1.00,1.12
2016.09.06 10:33:57.273,1.15324,1.15328,1.00,1.00
2016.09.06 10:33:59.347,1.15324,1.1533,1.50,1.01
2016.09.06 10:33:59.399,1.15326,1.15331,1.00,4.01
2016.09.06 10:33:59.450,1.15326,1.15331,1.25,4.01
2016.09.06 10:33:59.501,1.15326,1.1533,1.25,1.31
2016.09.06 10:33:59.552,1.15326,1.1533,1.25,1.31
2016.09.06 10:33:59.603,1.15326,1.1533,1.25,2.06
2016.09.06 10:33:59.935,1.15326,1.1533,1.25,1.87
2016.09.06 10:33:59.986,1.15326,1.1533,1.25,1.50
2016.09.06 10:34:00.501,1.15326,1.1533,1.25,1.00
2016.09.06 10:34:01.148,1.15326,1.15331,1.25,1.00
2016.09.06 10:34:01.300,1.15327,1.15332,1.00,1.65
2016.09.06 10:34:01.402,1.15327,1.15332,1.00,1.57
2016.09.06 10:34:01.476,1.15327,1.15332,1.00,1.10
2016.09.06 10:34:01.527,1.15327,1.15332,1.00,1.00
2016.09.06 10:34:01.999,1.15327,1.15333,1.00,1.20
2016.09.06 10:34:02.286,1.15328,1.15333,1.00,1.27
2016.09.06 10:34:03.087,1.15328,1.15333,1.00,1.20
2016.09.06 10:34:03.191,1.15328,1.15333,1.19,1.20
2016.09.06 10:34:03.324,1.15328,1.15333,1.69,1.20
2016.09.06 10:34:03.751,1.15328,1.15333,1.19,1.20
2016.09.06 10:34:05.461,1.15327,1.15332,2.44,1.00
2016.09.06 10:34:05.562,1.15327,1.15332,1.69,1.00
2016.09.06 10:34:05.613,1.15327,1.15332,1.19,1.00
2016.09.06 10:34:06.672,1.15326,1.15331,1.19,1.00
2016.09.06 10:34:06.948,1.15326,1.15331,1.69,1.00
2016.09.06 10:34:07.375,1.15326,1.15331,2.44,1.00
2016.09.06 10:34:07.427,1.15327,1.15332,1.19,1.19
2016.09.06 10:34:07.579,1.15327,1.15332,1.19,1.69
2016.09.06 10:34:07.630,1.15326,1.15331,1.69,1.25
2016.09.06 10:34:07.681,1.15326,1.15331,1.69,1.69
2016.09.06 10:34:07.783,1.15326,1.15331,1.69,1.25
2016.09.06 10:34:07.834,1.15326,1.15331,2.44,1.25
2016.09.06 10:34:07.936,1.15326,1.15331,1.69,1.25
2016.09.06 10:34:08.151,1.15326,1.15331,1.19,1.25
2016.09.06 10:34:09.151,1.15326,1.15331,1.19,1.00
2016.09.06 10:34:09.681,1.1533,1.15333,1.00,1.84
2016.09.06 10:34:09.732,1.1533,1.15333,1.50,1.20
2016.09.06 10:34:09.782,1.1533,1.15333,2.25,1.10
2016.09.06 10:34:09.833,1.1533,1.15333,2.25,1.00
2016.09.06 10:34:09.884,1.1533,1.15333,1.50,1.00
2016.09.06 10:34:09.986,1.1533,1.15333,2.25,1.00
2016.09.06 10:34:10.199,1.1533,1.15333,1.50,1.00
2016.09.06 10:34:10.300,1.1533,1.15333,2.25,1.00
2016.09.06 10:34:10.468,1.1533,1.15333,1.50,1.00
2016.09.06 10:34:10.570,1.1533,1.15333,2.25,1.00
2016.09.06 10:34:10.701,1.1533,1.15333,1.50,1.00
2016.09.06 10:34:10.756,1.1533,1.15333,2.25,1.00
2016.09.06 10:34:10.857,1.1533,1.15333,1.50,1.00
2016.09.06 10:34:11.025,1.1533,1.15333,1.00,1.00
2016.09.06 10:34:11.076,1.15329,1.15333,1.69,1.00
2016.09.06 10:34:11.204,1.15329,1.15335,1.69,1.00
2016.09.06 10:34:11.327,1.1533,1.15335,1.00,1.00
2016.09.06 10:34:11.378,1.1533,1.15335,1.00,1.25
2016.09.06 10:34:11.581,1.15329,1.15335,1.69,1.25
2016.09.06 10:34:11.963,1.15329,1.15335,2.44,1.25
2016.09.06 10:34:12.552,1.15329,1.15335,1.69,1.25
2016.09.06 10:34:13.010,1.15329,1.15336,1.69,2.44
2016.09.06 10:34:14.203,1.15329,1.15336,1.69,1.69
2016.09.06 10:34:14.545,1.15329,1.15336,2.44,1.69
2016.09.06 10:34:14.596,1.15329,1.15336,2.81,1.12
2016.09.06 10:34:14.647,1.15329,1.15336,3.19,1.12
2016.09.06 10:34:14.804,1.15329,1.15336,3.19,1.00
2016.09.06 10:34:15.278,1.15329,1.15335,3.94,1.00
2016.09.06 10:34:15.334,1.15329,1.15335,4.12,1.00
2016.09.06 10:34:15.867,1.15329,1.15334,4.12,1.00
2016.09.06 10:34:16.588,1.1533,1.15334,1.19,1.00
2016.09.06 10:34:16.639,1.1533,1.15336,1.19,1.50
2016.09.06 10:34:16.741,1.15329,1.15336,3.37,1.50
2016.09.06 10:34:17.336,1.15329,1.15336,2.44,1.50
2016.09.06 10:34:17.626,1.15329,1.15336,3.19,1.50
2016.09.06 10:34:19.113,1.15331,1.15336,1.00,1.00
2016.09.06 10:34:21.525,1.15331,1.15336,1.00,2.25
2016.09.06 10:34:21.626,1.15331,1.15336,1.00,3.37
2016.09.06 10:34:23.441,1.15331,1.15336,1.00,3.56
2016.09.06 10:34:23.542,1.1533,1.15333,1.00,1.00
2016.09.06 10:34:23.594,1.15328,1.15333,3.82,1.00
2016.09.06 10:34:23.645,1.15328,1.15332,1.87,1.00
2016.09.06 10:34:23.762,1.15328,1.15332,1.00,1.00
2016.09.06 10:34:24.017,1.15328,1.15332,1.00,1.12
2016.09.06 10:34:24.118,1.15328,1.15332,1.00,1.37
2016.09.06 10:34:24.305,1.15328,1.15332,1.00,1.00
2016.09.06 10:34:24.414,1.15328,1.15332,1.00,2.25
2016.09.06 10:34:24.465,1.15328,1.15332,1.00,3.00
2016.09.06 10:34:24.833,1.15328,1.15332,1.00,1.50
2016.09.06 10:34:24.944,1.15328,1.15332,1.00,2.25
2016.09.06 10:34:26.419,1.15328,1.15332,1.00,3.00
2016.09.06 10:34:27.201,1.15328,1.15332,1.00,3.75
2016.09.06 10:34:28.456,1.15328,1.15332,1.00,3.00
2016.09.06 10:34:30.923,1.15328,1.1533,1.00,1.00
2016.09.06 10:34:31.449,1.15327,1.15332,1.00,3.00
2016.09.06 10:34:31.550,1.15327,1.15332,1.00,2.25
2016.09.06 10:34:34.322,1.15327,1.15332,1.00,2.62
2016.09.06 10:34:37.363,1.15327,1.15332,1.00,1.87
2016.09.06 10:34:37.981,1.15327,1.15332,1.00,2.62
2016.09.06 10:34:38.270,1.15327,1.15332,1.00,1.87
2016.09.06 10:34:38.452,1.15325,1.15332,1.50,1.87
2016.09.06 10:34:38.503,1.15325,1.15332,1.00,1.87
2016.09.06 10:34:38.554,1.15325,1.15332,1.50,2.62
2016.09.06 10:34:38.605,1.15327,1.15331,1.00,1.12
2016.09.06 10:34:39.326,1.15327,1.15331,1.00,1.31
2016.09.06 10:34:39.377,1.15326,1.1533,1.00,1.69
2016.09.06 10:34:39.428,1.15326,1.1533,1.00,1.50
2016.09.06 10:34:40.373,1.15326,1.1533,1.00,1.00
2016.09.06 10:34:40.833,1.15324,1.15329,2.25,1.00
2016.09.06 10:34:40.954,1.15323,1.15329,1.31,3.00
2016.09.06 10:34:41.007,1.15322,1.15329,1.00,3.75
2016.09.06 10:34:41.108,1.15322,1.15328,1.00,1.00
2016.09.06 10:34:41.274,1.15322,1.15328,1.00,1.00
2016.09.06 10:34:41.376,1.15322,1.15328,1.87,1.12
2016.09.06 10:34:41.528,1.15322,1.15328,2.25,1.12
2016.09.06 10:34:41.579,1.15322,1.15328,3.00,1.12
2016.09.06 10:34:41.877,1.15322,1.15328,1.87,1.12
2016.09.06 10:34:42.483,1.15322,1.15329,1.12,3.00
2016.09.06 10:34:44.223,1.15322,1.15327,1.12,1.00
2016.09.06 10:34:44.325,1.15322,1.15327,1.00,1.00
2016.09.06 10:34:44.634,1.15321,1.15326,1.20,1.00
2016.09.06 10:34:44.685,1.15321,1.15326,1.20,1.50
2016.09.06 10:34:44.736,1.15321,1.15326,1.10,1.50
2016.09.06 10:34:44.787,1.15321,1.15326,1.00,1.50
2016.09.06 10:34:45.888,1.15321,1.15326,1.00,1.00
2016.09.06 10:34:47.603,1.15321,1.15327,1.00,1.00
2016.09.06 10:34:48.557,1.15321,1.15327,1.25,1.00
2016.09.06 10:34:48.644,1.15321,1.15327,1.69,1.00
2016.09.06 10:34:48.721,1.15321,1.15327,1.25,1.00
2016.09.06 10:34:48.773,1.15321,1.15326,1.25,1.00
2016.09.06 10:34:48.929,1.15321,1.15326,1.25,1.50
2016.09.06 10:34:48.980,1.15321,1.15326,1.25,2.62
2016.09.06 10:34:49.985,1.15321,1.15326,1.25,1.87
2016.09.06 10:34:50.036,1.1532,1.15324,1.50,1.00
2016.09.06 10:34:50.137,1.1532,1.15324,1.87,1.00
2016.09.06 10:34:50.190,1.1532,1.15324,1.00,1.00
2016.09.06 10:34:51.077,1.1532,1.15326,1.00,2.62
2016.09.06 10:34:51.202,1.1532,1.15325,1.00,1.00
2016.09.06 10:34:51.304,1.1532,1.15325,1.50,1.00
2016.09.06 10:34:51.961,1.1532,1.15325,1.00,1.00
2016.09.06 10:34:52.761,1.1532,1.15325,1.50,1.00
2016.09.06 10:34:53.661,1.1532,1.15325,1.00,1.00
2016.09.06 10:34:53.875,1.1532,1.15325,1.50,1.00
2016.09.06 10:34:54.211,1.1532,1.15325,1.00,1.00
2016.09.06 10:34:54.466,1.1532,1.15325,1.50,1.00
2016.09.06 10:34:55.067,1.1532,1.15325,1.00,1.00
2016.09.06 10:34:55.866,1.1532,1.15325,1.50,1.00
2016.09.06 10:34:56.174,1.1532,1.15325,1.00,1.00
2016.09.06 10:34:56.292,1.1532,1.15325,1.50,1.00
2016.09.06 10:34:56.352,1.1532,1.15325,1.50,1.50
2016.09.06 10:34:56.403,1.1532,1.15325,1.00,1.50
2016.09.06 10:34:56.514,1.1532,1.15325,1.50,1.50
2016.09.06 10:34:56.617,1.15323,1.15325,1.00,1.50
2016.09.06 10:34:56.668,1.15325,1.15328,1.50,1.95
2016.09.06 10:34:56.719,1.15326,1.15329,1.00,1.50
2016.09.06 10:34:56.771,1.1533,1.15332,1.69,1.07
2016.09.06 10:34:56.822,1.1533,1.15333,2.44,1.50
2016.09.06 10:34:56.873,1.15332,1.15337,2.25,1.95
2016.09.06 10:34:56.925,1.15335,1.15338,1.00,1.50
2016.09.06 10:34:56.976,1.15336,1.15338,1.50,1.12
2016.09.06 10:34:57.027,1.15339,1.1534,1.00,1.12
2016.09.06 10:34:57.129,1.15339,1.1534,1.00,1.00
2016.09.06 10:34:57.180,1.15338,1.15342,1.00,1.37
2016.09.06 10:34:57.231,1.15337,1.15342,1.25,1.37
2016.09.06 10:34:57.354,1.15337,1.15342,1.56,1.12
2016.09.06 10:34:57.411,1.15339,1.15342,1.19,1.12
2016.09.06 10:34:57.462,1.15339,1.15343,1.19,1.37
2016.09.06 10:34:57.513,1.15341,1.15344,1.25,2.06
2016.09.06 10:34:57.566,1.15341,1.15344,1.00,2.06
2016.09.06 10:34:57.617,1.15342,1.15343,1.00,1.12
2016.09.06 10:34:57.719,1.15341,1.15345,1.25,1.37
2016.09.06 10:34:57.770,1.15341,1.15345,1.25,1.87
2016.09.06 10:34:57.821,1.15341,1.15345,1.25,1.37
2016.09.06 10:34:57.872,1.1534,1.15345,1.00,1.37
2016.09.06 10:34:57.924,1.15339,1.15344,1.69,1.37
2016.09.06 10:34:57.975,1.15339,1.15344,1.25,1.50
2016.09.06 10:34:58.090,1.15337,1.1534,1.12,1.00
2016.09.06 10:34:58.142,1.15337,1.15342,1.00,1.00
2016.09.06 10:34:58.194,1.15336,1.15341,3.00,1.00
2016.09.06 10:34:58.245,1.15338,1.15341,1.00,1.00
2016.09.06 10:34:58.601,1.15338,1.1534,1.00,1.00
2016.09.06 10:34:59.057,1.15336,1.1534,3.00,1.00
2016.09.06 10:34:59.159,1.15336,1.1534,1.50,1.00
2016.09.06 10:34:59.210,1.15336,1.1534,1.00,1.00
2016.09.06 10:35:00.082,1.15335,1.15341,1.50,1.00
2016.09.06 10:35:00.184,1.15335,1.15338,1.00,1.00
2016.09.06 10:35:00.235,1.15334,1.15338,3.45,1.00
2016.09.06 10:35:00.337,1.15334,1.15338,1.10,1.00
2016.09.06 10:35:00.388,1.15334,1.15338,1.00,1.00
2016.09.06 10:35:00.439,1.15333,1.15338,1.87,1.00
2016.09.06 10:35:00.490,1.15333,1.15338,1.50,1.00
2016.09.06 10:35:00.643,1.15333,1.15338,2.25,1.00
2016.09.06 10:35:01.124,1.15333,1.15338,2.62,1.00
2016.09.06 10:35:01.325,1.15333,1.15338,3.37,1.00
2016.09.06 10:35:01.779,1.15333,1.15338,4.12,1.00
2016.09.06 10:35:02.112,1.15333,1.15338,4.50,1.00
2016.09.06 10:35:02.214,1.15334,1.15339,1.87,1.00
2016.09.06 10:35:02.316,1.15334,1.15339,1.12,1.00
2016.09.06 10:35:02.776,1.15334,1.15339,1.00,1.00
2016.09.06 10:35:02.929,1.15334,1.15339,1.87,1.00
2016.09.06 10:35:03.536,1.15335,1.1534,2.25,1.00
2016.09.06 10:35:03.587,1.15338,1.15341,1.00,1.50
2016.09.06 10:35:03.638,1.15338,1.15341,1.00,1.00
2016.09.06 10:35:03.689,1.15337,1.15341,1.50,1.00
2016.09.06 10:35:03.791,1.15336,1.15341,6.15,1.00
2016.09.06 10:35:03.843,1.15337,1.15341,1.00,1.00
2016.09.06 10:35:04.099,1.15337,1.15341,1.00,1.00
2016.09.06 10:35:04.317,1.15337,1.15339,1.00,1.00
2016.09.06 10:35:04.368,1.15335,1.15339,2.62,1.00
2016.09.06 10:35:04.418,1.15335,1.15339,1.50,1.00
2016.09.06 10:35:04.469,1.15334,1.15339,2.62,1.00
2016.09.06 10:35:04.520,1.15334,1.15338,1.00,1.00
2016.09.06 10:35:04.571,1.15333,1.15337,1.65,1.00
2016.09.06 10:35:04.622,1.15333,1.15336,1.20,1.00
2016.09.06 10:35:04.673,1.15333,1.15337,1.95,1.00
2016.09.06 10:35:04.777,1.15333,1.15337,1.00,1.00
2016.09.06 10:35:05.032,1.15332,1.15338,2.62,1.00
2016.09.06 10:35:05.083,1.15333,1.15338,1.00,1.00
2016.09.06 10:35:05.134,1.15333,1.15338,1.50,1.00
2016.09.06 10:35:05.185,1.15334,1.15338,1.00,1.00
2016.09.06 10:35:05.299,1.15334,1.15338,1.00,1.00
2016.09.06 10:35:05.452,1.15333,1.1534,6.00,1.50
2016.09.06 10:35:05.503,1.15334,1.1534,1.00,1.50
2016.09.06 10:35:05.554,1.15334,1.1534,2.62,1.50
2016.09.06 10:35:05.635,1.15334,1.1534,2.62,1.00
2016.09.06 10:35:05.842,1.15334,1.1534,2.62,1.50
2016.09.06 10:35:06.257,1.15334,1.1534,1.50,1.50
2016.09.06 10:35:06.308,1.15334,1.1534,1.00,1.50
2016.09.06 10:35:06.359,1.15334,1.15339,1.00,1.00
2016.09.06 10:35:06.511,1.15333,1.15339,1.00,1.00
2016.09.06 10:35:06.792,1.15333,1.15339,1.50,1.00
2016.09.06 10:35:07.726,1.15333,1.15339,1.87,1.00
2016.09.06 10:35:07.827,1.15333,1.15338,2.25,1.00
2016.09.06 10:35:07.929,1.15333,1.15339,1.50,1.50
2016.09.06 10:35:08.030,1.15333,1.15339,1.87,1.50
2016.09.06 10:35:08.081,1.15333,1.15339,1.87,1.00
2016.09.06 10:35:08.292,1.15334,1.15339,1.00,1.00
2016.09.06 10:35:08.395,1.15334,1.15339,1.50,1.00
2016.09.06 10:35:08.496,1.15335,1.15339,1.00,1.00
2016.09.06 10:35:08.793,1.15335,1.15339,1.00,1.50
2016.09.06 10:35:08.895,1.15334,1.15339,1.50,1.50
2016.09.06 10:35:09.382,1.15334,1.15339,1.00,1.50
2016.09.06 10:35:10.498,1.15334,1.15339,1.50,1.50
2016.09.06 10:35:12.295,1.15334,1.15339,1.00,1.50
2016.09.06 10:35:16.588,1.15333,1.15338,4.69,1.00
2016.09.06 10:35:16.690,1.15333,1.15338,3.94,1.00
2016.09.06 10:35:17.239,1.15333,1.15338,4.31,1.00
2016.09.06 10:35:17.290,1.15333,1.15336,3.56,1.00
2016.09.06 10:35:17.341,1.15333,1.15335,2.25,1.00
2016.09.06 10:35:17.455,1.15331,1.15335,1.87,1.00
2016.09.06 10:35:17.518,1.1533,1.15335,2.32,1.00
2016.09.06 10:35:17.569,1.1533,1.15335,2.25,1.00
2016.09.06 10:35:17.770,1.1533,1.15335,4.50,1.00
2016.09.06 10:35:17.821,1.15331,1.15335,1.12,1.00
2016.09.06 10:35:17.872,1.15331,1.15335,2.25,1.00
2016.09.06 10:35:17.973,1.15332,1.15335,1.00,1.00
2016.09.06 10:35:18.090,1.15331,1.15335,1.50,1.00
2016.09.06 10:35:18.141,1.15331,1.15335,1.57,1.00
2016.09.06 10:35:18.414,1.15332,1.15335,2.25,1.00
2016.09.06 10:35:18.465,1.15332,1.15337,3.37,1.50
2016.09.06 10:35:18.516,1.15332,1.15337,3.37,1.00
2016.09.06 10:35:18.599,1.15333,1.15337,1.12,1.00
2016.09.06 10:35:18.701,1.15332,1.15337,3.45,1.00
2016.09.06 10:35:18.752,1.15332,1.15337,4.57,1.00
2016.09.06 10:35:18.803,1.15333,1.15337,1.12,1.00
2016.09.06 10:35:18.855,1.15333,1.15337,1.50,1.00
2016.09.06 10:35:18.906,1.15335,1.15337,1.00,1.00
2016.09.06 10:35:18.957,1.15335,1.15339,1.00,1.69
2016.09.06 10:35:19.008,1.15333,1.15338,2.25,1.00
2016.09.06 10:35:19.321,1.15333,1.15337,1.50,1.00
2016.09.06 10:35:19.372,1.15333,1.15337,1.87,1.00
2016.09.06 10:35:19.824,1.15333,1.15337,2.62,1.00
2016.09.06 10:35:20.021,1.15333,1.15337,3.37,1.00
2016.09.06 10:35:20.471,1.15333,1.15337,4.12,1.00
2016.09.06 10:35:20.684,1.15334,1.15337,1.12,1.00
2016.09.06 10:35:20.785,1.15334,1.15338,1.87,1.00
2016.09.06 10:35:20.837,1.15336,1.15339,1.00,1.00
2016.09.06 10:35:20.939,1.15335,1.15339,1.31,1.00
2016.09.06 10:35:20.990,1.15336,1.15339,1.00,1.25
2016.09.06 10:35:21.042,1.15336,1.15338,1.00,1.00
2016.09.06 10:35:21.093,1.15334,1.15338,2.06,1.00
2016.09.06 10:35:21.154,1.15334,1.15338,2.44,1.00
2016.09.06 10:35:21.205,1.15334,1.15338,1.69,1.00
2016.09.06 10:35:21.257,1.15334,1.15338,1.19,1.00
2016.09.06 10:35:21.919,1.15333,1.15338,2.44,1.00
2016.09.06 10:35:22.984,1.15333,1.15337,2.44,1.00
2016.09.06 10:35:23.035,1.15333,1.15337,2.25,1.00
2016.09.06 10:35:23.401,1.15333,1.15337,1.50,1.00
2016.09.06 10:35:23.452,1.15333,1.15337,1.00,1.00
2016.09.06 10:35:23.503,1.15332,1.15337,2.96,1.00
2016.09.06 10:35:23.803,1.15333,1.15338,1.00,1.00
2016.09.06 10:35:23.854,1.15333,1.15338,1.50,1.00
2016.09.06 10:35:24.505,1.15333,1.15337,1.00,1.00
2016.09.06 10:35:24.556,1.15332,1.15336,2.21,1.00
2016.09.06 10:35:24.607,1.15332,1.15335,1.46,1.00
2016.09.06 10:35:24.659,1.15331,1.15335,2.44,1.00
2016.09.06 10:35:24.709,1.15331,1.15335,1.00,1.50
2016.09.06 10:35:24.760,1.1533,1.15335,2.70,1.50
2016.09.06 10:35:24.811,1.1533,1.15334,1.57,1.00
2016.09.06 10:35:24.862,1.1533,1.15334,1.95,1.00
2016.09.06 10:35:25.055,1.1533,1.15334,1.57,1.00
2016.09.06 10:35:25.106,1.1533,1.15334,1.50,1.00
2016.09.06 10:35:25.258,1.1533,1.15334,1.00,1.00
2016.09.06 10:35:25.674,1.15329,1.15334,3.64,1.00
2016.09.06 10:35:25.933,1.15329,1.15334,4.01,1.00
2016.09.06 10:35:25.984,1.15329,1.15334,3.26,1.00
2016.09.06 10:35:27.150,1.15329,1.15333,2.51,1.00
2016.09.06 10:35:27.201,1.15329,1.15333,2.32,1.00
2016.09.06 10:35:27.252,1.1533,1.15334,1.25,1.00
2016.09.06 10:35:27.303,1.1533,1.15335,1.25,1.00
2016.09.06 10:35:27.354,1.1533,1.15335,2.44,1.00
2016.09.06 10:35:27.430,1.1533,1.15335,2.81,1.00
2016.09.06 10:35:27.482,1.1533,1.15335,3.26,1.00
2016.09.06 10:35:27.533,1.1533,1.15336,3.26,1.50
2016.09.06 10:35:27.701,1.15331,1.15336,1.50,1.50
2016.09.06 10:35:27.753,1.15332,1.15336,1.00,1.50
2016.09.06 10:35:27.804,1.15332,1.15335,1.00,1.00
2016.09.06 10:35:27.906,1.15332,1.15336,1.00,1.00
2016.09.06 10:35:28.008,1.15332,1.15335,1.00,1.00
2016.09.06 10:35:28.059,1.1533,1.15335,2.89,1.50
2016.09.06 10:35:28.110,1.1533,1.15335,2.32,1.00
2016.09.06 10:35:28.161,1.1533,1.15334,1.57,1.00
2016.09.06 10:35:28.212,1.1533,1.15333,1.10,1.00
2016.09.06 10:35:28.263,1.15329,1.15333,1.69,1.00
2016.09.06 10:35:28.315,1.1533,1.15335,1.25,1.50
2016.09.06 10:35:28.436,1.15334,1.15335,1.00,1.00
2016.09.06 10:35:28.538,1.15333,1.15339,2.32,1.00
2016.09.06 10:35:28.591,1.15336,1.1534,1.00,1.12
2016.09.06 10:35:28.642,1.15336,1.1534,1.00,1.50
2016.09.06 10:35:28.693,1.15336,1.15341,2.32,1.50
2016.09.06 10:35:28.744,1.15338,1.15341,1.00,1.50
2016.09.06 10:35:28.795,1.15338,1.1534,1.00,1.00
2016.09.06 10:35:28.846,1.15336,1.1534,1.00,1.50
2016.09.06 10:35:28.897,1.15336,1.15338,1.00,1.00
2016.09.06 10:35:29.163,1.15333,1.15338,3.19,1.00
2016.09.06 10:35:29.215,1.15334,1.15338,1.39,1.00
2016.09.06 10:35:29.317,1.15334,1.15338,1.09,1.00
2016.09.06 10:35:29.368,1.15334,1.15338,1.76,1.00
2016.09.06 10:35:29.419,1.15334,1.15338,1.69,1.00
2016.09.06 10:35:29.677,1.15334,1.15338,1.50,1.00
2016.09.06 10:35:29.779,1.15334,1.15338,1.00,1.00
2016.09.06 10:35:29.946,1.15334,1.15338,1.00,1.00
2016.09.06 10:35:30.102,1.15333,1.15338,3.15,1.00
2016.09.06 10:35:30.332,1.15333,1.15338,2.40,1.00
2016.09.06 10:35:30.383,1.15333,1.15338,1.65,1.00
2016.09.06 10:35:31.106,1.15333,1.15338,1.20,1.00
2016.09.06 10:35:32.238,1.15333,1.15338,1.00,1.00
2016.09.06 10:35:34.508,1.15333,1.15338,1.50,1.00
2016.09.06 10:35:35.276,1.15333,1.15337,1.00,1.00
2016.09.06 10:35:37.232,1.15333,1.15337,1.00,1.00
2016.09.06 10:35:37.334,1.15332,1.15336,3.34,1.00
2016.09.06 10:35:37.385,1.15332,1.15336,2.59,1.00
2016.09.06 10:35:37.486,1.15333,1.15336,1.00,1.00
2016.09.06 10:35:37.588,1.15332,1.15336,2.21,1.00
2016.09.06 10:35:38.826,1.15332,1.15337,2.96,1.00
2016.09.06 10:35:41.155,1.15332,1.15337,2.59,1.00
2016.09.06 10:35:41.205,1.15333,1.15338,1.00,1.00
2016.09.06 10:35:41.904,1.15333,1.15337,1.00,1.00
2016.09.06 10:35:42.866,1.15333,1.15338,1.00,1.00
2016.09.06 10:35:42.918,1.15333,1.15338,1.50,1.00
2016.09.06 10:35:42.969,1.15336,1.15338,1.00,1.00
2016.09.06 10:35:43.539,1.15335,1.15339,1.00,1.00
2016.09.06 10:35:49.782,1.15335,1.1534,1.50,1.50
2016.09.06 10:35:49.883,1.15335,1.1534,1.50,1.00
2016.09.06 10:35:50.343,1.15335,1.1534,1.50,1.50
2016.09.06 10:35:50.954,1.15335,1.1534,1.50,1.00
2016.09.06 10:35:51.790,1.15335,1.1534,1.50,1.50
2016.09.06 10:35:52.748,1.15335,1.1534,2.25,1.50
2016.09.06 10:35:52.799,1.15335,1.15339,1.50,1.00
2016.09.06 10:35:52.850,1.15334,1.15339,1.69,1.00
2016.09.06 10:35:52.901,1.15334,1.15339,1.50,1.00
2016.09.06 10:35:53.251,1.15334,1.15339,2.25,1.00
2016.09.06 10:35:53.851,1.15334,1.15339,1.00,1.00
2016.09.06 10:35:55.785,1.15333,1.15338,3.07,1.00
2016.09.06 10:35:55.944,1.15333,1.15338,2.32,1.00
2016.09.06 10:35:57.940,1.15333,1.15338,3.07,1.00
2016.09.06 10:35:58.496,1.15333,1.15338,3.00,1.00
2016.09.06 10:35:59.952,1.15333,1.15338,1.50,1.00
2016.09.06 10:36:00.003,1.15333,1.15338,1.00,1.00
2016.09.06 10:36:00.215,1.15333,1.15337,1.50,1.00
2016.09.06 10:36:00.997,1.15333,1.15337,2.25,1.00
2016.09.06 10:36:01.377,1.15333,1.15337,1.50,1.00
2016.09.06 10:36:01.667,1.15332,1.15337,3.90,1.00
2016.09.06 10:36:01.719,1.15332,1.15337,2.25,1.00
2016.09.06 10:36:01.770,1.15332,1.15337,1.50,1.00
2016.09.06 10:36:01.973,1.15332,1.15337,1.00,1.00
2016.09.06 10:36:02.023,1.15331,1.15337,2.21,1.00
2016.09.06 10:36:02.074,1.15331,1.15337,1.84,1.00
2016.09.06 10:36:02.347,1.15332,1.15337,1.00,1.00
2016.09.06 10:36:02.844,1.15331,1.15337,1.09,1.00
2016.09.06 10:36:02.946,1.1533,1.15337,5.81,1.00
2016.09.06 10:36:03.074,1.1533,1.15337,4.31,1.00
2016.09.06 10:36:03.125,1.1533,1.15337,5.06,1.00
2016.09.06 10:36:03.375,1.1533,1.15337,5.81,1.00
2016.09.06 10:36:03.501,1.1533,1.15337,5.06,1.00
2016.09.06 10:36:03.903,1.1533,1.15337,4.69,1.00
2016.09.06 10:36:03.954,1.1533,1.15337,4.31,1.00
2016.09.06 10:36:04.176,1.1533,1.15335,5.06,1.00
2016.09.06 10:36:04.978,1.1533,1.15335,4.31,1.00
2016.09.06 10:36:05.103,1.1533,1.15335,5.06,1.00
2016.09.06 10:36:06.399,1.1533,1.15335,4.31,1.00
2016.09.06 10:36:06.502,1.1533,1.15335,5.06,1.00
2016.09.06 10:36:07.082,1.1533,1.15335,4.31,1.00
2016.09.06 10:36:07.214,1.1533,1.15335,5.06,1.00
2016.09.06 10:36:08.986,1.1533,1.15335,4.31,1.00
2016.09.06 10:36:09.524,1.1533,1.15335,5.06,1.00
2016.09.06 10:36:09.688,1.1533,1.15335,4.31,1.00
2016.09.06 10:36:09.989,1.1533,1.15335,5.06,1.00
2016.09.06 10:36:10.763,1.15331,1.15336,1.25,1.00
2016.09.06 10:36:10.814,1.1533,1.15334,3.19,1.00
2016.09.06 10:36:10.865,1.1533,1.15333,1.19,1.00
2016.09.06 10:36:10.916,1.1533,1.15333,1.00,1.00
2016.09.06 10:36:11.017,1.15329,1.15333,1.50,1.00
2016.09.06 10:36:11.183,1.15329,1.15335,1.19,1.50
2016.09.06 10:36:11.235,1.15329,1.15333,1.00,1.00
2016.09.06 10:36:11.286,1.15329,1.15333,1.50,1.00
2016.09.06 10:36:11.337,1.15329,1.15333,2.25,1.00
2016.09.06 10:36:11.756,1.15329,1.15334,2.25,1.25
2016.09.06 10:36:11.808,1.15329,1.15332,1.50,1.00
2016.09.06 10:36:11.859,1.15328,1.15334,1.00,1.25
2016.09.06 10:36:11.972,1.15328,1.15332,1.00,1.00
2016.09.06 10:36:12.024,1.15328,1.15334,1.00,1.25
2016.09.06 10:36:12.228,1.15328,1.15334,1.00,1.00
2016.09.06 10:36:12.279,1.15328,1.15334,1.50,1.00
2016.09.06 10:36:12.380,1.15328,1.15334,1.69,1.00
2016.09.06 10:36:12.482,1.1533,1.15334,1.00,1.00
2016.09.06 10:36:12.987,1.15329,1.15334,1.00,1.00
2016.09.06 10:36:14.714,1.15329,1.15331,1.00,1.00
2016.09.06 10:36:14.816,1.15326,1.15329,3.00,1.00
2016.09.06 10:36:14.867,1.15326,1.15328,1.87,1.00
2016.09.06 10:36:14.969,1.15323,1.15326,1.69,1.00
2016.09.06 10:36:15.021,1.15323,1.15326,1.25,1.00
2016.09.06 10:36:15.122,1.15322,1.15326,2.06,1.00
2016.09.06 10:36:15.488,1.15323,1.15326,1.25,1.00
2016.09.06 10:36:16.176,1.15322,1.15326,1.19,1.00
2016.09.06 10:36:17.069,1.15322,1.15326,1.69,1.00
2016.09.06 10:36:17.830,1.15322,1.15329,2.44,1.87
2016.09.06 10:36:17.880,1.15322,1.15329,2.44,1.37
2016.09.06 10:36:18.070,1.15322,1.15329,2.25,1.37
2016.09.06 10:36:18.121,1.15322,1.15329,1.50,1.37
2016.09.06 10:36:18.436,1.15322,1.15329,1.00,1.37
2016.09.06 10:36:18.487,1.15322,1.15329,1.00,1.87
2016.09.06 10:36:18.538,1.15322,1.15329,1.00,2.89
2016.09.06 10:36:18.589,1.15322,1.15329,1.50,2.14
2016.09.06 10:36:18.640,1.15324,1.1533,1.00,3.07
2016.09.06 10:36:18.765,1.15324,1.1533,1.00,2.14
2016.09.06 10:36:18.922,1.15324,1.15329,1.00,1.47
2016.09.06 10:36:19.023,1.15325,1.1533,1.00,2.89
2016.09.06 10:36:19.074,1.15325,1.1533,1.00,3.64
2016.09.06 10:36:19.227,1.15322,1.15329,1.50,1.66
2016.09.06 10:36:19.383,1.15322,1.15329,1.00,1.39
2016.09.06 10:36:19.485,1.15322,1.15327,1.00,1.00
2016.09.06 10:36:19.536,1.15324,1.15329,1.00,3.56
2016.09.06 10:36:19.587,1.15321,1.15328,1.50,1.09
2016.09.06 10:36:19.638,1.15321,1.15328,1.00,1.39
2016.09.06 10:36:19.689,1.15321,1.15328,1.00,2.81
2016.09.06 10:36:19.740,1.15321,1.15328,1.00,2.51
2016.09.06 10:36:19.892,1.15321,1.15326,1.00,1.00
2016.09.06 10:36:23.980,1.15321,1.15328,1.00,2.51
2016.09.06 10:36:24.082,1.15321,1.15328,1.00,3.26
2016.09.06 10:36:24.133,1.15321,1.15326,1.00,1.00
2016.09.06 10:36:24.340,1.15322,1.15327,1.00,1.12
2016.09.06 10:36:24.645,1.15322,1.15327,1.00,1.37
2016.09.06 10:36:24.695,1.15322,1.15327,1.00,1.87
2016.09.06 10:36:24.747,1.15321,1.15326,1.00,1.12
2016.09.06 10:36:24.797,1.15322,1.15327,1.00,1.87
2016.09.06 10:36:25.178,1.15322,1.15327,1.00,1.37
2016.09.06 10:36:26.978,1.15322,1.15327,1.00,1.12
2016.09.06 10:36:28.456,1.15322,1.15327,1.00,1.00
2016.09.06 10:36:28.507,1.15322,1.15327,1.50,1.00
2016.09.06 10:36:29.253,1.15322,1.15326,1.00,1.00
2016.09.06 10:36:29.304,1.15321,1.15326,1.00,1.00
2016.09.06 10:36:30.210,1.1532,1.15328,2.44,2.62
2016.09.06 10:36:30.262,1.1532,1.15328,1.31,2.62
2016.09.06 10:36:30.313,1.1532,1.15328,3.56,2.62
2016.09.06 10:36:30.364,1.1532,1.15328,1.31,2.62
2016.09.06 10:36:30.510,1.1532,1.15328,3.56,2.62
2016.09.06 10:36:30.563,1.1532,1.15328,1.31,2.62
2016.09.06 10:36:30.665,1.1532,1.15328,3.56,2.62
2016.09.06 10:36:30.977,1.1532,1.15328,4.31,1.87
2016.09.06 10:36:31.086,1.15321,1.15326,1.00,1.00
2016.09.06 10:36:31.261,1.15321,1.15326,1.00,1.50
2016.09.06 10:36:31.363,1.15321,1.15326,1.00,1.00
2016.09.06 10:36:31.414,1.15319,1.15326,4.69,1.00
2016.09.06 10:36:31.481,1.15321,1.15326,1.00,1.00
2016.09.06 10:36:37.677,1.15321,1.15326,1.50,1.00
2016.09.06 10:36:43.350,1.15321,1.15327,1.31,1.50
2016.09.06 10:36:43.401,1.1532,1.15325,1.69,1.00
2016.09.06 10:36:43.452,1.15319,1.15325,2.25,1.00
2016.09.06 10:36:43.503,1.15319,1.1532,1.00,1.00
2016.09.06 10:36:43.570,1.15317,1.15321,1.57,1.12
2016.09.06 10:36:43.621,1.15317,1.15319,1.00,1.25
2016.09.06 10:36:43.673,1.15317,1.15319,1.00,1.25
2016.09.06 10:36:43.737,1.15317,1.15319,1.00,2.81
2016.09.06 10:36:43.788,1.15316,1.15319,2.50,2.89
2016.09.06 10:36:43.890,1.15316,1.15318,2.50,1.00
2016.09.06 10:36:44.043,1.15313,1.15318,1.00,1.00
2016.09.06 10:36:44.478,1.15313,1.15318,1.00,1.50
2016.09.06 10:36:45.061,1.15314,1.15318,1.00,1.00
2016.09.06 10:36:45.163,1.15313,1.15318,1.25,1.00
2016.09.06 10:36:45.316,1.15316,1.15319,1.00,1.10
2016.09.06 10:36:45.367,1.15318,1.1532,1.00,3.37
2016.09.06 10:36:45.418,1.15319,1.15321,1.50,1.12
2016.09.06 10:36:45.469,1.15321,1.15325,1.00,2.70
2016.09.06 10:36:45.590,1.15321,1.15327,1.00,3.07
2016.09.06 10:36:45.641,1.15321,1.15327,1.00,1.00
2016.09.06 10:36:45.894,1.15321,1.15328,1.00,1.65
2016.09.06 10:36:46.473,1.15321,1.15328,1.00,2.40
2016.09.06 10:36:46.880,1.15321,1.15328,1.25,2.40
2016.09.06 10:36:47.274,1.15323,1.15328,1.00,1.65
2016.09.06 10:36:48.375,1.15323,1.15328,1.00,2.40
2016.09.06 10:36:49.226,1.15323,1.15328,1.00,1.65
2016.09.06 10:36:49.418,1.15323,1.15328,1.00,1.20
2016.09.06 10:36:49.694,1.15323,1.15328,1.00,1.65
2016.09.06 10:36:49.796,1.15323,1.15328,1.00,1.20
2016.09.06 10:36:50.529,1.15323,1.15328,1.00,1.65
2016.09.06 10:36:53.707,1.15323,1.15328,1.00,1.20
2016.09.06 10:36:54.402,1.15323,1.15328,1.00,1.65
2016.09.06 10:36:54.453,1.15323,1.15328,1.00,2.02
2016.09.06 10:36:54.891,1.15323,1.15328,1.00,2.77
2016.09.06 10:36:54.942,1.15324,1.15328,1.00,1.27
2016.09.06 10:36:54.993,1.15324,1.15329,1.00,2.06
2016.09.06 10:36:55.044,1.15324,1.15329,1.00,1.87
2016.09.06 10:36:55.146,1.15324,1.15329,1.00,1.57
2016.09.06 10:36:55.270,1.15324,1.15329,1.00,1.27
2016.09.06 10:36:55.321,1.15324,1.15329,1.00,1.20
2016.09.06 10:36:57.149,1.15324,1.15329,1.00,1.10
2016.09.06 10:36:57.200,1.15324,1.15329,1.00,1.00
2016.09.06 10:36:57.600,1.15324,1.15329,1.00,1.87
2016.09.06 10:36:57.701,1.15322,1.15327,1.50,1.12
2016.09.06 10:36:57.752,1.15322,1.15327,1.00,1.12
2016.09.06 10:36:57.803,1.15321,1.15326,1.12,1.00
2016.09.06 10:36:57.854,1.15321,1.15326,1.00,1.00
2016.09.06 10:36:59.099,1.15323,1.15327,1.00,1.50
2016.09.06 10:36:59.150,1.15323,1.15327,1.00,1.00
2016.09.06 10:36:59.201,1.15324,1.15329,1.00,2.70
2016.09.06 10:36:59.252,1.15324,1.15329,1.50,1.47
2016.09.06 10:36:59.303,1.15324,1.15329,1.50,1.25
2016.09.06 10:36:59.405,1.15325,1.15329,1.00,1.00
2016.09.06 10:37:00.764,1.15324,1.15329,1.69,1.00
2016.09.06 10:37:00.866,1.15324,1.15329,1.25,1.00
2016.09.06 10:37:06.138,1.15324,1.15329,1.00,1.00
2016.09.06 10:37:07.059,1.15325,1.1533,1.00,1.50
2016.09.06 10:37:07.110,1.15327,1.1533,1.00,1.00
2016.09.06 10:37:07.161,1.15325,1.1533,1.50,1.00
2016.09.06 10:37:07.212,1.15325,1.15331,1.50,1.19
2016.09.06 10:37:07.263,1.15325,1.15331,1.69,1.19
2016.09.06 10:37:07.314,1.1533,1.15333,1.00,4.01
2016.09.06 10:37:07.365,1.1533,1.15333,1.25,1.95
2016.09.06 10:37:07.415,1.15331,1.15333,1.00,1.87
2016.09.06 10:37:07.510,1.15331,1.15335,1.00,1.37
2016.09.06 10:37:07.561,1.15331,1.15336,1.50,1.00
2016.09.06 10:37:07.662,1.15331,1.15336,1.00,1.00
2016.09.06 10:37:07.940,1.1533,1.15335,3.19,1.00
2016.09.06 10:37:07.990,1.1533,1.15335,1.25,1.00
2016.09.06 10:37:08.092,1.1533,1.15335,1.25,1.50
2016.09.06 10:37:08.195,1.15329,1.15334,1.19,1.00
2016.09.06 10:37:08.596,1.15329,1.15334,1.44,1.00
2016.09.06 10:37:09.605,1.15328,1.15331,1.19,1.50
2016.09.06 10:37:09.740,1.15325,1.15329,2.44,1.00
2016.09.06 10:37:09.791,1.15324,1.15329,1.56,1.00
2016.09.06 10:37:09.842,1.15325,1.1533,1.19,1.25
2016.09.06 10:37:09.893,1.15325,1.1533,1.19,1.00
2016.09.06 10:37:10.096,1.15325,1.1533,1.19,1.37
2016.09.06 10:37:10.507,1.15325,1.1533,1.19,1.12
2016.09.06 10:37:10.789,1.15324,1.15329,1.87,1.00
2016.09.06 10:37:11.057,1.15325,1.15329,1.19,1.00
2016.09.06 10:37:11.159,1.15324,1.15329,1.69,1.00
2016.09.06 10:37:11.262,1.15324,1.15329,3.19,1.00
2016.09.06 10:37:11.313,1.15324,1.15329,3.37,1.00
2016.09.06 10:37:11.466,1.15324,1.15329,2.62,1.00
2016.09.06 10:37:11.568,1.15324,1.15329,1.87,1.00
2016.09.06 10:37:12.561,1.15325,1.15329,1.19,1.00
2016.09.06 10:37:12.612,1.15327,1.1533,1.69,1.00
2016.09.06 10:37:12.664,1.1533,1.15332,1.25,1.10
2016.09.06 10:37:12.716,1.15333,1.15335,1.00,2.77
2016.09.06 10:37:12.767,1.15334,1.15336,1.69,1.50
2016.09.06 10:37:12.819,1.15334,1.1534,1.87,1.85
2016.09.06 10:37:12.870,1.15335,1.15339,1.19,1.12
2016.09.06 10:37:12.921,1.15334,1.1534,1.19,1.37
2016.09.06 10:37:12.973,1.15333,1.1534,3.94,1.00
2016.09.06 10:37:13.063,1.15334,1.15341,1.69,1.69
2016.09.06 10:37:13.114,1.15334,1.15341,1.87,1.50
2016.09.06 10:37:13.216,1.15334,1.15341,1.87,1.87
2016.09.06 10:37:13.739,1.15334,1.15341,1.87,1.12
2016.09.06 10:37:15.098,1.15334,1.15341,1.87,1.00
2016.09.06 10:37:15.301,1.15334,1.15341,1.87,1.12
2016.09.06 10:37:15.639,1.15335,1.15341,1.69,1.12
2016.09.06 10:37:15.691,1.15337,1.15341,1.00,1.00
2016.09.06 10:37:15.742,1.15337,1.15342,1.19,1.00
2016.09.06 10:37:16.247,1.15338,1.15342,1.19,1.00
2016.09.06 10:37:16.571,1.15336,1.15342,5.06,1.00
2016.09.06 10:37:16.622,1.15336,1.15343,5.06,2.44
2016.09.06 10:37:16.724,1.15336,1.15343,5.06,1.69
2016.09.06 10:37:16.835,1.15336,1.15343,5.44,1.69
2016.09.06 10:37:16.886,1.15336,1.15343,4.31,1.69
2016.09.06 10:37:17.203,1.15336,1.15343,4.69,1.69
2016.09.06 10:37:17.255,1.1534,1.15344,1.00,1.19
2016.09.06 10:37:17.357,1.1534,1.15344,4.50,1.00
2016.09.06 10:37:17.409,1.15341,1.15346,1.56,1.37
2016.09.06 10:37:17.461,1.15342,1.15346,2.06,1.50
2016.09.06 10:37:17.563,1.15342,1.15346,1.31,1.50
2016.09.06 10:37:17.614,1.15342,1.15346,1.25,1.50
2016.09.06 10:37:17.772,1.15341,1.15346,1.50,1.50
2016.09.06 10:37:17.969,1.15341,1.15346,2.25,1.50
2016.09.06 10:37:18.121,1.15341,1.15346,2.06,1.50
2016.09.06 10:37:18.172,1.15341,1.15346,1.31,1.50
2016.09.06 10:37:18.324,1.15341,1.15346,1.31,1.00
2016.09.06 10:37:18.375,1.15341,1.15346,2.06,1.00
2016.09.06 10:37:18.477,1.15341,1.15346,1.31,1.00
2016.09.06 10:37:21.431,1.15341,1.15346,1.19,1.00
2016.09.06 10:37:21.482,1.15339,1.15346,4.65,1.00
2016.09.06 10:37:21.533,1.15339,1.15346,5.40,1.00
2016.09.06 10:37:21.584,1.15342,1.15346,1.25,1.00
2016.09.06 10:37:21.635,1.15345,1.15348,1.00,2.62
2016.09.06 10:37:21.686,1.15345,1.1535,2.62,3.37
2016.09.06 10:37:21.738,1.15347,1.15351,1.25,2.25
2016.09.06 10:37:21.790,1.15347,1.15354,1.44,5.40
2016.09.06 10:37:21.882,1.15349,1.15354,1.25,2.25
2016.09.06 10:37:21.937,1.15349,1.15354,1.25,1.00
2016.09.06 10:37:22.039,1.15349,1.15354,1.19,1.00
2016.09.06 10:37:22.366,1.15348,1.15353,2.44,1.00
2016.09.06 10:37:23.004,1.15348,1.15353,2.62,1.00
2016.09.06 10:37:25.698,1.15349,1.15354,2.62,1.00
2016.09.06 10:37:25.748,1.1535,1.15355,2.44,1.00
2016.09.06 10:37:25.799,1.15352,1.15355,1.69,1.00
2016.09.06 10:37:25.901,1.15352,1.15355,1.19,1.00
2016.09.06 10:37:26.004,1.15352,1.15355,1.69,1.00
2016.09.06 10:37:26.055,1.15352,1.15358,1.69,1.00
2016.09.06 10:37:26.106,1.15352,1.15358,1.19,1.00
2016.09.06 10:37:26.310,1.15351,1.15358,2.77,1.00
2016.09.06 10:37:26.632,1.15351,1.15358,2.70,1.00
2016.09.06 10:37:26.683,1.15351,1.15358,2.62,1.00
2016.09.06 10:37:26.994,1.15351,1.15356,2.62,1.00
2016.09.06 10:37:27.244,1.15351,1.15356,1.87,1.00
2016.09.06 10:37:29.174,1.15351,1.15356,2.25,1.00
2016.09.06 10:37:29.225,1.15352,1.15356,1.50,1.00
2016.09.06 10:37:29.416,1.15352,1.15356,1.31,1.00
2016.09.06 10:37:29.807,1.15352,1.15356,2.44,1.00
2016.09.06 10:37:29.973,1.15352,1.15357,3.19,1.00
2016.09.06 10:37:30.024,1.15353,1.15357,1.25,1.00
2016.09.06 10:37:30.200,1.15354,1.15357,1.00,1.00
2016.09.06 10:37:30.463,1.15354,1.15358,1.00,1.50
2016.09.06 10:37:30.514,1.15354,1.15358,1.19,1.50
2016.09.06 10:37:30.566,1.15356,1.1536,1.25,2.62
2016.09.06 10:37:30.617,1.15356,1.1536,1.25,1.50
2016.09.06 10:37:30.668,1.15356,1.15361,1.25,1.50
2016.09.06 10:37:30.720,1.15358,1.15361,1.00,1.12
2016.09.06 10:37:30.771,1.15358,1.15359,1.00,1.00
2016.09.06 10:37:30.924,1.15356,1.15359,1.25,1.00
2016.09.06 10:37:31.227,1.15356,1.15359,1.25,1.00
2016.09.06 10:37:31.400,1.15355,1.15359,1.69,1.00
2016.09.06 10:37:31.451,1.15355,1.15358,1.19,1.00
2016.09.06 10:37:31.502,1.15354,1.15358,2.59,1.00
2016.09.06 10:37:31.553,1.15354,1.15358,2.51,1.00
2016.09.06 10:37:31.604,1.15354,1.15358,1.39,1.00
2016.09.06 10:37:31.774,1.15354,1.15358,1.29,1.00
2016.09.06 10:37:32.332,1.15353,1.15358,5.51,1.00
2016.09.06 10:37:32.484,1.15353,1.15358,5.14,1.00
2016.09.06 10:37:32.535,1.15353,1.15358,5.06,1.00
2016.09.06 10:37:32.687,1.15353,1.15358,4.31,1.00
2016.09.06 10:37:33.408,1.15353,1.15358,3.19,1.00
2016.09.06 10:37:33.622,1.15353,1.15358,2.44,1.00
2016.09.06 10:37:33.967,1.15354,1.15358,1.19,1.00
2016.09.06 10:37:34.407,1.15353,1.15358,3.19,1.00
2016.09.06 10:37:34.515,1.15353,1.15358,2.44,1.00
2016.09.06 10:37:37.716,1.15353,1.15358,1.69,1.00
2016.09.06 10:37:38.296,1.15353,1.15356,1.19,1.00
2016.09.06 10:37:38.448,1.15352,1.15356,3.56,1.00
2016.09.06 10:37:38.547,1.15352,1.15356,2.44,1.00
2016.09.06 10:37:38.650,1.15352,1.15356,3.56,1.00
2016.09.06 10:37:38.701,1.15352,1.15357,4.31,1.00
2016.09.06 10:37:38.752,1.15352,1.15357,2.44,1.00
2016.09.06 10:37:38.816,1.15352,1.15357,2.81,1.00
2016.09.06 10:37:39.193,1.15352,1.15355,2.06,1.00
2016.09.06 10:37:39.244,1.15352,1.15355,3.94,1.00
2016.09.06 10:37:39.669,1.15352,1.15355,3.19,1.00
2016.09.06 10:37:40.318,1.15352,1.15357,3.19,1.00
2016.09.06 10:37:40.370,1.15357,1.1536,1.00,3.71
2016.09.06 10:37:40.421,1.15356,1.1536,5.06,2.02
2016.09.06 10:37:40.472,1.15356,1.15359,5.44,1.00
2016.09.06 10:37:40.523,1.15357,1.15361,2.06,1.50
2016.09.06 10:37:40.575,1.15358,1.15361,1.19,1.00
2016.09.06 10:37:40.626,1.1536,1.15361,1.25,1.00
2016.09.06 10:37:40.734,1.15359,1.15363,1.19,1.57
2016.09.06 10:37:40.785,1.15359,1.15363,1.19,1.00
2016.09.06 10:37:41.436,1.15358,1.15362,1.87,1.00
2016.09.06 10:37:41.752,1.15358,1.15362,1.44,1.00
2016.09.06 10:37:41.803,1.15359,1.15362,1.19,1.00
2016.09.06 10:37:42.341,1.15358,1.15362,1.19,1.00
2016.09.06 10:37:44.026,1.15358,1.15363,1.69,1.00
2016.09.06 10:37:44.229,1.15358,1.15363,1.19,1.00
2016.09.06 10:37:44.755,1.15358,1.15364,1.19,1.00
2016.09.06 10:37:46.180,1.15358,1.15363,1.19,1.00
2016.09.06 10:37:46.487,1.15358,1.15363,1.69,1.00
2016.09.06 10:37:46.538,1.15359,1.15363,1.19,1.00
2016.09.06 10:37:46.707,1.15359,1.15363,1.19,1.50
2016.09.06 10:37:47.067,1.15359,1.15364,1.19,1.00
2016.09.06 10:37:47.118,1.15359,1.15364,1.69,1.00
2016.09.06 10:37:47.270,1.15359,1.15363,1.69,1.50
2016.09.06 10:37:47.321,1.15359,1.15363,1.19,1.00
2016.09.06 10:37:47.690,1.15359,1.15362,1.69,1.00
2016.09.06 10:37:48.091,1.15359,1.15362,1.19,1.00
2016.09.06 10:37:48.193,1.15358,1.15362,1.69,1.50
2016.09.06 10:37:48.244,1.15358,1.15362,1.19,1.50
2016.09.06 10:37:48.499,1.15357,1.15362,3.56,1.50
2016.09.06 10:37:49.211,1.15357,1.15362,2.81,1.50
2016.09.06 10:37:49.494,1.15357,1.15362,2.81,1.00
2016.09.06 10:37:49.795,1.15362,1.15365,1.00,1.10
2016.09.06 10:37:49.846,1.15365,1.15367,1.00,3.37
2016.09.06 10:37:49.898,1.15366,1.1537,1.25,2.88
2016.09.06 10:37:49.949,1.15366,1.15368,1.69,1.00
2016.09.06 10:37:50.051,1.15366,1.1537,1.25,1.50
2016.09.06 10:37:50.102,1.15366,1.1537,1.69,2.25
2016.09.06 10:37:50.189,1.15367,1.1537,1.00,1.50
2016.09.06 10:37:50.292,1.15367,1.1537,1.19,1.50
2016.09.06 10:37:50.343,1.15366,1.1537,3.19,1.50
2016.09.06 10:37:50.394,1.15366,1.1537,2.44,1.50
2016.09.06 10:37:50.605,1.15366,1.1537,1.69,1.50
2016.09.06 10:37:51.127,1.15366,1.1537,1.69,1.00
2016.09.06 10:37:52.350,1.15366,1.1537,1.69,1.50
2016.09.06 10:37:52.562,1.15366,1.1537,1.19,1.50
2016.09.06 10:37:52.613,1.15366,1.1537,1.19,2.25
2016.09.06 10:37:52.664,1.15366,1.1537,1.69,2.25
2016.09.06 10:37:52.715,1.15369,1.15371,1.19,1.00
2016.09.06 10:37:52.767,1.15371,1.15372,1.00,1.00
2016.09.06 10:37:52.831,1.15371,1.15374,1.69,2.62
2016.09.06 10:37:52.883,1.15371,1.15374,1.19,1.00
2016.09.06 10:37:52.934,1.15369,1.15372,2.51,1.00
2016.09.06 10:37:52.985,1.15369,1.15371,1.31,1.00
2016.09.06 10:37:53.139,1.15368,1.15371,1.19,1.00
2016.09.06 10:37:53.190,1.15367,1.1537,1.69,1.00
2016.09.06 10:37:53.241,1.15366,1.15369,1.56,1.50
2016.09.06 10:37:53.292,1.15365,1.15366,2.44,1.00
2016.09.06 10:37:53.343,1.15365,1.15366,1.69,1.00
2016.09.06 10:37:53.394,1.15366,1.15367,1.25,1.50
2016.09.06 10:37:53.446,1.15366,1.15367,1.25,1.00
2016.09.06 10:37:53.599,1.15364,1.15366,3.26,1.00
2016.09.06 10:37:53.686,1.15364,1.15366,2.44,1.00
2016.09.06 10:37:53.737,1.15363,1.15366,1.19,1.00
2016.09.06 10:37:54.305,1.15363,1.15367,1.19,1.00
2016.09.06 10:37:54.356,1.15363,1.15367,1.31,1.00
2016.09.06 10:37:54.458,1.15363,1.15367,1.19,1.00
2016.09.06 10:37:54.611,1.15364,1.15369,1.19,1.00
2016.09.06 10:37:54.667,1.15363,1.15366,1.69,1.00
2016.09.06 10:37:54.718,1.15363,1.15366,1.19,1.00
2016.09.06 10:37:54.972,1.15363,1.15366,1.19,1.50
2016.09.06 10:37:55.023,1.15359,1.15362,4.50,1.50
2016.09.06 10:37:55.075,1.15359,1.15361,1.50,1.50
2016.09.06 10:37:55.127,1.15357,1.15358,1.25,1.50
2016.09.06 10:37:55.178,1.15355,1.15358,1.56,1.50
2016.09.06 10:37:55.228,1.15354,1.15358,1.69,1.50
2016.09.06 10:37:55.280,1.15353,1.15359,3.71,1.00
2016.09.06 10:37:55.330,1.15354,1.15359,1.31,1.00
2016.09.06 10:37:55.443,1.15355,1.1536,1.19,1.00
2016.09.06 10:37:55.545,1.15357,1.1536,1.25,1.00
2016.09.06 10:37:55.647,1.15357,1.15361,1.69,1.50
2016.09.06 10:37:55.699,1.15357,1.15362,1.25,1.50
2016.09.06 10:37:55.750,1.15356,1.1536,1.69,1.00
2016.09.06 10:37:55.801,1.15357,1.15362,1.25,1.50
2016.09.06 10:37:55.903,1.15358,1.15362,1.00,1.50
2016.09.06 10:37:56.005,1.15358,1.15362,1.00,1.00
2016.09.06 10:37:56.057,1.15358,1.15362,1.50,1.00
2016.09.06 10:37:56.199,1.15357,1.15364,1.25,1.00
2016.09.06 10:37:56.713,1.15358,1.15364,1.00,1.00
2016.09.06 10:37:57.034,1.15358,1.15364,1.69,1.00
2016.09.06 10:37:59.117,1.15357,1.15359,1.25,1.00
2016.09.06 10:37:59.168,1.15356,1.15358,1.19,1.00
2016.09.06 10:37:59.218,1.15354,1.15358,2.89,1.00
2016.09.06 10:37:59.269,1.15354,1.15358,1.31,1.00
2016.09.06 10:37:59.320,1.15354,1.15358,1.19,1.00
2016.09.06 10:37:59.422,1.15354,1.15358,1.69,1.00
2016.09.06 10:38:00.089,1.15354,1.15359,2.44,1.00
2016.09.06 10:38:00.140,1.15355,1.1536,1.19,1.50
2016.09.06 10:38:00.191,1.15355,1.1536,1.19,1.00
2016.09.06 10:38:00.293,1.15355,1.1536,1.19,1.50
2016.09.06 10:38:00.344,1.15354,1.1536,1.69,1.50
2016.09.06 10:38:00.502,1.15354,1.15358,1.19,1.00
2016.09.06 10:38:01.067,1.15354,1.15358,1.69,1.00
2016.09.06 10:38:02.174,1.15354,1.15358,1.19,1.00
2016.09.06 10:38:03.781,1.15354,1.1536,1.69,1.50
2016.09.06 10:38:03.886,1.15354,1.1536,1.69,2.25
2016.09.06 10:38:03.938,1.15354,1.1536,1.69,2.25
2016.09.06 10:38:03.989,1.15356,1.1536,1.19,1.50
2016.09.06 10:38:04.040,1.15357,1.1536,1.25,1.00
2016.09.06 10:38:04.114,1.15357,1.15362,2.44,1.00
2016.09.06 10:38:04.165,1.15359,1.15362,1.00,1.00
2016.09.06 10:38:04.267,1.15357,1.15362,1.25,1.00
2016.09.06 10:38:04.610,1.15357,1.15362,1.19,1.00
2016.09.06 10:38:04.712,1.15357,1.15363,1.19,1.50
2016.09.06 10:38:05.592,1.15357,1.15362,1.19,1.00
2016.09.06 10:38:05.934,1.15356,1.15362,3.94,1.00
2016.09.06 10:38:05.985,1.15356,1.15362,5.44,1.00
2016.09.06 10:38:06.132,1.15356,1.15362,4.69,1.00
2016.09.06 10:38:06.182,1.15356,1.15363,3.19,1.12
2016.09.06 10:38:06.233,1.15356,1.15363,1.69,1.12
2016.09.06 10:38:06.816,1.15356,1.15363,1.19,1.87
2016.09.06 10:38:07.895,1.15356,1.15363,1.19,2.25
2016.09.06 10:38:09.619,1.15356,1.15361,1.19,1.00
2016.09.06 10:38:09.830,1.15356,1.15363,1.19,1.50
2016.09.06 10:38:09.932,1.15357,1.15362,1.19,1.00
2016.09.06 10:38:10.918,1.15358,1.15362,1.19,1.00
2016.09.06 10:38:11.076,1.15359,1.15364,1.69,1.00
2016.09.06 10:38:11.149,1.15359,1.15364,1.19,1.00
2016.09.06 10:38:11.302,1.15358,1.15362,1.56,1.00
2016.09.06 10:38:11.353,1.15357,1.15363,3.94,1.00
2016.09.06 10:38:11.404,1.15357,1.15361,2.44,1.00
2016.09.06 10:38:11.455,1.15356,1.15361,1.56,1.00
2016.09.06 10:38:11.506,1.15356,1.15361,1.19,1.00
2016.09.06 10:38:11.608,1.15356,1.15361,1.31,1.00
2016.09.06 10:38:11.771,1.15356,1.15362,1.19,1.00
2016.09.06 10:38:11.822,1.15357,1.15363,1.31,1.00
2016.09.06 10:38:11.873,1.15357,1.15363,1.69,1.00
2016.09.06 10:38:12.077,1.15361,1.15365,1.00,4.12
2016.09.06 10:38:12.128,1.15362,1.15365,1.00,2.25
2016.09.06 10:38:12.179,1.15362,1.15366,1.50,1.87
2016.09.06 10:38:12.230,1.15362,1.15367,1.50,3.07
2016.09.06 10:38:12.282,1.15362,1.15366,1.00,1.00
2016.09.06 10:38:12.333,1.15362,1.15366,1.69,1.00
2016.09.06 10:38:12.384,1.15362,1.15366,2.44,1.00
2016.09.06 10:38:12.485,1.15362,1.15366,1.69,1.00
2016.09.06 10:38:14.874,1.15362,1.15368,1.19,1.00
2016.09.06 10:38:14.925,1.15362,1.15368,1.31,1.50
2016.09.06 10:38:14.976,1.15362,1.15368,2.06,1.50
2016.09.06 10:38:15.240,1.15363,1.15367,1.19,1.00
2016.09.06 10:38:15.291,1.15363,1.15367,1.69,1.00
2016.09.06 10:38:15.341,1.15363,1.15367,1.19,1.25
2016.09.06 10:38:15.443,1.15364,1.15368,1.19,1.00
2016.09.06 10:38:15.494,1.15364,1.15369,1.19,1.25
2016.09.06 10:38:15.613,1.15364,1.15369,2.06,1.00
2016.09.06 10:38:15.768,1.15364,1.15369,2.81,1.00
2016.09.06 10:38:15.972,1.15364,1.1537,2.81,1.00
2016.09.06 10:38:16.202,1.15364,1.15371,2.81,2.44
2016.09.06 10:38:16.253,1.15364,1.15371,2.81,1.69
2016.09.06 10:38:16.419,1.15365,1.15369,1.19,1.00
2016.09.06 10:38:17.831,1.15364,1.15368,1.69,1.00
2016.09.06 10:38:18.085,1.15364,1.15369,1.19,1.00
2016.09.06 10:38:18.136,1.15363,1.15369,1.39,1.00
2016.09.06 10:38:18.187,1.15362,1.15369,2.81,1.00
2016.09.06 10:38:18.359,1.15362,1.15367,3.56,1.00
2016.09.06 10:38:18.465,1.15362,1.15367,2.44,1.00
2016.09.06 10:38:18.517,1.15362,1.15367,2.14,1.00
2016.09.06 10:38:18.619,1.15362,1.15367,1.29,1.00
2016.09.06 10:38:18.670,1.15361,1.15366,5.06,1.00
2016.09.06 10:38:18.723,1.15361,1.15366,1.69,1.00
2016.09.06 10:38:18.774,1.15361,1.15366,1.19,1.00
2016.09.06 10:38:19.424,1.1536,1.15365,4.39,1.00
2016.09.06 10:38:19.475,1.1536,1.15365,2.14,1.50
2016.09.06 10:38:19.526,1.15359,1.15363,1.39,1.00
2016.09.06 10:38:19.577,1.15358,1.15363,1.69,1.00
2016.09.06 10:38:19.629,1.15358,1.15363,1.19,1.00
2016.09.06 10:38:19.934,1.15356,1.1536,2.70,1.00
2016.09.06 10:38:19.985,1.15356,1.1536,1.76,1.00
2016.09.06 10:38:20.036,1.15355,1.1536,1.69,1.00
2016.09.06 10:38:20.087,1.15355,1.1536,1.19,1.00
2016.09.06 10:38:20.468,1.15354,1.15359,3.37,1.00
2016.09.06 10:38:20.650,1.15355,1.1536,1.19,1.00
2016.09.06 10:38:20.701,1.15356,1.15361,1.19,2.25
2016.09.06 10:38:20.751,1.15356,1.15361,1.19,1.00
2016.09.06 10:38:20.802,1.15357,1.15363,1.25,3.15
2016.09.06 10:38:20.853,1.15357,1.15363,1.69,2.40
2016.09.06 10:38:20.905,1.15357,1.15363,1.69,1.50
2016.09.06 10:38:20.956,1.15357,1.15363,2.44,1.50
2016.09.06 10:38:23.816,1.15357,1.15363,2.44,1.00
2016.09.06 10:38:23.867,1.15357,1.15361,1.19,1.00
2016.09.06 10:38:23.931,1.15355,1.15361,5.32,1.00
2016.09.06 10:38:23.983,1.15355,1.15361,1.39,1.00
2016.09.06 10:38:24.033,1.15354,1.1536,3.94,1.00
2016.09.06 10:38:24.090,1.15354,1.1536,3.19,1.00
2016.09.06 10:38:24.140,1.15354,1.15359,3.56,1.00
2016.09.06 10:38:24.374,1.15354,1.15358,3.19,1.00
2016.09.06 10:38:24.425,1.15354,1.15358,1.69,1.00
2016.09.06 10:38:24.476,1.15353,1.15358,4.65,1.00
2016.09.06 10:38:24.527,1.15353,1.15358,3.52,1.00
2016.09.06 10:38:25.084,1.15354,1.1536,1.69,1.00
2016.09.06 10:38:25.135,1.15356,1.1536,1.31,1.00
2016.09.06 10:38:25.186,1.15357,1.1536,1.69,1.00
2016.09.06 10:38:25.237,1.15357,1.15361,1.69,1.00
2016.09.06 10:38:25.288,1.15358,1.15361,1.25,1.00
2016.09.06 10:38:25.390,1.15357,1.15361,1.69,1.00
2016.09.06 10:38:25.492,1.15357,1.15361,1.19,1.00
2016.09.06 10:38:25.791,1.15357,1.15361,1.69,1.00
2016.09.06 10:38:25.892,1.15357,1.15361,1.19,1.00
2016.09.06 10:38:26.556,1.15356,1.1536,1.69,1.00
2016.09.06 10:38:26.669,1.15355,1.1536,2.77,1.00
2016.09.06 10:38:26.721,1.15355,1.15362,3.45,1.00
2016.09.06 10:38:26.772,1.15355,1.15362,3.37,1.00
2016.09.06 10:38:27.205,1.15357,1.15362,1.44,1.00
2016.09.06 10:38:27.307,1.15357,1.15362,2.62,1.00
2016.09.06 10:38:29.173,1.15357,1.15362,1.87,1.00
2016.09.06 10:38:29.462,1.15357,1.15362,1.44,1.00
2016.09.06 10:38:29.614,1.15358,1.15362,1.25,1.00
2016.09.06 10:38:30.156,1.15358,1.15362,1.44,1.00
2016.09.06 10:38:30.617,1.15357,1.15362,1.37,1.00
2016.09.06 10:38:31.231,1.15357,1.15361,1.44,1.00
2016.09.06 10:38:31.282,1.15356,1.15359,1.44,1.00
2016.09.06 10:38:31.333,1.15355,1.15359,1.47,1.00
2016.09.06 10:38:31.384,1.15354,1.15359,3.15,1.00
2016.09.06 10:38:31.435,1.15354,1.15359,2.70,1.00
2016.09.06 10:38:31.486,1.15354,1.15359,3.37,1.00
2016.09.06 10:38:31.618,1.15354,1.15359,4.50,1.00
2016.09.06 10:38:31.720,1.15354,1.15358,3.37,1.00
2016.09.06 10:38:31.923,1.15354,1.15358,2.62,1.00
2016.09.06 10:38:31.974,1.15354,1.15358,1.19,1.00
2016.09.06 10:38:32.532,1.15353,1.15358,2.62,1.00
2016.09.06 10:38:33.014,1.15354,1.15358,1.19,1.00
2016.09.06 10:38:33.065,1.15354,1.15358,1.37,1.00
2016.09.06 10:38:33.268,1.15354,1.15358,1.19,1.00
2016.09.06 10:38:33.422,1.15353,1.15358,1.87,1.00
2016.09.06 10:38:33.880,1.15351,1.15355,4.39,1.00
2016.09.06 10:38:33.948,1.15351,1.15355,2.14,1.00
2016.09.06 10:38:34.000,1.1535,1.15355,1.44,1.00
2016.09.06 10:38:34.051,1.1535,1.15355,1.44,1.50
2016.09.06 10:38:34.102,1.15349,1.15355,1.37,1.50
2016.09.06 10:38:34.154,1.15349,1.15354,1.19,1.00
2016.09.06 10:38:34.307,1.15349,1.15353,1.69,1.00
2016.09.06 10:38:34.408,1.15349,1.15353,1.19,1.00
2016.09.06 10:38:34.540,1.15349,1.15353,1.69,1.00
2016.09.06 10:38:34.592,1.15349,1.15353,2.44,1.00
2016.09.06 10:38:35.284,1.15349,1.15353,1.19,1.00
2016.09.06 10:38:35.335,1.15348,1.15353,2.81,1.00
2016.09.06 10:38:35.385,1.15348,1.15353,2.81,1.00
2016.09.06 10:38:35.553,1.15348,1.15352,1.69,1.00
2016.09.06 10:38:35.757,1.15348,1.15351,1.19,1.00
2016.09.06 10:38:36.011,1.15348,1.15351,1.19,1.25
2016.09.06 10:38:36.062,1.15345,1.15351,2.14,1.69
2016.09.06 10:38:36.113,1.15345,1.15351,1.31,2.44
2016.09.06 10:38:36.164,1.15345,1.1535,1.19,1.00
2016.09.06 10:38:36.216,1.15345,1.15349,1.19,1.00
2016.09.06 10:38:36.382,1.15344,1.15349,1.00,1.00
2016.09.06 10:38:36.444,1.15342,1.15347,1.39,1.00
2016.09.06 10:38:36.495,1.15341,1.15347,2.06,1.00
2016.09.06 10:38:36.545,1.15341,1.15347,1.19,1.00
2016.09.06 10:38:36.596,1.15341,1.15348,1.69,1.50
2016.09.06 10:38:36.698,1.15341,1.15346,2.44,1.00
2016.09.06 10:38:36.800,1.15341,1.15346,1.69,1.00
2016.09.06 10:38:37.104,1.15341,1.15346,1.19,1.00
2016.09.06 10:38:37.422,1.1534,1.15344,1.76,1.00
2016.09.06 10:38:37.473,1.1534,1.15344,1.29,1.00
2016.09.06 10:38:37.524,1.15339,1.15344,2.44,1.00
2016.09.06 10:38:37.987,1.15339,1.15344,1.69,1.00
2016.09.06 10:38:38.194,1.15339,1.15344,1.19,1.00
2016.09.06 10:38:40.335,1.15339,1.15344,1.69,1.00
2016.09.06 10:38:41.120,1.1534,1.15345,1.19,1.50
2016.09.06 10:38:41.222,1.1534,1.15345,1.19,1.00
2016.09.06 10:38:41.440,1.15341,1.15345,1.25,1.00
2016.09.06 10:38:41.690,1.15344,1.15346,1.00,1.00
2016.09.06 10:38:41.741,1.15344,1.15349,1.00,4.76
2016.09.06 10:38:41.792,1.15345,1.15349,1.31,2.62
2016.09.06 10:38:41.843,1.15345,1.15351,1.31,1.65
2016.09.06 10:38:41.894,1.15345,1.15352,1.69,2.70
2016.09.06 10:38:41.945,1.15345,1.15352,1.69,1.65
2016.09.06 10:38:41.996,1.15345,1.15352,2.06,1.10
2016.09.06 10:38:42.046,1.15345,1.15352,2.06,1.00
2016.09.06 10:38:42.097,1.15345,1.15352,1.31,1.00
2016.09.06 10:38:42.148,1.15345,1.15352,2.06,1.00
2016.09.06 10:38:42.199,1.15345,1.15352,2.81,1.00
2016.09.06 10:38:42.445,1.15345,1.15352,2.06,1.00
2016.09.06 10:38:43.481,1.15345,1.15352,2.81,1.00
2016.09.06 10:38:43.727,1.15349,1.15354,1.00,4.76
2016.09.06 10:38:43.779,1.15349,1.15354,1.00,2.59
2016.09.06 10:38:43.830,1.1535,1.15354,1.00,1.57
2016.09.06 10:38:43.882,1.1535,1.15354,2.44,1.00
2016.09.06 10:38:43.942,1.15351,1.15355,1.00,1.00
2016.09.06 10:38:43.993,1.15351,1.15356,1.19,1.00
2016.09.06 10:38:44.401,1.15352,1.15357,1.25,1.00
2016.09.06 10:38:47.184,1.15351,1.15357,1.19,1.00
2016.09.06 10:38:49.717,1.15351,1.15357,1.00,1.00
2016.09.06 10:38:50.098,1.1535,1.15357,3.75,1.00
2016.09.06 10:38:50.148,1.1535,1.15357,3.00,1.00
2016.09.06 10:38:50.254,1.1535,1.15357,2.25,1.00
2016.09.06 10:38:50.619,1.1535,1.15357,3.00,1.00
2016.09.06 10:38:50.701,1.1535,1.15357,2.25,1.00
2016.09.06 10:38:50.752,1.1535,1.15357,1.50,1.00
2016.09.06 10:38:50.808,1.1535,1.15357,2.25,1.00
2016.09.06 10:38:51.449,1.15352,1.15357,1.87,1.00
2016.09.06 10:38:51.500,1.15354,1.15358,1.00,1.00
2016.09.06 10:38:51.552,1.15353,1.1536,1.12,4.20
2016.09.06 10:38:51.603,1.15353,1.15357,1.12,1.00
2016.09.06 10:38:51.702,1.15354,1.15359,1.00,1.50
2016.09.06 10:38:51.755,1.15353,1.15357,1.00,1.00
2016.09.06 10:38:51.806,1.15352,1.15356,1.50,1.00
2016.09.06 10:38:51.857,1.15352,1.15356,1.00,1.00
2016.09.06 10:38:51.908,1.15351,1.15355,1.00,1.00
2016.09.06 10:38:52.010,1.1535,1.15357,1.50,1.00
2016.09.06 10:38:52.061,1.1535,1.15357,1.00,1.00
2016.09.06 10:38:52.367,1.1535,1.15355,1.00,1.00
2016.09.06 10:38:54.700,1.15348,1.15354,1.50,1.50
2016.09.06 10:38:54.751,1.15348,1.15353,1.00,1.50
2016.09.06 10:38:55.158,1.15348,1.15353,1.00,1.00
2016.09.06 10:38:55.523,1.15348,1.15355,1.00,1.00
2016.09.06 10:38:55.763,1.15348,1.15355,1.00,1.50
2016.09.06 10:38:56.842,1.15347,1.15351,1.50,1.00
2016.09.06 10:38:56.893,1.15347,1.15351,1.00,1.00
2016.09.06 10:38:56.944,1.15346,1.15351,1.95,1.00
2016.09.06 10:38:56.995,1.15346,1.15351,1.50,1.00
2016.09.06 10:38:57.096,1.15347,1.15352,1.00,1.00
2016.09.06 10:38:57.198,1.15346,1.15352,1.00,1.00
2016.09.06 10:38:57.880,1.15345,1.15352,4.50,1.00
2016.09.06 10:38:58.032,1.15345,1.15352,3.00,1.00
2016.09.06 10:38:58.138,1.15345,1.15352,4.50,1.00
2016.09.06 10:38:58.230,1.15345,1.15352,3.00,1.00
2016.09.06 10:38:58.439,1.15345,1.15352,4.50,1.00
2016.09.06 10:38:58.884,1.15347,1.15352,1.00,1.00
2016.09.06 10:38:59.054,1.15348,1.15353,1.00,1.50
2016.09.06 10:38:59.105,1.15348,1.15353,1.00,1.00
2016.09.06 10:38:59.156,1.15348,1.15353,1.50,1.50
2016.09.06 10:38:59.207,1.15348,1.15354,1.00,1.00
2016.09.06 10:38:59.258,1.15349,1.15353,1.00,1.00
2016.09.06 10:38:59.793,1.15349,1.15354,1.00,1.00
2016.09.06 10:39:00.246,1.1535,1.15355,1.00,1.69
2016.09.06 10:39:00.297,1.1535,1.15355,1.00,1.00
2016.09.06 10:39:00.348,1.15351,1.15356,1.00,1.20
2016.09.06 10:39:00.412,1.15351,1.15356,1.00,1.00
2016.09.06 10:39:01.798,1.15352,1.15357,1.00,1.00
2016.09.06 10:39:10.567,1.1535,1.15357,1.50,1.00
2016.09.06 10:39:10.673,1.1535,1.15357,1.00,1.00
2016.09.06 10:39:10.775,1.1535,1.15357,1.50,1.00
2016.09.06 10:39:11.373,1.1535,1.15357,1.00,1.00
2016.09.06 10:39:12.174,1.1535,1.15357,1.50,1.00
2016.09.06 10:39:12.514,1.1535,1.15357,1.00,1.00
2016.09.06 10:39:12.575,1.1535,1.15357,1.50,1.00
2016.09.06 10:39:13.279,1.1535,1.15357,1.00,1.00
2016.09.06 10:39:13.377,1.1535,1.15357,1.50,1.00
2016.09.06 10:39:14.580,1.1535,1.15357,1.00,1.00
2016.09.06 10:39:14.988,1.1535,1.15357,1.50,1.00
2016.09.06 10:39:15.181,1.1535,1.15357,1.00,1.00
2016.09.06 10:39:15.283,1.1535,1.15357,1.50,1.00
2016.09.06 10:39:15.534,1.1535,1.15355,1.50,1.00
2016.09.06 10:39:15.688,1.1535,1.15354,1.00,1.00
2016.09.06 10:39:21.789,1.1535,1.15355,1.00,1.00
2016.09.06 10:39:21.841,1.1535,1.15355,1.00,1.00
2016.09.06 10:39:21.996,1.15352,1.15357,1.00,1.10
2016.09.06 10:39:22.048,1.15352,1.15359,1.00,1.20
2016.09.06 10:39:22.149,1.15352,1.15359,1.00,1.10
2016.09.06 10:39:22.200,1.15352,1.15359,1.00,1.00
2016.09.06 10:39:28.190,1.15352,1.15357,1.00,1.00
2016.09.06 10:39:28.676,1.15352,1.15357,1.00,1.12
2016.09.06 10:39:28.727,1.15351,1.15356,1.00,1.00
2016.09.06 10:39:29.322,1.1535,1.15357,1.12,1.12
2016.09.06 10:39:29.373,1.1535,1.15354,1.12,1.00
2016.09.06 10:39:29.424,1.15349,1.15354,1.50,1.00
2016.09.06 10:39:29.475,1.15349,1.15354,1.00,1.00
2016.09.06 10:39:29.891,1.15349,1.15354,1.00,1.50
2016.09.06 10:39:30.156,1.15348,1.15353,1.00,1.00
2016.09.06 10:39:30.414,1.15346,1.15351,1.20,1.00
2016.09.06 10:39:30.465,1.15345,1.1535,2.81,1.00
2016.09.06 10:39:30.516,1.15345,1.1535,1.50,1.00
2016.09.06 10:39:30.566,1.15345,1.1535,1.00,1.00
2016.09.06 10:39:30.820,1.15346,1.15351,1.00,1.25
2016.09.06 10:39:30.871,1.15346,1.15351,1.00,1.00
2016.09.06 10:39:31.136,1.15345,1.1535,1.12,1.50
2016.09.06 10:39:31.187,1.15343,1.1535,4.12,1.50
2016.09.06 10:39:31.290,1.15343,1.15349,3.00,1.00
2016.09.06 10:39:31.341,1.15343,1.15349,1.00,1.00
2016.09.06 10:39:31.392,1.15343,1.15349,1.12,1.50
2016.09.06 10:39:31.536,1.15343,1.15349,1.00,1.50
2016.09.06 10:39:31.587,1.15343,1.15347,1.00,1.00
2016.09.06 10:39:31.638,1.15343,1.15349,1.00,1.50
2016.09.06 10:39:31.689,1.15343,1.15349,1.12,1.00
2016.09.06 10:39:31.741,1.15344,1.15349,1.00,1.00
2016.09.06 10:39:35.011,1.15346,1.1535,1.50,1.20
2016.09.06 10:39:35.062,1.15349,1.15352,1.00,3.56
2016.09.06 10:39:35.113,1.15349,1.15352,1.00,2.06
2016.09.06 10:39:35.165,1.15349,1.15352,1.00,1.00
2016.09.06 10:39:35.216,1.15349,1.15354,1.00,1.47
2016.09.06 10:39:35.267,1.15349,1.15354,1.00,1.10
2016.09.06 10:39:35.318,1.15349,1.15354,1.00,1.00
2016.09.06 10:39:35.369,1.15349,1.15354,1.19,1.00
2016.09.06 10:39:35.522,1.1535,1.15355,1.25,1.20
2016.09.06 10:39:35.573,1.1535,1.15356,1.00,1.50
2016.09.06 10:39:35.624,1.1535,1.15356,1.50,1.12
2016.09.06 10:39:35.675,1.1535,1.15357,2.44,1.20
2016.09.06 10:39:35.726,1.15352,1.15357,1.00,1.00
2016.09.06 10:39:38.858,1.15352,1.15359,1.00,1.10
2016.09.06 10:39:38.909,1.15352,1.15359,1.00,1.00
2016.09.06 10:39:40.712,1.15352,1.15359,1.50,1.00
2016.09.06 10:39:43.247,1.15352,1.15359,1.00,1.00
2016.09.06 10:39:44.581,1.15352,1.15359,1.25,1.00
2016.09.06 10:39:49.724,1.15354,1.15359,1.00,1.00
2016.09.06 10:39:51.796,1.15353,1.15358,1.00,1.00
2016.09.06 10:39:53.005,1.15354,1.15359,1.00,1.00
2016.09.06 10:39:54.098,1.15354,1.1536,1.87,1.00
2016.09.06 10:39:54.173,1.15355,1.1536,1.10,1.00
2016.09.06 10:39:54.225,1.15355,1.1536,1.20,1.00
2016.09.06 10:39:54.834,1.15355,1.1536,1.20,1.50
2016.09.06 10:39:54.935,1.15355,1.1536,1.20,1.00
2016.09.06 10:39:55.179,1.15355,1.1536,1.10,1.00
2016.09.06 10:39:55.230,1.15355,1.1536,1.00,1.00
2016.09.06 10:39:55.992,1.15355,1.1536,1.00,1.50
2016.09.06 10:39:56.997,1.15355,1.1536,1.00,1.00
2016.09.06 10:39:57.197,1.15355,1.1536,1.00,1.50
2016.09.06 10:39:57.299,1.15355,1.1536,1.00,1.00
2016.09.06 10:39:57.731,1.15355,1.1536,1.00,1.50
2016.09.06 10:39:58.000,1.15355,1.1536,1.00,1.00
2016.09.06 10:39:58.701,1.15355,1.1536,1.00,1.50
2016.09.06 10:39:59.103,1.15355,1.1536,1.00,1.00
2016.09.06 10:39:59.907,1.15355,1.1536,1.00,1.50
2016.09.06 10:40:00.059,1.15354,1.15359,1.00,1.00
2016.09.06 10:40:01.173,1.15356,1.1536,1.00,1.00
2016.09.06 10:40:01.223,1.15354,1.15359,1.00,1.00
2016.09.06 10:40:01.496,1.15355,1.1536,1.00,1.50
2016.09.06 10:40:01.610,1.15355,1.1536,1.00,1.00
2016.09.06 10:40:01.820,1.15355,1.1536,1.00,1.50
2016.09.06 10:40:01.871,1.15353,1.1536,1.27,1.50
2016.09.06 10:40:01.973,1.15354,1.1536,1.00,1.50
2016.09.06 10:40:02.024,1.15355,1.1536,1.00,1.00
2016.09.06 10:40:02.126,1.15353,1.15358,1.20,1.00
2016.09.06 10:40:02.234,1.15352,1.15358,1.95,1.00
2016.09.06 10:40:02.285,1.15352,1.15358,1.65,1.00
2016.09.06 10:40:02.336,1.15352,1.15358,1.57,1.00
2016.09.06 10:40:02.387,1.15352,1.15358,1.50,1.00
2016.09.06 10:40:03.889,1.15352,1.15357,1.50,1.00
2016.09.06 10:40:04.150,1.15353,1.15358,1.00,1.00
2016.09.06 10:40:04.253,1.15354,1.15359,1.50,1.00
2016.09.06 10:40:04.407,1.15354,1.15357,1.00,1.00
2016.09.06 10:40:04.458,1.15352,1.15358,4.69,1.00
2016.09.06 10:40:04.510,1.15354,1.15359,1.00,1.25
2016.09.06 10:40:04.561,1.15353,1.15358,1.50,1.00
2016.09.06 10:40:04.672,1.15354,1.15359,1.00,1.25
2016.09.06 10:40:04.723,1.15354,1.1536,1.00,1.69
2016.09.06 10:40:04.774,1.15353,1.15358,1.50,1.00
2016.09.06 10:40:04.824,1.15353,1.15358,1.00,1.00
2016.09.06 10:40:04.875,1.15353,1.15358,1.12,1.00
2016.09.06 10:40:04.926,1.15354,1.15359,1.00,1.00
2016.09.06 10:40:06.212,1.15352,1.1536,1.00,1.65
2016.09.06 10:40:06.263,1.15353,1.15358,1.00,1.00
2016.09.06 10:40:07.920,1.15352,1.15357,1.00,1.00
2016.09.06 10:40:08.200,1.15354,1.15358,1.00,1.00
2016.09.06 10:40:08.251,1.15353,1.15358,1.00,1.00
2016.09.06 10:40:08.403,1.15351,1.15358,2.25,1.00
2016.09.06 10:40:08.455,1.15351,1.15358,1.50,1.00
2016.09.06 10:40:09.428,1.15353,1.15359,1.00,2.44
2016.09.06 10:40:09.479,1.15354,1.15359,1.00,1.69
2016.09.06 10:40:09.632,1.15354,1.15359,1.00,1.25
2016.09.06 10:40:09.978,1.15353,1.15358,1.00,1.00
2016.09.06 10:40:10.029,1.15353,1.15358,1.50,1.00
2016.09.06 10:40:10.830,1.15353,1.15356,1.00,1.00
2016.09.06 10:40:10.983,1.15352,1.15355,1.00,1.00
2016.09.06 10:40:11.597,1.15352,1.15357,1.50,1.00
2016.09.06 10:40:11.699,1.15352,1.15359,1.50,2.06
2016.09.06 10:40:11.801,1.15352,1.15359,1.50,1.69
2016.09.06 10:40:11.852,1.15351,1.15357,2.62,1.00
2016.09.06 10:40:11.954,1.15352,1.15357,1.12,1.00
2016.09.06 10:40:12.056,1.15352,1.15357,1.12,1.00
2016.09.06 10:40:12.159,1.15351,1.15357,1.50,1.00
2016.09.06 10:40:14.154,1.15351,1.15357,1.00,1.00
2016.09.06 10:40:14.503,1.15351,1.15354,1.00,1.00
2016.09.06 10:40:15.332,1.15351,1.15354,1.00,1.00
2016.09.06 10:40:15.383,1.1535,1.15355,2.06,1.50
2016.09.06 10:40:15.485,1.15351,1.15356,1.00,1.00
2016.09.06 10:40:15.536,1.15351,1.15356,1.00,1.00
2016.09.06 10:40:15.587,1.15352,1.15354,1.00,1.00
2016.09.06 10:40:15.752,1.15347,1.1535,1.87,1.00
2016.09.06 10:40:15.803,1.15347,1.15349,1.37,1.00
2016.09.06 10:40:15.854,1.15345,1.15349,1.87,1.00
2016.09.06 10:40:15.905,1.15344,1.15349,2.62,1.00
2016.09.06 10:40:15.955,1.15343,1.15349,3.26,1.00
2016.09.06 10:40:16.057,1.15343,1.15349,2.89,1.00
2016.09.06 10:40:16.210,1.15343,1.15349,2.51,1.00
2016.09.06 10:40:16.312,1.15343,1.15349,2.25,1.00
2016.09.06 10:40:16.414,1.15343,1.15349,1.87,1.00
2016.09.06 10:40:16.775,1.15343,1.15347,1.87,1.00
2016.09.06 10:40:16.826,1.15343,1.15349,1.50,1.00
2016.09.06 10:40:16.877,1.15343,1.15348,2.25,1.00
2016.09.06 10:40:16.980,1.15343,1.15347,1.50,1.00
2016.09.06 10:40:17.151,1.15343,1.15349,1.50,1.00
2016.09.06 10:40:17.253,1.15343,1.15349,1.50,1.00
2016.09.06 10:40:17.304,1.15343,1.15349,1.87,1.00
2016.09.06 10:40:17.354,1.15343,1.15347,1.87,1.00
2016.09.06 10:40:17.558,1.15343,1.15347,1.37,1.00
2016.09.06 10:40:19.294,1.15343,1.15348,1.87,1.00
2016.09.06 10:40:20.055,1.15343,1.15348,1.37,1.00
2016.09.06 10:40:20.728,1.15343,1.15348,1.87,1.00
2016.09.06 10:40:22.034,1.15343,1.15348,1.50,1.00
2016.09.06 10:40:22.136,1.15343,1.15348,1.87,1.00
2016.09.06 10:40:22.237,1.15343,1.15348,1.50,1.00
2016.09.06 10:40:22.288,1.15344,1.15348,1.00,1.00
2016.09.06 10:40:23.087,1.15344,1.15348,1.00,1.00
2016.09.06 10:40:23.593,1.15343,1.15349,1.50,1.50
2016.09.06 10:40:23.644,1.1534,1.15343,6.75,1.00
2016.09.06 10:40:23.697,1.1534,1.15343,1.37,1.00
2016.09.06 10:40:23.749,1.15338,1.15343,1.45,1.25
2016.09.06 10:40:23.802,1.15339,1.15343,1.10,1.25
2016.09.06 10:40:23.853,1.15339,1.15343,1.00,1.25
2016.09.06 10:40:24.057,1.15339,1.15341,1.00,1.00
2016.09.06 10:40:24.108,1.15337,1.15341,1.65,1.25
2016.09.06 10:40:24.172,1.15336,1.15341,2.25,1.25
2016.09.06 10:40:24.224,1.15336,1.15341,2.32,1.00
2016.09.06 10:40:24.275,1.15336,1.15341,2.40,1.00
2016.09.06 10:40:24.327,1.15336,1.15341,2.59,1.00
2016.09.06 10:40:24.378,1.15337,1.15342,1.69,1.00
2016.09.06 10:40:24.429,1.15338,1.15343,1.50,1.00
2016.09.06 10:40:24.480,1.15339,1.15344,1.87,1.00
2016.09.06 10:40:24.549,1.15341,1.15344,1.00,1.00
2016.09.06 10:40:24.600,1.15344,1.15347,1.37,1.65
2016.09.06 10:40:24.651,1.15346,1.1535,1.00,2.44
2016.09.06 10:40:24.702,1.15346,1.1535,1.00,1.69
2016.09.06 10:40:24.753,1.15347,1.1535,1.00,1.50
2016.09.06 10:40:24.804,1.15347,1.15349,1.00,1.00
2016.09.06 10:40:24.855,1.15344,1.15348,3.15,1.00
2016.09.06 10:40:24.906,1.15344,1.15348,2.40,1.00
2016.09.06 10:40:24.958,1.15344,1.15348,2.32,1.00
2016.09.06 10:40:25.008,1.15344,1.15348,2.25,1.00
2016.09.06 10:40:25.211,1.15344,1.15348,2.62,1.00
2016.09.06 10:40:25.262,1.15346,1.1535,1.00,1.25
2016.09.06 10:40:25.313,1.15346,1.1535,1.00,1.00
2016.09.06 10:40:25.434,1.15345,1.1535,2.25,1.00
2016.09.06 10:40:25.485,1.15347,1.1535,1.00,1.00
2016.09.06 10:40:25.537,1.15348,1.15352,2.44,1.00
2016.09.06 10:40:25.589,1.15349,1.15352,1.00,1.00
2016.09.06 10:40:25.640,1.15349,1.15354,1.00,1.00
2016.09.06 10:40:25.692,1.15349,1.15355,1.00,1.50
2016.09.06 10:40:25.744,1.1535,1.15355,1.50,1.50
2016.09.06 10:40:25.795,1.1535,1.15355,1.69,1.50
2016.09.06 10:40:25.846,1.15353,1.15356,1.00,1.50
2016.09.06 10:40:25.898,1.15353,1.15356,1.19,1.00
2016.09.06 10:40:25.949,1.15355,1.15358,1.25,1.00
2016.09.06 10:40:26.264,1.15353,1.15358,2.62,1.00
2016.09.06 10:40:27.019,1.15354,1.15358,1.27,1.00
2016.09.06 10:40:27.939,1.15354,1.15358,1.57,1.00
2016.09.06 10:40:29.809,1.15355,1.15361,1.12,1.12
2016.09.06 10:40:29.860,1.15359,1.15361,1.00,1.00
2016.09.06 10:40:29.961,1.1536,1.15363,1.00,1.00
2016.09.06 10:40:30.063,1.1536,1.15363,1.19,1.00
2016.09.06 10:40:31.268,1.1536,1.15363,1.00,1.00
2016.09.06 10:40:31.870,1.15359,1.15363,2.40,1.00
2016.09.06 10:40:32.141,1.1536,1.15364,1.00,1.00
2016.09.06 10:40:32.243,1.1536,1.15365,1.25,1.50
2016.09.06 10:40:32.294,1.15359,1.15365,3.71,1.50
2016.09.06 10:40:32.346,1.15361,1.15365,1.00,1.50
2016.09.06 10:40:32.397,1.15361,1.15365,2.25,1.00
2016.09.06 10:40:32.448,1.15361,1.15366,3.00,1.00
2016.09.06 10:40:32.720,1.15361,1.15366,2.25,1.00
2016.09.06 10:40:32.979,1.15361,1.15364,1.50,1.00
2016.09.06 10:40:33.080,1.15359,1.15363,1.69,1.00
2016.09.06 10:40:33.131,1.15358,1.15362,2.32,1.00
2016.09.06 10:40:33.182,1.15358,1.15361,1.20,1.00
2016.09.06 10:40:33.233,1.15358,1.15361,1.39,1.00
2016.09.06 10:40:33.335,1.15358,1.15361,1.20,1.00
2016.09.06 10:40:33.775,1.15358,1.15361,1.12,1.00
2016.09.06 10:40:34.601,1.15357,1.15361,2.59,1.00
2016.09.06 10:40:34.877,1.15357,1.15361,1.84,1.00
2016.09.06 10:40:35.834,1.15357,1.15361,1.65,1.00
2016.09.06 10:40:35.885,1.15358,1.15361,1.00,1.00
2016.09.06 10:40:37.706,1.15357,1.15361,1.87,1.00
2016.09.06 10:40:38.033,1.15357,1.15361,1.50,1.00
2016.09.06 10:40:38.550,1.15357,1.15361,1.00,1.50
2016.09.06 10:40:38.652,1.15357,1.1536,1.00,1.00
2016.09.06 10:40:39.439,1.15357,1.15361,1.00,1.50
2016.09.06 10:40:39.587,1.15357,1.15361,1.00,1.00
2016.09.06 10:40:42.180,1.15357,1.15361,1.50,1.00
2016.09.06 10:40:44.254,1.15357,1.15361,1.00,1.00
2016.09.06 10:40:44.560,1.15357,1.15361,1.00,1.50
2016.09.06 10:40:44.705,1.15357,1.1536,1.00,1.00
2016.09.06 10:40:46.606,1.15358,1.15361,1.00,1.00
2016.09.06 10:40:47.163,1.15359,1.15362,1.00,1.00
2016.09.06 10:40:48.218,1.15358,1.15362,1.00,1.00
2016.09.06 10:40:48.726,1.15359,1.15362,1.00,1.00
2016.09.06 10:40:48.778,1.15358,1.1536,1.50,1.00
2016.09.06 10:40:48.828,1.15358,1.1536,1.00,1.00
2016.09.06 10:40:48.879,1.15357,1.1536,1.00,1.00
2016.09.06 10:40:48.981,1.15357,1.1536,1.50,1.00
2016.09.06 10:40:49.033,1.15358,1.1536,1.00,1.00
2016.09.06 10:40:49.135,1.15357,1.1536,1.50,1.00
2016.09.06 10:40:49.351,1.15357,1.1536,1.50,1.50
2016.09.06 10:40:49.504,1.15357,1.1536,1.00,1.50
2016.09.06 10:40:50.432,1.15357,1.1536,1.00,1.00
2016.09.06 10:40:50.483,1.15357,1.1536,1.00,1.50
2016.09.06 10:40:51.093,1.15357,1.1536,1.00,1.00
2016.09.06 10:40:51.222,1.15357,1.1536,1.00,1.50
2016.09.06 10:40:51.785,1.15357,1.1536,1.00,1.00
2016.09.06 10:40:51.964,1.15357,1.15361,1.00,1.50
2016.09.06 10:40:52.014,1.15357,1.1536,1.00,1.00
2016.09.06 10:40:52.116,1.15356,1.1536,2.62,1.50
2016.09.06 10:40:52.218,1.15356,1.1536,2.25,1.00
2016.09.06 10:40:52.285,1.15356,1.1536,2.25,1.50
2016.09.06 10:40:52.685,1.15356,1.1536,2.25,1.00
2016.09.06 10:40:52.821,1.15356,1.1536,2.25,1.50
2016.09.06 10:40:53.122,1.15356,1.1536,2.62,1.00
2016.09.06 10:40:53.187,1.15356,1.1536,2.62,1.50
2016.09.06 10:40:54.173,1.15356,1.1536,3.37,1.50
2016.09.06 10:40:54.235,1.15356,1.1536,3.37,1.00
2016.09.06 10:40:54.339,1.15356,1.1536,3.37,1.50
2016.09.06 10:40:55.293,1.15356,1.1536,3.37,1.00
2016.09.06 10:40:55.412,1.15356,1.1536,3.37,1.50
2016.09.06 10:40:55.463,1.15356,1.1536,3.37,1.00
2016.09.06 10:40:55.514,1.15356,1.15363,3.37,1.25
2016.09.06 10:40:55.565,1.15356,1.15361,4.12,1.00
2016.09.06 10:40:55.616,1.15356,1.1536,4.12,1.00
2016.09.06 10:40:56.656,1.15356,1.15361,4.12,1.50
2016.09.06 10:40:56.707,1.15356,1.1536,4.12,1.00
2016.09.06 10:40:56.809,1.15356,1.15361,4.12,1.00
2016.09.06 10:40:58.469,1.15356,1.1536,3.37,1.00
2016.09.06 10:40:58.519,1.15356,1.15359,2.25,1.00
2016.09.06 10:40:58.672,1.15356,1.15358,1.50,1.00
2016.09.06 10:40:58.723,1.15355,1.15357,1.10,1.00
2016.09.06 10:40:58.775,1.15353,1.15357,2.02,1.00
2016.09.06 10:40:58.826,1.15353,1.15356,1.20,1.00
2016.09.06 10:40:58.933,1.15353,1.15357,1.00,1.00
2016.09.06 10:40:59.440,1.15354,1.15357,1.00,1.00
2016.09.06 10:41:02.067,1.15354,1.15355,1.00,1.00
2016.09.06 10:41:02.118,1.15354,1.15355,1.00,1.50
2016.09.06 10:41:03.215,1.15354,1.15355,1.00,1.00
2016.09.06 10:41:03.720,1.15354,1.15355,1.00,1.00
2016.09.06 10:41:03.824,1.15354,1.15356,1.00,1.00
2016.09.06 10:41:04.341,1.15355,1.15356,1.00,1.00
2016.09.06 10:41:04.619,1.15354,1.15356,1.00,1.50
2016.09.06 10:41:04.720,1.15354,1.15355,1.00,1.00
2016.09.06 10:41:04.819,1.15354,1.15356,1.00,1.50
2016.09.06 10:41:04.920,1.15354,1.15355,1.00,1.00
2016.09.06 10:41:05.220,1.15354,1.15356,1.00,1.50
2016.09.06 10:41:05.322,1.15354,1.15355,1.00,1.00
2016.09.06 10:41:05.537,1.15354,1.15356,1.00,1.50
2016.09.06 10:41:05.722,1.15354,1.15356,1.00,1.12
2016.09.06 10:41:05.839,1.15354,1.15356,1.00,1.00
2016.09.06 10:41:08.732,1.15354,1.15355,1.00,1.00
2016.09.06 10:41:08.837,1.15354,1.15355,1.00,1.50
2016.09.06 10:41:09.038,1.15354,1.15355,1.00,1.00
2016.09.06 10:41:09.088,1.15354,1.15356,1.00,1.50
2016.09.06 10:41:09.139,1.15354,1.15356,1.00,1.00
2016.09.06 10:41:09.342,1.15351,1.15354,3.52,1.00
2016.09.06 10:41:09.393,1.15351,1.15354,2.51,1.00
2016.09.06 10:41:09.444,1.15351,1.15353,1.87,1.00
2016.09.06 10:41:09.495,1.15351,1.15353,1.12,1.00
2016.09.06 10:41:09.546,1.15351,1.15353,1.00,1.00
2016.09.06 10:41:09.648,1.15349,1.1535,2.25,1.00
2016.09.06 10:41:10.435,1.15348,1.1535,1.00,1.00
2016.09.06 10:41:10.585,1.15346,1.1535,1.00,1.00
2016.09.06 10:41:10.636,1.15346,1.1535,1.12,1.00
2016.09.06 10:41:10.687,1.15346,1.1535,1.25,1.00
2016.09.06 10:41:11.545,1.15345,1.1535,1.69,1.00
2016.09.06 10:41:11.596,1.15345,1.1535,1.19,1.00
2016.09.06 10:41:11.646,1.15346,1.1535,1.25,1.00
2016.09.06 10:41:14.601,1.15346,1.15351,2.06,1.00
2016.09.06 10:41:14.652,1.15348,1.15352,1.25,1.00
2016.09.06 10:41:14.703,1.15348,1.15352,1.00,1.00
2016.09.06 10:41:14.754,1.15351,1.15354,1.00,1.87
2016.09.06 10:41:14.805,1.15352,1.15354,1.00,1.00
2016.09.06 10:41:14.856,1.1535,1.15355,1.19,1.50
2016.09.06 10:41:15.453,1.1535,1.15355,1.19,1.00
2016.09.06 10:41:15.570,1.1535,1.15355,1.25,1.50
2016.09.06 10:41:15.672,1.15351,1.15355,1.00,1.00
2016.09.06 10:41:15.774,1.15351,1.15355,1.00,1.50
2016.09.06 10:41:15.854,1.15351,1.15355,1.00,1.00
2016.09.06 10:41:16.155,1.15351,1.15355,1.00,1.50
2016.09.06 10:41:16.226,1.15351,1.15355,1.31,1.50
2016.09.06 10:41:16.277,1.15351,1.15355,1.31,1.00
2016.09.06 10:41:16.379,1.15351,1.15355,1.31,1.50
2016.09.06 10:41:16.481,1.15351,1.15355,1.31,1.00
2016.09.06 10:41:16.660,1.15351,1.15355,1.31,1.50
2016.09.06 10:41:17.324,1.15351,1.15354,1.25,1.00
2016.09.06 10:41:20.952,1.15351,1.15354,1.00,1.00
2016.09.06 10:41:21.155,1.15348,1.15352,4.65,1.00
2016.09.06 10:41:21.207,1.15348,1.15352,3.34,1.00
2016.09.06 10:41:21.258,1.15349,1.15353,1.00,1.00
2016.09.06 10:41:22.119,1.15349,1.15352,1.00,1.00
2016.09.06 10:41:23.009,1.15349,1.15353,1.00,1.00
2016.09.06 10:41:23.517,1.1535,1.15352,1.00,1.00
2016.09.06 10:41:24.024,1.15349,1.15351,1.00,1.00
2016.09.06 10:41:24.075,1.15347,1.15351,3.15,1.00
2016.09.06 10:41:24.177,1.15347,1.1535,1.57,1.00
2016.09.06 10:41:24.231,1.15347,1.1535,1.00,1.50
2016.09.06 10:41:24.297,1.15346,1.1535,1.69,1.50
2016.09.06 10:41:24.521,1.15346,1.1535,1.69,1.00
2016.09.06 10:41:24.622,1.15346,1.1535,1.25,1.50
2016.09.06 10:41:24.724,1.15346,1.1535,1.25,1.00
2016.09.06 10:41:24.775,1.15346,1.1535,1.25,1.50
2016.09.06 10:41:24.992,1.15346,1.1535,1.25,1.00
2016.09.06 10:41:25.094,1.15346,1.1535,1.25,1.50
2016.09.06 10:41:25.195,1.15346,1.1535,1.25,1.00
2016.09.06 10:41:25.402,1.15346,1.1535,1.25,1.50
2016.09.06 10:41:25.503,1.15345,1.1535,4.87,1.50
2016.09.06 10:41:25.607,1.15345,1.1535,5.62,1.50
2016.09.06 10:41:25.958,1.15346,1.1535,1.25,1.50
2016.09.06 10:41:26.212,1.15346,1.1535,1.25,1.00
2016.09.06 10:41:26.381,1.15346,1.1535,1.25,1.50
2016.09.06 10:41:26.580,1.15346,1.1535,1.25,1.00
2016.09.06 10:41:27.160,1.15345,1.1535,4.87,1.00
2016.09.06 10:41:27.515,1.15345,1.1535,5.62,1.50
2016.09.06 10:41:27.566,1.15346,1.1535,1.25,1.50
2016.09.06 10:41:27.681,1.15346,1.1535,1.25,1.00
2016.09.06 10:41:28.015,1.15346,1.1535,1.25,1.50
2016.09.06 10:41:28.219,1.15346,1.1535,1.25,1.00
2016.09.06 10:41:28.516,1.15346,1.1535,1.25,1.50
2016.09.06 10:41:28.567,1.15347,1.1535,1.00,1.00
2016.09.06 10:41:28.720,1.15347,1.15351,1.00,1.00
2016.09.06 10:41:29.587,1.15349,1.15351,1.00,1.00
2016.09.06 10:41:30.569,1.15348,1.15351,1.00,1.00
2016.09.06 10:41:30.772,1.15348,1.15352,1.19,1.00
2016.09.06 10:41:30.874,1.1535,1.15352,1.00,1.00
2016.09.06 10:41:31.300,1.15347,1.15351,1.25,1.00
2016.09.06 10:41:31.353,1.15346,1.15351,2.59,1.00
2016.09.06 10:41:31.423,1.15346,1.15351,2.96,1.00
2016.09.06 10:41:31.861,1.15346,1.15351,3.71,1.00
2016.09.06 10:41:31.912,1.15347,1.15351,1.25,1.00
2016.09.06 10:41:32.735,1.15347,1.15351,1.00,1.00
2016.09.06 10:41:32.844,1.15349,1.15354,1.19,2.25
2016.09.06 10:41:32.946,1.15349,1.15354,1.19,1.50
2016.09.06 10:41:32.997,1.15349,1.15354,1.69,1.00
2016.09.06 10:41:33.048,1.15349,1.15353,1.25,1.00
2016.09.06 10:41:34.070,1.1535,1.15353,1.00,1.00
2016.09.06 10:41:34.551,1.1535,1.15353,1.25,1.00
2016.09.06 10:41:35.105,1.15348,1.15353,1.69,1.00
2016.09.06 10:41:36.073,1.1535,1.15353,1.25,1.00
2016.09.06 10:41:38.814,1.1535,1.15354,1.25,1.00
2016.09.06 10:41:38.865,1.1535,1.15354,1.00,1.00
2016.09.06 10:41:39.044,1.1535,1.15354,1.19,1.00
2016.09.06 10:41:39.095,1.15351,1.15355,1.19,1.00
2016.09.06 10:41:39.348,1.15351,1.15356,1.19,1.50
2016.09.06 10:41:39.519,1.15351,1.15355,1.19,1.00
2016.09.06 10:41:40.417,1.15351,1.15355,1.39,1.00
2016.09.06 10:41:40.622,1.15351,1.15356,1.39,1.50
2016.09.06 10:41:40.711,1.15351,1.15355,1.39,1.00
2016.09.06 10:41:40.822,1.15351,1.15356,1.39,1.50
2016.09.06 10:41:41.022,1.15351,1.15355,1.39,1.00
2016.09.06 10:41:41.414,1.15351,1.15356,1.39,1.00
2016.09.06 10:41:41.715,1.1535,1.15355,3.19,1.00
2016.09.06 10:41:41.776,1.1535,1.15355,3.94,1.50
2016.09.06 10:41:42.024,1.1535,1.15355,3.19,1.00
2016.09.06 10:41:42.265,1.1535,1.15355,3.94,1.50
2016.09.06 10:41:42.519,1.1535,1.15355,3.19,1.00
2016.09.06 10:41:42.733,1.1535,1.15355,3.94,1.50
2016.09.06 10:41:42.919,1.1535,1.15355,3.19,1.00
2016.09.06 10:41:43.153,1.1535,1.15355,3.94,1.50
2016.09.06 10:41:43.220,1.1535,1.15355,3.19,1.00
2016.09.06 10:41:43.381,1.1535,1.15355,3.94,1.50
2016.09.06 10:41:43.715,1.1535,1.15354,3.19,1.00
2016.09.06 10:41:43.766,1.1535,1.15354,2.06,1.00
2016.09.06 10:41:43.817,1.15349,1.15354,3.94,1.00
2016.09.06 10:41:43.869,1.1535,1.15354,1.09,1.00
2016.09.06 10:41:43.920,1.1535,1.15354,1.01,1.00
2016.09.06 10:41:43.970,1.1535,1.15353,1.25,1.00
2016.09.06 10:41:44.123,1.15349,1.15353,1.39,1.00
2016.09.06 10:41:44.924,1.15349,1.15353,1.29,1.00
2016.09.06 10:41:49.805,1.15349,1.15353,1.19,1.00
2016.09.06 10:41:53.799,1.15349,1.15353,1.31,1.00
2016.09.06 10:42:01.171,1.15349,1.15353,1.25,1.00
2016.09.06 10:42:01.468,1.15349,1.15355,1.25,1.69
2016.09.06 10:42:01.622,1.15349,1.15355,1.25,1.19
2016.09.06 10:42:02.006,1.15349,1.15355,1.25,1.69
2016.09.06 10:42:02.179,1.15349,1.15355,1.25,1.19
2016.09.06 10:42:02.482,1.15349,1.15355,1.25,1.69
2016.09.06 10:42:02.616,1.15349,1.15355,1.25,1.19
2016.09.06 10:42:02.700,1.15349,1.15355,1.25,1.69
2016.09.06 10:42:02.780,1.15349,1.15355,1.25,1.19
2016.09.06 10:42:02.831,1.15349,1.15353,1.25,1.00
2016.09.06 10:42:03.046,1.15349,1.15354,1.25,1.25
2016.09.06 10:42:03.097,1.1535,1.15354,1.00,1.25
2016.09.06 10:42:03.148,1.15352,1.15355,1.00,1.19
2016.09.06 10:42:03.199,1.15352,1.15356,1.00,1.69
2016.09.06 10:42:03.301,1.15352,1.15355,1.00,1.19
2016.09.06 10:42:03.509,1.15352,1.15356,1.00,1.69
2016.09.06 10:42:03.696,1.15352,1.15356,1.00,1.19
2016.09.06 10:42:04.265,1.15352,1.15356,1.25,1.19
2016.09.06 10:42:04.419,1.15352,1.15357,1.25,1.00
2016.09.06 10:42:04.596,1.15352,1.15357,1.19,1.00
2016.09.06 10:42:05.098,1.15352,1.15357,1.31,1.00
2016.09.06 10:42:05.149,1.15353,1.15357,1.19,1.00
2016.09.06 10:42:05.200,1.15353,1.15357,1.31,1.00
2016.09.06 10:42:06.064,1.15353,1.15357,1.00,1.00
2016.09.06 10:42:06.374,1.15352,1.15357,1.65,1.00
2016.09.06 10:42:06.564,1.15352,1.15357,1.57,1.00
2016.09.06 10:42:06.615,1.15352,1.15357,1.50,1.00
2016.09.06 10:42:07.145,1.15351,1.15356,1.09,1.00
2016.09.06 10:42:07.196,1.1535,1.15355,3.56,1.00
2016.09.06 10:42:07.247,1.1535,1.15355,2.44,1.00
2016.09.06 10:42:07.299,1.1535,1.15355,1.31,1.50
2016.09.06 10:42:07.350,1.1535,1.15355,1.25,1.50
2016.09.06 10:42:07.452,1.15348,1.15354,2.89,1.00
2016.09.06 10:42:07.503,1.15348,1.15354,2.21,1.00
2016.09.06 10:42:08.489,1.15349,1.15354,1.19,1.00
2016.09.06 10:42:09.003,1.15349,1.15354,1.69,1.00
2016.09.06 10:42:09.054,1.15349,1.15354,1.69,1.25
2016.09.06 10:42:09.156,1.15349,1.15354,2.44,1.25
2016.09.06 10:42:09.359,1.15349,1.15356,2.44,2.06
2016.09.06 10:42:09.410,1.15349,1.15356,1.69,2.06
2016.09.06 10:42:09.461,1.15349,1.15354,1.69,1.25
2016.09.06 10:42:09.511,1.15351,1.15356,1.00,1.62
2016.09.06 10:42:09.562,1.15351,1.15356,1.50,1.62
2016.09.06 10:42:09.613,1.15351,1.15356,1.19,1.25
2016.09.06 10:42:09.664,1.15351,1.15354,1.19,1.00
2016.09.06 10:42:09.715,1.15351,1.15353,1.00,1.25
2016.09.06 10:42:09.766,1.15348,1.15353,1.76,1.25
2016.09.06 10:42:09.874,1.15347,1.15353,2.89,1.25
2016.09.06 10:42:09.925,1.15347,1.15353,3.34,1.25
2016.09.06 10:42:10.078,1.15347,1.15353,2.96,1.25
2016.09.06 10:42:10.789,1.15348,1.15353,1.25,1.25
2016.09.06 10:42:11.196,1.15348,1.15353,1.19,1.25
2016.09.06 10:42:11.795,1.15347,1.15353,1.46,1.25
2016.09.06 10:42:12.412,1.15347,1.15351,1.46,1.00
2016.09.06 10:42:14.217,1.15347,1.15351,1.39,1.00
2016.09.06 10:42:15.276,1.15347,1.15353,1.39,1.25
2016.09.06 10:42:15.407,1.15345,1.15352,4.84,1.00
2016.09.06 10:42:15.458,1.15345,1.15352,5.59,1.00
2016.09.06 10:42:15.560,1.15345,1.15352,5.21,1.00
2016.09.06 10:42:15.662,1.15345,1.15352,3.71,1.00
2016.09.06 10:42:15.846,1.15345,1.15352,2.21,1.00
2016.09.06 10:42:17.186,1.15347,1.15352,1.19,1.00
2016.09.06 10:42:17.581,1.15347,1.15352,1.69,1.00
2016.09.06 10:42:18.272,1.15348,1.15352,1.25,1.00
2016.09.06 10:42:19.191,1.15348,1.15354,1.25,2.44
2016.09.06 10:42:19.242,1.15348,1.15354,1.25,1.69
2016.09.06 10:42:19.464,1.15347,1.15354,1.69,1.69
2016.09.06 10:42:19.666,1.15347,1.15354,2.44,1.69
2016.09.06 10:42:20.959,1.15347,1.15354,2.81,1.19
2016.09.06 10:42:21.072,1.15348,1.15354,1.31,1.19
2016.09.06 10:42:21.123,1.15348,1.15353,1.31,1.25
2016.09.06 10:42:21.530,1.15348,1.15352,1.31,1.00
2016.09.06 10:42:21.581,1.15347,1.15352,1.56,1.00
2016.09.06 10:42:21.691,1.15347,1.15352,1.76,1.00
2016.09.06 10:42:22.422,1.15347,1.15352,1.46,1.00
2016.09.06 10:42:22.473,1.15348,1.15352,1.19,1.00
2016.09.06 10:42:23.823,1.15348,1.15351,1.19,1.00
2016.09.06 10:42:27.841,1.15348,1.15351,1.00,1.00
2016.09.06 10:42:28.502,1.15347,1.15351,1.20,1.00
2016.09.06 10:42:28.607,1.15346,1.15351,4.87,1.00
2016.09.06 10:42:28.658,1.15346,1.15351,3.75,1.00
2016.09.06 10:42:28.709,1.15346,1.15351,3.37,1.00
2016.09.06 10:42:28.760,1.15346,1.15351,3.07,1.00
2016.09.06 10:42:29.064,1.15346,1.15351,3.00,1.19
2016.09.06 10:42:29.115,1.15346,1.15352,2.62,1.69
2016.09.06 10:42:29.166,1.15346,1.15352,2.25,1.00
2016.09.06 10:42:29.240,1.15348,1.15353,1.00,1.25
2016.09.06 10:42:29.291,1.15349,1.15353,1.00,1.25
2016.09.06 10:42:29.598,1.15347,1.15353,1.57,1.25
2016.09.06 10:42:29.649,1.15347,1.15352,1.57,1.00
2016.09.06 10:42:29.700,1.15347,1.15352,1.10,1.00
2016.09.06 10:42:29.751,1.15347,1.15352,1.00,1.00
2016.09.06 10:42:30.309,1.15346,1.15352,1.57,1.00
2016.09.06 10:42:30.360,1.15346,1.15352,2.70,1.00
2016.09.06 10:42:30.512,1.15346,1.15352,3.07,1.00
2016.09.06 10:42:30.563,1.15346,1.15352,3.45,1.00
2016.09.06 10:42:30.884,1.15347,1.15352,1.00,1.00
2016.09.06 10:42:32.194,1.15348,1.15353,1.50,1.25
2016.09.06 10:42:32.245,1.15348,1.15352,1.00,1.00
2016.09.06 10:42:32.347,1.15348,1.15352,1.00,1.25
2016.09.06 10:42:32.828,1.15347,1.15352,2.32,1.25
2016.09.06 10:42:33.507,1.15347,1.15352,2.32,1.00
2016.09.06 10:42:33.608,1.15347,1.15352,1.57,1.00
2016.09.06 10:42:33.828,1.15348,1.15352,1.00,1.00
2016.09.06 10:42:34.086,1.15348,1.15353,1.50,1.25
2016.09.06 10:42:34.137,1.15348,1.15354,1.87,1.19
2016.09.06 10:42:34.189,1.15349,1.15354,1.00,1.19
2016.09.06 10:42:34.240,1.15351,1.15355,1.00,2.44
2016.09.06 10:42:34.337,1.15351,1.15355,1.00,1.69
2016.09.06 10:42:34.388,1.15349,1.15355,1.00,1.69
2016.09.06 10:42:34.490,1.15348,1.15353,2.70,1.00
2016.09.06 10:42:34.845,1.15348,1.15351,1.95,1.00
2016.09.06 10:42:34.896,1.15348,1.15353,1.95,1.19
2016.09.06 10:42:34.947,1.15348,1.15353,1.10,1.31
2016.09.06 10:42:34.998,1.15348,1.15353,1.00,1.31
2016.09.06 10:42:35.419,1.15348,1.15352,1.00,1.25
2016.09.06 10:42:36.029,1.15346,1.15352,3.75,1.25
2016.09.06 10:42:36.080,1.15347,1.15352,1.00,1.25
2016.09.06 10:42:36.342,1.15347,1.15352,1.50,1.25
2016.09.06 10:42:36.393,1.15348,1.15353,1.00,1.19
2016.09.06 10:42:36.466,1.15348,1.15353,1.50,1.19
2016.09.06 10:42:36.517,1.15348,1.15354,1.50,1.31
2016.09.06 10:42:36.721,1.15348,1.15354,1.00,1.31
2016.09.06 10:42:36.772,1.15349,1.15355,1.00,2.81
2016.09.06 10:42:36.924,1.15349,1.15355,1.00,2.06
2016.09.06 10:42:37.026,1.15349,1.15355,1.00,2.81
2016.09.06 10:42:37.077,1.15349,1.15355,1.00,1.69
2016.09.06 10:42:37.179,1.15348,1.15355,3.82,1.69
2016.09.06 10:42:37.395,1.15348,1.15355,4.20,1.69
2016.09.06 10:42:37.446,1.15348,1.15354,3.82,1.25
2016.09.06 10:42:37.519,1.15348,1.15354,3.45,1.25
2016.09.06 10:42:37.676,1.15348,1.15354,3.07,1.25
2016.09.06 10:42:37.727,1.15348,1.15354,2.32,1.25
2016.09.06 10:42:38.049,1.15348,1.15354,1.95,1.25
2016.09.06 10:42:38.099,1.15348,1.15354,1.57,1.25
2016.09.06 10:42:38.251,1.15348,1.15353,1.57,1.00
2016.09.06 10:42:40.532,1.15349,1.15353,1.00,1.00
2016.09.06 10:42:40.753,1.15349,1.15355,1.00,2.44
2016.09.06 10:42:41.118,1.15349,1.15355,1.00,1.69
2016.09.06 10:42:41.242,1.15349,1.15355,1.00,2.44
2016.09.06 10:42:41.304,1.15349,1.15355,1.00,1.69
2016.09.06 10:42:41.751,1.15349,1.15355,1.00,2.44
2016.09.06 10:42:41.909,1.15349,1.15354,1.00,1.25
2016.09.06 10:42:41.959,1.15348,1.15354,2.32,1.25
2016.09.06 10:42:42.658,1.15348,1.15354,1.57,1.25
2016.09.06 10:42:43.010,1.15348,1.15352,1.50,1.00
2016.09.06 10:42:43.390,1.15348,1.15352,1.00,1.00
2016.09.06 10:42:44.391,1.15348,1.15352,1.50,1.00
2016.09.06 10:42:44.763,1.15348,1.15352,1.00,1.00
2016.09.06 10:42:45.748,1.15348,1.15352,1.50,1.00
2016.09.06 10:42:45.850,1.15348,1.15352,1.00,1.00
2016.09.06 10:42:48.858,1.15348,1.15352,1.50,1.00
2016.09.06 10:42:49.397,1.15348,1.15353,2.25,1.00
2016.09.06 10:42:50.845,1.15348,1.15353,1.50,1.00
2016.09.06 10:42:52.531,1.15348,1.15353,2.25,1.00
2016.09.06 10:42:54.974,1.15348,1.15353,1.50,1.00
2016.09.06 10:42:55.280,1.15348,1.15355,1.50,1.31
2016.09.06 10:42:55.382,1.15349,1.15355,1.00,2.06
2016.09.06 10:42:55.535,1.15349,1.15355,1.00,1.31
2016.09.06 10:42:55.840,1.15349,1.15355,1.00,2.06
2016.09.06 10:42:55.961,1.15349,1.15355,1.00,2.81
2016.09.06 10:42:56.012,1.15348,1.15355,1.50,2.06
2016.09.06 10:42:56.063,1.15348,1.15355,1.50,2.81
2016.09.06 10:42:56.215,1.15348,1.15355,1.00,2.81
2016.09.06 10:42:56.595,1.15348,1.15353,1.00,1.00
2016.09.06 10:42:56.646,1.15347,1.1535,1.20,1.50
2016.09.06 10:42:56.697,1.15346,1.1535,1.87,1.50
2016.09.06 10:42:56.748,1.15346,1.1535,1.12,1.50
2016.09.06 10:42:56.799,1.15346,1.1535,1.00,1.50
2016.09.06 10:42:56.951,1.15346,1.1535,1.00,1.00
2016.09.06 10:42:57.161,1.15346,1.1535,1.00,1.50
2016.09.06 10:42:57.441,1.15346,1.1535,1.00,1.00
2016.09.06 10:42:57.640,1.15346,1.1535,1.00,1.50
2016.09.06 10:42:58.042,1.15346,1.1535,1.00,1.00
2016.09.06 10:42:58.093,1.15345,1.1535,1.12,1.00
2016.09.06 10:42:58.144,1.15345,1.1535,1.00,1.69
2016.09.06 10:42:58.246,1.15345,1.1535,1.00,1.25
2016.09.06 10:42:58.473,1.15346,1.15351,1.00,1.19
2016.09.06 10:42:58.593,1.15346,1.15351,1.00,1.44
2016.09.06 10:42:58.695,1.15346,1.15351,1.50,1.44
2016.09.06 10:42:59.152,1.15346,1.15351,1.00,1.44
2016.09.06 10:42:59.304,1.15345,1.15351,1.00,1.37
2016.09.06 10:42:59.355,1.15345,1.1535,1.00,1.12
2016.09.06 10:42:59.653,1.15345,1.15351,1.00,1.87
2016.09.06 10:42:59.755,1.15345,1.1535,1.00,1.12
2016.09.06 10:42:59.960,1.15345,1.15351,1.00,1.87
2016.09.06 10:43:00.062,1.15345,1.1535,1.00,1.12
2016.09.06 10:43:00.164,1.15344,1.1535,2.02,1.12
2016.09.06 10:43:00.266,1.15344,1.1535,1.65,1.12
2016.09.06 10:43:00.317,1.15344,1.15349,1.65,1.00
2016.09.06 10:43:00.368,1.15344,1.15349,1.84,1.00
2016.09.06 10:43:00.626,1.15344,1.15349,2.96,1.00
2016.09.06 10:43:00.880,1.15344,1.1535,2.96,1.25
2016.09.06 10:43:00.931,1.15344,1.1535,1.84,1.25
2016.09.06 10:43:00.982,1.15344,1.15351,1.84,2.44
2016.09.06 10:43:01.050,1.15344,1.1535,1.84,1.25
2016.09.06 10:43:01.463,1.15344,1.15351,1.84,2.44
2016.09.06 10:43:01.551,1.15344,1.1535,1.84,1.25
2016.09.06 10:43:01.651,1.15344,1.15351,1.84,2.44
2016.09.06 10:43:02.383,1.15344,1.1535,1.84,1.25
2016.09.06 10:43:02.485,1.15344,1.15351,1.84,2.44
2016.09.06 10:43:02.553,1.15344,1.1535,1.84,1.25
2016.09.06 10:43:03.156,1.15344,1.15351,1.84,2.44
2016.09.06 10:43:03.505,1.15344,1.15351,1.65,2.62
2016.09.06 10:43:03.613,1.15344,1.15349,1.20,1.00
2016.09.06 10:43:03.664,1.15344,1.15349,1.10,1.00
2016.09.06 10:43:03.714,1.15344,1.15349,1.00,1.00
2016.09.06 10:43:05.618,1.15343,1.15348,1.50,1.00
2016.09.06 10:43:09.015,1.15343,1.15349,1.50,1.00
2016.09.06 10:43:09.127,1.15343,1.15349,1.50,1.00
2016.09.06 10:43:09.228,1.15343,1.15349,1.00,1.50
2016.09.06 10:43:11.083,1.15344,1.15349,1.00,1.50
2016.09.06 10:43:11.294,1.15345,1.1535,1.50,1.25
2016.09.06 10:43:11.395,1.15345,1.15352,1.50,2.06
2016.09.06 10:43:11.446,1.15346,1.15352,1.00,1.56
2016.09.06 10:43:11.497,1.15347,1.15352,1.00,1.56
2016.09.06 10:43:11.599,1.15347,1.15352,1.00,1.19
2016.09.06 10:43:11.990,1.15347,1.15352,1.50,1.19
2016.09.06 10:43:12.091,1.15347,1.15352,1.50,1.69
2016.09.06 10:43:12.328,1.15346,1.15351,1.00,1.25
2016.09.06 10:43:12.986,1.15345,1.15353,2.32,2.44
2016.09.06 10:43:13.307,1.15345,1.15353,1.57,2.44
2016.09.06 10:43:13.778,1.15345,1.15353,1.57,2.81
2016.09.06 10:43:13.829,1.15346,1.15353,1.00,2.06
2016.09.06 10:43:14.039,1.15346,1.15353,1.00,1.31
2016.09.06 10:43:14.490,1.15347,1.15352,1.00,1.00
2016.09.06 10:43:14.825,1.15346,1.15351,1.50,1.00
2016.09.06 10:43:14.927,1.15346,1.15351,1.00,1.00
2016.09.06 10:43:15.901,1.15346,1.15351,1.50,1.00
2016.09.06 10:43:16.434,1.15346,1.15352,1.50,1.25
2016.09.06 10:43:16.485,1.15347,1.15352,1.00,1.25
2016.09.06 10:43:17.149,1.15347,1.15352,1.00,1.00
2016.09.06 10:43:17.200,1.15347,1.15352,1.50,1.00
2016.09.06 10:43:18.995,1.15346,1.15351,2.25,1.19
2016.09.06 10:43:19.046,1.15346,1.15351,1.50,1.19
2016.09.06 10:43:19.097,1.15345,1.15351,1.00,1.69
2016.09.06 10:43:19.249,1.15345,1.1535,1.00,1.25
2016.09.06 10:43:19.351,1.15345,1.1535,1.00,1.69
2016.09.06 10:43:20.107,1.15345,1.15349,1.00,1.00
2016.09.06 10:43:20.158,1.15345,1.1535,1.87,1.00
2016.09.06 10:43:20.535,1.15345,1.1535,1.87,1.50
2016.09.06 10:43:20.647,1.15345,1.1535,1.87,1.00
2016.09.06 10:43:20.908,1.15345,1.1535,1.87,1.50
2016.09.06 10:43:21.529,1.15345,1.1535,1.87,1.00
2016.09.06 10:43:21.581,1.15345,1.1535,1.50,1.00
2016.09.06 10:43:21.785,1.15344,1.15349,1.50,1.19
2016.09.06 10:43:26.218,1.15344,1.15349,1.50,1.69
2016.09.06 10:43:26.694,1.15344,1.15349,1.00,1.69
2016.09.06 10:43:27.235,1.15343,1.15349,1.00,1.69
2016.09.06 10:43:28.695,1.15343,1.15349,1.00,1.87
2016.09.06 10:43:28.886,1.15343,1.15347,1.00,1.00
2016.09.06 10:43:29.891,1.15343,1.15347,1.00,1.19
2016.09.06 10:43:30.184,1.15343,1.15347,1.00,1.00
2016.09.06 10:43:30.235,1.15343,1.15348,1.50,1.12
2016.09.06 10:43:30.356,1.15344,1.15349,1.00,1.37
2016.09.06 10:43:30.407,1.15344,1.15349,1.00,1.19
2016.09.06 10:43:30.458,1.15344,1.15348,1.00,1.25
2016.09.06 10:43:30.924,1.15344,1.15349,1.50,1.19
2016.09.06 10:43:31.246,1.15344,1.15349,1.50,1.44
2016.09.06 10:43:32.198,1.15345,1.1535,1.00,1.37
2016.09.06 10:43:32.249,1.15345,1.1535,1.00,1.87
2016.09.06 10:43:32.333,1.15344,1.15349,1.50,1.44
2016.09.06 10:43:33.519,1.15344,1.15349,1.50,1.19
2016.09.06 10:43:33.620,1.15345,1.15349,1.00,1.19
2016.09.06 10:43:34.021,1.15344,1.15349,1.50,1.19
2016.09.06 10:43:34.072,1.15344,1.15349,1.00,1.19
2016.09.06 10:43:34.123,1.15342,1.15349,3.00,1.19
2016.09.06 10:43:34.224,1.15342,1.15349,1.87,2.25
2016.09.06 10:43:34.275,1.15342,1.15348,1.87,1.44
2016.09.06 10:43:34.326,1.15342,1.15348,1.87,1.87
2016.09.06 10:43:34.428,1.15342,1.15347,1.87,1.44
2016.09.06 10:43:34.530,1.15342,1.15348,1.87,1.37
2016.09.06 10:43:34.757,1.15342,1.15347,1.12,1.81
2016.09.06 10:43:35.063,1.15342,1.15347,1.00,1.81
2016.09.06 10:43:35.290,1.15342,1.15347,1.00,2.25
2016.09.06 10:43:35.442,1.15341,1.15347,1.00,1.12
2016.09.06 10:43:36.365,1.15342,1.15347,1.00,1.12
2016.09.06 10:43:37.395,1.15342,1.15346,1.00,1.00
2016.09.06 10:43:37.446,1.1534,1.15343,4.65,1.25
2016.09.06 10:43:37.497,1.1534,1.15343,1.27,1.25
2016.09.06 10:43:37.549,1.15338,1.15343,1.12,1.19
2016.09.06 10:43:37.600,1.15337,1.15343,1.00,1.19
2016.09.06 10:43:37.651,1.15337,1.15343,1.00,1.25
2016.09.06 10:43:37.854,1.15337,1.15343,1.00,1.19
2016.09.06 10:43:38.058,1.15336,1.15341,1.50,1.00
2016.09.06 10:43:38.161,1.15336,1.15341,1.50,1.50
2016.09.06 10:43:38.263,1.15336,1.15341,1.50,1.00
2016.09.06 10:43:38.467,1.15336,1.15341,1.00,1.25
2016.09.06 10:43:38.624,1.15335,1.1534,2.62,1.00
2016.09.06 10:43:38.726,1.15336,1.1534,1.00,1.00
2016.09.06 10:43:38.878,1.15336,1.15341,1.50,1.25
2016.09.06 10:43:39.284,1.15336,1.1534,1.00,1.00
2016.09.06 10:43:39.487,1.15336,1.15342,1.00,1.44
2016.09.06 10:43:40.767,1.15336,1.15342,1.00,1.19
2016.09.06 10:43:41.345,1.15337,1.15341,1.00,1.25
2016.09.06 10:43:41.396,1.15337,1.15342,1.50,1.19
2016.09.06 10:43:41.447,1.15338,1.15345,1.00,2.89
2016.09.06 10:43:41.498,1.15338,1.15345,1.00,3.19
2016.09.06 10:43:41.549,1.15338,1.15345,1.00,2.81
2016.09.06 10:43:41.650,1.15338,1.15345,1.00,2.44
2016.09.06 10:43:42.062,1.15338,1.15343,1.00,1.00
2016.09.06 10:43:42.113,1.15339,1.15344,1.00,1.25
2016.09.06 10:43:42.334,1.15337,1.15344,3.37,1.25
2016.09.06 10:43:43.374,1.15338,1.15344,1.00,1.25
2016.09.06 10:43:43.476,1.15338,1.15344,1.50,1.25
2016.09.06 10:43:43.757,1.15338,1.15344,1.00,1.25
2016.09.06 10:43:43.858,1.15337,1.15344,3.37,1.25
2016.09.06 10:43:44.010,1.15337,1.15343,2.62,1.00
2016.09.06 10:43:44.061,1.15338,1.15343,1.00,1.00
2016.09.06 10:43:44.214,1.15337,1.15342,3.00,1.00
2016.09.06 10:43:44.459,1.15337,1.15342,2.25,1.00
2016.09.06 10:43:44.758,1.15337,1.15342,1.50,1.00
2016.09.06 10:43:44.911,1.15337,1.15342,1.00,1.00
2016.09.06 10:43:46.888,1.15337,1.15342,1.50,1.00
2016.09.06 10:43:47.080,1.15337,1.15342,1.00,1.00
2016.09.06 10:43:47.892,1.15337,1.15342,1.50,1.00
2016.09.06 10:43:48.041,1.15337,1.15342,1.00,1.00
2016.09.06 10:43:48.832,1.15336,1.15344,1.57,1.25
2016.09.06 10:43:48.883,1.15338,1.15344,1.00,1.25
2016.09.06 10:43:48.985,1.15338,1.15343,1.50,1.00
2016.09.06 10:43:52.272,1.15338,1.15343,1.00,1.00
2016.09.06 10:43:53.735,1.15338,1.15343,1.25,1.00
2016.09.06 10:43:54.369,1.15338,1.15343,1.69,1.00
2016.09.06 10:43:55.359,1.15338,1.15342,1.25,1.00
2016.09.06 10:43:55.461,1.15339,1.15342,1.00,1.00
2016.09.06 10:43:56.208,1.15339,1.15343,1.00,1.00
2016.09.06 10:43:57.099,1.1534,1.15345,1.00,2.44
2016.09.06 10:43:57.150,1.15341,1.15345,1.00,1.19
2016.09.06 10:43:57.201,1.15341,1.15345,1.00,1.69
2016.09.06 10:43:57.252,1.15341,1.15346,1.50,1.19
2016.09.06 10:43:57.303,1.15342,1.15346,1.00,1.19
2016.09.06 10:43:57.354,1.15342,1.15348,1.00,2.51
2016.09.06 10:43:57.404,1.15341,1.15348,1.50,1.76
2016.09.06 10:43:57.506,1.15343,1.15348,1.00,1.69
2016.09.06 10:43:58.087,1.15343,1.15348,1.69,1.19
2016.09.06 10:44:00.932,1.15343,1.15347,1.25,1.25
2016.09.06 10:44:00.983,1.15342,1.15347,1.00,1.25
2016.09.06 10:44:01.186,1.15341,1.15346,1.84,1.00
2016.09.06 10:44:01.287,1.15342,1.15347,1.00,1.25
2016.09.06 10:44:01.801,1.15341,1.15346,1.84,1.00
2016.09.06 10:44:01.852,1.15341,1.15343,1.20,1.00
2016.09.06 10:44:01.939,1.1534,1.15342,3.37,1.00
2016.09.06 10:44:02.007,1.15336,1.15341,2.81,1.00
2016.09.06 10:44:02.058,1.15336,1.15341,1.69,1.25
2016.09.06 10:44:02.416,1.15336,1.15342,1.69,1.19
2016.09.06 10:44:02.518,1.15338,1.15342,1.00,1.19
2016.09.06 10:44:03.028,1.15337,1.15342,1.50,1.19
2016.09.06 10:44:03.701,1.15339,1.15342,1.00,1.00
2016.09.06 10:44:03.905,1.15337,1.15342,1.12,1.00
2016.09.06 10:44:03.956,1.15337,1.15342,1.00,1.00
2016.09.06 10:44:04.007,1.15337,1.15342,1.00,1.19
2016.09.06 10:44:04.339,1.15337,1.1534,1.00,1.50
2016.09.06 10:44:04.390,1.15335,1.15339,2.21,1.00
2016.09.06 10:44:04.516,1.15335,1.15339,1.19,1.00
2016.09.06 10:44:04.618,1.15337,1.15339,1.00,1.00
2016.09.06 10:44:05.842,1.15337,1.15341,1.00,1.31
2016.09.06 10:44:05.961,1.15335,1.15341,1.31,1.31
2016.09.06 10:44:06.013,1.15337,1.15341,1.00,1.31
2016.09.06 10:44:06.064,1.15337,1.15341,1.00,1.62
2016.09.06 10:44:06.241,1.15337,1.15341,1.00,1.31
2016.09.06 10:44:06.541,1.15337,1.15341,1.00,1.62
2016.09.06 10:44:06.742,1.15337,1.15341,1.00,1.31
2016.09.06 10:44:06.844,1.15337,1.1534,1.00,1.00
2016.09.06 10:44:07.344,1.15337,1.15341,1.00,1.69
2016.09.06 10:44:07.506,1.15337,1.1534,1.00,1.00
2016.09.06 10:44:08.347,1.15337,1.15341,1.00,1.69
2016.09.06 10:44:09.250,1.15337,1.1534,1.00,1.00
2016.09.06 10:44:09.656,1.15337,1.15341,1.00,1.69
2016.09.06 10:44:09.951,1.15337,1.1534,1.00,1.00
2016.09.06 10:44:10.074,1.15338,1.1534,1.00,1.00
2016.09.06 10:44:10.125,1.15339,1.1534,1.00,1.00
2016.09.06 10:44:10.176,1.1534,1.15345,1.00,1.31
2016.09.06 10:44:10.227,1.15341,1.15345,1.00,1.25
2016.09.06 10:44:10.290,1.1534,1.15345,1.50,1.69
2016.09.06 10:44:10.344,1.1534,1.15345,3.00,1.69
2016.09.06 10:44:10.447,1.1534,1.15345,2.25,1.69
2016.09.06 10:44:10.498,1.1534,1.15344,1.00,1.00
2016.09.06 10:44:10.654,1.15339,1.15344,1.50,1.00
2016.09.06 10:44:10.705,1.15339,1.15343,1.00,1.00
2016.09.06 10:44:11.602,1.1534,1.15343,1.00,1.00
2016.09.06 10:44:13.911,1.15338,1.15343,1.65,1.00
2016.09.06 10:44:14.013,1.1534,1.15343,1.00,1.00
2016.09.06 10:44:14.515,1.15339,1.15343,1.00,1.00
2016.09.06 10:44:18.521,1.15339,1.15345,1.00,1.69
2016.09.06 10:44:19.613,1.15339,1.15345,1.00,1.25
2016.09.06 10:44:20.021,1.15339,1.15345,1.00,1.69
2016.09.06 10:44:20.275,1.15339,1.15345,1.00,1.25
2016.09.06 10:44:20.622,1.15339,1.15345,1.00,1.69
2016.09.06 10:44:21.131,1.1534,1.15345,1.00,1.69
2016.09.06 10:44:21.182,1.1534,1.15345,1.00,1.25
2016.09.06 10:44:21.277,1.1534,1.15345,1.00,1.69
2016.09.06 10:44:21.480,1.1534,1.15345,1.00,1.25
2016.09.06 10:44:21.582,1.1534,1.15345,1.00,1.69
2016.09.06 10:44:21.688,1.1534,1.15345,1.00,1.25
2016.09.06 10:44:21.879,1.1534,1.15345,1.00,1.69
2016.09.06 10:44:22.131,1.15339,1.15345,1.00,1.25
2016.09.06 10:44:22.182,1.15339,1.15345,1.00,1.69
2016.09.06 10:44:22.480,1.15339,1.15345,1.00,1.25
2016.09.06 10:44:22.580,1.15339,1.15345,1.00,1.69
2016.09.06 10:44:22.781,1.15339,1.15345,1.00,1.25
2016.09.06 10:44:22.881,1.15339,1.15345,1.00,1.69
2016.09.06 10:44:23.009,1.15339,1.15345,1.12,1.69
2016.09.06 10:44:23.060,1.1534,1.15345,1.00,1.69
2016.09.06 10:44:23.111,1.1534,1.15345,1.00,1.25
2016.09.06 10:44:23.583,1.1534,1.15345,1.00,1.69
2016.09.06 10:44:23.933,1.1534,1.15345,1.00,1.25
2016.09.06 10:44:24.035,1.1534,1.15345,1.00,1.69
2016.09.06 10:44:24.386,1.1534,1.15345,1.00,1.25
2016.09.06 10:44:24.787,1.1534,1.15345,1.00,1.69
2016.09.06 10:44:25.290,1.1534,1.15345,1.00,1.25
2016.09.06 10:44:25.722,1.15341,1.15346,1.00,1.19
2016.09.06 10:44:25.823,1.15341,1.15346,1.00,1.25
2016.09.06 10:44:25.874,1.15341,1.15346,1.10,1.25
2016.09.06 10:44:25.925,1.15342,1.15347,1.00,1.19
2016.09.06 10:44:26.464,1.15341,1.15347,1.65,1.19
2016.09.06 10:44:26.756,1.15341,1.15347,1.20,1.19
2016.09.06 10:44:26.859,1.15343,1.15347,1.00,1.19
2016.09.06 10:44:27.214,1.15342,1.15345,1.00,1.00
2016.09.06 10:44:27.300,1.1534,1.15345,1.87,1.00
2016.09.06 10:44:27.351,1.1534,1.15344,2.32,1.00
2016.09.06 10:44:27.404,1.1534,1.15344,1.10,1.00
2016.09.06 10:44:27.760,1.1534,1.15344,1.00,1.00
2016.09.06 10:44:27.912,1.1534,1.15344,1.50,1.00
2016.09.06 10:44:28.227,1.1534,1.15344,1.00,1.00
2016.09.06 10:44:28.480,1.1534,1.15344,1.50,1.00
2016.09.06 10:44:28.598,1.1534,1.15344,1.00,1.00
2016.09.06 10:44:28.833,1.1534,1.15344,1.50,1.00
2016.09.06 10:44:29.033,1.1534,1.15344,1.00,1.00
2016.09.06 10:44:29.144,1.1534,1.15344,1.50,1.00
2016.09.06 10:44:29.300,1.1534,1.15344,1.00,1.00
2016.09.06 10:44:29.500,1.1534,1.15344,1.50,1.00
2016.09.06 10:44:30.022,1.1534,1.15344,1.00,1.00
2016.09.06 10:44:30.302,1.1534,1.15344,1.50,1.00
2016.09.06 10:44:30.503,1.1534,1.15344,1.00,1.00
2016.09.06 10:44:31.039,1.1534,1.15344,1.50,1.00
2016.09.06 10:44:31.134,1.1534,1.15344,1.00,1.00
2016.09.06 10:44:31.185,1.1534,1.15346,1.50,1.69
2016.09.06 10:44:31.236,1.15341,1.15346,1.50,1.25
2016.09.06 10:44:31.338,1.15342,1.15347,1.00,1.19
2016.09.06 10:44:31.440,1.15342,1.15347,1.50,1.19
2016.09.06 10:44:31.541,1.15344,1.15347,1.00,1.25
2016.09.06 10:44:32.070,1.15343,1.15347,1.00,1.25
2016.09.06 10:44:32.287,1.15343,1.15347,1.00,1.00
2016.09.06 10:44:33.017,1.15342,1.15347,1.50,1.00
2016.09.06 10:44:33.169,1.15343,1.15347,1.00,1.00
2016.09.06 10:44:33.271,1.15342,1.15347,1.50,1.00
2016.09.06 10:44:35.452,1.15343,1.15347,1.00,1.00
2016.09.06 10:44:35.760,1.15342,1.15347,1.50,1.00
2016.09.06 10:44:36.236,1.15343,1.15348,1.00,1.25
2016.09.06 10:44:36.730,1.15343,1.15348,1.25,1.25
2016.09.06 10:44:36.883,1.15343,1.15348,1.69,1.25
2016.09.06 10:44:39.112,1.15343,1.1535,1.25,2.44
2016.09.06 10:44:39.164,1.15343,1.1535,1.25,3.19
2016.09.06 10:44:39.626,1.15343,1.1535,1.25,2.44
2016.09.06 10:44:40.064,1.15343,1.1535,1.25,3.19
2016.09.06 10:44:40.166,1.15343,1.1535,1.25,2.44
2016.09.06 10:44:40.377,1.15343,1.1535,1.25,3.19
2016.09.06 10:44:40.539,1.15343,1.15348,1.25,1.25
2016.09.06 10:44:40.592,1.15342,1.15348,1.29,1.25
2016.09.06 10:44:41.123,1.15342,1.15348,1.29,1.69
2016.09.06 10:44:41.357,1.15342,1.15348,1.10,1.69
2016.09.06 10:44:41.467,1.15341,1.15348,1.95,1.69
2016.09.06 10:44:41.518,1.15342,1.15347,1.10,1.00
2016.09.06 10:44:41.568,1.15342,1.15347,1.57,1.00
2016.09.06 10:44:42.093,1.15342,1.15347,1.50,1.00
2016.09.06 10:44:43.036,1.15342,1.15347,1.00,1.00
2016.09.06 10:44:43.087,1.15341,1.15343,1.00,1.00
2016.09.06 10:44:43.138,1.1534,1.15342,2.02,1.50
2016.09.06 10:44:43.189,1.1534,1.15341,1.20,1.00
2016.09.06 10:44:43.240,1.15338,1.15341,1.75,1.00
2016.09.06 10:44:43.291,1.15336,1.15339,2.40,1.00
2016.09.06 10:44:43.342,1.15336,1.15339,1.20,1.00
2016.09.06 10:44:43.393,1.15336,1.15339,1.00,1.00
2016.09.06 10:44:43.444,1.15336,1.15341,1.00,1.69
2016.09.06 10:44:43.495,1.15336,1.15339,1.00,1.25
2016.09.06 10:44:43.546,1.15336,1.1534,1.00,2.44
2016.09.06 10:44:43.860,1.15336,1.1534,1.00,1.69
2016.09.06 10:44:43.961,1.15336,1.1534,1.00,2.44
2016.09.06 10:44:44.554,1.15336,1.1534,1.00,1.69
2016.09.06 10:44:44.851,1.15335,1.1534,1.00,2.44
2016.09.06 10:44:45.955,1.15335,1.1534,1.00,1.69
2016.09.06 10:44:46.164,1.15335,1.1534,1.00,2.44
2016.09.06 10:44:46.286,1.15335,1.1534,1.00,1.69
2016.09.06 10:44:46.444,1.15335,1.1534,1.00,2.44
2016.09.06 10:44:47.949,1.15335,1.1534,1.00,1.69
2016.09.06 10:44:48.153,1.15335,1.1534,1.00,2.44
2016.09.06 10:44:48.654,1.15334,1.1534,1.00,1.69
2016.09.06 10:44:49.053,1.15334,1.1534,1.00,2.44
2016.09.06 10:44:49.399,1.15334,1.1534,1.00,1.69
2016.09.06 10:44:49.674,1.15333,1.1534,1.50,2.44
2016.09.06 10:44:49.777,1.15333,1.1534,2.25,2.44
2016.09.06 10:44:49.829,1.15333,1.15338,2.25,1.00
2016.09.06 10:44:49.880,1.15332,1.15337,2.02,1.00
2016.09.06 10:44:49.931,1.15332,1.15337,1.27,1.00
2016.09.06 10:44:49.982,1.15332,1.15337,1.12,1.00
2016.09.06 10:44:50.035,1.15331,1.15337,1.57,1.00
2016.09.06 10:44:50.187,1.15332,1.15337,1.87,1.00
2016.09.06 10:44:50.339,1.15333,1.15338,1.00,1.25
2016.09.06 10:44:51.701,1.15331,1.15336,1.57,1.00
2016.09.06 10:44:51.917,1.15331,1.15336,1.10,1.00
2016.09.06 10:44:51.968,1.1533,1.15335,3.45,1.25
2016.09.06 10:44:52.018,1.15329,1.15335,3.75,1.69
2016.09.06 10:44:52.069,1.15329,1.15335,1.65,1.69
2016.09.06 10:44:52.120,1.1533,1.15335,1.00,1.69
2016.09.06 10:44:52.171,1.1533,1.15335,1.00,1.25
2016.09.06 10:44:52.273,1.1533,1.15335,1.00,1.69
2016.09.06 10:44:52.479,1.15329,1.15335,1.65,1.25
2016.09.06 10:44:52.580,1.15329,1.15335,1.65,1.69
2016.09.06 10:44:52.631,1.15329,1.15335,1.50,1.69
2016.09.06 10:44:52.733,1.15329,1.15335,1.00,1.69
2016.09.06 10:44:53.194,1.1533,1.15335,1.50,1.25
2016.09.06 10:44:53.245,1.1533,1.15335,1.50,1.12
2016.09.06 10:44:53.296,1.1533,1.15334,1.00,1.00
2016.09.06 10:44:53.399,1.15329,1.15334,1.20,1.00
2016.09.06 10:44:53.450,1.15328,1.15334,2.32,1.00
2016.09.06 10:44:53.501,1.15328,1.15333,1.50,1.00
2016.09.06 10:44:53.552,1.15327,1.15332,2.02,1.44
2016.09.06 10:44:53.603,1.15327,1.15334,1.87,2.25
2016.09.06 10:44:53.654,1.15327,1.15334,1.50,2.62
2016.09.06 10:44:53.705,1.15329,1.15334,1.00,2.62
2016.09.06 10:44:53.756,1.15329,1.15333,1.00,1.19
2016.09.06 10:44:54.369,1.15329,1.15334,1.00,1.44
2016.09.06 10:44:54.678,1.15329,1.15333,1.00,1.19
2016.09.06 10:44:54.729,1.15327,1.15333,1.00,1.19
2016.09.06 10:44:54.781,1.15329,1.15334,1.00,1.87
2016.09.06 10:44:54.832,1.15328,1.15333,2.25,1.19
2016.09.06 10:44:54.928,1.15328,1.15334,2.25,1.44
2016.09.06 10:44:54.979,1.15328,1.15333,1.50,1.19
2016.09.06 10:44:55.031,1.15327,1.15333,1.00,1.19
2016.09.06 10:44:55.234,1.15327,1.15332,1.00,1.25
2016.09.06 10:44:55.488,1.15326,1.15332,1.00,1.25
2016.09.06 10:44:55.606,1.15326,1.15333,1.50,1.19
2016.09.06 10:44:55.822,1.15326,1.15333,1.87,1.19
2016.09.06 10:44:55.924,1.15326,1.15333,1.00,1.19
2016.09.06 10:44:56.299,1.15326,1.15333,1.50,1.19
2016.09.06 10:44:56.939,1.15326,1.15331,1.50,1.00
2016.09.06 10:44:57.449,1.15325,1.1533,1.50,1.00
2016.09.06 10:44:57.523,1.15326,1.1533,1.00,1.00
2016.09.06 10:44:59.858,1.15326,1.15332,1.87,1.25
2016.09.06 10:44:59.909,1.15326,1.15331,1.87,1.00
2016.09.06 10:45:00.403,1.15326,1.15331,3.00,1.00
2016.09.06 10:45:00.707,1.15326,1.15331,4.12,1.00
2016.09.06 10:45:00.834,1.15326,1.15331,5.25,1.00
2016.09.06 10:45:00.885,1.15326,1.15331,6.00,1.00
2016.09.06 10:45:00.936,1.15327,1.15332,1.50,1.25
2016.09.06 10:45:00.987,1.15328,1.15335,1.00,2.62
2016.09.06 10:45:01.038,1.15329,1.15335,1.00,1.87
2016.09.06 10:45:01.089,1.15329,1.15335,1.00,1.44
2016.09.06 10:45:01.191,1.15331,1.15335,1.00,1.87
2016.09.06 10:45:01.243,1.15331,1.15335,1.00,1.44
2016.09.06 10:45:01.332,1.15331,1.15335,1.00,1.25
2016.09.06 10:45:01.387,1.15331,1.15335,1.00,1.25
2016.09.06 10:45:01.438,1.15331,1.15334,1.00,1.00
2016.09.06 10:45:01.893,1.15329,1.15334,1.00,1.00
2016.09.06 10:45:01.994,1.15329,1.15334,1.00,1.69
2016.09.06 10:45:02.520,1.1533,1.15335,1.50,1.69
2016.09.06 10:45:02.571,1.1533,1.15335,1.50,1.19
2016.09.06 10:45:02.622,1.15332,1.15336,1.00,1.19
2016.09.06 10:45:02.673,1.15332,1.15337,1.00,1.19
2016.09.06 10:45:02.775,1.15332,1.15338,1.00,1.69
2016.09.06 10:45:03.249,1.15332,1.15338,1.00,2.62
2016.09.06 10:45:03.300,1.15331,1.15338,1.50,2.62
2016.09.06 10:45:03.456,1.15331,1.15334,1.00,1.00
2016.09.06 10:45:03.507,1.15329,1.15334,1.95,1.00
2016.09.06 10:45:03.558,1.15329,1.15333,1.20,1.00
2016.09.06 10:45:03.609,1.15328,1.15333,4.87,1.00
2016.09.06 10:45:03.669,1.15328,1.15333,4.12,1.00
2016.09.06 10:45:03.770,1.15328,1.15333,4.12,1.19
2016.09.06 10:45:03.821,1.15328,1.15333,2.25,1.19
2016.09.06 10:45:03.923,1.15328,1.15332,1.50,1.25
2016.09.06 10:45:04.803,1.15328,1.15332,1.00,1.25
2016.09.06 10:45:04.905,1.15328,1.15332,1.50,1.25
2016.09.06 10:45:05.260,1.15328,1.15332,1.00,1.25
2016.09.06 10:45:05.311,1.15328,1.15333,1.50,1.19
2016.09.06 10:45:05.722,1.15329,1.15333,1.00,1.19
2016.09.06 10:45:05.824,1.15328,1.15333,1.50,1.19
2016.09.06 10:45:06.197,1.15328,1.15333,1.00,1.19
2016.09.06 10:45:06.248,1.15327,1.15332,1.00,1.25
2016.09.06 10:45:06.300,1.15327,1.15332,1.50,1.25
2016.09.06 10:45:06.502,1.15327,1.15332,1.00,1.25
2016.09.06 10:45:06.651,1.15326,1.15333,1.95,1.69
2016.09.06 10:45:06.804,1.15326,1.15333,1.10,1.69
2016.09.06 10:45:06.855,1.15326,1.15333,1.10,1.87
2016.09.06 10:45:07.239,1.15326,1.15333,1.95,1.87
2016.09.06 10:45:07.289,1.15326,1.15332,1.95,1.25
2016.09.06 10:45:07.340,1.15326,1.15332,2.32,1.25
2016.09.06 10:45:07.442,1.15326,1.15332,2.25,1.25
2016.09.06 10:45:07.492,1.15326,1.15332,1.12,1.25
2016.09.06 10:45:07.543,1.15326,1.15332,1.00,1.25
2016.09.06 10:45:07.689,1.15326,1.15332,1.00,1.69
2016.09.06 10:45:07.741,1.15325,1.1533,1.57,1.25
2016.09.06 10:45:07.793,1.15324,1.15329,3.75,1.00
2016.09.06 10:45:07.844,1.15324,1.15329,1.00,1.00
2016.09.06 10:45:07.997,1.15326,1.1533,1.00,1.25
2016.09.06 10:45:08.049,1.15326,1.1533,1.50,1.00
2016.09.06 10:45:08.100,1.15327,1.1533,1.12,1.00
2016.09.06 10:45:08.151,1.15327,1.15333,1.12,2.44
2016.09.06 10:45:08.203,1.15328,1.15333,1.12,2.06
2016.09.06 10:45:08.254,1.15328,1.15333,1.12,1.25
2016.09.06 10:45:08.765,1.15327,1.15335,1.87,1.69
2016.09.06 10:45:08.923,1.15327,1.15335,2.25,2.44
2016.09.06 10:45:09.008,1.15327,1.15335,2.25,1.69
2016.09.06 10:45:09.310,1.15327,1.15335,2.25,2.44
2016.09.06 10:45:09.636,1.15329,1.15334,1.00,1.19
2016.09.06 10:45:09.687,1.15329,1.15334,1.12,1.19
2016.09.06 10:45:09.889,1.1533,1.15334,1.00,1.19
2016.09.06 10:45:10.203,1.1533,1.15335,1.00,1.19
2016.09.06 10:45:10.254,1.1533,1.15335,1.00,1.69
2016.09.06 10:45:10.356,1.1533,1.15335,1.00,1.19
2016.09.06 10:45:10.662,1.1533,1.15335,1.00,1.69
2016.09.06 10:45:10.713,1.1533,1.15335,1.00,1.19
2016.09.06 10:45:11.010,1.1533,1.15335,1.00,1.69
2016.09.06 10:45:11.163,1.1533,1.15335,1.00,1.19
2016.09.06 10:45:11.215,1.1533,1.15335,1.00,1.69
2016.09.06 10:45:11.418,1.1533,1.15335,1.00,1.19
2016.09.06 10:45:11.987,1.1533,1.15335,1.00,1.69
2016.09.06 10:45:12.320,1.15329,1.15335,1.50,1.69
2016.09.06 10:45:12.443,1.1533,1.15335,1.00,1.69
2016.09.06 10:45:13.090,1.1533,1.15335,1.00,1.19
2016.09.06 10:45:13.352,1.15331,1.15335,1.00,1.19
2016.09.06 10:45:13.454,1.15331,1.15335,1.50,1.19
2016.09.06 10:45:13.628,1.15331,1.15335,1.00,1.19
2016.09.06 10:45:13.679,1.1533,1.15335,1.00,1.69
2016.09.06 10:45:13.730,1.15329,1.15334,1.50,1.19
2016.09.06 10:45:13.833,1.15329,1.15334,1.00,1.19
2016.09.06 10:45:14.449,1.15329,1.15334,1.50,1.19
2016.09.06 10:45:14.551,1.15331,1.15335,1.00,1.69
2016.09.06 10:45:14.806,1.1533,1.15334,1.00,1.19
2016.09.06 10:45:14.857,1.15329,1.15334,1.50,1.19
2016.09.06 10:45:15.011,1.15329,1.15334,1.00,1.19
2016.09.06 10:45:15.215,1.15329,1.15333,1.00,1.25
2016.09.06 10:45:15.267,1.15328,1.15333,1.50,1.25
2016.09.06 10:45:15.318,1.15328,1.15333,1.00,1.25
2016.09.06 10:45:15.369,1.15327,1.15333,1.57,1.25
2016.09.06 10:45:15.420,1.15327,1.15333,1.50,1.19
2016.09.06 10:45:15.471,1.15327,1.15332,1.50,1.25
2016.09.06 10:45:15.522,1.15327,1.15332,1.00,1.25
2016.09.06 10:45:15.573,1.15326,1.15332,2.40,1.25
2016.09.06 10:45:15.675,1.15326,1.15332,1.65,1.25
2016.09.06 10:45:15.989,1.15326,1.15332,1.20,1.25
2016.09.06 10:45:16.155,1.15327,1.15332,1.25,1.25
2016.09.06 10:45:16.459,1.15328,1.15332,1.00,1.25
2016.09.06 10:45:16.697,1.15328,1.15334,1.00,1.69
2016.09.06 10:45:18.670,1.15327,1.15332,1.50,1.25
2016.09.06 10:45:19.339,1.15331,1.15334,1.25,1.19
2016.09.06 10:45:19.448,1.15331,1.15336,1.25,1.69
2016.09.06 10:45:19.499,1.15332,1.15337,1.00,1.39
2016.09.06 10:45:19.550,1.15333,1.15339,1.25,3.56
2016.09.06 10:45:19.601,1.15333,1.15339,1.25,1.31
2016.09.06 10:45:19.652,1.15333,1.1534,1.25,2.14
2016.09.06 10:45:19.703,1.15333,1.1534,1.25,1.69
2016.09.06 10:45:19.755,1.15333,1.1534,1.69,1.69
2016.09.06 10:45:19.806,1.15334,1.1534,1.00,1.19
2016.09.06 10:45:19.857,1.15334,1.15341,1.12,3.19
2016.09.06 10:45:19.908,1.15334,1.15341,4.12,2.25
2016.09.06 10:45:19.959,1.15334,1.15341,4.87,2.25
2016.09.06 10:45:20.010,1.15334,1.15341,4.27,2.44
2016.09.06 10:45:20.061,1.15335,1.1534,1.00,1.50
2016.09.06 10:45:20.163,1.15334,1.1534,2.40,1.69
2016.09.06 10:45:20.214,1.15334,1.1534,1.65,1.69
2016.09.06 10:45:20.265,1.15334,1.15339,1.65,1.00
2016.09.06 10:45:20.315,1.15334,1.15338,1.20,1.00
2016.09.06 10:45:20.478,1.15332,1.15337,1.50,1.25
2016.09.06 10:45:20.580,1.15332,1.15337,2.25,1.25
2016.09.06 10:45:20.682,1.15332,1.15337,1.50,1.25
2016.09.06 10:45:21.458,1.15331,1.15336,2.40,1.00
2016.09.06 10:45:21.560,1.15331,1.15336,2.77,1.00
2016.09.06 10:45:22.405,1.15331,1.15336,2.02,1.00
2016.09.06 10:45:22.821,1.15331,1.15336,1.65,1.00
2016.09.06 10:45:23.993,1.15331,1.15336,2.40,1.00
2016.09.06 10:45:26.418,1.15331,1.15336,1.65,1.00
2016.09.06 10:45:30.006,1.15331,1.15336,2.40,1.00
2016.09.06 10:45:30.161,1.15331,1.15336,2.59,1.00
2016.09.06 10:45:30.311,1.15331,1.15336,3.34,1.00
2016.09.06 10:45:31.223,1.15331,1.15337,3.34,1.25
2016.09.06 10:45:32.805,1.15332,1.15337,1.50,1.25
2016.09.06 10:45:32.856,1.15334,1.15339,1.87,1.19
2016.09.06 10:45:32.908,1.15336,1.15341,1.00,2.59
2016.09.06 10:45:32.959,1.15336,1.15341,1.50,2.51
2016.09.06 10:45:33.010,1.15336,1.1534,1.50,1.00
2016.09.06 10:45:33.061,1.15336,1.1534,2.25,1.00
2016.09.06 10:45:33.112,1.15337,1.15342,1.00,1.19
2016.09.06 10:45:33.163,1.15339,1.15343,1.00,1.19
2016.09.06 10:45:33.214,1.15339,1.15344,1.50,1.50
2016.09.06 10:45:33.265,1.15339,1.15344,1.50,1.12
2016.09.06 10:45:33.316,1.15339,1.15344,2.25,1.12
2016.09.06 10:45:33.367,1.15339,1.15344,2.25,1.25
2016.09.06 10:45:33.418,1.15339,1.15344,1.00,1.25
2016.09.06 10:45:33.586,1.15338,1.15344,1.95,1.25
2016.09.06 10:45:35.245,1.15338,1.15344,2.70,1.25
2016.09.06 10:45:35.551,1.15338,1.15344,2.62,1.25
2016.09.06 10:45:35.602,1.15338,1.15344,3.37,1.25
2016.09.06 10:45:35.949,1.15338,1.15343,3.37,1.00
2016.09.06 10:45:36.232,1.15338,1.15343,4.50,1.00
2016.09.06 10:45:36.333,1.15339,1.15343,1.00,1.00
2016.09.06 10:45:37.293,1.15338,1.15343,5.25,1.00
2016.09.06 10:45:37.963,1.15339,1.15343,1.00,1.00
2016.09.06 10:45:38.185,1.15338,1.15343,5.25,1.00
2016.09.06 10:45:38.264,1.15339,1.15343,1.00,1.00
2016.09.06 10:45:39.180,1.15338,1.15343,4.87,1.00
2016.09.06 10:45:39.841,1.15338,1.15343,3.75,1.00
2016.09.06 10:45:41.822,1.15338,1.15343,3.00,1.00
2016.09.06 10:45:42.379,1.15338,1.15342,1.50,1.00
2016.09.06 10:45:42.429,1.1534,1.15345,1.00,1.69
2016.09.06 10:45:42.480,1.15341,1.15345,1.00,1.19
2016.09.06 10:45:42.531,1.15341,1.15347,1.50,2.89
2016.09.06 10:45:42.582,1.15341,1.15347,1.50,1.62
2016.09.06 10:45:42.696,1.15342,1.15347,1.50,1.25
2016.09.06 10:45:42.798,1.15342,1.15346,1.00,1.00
2016.09.06 10:45:42.851,1.15341,1.15346,2.25,1.00
2016.09.06 10:45:42.902,1.15342,1.15347,1.00,1.25
2016.09.06 10:45:42.953,1.15342,1.15347,1.87,1.25
2016.09.06 10:45:43.004,1.15342,1.15348,3.00,1.19
2016.09.06 10:45:43.106,1.15342,1.15348,5.25,1.19
2016.09.06 10:45:43.158,1.15342,1.15348,6.00,1.19
2016.09.06 10:45:43.260,1.15342,1.15348,6.37,1.19
2016.09.06 10:45:43.311,1.15342,1.15348,5.62,1.19
2016.09.06 10:45:43.362,1.15342,1.15348,4.50,1.19
2016.09.06 10:45:43.413,1.15342,1.15348,3.75,1.19
2016.09.06 10:45:43.526,1.15342,1.15347,3.75,1.25
2016.09.06 10:45:43.585,1.15342,1.15347,1.00,1.25
2016.09.06 10:45:43.686,1.15341,1.15347,2.32,1.25
2016.09.06 10:45:43.737,1.15341,1.15347,1.57,1.25
2016.09.06 10:45:43.788,1.15341,1.15345,1.57,1.00
2016.09.06 10:45:43.839,1.15341,1.15345,1.10,1.00
2016.09.06 10:45:43.890,1.15341,1.15345,1.00,1.00
2016.09.06 10:45:44.407,1.15341,1.15346,1.50,1.00
2016.09.06 10:45:44.466,1.15341,1.15347,1.50,1.25
2016.09.06 10:45:44.930,1.15341,1.15347,1.00,1.25
2016.09.06 10:45:45.404,1.1534,1.15347,4.46,1.25
2016.09.06 10:45:45.455,1.1534,1.15347,3.34,1.25
2016.09.06 10:45:45.677,1.1534,1.15347,4.09,1.25
2016.09.06 10:45:45.880,1.1534,1.15347,4.46,1.25
2016.09.06 10:45:45.931,1.1534,1.15347,5.96,1.25
2016.09.06 10:45:46.783,1.15341,1.15347,1.00,1.25
2016.09.06 10:45:47.823,1.15341,1.15347,1.50,1.25
2016.09.06 10:45:47.874,1.15341,1.15344,1.50,1.00
2016.09.06 10:45:47.925,1.1534,1.15343,1.39,1.00
2016.09.06 10:45:47.976,1.1534,1.15344,1.12,1.25
2016.09.06 10:45:48.027,1.15339,1.15343,1.95,1.00
2016.09.06 10:45:48.078,1.15338,1.15345,1.75,3.19
2016.09.06 10:45:48.129,1.15338,1.15345,1.00,2.44
2016.09.06 10:45:48.211,1.15338,1.15345,1.00,1.19
2016.09.06 10:45:48.262,1.15338,1.15342,1.00,1.00
2016.09.06 10:45:48.313,1.15337,1.15342,2.62,1.00
2016.09.06 10:45:48.414,1.15337,1.15342,1.87,1.00
2016.09.06 10:45:48.516,1.15337,1.15342,1.50,1.25
2016.09.06 10:45:48.973,1.15337,1.15342,2.44,1.25
2016.09.06 10:45:49.024,1.15338,1.15344,1.00,1.19
2016.09.06 10:45:49.075,1.15338,1.15342,1.00,1.25
2016.09.06 10:45:49.141,1.15338,1.15342,1.50,1.25
2016.09.06 10:45:49.192,1.15338,1.15343,1.50,1.19
2016.09.06 10:45:49.398,1.15338,1.15343,1.00,1.19
2016.09.06 10:45:49.450,1.15338,1.15343,1.50,1.19
2016.09.06 10:45:49.923,1.15339,1.15345,2.62,2.44
2016.09.06 10:45:49.973,1.1534,1.15345,1.00,1.19
2016.09.06 10:45:50.024,1.15341,1.15345,1.00,1.19
2016.09.06 10:45:50.102,1.15342,1.15346,1.50,1.19
2016.09.06 10:45:50.155,1.15344,1.15349,1.12,1.10
2016.09.06 10:45:50.206,1.15345,1.1535,1.00,1.95
2016.09.06 10:45:50.258,1.15345,1.1535,1.50,1.87
2016.09.06 10:45:50.310,1.15345,1.1535,1.00,1.87
2016.09.06 10:45:50.361,1.15344,1.1535,1.00,1.87
2016.09.06 10:45:50.413,1.15344,1.1535,1.87,1.69
2016.09.06 10:45:50.782,1.15344,1.1535,1.87,1.25
2016.09.06 10:45:51.275,1.15344,1.1535,1.87,1.50
2016.09.06 10:45:51.326,1.15344,1.1535,2.62,1.50
2016.09.06 10:45:51.943,1.15344,1.15349,1.87,1.00
2016.09.06 10:45:51.994,1.15344,1.15349,2.62,1.00
2016.09.06 10:45:52.192,1.15345,1.15349,1.50,1.00
2016.09.06 10:45:52.243,1.15345,1.15349,2.25,1.00
2016.09.06 10:45:52.295,1.15345,1.15349,3.75,1.00
2016.09.06 10:45:52.402,1.15345,1.1535,3.75,1.50
2016.09.06 10:45:52.606,1.15347,1.1535,1.00,1.50
2016.09.06 10:45:52.656,1.15347,1.1535,1.12,1.00
2016.09.06 10:45:52.758,1.15346,1.1535,1.37,1.50
2016.09.06 10:45:52.860,1.15346,1.15351,1.12,1.00
2016.09.06 10:45:52.962,1.15346,1.15351,1.50,1.00
2016.09.06 10:45:53.012,1.15346,1.15351,2.25,1.00
2016.09.06 10:45:53.064,1.15347,1.15351,1.00,1.00
2016.09.06 10:45:53.228,1.15347,1.15352,1.50,1.00
2016.09.06 10:45:53.330,1.15347,1.15352,1.00,1.00
2016.09.06 10:45:53.951,1.15347,1.15352,1.12,1.00
2016.09.06 10:45:54.860,1.15346,1.15352,3.37,1.00
2016.09.06 10:45:55.063,1.15346,1.15352,2.25,1.00
2016.09.06 10:45:55.548,1.15346,1.15352,1.50,1.00
2016.09.06 10:45:55.600,1.15346,1.1535,1.00,1.00
2016.09.06 10:45:55.651,1.15345,1.1535,1.87,1.00
2016.09.06 10:45:55.702,1.15345,1.15349,1.12,1.00
2016.09.06 10:45:55.833,1.15345,1.15349,1.87,1.00
2016.09.06 10:45:56.247,1.15345,1.15348,1.50,1.00
2016.09.06 10:45:56.958,1.15343,1.15348,4.87,1.00
2016.09.06 10:45:57.410,1.15343,1.15347,2.25,1.00
2016.09.06 10:45:57.461,1.15343,1.15347,1.00,1.00
2016.09.06 10:45:57.512,1.15343,1.15347,1.00,1.00
2016.09.06 10:45:57.563,1.15343,1.15347,1.50,1.00
2016.09.06 10:45:57.715,1.15343,1.15347,2.25,1.00
2016.09.06 10:45:58.032,1.15343,1.15347,1.50,1.00
2016.09.06 10:45:58.134,1.15343,1.15347,1.00,1.00
2016.09.06 10:45:58.538,1.15342,1.15347,3.75,1.00
2016.09.06 10:45:59.621,1.15343,1.15347,1.00,1.00
2016.09.06 10:46:00.565,1.15344,1.15347,1.00,1.00
2016.09.06 10:46:00.718,1.15343,1.15347,1.50,1.25
2016.09.06 10:46:00.769,1.15343,1.15347,1.00,1.25
2016.09.06 10:46:01.052,1.15343,1.15346,1.00,1.00
2016.09.06 10:46:01.103,1.15342,1.15346,2.62,1.00
2016.09.06 10:46:01.177,1.15342,1.15346,1.50,1.00
2016.09.06 10:46:01.228,1.15342,1.15346,1.00,1.00
2016.09.06 10:46:01.837,1.15342,1.15347,2.25,1.00
2016.09.06 10:46:01.962,1.15342,1.15347,2.62,1.00
2016.09.06 10:46:02.013,1.15342,1.15347,3.75,1.00
2016.09.06 10:46:02.426,1.15343,1.15348,1.50,1.00
2016.09.06 10:46:03.880,1.15344,1.15348,1.00,1.00
2016.09.06 10:46:03.931,1.15344,1.15348,1.50,1.00
2016.09.06 10:46:04.033,1.15345,1.15349,1.00,1.00
2016.09.06 10:46:04.084,1.15346,1.1535,1.00,1.25
2016.09.06 10:46:04.135,1.15347,1.1535,1.00,1.25
2016.09.06 10:46:04.186,1.15347,1.15351,1.00,1.65
2016.09.06 10:46:04.270,1.15349,1.15351,1.00,1.10
2016.09.06 10:46:04.324,1.15349,1.15353,1.00,1.00
2016.09.06 10:46:05.206,1.15348,1.15353,1.00,1.00
2016.09.06 10:46:05.448,1.15348,1.15353,1.87,1.00
2016.09.06 10:46:08.307,1.15348,1.15353,2.62,1.00
2016.09.06 10:46:08.533,1.15348,1.15351,1.50,1.00
2016.09.06 10:46:08.584,1.15348,1.1535,1.00,1.00
2016.09.06 10:46:08.635,1.15346,1.1535,3.00,1.00
2016.09.06 10:46:08.686,1.15346,1.1535,2.62,1.00
2016.09.06 10:46:08.737,1.15346,1.1535,1.00,1.00
2016.09.06 10:46:08.839,1.15346,1.1535,1.00,1.50
2016.09.06 10:46:09.334,1.15346,1.1535,1.00,1.00
2016.09.06 10:46:09.677,1.15344,1.1535,5.02,1.00
2016.09.06 10:46:09.728,1.15345,1.1535,1.00,1.50
2016.09.06 10:46:09.849,1.15344,1.1535,6.52,1.50
2016.09.06 10:46:09.900,1.15345,1.1535,1.00,1.50
2016.09.06 10:46:10.131,1.15345,1.1535,1.00,1.00
2016.09.06 10:46:10.202,1.15345,1.1535,1.00,1.50
2016.09.06 10:46:10.816,1.15345,1.1535,1.50,1.50
2016.09.06 10:46:11.307,1.15345,1.1535,1.50,1.00
2016.09.06 10:46:11.786,1.15345,1.1535,1.00,1.00
2016.09.06 10:46:11.837,1.15345,1.1535,1.00,1.50
2016.09.06 10:46:11.995,1.15345,1.1535,1.50,1.50
2016.09.06 10:46:12.046,1.15345,1.1535,1.50,1.00
2016.09.06 10:46:12.323,1.15345,1.1535,1.50,1.50
2016.09.06 10:46:12.761,1.15345,1.1535,1.50,1.00
2016.09.06 10:46:12.812,1.15345,1.1535,1.50,1.50
2016.09.06 10:46:13.362,1.15345,1.1535,1.50,1.00
2016.09.06 10:46:13.413,1.15345,1.1535,1.50,1.50
2016.09.06 10:46:13.629,1.15345,1.1535,1.50,1.00
2016.09.06 10:46:13.863,1.15345,1.1535,1.50,1.50
2016.09.06 10:46:14.666,1.15345,1.1535,1.50,1.00
2016.09.06 10:46:14.824,1.15345,1.1535,1.50,1.50
2016.09.06 10:46:15.508,1.15345,1.1535,1.00,1.00
2016.09.06 10:46:15.558,1.15345,1.15352,1.50,1.00
2016.09.06 10:46:15.609,1.15346,1.15351,1.00,1.00
2016.09.06 10:46:15.660,1.15346,1.15351,1.50,1.00
2016.09.06 10:46:18.375,1.15346,1.15351,1.00,1.00
2016.09.06 10:46:18.477,1.15346,1.15351,2.25,1.00
2016.09.06 10:46:18.579,1.15346,1.15351,1.50,1.00
2016.09.06 10:46:18.631,1.15346,1.15351,1.00,1.00
2016.09.06 10:46:19.305,1.15345,1.15351,3.82,1.00
2016.09.06 10:46:19.356,1.15345,1.1535,3.82,1.00
2016.09.06 10:46:19.582,1.15345,1.15351,3.07,1.50
2016.09.06 10:46:19.633,1.15345,1.15349,1.57,1.00
2016.09.06 10:46:19.684,1.15344,1.15349,4.20,1.00
2016.09.06 10:46:19.735,1.15344,1.15349,3.52,1.00
2016.09.06 10:46:19.797,1.15344,1.15349,3.15,1.00
2016.09.06 10:46:19.876,1.15344,1.15349,2.40,1.00
2016.09.06 10:46:20.083,1.15344,1.1535,1.65,1.00
2016.09.06 10:46:20.134,1.15344,1.15351,1.65,1.50
2016.09.06 10:46:20.185,1.15344,1.15351,2.40,1.50
2016.09.06 10:46:20.338,1.15344,1.1535,2.40,1.00
2016.09.06 10:46:20.630,1.15344,1.1535,1.65,1.00
2016.09.06 10:46:20.680,1.15344,1.15351,1.65,1.50
2016.09.06 10:46:20.783,1.15344,1.1535,1.65,1.00
2016.09.06 10:46:20.835,1.15344,1.15351,1.65,1.50
2016.09.06 10:46:20.987,1.15343,1.15351,8.62,1.50
2016.09.06 10:46:21.146,1.15343,1.1535,7.50,1.00
2016.09.06 10:46:21.485,1.15343,1.15351,7.50,1.69
2016.09.06 10:46:21.536,1.15343,1.15351,8.25,1.69
2016.09.06 10:46:21.587,1.15343,1.1535,8.25,1.00
2016.09.06 10:46:21.739,1.15343,1.15351,8.25,1.69
2016.09.06 10:46:21.937,1.15343,1.1535,8.25,1.00
2016.09.06 10:46:22.186,1.15343,1.15351,8.25,1.69
2016.09.06 10:46:22.238,1.15343,1.1535,8.25,1.00
2016.09.06 10:46:22.554,1.15343,1.15351,8.25,1.69
2016.09.06 10:46:22.690,1.15343,1.1535,8.25,1.00
2016.09.06 10:46:22.741,1.15344,1.15349,1.20,1.00
2016.09.06 10:46:24.309,1.15345,1.15349,1.00,1.00
2016.09.06 10:46:24.360,1.15345,1.1535,2.25,1.00
2016.09.06 10:46:24.410,1.15345,1.1535,3.00,1.00
2016.09.06 10:46:24.461,1.15345,1.15351,2.25,1.00
2016.09.06 10:46:24.512,1.15345,1.15352,3.75,2.62
2016.09.06 10:46:24.564,1.15345,1.15352,4.50,1.50
2016.09.06 10:46:24.665,1.15347,1.15352,1.00,1.50
2016.09.06 10:46:24.767,1.15345,1.15352,4.87,1.50
2016.09.06 10:46:24.818,1.15345,1.15352,4.12,1.50
2016.09.06 10:46:24.869,1.15345,1.15352,4.87,1.00
2016.09.06 10:46:24.970,1.15345,1.15352,5.62,1.00
2016.09.06 10:46:25.081,1.15345,1.15352,4.87,1.00
2016.09.06 10:46:25.182,1.15345,1.15352,5.62,1.00
2016.09.06 10:46:25.284,1.15345,1.15352,4.87,1.00
2016.09.06 10:46:25.379,1.15345,1.15352,3.00,1.50
2016.09.06 10:46:25.431,1.15345,1.15349,1.12,1.00
2016.09.06 10:46:25.482,1.15344,1.15349,1.50,1.00
2016.09.06 10:46:25.533,1.15344,1.15349,1.00,1.00
2016.09.06 10:46:25.891,1.15345,1.1535,2.25,1.50
2016.09.06 10:46:25.942,1.15346,1.1535,1.00,1.00
2016.09.06 10:46:25.993,1.15346,1.15351,1.00,1.00
2016.09.06 10:46:29.240,1.15345,1.15351,6.75,1.00
2016.09.06 10:46:29.331,1.15345,1.15351,6.00,1.00
2016.09.06 10:46:29.383,1.15345,1.15351,1.12,1.00
2016.09.06 10:46:29.485,1.15345,1.15351,1.12,2.25
2016.09.06 10:46:29.587,1.15345,1.1535,1.00,1.00
2016.09.06 10:46:29.790,1.15345,1.15351,1.00,2.25
2016.09.06 10:46:29.840,1.15345,1.1535,1.00,1.00
2016.09.06 10:46:30.395,1.15345,1.15349,1.00,1.00
2016.09.06 10:46:30.696,1.15344,1.15349,1.50,1.00
2016.09.06 10:46:30.865,1.15344,1.15349,3.75,1.00
2016.09.06 10:46:30.916,1.15345,1.1535,1.00,1.50
2016.09.06 10:46:30.967,1.15345,1.1535,2.25,1.00
2016.09.06 10:46:31.069,1.15345,1.1535,1.00,1.00
2016.09.06 10:46:31.170,1.15344,1.1535,1.87,1.00
2016.09.06 10:46:31.272,1.15344,1.1535,1.00,1.50
2016.09.06 10:46:31.373,1.15343,1.1535,3.15,1.50
2016.09.06 10:46:31.424,1.15343,1.15349,2.40,1.00
2016.09.06 10:46:31.594,1.15343,1.15349,1.65,1.00
2016.09.06 10:46:31.863,1.15343,1.15349,1.50,1.00
2016.09.06 10:46:33.699,1.15344,1.15349,1.00,1.00
2016.09.06 10:46:33.919,1.15343,1.15348,1.50,1.00
2016.09.06 10:46:33.971,1.15342,1.15348,2.70,1.00
2016.09.06 10:46:34.022,1.15341,1.15348,6.64,1.00
2016.09.06 10:46:34.073,1.15341,1.15348,5.25,1.00
2016.09.06 10:46:34.124,1.15341,1.15348,4.50,1.19
2016.09.06 10:46:34.600,1.15341,1.15348,5.25,1.19
2016.09.06 10:46:35.022,1.15341,1.15348,4.50,1.19
2016.09.06 10:46:35.124,1.15341,1.15348,3.75,1.19
2016.09.06 10:46:35.225,1.15341,1.15348,3.75,1.69
2016.09.06 10:46:35.402,1.15341,1.15348,3.00,1.69
2016.09.06 10:46:36.320,1.15341,1.15348,2.25,1.69
2016.09.06 10:46:37.505,1.15341,1.15348,3.37,1.69
2016.09.06 10:46:37.556,1.15342,1.15348,1.12,1.50
2016.09.06 10:46:37.607,1.15343,1.15348,1.00,1.00
2016.09.06 10:46:37.710,1.15343,1.15348,1.50,1.00
2016.09.06 10:46:38.798,1.15343,1.15348,1.87,1.00
2016.09.06 10:46:38.849,1.15344,1.15349,1.50,1.00
2016.09.06 10:46:38.900,1.15345,1.1535,1.50,1.57
2016.09.06 10:46:39.002,1.15345,1.15352,1.00,1.20
2016.09.06 10:46:39.104,1.15345,1.15352,1.50,1.00
2016.09.06 10:46:39.155,1.15345,1.15352,2.62,1.25
2016.09.06 10:46:39.206,1.15345,1.15352,3.75,1.25
2016.09.06 10:46:39.331,1.15345,1.15352,3.00,1.25
2016.09.06 10:46:39.432,1.15345,1.15352,3.75,1.25
2016.09.06 10:46:39.566,1.15345,1.15352,3.75,1.25
2016.09.06 10:46:39.718,1.15345,1.15352,3.00,1.25
2016.09.06 10:46:39.921,1.15345,1.15352,3.75,1.25
2016.09.06 10:46:40.038,1.15345,1.15352,3.75,1.00
2016.09.06 10:46:40.190,1.15345,1.15352,3.00,1.00
2016.09.06 10:46:40.338,1.15345,1.15352,4.12,1.00
2016.09.06 10:46:40.389,1.15345,1.15352,5.62,1.00
2016.09.06 10:46:40.440,1.15345,1.15352,5.25,1.00
2016.09.06 10:46:40.490,1.15345,1.15352,4.50,1.00
2016.09.06 10:46:40.541,1.15345,1.15352,3.00,1.00
2016.09.06 10:46:40.592,1.15346,1.15352,1.00,1.00
2016.09.06 10:46:40.820,1.15346,1.15352,1.25,1.00
2016.09.06 10:46:41.570,1.15345,1.15352,5.06,1.00
2016.09.06 10:46:41.621,1.15345,1.15352,6.56,1.00
2016.09.06 10:46:41.793,1.15345,1.15352,5.06,1.00
2016.09.06 10:46:41.939,1.15345,1.15352,6.56,1.00
2016.09.06 10:46:42.193,1.15345,1.15352,5.06,1.00
2016.09.06 10:46:42.293,1.15345,1.15352,6.56,1.00
2016.09.06 10:46:42.737,1.15345,1.15352,5.06,1.00
2016.09.06 10:46:42.794,1.15345,1.15352,6.56,1.00
2016.09.06 10:46:42.845,1.15345,1.15352,7.31,1.00
2016.09.06 10:46:43.011,1.15345,1.15352,5.06,1.00
2016.09.06 10:46:43.062,1.15345,1.15352,4.87,1.25
2016.09.06 10:46:43.163,1.15345,1.15352,4.12,1.25
2016.09.06 10:46:43.214,1.15345,1.15352,5.62,1.25
2016.09.06 10:46:43.265,1.15345,1.15352,5.62,1.00
2016.09.06 10:46:43.317,1.15345,1.15352,6.37,1.00
2016.09.06 10:46:43.419,1.15345,1.15352,7.12,1.00
2016.09.06 10:46:43.473,1.15345,1.15352,6.37,1.00
2016.09.06 10:46:43.626,1.15347,1.15352,1.50,1.00
2016.09.06 10:46:43.797,1.15347,1.15352,2.25,1.00
2016.09.06 10:46:43.900,1.15347,1.15352,2.62,1.00
2016.09.06 10:46:43.951,1.15347,1.15352,3.75,1.00
2016.09.06 10:46:44.865,1.15347,1.15352,2.62,1.00
2016.09.06 10:46:45.124,1.15347,1.15352,1.87,1.00
2016.09.06 10:46:45.502,1.15347,1.15352,2.62,1.00
2016.09.06 10:46:47.707,1.15347,1.15352,1.87,1.00
2016.09.06 10:46:49.354,1.15346,1.15351,2.25,1.00
2016.09.06 10:46:49.405,1.15346,1.15351,1.50,1.00
2016.09.06 10:46:49.507,1.15346,1.15351,1.37,1.00
2016.09.06 10:46:49.558,1.15346,1.15351,1.00,1.25
2016.09.06 10:46:49.609,1.15345,1.15349,3.15,1.00
2016.09.06 10:46:49.660,1.15345,1.15349,1.50,1.00
2016.09.06 10:46:49.711,1.15345,1.1535,2.25,1.00
2016.09.06 10:46:49.762,1.15345,1.1535,1.50,1.50
2016.09.06 10:46:49.864,1.15345,1.1535,1.50,1.00
2016.09.06 10:46:50.367,1.15345,1.1535,1.69,1.00
2016.09.06 10:46:51.068,1.15345,1.1535,1.50,1.50
2016.09.06 10:46:51.222,1.15345,1.15349,1.00,1.00
2016.09.06 10:46:51.476,1.15343,1.15349,1.69,1.00
2016.09.06 10:46:51.527,1.15343,1.15349,1.50,1.00
2016.09.06 10:46:51.679,1.15344,1.15349,1.00,1.00
2016.09.06 10:46:51.731,1.15344,1.15349,1.50,1.50
2016.09.06 10:46:52.011,1.15344,1.15349,1.50,1.00
2016.09.06 10:46:56.711,1.15344,1.15349,1.50,1.50
2016.09.06 10:46:56.761,1.15344,1.15349,1.00,1.50
2016.09.06 10:46:57.228,1.15344,1.15349,1.00,1.00
2016.09.06 10:46:57.977,1.15343,1.15348,1.50,1.00
2016.09.06 10:46:58.028,1.15342,1.15347,1.39,1.00
2016.09.06 10:46:58.120,1.15342,1.15347,1.00,1.25
2016.09.06 10:46:58.223,1.15341,1.15346,1.12,1.00
2016.09.06 10:46:59.242,1.15341,1.15346,1.00,1.00
2016.09.06 10:47:00.031,1.15341,1.15346,1.00,1.19
2016.09.06 10:47:00.641,1.1534,1.15346,1.00,1.19
2016.09.06 10:47:01.060,1.1534,1.15345,1.00,1.00
2016.09.06 10:47:01.111,1.15339,1.15345,1.50,1.00
2016.09.06 10:47:01.186,1.15339,1.15345,2.44,1.50
2016.09.06 10:47:01.237,1.15339,1.15345,2.44,1.00
2016.09.06 10:47:01.289,1.15339,1.15344,2.44,1.00
2016.09.06 10:47:01.340,1.15339,1.15344,3.56,1.00
2016.09.06 10:47:01.543,1.15339,1.15345,2.81,1.00
2016.09.06 10:47:01.594,1.15339,1.15346,2.81,1.57
2016.09.06 10:47:01.646,1.15339,1.15346,2.81,2.02
2016.09.06 10:47:01.697,1.15339,1.15346,2.81,1.65
2016.09.06 10:47:01.747,1.15339,1.15346,1.00,1.65
2016.09.06 10:47:02.326,1.1534,1.15345,1.00,1.00
2016.09.06 10:47:02.853,1.15339,1.15344,1.00,1.00
2016.09.06 10:47:03.172,1.15339,1.15344,1.00,1.19
2016.09.06 10:47:03.381,1.15339,1.15344,1.00,1.00
2016.09.06 10:47:03.584,1.15339,1.15344,1.00,1.25
2016.09.06 10:47:03.737,1.15339,1.15345,1.00,2.44
2016.09.06 10:47:03.789,1.15339,1.15345,1.00,1.19
2016.09.06 10:47:03.840,1.15339,1.15346,1.00,2.59
2016.09.06 10:47:03.891,1.15339,1.15345,1.00,1.19
2016.09.06 10:47:04.023,1.15339,1.15346,1.00,1.84
2016.09.06 10:47:04.228,1.15339,1.15346,1.50,1.84
2016.09.06 10:47:04.687,1.15339,1.15346,1.87,1.84
2016.09.06 10:47:04.738,1.15339,1.15346,2.25,1.84
2016.09.06 10:47:04.789,1.15339,1.15346,1.87,1.84
2016.09.06 10:47:04.840,1.15339,1.15346,1.50,2.59
2016.09.06 10:47:05.227,1.15339,1.15346,1.00,2.59
2016.09.06 10:47:05.819,1.15339,1.15346,1.50,2.59
2016.09.06 10:47:05.870,1.15339,1.15346,1.50,1.20
2016.09.06 10:47:06.284,1.15339,1.15347,1.50,1.69
2016.09.06 10:47:06.335,1.15339,1.15347,2.25,1.31
2016.09.06 10:47:06.386,1.15339,1.15347,2.25,1.25
2016.09.06 10:47:06.437,1.15339,1.15347,3.00,1.69
2016.09.06 10:47:06.766,1.15339,1.15347,3.00,1.25
2016.09.06 10:47:06.868,1.15339,1.15347,3.00,1.69
2016.09.06 10:47:07.436,1.15341,1.15346,1.00,1.00
2016.09.06 10:47:07.487,1.15341,1.15346,1.00,1.25
2016.09.06 10:47:08.849,1.15341,1.15346,1.50,1.25
2016.09.06 10:47:09.171,1.15342,1.15346,1.00,1.25
2016.09.06 10:47:09.839,1.15342,1.15346,1.00,1.00
2016.09.06 10:47:12.419,1.15343,1.15348,1.00,2.51
2016.09.06 10:47:12.470,1.15343,1.15348,1.50,1.50
2016.09.06 10:47:12.572,1.15343,1.15348,1.50,1.00
2016.09.06 10:47:12.878,1.15343,1.15348,1.00,1.50
2016.09.06 10:47:12.979,1.15343,1.15348,1.00,1.00
2016.09.06 10:47:13.345,1.15342,1.15347,1.50,1.00
2016.09.06 10:47:13.475,1.15343,1.15348,1.00,1.00
2016.09.06 10:47:13.577,1.15343,1.15348,1.50,1.00
2016.09.06 10:47:13.783,1.15342,1.15347,1.00,1.00
2016.09.06 10:47:14.622,1.15341,1.15348,1.00,1.25
2016.09.06 10:47:14.927,1.15341,1.15347,1.00,1.00
2016.09.06 10:47:14.978,1.1534,1.15347,3.94,1.50
2016.09.06 10:47:15.057,1.1534,1.15347,3.56,1.50
2016.09.06 10:47:15.108,1.1534,1.15347,2.81,1.50
2016.09.06 10:47:15.436,1.1534,1.15347,2.06,1.50
2016.09.06 10:47:15.794,1.1534,1.15347,2.81,1.50
2016.09.06 10:47:16.037,1.1534,1.15347,2.06,1.50
2016.09.06 10:47:16.539,1.1534,1.15347,2.81,1.50
2016.09.06 10:47:16.597,1.1534,1.15347,2.06,1.50
2016.09.06 10:47:16.739,1.1534,1.15347,2.81,1.50
2016.09.06 10:47:17.039,1.1534,1.15347,2.06,1.50
2016.09.06 10:47:17.098,1.1534,1.15347,2.81,1.50
2016.09.06 10:47:18.036,1.1534,1.15347,2.06,1.50
2016.09.06 10:47:18.144,1.1534,1.15347,2.81,1.50
2016.09.06 10:47:19.246,1.1534,1.15347,2.06,1.50
2016.09.06 10:47:19.297,1.1534,1.15347,2.25,1.50
2016.09.06 10:47:19.348,1.1534,1.15347,3.00,1.50
2016.09.06 10:47:19.462,1.1534,1.15347,2.81,1.69
2016.09.06 10:47:19.538,1.1534,1.15347,2.06,1.69
2016.09.06 10:47:19.589,1.1534,1.15347,3.37,1.50
2016.09.06 10:47:20.013,1.1534,1.15347,2.62,1.50
2016.09.06 10:47:20.251,1.1534,1.15347,3.37,1.50
2016.09.06 10:47:20.708,1.1534,1.15347,2.62,1.50
2016.09.06 10:47:20.972,1.1534,1.15347,1.50,1.00
2016.09.06 10:47:21.022,1.1534,1.15347,2.25,1.00
2016.09.06 10:47:21.855,1.1534,1.15347,1.50,1.00
2016.09.06 10:47:22.156,1.1534,1.15347,2.25,1.00
2016.09.06 10:47:22.663,1.1534,1.15347,3.00,1.00
2016.09.06 10:47:22.776,1.15343,1.15348,1.00,1.84
2016.09.06 10:47:22.927,1.15343,1.15348,1.00,2.40
2016.09.06 10:47:22.979,1.15343,1.15348,1.00,1.20
2016.09.06 10:47:23.132,1.15344,1.15348,1.00,1.10
2016.09.06 10:47:23.183,1.15344,1.15349,1.00,1.87
2016.09.06 10:47:23.234,1.15344,1.15349,1.00,1.50
2016.09.06 10:47:23.286,1.15344,1.15349,1.00,1.00
2016.09.06 10:47:23.851,1.15344,1.1535,1.00,3.19
2016.09.06 10:47:24.424,1.15343,1.1535,1.00,3.19
2016.09.06 10:47:24.475,1.15343,1.1535,1.00,2.44
2016.09.06 10:47:24.526,1.15343,1.1535,1.00,1.69
2016.09.06 10:47:24.577,1.15343,1.15349,1.00,1.00
2016.09.06 10:47:24.679,1.15343,1.1535,1.00,2.81
2016.09.06 10:47:24.780,1.15343,1.15348,1.00,1.00
2016.09.06 10:47:24.882,1.15343,1.15349,1.00,1.87
2016.09.06 10:47:25.417,1.15342,1.15349,1.00,1.87
2016.09.06 10:47:25.468,1.15342,1.15349,1.00,2.25
2016.09.06 10:47:25.519,1.15342,1.15349,1.00,2.62
2016.09.06 10:47:28.576,1.15344,1.15349,1.00,3.37
2016.09.06 10:47:28.627,1.15344,1.15349,1.00,3.00
2016.09.06 10:47:28.678,1.15344,1.15349,1.00,2.25
2016.09.06 10:47:28.779,1.15344,1.15349,1.00,1.50
2016.09.06 10:47:28.830,1.15344,1.15349,1.50,1.50
2016.09.06 10:47:28.881,1.15346,1.1535,1.00,1.87
2016.09.06 10:47:28.932,1.15346,1.15351,1.00,2.62
2016.09.06 10:47:29.034,1.15346,1.15351,1.00,1.50
2016.09.06 10:47:29.782,1.15346,1.15352,1.00,3.75
2016.09.06 10:47:30.073,1.15346,1.15352,1.00,3.00
2016.09.06 10:47:30.818,1.15346,1.15352,1.00,2.25
2016.09.06 10:47:30.869,1.15346,1.15352,1.00,1.87
2016.09.06 10:47:30.920,1.15346,1.15352,1.00,1.95
2016.09.06 10:47:31.509,1.15346,1.15351,1.00,2.32
2016.09.06 10:47:31.560,1.15345,1.1535,1.50,1.50
2016.09.06 10:47:31.906,1.15345,1.1535,1.50,2.25
2016.09.06 10:47:32.059,1.15345,1.1535,1.50,2.32
2016.09.06 10:47:32.110,1.15345,1.1535,1.50,1.20
2016.09.06 10:47:32.161,1.15345,1.1535,1.00,1.20
2016.09.06 10:47:32.643,1.15346,1.15351,1.00,2.25
2016.09.06 10:47:33.491,1.15346,1.15351,1.00,1.50
2016.09.06 10:47:33.694,1.15346,1.15351,1.00,1.12
2016.09.06 10:47:33.745,1.15347,1.15352,1.00,1.20
2016.09.06 10:47:33.796,1.15347,1.15353,1.00,3.64
2016.09.06 10:47:33.899,1.15348,1.15353,1.00,1.46
2016.09.06 10:47:33.949,1.15349,1.15353,1.00,1.01
2016.09.06 10:47:34.000,1.15349,1.15354,1.00,1.29
2016.09.06 10:47:34.197,1.15349,1.15354,1.00,1.76
2016.09.06 10:47:35.286,1.15349,1.15353,1.00,1.25
2016.09.06 10:47:35.421,1.15348,1.15352,1.00,1.50
2016.09.06 10:47:35.472,1.15348,1.15351,1.00,1.00
2016.09.06 10:47:35.881,1.15345,1.15351,1.50,1.00
2016.09.06 10:47:36.395,1.15345,1.15351,1.00,1.00
2016.09.06 10:47:36.449,1.15345,1.15351,1.50,1.00
2016.09.06 10:47:36.551,1.15345,1.15351,1.00,1.50
2016.09.06 10:47:36.601,1.15345,1.15349,1.00,1.00
2016.09.06 10:47:36.754,1.15344,1.15348,1.00,1.00
2016.09.06 10:47:37.008,1.15344,1.1535,1.00,1.09
2016.09.06 10:47:37.110,1.15344,1.1535,1.00,1.20
2016.09.06 10:47:37.160,1.15346,1.1535,1.00,1.20
2016.09.06 10:47:37.497,1.15346,1.15351,1.00,2.25
2016.09.06 10:47:37.548,1.15346,1.15351,1.00,1.87
2016.09.06 10:47:37.599,1.15346,1.15351,1.00,1.57
2016.09.06 10:47:37.906,1.15346,1.15351,1.00,2.32
2016.09.06 10:47:40.011,1.15346,1.15351,1.00,1.57
2016.09.06 10:47:41.424,1.15346,1.15351,1.00,2.32
2016.09.06 10:47:41.525,1.15346,1.15351,1.00,2.70
2016.09.06 10:47:41.779,1.15346,1.15351,1.00,3.82
2016.09.06 10:47:41.831,1.15346,1.15351,1.00,3.90
2016.09.06 10:47:41.882,1.15346,1.15351,1.00,2.77
2016.09.06 10:47:41.933,1.15346,1.15351,1.00,3.07
2016.09.06 10:47:41.984,1.15346,1.15351,1.00,2.70
2016.09.06 10:47:42.570,1.15346,1.15351,1.00,3.82
2016.09.06 10:47:42.621,1.15346,1.15351,1.00,4.57
2016.09.06 10:47:42.672,1.15346,1.15351,1.00,3.45
2016.09.06 10:47:43.016,1.15346,1.15351,1.00,2.70
2016.09.06 10:47:43.172,1.15346,1.15351,1.00,1.95
2016.09.06 10:47:43.223,1.15347,1.15351,1.00,1.20
2016.09.06 10:47:43.274,1.15347,1.15351,1.00,1.12
2016.09.06 10:47:43.325,1.15347,1.15352,1.00,1.12
2016.09.06 10:47:43.375,1.15347,1.15353,1.00,1.65
2016.09.06 10:47:43.426,1.15347,1.15354,1.00,5.44
2016.09.06 10:47:43.989,1.15347,1.15354,1.00,3.56
2016.09.06 10:47:44.040,1.15347,1.15354,1.00,3.19
2016.09.06 10:47:44.912,1.15346,1.15351,1.00,1.00
2016.09.06 10:47:45.015,1.15348,1.15353,1.00,4.27
2016.09.06 10:47:45.122,1.15349,1.15353,1.00,2.02
2016.09.06 10:47:45.173,1.15349,1.15353,1.00,1.20
2016.09.06 10:47:45.224,1.15349,1.15353,1.00,1.65
2016.09.06 10:47:45.427,1.15349,1.15353,1.00,1.20
2016.09.06 10:47:45.952,1.15348,1.15353,1.00,1.20
2016.09.06 10:47:46.156,1.15346,1.15353,1.00,1.20
2016.09.06 10:47:46.206,1.15346,1.15352,1.00,1.00
2016.09.06 10:47:46.308,1.15349,1.15353,1.00,1.20
2016.09.06 10:47:46.704,1.15349,1.15353,1.00,1.65
2016.09.06 10:47:46.960,1.15348,1.15353,1.00,3.15
2016.09.06 10:47:49.193,1.15347,1.15352,1.00,1.50
2016.09.06 10:47:49.285,1.15347,1.15349,1.00,1.00
2016.09.06 10:47:49.437,1.15346,1.1535,1.00,1.00
2016.09.06 10:47:49.640,1.15345,1.1535,1.50,2.32
2016.09.06 10:47:49.691,1.15345,1.15349,1.50,1.00
2016.09.06 10:47:49.742,1.15344,1.15349,1.00,1.50
2016.09.06 10:47:49.895,1.15344,1.15348,1.00,1.00
2016.09.06 10:47:50.311,1.15344,1.15349,1.00,1.65
2016.09.06 10:47:50.412,1.15344,1.15349,1.00,1.20
2016.09.06 10:47:51.209,1.15344,1.1535,1.00,1.50
2016.09.06 10:47:51.260,1.15346,1.1535,1.00,1.50
2016.09.06 10:47:51.311,1.15346,1.1535,1.00,1.12
2016.09.06 10:47:51.413,1.15346,1.1535,1.00,1.10
2016.09.06 10:47:51.602,1.15345,1.1535,1.00,1.57
2016.09.06 10:47:51.709,1.15345,1.1535,1.50,1.57
2016.09.06 10:47:51.760,1.15346,1.1535,1.00,1.10
2016.09.06 10:47:52.030,1.15344,1.15351,1.50,1.95
2016.09.06 10:47:52.133,1.15345,1.1535,1.00,1.10
2016.09.06 10:47:52.337,1.15345,1.15348,1.00,1.00
2016.09.06 10:47:52.450,1.15343,1.15348,1.00,1.00
2016.09.06 10:47:52.954,1.15344,1.15349,1.00,1.00
2016.09.06 10:47:53.638,1.15343,1.15348,1.00,1.00
2016.09.06 10:47:54.806,1.15342,1.15348,1.87,1.00
2016.09.06 10:47:54.856,1.15342,1.15348,1.50,1.00
2016.09.06 10:47:54.958,1.15342,1.15348,1.12,1.00
2016.09.06 10:47:55.037,1.15341,1.15348,2.44,1.00
2016.09.06 10:47:55.711,1.15341,1.15348,3.56,1.00
2016.09.06 10:47:55.762,1.15341,1.15348,4.31,1.00
2016.09.06 10:47:55.863,1.15341,1.15348,3.56,1.00
2016.09.06 10:47:55.968,1.15341,1.15348,2.81,1.00
2016.09.06 10:47:56.303,1.15341,1.15348,2.81,1.50
2016.09.06 10:47:56.405,1.15341,1.15348,2.81,1.00
2016.09.06 10:47:56.967,1.15341,1.15348,3.56,1.00
2016.09.06 10:47:57.068,1.15341,1.15348,3.37,1.00
2016.09.06 10:47:57.177,1.15342,1.15348,1.12,1.00
2016.09.06 10:47:57.228,1.15341,1.15348,2.62,1.00
2016.09.06 10:47:57.329,1.15341,1.15348,3.75,1.00
2016.09.06 10:47:57.380,1.15343,1.15348,1.00,1.00
2016.09.06 10:47:57.533,1.15341,1.15346,2.62,1.00
2016.09.06 10:47:57.584,1.15346,1.1535,1.00,1.29
2016.09.06 10:47:57.635,1.15349,1.15351,1.50,3.82
2016.09.06 10:47:57.687,1.1535,1.15351,1.00,1.12
2016.09.06 10:47:57.738,1.15351,1.15353,1.69,1.87
2016.09.06 10:47:57.789,1.15351,1.15354,1.69,1.00
2016.09.06 10:47:57.840,1.15352,1.15354,1.25,1.00
2016.09.06 10:47:57.993,1.15352,1.15357,1.25,1.00
2016.09.06 10:47:58.930,1.15352,1.15359,1.25,1.50
2016.09.06 10:47:58.981,1.15352,1.15359,1.69,1.50
2016.09.06 10:47:59.840,1.15352,1.15359,1.69,1.00
2016.09.06 10:47:59.890,1.15352,1.15359,2.06,1.00
2016.09.06 10:48:00.775,1.15352,1.15359,1.31,1.00
2016.09.06 10:48:01.557,1.15352,1.15359,2.06,1.00
2016.09.06 10:48:01.942,1.15352,1.15359,3.19,1.00
2016.09.06 10:48:01.993,1.15352,1.15359,2.06,1.00
2016.09.06 10:48:02.095,1.15353,1.15359,1.12,1.00
2016.09.06 10:48:02.145,1.15353,1.15359,1.50,1.00
2016.09.06 10:48:02.196,1.15353,1.15359,2.62,1.00
2016.09.06 10:48:03.275,1.15353,1.1536,2.62,1.00
2016.09.06 10:48:03.377,1.15353,1.1536,2.62,1.69
2016.09.06 10:48:03.428,1.15353,1.1536,1.50,2.44
2016.09.06 10:48:03.631,1.15353,1.1536,1.50,1.69
2016.09.06 10:48:03.760,1.15353,1.1536,1.50,2.44
2016.09.06 10:48:03.912,1.15355,1.1536,1.00,1.19
2016.09.06 10:48:03.963,1.15356,1.15362,1.00,2.51
2016.09.06 10:48:04.015,1.15356,1.15362,1.00,1.01
2016.09.06 10:48:04.067,1.15356,1.15362,1.00,1.25
2016.09.06 10:48:04.118,1.15357,1.15362,1.00,1.25
2016.09.06 10:48:04.170,1.15357,1.15362,1.00,1.00
2016.09.06 10:48:04.271,1.15357,1.15363,1.00,1.19
2016.09.06 10:48:04.584,1.15356,1.15363,2.62,1.19
2016.09.06 10:48:05.236,1.15356,1.15363,2.25,1.19
2016.09.06 10:48:05.346,1.15356,1.15363,2.25,1.25
2016.09.06 10:48:05.408,1.15356,1.15363,2.62,1.25
2016.09.06 10:48:05.511,1.15356,1.15359,1.12,1.00
2016.09.06 10:48:05.562,1.15355,1.1536,2.81,1.00
2016.09.06 10:48:05.613,1.15355,1.15359,1.50,1.00
2016.09.06 10:48:05.665,1.15355,1.15358,1.00,1.00
2016.09.06 10:48:05.716,1.15352,1.15358,1.87,1.00
2016.09.06 10:48:05.767,1.15352,1.15358,1.12,1.00
2016.09.06 10:48:06.353,1.15352,1.15357,1.12,1.00
2016.09.06 10:48:07.645,1.15352,1.15357,1.00,1.00
2016.09.06 10:48:08.526,1.15353,1.15357,1.00,1.00
2016.09.06 10:48:08.576,1.15353,1.15358,1.00,1.50
2016.09.06 10:48:08.627,1.15352,1.15358,1.12,1.00
2016.09.06 10:48:08.678,1.15353,1.15358,1.69,1.00
2016.09.06 10:48:08.780,1.15353,1.15358,1.25,1.00
2016.09.06 10:48:12.680,1.15351,1.15357,3.56,1.00
2016.09.06 10:48:12.731,1.15351,1.15356,1.50,1.50
2016.09.06 10:48:12.782,1.15351,1.15356,1.00,1.50
2016.09.06 10:48:12.884,1.15351,1.15356,1.00,1.00
2016.09.06 10:48:12.935,1.15351,1.15357,1.00,1.69
2016.09.06 10:48:13.955,1.1535,1.15356,2.06,1.00
2016.09.06 10:48:14.006,1.1535,1.15356,2.81,1.00
2016.09.06 10:48:14.310,1.1535,1.15356,2.06,1.50
2016.09.06 10:48:14.361,1.1535,1.15356,1.69,1.50
2016.09.06 10:48:14.463,1.1535,1.15356,1.25,1.50
2016.09.06 10:48:14.564,1.1535,1.15356,1.69,1.50
2016.09.06 10:48:14.666,1.1535,1.15355,1.25,1.00
2016.09.06 10:48:14.809,1.1535,1.15355,1.25,1.50
2016.09.06 10:48:15.312,1.1535,1.15355,1.69,1.50
2016.09.06 10:48:15.363,1.1535,1.15355,1.69,1.00
2016.09.06 10:48:15.489,1.1535,1.15355,1.25,1.00
2016.09.06 10:48:15.714,1.15349,1.15355,2.06,1.00
2016.09.06 10:48:17.226,1.15349,1.15355,2.06,1.50
2016.09.06 10:48:20.255,1.15349,1.15355,1.87,1.50
2016.09.06 10:48:20.357,1.15349,1.15355,1.87,1.00
2016.09.06 10:48:21.261,1.15349,1.15356,1.87,1.00
2016.09.06 10:48:21.312,1.15349,1.15356,1.12,1.00
2016.09.06 10:48:21.729,1.15349,1.15356,1.00,1.00
2016.09.06 10:48:23.278,1.15349,1.15354,1.00,1.00
2016.09.06 10:48:23.329,1.15348,1.15354,2.32,1.00
2016.09.06 10:48:23.380,1.15347,1.15354,4.57,1.00
2016.09.06 10:48:23.432,1.15347,1.15353,2.25,1.00
2016.09.06 10:48:23.534,1.15347,1.15352,1.00,1.50
2016.09.06 10:48:23.636,1.15347,1.15352,1.00,1.00
2016.09.06 10:48:23.687,1.15348,1.15353,1.00,1.00
2016.09.06 10:48:23.738,1.15348,1.15354,1.00,1.50
2016.09.06 10:48:23.788,1.15348,1.15354,1.00,1.00
2016.09.06 10:48:23.839,1.15348,1.15355,1.00,2.40
2016.09.06 10:48:23.890,1.15348,1.15355,1.00,2.32
2016.09.06 10:48:23.941,1.15348,1.15355,1.00,1.50
2016.09.06 10:48:23.992,1.15348,1.15355,1.00,1.00
2016.09.06 10:48:24.042,1.15348,1.15355,1.00,1.50
2016.09.06 10:48:24.093,1.15349,1.15355,1.00,2.25
2016.09.06 10:48:24.144,1.15349,1.15355,1.00,1.50
2016.09.06 10:48:24.311,1.15349,1.15355,1.00,1.00
2016.09.06 10:48:24.363,1.15348,1.15355,1.00,1.50
2016.09.06 10:48:24.414,1.15349,1.15354,1.00,1.00
2016.09.06 10:48:24.465,1.15351,1.15354,1.00,1.25
2016.09.06 10:48:24.568,1.15351,1.15354,1.00,1.00
2016.09.06 10:48:24.619,1.15351,1.15355,1.00,3.00
2016.09.06 10:48:24.722,1.15348,1.15355,1.00,3.00
2016.09.06 10:48:24.773,1.15348,1.15355,1.00,3.19
2016.09.06 10:48:25.690,1.15348,1.15355,1.50,2.44
2016.09.06 10:48:25.792,1.15349,1.15355,1.00,2.44
2016.09.06 10:48:25.894,1.15349,1.15355,1.00,3.19
2016.09.06 10:48:25.988,1.15349,1.15355,1.00,3.00
2016.09.06 10:48:26.140,1.15349,1.15355,1.00,1.50
2016.09.06 10:48:26.192,1.15348,1.15355,1.50,2.25
2016.09.06 10:48:26.242,1.15348,1.15355,1.50,3.00
2016.09.06 10:48:26.422,1.15348,1.15355,1.50,2.25
2016.09.06 10:48:26.491,1.15348,1.15355,1.50,3.00
2016.09.06 10:48:26.791,1.1535,1.15355,1.00,3.00
2016.09.06 10:48:26.842,1.1535,1.15355,1.00,1.50
2016.09.06 10:48:26.892,1.1535,1.15355,1.50,1.50
2016.09.06 10:48:27.011,1.15351,1.15356,1.00,1.00
2016.09.06 10:48:27.164,1.15351,1.15357,1.00,3.19
2016.09.06 10:48:27.843,1.15351,1.15357,1.00,1.69
2016.09.06 10:48:27.895,1.15351,1.15357,1.50,1.69
2016.09.06 10:48:27.945,1.15351,1.15357,1.50,1.50
2016.09.06 10:48:27.996,1.15351,1.15357,1.00,1.50
2016.09.06 10:48:28.048,1.15351,1.15357,1.00,1.00
2016.09.06 10:48:28.597,1.15352,1.15357,1.00,1.00
2016.09.06 10:48:29.379,1.1535,1.15355,4.50,1.00
2016.09.06 10:48:29.430,1.1535,1.15355,1.12,1.50
2016.09.06 10:48:29.481,1.1535,1.15355,1.12,1.69
2016.09.06 10:48:29.532,1.1535,1.15355,1.87,1.25
2016.09.06 10:48:29.583,1.1535,1.15355,1.87,1.00
2016.09.06 10:48:29.633,1.1535,1.15355,1.12,1.00
2016.09.06 10:48:29.699,1.1535,1.15355,1.87,1.00
2016.09.06 10:48:29.850,1.1535,1.15355,1.12,1.00
2016.09.06 10:48:30.030,1.1535,1.15355,1.87,1.00
2016.09.06 10:48:30.139,1.1535,1.15355,1.12,1.00
2016.09.06 10:48:30.247,1.1535,1.15355,1.87,1.00
2016.09.06 10:48:30.527,1.1535,1.15355,1.12,1.00
2016.09.06 10:48:34.943,1.1535,1.15355,1.00,1.00
2016.09.06 10:48:34.994,1.15349,1.15355,2.32,1.00
2016.09.06 10:48:35.045,1.15349,1.15355,2.62,1.00
2016.09.06 10:48:35.147,1.15349,1.15356,2.62,1.25
2016.09.06 10:48:35.367,1.15349,1.15356,2.25,1.25
2016.09.06 10:48:35.438,1.15349,1.15355,1.00,1.00
2016.09.06 10:48:35.540,1.15348,1.15355,1.12,1.00
2016.09.06 10:48:35.591,1.15347,1.15354,3.64,1.25
2016.09.06 10:48:35.641,1.15347,1.15354,2.25,1.25
2016.09.06 10:48:35.743,1.15347,1.15354,1.50,1.25
2016.09.06 10:48:35.846,1.15347,1.15353,1.50,1.00
2016.09.06 10:48:36.281,1.15347,1.15353,2.25,1.00
2016.09.06 10:48:36.662,1.15347,1.15353,1.50,1.00
2016.09.06 10:48:37.259,1.15348,1.15354,1.00,1.00
2016.09.06 10:48:37.411,1.15348,1.15354,1.50,1.00
2016.09.06 10:48:37.934,1.15349,1.15355,1.00,1.50
2016.09.06 10:48:38.188,1.15349,1.15355,1.50,1.50
2016.09.06 10:48:38.239,1.15349,1.15355,1.50,1.00
2016.09.06 10:48:38.340,1.15349,1.15355,1.87,1.00
2016.09.06 10:48:38.442,1.15349,1.15355,1.50,1.00
2016.09.06 10:48:38.645,1.15349,1.15354,1.00,1.00
2016.09.06 10:48:38.896,1.15349,1.15355,1.50,1.50
2016.09.06 10:48:38.947,1.1535,1.15355,1.00,1.00
2016.09.06 10:48:39.355,1.1535,1.15355,1.12,1.00
2016.09.06 10:48:39.508,1.15351,1.15356,1.00,1.25
2016.09.06 10:48:39.559,1.15351,1.15356,1.50,1.00
2016.09.06 10:48:39.610,1.15351,1.15358,1.50,1.84
2016.09.06 10:48:39.715,1.15351,1.15356,1.50,1.00
2016.09.06 10:48:39.845,1.15351,1.15357,1.00,1.00
2016.09.06 10:48:40.165,1.15351,1.15355,1.00,1.00
2016.09.06 10:48:40.621,1.1535,1.15355,1.31,1.00
2016.09.06 10:48:41.173,1.1535,1.15355,1.12,1.19
2016.09.06 10:48:41.275,1.15349,1.15354,3.75,1.25
2016.09.06 10:48:41.325,1.15349,1.15354,1.87,1.25
2016.09.06 10:48:41.377,1.1535,1.15355,1.00,1.19
2016.09.06 10:48:41.682,1.15349,1.15355,1.12,1.19
2016.09.06 10:48:42.079,1.15349,1.15355,1.12,1.69
2016.09.06 10:48:42.261,1.15349,1.15355,1.12,1.19
2016.09.06 10:48:42.461,1.15349,1.15355,1.12,1.69
2016.09.06 10:48:43.235,1.15349,1.15355,1.12,1.19
2016.09.06 10:48:43.339,1.15349,1.15355,1.12,1.69
2016.09.06 10:48:43.637,1.15349,1.15355,1.12,1.19
2016.09.06 10:48:43.740,1.15349,1.15355,1.12,1.69
2016.09.06 10:48:44.265,1.15349,1.15355,1.12,2.06
2016.09.06 10:48:44.440,1.15349,1.15355,1.12,2.81
2016.09.06 10:48:44.490,1.15349,1.15355,1.00,2.81
2016.09.06 10:48:45.369,1.15349,1.15355,1.00,2.06
2016.09.06 10:48:45.473,1.15349,1.15355,1.00,2.81
2016.09.06 10:48:45.575,1.15349,1.15355,1.00,2.06
2016.09.06 10:48:45.741,1.15349,1.15355,1.00,2.81
2016.09.06 10:48:46.874,1.15349,1.15355,1.00,2.06
2016.09.06 10:48:47.376,1.15349,1.15355,1.00,2.81
2016.09.06 10:48:47.746,1.15349,1.15354,1.00,1.19
2016.09.06 10:48:47.848,1.15347,1.15355,2.62,2.06
2016.09.06 10:48:47.899,1.15348,1.15354,1.00,1.19
2016.09.06 10:48:47.950,1.15347,1.15354,2.62,1.19
2016.09.06 10:48:48.001,1.15347,1.15354,1.50,1.69
2016.09.06 10:48:48.051,1.15346,1.15354,3.90,1.69
2016.09.06 10:48:48.102,1.15346,1.15353,3.15,1.19
2016.09.06 10:48:48.407,1.15347,1.15352,1.00,1.19
2016.09.06 10:48:49.179,1.15347,1.15352,1.00,1.25
2016.09.06 10:48:54.004,1.15347,1.15352,1.00,1.00
2016.09.06 10:48:54.308,1.15348,1.15354,1.00,1.00
2016.09.06 10:48:54.557,1.1535,1.15355,1.00,1.69
2016.09.06 10:48:54.710,1.15349,1.15355,2.25,1.25
2016.09.06 10:48:54.761,1.15349,1.15355,3.37,1.25
2016.09.06 10:48:54.913,1.15349,1.15354,3.37,1.00
2016.09.06 10:48:54.965,1.15349,1.15354,1.50,1.00
2016.09.06 10:48:55.066,1.15349,1.15354,1.37,1.00
2016.09.06 10:48:55.464,1.15349,1.15354,1.87,1.00
2016.09.06 10:48:55.721,1.15349,1.15355,1.87,1.50
2016.09.06 10:48:55.874,1.15349,1.15355,1.87,1.00
2016.09.06 10:48:56.280,1.15349,1.15356,3.75,1.00
2016.09.06 10:48:57.084,1.1535,1.15356,1.37,1.00
2016.09.06 10:48:57.186,1.15351,1.15356,1.87,1.00
2016.09.06 10:48:57.393,1.15352,1.15357,1.00,1.25
2016.09.06 10:48:57.893,1.15352,1.15357,1.00,1.00
2016.09.06 10:49:00.167,1.15353,1.15358,1.00,1.00
2016.09.06 10:49:00.269,1.15352,1.15359,1.00,1.20
2016.09.06 10:49:00.913,1.15354,1.15359,1.00,1.65
2016.09.06 10:49:00.964,1.15352,1.15359,1.00,1.65
2016.09.06 10:49:01.538,1.15353,1.15359,1.00,1.20
2016.09.06 10:49:02.165,1.15353,1.15359,1.00,1.65
2016.09.06 10:49:03.222,1.15354,1.15359,1.00,1.65
2016.09.06 10:49:03.905,1.15353,1.15359,1.00,1.65
2016.09.06 10:49:04.122,1.15353,1.15359,1.00,1.20
2016.09.06 10:49:04.674,1.15352,1.15359,1.00,1.20
2016.09.06 10:49:04.776,1.15352,1.15358,1.00,1.00
2016.09.06 10:49:05.178,1.15353,1.15359,1.00,1.84
2016.09.06 10:49:05.679,1.15353,1.15358,1.00,1.00
2016.09.06 10:49:06.213,1.15353,1.15358,1.00,1.25
2016.09.06 10:49:06.745,1.15352,1.15358,1.00,1.25
2016.09.06 10:49:06.935,1.15352,1.15359,1.00,1.39
2016.09.06 10:49:07.309,1.15353,1.15358,1.00,1.25
2016.09.06 10:49:07.537,1.15352,1.15359,1.00,1.39
2016.09.06 10:49:07.920,1.15353,1.15358,1.00,1.25
2016.09.06 10:49:08.472,1.15352,1.15358,1.00,1.25
2016.09.06 10:49:08.523,1.15353,1.15359,1.00,1.84
2016.09.06 10:49:10.770,1.15352,1.15359,1.00,1.84
2016.09.06 10:49:11.738,1.15352,1.15358,1.00,1.25
2016.09.06 10:49:12.453,1.15351,1.15356,1.12,1.00
2016.09.06 10:49:12.504,1.1535,1.15355,2.62,1.00
2016.09.06 10:49:12.555,1.1535,1.15355,1.12,1.00
2016.09.06 10:49:12.606,1.1535,1.15355,1.00,1.25
2016.09.06 10:49:12.708,1.15349,1.15354,1.00,1.00
2016.09.06 10:49:13.086,1.15348,1.15354,1.00,1.50
2016.09.06 10:49:13.137,1.15347,1.15353,1.95,1.00
2016.09.06 10:49:13.238,1.15347,1.15352,1.50,1.00
2016.09.06 10:49:13.745,1.15347,1.15353,1.00,1.00
2016.09.06 10:49:13.949,1.15347,1.15354,1.00,1.50
2016.09.06 10:49:14.000,1.15346,1.15354,2.21,1.50
2016.09.06 10:49:14.152,1.15346,1.15354,1.84,1.50
2016.09.06 10:49:14.253,1.15346,1.15354,2.21,1.50
2016.09.06 10:49:14.681,1.15348,1.15354,1.00,1.50
2016.09.06 10:49:14.732,1.15347,1.15353,1.00,1.00
2016.09.06 10:49:15.506,1.15348,1.15353,1.00,1.00
2016.09.06 10:49:15.810,1.15348,1.15355,1.00,3.94
2016.09.06 10:49:15.861,1.15348,1.15355,1.00,3.19
2016.09.06 10:49:16.569,1.15348,1.15355,1.00,3.94
2016.09.06 10:49:16.620,1.15348,1.15355,1.12,3.94
2016.09.06 10:49:16.772,1.15348,1.15355,1.12,3.19
2016.09.06 10:49:16.826,1.15348,1.15355,1.12,1.69
2016.09.06 10:49:16.877,1.15348,1.15355,1.12,2.44
2016.09.06 10:49:16.978,1.15348,1.15355,1.12,1.69
2016.09.06 10:49:17.029,1.15349,1.15355,1.00,1.69
2016.09.06 10:49:17.080,1.15349,1.15355,1.00,2.44
2016.09.06 10:49:17.351,1.15349,1.15355,1.00,1.69
2016.09.06 10:49:17.761,1.15349,1.15355,1.00,2.44
2016.09.06 10:49:18.378,1.15349,1.15355,1.00,1.69
2016.09.06 10:49:18.581,1.15349,1.15355,1.00,2.44
2016.09.06 10:49:18.876,1.15349,1.15355,1.00,1.69
2016.09.06 10:49:18.948,1.15349,1.15355,1.00,2.44
2016.09.06 10:49:19.151,1.15349,1.15355,1.00,1.69
2016.09.06 10:49:19.264,1.15349,1.15355,1.00,1.19
2016.09.06 10:49:19.400,1.15347,1.15354,3.37,1.56
2016.09.06 10:49:19.451,1.15347,1.15354,1.87,1.56
2016.09.06 10:49:19.553,1.15347,1.15353,1.00,1.56
2016.09.06 10:49:19.604,1.15347,1.15352,1.00,1.31
2016.09.06 10:49:19.655,1.15346,1.15351,2.02,1.19
2016.09.06 10:49:19.987,1.15347,1.15352,1.00,1.31
2016.09.06 10:49:20.139,1.15347,1.15352,1.50,1.31
2016.09.06 10:49:20.294,1.15348,1.15353,1.00,2.25
2016.09.06 10:49:20.345,1.15348,1.15353,1.00,1.69
2016.09.06 10:49:20.446,1.15348,1.15353,1.00,1.31
2016.09.06 10:49:20.829,1.15348,1.15353,1.00,1.19
2016.09.06 10:49:21.140,1.15348,1.15353,1.50,1.19
2016.09.06 10:49:22.223,1.15349,1.15353,1.00,1.00
2016.09.06 10:49:22.326,1.1535,1.15355,1.00,1.50
2016.09.06 10:49:22.377,1.15351,1.15356,1.00,1.20
2016.09.06 10:49:22.428,1.15352,1.15356,1.00,1.20
2016.09.06 10:49:22.480,1.15352,1.15358,1.00,1.95
2016.09.06 10:49:22.532,1.15353,1.15359,1.00,1.57
2016.09.06 10:49:22.583,1.15353,1.15359,1.00,1.27
2016.09.06 10:49:22.635,1.15351,1.15359,2.62,1.20
2016.09.06 10:49:22.737,1.15352,1.15355,1.00,1.00
2016.09.06 10:49:22.788,1.15352,1.15355,1.00,1.50
2016.09.06 10:49:22.840,1.15351,1.15355,4.50,1.50
2016.09.06 10:49:22.942,1.15351,1.15355,4.87,1.50
2016.09.06 10:49:22.995,1.15351,1.15355,4.87,1.00
2016.09.06 10:49:23.096,1.15351,1.15355,4.87,1.50
2016.09.06 10:49:23.162,1.15351,1.15355,4.87,1.00
2016.09.06 10:49:23.463,1.15351,1.15355,4.87,1.50
2016.09.06 10:49:23.514,1.15351,1.15355,5.62,1.50
2016.09.06 10:49:23.565,1.15351,1.15355,6.37,1.50
2016.09.06 10:49:23.724,1.15352,1.15355,1.00,1.50
2016.09.06 10:49:24.474,1.15352,1.15355,1.00,1.00
2016.09.06 10:49:24.566,1.15352,1.15355,1.00,1.50
2016.09.06 10:49:24.988,1.15352,1.15355,1.00,1.00
2016.09.06 10:49:25.091,1.15352,1.15355,1.00,1.50
2016.09.06 10:49:25.141,1.15351,1.15355,4.12,1.50
2016.09.06 10:49:25.192,1.15351,1.15355,4.12,1.00
2016.09.06 10:49:25.314,1.15351,1.15355,4.12,1.50
2016.09.06 10:49:25.368,1.15351,1.15355,4.12,1.00
2016.09.06 10:49:25.419,1.15351,1.15355,4.87,1.00
2016.09.06 10:49:25.470,1.15352,1.15355,1.00,1.00
2016.09.06 10:49:25.521,1.15352,1.15355,1.50,1.00
2016.09.06 10:49:25.572,1.15352,1.15355,1.50,1.50
2016.09.06 10:49:26.029,1.15352,1.15355,1.00,1.50
2016.09.06 10:49:26.387,1.15352,1.15355,1.00,1.00
2016.09.06 10:49:26.488,1.15352,1.15355,1.00,1.50
2016.09.06 10:49:26.640,1.15352,1.15354,1.00,1.00
2016.09.06 10:49:26.744,1.15351,1.15354,2.25,1.00
2016.09.06 10:49:26.846,1.15351,1.15353,1.50,1.00
2016.09.06 10:49:26.960,1.15351,1.15353,1.00,1.00
2016.09.06 10:49:27.061,1.15351,1.15353,1.12,1.00
2016.09.06 10:49:27.366,1.15351,1.15353,1.50,1.00
2016.09.06 10:49:27.468,1.15351,1.15353,1.00,1.00
2016.09.06 10:49:27.772,1.15349,1.15353,3.37,1.00
2016.09.06 10:49:27.823,1.1535,1.15354,2.25,1.00
2016.09.06 10:49:27.874,1.15352,1.15356,1.00,1.50
2016.09.06 10:49:27.925,1.15353,1.15355,1.00,1.00
2016.09.06 10:49:28.050,1.15352,1.15355,1.00,1.00
2016.09.06 10:49:28.103,1.15352,1.15356,1.00,1.50
2016.09.06 10:49:28.155,1.15352,1.15355,1.00,1.00
2016.09.06 10:49:28.205,1.15352,1.15355,1.00,1.50
2016.09.06 10:49:28.256,1.15351,1.15355,1.87,1.50
2016.09.06 10:49:28.307,1.15351,1.15355,1.87,1.00
2016.09.06 10:49:28.410,1.15351,1.15355,1.87,1.50
2016.09.06 10:49:29.551,1.15352,1.15355,1.00,1.50
2016.09.06 10:49:29.652,1.15351,1.15355,3.75,1.50
2016.09.06 10:49:29.754,1.15351,1.15355,4.12,1.50
2016.09.06 10:49:29.860,1.15351,1.15355,4.12,1.00
2016.09.06 10:49:29.962,1.15353,1.15355,1.00,1.00
2016.09.06 10:49:30.013,1.15353,1.15356,1.00,1.00
2016.09.06 10:49:30.064,1.15352,1.15357,1.00,1.00
2016.09.06 10:49:30.168,1.15352,1.15357,1.50,1.00
2016.09.06 10:49:30.989,1.15352,1.15357,2.25,1.00
2016.09.06 10:49:31.723,1.15352,1.15355,2.25,1.00
2016.09.06 10:49:31.833,1.15352,1.15355,1.00,1.50
2016.09.06 10:49:31.884,1.1535,1.15354,4.31,1.00
2016.09.06 10:49:31.935,1.1535,1.15354,2.70,1.00
2016.09.06 10:49:31.986,1.1535,1.15355,1.95,1.00
2016.09.06 10:49:32.038,1.1535,1.15353,1.12,1.00
2016.09.06 10:49:32.088,1.1535,1.15353,1.00,1.00
2016.09.06 10:49:32.241,1.1535,1.15355,1.50,1.00
2016.09.06 10:49:32.292,1.1535,1.15355,1.87,1.00
2016.09.06 10:49:32.343,1.15351,1.15355,1.12,1.00
2016.09.06 10:49:32.444,1.15354,1.15355,1.00,1.00
2016.09.06 10:49:32.495,1.15354,1.15357,1.00,1.00
2016.09.06 10:49:33.185,1.15354,1.15355,1.00,1.00
2016.09.06 10:49:33.236,1.15352,1.15355,1.00,1.00
2016.09.06 10:49:33.389,1.15351,1.15355,1.00,1.50
2016.09.06 10:49:33.490,1.15351,1.15354,1.00,1.00
2016.09.06 10:49:34.239,1.15351,1.15353,1.00,1.00
2016.09.06 10:49:34.341,1.1535,1.15354,1.00,1.00
2016.09.06 10:49:34.850,1.15351,1.15353,1.00,1.00
2016.09.06 10:49:35.364,1.15351,1.15354,1.00,1.00
2016.09.06 10:49:36.439,1.15351,1.15355,1.00,1.50
2016.09.06 10:49:36.542,1.15352,1.15355,1.00,1.00
2016.09.06 10:49:36.645,1.15352,1.15355,1.50,1.00
2016.09.06 10:49:36.747,1.15352,1.15356,1.50,1.50
2016.09.06 10:49:36.798,1.15352,1.15355,1.50,1.00
2016.09.06 10:49:36.902,1.15352,1.15356,1.50,1.50
2016.09.06 10:49:37.004,1.15352,1.15355,1.50,1.00
2016.09.06 10:49:37.647,1.15352,1.15356,1.50,1.50
2016.09.06 10:49:37.950,1.15352,1.15355,1.50,1.00
2016.09.06 10:49:38.105,1.15352,1.15355,1.50,1.50
2016.09.06 10:49:38.258,1.15352,1.15355,1.00,1.50
2016.09.06 10:49:38.644,1.15353,1.15355,1.00,1.50
2016.09.06 10:49:39.006,1.15353,1.15355,1.50,1.00
2016.09.06 10:49:39.057,1.15354,1.15355,1.00,1.00
2016.09.06 10:49:39.108,1.15354,1.15357,1.00,1.00
2016.09.06 10:49:41.664,1.15354,1.15359,1.00,1.00
2016.09.06 10:49:43.951,1.15354,1.15359,1.50,1.00
2016.09.06 10:49:44.132,1.15354,1.15359,1.00,1.00
2016.09.06 10:49:45.122,1.15354,1.15358,1.00,1.00
2016.09.06 10:49:45.275,1.15356,1.15359,1.00,1.00
2016.09.06 10:49:45.488,1.15355,1.15358,2.25,1.00
2016.09.06 10:49:45.539,1.15355,1.15358,3.00,1.00
2016.09.06 10:49:45.750,1.15355,1.15358,2.25,1.00
2016.09.06 10:49:45.926,1.15356,1.15358,1.00,1.00
2016.09.06 10:49:46.227,1.15355,1.15358,2.25,1.00
2016.09.06 10:49:46.386,1.15355,1.15358,1.50,1.00
2016.09.06 10:49:46.633,1.15357,1.15358,1.00,1.00
2016.09.06 10:49:48.135,1.15356,1.15358,1.00,1.00
2016.09.06 10:49:48.678,1.15357,1.15359,1.00,1.00
2016.09.06 10:49:48.930,1.15356,1.15359,1.00,1.00
2016.09.06 10:49:49.238,1.15356,1.1536,1.12,1.50
2016.09.06 10:49:49.345,1.15356,1.15359,1.00,1.00
2016.09.06 10:49:49.446,1.15356,1.15358,1.87,1.00
2016.09.06 10:49:49.750,1.15356,1.15358,1.50,1.00
2016.09.06 10:49:49.903,1.15356,1.15358,1.00,1.00
2016.09.06 10:49:50.055,1.15356,1.15358,1.12,1.00
2016.09.06 10:49:50.427,1.15356,1.1536,1.12,1.50
2016.09.06 10:49:50.478,1.15356,1.1536,1.87,1.50
2016.09.06 10:49:50.529,1.15357,1.1536,1.50,1.50
2016.09.06 10:49:50.631,1.15357,1.1536,2.25,1.50
2016.09.06 10:49:50.682,1.15358,1.1536,1.50,1.50
2016.09.06 10:49:50.734,1.15358,1.1536,1.50,1.00
2016.09.06 10:49:50.837,1.15358,1.15362,1.50,1.00
2016.09.06 10:49:50.888,1.1536,1.15362,1.00,1.00
2016.09.06 10:49:51.432,1.15359,1.15362,1.00,1.00
2016.09.06 10:49:53.378,1.1536,1.15363,1.50,1.00
2016.09.06 10:49:53.429,1.1536,1.15363,1.87,1.00
2016.09.06 10:49:53.480,1.15362,1.15363,1.00,1.00
2016.09.06 10:49:53.585,1.15362,1.15364,1.50,1.00
2016.09.06 10:49:53.687,1.15362,1.15364,1.00,1.00
2016.09.06 10:49:54.583,1.15361,1.15363,3.75,1.00
2016.09.06 10:49:54.634,1.15361,1.15363,1.50,1.00
2016.09.06 10:49:54.686,1.1536,1.15364,1.50,1.25
2016.09.06 10:49:54.737,1.1536,1.15362,1.00,1.00
2016.09.06 10:49:55.043,1.15359,1.15362,1.50,1.00
2016.09.06 10:49:55.093,1.15359,1.15362,2.25,1.00
2016.09.06 10:49:56.371,1.15359,1.15362,1.50,1.00
2016.09.06 10:49:56.422,1.15359,1.15364,1.50,1.00
2016.09.06 10:49:56.536,1.15363,1.15364,1.00,1.00
2016.09.06 10:49:56.590,1.15363,1.15365,1.50,1.00
2016.09.06 10:49:56.692,1.15363,1.15366,1.50,1.00
2016.09.06 10:49:56.846,1.15363,1.15366,1.00,1.00
2016.09.06 10:49:58.021,1.15363,1.15365,1.00,1.00
2016.09.06 10:49:58.072,1.15362,1.15365,3.00,1.00
2016.09.06 10:49:58.174,1.15362,1.15365,1.50,1.50
2016.09.06 10:49:58.225,1.15362,1.15365,1.12,1.50
2016.09.06 10:49:58.276,1.15361,1.15364,1.95,1.00
2016.09.06 10:49:58.327,1.15361,1.15364,1.87,1.00
2016.09.06 10:49:58.721,1.1536,1.15364,2.02,1.00
2016.09.06 10:49:58.923,1.1536,1.15363,1.95,1.00
2016.09.06 10:49:58.974,1.1536,1.15363,1.87,1.00
2016.09.06 10:49:59.391,1.1536,1.15365,1.87,1.50
2016.09.06 10:49:59.911,1.1536,1.15365,1.37,1.50
2016.09.06 10:50:00.474,1.1536,1.15364,1.37,1.00
2016.09.06 10:50:00.678,1.15361,1.15365,1.12,1.50
2016.09.06 10:50:00.729,1.15361,1.15363,1.12,1.00
2016.09.06 10:50:00.780,1.1536,1.15363,1.87,1.00
2016.09.06 10:50:01.043,1.1536,1.15362,1.50,1.00
2016.09.06 10:50:01.094,1.15359,1.15361,1.00,1.00
2016.09.06 10:50:02.122,1.15358,1.15361,3.37,1.00
2016.09.06 10:50:02.473,1.15358,1.15363,3.37,1.00
2016.09.06 10:50:02.525,1.15358,1.15363,2.62,1.00
2016.09.06 10:50:03.575,1.15358,1.15363,3.37,1.00
2016.09.06 10:50:05.371,1.15358,1.15363,3.00,1.00
2016.09.06 10:50:05.982,1.1536,1.15363,1.00,1.00
2016.09.06 10:50:06.515,1.1536,1.15364,1.00,1.00
2016.09.06 10:50:07.017,1.1536,1.15363,1.00,1.00
2016.09.06 10:50:08.058,1.1536,1.15362,1.00,1.00
2016.09.06 10:50:10.090,1.15358,1.15362,4.50,1.00
2016.09.06 10:50:10.192,1.1536,1.15362,1.00,1.00
2016.09.06 10:50:10.853,1.1536,1.15363,1.00,1.00
2016.09.06 10:50:11.126,1.15358,1.15363,4.50,1.00
2016.09.06 10:50:11.278,1.15358,1.15363,3.37,1.00
2016.09.06 10:50:11.737,1.15358,1.15363,3.00,1.00
2016.09.06 10:50:11.788,1.15358,1.15363,4.12,1.00
2016.09.06 10:50:11.839,1.15359,1.15363,1.00,1.00
2016.09.06 10:50:12.513,1.15358,1.15362,3.37,1.00
2016.09.06 10:50:12.564,1.15358,1.15362,2.25,1.00
2016.09.06 10:50:12.615,1.15359,1.15362,1.00,1.00
2016.09.06 10:50:12.834,1.15358,1.15362,2.25,1.00
2016.09.06 10:50:12.936,1.15358,1.15362,1.50,1.00
2016.09.06 10:50:13.318,1.15358,1.15362,1.00,1.00
2016.09.06 10:50:13.705,1.15358,1.15362,1.12,1.00
2016.09.06 10:50:14.303,1.15358,1.15362,1.87,1.00
2016.09.06 10:50:14.821,1.15358,1.15362,1.12,1.00
2016.09.06 10:50:15.145,1.15359,1.15362,1.00,1.00
2016.09.06 10:50:16.810,1.15359,1.15363,1.00,1.00
2016.09.06 10:50:19.824,1.15358,1.15362,1.87,1.00
2016.09.06 10:50:19.875,1.15358,1.15362,2.06,1.00
2016.09.06 10:50:20.793,1.15358,1.15363,2.06,1.00
2016.09.06 10:50:20.844,1.15358,1.15363,2.81,1.00
2016.09.06 10:50:20.946,1.15358,1.15363,2.06,1.00
2016.09.06 10:50:22.330,1.15358,1.15363,2.81,1.00
2016.09.06 10:50:22.869,1.15358,1.15362,1.25,1.00
2016.09.06 10:50:22.972,1.15358,1.15363,2.44,1.00
2016.09.06 10:50:23.023,1.15358,1.15363,1.69,1.00
2016.09.06 10:50:23.155,1.15358,1.15363,1.00,1.00
2016.09.06 10:50:23.223,1.15358,1.15363,1.50,1.00
2016.09.06 10:50:23.722,1.15358,1.15363,2.25,1.00
2016.09.06 10:50:24.329,1.15359,1.15363,1.00,1.00
2016.09.06 10:50:24.531,1.15358,1.15363,2.25,1.00
2016.09.06 10:50:24.835,1.15359,1.15363,1.00,1.00
2016.09.06 10:50:26.342,1.15358,1.15363,1.50,1.00
2016.09.06 10:50:26.428,1.15358,1.15363,1.00,1.00
2016.09.06 10:50:26.950,1.15358,1.15363,1.50,1.00
2016.09.06 10:50:29.954,1.15358,1.15363,1.00,1.00
2016.09.06 10:50:32.475,1.15358,1.15362,1.00,1.25
2016.09.06 10:50:32.526,1.15357,1.15362,2.32,1.25
2016.09.06 10:50:32.595,1.15357,1.15362,1.50,1.25
2016.09.06 10:50:32.647,1.15358,1.15363,1.00,1.00
2016.09.06 10:50:32.856,1.15357,1.15363,1.50,1.00
2016.09.06 10:50:33.441,1.15358,1.15363,1.00,1.00
2016.09.06 10:50:33.975,1.15358,1.15362,1.00,1.00
2016.09.06 10:50:34.939,1.15358,1.15363,1.00,1.00
2016.09.06 10:50:36.162,1.15358,1.15363,1.00,1.19
2016.09.06 10:50:36.264,1.15356,1.15361,1.84,1.00
2016.09.06 10:50:36.316,1.15356,1.15361,1.50,1.00
2016.09.06 10:50:36.404,1.15356,1.15361,1.00,1.00
2016.09.06 10:50:36.483,1.15355,1.1536,1.50,1.50
2016.09.06 10:50:36.586,1.15355,1.1536,1.50,1.00
2016.09.06 10:50:36.687,1.15355,1.1536,1.50,1.50
2016.09.06 10:50:36.983,1.15355,1.1536,1.50,1.00
2016.09.06 10:50:37.111,1.15355,1.1536,1.50,1.50
2016.09.06 10:50:37.376,1.15355,1.1536,1.50,1.00
2016.09.06 10:50:37.508,1.15355,1.1536,1.50,1.50
2016.09.06 10:50:37.702,1.15355,1.1536,1.50,1.00
2016.09.06 10:50:37.916,1.15355,1.1536,1.50,1.50
2016.09.06 10:50:38.017,1.15355,1.15358,1.00,1.00
2016.09.06 10:50:38.068,1.15354,1.15358,2.25,1.00
2016.09.06 10:50:38.173,1.15354,1.15357,1.50,1.00
2016.09.06 10:50:38.226,1.15352,1.15357,3.37,1.00
2016.09.06 10:50:38.277,1.15352,1.15357,1.50,1.00
2016.09.06 10:50:38.939,1.15352,1.15358,1.50,1.00
2016.09.06 10:50:38.990,1.15352,1.15358,2.62,1.00
2016.09.06 10:50:39.614,1.15352,1.15358,1.50,1.00
2016.09.06 10:50:39.665,1.15352,1.15358,1.50,1.25
2016.09.06 10:50:39.920,1.15352,1.15358,2.25,1.25
2016.09.06 10:50:40.033,1.15352,1.15358,3.37,1.00
2016.09.06 10:50:40.086,1.15353,1.15358,1.31,1.00
2016.09.06 10:50:40.868,1.15354,1.15358,1.00,1.00
2016.09.06 10:50:41.517,1.15354,1.15359,1.00,1.00
2016.09.06 10:50:42.021,1.15355,1.15359,1.00,1.00
2016.09.06 10:50:42.737,1.15355,1.1536,1.00,1.50
2016.09.06 10:50:42.838,1.15355,1.1536,1.00,2.25
2016.09.06 10:50:43.096,1.15355,1.1536,1.00,1.50
2016.09.06 10:50:43.329,1.15355,1.1536,1.00,2.25
2016.09.06 10:50:43.552,1.15355,1.1536,1.00,1.50
2016.09.06 10:50:43.934,1.15355,1.1536,1.00,2.25
2016.09.06 10:50:44.299,1.15355,1.1536,1.00,1.50
2016.09.06 10:50:44.539,1.15355,1.1536,1.00,2.25
2016.09.06 10:50:44.641,1.15355,1.1536,1.00,1.50
2016.09.06 10:50:44.692,1.15355,1.1536,1.00,1.69
2016.09.06 10:50:44.743,1.15355,1.15359,1.00,1.00
2016.09.06 10:50:44.935,1.15355,1.1536,1.00,2.44
2016.09.06 10:50:45.043,1.15355,1.1536,1.00,1.69
2016.09.06 10:50:45.200,1.15355,1.1536,1.00,2.44
2016.09.06 10:50:46.496,1.15354,1.1536,1.25,2.44
2016.09.06 10:50:46.749,1.15354,1.1536,1.25,1.69
2016.09.06 10:50:46.850,1.15354,1.1536,1.25,2.44
2016.09.06 10:50:47.076,1.15352,1.15356,1.39,1.00
2016.09.06 10:50:47.127,1.15351,1.15355,4.76,1.00
2016.09.06 10:50:47.178,1.1535,1.15352,3.94,1.25
2016.09.06 10:50:47.229,1.1535,1.15352,1.25,1.00
2016.09.06 10:50:47.280,1.1535,1.15351,1.00,1.00
2016.09.06 10:50:47.331,1.15347,1.1535,1.47,1.00
2016.09.06 10:50:47.382,1.15347,1.1535,1.37,1.00
2016.09.06 10:50:47.433,1.15347,1.15352,1.87,1.25
2016.09.06 10:50:47.484,1.15347,1.15354,1.12,1.00
2016.09.06 10:50:47.579,1.15347,1.15354,1.00,1.00
2016.09.06 10:50:47.630,1.15349,1.15354,1.00,1.00
2016.09.06 10:50:47.732,1.15349,1.15354,1.37,1.00
2016.09.06 10:50:48.280,1.15348,1.15354,1.62,1.00
2016.09.06 10:50:48.770,1.15347,1.1535,2.44,1.00
2016.09.06 10:50:48.835,1.15347,1.1535,1.69,1.00
2016.09.06 10:50:48.886,1.15346,1.15349,1.12,1.00
2016.09.06 10:50:48.938,1.15345,1.15348,1.57,1.00
2016.09.06 10:50:48.989,1.15345,1.15348,1.00,1.00
2016.09.06 10:50:49.956,1.15346,1.1535,1.00,1.50
2016.09.06 10:50:50.008,1.15346,1.1535,2.25,1.00
2016.09.06 10:50:50.061,1.15346,1.15351,2.25,1.00
2016.09.06 10:50:50.112,1.15348,1.15351,1.00,1.00
2016.09.06 10:50:50.642,1.15349,1.15352,1.00,1.00
2016.09.06 10:50:51.159,1.15348,1.15352,1.00,1.00
2016.09.06 10:50:52.510,1.15349,1.15353,1.00,1.00
2016.09.06 10:50:54.268,1.15348,1.15351,1.12,1.00
2016.09.06 10:50:54.319,1.15347,1.1535,1.50,1.00
2016.09.06 10:50:54.370,1.15347,1.1535,1.00,1.50
2016.09.06 10:50:54.471,1.15347,1.15349,1.00,1.00
2016.09.06 10:50:54.530,1.15345,1.15349,3.00,1.00
2016.09.06 10:50:54.581,1.15345,1.15349,2.25,1.00
2016.09.06 10:50:54.683,1.15345,1.15348,1.50,1.00
2016.09.06 10:50:54.784,1.15345,1.15348,1.00,1.00
2016.09.06 10:50:54.886,1.15345,1.15349,1.50,1.00
2016.09.06 10:50:54.987,1.15345,1.15351,3.00,1.50
2016.09.06 10:50:55.038,1.15345,1.1535,4.50,1.00
2016.09.06 10:50:55.089,1.15346,1.1535,1.87,1.00
2016.09.06 10:50:55.140,1.15346,1.15351,1.87,1.00
2016.09.06 10:50:55.191,1.15347,1.15352,1.00,1.00
2016.09.06 10:50:55.715,1.15348,1.15353,1.00,1.00
2016.09.06 10:50:55.978,1.15348,1.15353,1.50,1.00
2016.09.06 10:50:56.448,1.15348,1.15353,2.25,1.00
2016.09.06 10:50:56.499,1.1535,1.15353,1.00,1.00
2016.09.06 10:50:57.183,1.15349,1.15355,1.50,1.00
2016.09.06 10:50:57.234,1.15349,1.15355,1.00,1.50
2016.09.06 10:50:57.285,1.15349,1.15354,1.12,1.00
2016.09.06 10:50:58.041,1.15348,1.15354,2.25,1.00
2016.09.06 10:50:58.092,1.1535,1.15354,1.00,1.00
2016.09.06 10:50:58.397,1.15348,1.15354,2.25,1.00
2016.09.06 10:50:58.498,1.1535,1.15354,1.00,1.00
2016.09.06 10:50:58.886,1.15348,1.15353,1.50,1.00
2016.09.06 10:50:58.938,1.15348,1.15353,1.00,1.00
2016.09.06 10:50:59.522,1.15348,1.15353,1.50,1.00
2016.09.06 10:50:59.640,1.15348,1.15353,1.87,1.00
2016.09.06 10:50:59.691,1.15349,1.15353,1.00,1.00
2016.09.06 10:51:00.206,1.15349,1.15354,1.00,1.00
2016.09.06 10:51:00.525,1.15348,1.15354,3.00,1.00
2016.09.06 10:51:00.577,1.15348,1.15354,3.75,1.00
2016.09.06 10:51:00.945,1.15348,1.15353,3.00,1.00
2016.09.06 10:51:00.996,1.15348,1.15353,2.25,1.00
2016.09.06 10:51:01.198,1.15348,1.15353,1.50,1.00
2016.09.06 10:51:01.300,1.15348,1.15352,1.00,1.00
2016.09.06 10:51:01.402,1.15347,1.15352,1.10,1.00
2016.09.06 10:51:01.452,1.15346,1.15351,2.96,1.00
2016.09.06 10:51:01.503,1.15346,1.15351,2.59,1.00
2016.09.06 10:51:01.625,1.15346,1.15351,2.44,1.00
2016.09.06 10:51:01.997,1.15347,1.15351,1.00,1.00
2016.09.06 10:51:03.099,1.15346,1.15351,1.00,1.50
2016.09.06 10:51:03.150,1.15345,1.1535,3.37,1.50
2016.09.06 10:51:03.201,1.15345,1.1535,2.62,1.50
2016.09.06 10:51:03.252,1.15345,1.1535,2.62,1.00
2016.09.06 10:51:03.354,1.15345,1.1535,2.62,1.50
2016.09.06 10:51:03.506,1.15345,1.1535,3.37,1.50
2016.09.06 10:51:03.608,1.15345,1.1535,2.62,1.50
2016.09.06 10:51:03.659,1.15345,1.1535,2.25,1.00
2016.09.06 10:51:03.710,1.15345,1.1535,1.50,1.00
2016.09.06 10:51:03.813,1.15344,1.15349,1.00,1.00
2016.09.06 10:51:04.017,1.15343,1.15349,1.69,1.00
2016.09.06 10:51:04.118,1.15343,1.15349,2.44,1.00
2016.09.06 10:51:04.233,1.15343,1.15349,1.69,1.00
2016.09.06 10:51:05.196,1.15343,1.15349,1.25,1.00
2016.09.06 10:51:05.781,1.15343,1.15345,1.25,1.00
2016.09.06 10:51:05.832,1.15342,1.15345,1.19,1.00
2016.09.06 10:51:05.883,1.15341,1.15347,3.34,1.00
2016.09.06 10:51:05.934,1.15341,1.15347,3.26,1.00
2016.09.06 10:51:05.986,1.15341,1.15346,3.56,1.00
2016.09.06 10:51:06.037,1.15341,1.15346,2.81,1.00
2016.09.06 10:51:07.025,1.15341,1.15346,3.56,1.00
2016.09.06 10:51:07.127,1.15341,1.15346,2.81,1.00
2016.09.06 10:51:07.611,1.15346,1.15348,1.00,1.00
2016.09.06 10:51:07.916,1.15347,1.15349,1.00,1.25
2016.09.06 10:51:08.069,1.15347,1.1535,1.00,1.09
2016.09.06 10:51:08.149,1.15348,1.15351,1.00,2.32
2016.09.06 10:51:08.200,1.15348,1.15351,1.00,1.39
2016.09.06 10:51:08.252,1.15348,1.15351,1.00,1.19
2016.09.06 10:51:08.354,1.15349,1.15351,1.00,1.25
2016.09.06 10:51:08.405,1.15349,1.15351,1.00,1.00
2016.09.06 10:51:08.456,1.15349,1.15352,1.00,1.10
2016.09.06 10:51:09.015,1.15348,1.15352,1.00,1.10
2016.09.06 10:51:09.066,1.15349,1.15352,1.00,1.10
2016.09.06 10:51:09.117,1.1535,1.15353,1.00,7.20
2016.09.06 10:51:09.189,1.1535,1.15353,1.00,5.70
2016.09.06 10:51:09.240,1.1535,1.15352,1.00,1.12
2016.09.06 10:51:09.342,1.15351,1.15354,1.00,1.00
2016.09.06 10:51:09.393,1.15352,1.15355,1.00,1.20
2016.09.06 10:51:09.444,1.15353,1.15357,1.00,4.57
2016.09.06 10:51:09.495,1.15352,1.15355,1.00,1.00
2016.09.06 10:51:09.546,1.15352,1.15355,1.00,1.50
2016.09.06 10:51:09.598,1.15352,1.15354,1.00,1.00
2016.09.06 10:51:09.903,1.15351,1.15352,1.00,1.00
2016.09.06 10:51:10.286,1.1535,1.15353,1.50,1.00
2016.09.06 10:51:10.539,1.15352,1.15353,1.00,1.00
2016.09.06 10:51:10.793,1.15353,1.15355,1.00,1.00
2016.09.06 10:51:10.844,1.15353,1.15356,1.00,3.37
2016.09.06 10:51:10.895,1.15355,1.15357,1.00,2.02
2016.09.06 10:51:10.946,1.15355,1.15357,1.00,1.65
2016.09.06 10:51:11.018,1.15356,1.15359,1.00,2.25
2016.09.06 10:51:11.070,1.15357,1.15359,1.00,1.50
2016.09.06 10:51:11.121,1.15358,1.15359,1.00,1.12
2016.09.06 10:51:11.185,1.15358,1.1536,1.00,1.00
2016.09.06 10:51:11.288,1.15359,1.15361,1.00,1.10
2016.09.06 10:51:11.339,1.15359,1.15362,1.00,1.20
2016.09.06 10:51:11.390,1.1536,1.15362,1.50,1.20
2016.09.06 10:51:11.441,1.1536,1.15363,1.00,1.39
2016.09.06 10:51:11.594,1.15361,1.15363,1.00,1.10
2016.09.06 10:51:11.797,1.15361,1.15364,1.00,2.25
2016.09.06 10:51:12.723,1.15361,1.15364,1.00,1.50
2016.09.06 10:51:12.825,1.15361,1.15363,1.00,1.00
2016.09.06 10:51:13.280,1.15363,1.15366,1.00,4.57
2016.09.06 10:51:13.331,1.15363,1.15366,1.00,1.57
2016.09.06 10:51:13.433,1.15365,1.15368,1.00,1.95
2016.09.06 10:51:13.484,1.15366,1.15368,1.00,1.20
2016.09.06 10:51:13.535,1.15367,1.1537,1.00,2.77
2016.09.06 10:51:13.586,1.15367,1.1537,1.00,2.02
2016.09.06 10:51:13.638,1.15367,1.15371,1.00,1.95
2016.09.06 10:51:13.688,1.15367,1.15371,1.00,1.65
2016.09.06 10:51:13.740,1.15368,1.15371,1.00,1.10
2016.09.06 10:51:13.791,1.15369,1.15371,1.00,1.00
2016.09.06 10:51:13.843,1.15368,1.15371,1.00,1.12
2016.09.06 10:51:14.013,1.15367,1.15369,1.00,1.00
2016.09.06 10:51:14.321,1.15367,1.1537,1.00,2.06
2016.09.06 10:51:14.423,1.15367,1.15371,1.00,2.89
2016.09.06 10:51:14.474,1.15368,1.15371,1.00,1.57
2016.09.06 10:51:14.525,1.15366,1.15371,1.00,1.57
2016.09.06 10:51:14.628,1.15365,1.1537,1.50,1.00
2016.09.06 10:51:14.985,1.15365,1.1537,1.00,1.12
2016.09.06 10:51:15.037,1.15366,1.15369,1.00,1.00
2016.09.06 10:51:15.190,1.15365,1.15369,1.50,1.00
2016.09.06 10:51:15.293,1.15365,1.15369,1.00,1.00
2016.09.06 10:51:15.344,1.15364,1.15369,1.50,1.50
2016.09.06 10:51:15.396,1.15364,1.15369,1.00,2.25
2016.09.06 10:51:15.458,1.15363,1.15368,1.00,1.50
2016.09.06 10:51:15.542,1.15363,1.15368,1.00,1.69
2016.09.06 10:51:15.593,1.15363,1.15367,1.00,1.00
2016.09.06 10:51:16.105,1.15362,1.15366,1.00,1.00
2016.09.06 10:51:16.848,1.15363,1.15366,1.00,1.00
2016.09.06 10:51:16.950,1.15364,1.15367,1.00,1.65
2016.09.06 10:51:17.052,1.15364,1.15367,1.00,1.00
2016.09.06 10:51:17.952,1.15363,1.15367,1.00,1.00
2016.09.06 10:51:18.066,1.15362,1.15365,1.00,1.00
2016.09.06 10:51:18.117,1.15362,1.15367,1.00,1.00
2016.09.06 10:51:18.168,1.15362,1.15367,1.00,1.27
2016.09.06 10:51:18.220,1.15362,1.15368,1.00,3.37
2016.09.06 10:51:18.322,1.15363,1.15368,1.00,4.12
2016.09.06 10:51:18.373,1.15363,1.15368,1.00,5.62
2016.09.06 10:51:18.526,1.15363,1.15368,1.00,4.87
2016.09.06 10:51:19.207,1.15363,1.15367,1.00,1.20
2016.09.06 10:51:19.627,1.15363,1.15367,1.00,1.65
2016.09.06 10:51:19.841,1.15363,1.15366,1.00,1.00
2016.09.06 10:51:19.943,1.15365,1.15368,1.00,2.25
2016.09.06 10:51:19.994,1.15365,1.15368,1.50,2.25
2016.09.06 10:51:20.045,1.15366,1.15368,1.00,1.00
2016.09.06 10:51:20.096,1.15365,1.15368,1.00,1.00
2016.09.06 10:51:20.647,1.15365,1.15369,1.00,1.00
2016.09.06 10:51:20.800,1.15364,1.15369,1.50,1.50
2016.09.06 10:51:20.901,1.15364,1.15369,1.00,1.50
2016.09.06 10:51:21.058,1.15364,1.15369,1.00,1.00
2016.09.06 10:51:21.222,1.15364,1.15369,1.00,2.62
2016.09.06 10:51:22.036,1.15364,1.15368,1.00,1.00
2016.09.06 10:51:23.909,1.15363,1.15366,1.00,1.00
2016.09.06 10:51:23.963,1.15362,1.15366,1.00,2.62
2016.09.06 10:51:24.066,1.15362,1.15366,1.00,1.87
2016.09.06 10:51:24.168,1.15361,1.15365,1.00,2.62
2016.09.06 10:51:25.409,1.1536,1.15365,1.50,2.62
2016.09.06 10:51:25.759,1.1536,1.15365,1.00,2.62
2016.09.06 10:51:25.861,1.1536,1.15365,1.50,2.62
2016.09.06 10:51:25.912,1.1536,1.15365,1.00,2.62
2016.09.06 10:51:26.064,1.1536,1.15364,1.00,1.00
2016.09.06 10:51:26.115,1.1536,1.15364,1.50,1.00
2016.09.06 10:51:26.316,1.1536,1.15364,1.00,1.00
2016.09.06 10:51:26.417,1.1536,1.15364,1.50,1.00
2016.09.06 10:51:29.544,1.1536,1.15364,1.00,1.00
2016.09.06 10:51:29.646,1.1536,1.15364,1.50,1.00
2016.09.06 10:51:30.727,1.1536,1.15364,1.00,1.00
2016.09.06 10:51:31.257,1.1536,1.15364,1.50,1.00
2016.09.06 10:51:31.358,1.1536,1.15364,1.00,1.00
2016.09.06 10:51:31.569,1.1536,1.15365,1.50,1.00
2016.09.06 10:51:31.671,1.15361,1.15366,1.00,2.40
2016.09.06 10:51:31.985,1.15361,1.15366,1.00,1.65
2016.09.06 10:51:33.687,1.15361,1.15365,1.00,1.00
2016.09.06 10:51:34.368,1.15361,1.15366,1.00,3.90
2016.09.06 10:51:34.701,1.15362,1.15366,1.00,3.15
2016.09.06 10:51:34.752,1.15362,1.15366,1.00,2.02
2016.09.06 10:51:34.803,1.15363,1.15366,1.00,1.20
2016.09.06 10:51:34.854,1.15363,1.15367,1.00,3.75
2016.09.06 10:51:34.905,1.15363,1.15367,1.50,3.37
2016.09.06 10:51:34.956,1.15363,1.15367,1.50,1.50
2016.09.06 10:51:35.058,1.15363,1.15367,1.50,2.62
2016.09.06 10:51:35.657,1.15363,1.15367,1.50,1.87
2016.09.06 10:51:35.844,1.15363,1.15367,1.50,1.00
2016.09.06 10:51:35.895,1.15363,1.15367,1.00,1.00
2016.09.06 10:51:35.947,1.15363,1.15367,1.00,1.87
2016.09.06 10:51:35.998,1.15363,1.15367,1.00,2.62
2016.09.06 10:51:36.832,1.15363,1.15367,1.00,1.50
2016.09.06 10:51:37.062,1.15363,1.15367,1.00,1.00
2016.09.06 10:51:38.527,1.15363,1.15367,1.00,1.25
2016.09.06 10:51:40.115,1.15363,1.15367,1.00,1.19
2016.09.06 10:51:41.714,1.15363,1.15368,1.00,3.90
2016.09.06 10:51:41.938,1.15363,1.15367,1.00,1.31
2016.09.06 10:51:41.988,1.15363,1.15366,1.00,1.25
2016.09.06 10:51:42.242,1.15362,1.15366,1.00,1.19
2016.09.06 10:51:49.251,1.15362,1.15366,1.00,1.25
2016.09.06 10:51:49.302,1.15362,1.15367,1.00,2.89
2016.09.06 10:51:49.353,1.15362,1.15367,1.00,1.76
2016.09.06 10:51:49.404,1.15364,1.15368,1.00,1.84
2016.09.06 10:51:49.455,1.15363,1.15369,1.00,4.31
2016.09.06 10:51:49.553,1.15365,1.15369,1.00,2.81
2016.09.06 10:51:49.604,1.15365,1.15369,1.00,2.06
2016.09.06 10:51:49.655,1.15365,1.15369,1.00,1.69
2016.09.06 10:51:49.807,1.15365,1.15369,1.50,1.69
2016.09.06 10:51:49.919,1.15365,1.15369,1.00,1.19
2016.09.06 10:51:50.022,1.15365,1.15369,1.50,1.19
2016.09.06 10:51:50.074,1.15365,1.15369,1.00,1.19
2016.09.06 10:51:50.177,1.15365,1.15369,1.50,1.19
2016.09.06 10:51:50.229,1.15365,1.15369,2.25,1.00
2016.09.06 10:51:50.381,1.15365,1.1537,2.25,1.09
2016.09.06 10:51:50.512,1.15365,1.1537,1.50,1.09
2016.09.06 10:51:50.596,1.15365,1.15368,1.50,1.00
2016.09.06 10:51:50.698,1.15365,1.15368,1.00,1.00
2016.09.06 10:51:50.800,1.15365,1.15368,1.50,1.00
2016.09.06 10:51:51.004,1.15365,1.15368,1.00,1.00
2016.09.06 10:51:51.123,1.15365,1.15368,1.50,1.00
2016.09.06 10:51:51.523,1.15365,1.15368,1.00,1.00
2016.09.06 10:51:51.577,1.15365,1.15368,1.50,1.00
2016.09.06 10:51:51.678,1.15365,1.15368,1.00,1.00
2016.09.06 10:51:51.780,1.15365,1.15368,1.50,1.00
2016.09.06 10:51:51.919,1.15365,1.15368,1.00,1.00
2016.09.06 10:51:51.971,1.15365,1.15368,1.00,1.87
2016.09.06 10:51:52.022,1.15362,1.15367,1.50,1.00
2016.09.06 10:51:52.073,1.15362,1.15367,1.50,1.50
2016.09.06 10:51:52.124,1.15362,1.15366,1.00,1.00
2016.09.06 10:51:52.687,1.15362,1.15367,1.00,1.50
2016.09.06 10:51:52.788,1.15362,1.15367,1.00,1.00
2016.09.06 10:51:52.941,1.15362,1.15367,1.50,1.00
2016.09.06 10:51:53.093,1.15362,1.15368,1.50,2.51
2016.09.06 10:51:53.247,1.15364,1.15368,1.00,2.51
2016.09.06 10:51:53.298,1.15364,1.15368,1.00,1.76
2016.09.06 10:51:53.522,1.15365,1.15368,1.00,1.01
2016.09.06 10:51:53.573,1.15365,1.15369,1.00,1.39
2016.09.06 10:51:53.624,1.15365,1.1537,1.00,3.37
2016.09.06 10:51:53.730,1.15365,1.1537,1.50,1.20
2016.09.06 10:51:53.832,1.15365,1.1537,1.00,1.20
2016.09.06 10:51:53.883,1.15365,1.1537,1.50,1.20
2016.09.06 10:51:54.135,1.15365,1.1537,1.50,1.00
2016.09.06 10:51:54.786,1.15365,1.1537,1.50,1.50
2016.09.06 10:51:55.231,1.15365,1.1537,1.00,1.50
2016.09.06 10:51:55.286,1.15365,1.1537,1.50,1.50
2016.09.06 10:51:55.834,1.15365,1.1537,1.50,1.00
2016.09.06 10:51:55.885,1.15365,1.15369,1.50,1.12
2016.09.06 10:51:55.937,1.15365,1.15369,1.50,1.87
2016.09.06 10:51:56.058,1.15365,1.15369,1.00,2.25
2016.09.06 10:51:56.109,1.15365,1.15369,1.50,2.25
2016.09.06 10:51:56.634,1.15365,1.15369,1.00,2.25
2016.09.06 10:51:56.685,1.15364,1.15369,1.50,2.25
2016.09.06 10:51:56.736,1.15365,1.15369,1.00,2.25
2016.09.06 10:51:56.838,1.15364,1.15369,1.00,2.25
2016.09.06 10:51:56.940,1.15364,1.15368,1.00,1.00
2016.09.06 10:52:01.044,1.15362,1.15367,2.25,1.00
2016.09.06 10:52:01.095,1.15362,1.15367,1.50,1.50
2016.09.06 10:52:01.146,1.15362,1.15367,1.00,1.00
2016.09.06 10:52:01.197,1.15364,1.15368,1.00,1.87
2016.09.06 10:52:01.248,1.15364,1.15368,1.00,2.06
2016.09.06 10:52:01.299,1.15364,1.15368,1.00,1.25
2016.09.06 10:52:02.555,1.15364,1.15368,1.00,1.00
2016.09.06 10:52:04.634,1.15364,1.15369,1.00,1.50
2016.09.06 10:52:04.853,1.15364,1.15369,1.00,1.69
2016.09.06 10:52:05.059,1.15364,1.15369,1.00,1.50
2016.09.06 10:52:05.161,1.15364,1.15369,1.00,1.69
2016.09.06 10:52:05.212,1.15364,1.15367,1.00,1.00
2016.09.06 10:52:05.314,1.15363,1.15368,1.00,3.94
2016.09.06 10:52:05.445,1.15363,1.15368,1.00,3.00
2016.09.06 10:52:06.214,1.15363,1.15368,1.00,2.25
2016.09.06 10:52:06.572,1.15363,1.15368,1.00,1.12
2016.09.06 10:52:06.850,1.15363,1.15369,1.00,4.87
2016.09.06 10:52:08.759,1.15363,1.15369,1.00,5.06
2016.09.06 10:52:09.162,1.15363,1.15368,1.00,1.12
2016.09.06 10:52:09.213,1.15364,1.15369,1.50,3.56
2016.09.06 10:52:09.264,1.15364,1.1537,1.50,2.96
2016.09.06 10:52:09.341,1.15364,1.1537,1.50,2.59
2016.09.06 10:52:09.392,1.15364,1.1537,1.00,2.06
2016.09.06 10:52:09.596,1.15364,1.15369,1.00,1.25
2016.09.06 10:52:09.648,1.15364,1.15369,1.00,1.69
2016.09.06 10:52:09.813,1.15364,1.15369,1.00,1.25
2016.09.06 10:52:10.568,1.15362,1.15369,2.25,1.69
2016.09.06 10:52:10.619,1.15362,1.15368,1.50,1.00
2016.09.06 10:52:10.670,1.15363,1.15368,1.00,2.81
2016.09.06 10:52:10.721,1.15363,1.15368,1.00,3.56
2016.09.06 10:52:10.975,1.15363,1.15368,1.00,2.81
2016.09.06 10:52:11.076,1.15363,1.15368,1.00,1.69
2016.09.06 10:52:11.127,1.15364,1.15369,1.00,4.69
2016.09.06 10:52:11.197,1.15364,1.15369,1.00,3.56
2016.09.06 10:52:11.249,1.15364,1.15369,1.00,2.44
2016.09.06 10:52:11.300,1.15364,1.15368,1.00,1.25
2016.09.06 10:52:11.402,1.15362,1.15366,1.00,1.00
2016.09.06 10:52:11.453,1.15361,1.15366,1.50,1.19
2016.09.06 10:52:11.505,1.1536,1.15365,3.00,1.25
2016.09.06 10:52:11.557,1.15364,1.15366,1.00,1.87
2016.09.06 10:52:11.608,1.15364,1.15366,1.00,1.12
2016.09.06 10:52:11.660,1.15364,1.15367,1.00,1.10
2016.09.06 10:52:11.762,1.15364,1.15369,1.00,1.31
2016.09.06 10:52:11.813,1.15364,1.1537,1.00,2.51
2016.09.06 10:52:11.864,1.15364,1.1537,1.00,1.69
2016.09.06 10:52:12.202,1.15365,1.1537,1.50,1.69
2016.09.06 10:52:12.254,1.15366,1.1537,1.00,1.25
2016.09.06 10:52:12.716,1.15365,1.1537,1.00,1.25
2016.09.06 10:52:13.057,1.15364,1.1537,1.50,1.25
2016.09.06 10:52:13.159,1.15365,1.1537,1.00,1.25
2016.09.06 10:52:13.469,1.15364,1.1537,1.50,1.25
2016.09.06 10:52:13.576,1.15368,1.1537,1.00,1.25
2016.09.06 10:52:13.640,1.15368,1.15371,1.00,1.00
2016.09.06 10:52:14.268,1.15367,1.15371,1.00,1.00
2016.09.06 10:52:14.935,1.15367,1.15371,1.50,1.00
2016.09.06 10:52:15.186,1.15368,1.15371,1.00,1.00
2016.09.06 10:52:15.288,1.1537,1.15373,1.00,3.26
2016.09.06 10:52:15.339,1.1537,1.15374,1.00,2.44
2016.09.06 10:52:15.390,1.1537,1.15374,1.00,1.12
2016.09.06 10:52:15.441,1.15369,1.15375,2.25,2.14
2016.09.06 10:52:15.494,1.15369,1.15375,2.25,1.62
2016.09.06 10:52:15.559,1.1537,1.15376,1.00,3.94
2016.09.06 10:52:15.786,1.15369,1.15376,2.25,3.94
2016.09.06 10:52:15.888,1.15369,1.15376,2.25,1.69
2016.09.06 10:52:15.943,1.1537,1.15376,1.00,1.69
2016.09.06 10:52:16.045,1.15371,1.15376,1.00,2.44
2016.09.06 10:52:17.016,1.1537,1.15375,1.50,1.69
2016.09.06 10:52:17.067,1.1537,1.15375,1.50,1.50
2016.09.06 10:52:17.271,1.1537,1.15375,1.50,1.69
2016.09.06 10:52:17.323,1.1537,1.15375,1.00,1.69
2016.09.06 10:52:17.374,1.15368,1.15375,1.00,2.81
2016.09.06 10:52:17.426,1.15368,1.15374,1.00,1.00
2016.09.06 10:52:17.945,1.15368,1.15375,1.00,2.89
2016.09.06 10:52:18.675,1.15368,1.15374,1.00,2.06
2016.09.06 10:52:18.726,1.15368,1.15374,1.00,2.81
2016.09.06 10:52:18.827,1.15369,1.15374,1.00,2.81
2016.09.06 10:52:18.878,1.15367,1.15374,1.00,1.69
2016.09.06 10:52:18.929,1.15367,1.15372,1.00,1.25
2016.09.06 10:52:19.031,1.15366,1.15373,1.00,3.19
2016.09.06 10:52:19.082,1.15366,1.15373,1.00,4.69
2016.09.06 10:52:19.338,1.15368,1.15373,1.00,2.81
2016.09.06 10:52:19.476,1.15368,1.15373,1.00,2.44
2016.09.06 10:52:20.019,1.15368,1.15373,1.00,1.69
2016.09.06 10:52:22.244,1.15368,1.15373,1.00,2.06
2016.09.06 10:52:22.295,1.15368,1.15373,1.00,2.25
2016.09.06 10:52:23.626,1.15367,1.15372,1.00,1.00
2016.09.06 10:52:24.514,1.15367,1.15372,1.00,1.50
2016.09.06 10:52:25.603,1.15367,1.15372,1.00,1.00
2016.09.06 10:52:25.887,1.15367,1.15373,1.00,1.50
2016.09.06 10:52:25.938,1.15367,1.15373,1.00,1.00
2016.09.06 10:52:26.234,1.15366,1.15371,1.00,1.00
2016.09.06 10:52:26.284,1.15365,1.1537,1.50,1.00
2016.09.06 10:52:26.335,1.15365,1.15369,1.00,1.00
2016.09.06 10:52:26.538,1.15365,1.15369,1.00,1.50
2016.09.06 10:52:26.741,1.15365,1.15369,1.00,1.00
2016.09.06 10:52:26.842,1.15365,1.1537,1.00,1.50
2016.09.06 10:52:26.893,1.15364,1.1537,1.50,1.00
2016.09.06 10:52:26.944,1.15364,1.1537,2.25,1.00
2016.09.06 10:52:26.995,1.15366,1.1537,1.00,1.00
2016.09.06 10:52:27.046,1.15366,1.15371,1.00,2.70
2016.09.06 10:52:27.147,1.15366,1.15371,1.00,1.95
2016.09.06 10:52:27.252,1.15366,1.15371,1.00,2.70
2016.09.06 10:52:27.508,1.15368,1.15372,1.00,1.20
2016.09.06 10:52:27.560,1.15368,1.15373,1.00,1.50
2016.09.06 10:52:27.611,1.15368,1.15374,1.00,1.95
2016.09.06 10:52:27.662,1.15368,1.15374,1.00,1.20
2016.09.06 10:52:27.713,1.15368,1.15374,1.00,1.10
2016.09.06 10:52:27.764,1.15368,1.15374,1.00,1.00
2016.09.06 10:52:28.245,1.15368,1.15375,1.00,3.45
2016.09.06 10:52:28.334,1.15368,1.15375,1.00,4.20
2016.09.06 10:52:28.407,1.15368,1.15374,1.00,1.50
2016.09.06 10:52:28.457,1.15368,1.15372,1.00,1.00
2016.09.06 10:52:28.964,1.15367,1.15372,1.00,1.50
2016.09.06 10:52:29.015,1.15367,1.15372,1.00,2.25
2016.09.06 10:52:29.117,1.15367,1.15372,1.00,1.50
2016.09.06 10:52:29.167,1.15365,1.15372,2.44,1.00
2016.09.06 10:52:29.544,1.15368,1.15373,1.00,2.32
2016.09.06 10:52:29.595,1.15369,1.15373,1.25,1.57
2016.09.06 10:52:29.646,1.15369,1.15374,1.25,1.27
2016.09.06 10:52:29.697,1.15369,1.15374,1.25,1.20
2016.09.06 10:52:29.748,1.15369,1.15374,1.25,1.10
2016.09.06 10:52:29.799,1.15369,1.15374,1.25,1.00
2016.09.06 10:52:31.121,1.15368,1.15373,1.00,1.00
2016.09.06 10:52:31.190,1.15367,1.15372,1.25,1.50
2016.09.06 10:52:31.241,1.15366,1.15372,1.01,2.62
2016.09.06 10:52:31.343,1.15365,1.15372,1.69,2.62
2016.09.06 10:52:31.564,1.15365,1.15372,1.19,2.62
2016.09.06 10:52:31.615,1.15365,1.15372,1.69,1.50
2016.09.06 10:52:31.717,1.15365,1.15372,1.19,1.50
2016.09.06 10:52:31.819,1.15365,1.15371,1.69,1.00
2016.09.06 10:52:32.026,1.15365,1.15371,1.19,1.00
2016.09.06 10:52:32.136,1.15365,1.15371,1.69,1.00
2016.09.06 10:52:32.244,1.15364,1.15369,2.44,1.00
2016.09.06 10:52:32.295,1.15364,1.15369,1.69,1.00
2016.09.06 10:52:32.346,1.15365,1.1537,1.50,1.00
2016.09.06 10:52:32.397,1.15365,1.15369,1.00,1.50
2016.09.06 10:52:32.448,1.15365,1.15369,1.00,1.00
2016.09.06 10:52:32.567,1.15365,1.15372,1.00,4.50
2016.09.06 10:52:32.618,1.15367,1.15372,1.00,2.62
2016.09.06 10:52:32.669,1.15367,1.15372,1.00,1.50
2016.09.06 10:52:33.024,1.15367,1.15372,1.25,1.50
2016.09.06 10:52:33.075,1.15368,1.15372,1.00,1.00
2016.09.06 10:52:33.680,1.15367,1.15373,1.25,1.00
2016.09.06 10:52:34.062,1.15368,1.15373,1.00,1.00
2016.09.06 10:52:34.655,1.15368,1.15373,1.00,1.00
2016.09.06 10:52:35.751,1.15368,1.15372,1.00,1.00
2016.09.06 10:52:36.758,1.15368,1.15373,1.00,1.50
2016.09.06 10:52:38.171,1.15368,1.15373,1.00,1.00
2016.09.06 10:52:39.996,1.15368,1.15373,1.00,1.50
2016.09.06 10:52:40.859,1.15368,1.15374,1.50,1.50
2016.09.06 10:52:40.910,1.15368,1.15374,1.69,1.50
2016.09.06 10:52:40.961,1.15368,1.15375,1.19,3.00
2016.09.06 10:52:41.012,1.15368,1.15375,1.19,2.25
2016.09.06 10:52:41.164,1.15368,1.15375,1.69,2.25
2016.09.06 10:52:41.215,1.1537,1.15375,1.00,2.25
2016.09.06 10:52:41.266,1.1537,1.15375,1.00,1.00
2016.09.06 10:52:41.570,1.1537,1.15375,1.00,1.50
2016.09.06 10:52:41.873,1.1537,1.15375,1.00,1.00
2016.09.06 10:52:44.014,1.15369,1.15375,1.25,1.00
2016.09.06 10:52:47.358,1.15369,1.15375,1.25,1.25
2016.09.06 10:52:49.372,1.1537,1.15375,1.00,1.25
2016.09.06 10:52:49.474,1.15368,1.15375,1.69,1.00
2016.09.06 10:52:49.525,1.15368,1.15375,1.69,1.50
2016.09.06 10:52:49.576,1.15368,1.15375,1.69,2.44
2016.09.06 10:52:49.627,1.15368,1.15375,1.25,2.44
2016.09.06 10:52:49.733,1.15368,1.15374,1.25,1.25
2016.09.06 10:52:49.785,1.15368,1.15374,1.25,1.00
2016.09.06 10:52:50.063,1.15368,1.15374,1.25,1.25
2016.09.06 10:52:50.167,1.15369,1.15374,1.00,2.06
2016.09.06 10:52:50.218,1.15366,1.15372,1.69,1.31
2016.09.06 10:52:50.268,1.15366,1.15373,1.69,2.25
2016.09.06 10:52:50.319,1.15366,1.15373,1.19,2.25
2016.09.06 10:52:50.370,1.15366,1.15373,1.19,2.44
2016.09.06 10:52:50.421,1.15366,1.15373,1.19,1.69
2016.09.06 10:52:50.574,1.15366,1.15373,1.19,2.44
2016.09.06 10:52:50.681,1.15368,1.15373,1.00,2.44
2016.09.06 10:52:51.955,1.15368,1.15373,1.00,1.69
2016.09.06 10:52:52.118,1.15368,1.15373,1.00,1.50
2016.09.06 10:52:52.170,1.15369,1.15373,1.00,1.00
2016.09.06 10:52:52.221,1.15368,1.15374,1.00,2.70
2016.09.06 10:52:52.272,1.15368,1.15374,1.19,1.10
2016.09.06 10:52:52.323,1.15368,1.15374,1.19,1.00
2016.09.06 10:52:52.374,1.15369,1.15374,1.25,1.00
2016.09.06 10:52:52.698,1.15369,1.15374,1.69,1.00
2016.09.06 10:52:53.230,1.15369,1.15375,1.69,1.00
2016.09.06 10:52:53.675,1.15369,1.15375,1.19,1.00
2016.09.06 10:52:53.888,1.1537,1.15375,1.25,1.00
2016.09.06 10:52:54.242,1.1537,1.15375,1.25,1.25
2016.09.06 10:52:55.572,1.1537,1.15375,1.25,1.19
2016.09.06 10:52:56.148,1.1537,1.15375,1.25,2.44
2016.09.06 10:52:56.199,1.15369,1.15374,1.19,1.25
2016.09.06 10:52:56.251,1.15367,1.15374,3.19,1.25
2016.09.06 10:52:56.302,1.15368,1.15373,1.19,1.50
2016.09.06 10:52:56.353,1.15368,1.15373,1.25,2.25
2016.09.06 10:52:56.454,1.15368,1.15373,1.25,2.44
2016.09.06 10:52:57.494,1.15368,1.15373,1.25,1.69
2016.09.06 10:52:59.291,1.15368,1.15373,1.12,1.00
2016.09.06 10:52:59.352,1.15369,1.15374,1.56,2.32
2016.09.06 10:52:59.403,1.15369,1.15374,1.75,1.10
2016.09.06 10:52:59.454,1.15371,1.15375,1.19,1.20
2016.09.06 10:52:59.505,1.15371,1.15376,1.37,1.12
2016.09.06 10:52:59.556,1.15371,1.15376,2.62,1.00
2016.09.06 10:52:59.607,1.15373,1.15376,1.19,1.00
2016.09.06 10:52:59.658,1.15373,1.15378,1.19,2.32
2016.09.06 10:52:59.709,1.15373,1.15378,1.19,1.50
2016.09.06 10:53:02.179,1.15373,1.15378,1.25,1.50
2016.09.06 10:53:03.314,1.15373,1.15378,1.25,1.00
2016.09.06 10:53:03.616,1.15377,1.1538,1.00,2.40
2016.09.06 10:53:03.668,1.15378,1.1538,1.56,1.20
2016.09.06 10:53:03.720,1.15378,1.15382,2.25,1.50
2016.09.06 10:53:03.772,1.15379,1.15384,1.37,1.00
2016.09.06 10:53:03.831,1.15378,1.15386,2.25,3.00
2016.09.06 10:53:03.883,1.15378,1.15386,1.87,2.32
2016.09.06 10:53:03.935,1.15378,1.15386,1.87,1.57
2016.09.06 10:53:03.985,1.15378,1.15385,1.87,1.00
2016.09.06 10:53:04.037,1.15378,1.15385,1.87,1.50
2016.09.06 10:53:04.088,1.15378,1.15383,1.87,1.00
2016.09.06 10:53:04.139,1.15378,1.15383,2.25,1.00
2016.09.06 10:53:04.754,1.15378,1.15383,1.50,1.00
2016.09.06 10:53:05.166,1.15377,1.15383,4.12,1.00
2016.09.06 10:53:05.452,1.15377,1.15383,4.87,1.00
2016.09.06 10:53:05.649,1.15377,1.15383,4.12,1.00
2016.09.06 10:53:05.750,1.15377,1.15383,3.37,1.00
2016.09.06 10:53:05.818,1.15377,1.15383,2.25,1.00
2016.09.06 10:53:06.049,1.15377,1.15383,1.87,1.00
2016.09.06 10:53:07.155,1.15377,1.15381,1.37,1.00
2016.09.06 10:53:07.206,1.15377,1.15381,1.44,1.00
2016.09.06 10:53:07.257,1.15377,1.15382,1.87,1.00
2016.09.06 10:53:07.309,1.15377,1.15382,2.62,1.00
2016.09.06 10:53:07.462,1.15377,1.15382,1.87,1.00
2016.09.06 10:53:08.328,1.15377,1.15381,1.44,1.00
2016.09.06 10:53:09.673,1.15377,1.15383,1.44,1.50
2016.09.06 10:53:09.775,1.15377,1.15383,1.87,1.50
2016.09.06 10:53:10.134,1.15377,1.15382,1.87,1.00
2016.09.06 10:53:10.185,1.15377,1.15382,1.44,1.00
2016.09.06 10:53:10.353,1.15377,1.15382,1.87,1.00
2016.09.06 10:53:10.506,1.15377,1.15382,1.87,1.50
2016.09.06 10:53:10.805,1.15378,1.15382,1.25,1.00
2016.09.06 10:53:10.958,1.15377,1.15382,1.44,1.00
2016.09.06 10:53:11.218,1.15377,1.15383,1.44,1.50
2016.09.06 10:53:11.446,1.15377,1.15383,1.87,1.00
2016.09.06 10:53:11.548,1.15378,1.15383,1.25,1.50
2016.09.06 10:53:11.813,1.15379,1.15382,1.00,1.00
2016.09.06 10:53:11.863,1.15379,1.15382,1.25,1.00
2016.09.06 10:53:12.378,1.15379,1.15383,1.25,1.00
2016.09.06 10:53:12.790,1.15379,1.15383,1.19,1.00
2016.09.06 10:53:12.841,1.15379,1.15383,1.37,1.00
2016.09.06 10:53:12.892,1.15378,1.15383,1.87,1.00
2016.09.06 10:53:12.943,1.15378,1.15383,1.37,1.00
2016.09.06 10:53:12.994,1.15378,1.15383,1.87,1.50
2016.09.06 10:53:13.096,1.15378,1.15383,1.69,1.50
2016.09.06 10:53:13.198,1.15378,1.15383,1.69,2.25
2016.09.06 10:53:13.249,1.15377,1.15382,1.25,1.00
2016.09.06 10:53:13.609,1.15377,1.15382,1.25,1.50
2016.09.06 10:53:13.922,1.15377,1.15382,1.25,1.00
2016.09.06 10:53:14.802,1.15377,1.15382,1.12,1.00
2016.09.06 10:53:17.082,1.15377,1.15382,1.25,1.00
2016.09.06 10:53:24.107,1.15377,1.15383,1.12,1.20
2016.09.06 10:53:24.259,1.15378,1.15383,1.00,1.20
2016.09.06 10:53:24.310,1.15378,1.15383,1.25,1.20
2016.09.06 10:53:24.412,1.15378,1.15383,1.25,1.10
2016.09.06 10:53:24.463,1.15378,1.15383,1.25,1.00
2016.09.06 10:53:25.879,1.15378,1.15383,1.00,1.00
2016.09.06 10:53:27.711,1.15376,1.15382,1.37,1.00
2016.09.06 10:53:27.763,1.15375,1.15382,3.82,1.50
2016.09.06 10:53:27.814,1.15375,1.15382,3.07,1.50
2016.09.06 10:53:27.864,1.15375,1.15382,2.62,1.50
2016.09.06 10:53:27.915,1.15375,1.15382,2.62,2.25
2016.09.06 10:53:28.018,1.15376,1.15382,1.44,2.25
2016.09.06 10:53:28.221,1.15377,1.15382,1.25,2.25
2016.09.06 10:53:28.329,1.15376,1.15382,1.44,1.50
2016.09.06 10:53:28.484,1.15377,1.15382,1.25,1.50
2016.09.06 10:53:28.535,1.15375,1.15382,3.37,1.00
2016.09.06 10:53:28.688,1.15376,1.15382,1.44,1.00
2016.09.06 10:53:28.739,1.15376,1.15382,1.44,1.50
2016.09.06 10:53:28.942,1.15377,1.15382,1.25,1.50
2016.09.06 10:53:29.515,1.15376,1.15381,1.44,1.00
2016.09.06 10:53:30.764,1.15377,1.15382,1.25,1.50
2016.09.06 10:53:31.021,1.15376,1.15382,1.44,1.50
2016.09.06 10:53:31.474,1.15377,1.15382,1.25,1.50
2016.09.06 10:53:31.583,1.15376,1.15382,1.44,1.50
2016.09.06 10:53:31.685,1.15375,1.15382,1.87,1.50
2016.09.06 10:53:31.800,1.15375,1.1538,2.62,1.00
2016.09.06 10:53:31.851,1.15375,1.1538,1.87,1.00
2016.09.06 10:53:31.902,1.15375,1.1538,1.44,1.00
2016.09.06 10:53:32.004,1.15375,1.15382,1.87,2.70
2016.09.06 10:53:32.326,1.15375,1.1538,1.87,1.00
2016.09.06 10:53:32.580,1.15375,1.1538,1.87,1.50
2016.09.06 10:53:32.681,1.15377,1.1538,1.00,1.00
2016.09.06 10:53:32.732,1.15377,1.15382,1.25,3.07
2016.09.06 10:53:32.816,1.15377,1.15382,1.25,2.32
2016.09.06 10:53:32.882,1.15378,1.15383,1.25,1.50
2016.09.06 10:53:33.237,1.15379,1.15383,1.00,1.00
2016.09.06 10:53:33.530,1.15378,1.15383,1.25,1.00
2016.09.06 10:53:33.682,1.15378,1.15384,1.25,1.65
2016.09.06 10:53:34.194,1.15378,1.15384,1.25,2.40
2016.09.06 10:53:35.476,1.15378,1.15384,1.00,2.40
2016.09.06 10:53:36.220,1.15378,1.15383,1.00,1.00
2016.09.06 10:53:37.022,1.15378,1.15384,1.00,2.25
2016.09.06 10:53:37.073,1.15378,1.15384,1.00,1.50
2016.09.06 10:53:37.124,1.15379,1.15385,1.19,4.27
2016.09.06 10:53:37.175,1.1538,1.15385,1.25,3.82
2016.09.06 10:53:37.226,1.1538,1.15385,1.25,2.25
2016.09.06 10:53:37.277,1.1538,1.15385,1.25,1.50
2016.09.06 10:53:38.269,1.15379,1.15385,1.19,2.25
2016.09.06 10:53:38.323,1.15379,1.15384,1.19,1.00
2016.09.06 10:53:38.554,1.15379,1.15384,1.19,1.50
2016.09.06 10:53:38.715,1.15379,1.15384,1.19,2.25
2016.09.06 10:53:39.495,1.15377,1.15382,1.19,1.00
2016.09.06 10:53:39.546,1.15376,1.15382,1.25,1.50
2016.09.06 10:53:39.597,1.15375,1.15381,3.26,1.19
2016.09.06 10:53:39.648,1.15375,1.15381,3.19,1.69
2016.09.06 10:53:39.699,1.15375,1.15381,2.44,1.69
2016.09.06 10:53:39.750,1.15375,1.15381,2.44,1.19
2016.09.06 10:53:39.902,1.15375,1.15381,1.69,1.19
2016.09.06 10:53:39.953,1.15375,1.1538,1.69,1.25
2016.09.06 10:53:40.153,1.15375,1.1538,1.19,1.25
2016.09.06 10:53:40.206,1.15375,1.1538,1.69,1.25
2016.09.06 10:53:40.426,1.15375,1.1538,1.69,1.69
2016.09.06 10:53:40.595,1.15375,1.1538,1.69,1.25
2016.09.06 10:53:40.747,1.15375,1.1538,1.19,1.25
2016.09.06 10:53:40.798,1.15374,1.1538,1.69,1.25
2016.09.06 10:53:40.951,1.15375,1.15381,1.19,1.69
2016.09.06 10:53:41.103,1.15375,1.15381,1.69,1.50
2016.09.06 10:53:41.214,1.15375,1.15381,1.19,2.25
2016.09.06 10:53:41.322,1.15375,1.15381,1.69,2.25
2016.09.06 10:53:41.395,1.15375,1.15379,1.19,1.00
2016.09.06 10:53:41.446,1.15374,1.15379,1.19,1.00
2016.09.06 10:53:41.497,1.15373,1.15379,1.69,1.25
2016.09.06 10:53:41.548,1.15373,1.15379,1.19,1.25
2016.09.06 10:53:41.599,1.15373,1.15379,1.19,1.69
2016.09.06 10:53:41.650,1.15373,1.15379,1.19,2.44
2016.09.06 10:53:42.528,1.15373,1.15378,1.19,1.00
2016.09.06 10:53:42.883,1.15373,1.15378,1.19,1.50
2016.09.06 10:53:42.934,1.15373,1.15378,1.19,1.00
2016.09.06 10:53:42.985,1.15373,1.15379,1.00,2.25
2016.09.06 10:53:43.550,1.15372,1.15379,1.69,2.25
2016.09.06 10:53:43.600,1.15371,1.15379,1.19,2.44
2016.09.06 10:53:43.651,1.15372,1.15377,1.25,1.00
2016.09.06 10:53:43.854,1.15372,1.15377,1.25,1.50
2016.09.06 10:53:43.905,1.15372,1.15376,1.25,1.00
2016.09.06 10:53:44.007,1.15372,1.15377,1.25,1.00
2016.09.06 10:53:44.160,1.15372,1.15378,1.25,1.84
2016.09.06 10:53:45.055,1.15375,1.15378,1.00,1.09
2016.09.06 10:53:45.106,1.15375,1.15379,1.00,1.12
2016.09.06 10:53:45.157,1.15375,1.1538,1.00,1.57
2016.09.06 10:53:45.208,1.15376,1.15381,1.00,2.51
2016.09.06 10:53:45.259,1.15377,1.15381,1.25,1.01
2016.09.06 10:53:45.310,1.15376,1.15381,1.19,1.00
2016.09.06 10:53:45.614,1.15377,1.15382,1.25,2.51
2016.09.06 10:53:45.718,1.15377,1.15382,1.25,1.76
2016.09.06 10:53:45.819,1.15377,1.15382,1.25,1.50
2016.09.06 10:53:46.180,1.15377,1.15382,1.25,1.00
2016.09.06 10:53:48.411,1.15378,1.15383,1.00,2.51
2016.09.06 10:53:48.462,1.15378,1.15383,1.00,1.76
2016.09.06 10:53:49.164,1.15377,1.15382,1.25,1.00
2016.09.06 10:53:49.215,1.15376,1.15381,1.19,1.00
2016.09.06 10:53:49.266,1.15376,1.15381,1.25,1.50
2016.09.06 10:53:49.374,1.15375,1.1538,1.69,1.50
2016.09.06 10:53:49.426,1.15375,1.1538,1.69,2.44
2016.09.06 10:53:49.527,1.15375,1.1538,1.19,2.44
2016.09.06 10:53:49.736,1.15373,1.15379,1.69,1.25
2016.09.06 10:53:49.787,1.15372,1.15377,1.69,1.00
2016.09.06 10:53:49.889,1.15372,1.15377,1.31,1.00
2016.09.06 10:53:49.940,1.15372,1.15377,1.19,1.00
2016.09.06 10:53:50.143,1.15372,1.15377,1.19,1.50
2016.09.06 10:53:50.575,1.15372,1.15377,1.19,1.00
2016.09.06 10:53:50.838,1.15373,1.15378,1.25,1.25
2016.09.06 10:53:50.940,1.15374,1.15379,1.00,1.84
2016.09.06 10:53:51.042,1.15374,1.15379,1.00,1.39
2016.09.06 10:53:51.093,1.15374,1.1538,1.00,3.94
2016.09.06 10:53:51.195,1.15373,1.1538,1.25,3.94
2016.09.06 10:53:51.246,1.15373,1.1538,1.00,3.94
2016.09.06 10:53:51.359,1.15373,1.1538,1.00,4.69
2016.09.06 10:53:51.689,1.15373,1.1538,1.19,4.69
2016.09.06 10:53:52.224,1.15373,1.1538,1.19,3.94
2016.09.06 10:53:52.324,1.15373,1.1538,1.19,4.69
2016.09.06 10:53:52.550,1.15373,1.1538,1.19,3.94
2016.09.06 10:53:53.026,1.15373,1.1538,1.19,4.69
2016.09.06 10:53:53.194,1.15373,1.15378,1.19,1.25
2016.09.06 10:53:53.355,1.15374,1.15378,1.25,1.25
2016.09.06 10:53:56.435,1.15374,1.15379,1.25,1.84
2016.09.06 10:53:56.935,1.15375,1.15379,1.00,1.84
2016.09.06 10:53:57.038,1.15375,1.15379,1.00,1.39
2016.09.06 10:53:57.593,1.15374,1.15379,1.25,1.84
2016.09.06 10:53:57.695,1.15373,1.15379,1.19,1.84
2016.09.06 10:53:57.796,1.15373,1.15379,1.19,2.21
2016.09.06 10:53:58.131,1.15373,1.15378,1.19,1.19
2016.09.06 10:53:58.634,1.15372,1.15378,1.19,1.19
2016.09.06 10:53:58.735,1.15373,1.15378,1.19,1.00
2016.09.06 10:54:00.280,1.15373,1.15378,1.19,1.50
2016.09.06 10:54:00.330,1.15372,1.15378,1.69,1.00
2016.09.06 10:54:00.426,1.15372,1.15379,1.69,2.32
2016.09.06 10:54:00.478,1.15372,1.15378,1.69,1.00
2016.09.06 10:54:00.530,1.15372,1.15377,1.19,1.00
2016.09.06 10:54:00.787,1.15371,1.15376,1.00,1.00
2016.09.06 10:54:01.899,1.15371,1.15377,1.00,1.00
2016.09.06 10:54:02.189,1.15371,1.15377,1.00,1.50
2016.09.06 10:54:02.343,1.15371,1.15376,1.00,1.25
2016.09.06 10:54:02.597,1.15372,1.15377,1.00,1.84
2016.09.06 10:54:02.648,1.15372,1.15378,1.25,3.19
2016.09.06 10:54:02.699,1.15371,1.15378,1.69,3.19
2016.09.06 10:54:02.975,1.15371,1.15377,1.19,1.65
2016.09.06 10:54:03.027,1.1537,1.15375,2.44,1.00
2016.09.06 10:54:03.080,1.1537,1.15375,1.19,1.00
2016.09.06 10:54:03.183,1.15369,1.15374,1.69,1.00
2016.09.06 10:54:03.234,1.15369,1.15374,1.19,1.00
2016.09.06 10:54:03.643,1.15369,1.15376,1.19,2.89
2016.09.06 10:54:04.163,1.15369,1.15376,1.19,2.14
2016.09.06 10:54:04.270,1.15369,1.15376,1.19,2.89
2016.09.06 10:54:04.380,1.15369,1.15376,1.19,2.14
2016.09.06 10:54:04.532,1.1537,1.15377,1.19,4.12
2016.09.06 10:54:04.583,1.1537,1.15377,1.69,3.37
2016.09.06 10:54:04.741,1.1537,1.15377,1.19,1.50
2016.09.06 10:54:04.793,1.15371,1.15377,1.25,1.50
2016.09.06 10:54:05.005,1.15371,1.15377,1.00,1.50
2016.09.06 10:54:06.169,1.15371,1.15377,1.00,1.00
2016.09.06 10:54:06.882,1.15371,1.15378,1.00,1.57
2016.09.06 10:54:07.340,1.15374,1.15379,1.00,2.70
2016.09.06 10:54:07.390,1.15374,1.15379,1.00,1.95
2016.09.06 10:54:07.441,1.15374,1.15379,1.00,1.10
2016.09.06 10:54:07.492,1.15374,1.15379,1.00,1.00
2016.09.06 10:54:07.922,1.15374,1.15379,1.00,1.50
2016.09.06 10:54:08.424,1.15374,1.1538,1.00,1.65
2016.09.06 10:54:08.474,1.15374,1.1538,1.00,1.20
2016.09.06 10:54:08.577,1.15375,1.1538,1.00,1.00
2016.09.06 10:54:08.628,1.15375,1.15382,1.00,1.95
2016.09.06 10:54:08.681,1.15375,1.15382,1.00,1.20
2016.09.06 10:54:08.881,1.15375,1.15382,1.50,1.20
2016.09.06 10:54:09.085,1.15375,1.15382,1.00,1.20
2016.09.06 10:54:09.188,1.15375,1.15382,1.50,1.20
2016.09.06 10:54:09.299,1.15375,1.15382,1.00,1.20
2016.09.06 10:54:09.522,1.15375,1.15382,1.50,1.20
2016.09.06 10:54:09.796,1.15377,1.15382,1.00,1.65
2016.09.06 10:54:09.898,1.15378,1.15382,1.00,1.20
2016.09.06 10:54:09.973,1.15378,1.15382,1.00,1.10
2016.09.06 10:54:10.024,1.15378,1.15383,1.00,2.40
2016.09.06 10:54:10.957,1.15378,1.15382,1.00,1.00
2016.09.06 10:54:13.955,1.15377,1.15381,1.00,1.00
2016.09.06 10:54:14.056,1.15375,1.15381,1.50,1.00
2016.09.06 10:54:14.107,1.15374,1.15381,1.50,3.00
2016.09.06 10:54:14.158,1.15376,1.15379,1.00,1.00
2016.09.06 10:54:14.260,1.15374,1.15378,1.00,1.00
2016.09.06 10:54:14.463,1.15373,1.15378,1.00,1.50
2016.09.06 10:54:14.666,1.15372,1.15378,1.00,2.25
2016.09.06 10:54:15.487,1.15371,1.15375,1.00,1.00
2016.09.06 10:54:15.539,1.1537,1.15374,1.12,1.00
2016.09.06 10:54:15.590,1.1537,1.15374,1.00,1.00
2016.09.06 10:54:15.641,1.15369,1.15375,1.37,1.50
2016.09.06 10:54:15.693,1.15369,1.15375,1.00,1.50
2016.09.06 10:54:15.805,1.15372,1.15375,1.00,1.00
2016.09.06 10:54:15.859,1.15371,1.15377,1.00,1.20
2016.09.06 10:54:15.910,1.15371,1.15377,1.00,1.12
2016.09.06 10:54:15.961,1.15371,1.15378,1.00,2.89
2016.09.06 10:54:16.012,1.15371,1.15378,1.00,1.39
2016.09.06 10:54:16.063,1.15372,1.15379,1.50,4.69
2016.09.06 10:54:16.115,1.15372,1.15379,1.50,4.50
2016.09.06 10:54:16.190,1.15372,1.15379,1.50,3.75
2016.09.06 10:54:16.835,1.15373,1.15379,1.00,3.00
2016.09.06 10:54:16.886,1.15375,1.1538,1.00,3.75
2016.09.06 10:54:16.939,1.15373,1.15378,1.00,1.20
2016.09.06 10:54:17.041,1.15372,1.15377,1.69,1.00
2016.09.06 10:54:17.093,1.15372,1.15377,1.69,1.50
2016.09.06 10:54:17.144,1.15372,1.15377,1.50,1.50
2016.09.06 10:54:17.352,1.15372,1.15377,1.00,1.50
2016.09.06 10:54:17.504,1.15372,1.15377,1.00,2.25
2016.09.06 10:54:18.956,1.15371,1.15377,1.00,2.25
2016.09.06 10:54:19.007,1.15371,1.15375,1.00,1.00
2016.09.06 10:54:19.058,1.15369,1.15374,1.00,1.00
2016.09.06 10:54:19.110,1.15368,1.15374,1.50,1.00
2016.09.06 10:54:19.161,1.1537,1.15374,1.00,1.00
2016.09.06 10:54:19.212,1.1537,1.15374,1.00,1.00
2016.09.06 10:54:19.331,1.1537,1.15375,1.00,1.10
2016.09.06 10:54:19.382,1.15371,1.15377,1.00,1.50
2016.09.06 10:54:19.433,1.15372,1.15378,1.00,4.95
2016.09.06 10:54:19.486,1.15372,1.15378,1.00,3.07
2016.09.06 10:54:19.537,1.15372,1.15378,1.50,2.70
2016.09.06 10:54:19.589,1.15372,1.15378,1.50,1.10
2016.09.06 10:54:19.692,1.15373,1.15378,1.00,1.10
2016.09.06 10:54:19.743,1.15373,1.15379,1.00,2.06
2016.09.06 10:54:19.794,1.15373,1.15379,1.00,1.01
2016.09.06 10:54:20.498,1.15373,1.15379,1.00,1.76
2016.09.06 10:54:20.930,1.15373,1.15379,1.00,1.65
2016.09.06 10:54:21.146,1.15373,1.15379,1.00,2.40
2016.09.06 10:54:21.760,1.15373,1.15379,1.00,1.65
2016.09.06 10:54:22.167,1.15373,1.15379,1.00,1.20
2016.09.06 10:54:23.261,1.15373,1.15378,1.00,1.00
2016.09.06 10:54:23.972,1.15372,1.15377,1.00,2.25
2016.09.06 10:54:24.024,1.15372,1.15376,1.00,1.00
2016.09.06 10:54:24.125,1.15371,1.15376,1.37,1.00
2016.09.06 10:54:24.176,1.15371,1.15377,1.00,2.25
2016.09.06 10:54:24.442,1.1537,1.15377,1.87,2.25
2016.09.06 10:54:24.493,1.1537,1.15377,1.12,2.25
2016.09.06 10:54:24.544,1.15369,1.15376,2.25,1.00
2016.09.06 10:54:24.595,1.15369,1.15376,1.12,1.50
2016.09.06 10:54:24.646,1.15368,1.15375,2.25,1.50
2016.09.06 10:54:24.697,1.15368,1.15375,1.00,2.25
2016.09.06 10:54:24.850,1.15368,1.15373,1.00,1.00
2016.09.06 10:54:24.901,1.15368,1.15373,1.00,1.50
2016.09.06 10:54:25.379,1.15366,1.15373,1.50,2.25
2016.09.06 10:54:25.480,1.15366,1.15372,1.00,1.00
2016.09.06 10:54:25.694,1.15365,1.15372,3.82,1.00
2016.09.06 10:54:25.745,1.15366,1.15372,1.00,1.00
2016.09.06 10:54:25.796,1.15366,1.15371,1.50,1.00
2016.09.06 10:54:29.872,1.15366,1.15372,1.00,1.50
2016.09.06 10:54:29.988,1.15367,1.15372,1.00,1.00
2016.09.06 10:54:30.039,1.15368,1.15373,1.00,1.57
2016.09.06 10:54:30.090,1.15369,1.15374,1.00,2.70
2016.09.06 10:54:30.142,1.15369,1.15374,1.00,2.25
2016.09.06 10:54:30.244,1.15369,1.15374,1.00,1.00
2016.09.06 10:54:30.295,1.15369,1.15374,1.50,1.00
2016.09.06 10:54:30.603,1.15369,1.15375,1.50,2.25
2016.09.06 10:54:30.710,1.15369,1.15375,1.50,1.50
2016.09.06 10:54:30.768,1.15369,1.15375,1.50,1.00
2016.09.06 10:54:31.001,1.15369,1.15375,1.50,1.50
2016.09.06 10:54:31.154,1.15369,1.15375,1.50,1.00
2016.09.06 10:54:31.685,1.15369,1.15375,1.50,1.50
2016.09.06 10:54:31.914,1.15369,1.15375,1.00,1.50
2016.09.06 10:54:32.673,1.15369,1.15374,1.00,1.00
2016.09.06 10:54:32.774,1.15369,1.15375,1.00,1.50
2016.09.06 10:54:32.876,1.15369,1.15375,1.00,2.25
2016.09.06 10:54:32.927,1.15369,1.15375,1.50,2.25
2016.09.06 10:54:32.977,1.1537,1.15375,1.00,1.50
2016.09.06 10:54:33.028,1.1537,1.15375,1.00,1.00
2016.09.06 10:54:33.180,1.1537,1.15375,1.50,1.00
2016.09.06 10:54:33.282,1.1537,1.15375,1.00,1.00
2016.09.06 10:54:33.384,1.1537,1.15375,1.50,1.00
2016.09.06 10:54:33.698,1.1537,1.15376,1.50,1.50
2016.09.06 10:54:34.249,1.1537,1.15376,1.00,1.50
2016.09.06 10:54:34.478,1.1537,1.15376,1.50,1.50
2016.09.06 10:54:34.580,1.1537,1.15376,1.00,1.50
2016.09.06 10:54:34.681,1.1537,1.15376,1.50,1.50
2016.09.06 10:54:34.962,1.1537,1.15376,1.00,1.50
2016.09.06 10:54:35.064,1.1537,1.15376,1.50,1.50
2016.09.06 10:54:35.277,1.1537,1.15376,1.00,1.50
2016.09.06 10:54:35.480,1.1537,1.15376,1.50,1.50
2016.09.06 10:54:35.893,1.1537,1.15376,1.00,1.50
2016.09.06 10:54:35.995,1.1537,1.15376,1.50,1.50
2016.09.06 10:54:36.213,1.1537,1.15376,1.00,1.50
2016.09.06 10:54:36.467,1.1537,1.15376,1.50,1.50
2016.09.06 10:54:37.109,1.1537,1.15375,1.50,1.00
2016.09.06 10:54:37.280,1.1537,1.15375,1.00,1.00
2016.09.06 10:54:37.807,1.1537,1.15375,1.50,1.00
2016.09.06 10:54:38.260,1.1537,1.15375,1.00,1.00
2016.09.06 10:54:38.361,1.1537,1.15375,1.50,1.00
2016.09.06 10:54:38.664,1.1537,1.15375,1.00,1.00
2016.09.06 10:54:38.760,1.1537,1.15375,1.50,1.00
2016.09.06 10:54:38.881,1.1537,1.15375,1.00,1.00
2016.09.06 10:54:38.996,1.1537,1.15375,1.50,1.00
2016.09.06 10:54:39.061,1.1537,1.15375,1.00,1.00
2016.09.06 10:54:39.500,1.1537,1.15375,1.50,1.00
2016.09.06 10:54:39.663,1.1537,1.15375,1.00,1.00
2016.09.06 10:54:39.766,1.1537,1.15375,1.50,1.00
2016.09.06 10:54:39.885,1.1537,1.15375,1.00,1.00
2016.09.06 10:54:39.989,1.1537,1.15375,1.50,1.00
2016.09.06 10:54:40.175,1.1537,1.15375,1.00,1.00
2016.09.06 10:54:40.370,1.1537,1.15376,1.00,1.50
2016.09.06 10:54:40.464,1.1537,1.15376,1.50,1.50
2016.09.06 10:54:40.564,1.1537,1.15376,1.00,1.50
2016.09.06 10:54:40.666,1.1537,1.15376,1.50,1.50
2016.09.06 10:54:40.716,1.1537,1.15376,1.50,1.00
2016.09.06 10:54:40.978,1.1537,1.15376,1.00,1.00
2016.09.06 10:54:41.087,1.1537,1.15376,1.50,1.00
2016.09.06 10:54:41.189,1.1537,1.15376,1.00,1.00
2016.09.06 10:54:41.296,1.1537,1.15376,1.50,1.00
2016.09.06 10:54:41.418,1.1537,1.15375,1.50,1.00
2016.09.06 10:54:41.696,1.1537,1.15375,1.00,1.00
2016.09.06 10:54:41.767,1.1537,1.15375,1.50,1.00
2016.09.06 10:54:42.273,1.1537,1.15375,1.00,1.00
2016.09.06 10:54:42.375,1.1537,1.15376,1.50,1.50
2016.09.06 10:54:42.476,1.1537,1.15376,1.00,1.50
2016.09.06 10:54:42.599,1.1537,1.15376,1.50,1.50
2016.09.06 10:54:43.195,1.1537,1.15376,1.00,1.50
2016.09.06 10:54:43.398,1.1537,1.15376,1.50,1.50
2016.09.06 10:54:43.775,1.1537,1.15376,1.00,1.50
2016.09.06 10:54:43.876,1.15371,1.15376,1.00,1.00
2016.09.06 10:54:44.814,1.1537,1.15375,1.00,1.50
2016.09.06 10:54:44.865,1.1537,1.15374,1.00,1.00
2016.09.06 10:54:44.916,1.15369,1.15374,1.00,1.00
2016.09.06 10:54:45.271,1.15368,1.15373,1.50,1.00
2016.09.06 10:54:45.322,1.15368,1.15375,1.50,3.19
2016.09.06 10:54:45.372,1.15368,1.15375,1.50,3.00
2016.09.06 10:54:45.439,1.15368,1.15375,1.50,2.25
2016.09.06 10:54:45.490,1.15368,1.15375,1.50,1.50
2016.09.06 10:54:45.591,1.15369,1.15375,1.00,1.50
2016.09.06 10:54:45.744,1.15369,1.15375,1.00,1.00
2016.09.06 10:54:46.544,1.1537,1.15375,1.00,1.00
2016.09.06 10:54:48.650,1.1537,1.15375,1.00,1.25
2016.09.06 10:54:48.751,1.1537,1.15375,1.00,1.00
2016.09.06 10:54:48.854,1.15369,1.15376,1.50,1.09
2016.09.06 10:54:49.006,1.1537,1.15376,1.00,1.09
2016.09.06 10:54:49.108,1.15369,1.15376,2.25,1.09
2016.09.06 10:54:49.389,1.1537,1.15376,1.00,1.09
2016.09.06 10:54:49.610,1.15369,1.15376,2.25,1.09
2016.09.06 10:54:49.717,1.1537,1.15376,1.00,1.09
2016.09.06 10:54:49.819,1.15369,1.15376,2.25,1.09
2016.09.06 10:54:49.887,1.1537,1.15376,1.00,1.09
2016.09.06 10:54:50.214,1.1537,1.15376,1.00,1.84
2016.09.06 10:54:50.516,1.15368,1.15376,1.50,1.84
2016.09.06 10:54:50.618,1.15368,1.15374,1.00,1.50
2016.09.06 10:54:50.719,1.15367,1.15373,2.06,1.00
2016.09.06 10:54:50.770,1.15368,1.15373,1.00,1.00
2016.09.06 10:54:50.821,1.15367,1.15373,1.50,1.00
2016.09.06 10:54:51.075,1.15367,1.15373,1.00,1.00
2016.09.06 10:54:51.559,1.15367,1.15374,1.00,1.76
2016.09.06 10:54:51.745,1.15367,1.15374,1.00,1.57
2016.09.06 10:54:51.796,1.15367,1.15373,1.00,1.00
2016.09.06 10:54:51.847,1.15367,1.15373,1.00,1.50
2016.09.06 10:54:52.501,1.15367,1.15372,1.00,1.00
2016.09.06 10:54:52.792,1.15367,1.15373,1.00,1.50
2016.09.06 10:54:53.239,1.15368,1.15373,1.25,1.50
2016.09.06 10:54:53.290,1.15368,1.15373,1.25,1.00
2016.09.06 10:54:53.341,1.15369,1.15374,1.00,1.10
2016.09.06 10:54:53.392,1.1537,1.15375,1.00,1.20
2016.09.06 10:54:53.443,1.1537,1.15375,1.00,1.50
2016.09.06 10:54:53.545,1.1537,1.15375,1.50,1.00
2016.09.06 10:54:53.646,1.1537,1.15375,1.69,1.00
2016.09.06 10:54:53.702,1.1537,1.15375,2.44,1.00
2016.09.06 10:54:54.606,1.1537,1.15375,1.69,1.00
2016.09.06 10:54:54.709,1.1537,1.15375,2.44,1.00
2016.09.06 10:54:54.761,1.1537,1.15375,2.25,1.00
2016.09.06 10:54:55.267,1.1537,1.15375,1.50,1.00
2016.09.06 10:54:55.318,1.1537,1.15375,2.25,1.00
2016.09.06 10:54:55.430,1.1537,1.15375,1.50,1.00
2016.09.06 10:54:55.507,1.1537,1.15375,2.25,1.00
2016.09.06 10:54:55.931,1.1537,1.15375,1.00,1.00
2016.09.06 10:54:56.008,1.1537,1.15375,1.50,1.00
2016.09.06 10:54:56.811,1.1537,1.15375,1.00,1.00
2016.09.06 10:54:57.118,1.1537,1.15375,1.50,1.00
2016.09.06 10:54:57.633,1.1537,1.15375,1.00,1.00
2016.09.06 10:54:57.810,1.1537,1.15375,1.50,1.00
2016.09.06 10:54:58.112,1.1537,1.15375,1.00,1.00
2016.09.06 10:54:58.163,1.15369,1.15375,1.69,1.00
2016.09.06 10:54:58.214,1.15369,1.15375,1.25,1.00
2016.09.06 10:54:58.950,1.15369,1.15375,1.00,1.00
2016.09.06 10:55:00.882,1.15369,1.15375,1.50,1.00
2016.09.06 10:55:04.105,1.15369,1.15375,1.00,1.00
2016.09.06 10:55:04.751,1.15369,1.15375,1.25,1.00
2016.09.06 10:55:04.852,1.15369,1.15375,1.00,1.00
2016.09.06 10:55:05.006,1.15369,1.15376,1.00,1.50
2016.09.06 10:55:05.057,1.1537,1.15376,1.50,1.50
2016.09.06 10:55:05.260,1.1537,1.15376,1.00,1.00
2016.09.06 10:55:05.361,1.1537,1.15376,2.25,1.00
2016.09.06 10:55:05.564,1.1537,1.15376,1.50,1.00
2016.09.06 10:55:05.636,1.1537,1.15376,2.25,1.00
2016.09.06 10:55:05.738,1.1537,1.15376,1.50,1.00
2016.09.06 10:55:06.269,1.1537,1.15375,1.00,1.00
2016.09.06 10:55:06.327,1.15369,1.15375,3.00,1.00
2016.09.06 10:55:06.378,1.1537,1.15375,1.00,1.00
2016.09.06 10:55:06.638,1.15369,1.15375,2.25,1.00
2016.09.06 10:55:07.040,1.15369,1.15375,2.44,1.00
2016.09.06 10:55:07.647,1.15371,1.15375,1.00,1.00
2016.09.06 10:55:08.853,1.15371,1.15376,1.00,1.50
2016.09.06 10:55:11.476,1.15371,1.15376,1.50,1.50
2016.09.06 10:55:12.646,1.15371,1.15376,1.50,1.00
2016.09.06 10:55:17.329,1.15371,1.15376,1.00,1.00
2016.09.06 10:55:18.988,1.15371,1.15376,1.50,1.00
2016.09.06 10:55:19.039,1.15371,1.15376,2.25,1.00
2016.09.06 10:55:19.680,1.15371,1.15376,1.50,1.00
2016.09.06 10:55:22.598,1.15374,1.15377,1.00,1.00
2016.09.06 10:55:22.695,1.15374,1.15377,1.50,1.00
2016.09.06 10:55:22.746,1.15376,1.1538,1.00,1.20
2016.09.06 10:55:22.797,1.15377,1.15381,1.00,1.50
2016.09.06 10:55:22.848,1.15377,1.15382,1.00,1.00
2016.09.06 10:55:22.899,1.15377,1.15382,1.50,1.00
2016.09.06 10:55:22.950,1.15377,1.15383,1.50,1.87
2016.09.06 10:55:23.102,1.15377,1.15383,1.00,1.50
2016.09.06 10:55:23.631,1.15377,1.15383,1.00,1.00
2016.09.06 10:55:25.994,1.15378,1.15383,1.00,1.00
2016.09.06 10:55:27.941,1.15378,1.15383,1.00,1.25
2016.09.06 10:55:28.649,1.15378,1.15384,1.00,1.84
2016.09.06 10:55:28.700,1.15378,1.15384,1.00,1.84
2016.09.06 10:55:28.801,1.15378,1.15384,1.50,1.84
2016.09.06 10:55:28.852,1.15379,1.15384,1.00,1.29
2016.09.06 10:55:28.903,1.15379,1.15384,1.00,1.19
2016.09.06 10:55:30.713,1.15377,1.15384,3.00,1.19
2016.09.06 10:55:30.874,1.15377,1.15384,1.50,1.19
2016.09.06 10:55:31.279,1.15377,1.15384,2.25,1.19
2016.09.06 10:55:31.603,1.15377,1.15384,1.50,1.19
2016.09.06 10:55:31.822,1.15377,1.15381,1.00,1.19
2016.09.06 10:55:31.874,1.15377,1.15382,1.00,2.44
2016.09.06 10:55:31.925,1.15377,1.15382,1.00,2.51
2016.09.06 10:55:31.976,1.15377,1.15382,1.00,1.84
2016.09.06 10:55:32.027,1.15377,1.15382,1.00,1.39
2016.09.06 10:55:32.078,1.15377,1.15382,1.00,1.19
2016.09.06 10:55:32.180,1.15376,1.15382,1.50,1.19
2016.09.06 10:55:32.231,1.15376,1.15382,2.25,1.19
2016.09.06 10:55:32.282,1.15376,1.15382,1.50,1.19
2016.09.06 10:55:39.752,1.15377,1.15382,1.00,1.19
2016.09.06 10:55:40.525,1.15376,1.15382,1.00,1.19
2016.09.06 10:55:41.051,1.15376,1.15382,1.50,1.19
2016.09.06 10:55:41.103,1.15377,1.15382,1.00,1.69
2016.09.06 10:55:44.032,1.15377,1.15382,1.00,1.19
2016.09.06 10:55:45.320,1.15377,1.15382,1.50,1.19
2016.09.06 10:55:46.245,1.15377,1.15382,1.50,1.44
2016.09.06 10:55:47.451,1.15377,1.15382,1.00,1.44
2016.09.06 10:55:48.154,1.15376,1.15382,1.50,1.87
2016.09.06 10:55:48.205,1.15377,1.15382,1.00,1.87
2016.09.06 10:55:48.256,1.15377,1.15382,1.00,1.20
2016.09.06 10:55:48.308,1.15377,1.15383,1.00,2.32
2016.09.06 10:55:48.359,1.15377,1.15383,1.00,1.95
2016.09.06 10:55:48.410,1.15377,1.15383,1.00,1.47
2016.09.06 10:55:48.461,1.15377,1.15384,1.00,3.45
2016.09.06 10:55:48.512,1.15377,1.15384,1.00,3.07
2016.09.06 10:55:48.966,1.15377,1.15384,1.50,3.07
2016.09.06 10:55:49.468,1.15377,1.15383,1.50,1.47
2016.09.06 10:55:50.003,1.15377,1.15384,1.50,3.07
2016.09.06 10:55:50.118,1.15377,1.15384,2.25,1.87
2016.09.06 10:55:50.279,1.15379,1.15384,1.00,1.87
2016.09.06 10:55:51.075,1.15379,1.15384,1.00,1.44
2016.09.06 10:55:51.826,1.15379,1.15384,1.00,1.69
2016.09.06 10:55:51.878,1.15379,1.15384,1.00,1.19
2016.09.06 10:55:51.928,1.15379,1.15384,1.00,1.44
2016.09.06 10:55:52.162,1.15378,1.15384,1.00,1.87
2016.09.06 10:55:52.213,1.15378,1.15384,1.00,2.62
2016.09.06 10:55:52.804,1.15377,1.15384,3.00,2.62
2016.09.06 10:55:52.855,1.15377,1.15384,2.62,2.62
2016.09.06 10:55:53.112,1.15377,1.15384,1.50,2.62
2016.09.06 10:55:53.927,1.15377,1.15384,2.25,2.62
2016.09.06 10:55:55.031,1.15377,1.15384,2.25,1.87
2016.09.06 10:55:55.729,1.15377,1.15383,1.00,1.44
2016.09.06 10:55:55.780,1.15376,1.15383,3.15,1.44
2016.09.06 10:55:55.831,1.15376,1.15383,1.50,2.62
2016.09.06 10:55:55.882,1.15376,1.15383,1.00,2.62
2016.09.06 10:55:55.938,1.15376,1.15382,1.00,1.12
2016.09.06 10:55:56.444,1.15376,1.15382,1.00,1.87
2016.09.06 10:55:57.022,1.15376,1.15382,1.00,1.44
2016.09.06 10:56:01.248,1.15376,1.15381,1.00,1.25
2016.09.06 10:56:01.605,1.15375,1.1538,1.50,1.00
2016.09.06 10:56:01.707,1.15375,1.1538,1.50,1.19
2016.09.06 10:56:01.809,1.15375,1.1538,1.00,1.19
2016.09.06 10:56:01.860,1.15375,1.1538,1.00,1.69
2016.09.06 10:56:01.911,1.15375,1.1538,1.00,2.62
2016.09.06 10:56:01.962,1.15375,1.1538,1.00,1.87
2016.09.06 10:56:02.114,1.15375,1.1538,1.00,1.37
2016.09.06 10:56:02.183,1.15375,1.1538,1.00,1.87
2016.09.06 10:56:02.384,1.15373,1.1538,2.40,1.87
2016.09.06 10:56:02.638,1.15373,1.1538,3.15,1.69
2016.09.06 10:56:03.021,1.15373,1.1538,3.15,1.19
2016.09.06 10:56:03.072,1.15373,1.1538,3.90,1.19
2016.09.06 10:56:03.185,1.15373,1.1538,3.15,1.19
2016.09.06 10:56:03.780,1.15373,1.1538,3.15,1.44
2016.09.06 10:56:05.024,1.15375,1.1538,1.00,1.44
2016.09.06 10:56:05.187,1.15375,1.15381,1.50,1.69
2016.09.06 10:56:05.441,1.15376,1.15381,1.00,1.69
2016.09.06 10:56:05.543,1.15377,1.15381,1.50,1.19
2016.09.06 10:56:05.645,1.15379,1.15382,1.00,1.19
2016.09.06 10:56:05.696,1.15379,1.15383,1.00,1.76
2016.09.06 10:56:05.746,1.15378,1.15383,1.50,1.69
2016.09.06 10:56:05.848,1.15378,1.15383,1.00,1.69
2016.09.06 10:56:05.899,1.15377,1.15383,1.00,1.69
2016.09.06 10:56:05.954,1.15376,1.15383,3.00,2.44
2016.09.06 10:56:06.101,1.15376,1.15383,1.00,2.62
2016.09.06 10:56:06.851,1.15376,1.15383,1.00,1.87
2016.09.06 10:56:06.902,1.15376,1.15383,1.00,1.69
2016.09.06 10:56:06.953,1.15375,1.15383,4.87,1.69
2016.09.06 10:56:07.003,1.15375,1.15383,4.12,1.69
2016.09.06 10:56:07.179,1.15376,1.15383,1.00,1.69
2016.09.06 10:56:07.230,1.15376,1.15382,1.00,1.19
2016.09.06 10:56:07.931,1.15377,1.15383,1.00,1.69
2016.09.06 10:56:08.033,1.15377,1.15383,1.00,2.62
2016.09.06 10:56:08.310,1.15377,1.15383,1.00,1.87
2016.09.06 10:56:08.432,1.15377,1.15383,1.00,2.62
2016.09.06 10:56:08.650,1.15377,1.15383,1.00,1.87
2016.09.06 10:56:09.102,1.15377,1.15382,1.00,1.44
2016.09.06 10:56:10.669,1.15377,1.15382,1.50,1.44
2016.09.06 10:56:10.797,1.15377,1.15382,1.50,1.19
2016.09.06 10:56:11.427,1.15377,1.15383,1.50,1.69
2016.09.06 10:56:11.903,1.15377,1.15383,1.50,1.87
2016.09.06 10:56:12.974,1.15377,1.15383,2.25,1.87
2016.09.06 10:56:14.339,1.15377,1.15382,2.25,1.44
2016.09.06 10:56:14.390,1.15377,1.15382,1.50,1.44
2016.09.06 10:56:14.850,1.15377,1.15382,1.00,1.44
2016.09.06 10:56:15.929,1.15377,1.15383,1.00,1.87
2016.09.06 10:56:16.824,1.15377,1.15383,1.00,1.69
2016.09.06 10:56:18.933,1.15378,1.15383,1.00,1.69
2016.09.06 10:56:20.042,1.15376,1.15381,1.50,1.25
2016.09.06 10:56:20.093,1.15375,1.15381,2.44,1.25
2016.09.06 10:56:20.144,1.15375,1.15381,2.25,1.87
2016.09.06 10:56:20.196,1.15374,1.15379,1.12,1.25
2016.09.06 10:56:20.247,1.15373,1.15378,1.00,1.00
2016.09.06 10:56:20.298,1.15372,1.1538,2.32,3.37
2016.09.06 10:56:20.349,1.15372,1.1538,2.70,4.50
2016.09.06 10:56:20.401,1.15372,1.15378,1.95,1.25
2016.09.06 10:56:20.503,1.15372,1.15378,1.87,1.25
2016.09.06 10:56:20.555,1.15373,1.15379,1.00,1.44
2016.09.06 10:56:20.657,1.15373,1.15379,1.50,1.87
2016.09.06 10:56:20.860,1.15373,1.15378,1.00,1.25
2016.09.06 10:56:21.069,1.15372,1.15378,1.87,1.25
2016.09.06 10:56:21.121,1.15373,1.15378,1.00,1.25
2016.09.06 10:56:21.274,1.15373,1.15378,1.50,1.25
2016.09.06 10:56:21.426,1.15373,1.15378,1.50,1.12
2016.09.06 10:56:21.477,1.15373,1.1538,1.00,3.37
2016.09.06 10:56:21.579,1.15373,1.1538,1.00,2.62
2016.09.06 10:56:21.681,1.15373,1.1538,1.50,1.37
2016.09.06 10:56:21.732,1.15373,1.1538,1.50,1.37
2016.09.06 10:56:21.783,1.15374,1.15379,1.00,1.37
2016.09.06 10:56:21.885,1.15374,1.15379,1.50,1.37
2016.09.06 10:56:22.020,1.15374,1.15379,1.00,1.37
2016.09.06 10:56:22.357,1.15373,1.15379,2.25,1.37
2016.09.06 10:56:22.507,1.15373,1.15379,2.25,1.44
2016.09.06 10:56:22.783,1.15374,1.15381,1.00,4.27
2016.09.06 10:56:22.835,1.15374,1.15381,1.00,3.90
2016.09.06 10:56:22.886,1.15374,1.15381,1.50,3.07
2016.09.06 10:56:22.937,1.15374,1.15381,1.50,3.00
2016.09.06 10:56:23.830,1.15374,1.15381,1.50,2.25
2016.09.06 10:56:23.881,1.15375,1.15381,1.00,2.25
2016.09.06 10:56:23.985,1.15374,1.15381,1.50,2.25
2016.09.06 10:56:24.036,1.15374,1.15381,1.50,1.50
2016.09.06 10:56:24.662,1.15375,1.1538,1.00,1.44
2016.09.06 10:56:24.713,1.15375,1.1538,1.00,1.12
2016.09.06 10:56:25.233,1.15375,1.15381,1.00,1.37
2016.09.06 10:56:25.284,1.15375,1.15381,1.50,1.37
2016.09.06 10:56:25.436,1.15375,1.1538,1.50,1.12
2016.09.06 10:56:25.538,1.15375,1.15381,1.00,1.50
2016.09.06 10:56:25.589,1.15373,1.1538,4.12,1.44
2016.09.06 10:56:25.686,1.15373,1.1538,4.12,1.44
2016.09.06 10:56:25.788,1.15373,1.15377,1.87,1.00
2016.09.06 10:56:25.840,1.15373,1.15376,1.00,1.00
2016.09.06 10:56:25.942,1.15371,1.15376,1.00,1.19
2016.09.06 10:56:26.149,1.1537,1.15376,1.50,1.19
2016.09.06 10:56:26.200,1.1537,1.15376,1.00,1.69
2016.09.06 10:56:26.251,1.1537,1.15375,1.00,1.19
2016.09.06 10:56:26.558,1.1537,1.15375,1.00,1.37
2016.09.06 10:56:26.973,1.1537,1.15376,1.50,1.37
2016.09.06 10:56:27.568,1.1537,1.15376,1.00,1.37
2016.09.06 10:56:27.774,1.1537,1.15376,1.50,1.37
2016.09.06 10:56:27.882,1.1537,1.15376,1.00,1.37
2016.09.06 10:56:28.167,1.1537,1.15376,1.50,1.37
2016.09.06 10:56:28.513,1.1537,1.15376,1.50,1.19
2016.09.06 10:56:28.569,1.1537,1.15376,2.25,1.19
2016.09.06 10:56:28.811,1.1537,1.15376,1.00,1.19
2016.09.06 10:56:28.973,1.15371,1.15376,1.00,1.69
2016.09.06 10:56:31.416,1.15371,1.15376,1.00,1.87
2016.09.06 10:56:31.665,1.15371,1.15376,1.00,1.69
2016.09.06 10:56:32.604,1.1537,1.15375,1.00,1.19
2016.09.06 10:56:32.723,1.1537,1.15375,1.50,1.19
2016.09.06 10:56:33.303,1.1537,1.15377,1.00,4.69
2016.09.06 10:56:33.354,1.1537,1.15377,1.37,4.69
2016.09.06 10:56:33.456,1.1537,1.15377,1.56,3.56
2016.09.06 10:56:33.507,1.1537,1.15377,2.06,3.56
2016.09.06 10:56:33.558,1.1537,1.15377,2.06,2.81
2016.09.06 10:56:33.609,1.15371,1.15376,1.31,1.19
2016.09.06 10:56:34.838,1.15371,1.15376,1.12,1.19
2016.09.06 10:56:35.165,1.1537,1.15377,2.06,2.44
2016.09.06 10:56:35.216,1.1537,1.15377,1.62,2.44
2016.09.06 10:56:35.318,1.1537,1.15377,2.06,2.44
2016.09.06 10:56:35.421,1.1537,1.15377,1.62,2.44
2016.09.06 10:56:35.472,1.15369,1.15377,4.31,2.44
2016.09.06 10:56:35.523,1.1537,1.15377,1.62,2.44
2016.09.06 10:56:35.620,1.1537,1.15377,1.31,2.44
2016.09.06 10:56:35.722,1.1537,1.15377,2.06,2.44
2016.09.06 10:56:35.773,1.1537,1.15377,2.06,3.56
2016.09.06 10:56:35.823,1.1537,1.15377,1.31,3.56
2016.09.06 10:56:35.875,1.1537,1.15377,1.25,3.56
2016.09.06 10:56:35.926,1.15369,1.15375,3.37,1.19
2016.09.06 10:56:35.977,1.15369,1.15375,2.62,1.69
2016.09.06 10:56:36.028,1.15369,1.15375,1.87,2.44
2016.09.06 10:56:36.193,1.15369,1.15375,1.00,2.44
2016.09.06 10:56:36.294,1.15368,1.15374,2.62,1.25
2016.09.06 10:56:36.345,1.15368,1.15372,1.87,1.19
2016.09.06 10:56:36.396,1.15366,1.15371,2.44,1.25
2016.09.06 10:56:36.447,1.15366,1.15372,2.06,2.44
2016.09.06 10:56:36.498,1.15365,1.15371,1.69,1.69
2016.09.06 10:56:36.639,1.15365,1.1537,1.00,1.19
2016.09.06 10:56:36.690,1.15366,1.15371,1.00,1.84
2016.09.06 10:56:36.843,1.15366,1.15371,1.00,1.46
2016.09.06 10:56:36.894,1.15366,1.15371,1.00,1.39
2016.09.06 10:56:36.945,1.15365,1.1537,1.00,1.19
2016.09.06 10:56:37.098,1.15366,1.15371,1.00,1.39
2016.09.06 10:56:37.200,1.15365,1.15371,1.00,1.39
2016.09.06 10:56:37.302,1.15364,1.15371,1.87,1.39
2016.09.06 10:56:37.403,1.15365,1.15371,1.00,1.39
2016.09.06 10:56:37.607,1.15365,1.15371,1.00,1.29
2016.09.06 10:56:37.708,1.15365,1.15371,1.00,1.19
2016.09.06 10:56:37.811,1.15365,1.15371,1.50,1.19
2016.09.06 10:56:37.963,1.15365,1.15371,1.50,1.19
2016.09.06 10:56:38.014,1.15366,1.15371,1.00,1.69
2016.09.06 10:56:38.065,1.15367,1.15371,1.00,1.19
2016.09.06 10:56:38.116,1.15367,1.15372,1.00,1.39
2016.09.06 10:56:38.167,1.15367,1.15372,1.00,1.29
2016.09.06 10:56:38.218,1.15368,1.15372,1.00,1.19
2016.09.06 10:56:38.624,1.15367,1.15372,1.50,1.19
2016.09.06 10:56:38.725,1.15367,1.15374,1.50,3.52
2016.09.06 10:56:39.252,1.15368,1.15374,1.00,3.52
2016.09.06 10:56:39.303,1.15368,1.15373,1.00,1.19
2016.09.06 10:56:39.733,1.15367,1.15373,1.00,1.25
2016.09.06 10:56:40.608,1.15366,1.15373,1.87,1.25
2016.09.06 10:56:40.710,1.15367,1.15373,1.00,1.25
2016.09.06 10:56:41.258,1.15367,1.15372,1.00,1.00
2016.09.06 10:56:41.368,1.15366,1.15372,1.50,1.00
2016.09.06 10:56:41.521,1.15366,1.15372,1.87,1.00
2016.09.06 10:56:41.572,1.15366,1.15372,2.62,1.00
2016.09.06 10:56:41.674,1.15366,1.15373,2.62,1.69
2016.09.06 10:56:41.725,1.15366,1.15373,2.25,1.25
2016.09.06 10:56:41.906,1.15366,1.15372,1.50,1.00
2016.09.06 10:56:42.109,1.15366,1.1537,1.50,1.00
2016.09.06 10:56:42.262,1.15365,1.15371,1.50,1.69
2016.09.06 10:56:42.313,1.15365,1.15371,1.00,1.25
2016.09.06 10:56:42.414,1.15365,1.15371,2.62,1.25
2016.09.06 10:56:42.564,1.15365,1.15371,1.87,1.69
2016.09.06 10:56:42.717,1.15365,1.15371,2.62,1.69
2016.09.06 10:56:42.896,1.15365,1.1537,1.87,1.00
2016.09.06 10:56:42.950,1.15365,1.1537,1.87,1.50
2016.09.06 10:56:43.430,1.15365,1.1537,1.87,1.00
2016.09.06 10:56:43.531,1.15365,1.1537,1.87,1.00
2016.09.06 10:56:43.582,1.15366,1.1537,1.12,1.00
2016.09.06 10:56:43.633,1.15366,1.15372,2.06,1.19
2016.09.06 10:56:43.695,1.15367,1.15372,1.25,1.19
2016.09.06 10:56:43.746,1.15367,1.15372,1.69,1.00
2016.09.06 10:56:43.848,1.15367,1.15372,1.31,1.00
2016.09.06 10:56:44.671,1.15367,1.15373,1.31,1.25
2016.09.06 10:56:44.723,1.15367,1.15374,1.69,2.06
2016.09.06 10:56:44.774,1.15367,1.15374,2.06,1.19
2016.09.06 10:56:44.825,1.15368,1.15374,1.69,1.19
2016.09.06 10:56:44.876,1.15369,1.15374,1.00,1.19
2016.09.06 10:56:44.985,1.15371,1.15375,1.00,1.84
2016.09.06 10:56:45.138,1.15371,1.15375,1.00,1.69
2016.09.06 10:56:45.189,1.15368,1.15375,3.56,1.69
2016.09.06 10:56:45.239,1.15368,1.15375,3.19,1.69
2016.09.06 10:56:45.291,1.15368,1.15373,2.44,1.00
2016.09.06 10:56:45.342,1.15368,1.15373,2.44,1.25
2016.09.06 10:56:45.392,1.15368,1.15373,1.69,1.25
2016.09.06 10:56:45.443,1.15368,1.15373,1.50,1.25
2016.09.06 10:56:45.494,1.15368,1.15372,1.00,1.00
2016.09.06 10:56:45.801,1.15367,1.15372,1.00,1.00
2016.09.06 10:56:46.083,1.15366,1.15371,2.06,1.25
2016.09.06 10:56:46.134,1.15367,1.15371,1.00,1.25
2016.09.06 10:56:46.512,1.15367,1.15372,1.00,1.19
2016.09.06 10:56:46.716,1.15366,1.15372,1.69,1.19
2016.09.06 10:56:46.767,1.15366,1.15371,2.44,1.25
2016.09.06 10:56:46.919,1.15366,1.15371,1.69,1.25
2016.09.06 10:56:47.021,1.15366,1.15371,1.19,1.25
2016.09.06 10:56:47.143,1.15365,1.15371,2.44,1.25
2016.09.06 10:56:47.453,1.15365,1.15369,1.00,1.00
2016.09.06 10:56:47.555,1.15365,1.1537,1.00,1.50
2016.09.06 10:56:47.606,1.15364,1.15369,1.25,1.00
2016.09.06 10:56:47.656,1.15364,1.15369,1.25,1.19
2016.09.06 10:56:47.808,1.15364,1.15369,1.25,1.69
2016.09.06 10:56:47.910,1.15363,1.15369,2.44,1.69
2016.09.06 10:56:48.021,1.15364,1.15369,1.00,1.69
2016.09.06 10:56:48.416,1.15363,1.15369,1.69,1.69
2016.09.06 10:56:48.467,1.15364,1.15369,1.00,1.19
2016.09.06 10:56:48.620,1.15364,1.1537,1.00,1.69
2016.09.06 10:56:48.671,1.15363,1.15368,2.62,1.25
2016.09.06 10:56:48.722,1.15362,1.15367,5.40,1.00
2016.09.06 10:56:48.774,1.15362,1.15367,4.65,1.00
2016.09.06 10:56:48.825,1.15362,1.15368,3.52,1.25
2016.09.06 10:56:48.877,1.15363,1.15368,1.00,1.25
2016.09.06 10:56:48.979,1.15362,1.15366,2.62,1.00
2016.09.06 10:56:49.030,1.15362,1.15368,2.25,1.25
2016.09.06 10:56:49.082,1.15362,1.15368,1.00,1.25
2016.09.06 10:56:49.133,1.15362,1.15366,1.00,1.00
2016.09.06 10:56:49.185,1.15362,1.15368,1.50,1.69
2016.09.06 10:56:49.296,1.15362,1.15368,1.00,1.69
2016.09.06 10:56:49.348,1.15362,1.15368,1.12,1.69
2016.09.06 10:56:49.501,1.15363,1.15368,1.00,1.69
2016.09.06 10:56:49.552,1.15362,1.15368,1.12,1.25
2016.09.06 10:56:49.908,1.15363,1.15369,1.12,1.29
2016.09.06 10:56:49.959,1.15363,1.15367,1.12,1.00
2016.09.06 10:56:50.060,1.15363,1.15369,1.12,1.29
2016.09.06 10:56:50.295,1.15363,1.15369,1.12,1.19
2016.09.06 10:56:50.502,1.15363,1.15369,1.87,1.19
2016.09.06 10:56:50.553,1.15365,1.1537,1.00,1.69
2016.09.06 10:56:50.604,1.15366,1.1537,1.00,1.69
2016.09.06 10:56:50.654,1.15366,1.1537,1.12,1.25
2016.09.06 10:56:50.705,1.15367,1.15372,1.87,1.76
2016.09.06 10:56:50.757,1.15368,1.15373,1.00,1.84
2016.09.06 10:56:50.808,1.15368,1.15373,1.00,1.39
2016.09.06 10:56:50.859,1.15368,1.15373,1.00,1.19
2016.09.06 10:56:50.910,1.15368,1.15373,1.37,1.19
2016.09.06 10:56:51.012,1.15367,1.15374,1.37,2.44
2016.09.06 10:56:51.136,1.15368,1.15374,1.50,1.69
2016.09.06 10:56:51.355,1.15368,1.15374,2.25,1.19
2016.09.06 10:56:51.509,1.15368,1.15374,1.12,1.69
2016.09.06 10:56:51.561,1.15368,1.15374,1.87,2.44
2016.09.06 10:56:51.611,1.15367,1.15372,1.37,1.25
2016.09.06 10:56:51.713,1.15367,1.15372,1.12,1.25
2016.09.06 10:56:51.764,1.15367,1.15373,1.12,1.19
2016.09.06 10:56:51.916,1.15367,1.15373,1.87,1.19
2016.09.06 10:56:53.297,1.15367,1.15373,1.12,1.19
2016.09.06 10:56:53.789,1.15367,1.15373,1.12,1.19
2016.09.06 10:56:53.840,1.15367,1.15374,1.12,1.69
2016.09.06 10:56:54.992,1.15366,1.15373,2.70,1.19
2016.09.06 10:56:55.094,1.15366,1.15373,1.95,1.19
2016.09.06 10:56:55.195,1.15366,1.15373,2.70,1.19
2016.09.06 10:56:55.394,1.15366,1.15373,1.95,1.19
2016.09.06 10:56:55.445,1.15366,1.15373,1.20,1.19
2016.09.06 10:56:55.597,1.15366,1.15373,1.12,1.19
2016.09.06 10:56:56.317,1.15366,1.15373,1.37,1.19
2016.09.06 10:56:58.935,1.15366,1.15373,1.37,1.69
2016.09.06 10:56:58.986,1.15366,1.15373,1.37,2.44
2016.09.06 10:56:59.037,1.15366,1.15373,1.00,3.56
2016.09.06 10:56:59.138,1.15366,1.15373,1.00,2.44
2016.09.06 10:56:59.190,1.15366,1.15373,1.00,2.81
2016.09.06 10:56:59.241,1.15366,1.15373,1.00,2.06
2016.09.06 10:56:59.332,1.15366,1.15373,1.87,3.19
2016.09.06 10:56:59.433,1.15368,1.15374,1.00,2.44
2016.09.06 10:56:59.484,1.15368,1.15374,1.00,1.69
2016.09.06 10:56:59.536,1.15369,1.15374,1.37,1.69
2016.09.06 10:56:59.587,1.1537,1.15374,1.12,1.31
2016.09.06 10:56:59.637,1.1537,1.15375,1.12,1.69
2016.09.06 10:56:59.688,1.1537,1.15375,1.12,1.19
2016.09.06 10:57:00.044,1.1537,1.15375,1.00,1.19
2016.09.06 10:57:00.763,1.1537,1.15375,1.12,1.19
2016.09.06 10:57:01.713,1.1537,1.15375,1.87,1.19
2016.09.06 10:57:02.781,1.15371,1.15376,1.00,1.19
2016.09.06 10:57:02.882,1.15371,1.15376,1.12,1.19
2016.09.06 10:57:03.246,1.15371,1.15377,1.12,1.76
2016.09.06 10:57:03.297,1.15371,1.15377,1.12,1.69
2016.09.06 10:57:03.348,1.15371,1.15377,1.12,1.19
2016.09.06 10:57:03.450,1.15371,1.15377,1.87,1.19
2016.09.06 10:57:03.501,1.15372,1.15377,1.00,1.19
2016.09.06 10:57:03.602,1.15372,1.15379,1.00,2.44
2016.09.06 10:57:03.653,1.15372,1.15379,1.00,2.06
2016.09.06 10:57:03.937,1.15372,1.15379,1.00,1.31
2016.09.06 10:57:04.294,1.15371,1.15378,1.12,1.19
2016.09.06 10:57:04.345,1.15371,1.15378,1.00,1.69
2016.09.06 10:57:04.396,1.15371,1.15378,1.00,2.44
2016.09.06 10:57:04.447,1.15371,1.15378,1.00,3.19
2016.09.06 10:57:04.498,1.15371,1.15378,1.00,3.94
2016.09.06 10:57:04.599,1.15371,1.15378,1.00,4.01
2016.09.06 10:57:04.650,1.15371,1.15378,1.12,4.01
2016.09.06 10:57:04.871,1.15371,1.15378,1.12,3.26
2016.09.06 10:57:05.141,1.15371,1.15376,1.12,1.19
2016.09.06 10:57:05.344,1.15371,1.15376,1.12,1.29
2016.09.06 10:57:05.395,1.15371,1.15376,1.12,1.39
2016.09.06 10:57:06.576,1.1537,1.15376,1.87,1.39
2016.09.06 10:57:06.677,1.1537,1.15376,1.37,1.39
2016.09.06 10:57:07.678,1.1537,1.15376,1.37,1.57
2016.09.06 10:57:07.729,1.15369,1.15375,1.87,1.12
2016.09.06 10:57:07.830,1.15369,1.15375,2.62,1.12
2016.09.06 10:57:07.984,1.15369,1.15375,2.25,1.12
2016.09.06 10:57:08.035,1.15369,1.15375,1.50,1.12
2016.09.06 10:57:08.653,1.15369,1.15375,1.50,1.25
2016.09.06 10:57:08.796,1.15369,1.15375,2.25,1.25
2016.09.06 10:57:08.930,1.15369,1.15376,1.50,1.39
2016.09.06 10:57:08.981,1.15371,1.15376,1.00,1.39
2016.09.06 10:57:09.582,1.15371,1.15376,1.37,1.39
2016.09.06 10:57:09.734,1.15372,1.15377,1.12,1.69
2016.09.06 10:57:09.785,1.15372,1.15377,1.00,1.19
2016.09.06 10:57:10.558,1.1537,1.15377,1.87,1.19
2016.09.06 10:57:10.609,1.1537,1.15376,1.87,1.19
2016.09.06 10:57:10.660,1.1537,1.15374,1.00,1.00
2016.09.06 10:57:10.711,1.15369,1.15374,1.00,1.00
2016.09.06 10:57:10.762,1.15369,1.15374,1.00,1.25
2016.09.06 10:57:10.813,1.15368,1.15373,1.87,1.00
2016.09.06 10:57:10.914,1.15368,1.15374,1.87,1.25
2016.09.06 10:57:11.453,1.15368,1.15374,2.62,1.25
2016.09.06 10:57:11.605,1.15368,1.15374,1.12,1.25
2016.09.06 10:57:11.841,1.15368,1.15373,1.12,1.00
2016.09.06 10:57:11.892,1.15368,1.15373,1.00,1.00
2016.09.06 10:57:12.747,1.15368,1.15374,1.00,1.25
2016.09.06 10:57:12.798,1.15368,1.15374,1.12,1.25
2016.09.06 10:57:13.413,1.15367,1.15374,4.12,1.25
2016.09.06 10:57:17.021,1.15369,1.15374,1.00,1.25
2016.09.06 10:57:20.793,1.15369,1.15374,1.50,1.25
2016.09.06 10:57:21.266,1.15369,1.15374,2.25,1.25
2016.09.06 10:57:22.266,1.15369,1.15374,1.50,1.25
2016.09.06 10:57:22.317,1.15369,1.15374,1.00,1.69
2016.09.06 10:57:22.367,1.15367,1.15374,2.25,1.69
2016.09.06 10:57:22.469,1.15367,1.15374,1.50,1.69
2016.09.06 10:57:22.571,1.15367,1.15374,1.50,1.25
2016.09.06 10:57:22.622,1.15367,1.15374,1.87,1.25
2016.09.06 10:57:22.723,1.15369,1.15374,1.00,1.25
2016.09.06 10:57:23.620,1.15369,1.15375,1.00,1.69
2016.09.06 10:57:23.870,1.15369,1.15375,1.00,1.19
2016.09.06 10:57:23.930,1.15369,1.15375,1.00,1.69
2016.09.06 10:57:24.358,1.15369,1.15375,1.00,1.19
2016.09.06 10:57:24.535,1.15369,1.15375,1.00,1.69
2016.09.06 10:57:25.134,1.15369,1.15375,1.00,1.19
2016.09.06 10:57:25.234,1.15369,1.15375,1.00,1.69
2016.09.06 10:57:26.540,1.15369,1.15375,1.00,1.19
2016.09.06 10:57:26.591,1.15369,1.15375,1.50,1.19
2016.09.06 10:57:26.642,1.15369,1.15376,1.50,1.84
2016.09.06 10:57:26.693,1.15371,1.15376,1.00,1.19
2016.09.06 10:57:26.744,1.15371,1.15376,1.00,1.25
2016.09.06 10:57:26.846,1.15371,1.15376,1.50,1.25
2016.09.06 10:57:26.897,1.15371,1.15377,1.87,1.76
2016.09.06 10:57:26.948,1.15372,1.15377,1.00,1.69
2016.09.06 10:57:27.000,1.15372,1.15377,1.00,1.19
2016.09.06 10:57:27.117,1.15372,1.15377,1.00,1.25
2016.09.06 10:57:27.221,1.15372,1.15377,1.50,1.25
2016.09.06 10:57:29.696,1.15372,1.15377,1.00,1.25
2016.09.06 10:57:30.504,1.15371,1.15376,1.00,1.00
2016.09.06 10:57:30.556,1.15371,1.15376,1.00,1.25
2016.09.06 10:57:31.746,1.15372,1.15377,1.00,1.19
2016.09.06 10:57:31.848,1.15372,1.15377,1.12,1.19
2016.09.06 10:57:32.026,1.15372,1.15377,1.00,1.19
2016.09.06 10:57:32.128,1.15371,1.15377,1.12,1.19
2016.09.06 10:57:33.351,1.15371,1.15377,1.00,1.19
2016.09.06 10:57:34.601,1.15371,1.15377,1.00,1.50
2016.09.06 10:57:34.652,1.1537,1.15375,2.62,1.25
2016.09.06 10:57:34.703,1.1537,1.15375,1.12,1.25
2016.09.06 10:57:35.464,1.1537,1.15375,1.00,1.25
2016.09.06 10:57:35.515,1.1537,1.15375,1.00,1.44
2016.09.06 10:57:35.789,1.15369,1.15375,1.50,1.44
2016.09.06 10:57:35.840,1.15369,1.15375,1.50,1.19
2016.09.06 10:57:35.892,1.15369,1.15374,1.50,1.25
2016.09.06 10:57:36.331,1.15369,1.15374,1.87,1.25
2016.09.06 10:57:36.484,1.15369,1.15374,1.87,1.00
2016.09.06 10:57:36.535,1.15369,1.15374,1.00,1.00
2016.09.06 10:57:36.586,1.15369,1.15375,1.00,1.50
2016.09.06 10:57:36.688,1.15369,1.15374,1.00,1.00
2016.09.06 10:57:36.784,1.15368,1.15374,1.00,1.25
2016.09.06 10:57:36.851,1.15367,1.15374,2.81,1.31
2016.09.06 10:57:36.902,1.15367,1.15374,3.56,1.25
2016.09.06 10:57:37.105,1.15367,1.15374,2.81,1.25
2016.09.06 10:57:37.207,1.15367,1.15374,2.06,1.25
2016.09.06 10:57:37.309,1.15368,1.15374,1.31,1.25
2016.09.06 10:57:37.360,1.15368,1.15375,1.31,1.29
2016.09.06 10:57:37.411,1.15368,1.15375,1.31,1.76
2016.09.06 10:57:37.618,1.15368,1.15375,1.31,1.29
2016.09.06 10:57:37.773,1.15368,1.15375,1.31,1.76
2016.09.06 10:57:37.922,1.15368,1.15375,1.12,1.76
2016.09.06 10:57:38.172,1.15368,1.15375,1.12,1.29
2016.09.06 10:57:38.296,1.15368,1.15375,1.12,1.76
2016.09.06 10:57:38.404,1.15368,1.15375,1.12,2.51
2016.09.06 10:57:38.456,1.15368,1.15375,1.00,4.01
2016.09.06 10:57:38.506,1.15368,1.15375,1.00,3.26
2016.09.06 10:57:38.572,1.15368,1.15375,1.00,4.01
2016.09.06 10:57:38.675,1.15368,1.15375,1.00,3.26
2016.09.06 10:57:38.773,1.15368,1.15375,1.00,4.01
2016.09.06 10:57:38.873,1.15368,1.15375,1.00,3.26
2016.09.06 10:57:38.974,1.15368,1.15375,1.00,4.01
2016.09.06 10:57:39.173,1.15368,1.15375,1.00,3.26
2016.09.06 10:57:39.510,1.15368,1.15375,1.00,4.01
2016.09.06 10:57:40.542,1.15369,1.15374,1.00,1.25
2016.09.06 10:57:41.136,1.15369,1.15374,1.00,1.19
2016.09.06 10:57:41.643,1.15368,1.15374,1.00,1.19
2016.09.06 10:57:41.694,1.15367,1.15374,2.62,1.19
2016.09.06 10:57:41.745,1.15367,1.15374,2.62,1.76
2016.09.06 10:57:41.856,1.15367,1.15374,1.12,1.84
2016.09.06 10:57:43.379,1.15366,1.15374,2.81,1.84
2016.09.06 10:57:43.481,1.15366,1.15374,2.81,2.59
2016.09.06 10:57:43.531,1.15366,1.15374,2.06,2.59
2016.09.06 10:57:43.582,1.15366,1.15372,1.31,1.25
2016.09.06 10:57:43.684,1.15366,1.15372,2.06,1.25
2016.09.06 10:57:44.193,1.15367,1.15373,1.37,1.19
2016.09.06 10:57:44.636,1.15367,1.15373,1.37,1.69
2016.09.06 10:57:47.338,1.15367,1.15373,1.37,1.19
2016.09.06 10:57:47.525,1.15367,1.15373,1.37,1.69
2016.09.06 10:57:47.889,1.15367,1.15373,1.00,1.69
2016.09.06 10:57:48.041,1.15366,1.15373,1.87,1.69
2016.09.06 10:57:48.193,1.15366,1.15373,1.37,1.69
2016.09.06 10:57:48.361,1.15366,1.15372,1.37,1.25
2016.09.06 10:57:48.666,1.15367,1.15372,1.12,1.25
2016.09.06 10:57:48.717,1.15367,1.15372,1.87,1.25
2016.09.06 10:57:48.767,1.15368,1.15373,1.00,1.19
2016.09.06 10:57:48.818,1.15369,1.15374,1.00,2.21
2016.09.06 10:57:48.869,1.15369,1.15374,1.00,1.84
2016.09.06 10:57:48.921,1.15369,1.15374,1.00,1.69
2016.09.06 10:57:48.972,1.15372,1.15375,1.00,1.84
2016.09.06 10:57:49.073,1.15369,1.15375,1.69,1.39
2016.09.06 10:57:49.143,1.15369,1.15376,2.44,1.69
2016.09.06 10:57:49.194,1.1537,1.15376,1.00,1.19
2016.09.06 10:57:49.245,1.1537,1.15376,1.00,1.69
2016.09.06 10:57:49.448,1.15369,1.15376,3.37,1.69
2016.09.06 10:57:49.715,1.1537,1.15376,1.50,2.44
2016.09.06 10:57:49.766,1.1537,1.15375,1.50,1.19
2016.09.06 10:57:49.817,1.1537,1.15375,1.00,1.19
2016.09.06 10:57:50.239,1.1537,1.15375,1.00,1.69
2016.09.06 10:57:50.290,1.1537,1.15375,1.00,2.44
2016.09.06 10:57:51.335,1.1537,1.15375,1.00,1.69
2016.09.06 10:57:54.518,1.1537,1.15375,1.50,1.19
2016.09.06 10:57:55.170,1.15371,1.15376,1.00,2.44
2016.09.06 10:57:55.221,1.15371,1.15376,1.19,2.44
2016.09.06 10:57:55.272,1.15371,1.15376,1.69,2.44
2016.09.06 10:57:55.323,1.15372,1.15376,1.00,1.19
2016.09.06 10:57:55.374,1.15371,1.15376,1.87,1.19
2016.09.06 10:57:55.904,1.15371,1.15377,1.87,1.19
2016.09.06 10:57:55.955,1.15371,1.15378,1.87,2.59
2016.09.06 10:57:56.532,1.15373,1.15378,1.00,1.39
2016.09.06 10:57:56.635,1.15373,1.15378,1.00,1.69
2016.09.06 10:57:56.686,1.15373,1.15377,1.00,1.19
2016.09.06 10:57:56.890,1.15372,1.15377,1.87,1.19
2016.09.06 10:57:56.941,1.15372,1.15377,1.12,1.19
2016.09.06 10:57:57.197,1.15372,1.15377,1.00,1.19
2016.09.06 10:57:57.553,1.15372,1.15378,1.00,2.44
2016.09.06 10:57:57.982,1.15372,1.15377,1.00,1.19
2016.09.06 10:57:58.084,1.15372,1.15377,1.00,1.69
2016.09.06 10:57:58.186,1.15372,1.15376,1.00,1.19
2016.09.06 10:57:58.592,1.1537,1.15376,1.69,1.19
2016.09.06 10:57:58.708,1.1537,1.15374,1.00,1.69
2016.09.06 10:57:58.759,1.15369,1.15374,1.00,1.69
2016.09.06 10:57:58.810,1.15369,1.15373,1.00,1.00
2016.09.06 10:57:58.861,1.15369,1.15373,1.00,1.25
2016.09.06 10:57:58.912,1.15369,1.15374,1.00,2.81
2016.09.06 10:57:58.963,1.15369,1.15374,1.00,1.69
2016.09.06 10:57:59.430,1.15371,1.15374,1.00,1.19
2016.09.06 10:57:59.482,1.15371,1.15375,1.00,1.31
2016.09.06 10:57:59.533,1.15371,1.15376,1.00,2.21
2016.09.06 10:57:59.585,1.15372,1.15376,1.00,1.19
2016.09.06 10:57:59.698,1.15372,1.15377,1.00,1.39
2016.09.06 10:57:59.904,1.15371,1.15377,1.25,1.29
2016.09.06 10:57:59.955,1.15371,1.15377,1.25,1.19
2016.09.06 10:58:00.487,1.15371,1.15378,1.25,1.76
2016.09.06 10:58:00.688,1.15372,1.15378,1.00,1.76
2016.09.06 10:58:00.814,1.15372,1.15378,1.00,2.51
2016.09.06 10:58:00.866,1.15372,1.15378,1.00,1.76
2016.09.06 10:58:01.791,1.15372,1.15378,1.00,2.51
2016.09.06 10:58:02.558,1.15372,1.15378,1.00,2.51
2016.09.06 10:58:02.609,1.15372,1.15378,1.00,1.76
2016.09.06 10:58:02.660,1.15372,1.15378,1.00,2.51
2016.09.06 10:58:02.711,1.1537,1.15378,1.69,2.51
2016.09.06 10:58:02.762,1.1537,1.15378,1.25,2.51
2016.09.06 10:58:02.814,1.1537,1.15377,1.25,1.00
2016.09.06 10:58:02.865,1.1537,1.15377,1.69,1.00
2016.09.06 10:58:02.915,1.1537,1.15377,1.69,1.19
2016.09.06 10:58:03.017,1.1537,1.15377,1.69,1.31
2016.09.06 10:58:03.068,1.1537,1.15377,1.25,1.31
2016.09.06 10:58:03.166,1.1537,1.15377,1.69,1.31
2016.09.06 10:58:03.217,1.15372,1.15377,1.00,2.06
2016.09.06 10:58:03.270,1.15372,1.15377,1.00,2.44
2016.09.06 10:58:03.321,1.15372,1.15377,1.00,1.19
2016.09.06 10:58:03.372,1.15372,1.15377,1.00,1.19
2016.09.06 10:58:03.912,1.15371,1.15377,1.00,1.19
2016.09.06 10:58:04.299,1.15374,1.15377,1.00,1.19
2016.09.06 10:58:04.571,1.15374,1.15377,1.00,1.25
2016.09.06 10:58:04.775,1.15375,1.15379,1.00,1.39
2016.09.06 10:58:04.877,1.15376,1.15379,1.00,1.19
2016.09.06 10:58:04.978,1.15377,1.1538,1.00,1.76
2016.09.06 10:58:05.080,1.15377,1.1538,1.00,1.69
2016.09.06 10:58:05.624,1.15376,1.1538,1.00,1.69
2016.09.06 10:58:06.034,1.15376,1.1538,1.00,1.19
2016.09.06 10:58:06.541,1.15376,1.1538,1.00,1.69
2016.09.06 10:58:06.803,1.15375,1.1538,1.00,1.19
2016.09.06 10:58:07.008,1.15375,1.15379,1.00,1.25
2016.09.06 10:58:09.064,1.15374,1.15379,1.00,1.25
2016.09.06 10:58:09.115,1.15376,1.1538,1.00,1.19
2016.09.06 10:58:09.915,1.15377,1.1538,1.00,1.19
2016.09.06 10:58:12.731,1.15376,1.1538,1.00,1.19
2016.09.06 10:58:13.189,1.15376,1.1538,1.00,2.06
2016.09.06 10:58:14.249,1.15375,1.1538,1.25,2.81
2016.09.06 10:58:14.300,1.15375,1.15379,1.25,1.25
2016.09.06 10:58:14.617,1.15375,1.1538,1.25,2.81
2016.09.06 10:58:14.668,1.15376,1.1538,1.00,2.06
2016.09.06 10:58:14.922,1.15376,1.1538,1.00,1.69
2016.09.06 10:58:15.074,1.15376,1.1538,1.00,2.06
2016.09.06 10:58:18.015,1.15374,1.1538,1.00,2.06
2016.09.06 10:58:18.066,1.15375,1.1538,1.00,3.19
2016.09.06 10:58:18.117,1.15375,1.1538,1.00,2.44
2016.09.06 10:58:18.168,1.15375,1.1538,1.00,2.06
2016.09.06 10:58:18.332,1.15375,1.15379,1.00,1.25
2016.09.06 10:58:18.434,1.15374,1.15378,1.00,1.00
2016.09.06 10:58:18.536,1.15374,1.15378,1.00,1.25
2016.09.06 10:58:19.341,1.15374,1.15379,1.00,1.69
2016.09.06 10:58:19.595,1.15374,1.15379,1.00,1.19
2016.09.06 10:58:20.438,1.15374,1.15379,1.25,1.19
2016.09.06 10:58:21.057,1.15375,1.15381,1.25,4.76
2016.09.06 10:58:21.108,1.15377,1.15381,1.00,4.76
2016.09.06 10:58:21.231,1.15378,1.15383,1.00,3.71
2016.09.06 10:58:21.282,1.15378,1.15383,1.00,2.96
2016.09.06 10:58:21.333,1.15378,1.15383,1.00,2.21
2016.09.06 10:58:21.384,1.15378,1.15383,1.00,2.06
2016.09.06 10:58:21.794,1.15378,1.15383,1.00,2.21
2016.09.06 10:58:21.947,1.15376,1.15383,1.00,1.46
2016.09.06 10:58:22.364,1.15376,1.15383,1.00,2.59
2016.09.06 10:58:22.466,1.15376,1.15383,1.00,3.71
2016.09.06 10:58:22.774,1.15377,1.15382,1.00,1.25
2016.09.06 10:58:23.573,1.15377,1.15383,1.00,1.84
2016.09.06 10:58:23.624,1.15377,1.15383,1.00,1.39
2016.09.06 10:58:23.675,1.15379,1.15384,1.00,4.31
2016.09.06 10:58:23.726,1.15379,1.15384,1.00,3.56
2016.09.06 10:58:23.777,1.15379,1.15384,1.00,2.14
2016.09.06 10:58:24.704,1.15379,1.15384,1.00,1.76
2016.09.06 10:58:25.227,1.15379,1.15384,1.00,1.29
2016.09.06 10:58:25.329,1.15379,1.15384,1.19,1.29
2016.09.06 10:58:25.380,1.15378,1.15385,1.19,2.14
2016.09.06 10:58:25.744,1.15378,1.15385,1.19,1.84
2016.09.06 10:58:25.820,1.15378,1.15385,1.19,1.76
2016.09.06 10:58:26.558,1.15378,1.15384,1.19,1.69
2016.09.06 10:58:26.775,1.15378,1.15384,1.25,1.84
2016.09.06 10:58:27.543,1.15378,1.15384,1.25,1.39
2016.09.06 10:58:27.655,1.15378,1.15384,1.00,1.39
2016.09.06 10:58:28.199,1.15376,1.15382,2.44,1.19
2016.09.06 10:58:28.251,1.15376,1.15381,1.50,1.19
2016.09.06 10:58:28.302,1.15376,1.15381,1.00,1.19
2016.09.06 10:58:28.353,1.15376,1.15381,1.00,1.69
2016.09.06 10:58:28.556,1.15376,1.15381,1.19,1.19
2016.09.06 10:58:28.705,1.15376,1.15381,1.19,1.69
2016.09.06 10:58:28.757,1.15377,1.15382,1.19,1.84
2016.09.06 10:58:28.808,1.15377,1.15382,1.19,2.59
2016.09.06 10:58:28.859,1.15377,1.15382,1.19,1.84
2016.09.06 10:58:28.910,1.15377,1.15382,1.19,1.39
2016.09.06 10:58:28.961,1.15377,1.15382,1.19,1.19
2016.09.06 10:58:29.317,1.15377,1.15382,1.19,2.44
2016.09.06 10:58:29.418,1.15377,1.15382,1.19,1.69
2016.09.06 10:58:29.748,1.15377,1.15382,1.00,1.69
2016.09.06 10:58:30.063,1.15377,1.15382,1.00,2.44
2016.09.06 10:58:30.594,1.15378,1.15382,1.00,1.69
2016.09.06 10:58:30.841,1.15377,1.15382,1.25,1.69
2016.09.06 10:58:30.892,1.15377,1.15382,1.25,1.19
2016.09.06 10:58:32.544,1.15377,1.15382,1.19,1.19
2016.09.06 10:58:33.274,1.15377,1.15382,1.00,1.19
2016.09.06 10:58:33.495,1.15379,1.15382,1.00,1.19
2016.09.06 10:58:33.597,1.1538,1.15384,1.00,2.51
2016.09.06 10:58:33.648,1.1538,1.15384,1.00,1.76
2016.09.06 10:58:33.700,1.1538,1.15384,1.00,1.66
2016.09.06 10:58:33.751,1.1538,1.15384,1.00,1.29
2016.09.06 10:58:33.803,1.1538,1.15384,1.00,1.19
2016.09.06 10:58:33.854,1.15379,1.15384,1.25,1.69
2016.09.06 10:58:36.667,1.15378,1.15384,1.19,1.76
2016.09.06 10:58:36.838,1.15378,1.15384,1.19,3.34
2016.09.06 10:58:37.076,1.15378,1.15383,1.19,1.19
2016.09.06 10:58:44.869,1.1538,1.15383,1.00,1.19
2016.09.06 10:58:44.920,1.1538,1.15384,1.50,1.29
2016.09.06 10:58:44.972,1.1538,1.15385,1.50,2.51
2016.09.06 10:58:45.023,1.1538,1.15385,1.50,1.76
2016.09.06 10:58:45.125,1.1538,1.15385,1.50,1.29
2016.09.06 10:58:45.278,1.1538,1.15385,1.00,1.29
2016.09.06 10:58:45.668,1.1538,1.15385,1.50,1.29
2016.09.06 10:58:46.011,1.1538,1.15385,1.00,1.29
2016.09.06 10:58:46.370,1.1538,1.15385,1.50,1.29
2016.09.06 10:58:46.794,1.1538,1.15385,1.00,1.29
2016.09.06 10:58:46.871,1.1538,1.15385,1.50,1.29
2016.09.06 10:58:46.971,1.1538,1.15385,1.00,1.29
2016.09.06 10:58:47.141,1.1538,1.15385,1.00,1.19
2016.09.06 10:58:47.192,1.1538,1.15385,1.50,1.19
2016.09.06 10:58:47.395,1.1538,1.15385,1.00,1.19
2016.09.06 10:58:47.786,1.1538,1.15385,1.50,1.19
2016.09.06 10:58:48.374,1.1538,1.15385,1.00,1.19
2016.09.06 10:58:48.792,1.1538,1.15385,1.50,1.19
2016.09.06 10:58:49.276,1.1538,1.15385,1.00,1.19
2016.09.06 10:58:49.376,1.1538,1.15385,1.50,1.19
2016.09.06 10:58:49.718,1.1538,1.15385,1.00,1.19
2016.09.06 10:58:49.877,1.1538,1.15385,1.50,1.19
2016.09.06 10:58:50.418,1.1538,1.15385,1.00,1.19
2016.09.06 10:58:51.192,1.1538,1.15385,1.50,1.19
2016.09.06 10:58:51.492,1.1538,1.15385,1.00,1.19
2016.09.06 10:58:51.783,1.1538,1.15385,1.50,1.19
2016.09.06 10:58:51.885,1.1538,1.15383,1.00,1.00
2016.09.06 10:58:51.936,1.1538,1.15383,1.00,1.50
2016.09.06 10:58:51.987,1.15378,1.15383,1.19,1.69
2016.09.06 10:58:52.089,1.15378,1.15383,1.00,2.06
2016.09.06 10:58:52.140,1.15378,1.15383,1.00,2.81
2016.09.06 10:58:52.191,1.15378,1.15383,1.00,2.89
2016.09.06 10:58:52.292,1.15378,1.15382,1.00,1.69
2016.09.06 10:58:52.343,1.15377,1.15382,1.00,2.44
2016.09.06 10:58:52.595,1.15377,1.15382,1.00,2.81
2016.09.06 10:58:52.834,1.15377,1.15382,1.00,2.44
2016.09.06 10:58:53.309,1.15377,1.15382,1.00,2.81
2016.09.06 10:58:54.077,1.15377,1.15382,1.00,2.89
2016.09.06 10:58:55.300,1.15376,1.15382,1.00,2.89
2016.09.06 10:58:55.833,1.15377,1.15382,1.00,1.76
2016.09.06 10:58:55.935,1.15377,1.15382,1.00,1.29
2016.09.06 10:58:56.445,1.15377,1.15382,1.00,1.19
2016.09.06 10:58:57.030,1.15377,1.15383,1.00,2.96
2016.09.06 10:58:59.355,1.15377,1.15382,1.00,1.19
2016.09.06 10:58:59.406,1.15377,1.15383,1.00,2.21
2016.09.06 10:58:59.933,1.15378,1.15383,1.00,2.21
2016.09.06 10:59:01.012,1.15376,1.15383,1.50,1.46
2016.09.06 10:59:01.136,1.15378,1.15383,1.00,2.21
2016.09.06 10:59:01.209,1.15378,1.15383,1.00,1.46
2016.09.06 10:59:04.219,1.15378,1.15383,1.00,2.21
2016.09.06 10:59:04.845,1.1538,1.15384,1.00,1.69
2016.09.06 10:59:04.946,1.15382,1.15386,1.00,1.60
2016.09.06 10:59:05.048,1.15382,1.15388,1.00,2.06
2016.09.06 10:59:05.099,1.15382,1.15388,1.50,2.06
2016.09.06 10:59:05.150,1.15382,1.15388,1.50,1.69
2016.09.06 10:59:05.963,1.15382,1.15388,1.50,1.19
2016.09.06 10:59:06.014,1.15382,1.15388,1.00,1.19
2016.09.06 10:59:06.825,1.15382,1.15388,1.00,1.37
2016.09.06 10:59:06.877,1.1538,1.15387,3.00,1.12
2016.09.06 10:59:06.928,1.1538,1.15387,2.25,1.12
2016.09.06 10:59:07.130,1.1538,1.15387,1.00,1.12
2016.09.06 10:59:07.232,1.1538,1.15387,2.25,1.12
2016.09.06 10:59:07.333,1.1538,1.15387,1.50,1.12
2016.09.06 10:59:07.414,1.1538,1.15385,1.50,1.00
2016.09.06 10:59:07.723,1.15381,1.15386,1.00,1.00
2016.09.06 10:59:07.774,1.1538,1.15385,1.50,1.00
2016.09.06 10:59:07.825,1.15379,1.15386,1.00,1.50
2016.09.06 10:59:07.876,1.15379,1.15385,1.00,1.00
2016.09.06 10:59:07.927,1.15378,1.15385,1.95,1.69
2016.09.06 10:59:07.978,1.15378,1.15385,1.57,1.69
2016.09.06 10:59:08.030,1.15378,1.15385,1.00,1.69
2016.09.06 10:59:08.081,1.15377,1.15385,4.65,1.69
2016.09.06 10:59:08.132,1.15377,1.15385,4.65,1.19
2016.09.06 10:59:08.184,1.15378,1.15383,1.00,1.25
2016.09.06 10:59:08.388,1.15378,1.15383,1.12,1.25
2016.09.06 10:59:09.070,1.15378,1.15383,1.87,1.25
2016.09.06 10:59:09.414,1.15378,1.15383,2.62,1.25
2016.09.06 10:59:09.718,1.15378,1.15383,1.87,1.25
2016.09.06 10:59:10.107,1.15378,1.15383,2.62,1.25
2016.09.06 10:59:10.209,1.15378,1.15383,1.87,1.25
2016.09.06 10:59:10.339,1.15379,1.15384,1.12,1.19
2016.09.06 10:59:10.390,1.15378,1.15383,1.87,1.25
2016.09.06 10:59:10.441,1.15378,1.15383,2.62,1.25
2016.09.06 10:59:10.543,1.15378,1.15383,2.62,1.00
2016.09.06 10:59:10.595,1.15378,1.15382,1.00,1.00
2016.09.06 10:59:10.646,1.15377,1.15382,1.87,1.00
2016.09.06 10:59:10.697,1.15376,1.15381,2.25,1.00
2016.09.06 10:59:10.748,1.15376,1.15381,1.00,1.00
2016.09.06 10:59:10.798,1.15377,1.15382,1.00,1.57
2016.09.06 10:59:10.849,1.15375,1.15382,2.25,2.70
2016.09.06 10:59:10.900,1.15375,1.15382,1.50,2.89
2016.09.06 10:59:10.951,1.15375,1.15382,1.00,3.26
2016.09.06 10:59:11.002,1.15375,1.15382,1.00,3.94
2016.09.06 10:59:11.148,1.15375,1.15381,1.00,1.20
2016.09.06 10:59:11.209,1.15375,1.15382,1.00,3.19
2016.09.06 10:59:11.533,1.15375,1.15382,1.00,2.81
2016.09.06 10:59:11.584,1.15375,1.15382,1.00,3.94
2016.09.06 10:59:11.635,1.15375,1.15382,1.00,3.56
2016.09.06 10:59:11.823,1.15374,1.15382,2.25,3.56
2016.09.06 10:59:12.370,1.15374,1.15381,1.50,1.39
2016.09.06 10:59:12.421,1.15373,1.15381,2.62,1.39
2016.09.06 10:59:12.472,1.15373,1.15381,1.87,1.39
2016.09.06 10:59:12.522,1.15373,1.15381,1.50,1.39
2016.09.06 10:59:12.574,1.15373,1.15381,1.50,1.46
2016.09.06 10:59:12.777,1.15373,1.15381,1.50,2.21
2016.09.06 10:59:12.833,1.15373,1.1538,1.50,1.19
2016.09.06 10:59:13.065,1.15373,1.1538,1.50,1.69
2016.09.06 10:59:13.317,1.15373,1.1538,1.50,1.19
2016.09.06 10:59:13.368,1.15373,1.1538,2.25,1.69
2016.09.06 10:59:14.177,1.15373,1.1538,1.50,1.69
2016.09.06 10:59:14.278,1.15373,1.1538,1.50,1.19
2016.09.06 10:59:14.387,1.15373,1.1538,1.50,1.69
2016.09.06 10:59:14.950,1.15373,1.1538,1.50,1.19
2016.09.06 10:59:15.001,1.15374,1.15379,1.00,1.25
2016.09.06 10:59:15.171,1.15372,1.15379,2.25,1.25
2016.09.06 10:59:15.222,1.15372,1.15379,1.50,1.25
2016.09.06 10:59:15.273,1.15371,1.15379,3.37,1.25
2016.09.06 10:59:15.324,1.15371,1.15379,2.62,1.25
2016.09.06 10:59:15.425,1.15371,1.15378,3.00,1.00
2016.09.06 10:59:15.476,1.15371,1.15378,2.25,1.00
2016.09.06 10:59:15.527,1.15371,1.15378,2.62,1.00
2016.09.06 10:59:15.674,1.15373,1.15378,1.00,1.00
2016.09.06 10:59:16.030,1.15374,1.15379,1.00,1.25
2016.09.06 10:59:16.132,1.15373,1.15378,1.12,1.00
2016.09.06 10:59:16.210,1.15374,1.15379,1.00,1.25
2016.09.06 10:59:16.311,1.15373,1.15381,1.00,3.75
2016.09.06 10:59:16.362,1.15373,1.15381,3.37,3.00
2016.09.06 10:59:16.413,1.15374,1.15379,1.00,1.25
2016.09.06 10:59:16.491,1.15374,1.15381,1.00,2.62
2016.09.06 10:59:16.544,1.15374,1.15379,1.00,1.25
2016.09.06 10:59:16.646,1.15375,1.1538,2.25,1.76
2016.09.06 10:59:16.697,1.15375,1.1538,2.25,1.50
2016.09.06 10:59:16.799,1.15375,1.1538,2.25,1.00
2016.09.06 10:59:16.850,1.15375,1.1538,2.25,1.50
2016.09.06 10:59:17.054,1.15375,1.1538,1.50,1.50
2016.09.06 10:59:17.155,1.15375,1.1538,1.00,1.50
2016.09.06 10:59:17.350,1.15375,1.1538,1.00,1.00
2016.09.06 10:59:17.452,1.15375,1.1538,1.00,1.50
2016.09.06 10:59:17.572,1.15375,1.1538,1.00,1.00
2016.09.06 10:59:17.770,1.15375,1.1538,1.00,1.50
2016.09.06 10:59:18.153,1.15375,1.1538,1.00,1.00
2016.09.06 10:59:18.255,1.15375,1.1538,1.00,1.50
2016.09.06 10:59:19.095,1.15375,1.1538,1.00,1.00
2016.09.06 10:59:19.276,1.15375,1.1538,1.50,1.50
2016.09.06 10:59:19.445,1.15375,1.1538,1.00,1.50
2016.09.06 10:59:19.597,1.15375,1.1538,1.00,1.00
2016.09.06 10:59:20.057,1.15375,1.1538,1.00,1.50
2016.09.06 10:59:20.286,1.15375,1.1538,1.00,1.00
2016.09.06 10:59:20.387,1.15375,1.1538,1.00,1.50
2016.09.06 10:59:20.597,1.15375,1.1538,1.00,1.00
2016.09.06 10:59:21.194,1.15374,1.15379,2.25,1.00
2016.09.06 10:59:21.400,1.15374,1.15381,2.25,2.44
2016.09.06 10:59:21.501,1.15374,1.15381,2.25,1.69
2016.09.06 10:59:21.552,1.15374,1.15381,2.25,1.25
2016.09.06 10:59:21.653,1.15375,1.1538,1.00,1.00
2016.09.06 10:59:21.876,1.15374,1.15379,1.50,1.00
2016.09.06 10:59:22.112,1.15375,1.15379,1.00,1.00
2016.09.06 10:59:22.163,1.15375,1.1538,1.00,1.00
2016.09.06 10:59:22.265,1.15375,1.1538,1.00,1.50
2016.09.06 10:59:22.315,1.15375,1.1538,1.50,1.50
2016.09.06 10:59:22.366,1.15375,1.1538,1.50,1.00
2016.09.06 10:59:22.831,1.15375,1.15381,1.00,1.69
2016.09.06 10:59:22.926,1.15375,1.15381,1.00,1.25
2016.09.06 10:59:22.977,1.15375,1.1538,1.00,1.00
2016.09.06 10:59:23.366,1.15375,1.1538,1.00,1.50
2016.09.06 10:59:23.417,1.15374,1.15379,1.50,1.25
2016.09.06 10:59:23.518,1.15374,1.15379,1.00,1.25
2016.09.06 10:59:23.823,1.15374,1.15379,1.50,1.25
2016.09.06 10:59:24.162,1.15375,1.1538,1.50,1.50
2016.09.06 10:59:24.213,1.15375,1.1538,1.50,1.00
2016.09.06 10:59:24.416,1.15375,1.1538,1.00,1.00
2016.09.06 10:59:24.518,1.15374,1.1538,4.12,1.00
2016.09.06 10:59:24.570,1.15374,1.1538,2.62,1.50
2016.09.06 10:59:24.672,1.15374,1.1538,1.00,1.19
2016.09.06 10:59:24.774,1.15374,1.15381,1.50,1.37
2016.09.06 10:59:24.876,1.15374,1.1538,1.50,1.25
2016.09.06 10:59:25.070,1.15374,1.1538,1.50,1.69
2016.09.06 10:59:25.183,1.15374,1.15382,1.50,1.87
2016.09.06 10:59:25.234,1.15374,1.15379,1.50,1.00
2016.09.06 10:59:25.338,1.15374,1.15379,1.50,1.25
2016.09.06 10:59:25.389,1.15374,1.1538,1.50,1.87
2016.09.06 10:59:25.440,1.15374,1.1538,2.25,1.87
2016.09.06 10:59:25.592,1.15374,1.1538,2.25,1.44
2016.09.06 10:59:25.695,1.15374,1.15379,1.50,1.25
2016.09.06 10:59:25.746,1.15374,1.15379,1.00,1.25
2016.09.06 10:59:25.904,1.15373,1.15379,2.25,1.25
2016.09.06 10:59:25.955,1.15374,1.15379,1.00,1.00
2016.09.06 10:59:26.064,1.15374,1.1538,1.00,1.69
2016.09.06 10:59:26.296,1.15374,1.15379,1.00,1.00
2016.09.06 10:59:26.349,1.15373,1.15377,1.00,1.00
2016.09.06 10:59:26.425,1.15372,1.15377,1.87,1.00
2016.09.06 10:59:26.577,1.15372,1.15377,1.12,1.00
2016.09.06 10:59:26.679,1.15372,1.15377,1.87,1.00
2016.09.06 10:59:26.731,1.15372,1.15376,1.12,1.00
2016.09.06 10:59:26.832,1.1537,1.15376,4.57,1.69
2016.09.06 10:59:26.883,1.1537,1.15375,2.70,1.00
2016.09.06 10:59:26.934,1.1537,1.15375,2.62,1.00
2016.09.06 10:59:26.985,1.1537,1.15375,3.37,1.00
2016.09.06 10:59:27.036,1.1537,1.15375,2.62,1.00
2016.09.06 10:59:27.087,1.1537,1.15375,1.87,1.50
2016.09.06 10:59:27.291,1.1537,1.15375,1.87,1.00
2016.09.06 10:59:27.393,1.1537,1.15375,1.87,1.50
2016.09.06 10:59:27.678,1.15369,1.15373,1.37,1.00
2016.09.06 10:59:27.729,1.15368,1.15373,3.37,1.00
2016.09.06 10:59:27.780,1.15368,1.15373,3.37,1.50
2016.09.06 10:59:27.890,1.15368,1.15373,1.50,1.50
2016.09.06 10:59:27.941,1.15368,1.15373,1.87,1.50
2016.09.06 10:59:27.992,1.15368,1.15373,1.12,1.50
2016.09.06 10:59:28.043,1.15368,1.15373,1.12,1.69
2016.09.06 10:59:28.354,1.15367,1.15372,3.00,1.19
2016.09.06 10:59:28.405,1.15368,1.15373,1.12,1.69
2016.09.06 10:59:28.456,1.15366,1.15372,2.25,1.19
2016.09.06 10:59:28.507,1.15366,1.15372,1.87,1.19
2016.09.06 10:59:28.608,1.15366,1.15371,1.87,1.25
2016.09.06 10:59:28.710,1.15366,1.15372,1.87,1.19
2016.09.06 10:59:28.761,1.15368,1.15372,1.37,1.19
2016.09.06 10:59:28.907,1.15367,1.15372,2.62,1.19
2016.09.06 10:59:28.958,1.15368,1.15372,1.87,1.25
2016.09.06 10:59:29.009,1.15368,1.15373,2.62,1.19
2016.09.06 10:59:29.313,1.15368,1.15373,3.75,1.19
2016.09.06 10:59:29.364,1.15369,1.15373,1.12,1.19
2016.09.06 10:59:30.152,1.15369,1.15373,1.00,1.19
2016.09.06 10:59:30.304,1.15368,1.1537,1.00,1.00
2016.09.06 10:59:30.355,1.15366,1.15372,3.82,1.19
2016.09.06 10:59:30.406,1.15366,1.15371,3.07,1.25
2016.09.06 10:59:30.457,1.15366,1.15371,3.00,1.25
2016.09.06 10:59:30.508,1.15366,1.15371,3.37,1.25
2016.09.06 10:59:30.559,1.15366,1.15371,2.62,1.25
2016.09.06 10:59:30.660,1.15366,1.15371,1.50,1.25
2016.09.06 10:59:30.964,1.15366,1.15373,2.25,1.19
2016.09.06 10:59:31.015,1.15367,1.15373,1.00,1.19
2016.09.06 10:59:31.066,1.15367,1.15373,1.50,1.19
2016.09.06 10:59:31.118,1.15367,1.15374,2.25,1.19
2016.09.06 10:59:31.264,1.15367,1.15372,2.25,1.25
2016.09.06 10:59:31.315,1.15367,1.15372,1.50,1.25
2016.09.06 10:59:31.366,1.15367,1.15372,1.87,1.25
2016.09.06 10:59:31.775,1.15367,1.15372,2.62,1.25
2016.09.06 10:59:31.826,1.15367,1.15373,2.62,1.19
2016.09.06 10:59:31.877,1.15368,1.15373,1.00,1.19
2016.09.06 10:59:31.928,1.15368,1.15373,1.50,1.19
2016.09.06 10:59:32.098,1.15368,1.15373,1.00,1.19
2016.09.06 10:59:32.149,1.15367,1.1537,1.87,1.00
2016.09.06 10:59:32.200,1.15367,1.1537,1.00,1.00
2016.09.06 10:59:32.252,1.15366,1.15371,2.77,1.00
2016.09.06 10:59:32.303,1.15366,1.15369,1.65,1.00
2016.09.06 10:59:32.354,1.15366,1.15369,1.00,1.00
2016.09.06 10:59:32.456,1.15365,1.15369,1.00,1.00
2016.09.06 10:59:32.659,1.15363,1.15369,3.82,1.00
2016.09.06 10:59:32.710,1.15364,1.15369,1.20,1.00
2016.09.06 10:59:32.812,1.15363,1.15368,3.07,1.00
2016.09.06 10:59:32.863,1.15363,1.15366,1.20,1.00
2016.09.06 10:59:32.914,1.15362,1.15366,2.62,1.00
2016.09.06 10:59:32.964,1.15362,1.15366,1.12,1.00
2016.09.06 10:59:33.015,1.15361,1.15365,2.02,1.00
2016.09.06 10:59:33.127,1.1536,1.15365,3.82,1.00
2016.09.06 10:59:33.229,1.1536,1.15365,3.07,1.00
2016.09.06 10:59:33.289,1.1536,1.15365,3.82,1.00
2016.09.06 10:59:33.340,1.1536,1.15365,3.07,1.00
2016.09.06 10:59:33.391,1.1536,1.15365,2.32,1.00
2016.09.06 10:59:33.489,1.1536,1.15365,3.07,1.00
2016.09.06 10:59:33.892,1.15362,1.15364,1.12,1.00
2016.09.06 10:59:34.843,1.15362,1.15364,1.12,1.00
2016.09.06 10:59:34.894,1.15361,1.15364,1.87,1.00
2016.09.06 10:59:35.085,1.15361,1.15364,2.62,1.00
2016.09.06 10:59:35.717,1.15361,1.15364,1.12,1.00
2016.09.06 10:59:35.768,1.1536,1.15363,1.87,1.00
2016.09.06 10:59:35.819,1.1536,1.15365,2.62,1.50
2016.09.06 10:59:35.870,1.1536,1.15365,2.25,1.50
2016.09.06 10:59:35.921,1.1536,1.15365,1.37,1.50
2016.09.06 10:59:36.022,1.15362,1.15365,1.12,1.50
2016.09.06 10:59:36.073,1.15363,1.15365,1.00,1.50
2016.09.06 10:59:36.127,1.15364,1.15365,1.00,1.00
2016.09.06 10:59:36.206,1.15364,1.15367,1.00,1.25
2016.09.06 10:59:36.320,1.15364,1.15368,1.00,1.19
2016.09.06 10:59:36.423,1.15365,1.15367,1.00,1.00
2016.09.06 10:59:36.628,1.15365,1.15369,1.00,1.00
2016.09.06 10:59:36.810,1.15365,1.15369,2.25,1.00
2016.09.06 10:59:36.861,1.15365,1.15369,3.00,1.00
2016.09.06 10:59:37.403,1.15365,1.15369,3.75,1.00
2016.09.06 10:59:37.610,1.15365,1.15369,3.00,1.00
2016.09.06 10:59:37.768,1.15365,1.15368,2.25,1.00
2016.09.06 10:59:37.819,1.15365,1.15367,1.00,1.00
2016.09.06 10:59:38.073,1.1536,1.15365,7.87,1.00
2016.09.06 10:59:38.123,1.1536,1.15365,4.87,1.00
2016.09.06 10:59:38.174,1.1536,1.15365,3.00,1.00
2016.09.06 10:59:38.326,1.1536,1.15365,3.00,1.50
2016.09.06 10:59:38.428,1.1536,1.15365,3.75,1.00
2016.09.06 10:59:38.591,1.1536,1.15365,3.75,1.50
2016.09.06 10:59:38.795,1.1536,1.15365,4.12,1.50
2016.09.06 10:59:38.846,1.1536,1.15365,4.12,1.00
2016.09.06 10:59:38.897,1.1536,1.15365,3.75,1.00
2016.09.06 10:59:38.948,1.15363,1.15365,1.00,1.00
2016.09.06 10:59:38.999,1.15363,1.15365,1.12,1.00
2016.09.06 10:59:39.050,1.15365,1.15369,1.00,1.20
2016.09.06 10:59:39.101,1.15365,1.1537,1.50,2.25
2016.09.06 10:59:39.152,1.15365,1.1537,2.25,1.00
2016.09.06 10:59:39.254,1.15365,1.1537,3.00,1.50
2016.09.06 10:59:39.305,1.15365,1.1537,2.25,1.00
2016.09.06 10:59:39.405,1.15365,1.1537,3.00,1.50
2016.09.06 10:59:39.622,1.15365,1.1537,3.75,1.50
2016.09.06 10:59:40.024,1.15365,1.1537,3.75,1.00
2016.09.06 10:59:40.075,1.15365,1.1537,3.00,1.00
2016.09.06 10:59:40.126,1.15365,1.1537,4.50,1.50
2016.09.06 10:59:40.177,1.15365,1.1537,3.75,1.50
2016.09.06 10:59:40.279,1.15365,1.15368,2.25,1.00
2016.09.06 10:59:40.330,1.15362,1.15367,4.12,1.00
2016.09.06 10:59:40.381,1.15362,1.15367,1.95,1.00
2016.09.06 10:59:40.432,1.15362,1.15367,1.20,1.00
2016.09.06 10:59:40.483,1.15362,1.15367,1.00,1.00
2016.09.06 10:59:40.681,1.15362,1.15367,1.50,1.00
2016.09.06 10:59:40.734,1.15362,1.15367,2.62,1.00
2016.09.06 10:59:40.786,1.15363,1.15367,1.00,1.00
2016.09.06 10:59:40.837,1.15363,1.15367,1.50,1.00
2016.09.06 10:59:41.417,1.15363,1.15368,1.50,1.00
2016.09.06 10:59:41.468,1.15363,1.15366,1.50,1.00
2016.09.06 10:59:41.519,1.15363,1.15366,1.00,1.00
2016.09.06 10:59:41.570,1.15361,1.15366,2.62,1.19
2016.09.06 10:59:41.651,1.15361,1.15366,2.25,1.19
2016.09.06 10:59:41.704,1.15361,1.15366,1.12,1.19
2016.09.06 10:59:41.755,1.15361,1.15365,1.12,1.25
2016.09.06 10:59:41.857,1.15361,1.15366,1.12,2.44
2016.09.06 10:59:41.912,1.15361,1.15365,1.12,1.25
2016.09.06 10:59:42.014,1.15361,1.15364,1.12,1.00
2016.09.06 10:59:42.493,1.15359,1.15364,3.75,1.00
2016.09.06 10:59:42.544,1.15359,1.15364,3.00,1.00
2016.09.06 10:59:42.811,1.15359,1.15364,2.25,1.00
2016.09.06 10:59:43.016,1.15359,1.15364,3.00,1.00
2016.09.06 10:59:43.067,1.15359,1.15364,2.25,1.00
2016.09.06 10:59:43.118,1.15359,1.15362,1.00,1.00
2016.09.06 10:59:43.169,1.15356,1.15361,1.20,1.00
2016.09.06 10:59:43.220,1.15355,1.1536,1.65,1.19
2016.09.06 10:59:43.271,1.15355,1.1536,1.20,1.19
2016.09.06 10:59:43.322,1.15354,1.1536,2.25,1.69
2016.09.06 10:59:43.405,1.15354,1.15359,1.50,1.25
2016.09.06 10:59:43.456,1.15354,1.15359,1.00,1.25
2016.09.06 10:59:44.264,1.15353,1.15359,4.87,1.25
2016.09.06 10:59:44.367,1.15353,1.15359,4.12,1.25
2016.09.06 10:59:46.030,1.15353,1.15358,4.12,1.00
2016.09.06 10:59:46.096,1.15353,1.15358,4.87,1.00
2016.09.06 10:59:46.147,1.15353,1.15358,4.12,1.00
2016.09.06 10:59:46.261,1.15353,1.15358,3.00,1.00
2016.09.06 10:59:46.521,1.15353,1.15358,4.12,1.00
2016.09.06 10:59:46.624,1.15353,1.15358,2.25,1.00
2016.09.06 10:59:46.675,1.15353,1.15358,1.50,1.00
2016.09.06 10:59:47.240,1.15352,1.15359,1.95,1.25
2016.09.06 10:59:47.291,1.15352,1.15358,1.20,1.00
2016.09.06 10:59:47.342,1.15351,1.15358,6.82,1.00
2016.09.06 10:59:47.512,1.15351,1.15358,6.45,1.00
2016.09.06 10:59:47.614,1.15351,1.15358,6.07,1.00
2016.09.06 10:59:47.664,1.15351,1.15358,4.95,1.00
2016.09.06 10:59:47.715,1.15351,1.15358,3.82,1.00
2016.09.06 10:59:48.095,1.15354,1.15359,1.00,1.69
2016.09.06 10:59:48.146,1.15356,1.1536,1.00,1.19
2016.09.06 10:59:48.214,1.15357,1.15361,1.00,1.29
2016.09.06 10:59:48.266,1.15357,1.15363,1.00,1.69
2016.09.06 10:59:48.317,1.15357,1.1536,1.00,1.00
2016.09.06 10:59:48.369,1.15355,1.1536,2.77,1.00
2016.09.06 10:59:48.420,1.15355,1.1536,1.20,1.00
2016.09.06 10:59:48.522,1.15354,1.15361,3.37,1.19
2016.09.06 10:59:48.573,1.15354,1.1536,3.37,1.19
2016.09.06 10:59:48.624,1.15354,1.1536,1.87,1.19
2016.09.06 10:59:48.675,1.15354,1.15358,1.87,1.00
2016.09.06 10:59:48.728,1.15354,1.15359,1.00,1.25
2016.09.06 10:59:48.830,1.15356,1.1536,1.00,1.69
2016.09.06 10:59:48.881,1.15356,1.1536,1.00,1.19
2016.09.06 10:59:48.992,1.15359,1.15362,1.00,1.29
2016.09.06 10:59:49.044,1.15359,1.15363,1.87,1.00
2016.09.06 10:59:49.096,1.15359,1.15363,2.25,1.00
2016.09.06 10:59:49.147,1.1536,1.15363,1.00,1.00
2016.09.06 10:59:49.198,1.1536,1.15365,1.50,1.19
2016.09.06 10:59:49.364,1.1536,1.15365,1.50,1.69
2016.09.06 10:59:49.576,1.1536,1.15365,1.50,1.19
2016.09.06 10:59:49.678,1.1536,1.15365,1.50,1.69
2016.09.06 10:59:49.779,1.1536,1.15365,1.50,1.19
2016.09.06 10:59:49.863,1.15361,1.15365,1.00,1.19
2016.09.06 10:59:49.966,1.15361,1.15365,1.00,1.69
2016.09.06 10:59:50.170,1.15363,1.15365,1.00,1.19
2016.09.06 10:59:50.272,1.15363,1.15367,1.00,1.09
2016.09.06 10:59:50.374,1.15364,1.15368,1.00,1.19
2016.09.06 10:59:51.241,1.15364,1.15367,1.00,1.25
2016.09.06 10:59:51.760,1.15362,1.15367,2.62,1.25
2016.09.06 10:59:52.141,1.15362,1.15366,1.00,1.00
2016.09.06 10:59:52.243,1.15362,1.15366,1.00,1.19
2016.09.06 10:59:52.294,1.15362,1.15366,1.00,1.69
2016.09.06 10:59:52.345,1.1536,1.15365,1.00,1.25
2016.09.06 10:59:52.498,1.15362,1.15365,1.00,1.25
2016.09.06 10:59:53.142,1.15362,1.15366,1.00,2.44
2016.09.06 10:59:53.243,1.15362,1.15365,1.00,1.25
2016.09.06 10:59:53.345,1.15362,1.15366,1.00,1.69
2016.09.06 10:59:53.642,1.15362,1.15365,1.00,1.25
2016.09.06 10:59:54.137,1.15362,1.15366,1.00,1.69
2016.09.06 10:59:54.244,1.15362,1.15365,1.00,1.25
2016.09.06 10:59:54.845,1.15362,1.15366,1.00,1.69
2016.09.06 10:59:55.061,1.15362,1.15365,1.00,1.25
2016.09.06 10:59:55.163,1.1536,1.15365,1.50,1.25
2016.09.06 10:59:55.246,1.1536,1.15366,1.50,1.69
2016.09.06 10:59:55.377,1.1536,1.15365,1.50,1.25
2016.09.06 10:59:55.479,1.1536,1.15366,1.50,1.69
2016.09.06 10:59:55.548,1.1536,1.15365,1.50,1.25
2016.09.06 10:59:55.990,1.1536,1.15366,1.50,1.69
2016.09.06 10:59:56.091,1.1536,1.15365,1.50,1.25
2016.09.06 10:59:56.193,1.15362,1.15365,1.00,1.25
2016.09.06 10:59:57.191,1.15362,1.15366,1.00,1.69
2016.09.06 10:59:57.251,1.15362,1.15365,1.00,1.25
2016.09.06 10:59:57.953,1.15362,1.15366,1.00,1.69
2016.09.06 10:59:58.055,1.15362,1.15365,1.00,1.25
2016.09.06 10:59:58.157,1.15361,1.15366,1.00,1.19
2016.09.06 10:59:58.208,1.1536,1.15366,3.37,1.19
2016.09.06 10:59:58.259,1.1536,1.15365,2.25,1.25
2016.09.06 10:59:58.369,1.1536,1.15365,1.87,1.69
2016.09.06 10:59:58.558,1.1536,1.15364,1.00,1.00
2016.09.06 10:59:59.546,1.1536,1.15365,1.00,1.25
2016.09.06 10:59:59.648,1.1536,1.15365,1.00,1.69
2016.09.06 10:59:59.751,1.1536,1.15365,1.50,1.69
2016.09.06 10:59:59.802,1.15361,1.15365,1.00,1.25
2016.09.06 10:59:59.854,1.1536,1.15365,4.50,1.25
2016.09.06 10:59:59.905,1.15362,1.15366,1.00,1.19
2016.09.06 10:59:59.956,1.15362,1.15366,1.00,1.00
