2015.11.25 17:00:00.457,1.30257,1.30262,1.20,1.00
2015.11.25 17:00:00.794,1.30263,1.30264,1.50,1.00
2015.11.25 17:00:01.097,1.30265,1.30268,1.50,1.37
2015.11.25 17:00:02.064,1.30267,1.30271,1.00,2.25
2015.11.25 17:00:02.570,1.30268,1.30272,1.50,3.00
2015.11.25 17:00:02.715,1.30267,1.3027,1.00,1.00
2015.11.25 17:00:03.331,1.30267,1.30271,1.00,1.50
2015.11.25 17:00:03.922,1.30267,1.3027,1.50,1.00
2015.11.25 17:00:04.473,1.30266,1.3027,1.50,1.87
2015.11.25 17:00:04.936,1.30262,1.30264,1.50,1.00
2015.11.25 17:00:05.243,1.30261,1.30264,1.50,1.00
2015.11.25 17:00:05.598,1.30261,1.30264,1.50,1.00
2015.11.25 17:00:06.060,1.3026,1.30264,1.50,1.00
2015.11.25 17:00:06.313,1.30261,1.30264,1.50,1.00
2015.11.25 17:00:06.820,1.30262,1.30265,1.50,1.12
2015.11.25 17:00:07.583,1.30262,1.30268,1.50,6.82
2015.11.25 17:00:09.254,1.30262,1.30269,1.50,3.00
2015.11.25 17:00:09.557,1.30262,1.30266,1.50,1.00
2015.11.25 17:00:10.513,1.30261,1.30265,1.00,1.00
2015.11.25 17:00:10.916,1.30262,1.30265,1.00,1.00
2015.11.25 17:00:11.438,1.30262,1.30266,1.50,1.12
2015.11.25 17:00:11.892,1.30264,1.30266,1.50,1.00
2015.11.25 17:00:12.440,1.30264,1.30267,1.50,1.12
2015.11.25 17:00:13.979,1.30265,1.30268,1.00,1.37
2015.11.25 17:00:14.522,1.30265,1.30266,1.50,1.00
2015.11.25 17:00:14.623,1.30264,1.30266,1.00,1.50
2015.11.25 17:00:15.392,1.30264,1.30265,1.50,1.00
2015.11.25 17:00:15.920,1.30262,1.30264,1.50,1.50
2015.11.25 17:00:16.021,1.30264,1.30265,1.00,2.25
2015.11.25 17:00:16.072,1.30264,1.30269,1.00,1.00
2015.11.25 17:00:16.123,1.30266,1.30269,1.50,1.00
2015.11.25 17:00:16.703,1.30266,1.30268,1.50,1.00
2015.11.25 17:00:16.755,1.30263,1.30267,1.00,1.00
2015.11.25 17:00:18.818,1.30262,1.30267,1.00,1.50
2015.11.25 17:00:19.072,1.30262,1.30265,1.00,1.00
2015.11.25 17:00:19.574,1.30261,1.30265,1.50,1.00
2015.11.25 17:00:20.399,1.30261,1.30265,1.50,1.37
2015.11.25 17:00:20.767,1.30258,1.30265,1.50,1.37
2015.11.25 17:00:26.001,1.30258,1.30263,1.50,1.00
2015.11.25 17:00:26.505,1.30258,1.30264,1.50,1.12
2015.11.25 17:00:26.657,1.30261,1.30266,1.00,1.00
2015.11.25 17:00:27.246,1.30261,1.30267,1.00,1.00
2015.11.25 17:00:27.797,1.3026,1.30266,1.50,1.00
2015.11.25 17:00:28.363,1.30261,1.30267,1.50,1.00
2015.11.25 17:00:28.675,1.30261,1.30269,1.50,2.25
2015.11.25 17:00:28.783,1.30263,1.30269,1.00,2.25
2015.11.25 17:00:29.087,1.30263,1.30267,1.00,1.00
2015.11.25 17:00:29.239,1.30264,1.30269,1.00,1.12
2015.11.25 17:00:30.493,1.30264,1.3027,1.50,1.12
2015.11.25 17:00:30.787,1.30262,1.3027,1.00,1.50
2015.11.25 17:00:32.507,1.30262,1.3027,1.00,2.25
2015.11.25 17:00:33.612,1.30262,1.3027,1.50,1.12
2015.11.25 17:00:36.944,1.30263,1.3027,1.00,1.00
2015.11.25 17:00:37.657,1.30262,1.30271,2.25,2.25
2015.11.25 17:00:39.027,1.30263,1.30271,1.00,1.37
2015.11.25 17:00:39.533,1.30263,1.30271,1.00,2.25
2015.11.25 17:00:40.124,1.30263,1.30271,1.50,2.25
2015.11.25 17:00:41.014,1.30263,1.30271,1.87,2.62
2015.11.25 17:00:43.320,1.30262,1.30267,1.50,1.37
2015.11.25 17:00:43.827,1.30261,1.30266,1.00,1.37
2015.11.25 17:00:44.832,1.3026,1.30268,1.87,2.62
2015.11.25 17:00:45.147,1.30259,1.30265,2.02,1.37
2015.11.25 17:00:46.075,1.30261,1.3027,3.00,6.00
2015.11.25 17:00:47.210,1.3026,1.30267,1.95,1.37
2015.11.25 17:00:47.868,1.3026,1.30265,1.00,1.00
2015.11.25 17:00:49.273,1.30263,1.30265,3.07,1.12
2015.11.25 17:00:49.324,1.30264,1.30272,1.50,1.37
2015.11.25 17:00:49.892,1.30264,1.30272,1.57,1.12
2015.11.25 17:00:50.504,1.30264,1.30271,1.20,1.87
2015.11.25 17:00:51.117,1.30261,1.30267,2.40,1.37
2015.11.25 17:00:51.715,1.30258,1.30265,2.25,1.37
2015.11.25 17:00:52.627,1.3026,1.30265,3.00,1.37
2015.11.25 17:00:52.678,1.30261,1.30267,1.12,1.00
2015.11.25 17:00:52.782,1.30263,1.3027,3.37,4.50
2015.11.25 17:00:53.312,1.30267,1.30273,1.00,1.50
2015.11.25 17:00:55.003,1.30266,1.30273,3.15,1.37
2015.11.25 17:00:57.194,1.30265,1.30272,1.12,1.37
2015.11.25 17:00:58.098,1.30261,1.3027,3.90,2.62
2015.11.25 17:01:03.343,1.30261,1.30268,1.57,1.50
2015.11.25 17:01:03.851,1.30259,1.30268,4.27,3.00
2015.11.25 17:01:13.121,1.30259,1.30268,4.65,1.50
2015.11.25 17:01:13.676,1.3026,1.30267,1.37,1.87
2015.11.25 17:01:14.839,1.3026,1.30267,2.62,1.87
2015.11.25 17:01:17.833,1.30258,1.30266,5.70,1.37
2015.11.25 17:01:22.220,1.30256,1.30263,1.12,2.62
2015.11.25 17:01:32.545,1.30252,1.30259,1.50,1.87
2015.11.25 17:01:36.077,1.30251,1.30257,2.25,1.00
2015.11.25 17:01:36.129,1.30249,1.30256,1.87,1.37
2015.11.25 17:01:36.433,1.30248,1.30253,1.00,1.87
2015.11.25 17:01:45.312,1.30244,1.30252,1.87,1.50
2015.11.25 17:01:46.231,1.30244,1.30251,1.50,1.50
2015.11.25 17:01:47.082,1.30244,1.30251,1.00,2.25
2015.11.25 17:01:47.592,1.30243,1.30251,1.87,1.75
2015.11.25 17:01:48.101,1.30243,1.30251,1.87,1.37
2015.11.25 17:01:51.024,1.30246,1.30254,1.37,3.00
2015.11.25 17:01:51.848,1.30246,1.30253,1.37,1.37
2015.11.25 17:01:59.833,1.30245,1.30254,2.62,2.62
2015.11.25 17:02:00.338,1.30244,1.30253,1.37,3.37
2015.11.25 17:02:11.776,1.30243,1.30252,1.37,4.20
2015.11.25 17:02:12.329,1.30243,1.30251,1.37,1.00
2015.11.25 17:02:16.278,1.30243,1.30252,1.37,1.87
2015.11.25 17:02:16.688,1.30243,1.30251,1.37,1.12
2015.11.25 17:02:25.224,1.30243,1.30248,1.87,1.37
2015.11.25 17:02:25.432,1.30241,1.30247,1.00,1.00
2015.11.25 17:02:25.937,1.3024,1.30249,3.82,1.50
2015.11.25 17:02:26.409,1.30241,1.3025,1.47,1.50
2015.11.25 17:02:27.281,1.30241,1.3025,1.47,1.12
2015.11.25 17:02:29.184,1.30241,1.3025,1.57,2.25
2015.11.25 17:02:31.007,1.30241,1.3025,1.57,2.25
2015.11.25 17:02:32.258,1.3024,1.30247,1.37,1.00
2015.11.25 17:02:32.994,1.30242,1.30248,1.37,1.50
2015.11.25 17:02:33.096,1.30245,1.3025,1.12,1.00
2015.11.25 17:02:33.197,1.30246,1.30251,1.37,1.12
2015.11.25 17:02:33.248,1.30246,1.30253,2.62,1.00
2015.11.25 17:02:33.796,1.3025,1.30259,2.62,2.62
2015.11.25 17:02:33.847,1.3025,1.30257,2.62,1.00
2015.11.25 17:02:34.806,1.30254,1.30259,1.00,3.00
2015.11.25 17:02:34.858,1.30254,1.30259,1.37,2.25
2015.11.25 17:02:39.582,1.30253,1.30261,1.57,1.87
2015.11.25 17:02:40.341,1.30255,1.30262,1.57,2.25
2015.11.25 17:02:40.990,1.30256,1.30261,1.37,2.25
2015.11.25 17:02:44.427,1.30256,1.30262,1.50,3.75
2015.11.25 17:02:45.470,1.30253,1.3026,1.37,2.62
2015.11.25 17:02:46.406,1.30251,1.3026,4.50,2.62
2015.11.25 17:02:46.936,1.30251,1.30258,1.12,1.75
2015.11.25 17:02:48.800,1.3025,1.30258,6.37,1.12
2015.11.25 17:02:49.053,1.30254,1.3026,1.00,1.87
2015.11.25 17:02:49.920,1.30253,1.3026,1.65,1.50
2015.11.25 17:02:50.651,1.30254,1.30257,1.00,1.50
2015.11.25 17:02:55.326,1.30252,1.30256,2.25,1.37
2015.11.25 17:02:55.938,1.30248,1.30253,1.85,1.00
2015.11.25 17:02:59.065,1.30247,1.30253,1.57,1.12
2015.11.25 17:03:02.787,1.30246,1.30252,1.82,1.50
2015.11.25 17:03:03.710,1.30246,1.30254,3.75,1.87
2015.11.25 17:03:05.012,1.30248,1.30254,1.37,1.87
2015.11.25 17:03:06.947,1.30246,1.30252,1.47,1.50
2015.11.25 17:03:06.998,1.30246,1.30252,1.47,1.37
2015.11.25 17:03:07.535,1.30246,1.30251,1.10,1.00
2015.11.25 17:03:09.193,1.30246,1.30253,1.12,2.25
2015.11.25 17:03:09.809,1.30246,1.30253,1.50,1.87
2015.11.25 17:03:11.010,1.30248,1.30253,3.37,1.37
2015.11.25 17:03:11.314,1.30252,1.30258,1.12,1.12
2015.11.25 17:03:11.365,1.30252,1.30258,1.50,1.75
2015.11.25 17:03:11.622,1.30252,1.30259,1.47,1.87
2015.11.25 17:03:22.667,1.30254,1.30259,1.00,1.37
2015.11.25 17:03:23.687,1.30251,1.30259,5.32,1.12
2015.11.25 17:03:28.783,1.30252,1.30259,2.70,1.37
2015.11.25 17:03:51.850,1.30252,1.30259,2.62,1.12
2015.11.25 17:03:58.802,1.30255,1.30261,1.00,1.87
2015.11.25 17:03:58.903,1.30256,1.30262,1.50,2.25
2015.11.25 17:03:59.105,1.30256,1.30264,2.62,1.50
2015.11.25 17:03:59.257,1.3026,1.30267,3.00,1.87
2015.11.25 17:03:59.714,1.3026,1.30269,4.57,2.70
2015.11.25 17:04:17.562,1.30263,1.30272,1.50,1.87
2015.11.25 17:04:17.617,1.30262,1.30268,1.10,1.37
2015.11.25 17:04:27.407,1.30258,1.30266,1.87,1.50
2015.11.25 17:04:28.648,1.30258,1.30264,1.00,1.12
2015.11.25 17:04:29.368,1.30258,1.30266,1.57,1.87
2015.11.25 17:04:30.758,1.30261,1.30269,1.00,2.25
2015.11.25 17:04:31.961,1.3026,1.30268,2.25,1.50
2015.11.25 17:04:32.366,1.30257,1.30266,1.50,2.62
2015.11.25 17:04:32.670,1.30256,1.30265,3.37,4.12
2015.11.25 17:04:36.176,1.30254,1.30262,2.25,1.00
2015.11.25 17:04:36.809,1.30263,1.30266,1.50,1.00
2015.11.25 17:04:36.932,1.30263,1.3027,1.00,1.50
2015.11.25 17:04:39.248,1.30262,1.3027,1.50,1.50
2015.11.25 17:04:40.445,1.30263,1.3027,3.00,1.50
2015.11.25 17:04:40.989,1.30263,1.3027,2.62,1.50
2015.11.25 17:04:42.135,1.30261,1.30268,2.02,1.00
2015.11.25 17:04:42.946,1.30261,1.30267,2.62,1.00
2015.11.25 17:04:43.442,1.30261,1.30265,2.62,1.00
2015.11.25 17:04:43.711,1.30265,1.30268,1.50,3.00
2015.11.25 17:04:43.762,1.30266,1.30269,1.87,2.62
2015.11.25 17:04:43.914,1.30265,1.3027,3.07,1.00
2015.11.25 17:04:44.575,1.30262,1.3027,3.15,1.12
2015.11.25 17:04:44.880,1.30262,1.3027,1.65,1.12
2015.11.25 17:04:45.588,1.30259,1.30265,2.32,1.87
2015.11.25 17:04:46.131,1.30259,1.30266,1.87,1.12
2015.11.25 17:04:47.292,1.30262,1.30267,1.00,1.37
2015.11.25 17:04:47.356,1.30271,1.30278,1.00,1.50
2015.11.25 17:04:47.622,1.30272,1.30278,1.87,1.87
2015.11.25 17:04:48.124,1.30272,1.30277,1.87,1.87
2015.11.25 17:04:48.774,1.30272,1.30276,1.87,1.00
2015.11.25 17:04:50.755,1.30271,1.30275,1.87,1.00
2015.11.25 17:04:51.334,1.30271,1.30276,1.87,1.00
2015.11.25 17:04:51.862,1.30271,1.30275,1.87,1.00
2015.11.25 17:04:52.368,1.30271,1.30276,1.87,1.00
2015.11.25 17:04:52.891,1.30271,1.30275,1.87,1.00
2015.11.25 17:04:53.462,1.30271,1.30276,1.87,1.00
2015.11.25 17:04:54.553,1.30271,1.30275,2.62,1.00
2015.11.25 17:04:54.604,1.30271,1.30277,2.62,1.87
2015.11.25 17:04:56.213,1.30273,1.30278,1.87,1.00
2015.11.25 17:04:56.669,1.30275,1.3028,1.37,2.25
2015.11.25 17:04:57.908,1.30275,1.3028,1.87,1.12
2015.11.25 17:04:59.390,1.30276,1.30281,1.37,1.12
2015.11.25 17:04:59.915,1.30276,1.30283,3.37,1.37
2015.11.25 17:05:00.603,1.30276,1.30283,1.87,1.12
2015.11.25 17:05:01.400,1.30277,1.30284,2.62,1.50
2015.11.25 17:05:02.463,1.30277,1.30284,1.37,1.12
2015.11.25 17:05:02.766,1.30284,1.30286,1.00,1.12
2015.11.25 17:05:02.867,1.30283,1.30286,1.00,1.37
2015.11.25 17:05:03.519,1.3028,1.30286,2.62,1.37
2015.11.25 17:05:03.706,1.3028,1.30284,1.00,1.00
2015.11.25 17:05:04.275,1.30276,1.30283,3.37,1.00
2015.11.25 17:05:04.763,1.3028,1.30285,1.37,1.87
2015.11.25 17:05:05.268,1.30281,1.30286,1.00,1.87
2015.11.25 17:05:05.572,1.30281,1.30286,1.37,1.37
2015.11.25 17:05:06.711,1.30282,1.30287,1.00,1.87
2015.11.25 17:05:08.351,1.30282,1.30285,1.00,1.87
2015.11.25 17:05:08.504,1.30279,1.30285,1.37,2.25
2015.11.25 17:05:08.657,1.30279,1.30285,1.37,1.87
2015.11.25 17:05:08.760,1.30285,1.30287,1.00,1.50
2015.11.25 17:05:08.965,1.30286,1.30291,1.12,1.50
2015.11.25 17:05:09.722,1.30286,1.30292,1.12,1.50
2015.11.25 17:05:09.848,1.30286,1.30292,1.37,1.12
2015.11.25 17:05:11.261,1.30287,1.30294,1.57,1.87
2015.11.25 17:05:11.819,1.30286,1.30294,1.57,2.25
2015.11.25 17:05:12.141,1.30285,1.30293,1.75,1.12
2015.11.25 17:05:12.718,1.30286,1.30292,1.50,1.87
2015.11.25 17:05:13.023,1.30286,1.30292,2.25,1.50
2015.11.25 17:05:13.562,1.30286,1.30293,2.25,1.37
2015.11.25 17:05:16.292,1.30286,1.30292,1.50,1.50
2015.11.25 17:05:16.452,1.30286,1.30292,1.50,1.87
2015.11.25 17:05:20.718,1.30286,1.30291,1.12,1.00
2015.11.25 17:05:24.182,1.30286,1.3029,1.12,1.00
2015.11.25 17:05:32.770,1.30287,1.30292,1.00,1.50
2015.11.25 17:05:32.821,1.30287,1.30293,1.37,1.87
2015.11.25 17:05:33.327,1.30287,1.30292,1.37,1.00
2015.11.25 17:05:33.880,1.30287,1.30292,1.37,1.00
2015.11.25 17:05:34.512,1.30287,1.30292,1.37,1.00
2015.11.25 17:05:35.423,1.30287,1.30291,1.37,1.00
2015.11.25 17:05:37.912,1.30287,1.30291,1.12,1.12
2015.11.25 17:05:38.643,1.30286,1.30289,1.12,1.00
2015.11.25 17:05:39.459,1.3028,1.30286,2.70,1.00
2015.11.25 17:05:39.561,1.3028,1.30285,3.37,1.00
2015.11.25 17:05:40.088,1.30277,1.30285,2.40,4.12
2015.11.25 17:05:40.451,1.30278,1.30283,1.50,1.00
2015.11.25 17:05:41.318,1.30278,1.30284,1.50,1.12
2015.11.25 17:05:41.824,1.30278,1.30285,1.50,1.00
2015.11.25 17:05:46.129,1.30278,1.30285,1.50,1.00
2015.11.25 17:05:46.281,1.30278,1.30286,6.00,1.50
2015.11.25 17:05:47.053,1.3028,1.30288,1.87,1.87
2015.11.25 17:05:47.359,1.30281,1.30285,1.00,1.12
2015.11.25 17:05:47.865,1.30278,1.30287,4.20,1.37
2015.11.25 17:05:48.488,1.30278,1.30287,1.87,1.50
2015.11.25 17:05:49.574,1.30278,1.30287,4.50,1.50
2015.11.25 17:05:50.053,1.30279,1.30287,1.50,1.50
2015.11.25 17:05:51.121,1.30279,1.30285,1.37,3.00
2015.11.25 17:05:51.631,1.30279,1.30284,1.00,1.12
2015.11.25 17:05:51.935,1.30275,1.30281,1.95,1.87
2015.11.25 17:05:52.238,1.30275,1.30279,1.37,1.50
2015.11.25 17:05:53.804,1.30276,1.30279,1.50,1.00
2015.11.25 17:05:54.957,1.30305,1.30312,1.87,1.12
2015.11.25 17:05:55.106,1.30313,1.30315,1.12,1.00
2015.11.25 17:05:55.679,1.30317,1.30321,1.37,1.85
2015.11.25 17:05:55.781,1.30314,1.30316,1.12,1.00
2015.11.25 17:05:55.833,1.30312,1.30318,1.50,1.00
2015.11.25 17:05:56.293,1.30311,1.30315,1.87,1.00
2015.11.25 17:05:56.496,1.30311,1.3032,3.82,3.37
2015.11.25 17:05:56.967,1.30315,1.30317,1.37,1.00
2015.11.25 17:05:57.275,1.3031,1.30311,2.25,1.00
2015.11.25 17:05:57.427,1.30306,1.30307,6.75,1.00
2015.11.25 17:05:57.529,1.30304,1.30307,3.00,1.00
2015.11.25 17:05:58.068,1.30305,1.30307,1.87,1.00
2015.11.25 17:05:58.324,1.30303,1.30307,1.12,1.87
2015.11.25 17:05:58.376,1.30302,1.30304,1.87,1.00
2015.11.25 17:05:58.781,1.30301,1.30303,1.12,1.00
2015.11.25 17:05:59.379,1.303,1.30303,1.12,1.00
2015.11.25 17:05:59.448,1.30295,1.303,2.25,2.62
2015.11.25 17:05:59.954,1.30294,1.30298,1.37,1.00
2015.11.25 17:06:00.513,1.3029,1.30298,1.12,3.75
2015.11.25 17:06:00.790,1.30286,1.30291,1.87,1.00
2015.11.25 17:06:01.774,1.30291,1.30294,1.87,1.00
2015.11.25 17:06:01.825,1.30306,1.30309,3.00,3.00
2015.11.25 17:06:02.035,1.30318,1.3032,1.00,14.85
2015.11.25 17:06:02.193,1.30313,1.30316,3.37,3.75
2015.11.25 17:06:02.244,1.30318,1.30319,1.00,1.00
2015.11.25 17:06:02.766,1.30319,1.30328,3.00,2.25
2015.11.25 17:06:02.868,1.30321,1.30327,1.37,1.37
2015.11.25 17:06:02.970,1.30322,1.30329,1.00,2.25
2015.11.25 17:06:03.072,1.30321,1.30326,1.10,1.37
2015.11.25 17:06:03.906,1.3033,1.30339,3.07,1.37
2015.11.25 17:06:04.210,1.30328,1.30336,4.27,1.00
2015.11.25 17:06:04.730,1.30351,1.30358,1.50,1.50
2015.11.25 17:06:04.788,1.30348,1.3035,2.25,1.00
2015.11.25 17:06:04.839,1.30348,1.30349,2.62,1.50
2015.11.25 17:06:05.479,1.30341,1.30347,1.75,1.87
2015.11.25 17:06:05.542,1.3034,1.30343,2.77,1.12
2015.11.25 17:06:06.684,1.3034,1.30345,1.37,1.00
2015.11.25 17:06:06.736,1.30343,1.30348,1.37,1.12
2015.11.25 17:06:06.889,1.30343,1.30345,1.37,1.00
2015.11.25 17:06:06.991,1.30341,1.30348,1.87,2.17
2015.11.25 17:06:07.195,1.30341,1.30344,1.87,1.00
2015.11.25 17:06:07.725,1.3034,1.30341,1.12,1.00
2015.11.25 17:06:07.777,1.30337,1.30344,1.87,1.50
2015.11.25 17:06:08.305,1.30341,1.30343,1.00,1.00
2015.11.25 17:06:08.897,1.30338,1.30343,1.87,1.00
2015.11.25 17:06:09.100,1.30336,1.30339,1.87,1.00
2015.11.25 17:06:09.404,1.30349,1.3035,1.12,3.37
2015.11.25 17:06:09.455,1.30349,1.3035,1.87,1.00
2015.11.25 17:06:09.506,1.3035,1.30352,1.00,3.00
2015.11.25 17:06:09.558,1.30351,1.30353,1.50,1.87
2015.11.25 17:06:10.092,1.3035,1.30357,2.62,1.00
2015.11.25 17:06:10.252,1.30354,1.30362,1.87,3.37
2015.11.25 17:06:11.109,1.30353,1.30359,1.87,1.00
2015.11.25 17:06:11.619,1.30351,1.3036,2.62,1.12
2015.11.25 17:06:11.672,1.30351,1.30361,2.62,1.37
2015.11.25 17:06:11.882,1.30351,1.30361,2.62,1.00
2015.11.25 17:06:12.962,1.30353,1.30362,2.25,1.12
2015.11.25 17:06:13.317,1.30353,1.30362,1.87,1.00
2015.11.25 17:06:14.112,1.30353,1.30362,1.87,1.00
2015.11.25 17:06:14.239,1.30355,1.30364,1.87,2.62
2015.11.25 17:06:14.527,1.30355,1.30364,3.75,2.25
2015.11.25 17:06:15.287,1.30363,1.30369,1.87,1.00
2015.11.25 17:06:15.440,1.30364,1.30373,1.12,1.75
2015.11.25 17:06:16.435,1.30364,1.3037,1.12,1.37
2015.11.25 17:06:16.738,1.30358,1.30366,1.87,1.37
2015.11.25 17:06:17.819,1.30358,1.30362,1.75,1.00
2015.11.25 17:06:18.123,1.30391,1.30393,1.87,1.07
2015.11.25 17:06:18.174,1.30396,1.30398,1.50,1.00
2015.11.25 17:06:18.659,1.30409,1.30411,1.87,1.00
2015.11.25 17:06:18.717,1.30411,1.30415,1.85,1.87
2015.11.25 17:06:19.009,1.30416,1.30424,1.87,1.37
2015.11.25 17:06:19.472,1.30421,1.30424,1.00,1.00
2015.11.25 17:06:19.525,1.30423,1.30428,1.37,2.25
2015.11.25 17:06:19.627,1.30426,1.3043,1.87,1.00
2015.11.25 17:06:20.123,1.30433,1.30436,1.37,4.87
2015.11.25 17:06:20.823,1.30447,1.30456,1.85,10.12
2015.11.25 17:06:20.977,1.3046,1.30463,1.00,1.37
2015.11.25 17:06:21.554,1.30463,1.30465,1.00,1.00
2015.11.25 17:06:21.650,1.30466,1.30469,1.00,1.07
2015.11.25 17:06:21.701,1.30463,1.30469,1.37,1.50
2015.11.25 17:06:22.247,1.30461,1.30463,1.00,1.87
2015.11.25 17:06:22.319,1.30454,1.30459,1.00,1.37
2015.11.25 17:06:22.375,1.30453,1.30456,1.10,2.25
2015.11.25 17:06:23.011,1.3045,1.30455,1.87,1.00
2015.11.25 17:06:23.062,1.3045,1.30459,1.37,1.37
2015.11.25 17:06:23.113,1.3045,1.30459,1.00,1.75
2015.11.25 17:06:23.419,1.30443,1.30448,1.50,1.87
2015.11.25 17:06:23.903,1.30431,1.30439,1.00,1.87
2015.11.25 17:06:23.955,1.3043,1.30431,1.00,1.12
2015.11.25 17:06:24.057,1.30426,1.30432,2.25,1.37
2015.11.25 17:06:25.372,1.3044,1.30442,1.05,2.62
2015.11.25 17:06:25.852,1.30444,1.30445,1.50,1.12
2015.11.25 17:06:25.903,1.30444,1.30449,1.37,2.25
2015.11.25 17:06:26.006,1.30442,1.30449,1.00,3.37
2015.11.25 17:06:26.058,1.3044,1.30449,1.87,1.87
2015.11.25 17:06:26.109,1.3044,1.30448,1.50,1.37
2015.11.25 17:06:26.211,1.3044,1.30446,1.00,1.37
2015.11.25 17:06:26.263,1.30438,1.30447,1.12,1.37
2015.11.25 17:06:26.314,1.30439,1.30448,1.37,2.25
2015.11.25 17:06:26.986,1.30443,1.3045,2.25,1.12
2015.11.25 17:06:27.038,1.30446,1.30452,1.00,2.62
2015.11.25 17:06:27.395,1.30444,1.3045,1.95,1.37
2015.11.25 17:06:27.952,1.30441,1.30448,1.75,1.00
2015.11.25 17:06:28.005,1.30451,1.30452,1.12,1.00
2015.11.25 17:06:28.056,1.30453,1.30456,1.37,3.07
2015.11.25 17:06:28.351,1.30461,1.30463,1.00,1.00
2015.11.25 17:06:28.403,1.30461,1.30466,1.37,1.00
2015.11.25 17:06:28.505,1.30462,1.30467,1.37,1.50
2015.11.25 17:06:28.660,1.30465,1.30469,2.62,1.00
2015.11.25 17:06:29.086,1.30464,1.30465,1.12,1.00
2015.11.25 17:06:29.137,1.30457,1.30463,1.00,1.87
2015.11.25 17:06:29.290,1.30454,1.30457,1.12,1.00
2015.11.25 17:06:29.543,1.30451,1.30455,1.87,1.12
2015.11.25 17:06:29.594,1.30451,1.30455,1.00,1.37
2015.11.25 17:06:29.696,1.30449,1.30455,2.62,1.37
2015.11.25 17:06:30.242,1.30447,1.30453,1.37,1.37
2015.11.25 17:06:30.609,1.30445,1.30454,7.50,1.12
2015.11.25 17:06:31.276,1.30445,1.30446,1.12,1.12
2015.11.25 17:06:31.327,1.30438,1.30445,1.12,1.50
2015.11.25 17:06:31.378,1.30435,1.30443,3.00,3.00
2015.11.25 17:06:31.684,1.30437,1.30442,1.00,1.47
2015.11.25 17:06:31.837,1.3044,1.30444,1.00,1.12
2015.11.25 17:06:32.953,1.30439,1.30446,1.12,2.25
2015.11.25 17:06:33.005,1.3044,1.30446,1.37,1.50
2015.11.25 17:06:33.209,1.30443,1.3045,1.00,1.37
2015.11.25 17:06:34.139,1.30443,1.30449,1.37,1.87
2015.11.25 17:06:34.448,1.30447,1.30453,1.37,1.37
2015.11.25 17:06:34.753,1.30449,1.30455,1.50,1.37
2015.11.25 17:06:35.235,1.30459,1.30462,1.37,2.25
2015.11.25 17:06:35.392,1.30457,1.30466,2.70,1.37
2015.11.25 17:06:35.515,1.30458,1.30467,1.95,2.62
2015.11.25 17:06:35.819,1.30456,1.30465,4.20,1.87
2015.11.25 17:06:36.321,1.30453,1.30461,1.37,1.87
2015.11.25 17:06:37.875,1.30456,1.30463,1.37,1.37
2015.11.25 17:06:38.179,1.30457,1.30465,1.37,1.37
2015.11.25 17:06:38.281,1.30457,1.30465,2.25,1.12
2015.11.25 17:06:38.838,1.30456,1.3046,1.00,1.95
2015.11.25 17:06:38.890,1.30451,1.30458,1.12,1.37
2015.11.25 17:06:38.941,1.30452,1.30458,1.37,1.00
2015.11.25 17:06:39.250,1.30462,1.30464,1.00,1.00
2015.11.25 17:06:39.301,1.30462,1.30469,1.00,3.00
2015.11.25 17:06:39.901,1.3046,1.30464,1.50,1.12
2015.11.25 17:06:40.396,1.30478,1.30482,1.50,1.00
2015.11.25 17:06:41.007,1.30478,1.30482,2.62,1.00
2015.11.25 17:06:41.115,1.30474,1.3048,1.50,1.50
2015.11.25 17:06:41.166,1.30474,1.30479,1.00,1.37
2015.11.25 17:06:41.369,1.30474,1.30481,1.00,1.37
2015.11.25 17:06:42.066,1.30474,1.30479,1.00,1.37
2015.11.25 17:06:42.420,1.30477,1.3048,1.00,1.00
2015.11.25 17:06:42.673,1.30478,1.30482,1.12,1.87
2015.11.25 17:06:43.357,1.30479,1.30482,1.00,2.62
2015.11.25 17:06:43.408,1.30472,1.30478,2.62,1.12
2015.11.25 17:06:43.712,1.30478,1.30481,1.87,1.50
2015.11.25 17:06:44.017,1.30476,1.30484,1.10,2.25
2015.11.25 17:06:44.069,1.30475,1.30478,3.00,2.25
2015.11.25 17:06:45.061,1.30475,1.30478,1.50,1.00
2015.11.25 17:06:45.196,1.30471,1.30476,1.65,2.25
2015.11.25 17:06:45.432,1.3047,1.30475,1.50,2.25
2015.11.25 17:06:46.211,1.30468,1.30474,1.87,1.00
2015.11.25 17:06:46.315,1.30473,1.30478,1.37,3.90
2015.11.25 17:06:46.571,1.30484,1.30486,2.62,1.00
2015.11.25 17:06:46.721,1.30484,1.3049,2.25,1.37
2015.11.25 17:06:46.772,1.30484,1.3049,1.95,1.00
2015.11.25 17:06:47.355,1.30476,1.30479,1.10,1.00
2015.11.25 17:06:47.558,1.3047,1.30477,3.37,1.37
2015.11.25 17:06:48.117,1.30474,1.30476,1.50,1.00
2015.11.25 17:06:48.173,1.30477,1.3048,1.37,1.50
2015.11.25 17:06:48.377,1.30477,1.30484,2.25,2.62
2015.11.25 17:06:48.428,1.30477,1.30484,1.87,2.62
2015.11.25 17:06:48.886,1.30477,1.3048,1.00,1.37
2015.11.25 17:06:49.217,1.30471,1.30475,2.25,1.00
2015.11.25 17:06:49.911,1.30469,1.30472,1.95,1.00
2015.11.25 17:06:50.114,1.30474,1.30477,1.12,4.57
2015.11.25 17:06:50.325,1.30475,1.3048,1.87,2.62
2015.11.25 17:06:50.898,1.30475,1.30479,1.50,1.37
2015.11.25 17:06:51.050,1.3047,1.30475,1.12,1.00
2015.11.25 17:06:51.152,1.30469,1.30475,1.37,1.50
2015.11.25 17:06:51.406,1.30468,1.30475,1.50,1.87
2015.11.25 17:06:52.164,1.3047,1.30475,1.00,1.87
2015.11.25 17:06:52.216,1.30467,1.30475,3.00,1.37
2015.11.25 17:06:52.267,1.30467,1.30475,1.00,1.87
2015.11.25 17:06:52.571,1.30469,1.3047,1.00,2.62
2015.11.25 17:06:53.451,1.30466,1.30472,1.50,1.12
2015.11.25 17:06:53.839,1.3046,1.30466,1.12,1.37
2015.11.25 17:06:54.790,1.30458,1.30465,1.87,1.87
2015.11.25 17:06:55.044,1.30456,1.30466,3.45,4.87
2015.11.25 17:06:55.147,1.30454,1.30461,1.47,1.37
2015.11.25 17:06:55.638,1.30453,1.3046,1.12,1.87
2015.11.25 17:06:55.762,1.3045,1.30456,2.25,1.37
2015.11.25 17:06:55.814,1.3045,1.30455,1.12,1.87
2015.11.25 17:06:56.068,1.30446,1.3045,2.25,2.25
2015.11.25 17:06:56.119,1.30446,1.30449,2.25,1.37
2015.11.25 17:06:56.221,1.30441,1.30445,1.00,1.37
2015.11.25 17:06:56.791,1.30436,1.30442,1.00,1.50
2015.11.25 17:06:56.893,1.30435,1.30441,1.50,1.37
2015.11.25 17:06:56.995,1.30435,1.30442,1.00,1.75
2015.11.25 17:06:57.299,1.30431,1.30434,1.00,1.87
2015.11.25 17:06:58.344,1.30432,1.30434,3.75,1.00
2015.11.25 17:06:58.395,1.30442,1.30448,1.12,1.37
2015.11.25 17:06:58.446,1.30439,1.30448,3.00,1.37
2015.11.25 17:06:58.548,1.30438,1.30448,1.87,2.25
2015.11.25 17:06:58.753,1.30439,1.30448,3.00,1.50
2015.11.25 17:06:59.452,1.30445,1.30451,1.00,1.50
2015.11.25 17:06:59.604,1.30443,1.3045,1.00,1.37
2015.11.25 17:07:00.522,1.3044,1.30448,3.56,1.37
2015.11.25 17:07:01.458,1.30439,1.30444,2.06,1.37
2015.11.25 17:07:02.759,1.30438,1.30439,1.31,1.12
2015.11.25 17:07:02.810,1.30431,1.30439,1.87,1.50
2015.11.25 17:07:03.068,1.30429,1.30433,1.87,1.37
2015.11.25 17:07:03.324,1.30423,1.3043,1.50,2.25
2015.11.25 17:07:03.869,1.30425,1.30432,1.00,3.00
2015.11.25 17:07:03.971,1.30428,1.30432,1.00,3.00
2015.11.25 17:07:04.022,1.30428,1.30432,1.00,1.87
2015.11.25 17:07:04.378,1.3043,1.30435,1.00,1.87
2015.11.25 17:07:04.921,1.30431,1.30436,1.75,1.50
2015.11.25 17:07:05.073,1.30434,1.3044,1.37,1.50
2015.11.25 17:07:05.294,1.30439,1.30443,1.37,1.50
2015.11.25 17:07:05.345,1.3044,1.30445,1.87,1.50
2015.11.25 17:07:05.875,1.30441,1.30449,1.50,1.87
2015.11.25 17:07:06.241,1.30441,1.30448,3.37,1.87
2015.11.25 17:07:06.947,1.30445,1.30448,1.12,1.37
2015.11.25 17:07:06.998,1.30441,1.30449,1.12,2.62
2015.11.25 17:07:07.453,1.30441,1.30445,1.00,1.37
2015.11.25 17:07:08.083,1.30441,1.30446,2.25,1.37
2015.11.25 17:07:08.138,1.3044,1.30446,1.00,1.37
2015.11.25 17:07:08.240,1.30439,1.30445,1.00,2.25
2015.11.25 17:07:08.291,1.30439,1.30443,1.00,1.00
2015.11.25 17:07:08.595,1.30425,1.30429,2.25,1.00
2015.11.25 17:07:09.202,1.30421,1.30428,1.00,2.62
2015.11.25 17:07:09.712,1.30422,1.30426,1.00,1.87
2015.11.25 17:07:09.914,1.30419,1.30425,2.25,1.37
2015.11.25 17:07:10.897,1.3042,1.30426,1.87,1.37
2015.11.25 17:07:11.199,1.30425,1.30428,2.25,2.25
2015.11.25 17:07:11.962,1.30423,1.30431,2.62,1.87
2015.11.25 17:07:12.165,1.3042,1.30429,3.00,1.87
2015.11.25 17:07:12.421,1.3042,1.30427,1.50,1.87
2015.11.25 17:07:13.096,1.30423,1.30428,1.00,1.37
2015.11.25 17:07:13.299,1.30425,1.3043,1.87,2.25
2015.11.25 17:07:13.400,1.30425,1.30431,3.00,1.87
2015.11.25 17:07:13.502,1.30425,1.30433,4.87,1.12
2015.11.25 17:07:14.387,1.30431,1.30435,1.00,1.37
2015.11.25 17:07:14.492,1.30431,1.30437,1.12,1.37
2015.11.25 17:07:14.949,1.30434,1.30438,1.00,1.37
2015.11.25 17:07:15.152,1.30435,1.30441,1.00,3.37
2015.11.25 17:07:15.690,1.3044,1.30442,1.00,1.00
2015.11.25 17:07:16.023,1.30445,1.30448,1.37,1.87
2015.11.25 17:07:16.763,1.30448,1.30452,1.00,1.37
2015.11.25 17:07:18.260,1.3044,1.30446,1.12,1.87
2015.11.25 17:07:18.564,1.3044,1.30444,1.00,1.00
2015.11.25 17:07:18.867,1.30442,1.30444,1.87,1.37
2015.11.25 17:07:18.969,1.30442,1.30445,1.00,1.87
2015.11.25 17:07:19.521,1.30438,1.30442,1.00,1.87
2015.11.25 17:07:19.825,1.30438,1.30442,1.87,1.87
2015.11.25 17:07:20.079,1.30436,1.30442,2.62,1.87
2015.11.25 17:07:20.705,1.30435,1.30436,1.00,1.00
2015.11.25 17:07:20.756,1.30432,1.30435,1.00,1.00
2015.11.25 17:07:21.212,1.30434,1.30435,1.00,1.00
2015.11.25 17:07:21.314,1.30436,1.3044,1.00,1.87
2015.11.25 17:07:21.365,1.30439,1.30441,1.00,1.12
2015.11.25 17:07:22.463,1.30439,1.30441,1.00,1.87
2015.11.25 17:07:22.994,1.30437,1.30443,1.50,1.87
2015.11.25 17:07:24.067,1.30436,1.3044,1.50,1.12
2015.11.25 17:07:24.169,1.30436,1.3044,1.50,1.37
2015.11.25 17:07:24.271,1.30434,1.30438,1.00,1.37
2015.11.25 17:07:24.778,1.30433,1.30438,1.12,1.12
2015.11.25 17:07:25.413,1.3043,1.30433,1.00,1.50
2015.11.25 17:07:26.260,1.3043,1.30433,1.00,1.87
2015.11.25 17:07:26.685,1.3043,1.30434,3.75,1.00
2015.11.25 17:07:26.939,1.30428,1.30434,1.87,1.87
2015.11.25 17:07:27.440,1.30423,1.3043,1.12,2.25
2015.11.25 17:07:27.491,1.30425,1.3043,1.00,2.62
2015.11.25 17:07:27.796,1.30429,1.30432,1.50,1.12
2015.11.25 17:07:28.151,1.30431,1.30438,1.00,1.37
2015.11.25 17:07:28.672,1.30431,1.30434,1.00,1.37
2015.11.25 17:07:28.727,1.30426,1.30434,3.75,1.87
2015.11.25 17:07:29.234,1.30427,1.30434,1.87,1.87
2015.11.25 17:07:29.742,1.30429,1.30437,1.00,1.87
2015.11.25 17:07:30.282,1.3043,1.30437,1.00,1.87
2015.11.25 17:07:30.425,1.30432,1.30437,1.00,1.37
2015.11.25 17:07:30.806,1.30434,1.30439,1.00,1.50
2015.11.25 17:07:30.907,1.30432,1.30439,1.50,1.87
2015.11.25 17:07:31.458,1.30432,1.30439,3.37,1.50
2015.11.25 17:07:31.611,1.30435,1.30439,1.00,1.50
2015.11.25 17:07:31.916,1.30438,1.3044,1.00,1.87
2015.11.25 17:07:32.018,1.30436,1.3044,1.00,1.87
2015.11.25 17:07:32.070,1.30436,1.3044,1.00,1.87
2015.11.25 17:07:32.172,1.30432,1.30439,1.50,2.62
2015.11.25 17:07:32.223,1.30431,1.30435,1.00,1.37
2015.11.25 17:07:32.682,1.30428,1.30429,2.62,1.50
2015.11.25 17:07:32.848,1.30422,1.30427,1.50,1.37
2015.11.25 17:07:33.197,1.3042,1.30427,1.00,1.37
2015.11.25 17:07:34.419,1.30423,1.3043,1.00,3.00
2015.11.25 17:07:34.470,1.30423,1.3043,1.12,1.87
2015.11.25 17:07:35.652,1.30427,1.30434,1.12,1.87
2015.11.25 17:07:35.787,1.30428,1.30435,1.00,1.87
2015.11.25 17:07:35.839,1.30428,1.30435,1.87,1.37
2015.11.25 17:07:35.941,1.3043,1.30437,1.00,1.37
2015.11.25 17:07:36.448,1.30431,1.30439,1.00,1.87
2015.11.25 17:07:36.945,1.30431,1.30437,1.12,1.12
2015.11.25 17:07:37.047,1.30431,1.3044,1.50,1.37
2015.11.25 17:07:38.673,1.3043,1.30439,1.00,1.87
2015.11.25 17:07:39.185,1.30429,1.30438,1.00,1.87
2015.11.25 17:07:40.874,1.30433,1.30435,1.37,1.00
2015.11.25 17:07:41.351,1.30436,1.30441,1.37,1.12
2015.11.25 17:07:41.856,1.30435,1.30443,1.37,2.62
2015.11.25 17:07:42.008,1.30436,1.30441,1.12,2.62
2015.11.25 17:07:42.743,1.30438,1.30443,1.00,1.37
2015.11.25 17:07:43.100,1.30437,1.30443,1.00,1.87
2015.11.25 17:07:43.303,1.30438,1.30445,1.00,1.37
2015.11.25 17:07:43.456,1.30441,1.30445,1.50,2.62
2015.11.25 17:07:43.507,1.30441,1.30445,1.50,2.62
2015.11.25 17:07:44.396,1.30441,1.30445,1.00,2.62
2015.11.25 17:07:44.498,1.30443,1.30445,1.00,2.25
2015.11.25 17:07:44.549,1.30445,1.3045,1.00,2.25
2015.11.25 17:07:44.650,1.30446,1.30452,1.00,1.95
2015.11.25 17:07:44.752,1.30444,1.30452,1.87,3.07
2015.11.25 17:07:46.334,1.30437,1.30441,1.00,2.25
2015.11.25 17:07:46.873,1.30436,1.30443,1.12,1.37
2015.11.25 17:07:47.369,1.30435,1.30437,2.25,1.37
2015.11.25 17:07:47.420,1.30432,1.30436,1.00,2.62
2015.11.25 17:07:47.875,1.3043,1.30436,1.87,1.87
2015.11.25 17:07:48.717,1.30428,1.30435,1.87,2.62
2015.11.25 17:07:49.048,1.30427,1.3043,1.50,2.62
2015.11.25 17:07:49.202,1.30423,1.30431,2.25,1.37
2015.11.25 17:07:49.253,1.30423,1.30431,1.50,2.25
2015.11.25 17:07:49.406,1.3042,1.30427,1.50,1.12
2015.11.25 17:07:49.457,1.3042,1.30427,1.50,1.37
2015.11.25 17:07:49.990,1.30421,1.30425,1.00,1.37
2015.11.25 17:07:50.496,1.30422,1.30425,2.25,1.37
2015.11.25 17:07:50.598,1.30423,1.30429,1.12,1.87
2015.11.25 17:07:51.126,1.30421,1.30427,1.00,1.87
2015.11.25 17:07:51.433,1.3042,1.30425,1.00,1.37
2015.11.25 17:07:53.226,1.30419,1.30425,1.00,4.87
2015.11.25 17:07:54.066,1.30415,1.30417,1.00,1.37
2015.11.25 17:07:54.117,1.30411,1.30417,1.50,2.62
2015.11.25 17:07:54.627,1.30408,1.30416,3.00,1.37
2015.11.25 17:07:54.982,1.30409,1.30416,1.00,2.62
2015.11.25 17:07:55.532,1.30413,1.3042,3.37,1.37
2015.11.25 17:07:56.346,1.30414,1.30422,2.62,2.62
2015.11.25 17:07:56.694,1.3041,1.30419,1.87,1.87
2015.11.25 17:07:58.369,1.30411,1.30416,1.00,1.37
2015.11.25 17:07:58.875,1.30409,1.30415,1.37,1.37
2015.11.25 17:08:00.357,1.30408,1.30415,3.37,1.00
2015.11.25 17:08:00.990,1.30418,1.3042,3.00,1.12
2015.11.25 17:08:01.041,1.30418,1.30423,3.75,1.12
2015.11.25 17:08:01.093,1.30418,1.30427,3.75,1.37
2015.11.25 17:08:01.246,1.30417,1.30426,5.25,1.87
2015.11.25 17:08:02.282,1.30424,1.30426,1.00,1.37
2015.11.25 17:08:02.335,1.30425,1.30434,1.50,1.37
2015.11.25 17:08:03.127,1.30423,1.30432,3.00,1.37
2015.11.25 17:08:03.228,1.30422,1.3043,2.62,1.37
2015.11.25 17:08:03.689,1.30422,1.30427,1.00,1.37
2015.11.25 17:08:03.741,1.30419,1.30425,1.37,1.12
2015.11.25 17:08:03.994,1.30417,1.30425,1.50,1.37
2015.11.25 17:08:04.784,1.30417,1.30425,1.00,1.87
2015.11.25 17:08:05.308,1.30413,1.3042,1.37,1.37
2015.11.25 17:08:05.768,1.30415,1.30422,1.37,1.37
2015.11.25 17:08:06.071,1.30418,1.30423,1.00,1.87
2015.11.25 17:08:06.515,1.30418,1.30423,1.12,1.87
2015.11.25 17:08:07.047,1.30418,1.30423,2.25,1.00
2015.11.25 17:08:07.148,1.30418,1.30427,3.75,1.37
2015.11.25 17:08:08.072,1.30418,1.30426,1.00,1.37
2015.11.25 17:08:10.248,1.30418,1.30426,1.87,1.37
2015.11.25 17:08:11.595,1.30417,1.30424,1.00,1.50
2015.11.25 17:08:11.648,1.30415,1.30421,1.00,1.37
2015.11.25 17:08:11.901,1.30411,1.30417,1.12,1.12
2015.11.25 17:08:12.155,1.30409,1.30416,1.12,1.00
2015.11.25 17:08:13.014,1.30407,1.30414,1.37,1.87
2015.11.25 17:08:14.426,1.30407,1.30415,1.50,1.37
2015.11.25 17:08:15.650,1.30409,1.30413,1.00,1.87
2015.11.25 17:08:15.853,1.30407,1.30413,1.00,1.87
2015.11.25 17:08:16.106,1.30407,1.30413,1.12,1.87
2015.11.25 17:08:18.949,1.30405,1.30414,1.87,1.37
2015.11.25 17:08:19.455,1.30402,1.30409,2.62,1.87
2015.11.25 17:08:20.120,1.30401,1.30409,3.75,1.87
2015.11.25 17:08:20.319,1.30402,1.30408,1.12,1.12
2015.11.25 17:08:20.471,1.304,1.30406,1.37,1.00
2015.11.25 17:08:20.623,1.30399,1.30405,1.00,1.87
2015.11.25 17:08:20.674,1.30399,1.30403,1.00,1.00
2015.11.25 17:08:21.865,1.30397,1.30403,1.50,1.87
2015.11.25 17:08:22.374,1.30397,1.30402,1.50,1.87
2015.11.25 17:08:23.654,1.30397,1.30401,1.12,1.87
2015.11.25 17:08:23.958,1.30393,1.30397,1.50,1.12
2015.11.25 17:08:24.263,1.30389,1.30395,1.87,1.00
2015.11.25 17:08:25.206,1.3039,1.30396,1.12,1.12
2015.11.25 17:08:27.317,1.30397,1.30398,1.00,1.50
2015.11.25 17:08:27.419,1.30398,1.30402,1.50,1.50
2015.11.25 17:08:27.935,1.30397,1.30406,6.00,4.12
2015.11.25 17:08:28.797,1.30398,1.30404,1.00,1.12
2015.11.25 17:08:28.848,1.30397,1.30403,1.12,1.37
2015.11.25 17:08:30.311,1.30396,1.30403,1.37,2.62
2015.11.25 17:08:30.794,1.30396,1.304,1.00,1.00
2015.11.25 17:08:31.105,1.30394,1.30399,1.00,1.37
2015.11.25 17:08:31.737,1.30393,1.30398,1.87,1.00
2015.11.25 17:08:32.046,1.30393,1.30398,1.50,2.62
2015.11.25 17:08:33.482,1.30392,1.30398,1.00,2.62
2015.11.25 17:08:34.032,1.30392,1.30398,3.00,2.62
2015.11.25 17:08:36.123,1.30397,1.304,1.00,3.00
2015.11.25 17:08:36.276,1.30396,1.30402,2.40,1.12
2015.11.25 17:08:36.327,1.30396,1.30402,1.57,1.37
2015.11.25 17:08:36.876,1.30395,1.30403,1.12,1.87
2015.11.25 17:08:37.383,1.30395,1.30401,1.00,1.37
2015.11.25 17:08:38.153,1.30391,1.30396,1.50,1.00
2015.11.25 17:08:38.351,1.30388,1.30395,3.00,1.37
2015.11.25 17:08:38.858,1.30388,1.30392,1.00,1.12
2015.11.25 17:08:39.633,1.30387,1.30392,2.62,1.37
2015.11.25 17:08:40.146,1.30386,1.30393,1.00,3.37
2015.11.25 17:08:40.841,1.30384,1.3039,1.00,1.37
2015.11.25 17:08:41.044,1.30385,1.30389,1.00,1.12
2015.11.25 17:08:41.145,1.30387,1.30389,2.62,1.12
2015.11.25 17:08:41.701,1.30388,1.30393,1.00,1.87
2015.11.25 17:08:43.177,1.30385,1.30391,1.87,1.00
2015.11.25 17:08:43.787,1.30385,1.3039,1.87,1.37
2015.11.25 17:08:44.040,1.30383,1.3039,1.00,3.37
2015.11.25 17:08:44.445,1.30382,1.30388,1.12,1.87
2015.11.25 17:08:44.563,1.30378,1.30383,1.00,1.37
2015.11.25 17:08:45.499,1.30376,1.30379,3.00,1.37
2015.11.25 17:08:45.550,1.30373,1.30378,1.50,1.87
2015.11.25 17:08:46.092,1.30373,1.30378,1.12,1.87
2015.11.25 17:08:47.242,1.30372,1.30378,2.25,1.87
2015.11.25 17:08:48.173,1.30373,1.30378,1.50,1.50
2015.11.25 17:08:48.680,1.30371,1.30377,1.37,1.00
2015.11.25 17:08:48.883,1.30372,1.30375,1.00,1.37
2015.11.25 17:08:48.935,1.3037,1.30375,1.00,1.37
2015.11.25 17:08:48.987,1.30369,1.30372,3.00,1.00
2015.11.25 17:08:49.089,1.30367,1.30372,1.12,1.37
2015.11.25 17:08:49.586,1.30366,1.30374,5.25,1.50
2015.11.25 17:08:50.296,1.30367,1.30376,3.37,1.37
2015.11.25 17:08:50.815,1.30372,1.30376,1.12,1.37
2015.11.25 17:08:50.975,1.30372,1.30378,2.25,1.37
2015.11.25 17:08:52.805,1.30372,1.30378,3.37,1.00
2015.11.25 17:08:53.316,1.30373,1.30379,1.75,1.87
2015.11.25 17:08:54.384,1.30372,1.30378,2.25,1.00
2015.11.25 17:08:54.586,1.30372,1.30378,1.87,2.62
2015.11.25 17:08:54.788,1.30375,1.30381,2.62,1.87
2015.11.25 17:08:55.350,1.30376,1.3038,1.00,1.12
2015.11.25 17:08:55.704,1.30374,1.30381,3.00,1.37
2015.11.25 17:08:55.806,1.30372,1.3038,4.12,2.62
2015.11.25 17:08:56.349,1.30369,1.30375,3.00,2.25
2015.11.25 17:08:56.450,1.30372,1.30377,3.75,1.50
2015.11.25 17:08:56.501,1.30375,1.30379,1.87,1.00
2015.11.25 17:08:57.007,1.30376,1.30381,3.00,1.87
2015.11.25 17:08:58.083,1.30376,1.30381,2.62,1.87
2015.11.25 17:08:58.350,1.30375,1.3038,1.00,2.25
2015.11.25 17:08:58.878,1.30374,1.3038,2.25,4.50
2015.11.25 17:08:59.413,1.30375,1.3038,1.00,4.50
2015.11.25 17:08:59.514,1.30375,1.3038,1.00,1.87
2015.11.25 17:08:59.667,1.30372,1.3038,1.87,3.37
2015.11.25 17:08:59.870,1.30369,1.30376,1.50,1.37
2015.11.25 17:08:59.921,1.30368,1.30375,2.32,1.87
2015.11.25 17:09:00.074,1.30372,1.30375,1.37,1.00
2015.11.25 17:09:00.727,1.30375,1.3038,1.37,1.87
2015.11.25 17:09:01.245,1.30377,1.3038,1.00,1.87
2015.11.25 17:09:02.184,1.30375,1.30379,1.00,1.87
2015.11.25 17:09:02.864,1.30375,1.30379,1.00,1.87
2015.11.25 17:09:04.024,1.30375,1.30379,1.00,1.87
2015.11.25 17:09:04.565,1.30376,1.3038,1.00,1.37
2015.11.25 17:09:04.871,1.30377,1.30381,1.00,2.62
2015.11.25 17:09:05.455,1.30371,1.30374,1.00,2.62
2015.11.25 17:09:05.506,1.30368,1.30372,1.87,1.12
2015.11.25 17:09:07.471,1.30367,1.30372,1.00,2.62
2015.11.25 17:09:07.781,1.30366,1.30372,1.12,1.87
2015.11.25 17:09:08.277,1.30363,1.30365,4.95,1.00
2015.11.25 17:09:08.328,1.3036,1.30364,3.75,1.00
2015.11.25 17:09:09.089,1.30361,1.30364,1.12,1.37
2015.11.25 17:09:09.241,1.30361,1.30365,2.25,1.00
2015.11.25 17:09:09.292,1.30363,1.30365,2.62,1.00
2015.11.25 17:09:10.229,1.30362,1.30368,3.75,1.12
2015.11.25 17:09:10.653,1.30364,1.30365,1.00,1.00
2015.11.25 17:09:10.755,1.30364,1.30368,1.00,1.87
2015.11.25 17:09:11.455,1.30359,1.3036,1.00,1.12
2015.11.25 17:09:11.613,1.30356,1.3036,1.50,1.87
2015.11.25 17:09:12.300,1.30355,1.3036,2.25,4.12
2015.11.25 17:09:12.861,1.30355,1.3036,1.12,1.87
2015.11.25 17:09:13.519,1.30356,1.3036,1.00,1.00
2015.11.25 17:09:14.026,1.30357,1.3036,1.00,2.25
2015.11.25 17:09:14.179,1.30357,1.30362,1.37,1.12
2015.11.25 17:09:16.082,1.30361,1.30366,1.00,2.62
2015.11.25 17:09:16.387,1.30358,1.30365,1.12,1.87
2015.11.25 17:09:17.748,1.30355,1.3036,1.87,1.12
2015.11.25 17:09:18.253,1.30351,1.30357,1.50,1.37
2015.11.25 17:09:18.926,1.30344,1.30351,2.62,2.55
2015.11.25 17:09:18.977,1.30344,1.30349,1.87,1.00
2015.11.25 17:09:19.496,1.30344,1.3035,1.50,2.17
2015.11.25 17:09:19.905,1.30343,1.3035,1.50,3.37
2015.11.25 17:09:20.770,1.30342,1.30349,1.00,1.37
2015.11.25 17:09:21.074,1.30339,1.30345,1.37,1.87
2015.11.25 17:09:22.372,1.30336,1.30342,3.37,1.50
2015.11.25 17:09:23.194,1.30335,1.30342,4.50,1.87
2015.11.25 17:09:23.919,1.30345,1.30346,1.00,1.87
2015.11.25 17:09:23.971,1.30346,1.30351,1.00,1.37
2015.11.25 17:09:24.478,1.30344,1.30353,1.37,3.75
2015.11.25 17:09:25.162,1.30345,1.30352,1.37,1.87
2015.11.25 17:09:26.121,1.30346,1.30355,1.87,2.62
2015.11.25 17:09:26.793,1.30347,1.30355,1.37,1.87
2015.11.25 17:09:27.124,1.30349,1.30357,1.87,1.87
2015.11.25 17:09:27.664,1.30351,1.30357,1.50,1.87
2015.11.25 17:09:28.791,1.30352,1.30359,1.87,1.87
2015.11.25 17:09:29.564,1.30352,1.30357,1.37,1.50
2015.11.25 17:09:30.119,1.30354,1.30358,2.25,1.50
2015.11.25 17:09:30.720,1.30359,1.30366,1.12,3.00
2015.11.25 17:09:30.891,1.3036,1.30366,1.00,1.87
2015.11.25 17:09:30.942,1.30357,1.30364,1.12,2.62
2015.11.25 17:09:31.195,1.3036,1.30362,1.00,3.37
2015.11.25 17:09:31.348,1.3036,1.30367,1.00,2.62
2015.11.25 17:09:31.819,1.30364,1.3037,3.37,1.37
2015.11.25 17:09:31.871,1.30366,1.30372,1.00,1.37
2015.11.25 17:09:32.074,1.30366,1.30372,1.00,1.87
2015.11.25 17:09:32.176,1.30364,1.30371,1.12,1.37
2015.11.25 17:09:33.730,1.30363,1.30369,1.00,1.87
2015.11.25 17:09:34.035,1.30361,1.30366,1.50,3.00
2015.11.25 17:09:34.087,1.30359,1.30366,1.00,3.00
2015.11.25 17:09:34.392,1.30355,1.30364,1.37,1.87
2015.11.25 17:09:35.162,1.30356,1.30365,1.37,1.87
2015.11.25 17:09:35.787,1.30361,1.30367,1.50,1.87
2015.11.25 17:09:36.419,1.3036,1.30364,1.00,1.37
2015.11.25 17:09:36.470,1.30358,1.30365,1.00,1.37
2015.11.25 17:09:36.623,1.30359,1.30366,1.37,1.50
2015.11.25 17:09:36.927,1.30363,1.30369,1.37,2.62
2015.11.25 17:09:37.600,1.30361,1.30367,1.50,1.87
2015.11.25 17:09:38.107,1.30358,1.30366,2.62,1.12
2015.11.25 17:09:38.158,1.30358,1.30366,1.50,2.62
2015.11.25 17:09:38.865,1.30357,1.30359,1.50,1.50
2015.11.25 17:09:38.917,1.30354,1.30359,1.50,1.87
2015.11.25 17:09:39.018,1.30354,1.30359,1.87,1.87
2015.11.25 17:09:39.474,1.30357,1.30361,1.12,1.87
2015.11.25 17:09:41.758,1.30355,1.30361,1.12,1.87
2015.11.25 17:09:42.113,1.30354,1.30357,1.00,1.50
2015.11.25 17:09:42.569,1.30353,1.30359,1.37,1.87
2015.11.25 17:09:43.118,1.30357,1.30362,1.87,1.87
2015.11.25 17:09:44.414,1.30357,1.30366,2.51,3.75
2015.11.25 17:09:44.718,1.3036,1.30369,5.25,3.75
2015.11.25 17:09:45.022,1.30364,1.30373,2.25,1.87
2015.11.25 17:09:46.122,1.30365,1.30374,1.50,2.25
2015.11.25 17:09:46.645,1.30365,1.30374,1.54,3.75
2015.11.25 17:09:47.208,1.30364,1.30374,2.29,3.75
2015.11.25 17:09:47.853,1.30364,1.30374,1.54,3.00
2015.11.25 17:09:48.157,1.30363,1.30372,2.25,1.87
2015.11.25 17:09:50.021,1.30361,1.3037,1.12,1.87
2015.11.25 17:09:50.744,1.3037,1.30374,1.00,1.00
2015.11.25 17:09:51.149,1.30367,1.30376,3.00,5.25
2015.11.25 17:09:51.251,1.30365,1.30373,1.87,1.37
2015.11.25 17:09:54.537,1.30361,1.30369,1.37,1.37
2015.11.25 17:09:54.891,1.30361,1.30369,1.37,1.87
2015.11.25 17:09:55.398,1.3036,1.30362,1.00,1.12
2015.11.25 17:09:55.540,1.3035,1.30361,6.75,1.87
2015.11.25 17:09:56.383,1.30354,1.3036,1.00,1.87
2015.11.25 17:09:56.642,1.30353,1.30361,1.37,1.37
2015.11.25 17:09:58.463,1.30353,1.30359,1.37,1.87
2015.11.25 17:10:01.497,1.30357,1.3036,1.00,1.00
2015.11.25 17:10:02.004,1.30358,1.30364,1.00,1.50
2015.11.25 17:10:02.996,1.30357,1.30364,1.12,1.37
2015.11.25 17:10:06.196,1.30357,1.30363,1.00,1.37
2015.11.25 17:10:06.702,1.30356,1.30362,1.12,1.87
2015.11.25 17:10:07.006,1.30357,1.30365,1.37,1.37
2015.11.25 17:10:07.954,1.3036,1.30366,1.00,1.37
2015.11.25 17:10:08.264,1.3036,1.30366,1.37,1.37
2015.11.25 17:10:08.366,1.30363,1.30367,1.00,2.62
2015.11.25 17:10:08.416,1.30363,1.30367,1.12,1.87
2015.11.25 17:10:09.084,1.30362,1.30371,1.37,1.50
2015.11.25 17:10:09.387,1.30363,1.30371,3.00,1.00
2015.11.25 17:10:09.892,1.30365,1.30373,1.37,1.50
2015.11.25 17:10:11.118,1.30366,1.30375,2.25,2.62
2015.11.25 17:10:12.503,1.30369,1.30376,1.37,1.50
2015.11.25 17:10:13.009,1.3037,1.30377,1.37,1.12
2015.11.25 17:10:13.466,1.30373,1.30378,1.50,1.50
2015.11.25 17:10:13.568,1.30375,1.30383,2.62,1.75
2015.11.25 17:10:13.670,1.30377,1.30384,1.37,2.25
2015.11.25 17:10:14.115,1.30384,1.30386,1.50,1.12
2015.11.25 17:10:14.231,1.30381,1.3039,3.00,1.37
2015.11.25 17:10:14.391,1.30383,1.30392,5.62,1.87
2015.11.25 17:10:15.302,1.30382,1.30384,2.62,1.12
2015.11.25 17:10:15.421,1.30376,1.30384,1.87,1.37
2015.11.25 17:10:15.771,1.30377,1.30386,3.00,2.62
2015.11.25 17:10:17.475,1.30379,1.30385,1.50,1.00
2015.11.25 17:10:17.578,1.30381,1.30389,1.12,1.50
2015.11.25 17:10:17.629,1.30381,1.30389,1.37,1.50
2015.11.25 17:10:18.310,1.30386,1.30394,1.12,1.87
2015.11.25 17:10:18.512,1.30386,1.30394,1.00,1.50
2015.11.25 17:10:18.816,1.30385,1.30392,1.00,1.75
2015.11.25 17:10:19.220,1.30387,1.30393,1.00,1.75
2015.11.25 17:10:19.751,1.30387,1.30394,1.00,1.75
2015.11.25 17:10:20.259,1.30386,1.30392,1.50,1.37
2015.11.25 17:10:21.499,1.30383,1.30392,2.62,1.37
2015.11.25 17:10:22.659,1.30381,1.3039,1.87,6.00
2015.11.25 17:10:22.710,1.30381,1.3039,1.87,5.62
2015.11.25 17:10:23.244,1.30381,1.3039,1.50,4.87
2015.11.25 17:10:24.329,1.3038,1.30388,1.12,1.50
2015.11.25 17:10:25.006,1.3038,1.30388,1.37,1.75
2015.11.25 17:10:25.673,1.30382,1.30386,1.00,1.00
2015.11.25 17:10:27.055,1.30384,1.3039,1.00,2.25
2015.11.25 17:10:27.106,1.30385,1.3039,1.12,1.87
2015.11.25 17:10:27.158,1.30385,1.3039,1.12,1.50
2015.11.25 17:10:27.311,1.3039,1.30393,1.00,1.12
2015.11.25 17:10:27.615,1.30394,1.304,1.00,2.62
2015.11.25 17:10:28.064,1.30395,1.304,1.87,1.50
2015.11.25 17:10:29.845,1.30393,1.30396,1.00,1.87
2015.11.25 17:10:29.896,1.30387,1.30394,1.00,1.87
2015.11.25 17:10:29.949,1.30384,1.30393,2.62,4.87
2015.11.25 17:10:30.050,1.30384,1.30391,1.00,1.37
2015.11.25 17:10:30.995,1.30382,1.3039,1.00,2.25
2015.11.25 17:10:33.180,1.3038,1.30389,4.12,1.87
2015.11.25 17:10:34.347,1.30381,1.3039,1.87,2.62
2015.11.25 17:10:34.701,1.30384,1.30393,2.62,4.50
2015.11.25 17:10:35.005,1.30384,1.3039,1.12,1.37
2015.11.25 17:10:36.220,1.30384,1.30392,1.87,1.50
2015.11.25 17:10:36.322,1.30386,1.30394,1.37,1.87
2015.11.25 17:10:36.575,1.3039,1.30393,1.00,1.00
2015.11.25 17:10:36.881,1.30389,1.30396,1.12,2.25
2015.11.25 17:10:37.569,1.30389,1.30396,1.12,1.50
2015.11.25 17:10:41.195,1.30391,1.30397,1.00,1.50
2015.11.25 17:10:41.500,1.30397,1.30404,1.12,2.02
2015.11.25 17:10:41.804,1.30393,1.30402,1.87,1.50
2015.11.25 17:10:42.441,1.30394,1.304,1.00,3.75
2015.11.25 17:10:42.745,1.30393,1.30396,1.00,2.62
2015.11.25 17:10:43.251,1.30391,1.30395,2.25,1.87
2015.11.25 17:10:43.402,1.30386,1.30395,1.87,1.87
2015.11.25 17:10:44.140,1.30388,1.30395,1.00,2.25
2015.11.25 17:10:44.241,1.30388,1.30395,1.00,2.25
2015.11.25 17:10:44.292,1.30386,1.30394,1.87,1.37
2015.11.25 17:10:44.595,1.30384,1.3039,1.87,1.00
2015.11.25 17:10:44.798,1.30385,1.30393,1.87,3.00
2015.11.25 17:10:45.950,1.30387,1.30395,1.87,1.12
2015.11.25 17:10:46.264,1.30385,1.30393,1.12,1.50
2015.11.25 17:10:48.009,1.30382,1.30391,1.37,2.25
2015.11.25 17:10:49.733,1.30383,1.30392,1.87,1.75
2015.11.25 17:10:51.894,1.30385,1.30393,1.75,1.37
2015.11.25 17:10:52.369,1.30397,1.30403,1.00,3.00
2015.11.25 17:10:52.583,1.30402,1.30404,1.87,1.00
2015.11.25 17:10:52.684,1.30404,1.30412,1.00,1.75
2015.11.25 17:10:52.886,1.30406,1.30412,1.50,1.87
2015.11.25 17:10:53.480,1.30405,1.30412,1.12,3.00
2015.11.25 17:10:55.147,1.30404,1.30412,1.37,1.12
2015.11.25 17:10:56.295,1.30419,1.3042,1.87,1.00
2015.11.25 17:10:56.346,1.30421,1.30429,1.50,2.62
2015.11.25 17:10:56.701,1.30418,1.30425,1.37,2.62
2015.11.25 17:10:57.247,1.30418,1.30422,1.00,1.50
2015.11.25 17:10:57.449,1.30414,1.30422,1.12,3.00
2015.11.25 17:10:57.956,1.30414,1.30423,1.50,3.75
2015.11.25 17:10:58.653,1.30418,1.30423,2.62,1.37
2015.11.25 17:10:58.969,1.30421,1.30429,1.00,2.25
2015.11.25 17:10:59.272,1.30419,1.30426,2.25,1.12
2015.11.25 17:10:59.788,1.30422,1.30424,1.00,1.00
2015.11.25 17:10:59.839,1.30422,1.30426,1.00,1.00
2015.11.25 17:10:59.890,1.30424,1.30428,1.50,1.00
2015.11.25 17:11:00.194,1.30428,1.30433,1.50,1.37
2015.11.25 17:11:00.799,1.30427,1.30433,1.00,2.25
2015.11.25 17:11:01.872,1.30428,1.30435,1.12,1.87
2015.11.25 17:11:02.653,1.30427,1.30435,1.00,1.87
2015.11.25 17:11:03.381,1.30429,1.30433,1.87,1.12
2015.11.25 17:11:03.702,1.30429,1.30437,1.87,1.37
2015.11.25 17:11:03.905,1.30425,1.30433,2.25,1.37
2015.11.25 17:11:03.957,1.30425,1.30432,1.87,2.62
2015.11.25 17:11:04.211,1.30419,1.30426,1.75,1.37
2015.11.25 17:11:04.953,1.3042,1.30426,1.37,1.50
2015.11.25 17:11:05.116,1.30423,1.30429,1.37,1.37
2015.11.25 17:11:06.092,1.30418,1.30428,1.87,1.37
2015.11.25 17:11:06.143,1.30418,1.30428,1.87,1.37
2015.11.25 17:11:08.878,1.30419,1.30427,1.87,1.50
2015.11.25 17:11:09.874,1.30422,1.3043,1.37,2.32
2015.11.25 17:11:10.871,1.30422,1.3043,1.37,1.87
2015.11.25 17:11:11.177,1.30421,1.30429,1.87,2.25
2015.11.25 17:11:11.345,1.30417,1.30425,3.00,1.87
2015.11.25 17:11:11.449,1.30416,1.30425,1.87,1.87
2015.11.25 17:11:11.959,1.30415,1.30422,1.12,1.87
2015.11.25 17:11:12.469,1.30414,1.30423,1.12,1.87
2015.11.25 17:11:13.245,1.30414,1.30423,1.50,2.25
2015.11.25 17:11:13.754,1.30413,1.30422,1.12,1.50
2015.11.25 17:11:14.058,1.30411,1.3042,2.25,1.87
2015.11.25 17:11:14.722,1.30411,1.30415,1.00,1.87
2015.11.25 17:11:14.773,1.30406,1.30415,1.87,1.87
2015.11.25 17:11:15.027,1.30412,1.30415,1.50,1.37
2015.11.25 17:11:15.350,1.30417,1.30421,1.00,1.37
2015.11.25 17:11:15.839,1.3042,1.30424,1.50,2.25
2015.11.25 17:11:16.042,1.30421,1.30425,1.50,1.00
2015.11.25 17:11:16.245,1.30424,1.3043,1.50,1.75
2015.11.25 17:11:17.175,1.30422,1.3043,1.50,3.75
2015.11.25 17:11:17.794,1.30422,1.30429,1.50,1.37
2015.11.25 17:11:18.474,1.30421,1.30428,1.00,1.37
2015.11.25 17:11:19.011,1.3042,1.30428,1.50,1.50
2015.11.25 17:11:20.088,1.30422,1.30429,1.50,3.00
2015.11.25 17:11:20.462,1.30424,1.30432,1.00,1.37
2015.11.25 17:11:23.458,1.30424,1.30433,1.00,1.87
2015.11.25 17:11:23.988,1.30423,1.30432,1.00,1.50
2015.11.25 17:11:24.825,1.30423,1.30426,1.00,1.87
2015.11.25 17:11:24.876,1.30416,1.30424,1.50,1.37
2015.11.25 17:11:25.382,1.30413,1.30422,2.25,2.62
2015.11.25 17:11:26.158,1.30413,1.30421,1.87,1.37
2015.11.25 17:11:26.513,1.30411,1.30421,1.50,2.62
2015.11.25 17:11:27.313,1.30411,1.30418,1.00,1.37
2015.11.25 17:11:27.617,1.30413,1.3042,1.12,1.87
2015.11.25 17:11:29.596,1.30412,1.3042,1.50,1.37
2015.11.25 17:11:30.827,1.30411,1.3042,1.50,1.87
2015.11.25 17:11:31.130,1.30411,1.3042,1.12,1.37
2015.11.25 17:11:34.319,1.30411,1.30419,1.00,1.37
2015.11.25 17:11:35.243,1.3041,1.30418,1.12,1.37
2015.11.25 17:11:35.773,1.30409,1.30419,2.62,1.87
2015.11.25 17:11:41.144,1.3041,1.30419,1.50,2.62
2015.11.25 17:11:41.649,1.3041,1.30416,1.37,1.37
2015.11.25 17:11:42.636,1.3041,1.30416,1.12,1.37
2015.11.25 17:11:43.540,1.3041,1.30418,1.50,1.87
2015.11.25 17:11:44.010,1.30412,1.30421,1.37,3.00
2015.11.25 17:11:44.314,1.30411,1.30419,1.37,1.37
2015.11.25 17:11:46.873,1.30408,1.30416,1.75,1.37
2015.11.25 17:11:48.288,1.30407,1.30416,2.25,1.87
2015.11.25 17:11:48.592,1.30407,1.30414,1.00,1.37
2015.11.25 17:11:48.694,1.30404,1.3041,1.50,1.87
2015.11.25 17:11:48.847,1.30402,1.30409,1.00,1.87
2015.11.25 17:11:48.898,1.304,1.30406,1.12,1.37
2015.11.25 17:11:49.390,1.30396,1.30405,1.37,1.50
2015.11.25 17:11:52.276,1.30397,1.30403,1.00,1.50
2015.11.25 17:11:52.579,1.30395,1.30402,3.00,1.87
2015.11.25 17:11:52.847,1.30391,1.30398,1.87,3.00
2015.11.25 17:11:52.949,1.30391,1.30396,1.87,1.00
2015.11.25 17:11:53.252,1.30388,1.30397,2.25,3.37
2015.11.25 17:11:53.979,1.30386,1.30394,1.75,1.87
2015.11.25 17:11:54.232,1.30388,1.30394,1.75,1.87
2015.11.25 17:11:54.334,1.30392,1.30398,1.12,1.87
2015.11.25 17:11:54.435,1.30393,1.30401,1.87,1.87
2015.11.25 17:11:54.537,1.30394,1.30401,1.37,1.00
2015.11.25 17:11:55.166,1.30397,1.30405,1.12,3.00
2015.11.25 17:11:55.279,1.30397,1.30405,1.37,1.87
2015.11.25 17:11:55.582,1.304,1.30409,3.37,1.37
2015.11.25 17:11:56.346,1.30402,1.3041,1.12,1.87
2015.11.25 17:11:56.851,1.30403,1.3041,1.12,1.87
2015.11.25 17:11:57.981,1.30409,1.30413,1.00,1.12
2015.11.25 17:11:58.032,1.30409,1.30415,1.00,1.87
2015.11.25 17:11:58.927,1.30407,1.30415,1.37,3.37
2015.11.25 17:11:59.476,1.30404,1.3041,2.25,1.37
2015.11.25 17:11:59.830,1.30401,1.3041,1.50,3.37
2015.11.25 17:12:00.050,1.30402,1.3041,1.50,1.37
2015.11.25 17:12:01.434,1.30404,1.30411,1.00,1.87
2015.11.25 17:12:02.230,1.30404,1.30411,1.12,1.87
2015.11.25 17:12:03.603,1.30408,1.30411,1.00,1.87
2015.11.25 17:12:03.654,1.30408,1.30416,1.37,1.87
2015.11.25 17:12:05.131,1.3041,1.30418,1.00,2.25
2015.11.25 17:12:05.674,1.30409,1.30417,1.00,1.37
2015.11.25 17:12:05.877,1.30409,1.30418,3.00,2.25
2015.11.25 17:12:06.986,1.3041,1.30419,1.12,1.50
2015.11.25 17:12:08.932,1.3041,1.30419,1.12,1.87
2015.11.25 17:12:10.107,1.3041,1.30417,1.87,1.37
2015.11.25 17:12:10.265,1.30409,1.30418,1.00,1.37
2015.11.25 17:12:11.237,1.30409,1.30416,1.12,1.37
2015.11.25 17:12:15.590,1.3041,1.30416,1.00,1.87
2015.11.25 17:12:16.117,1.30409,1.30416,1.12,1.87
2015.11.25 17:12:16.542,1.3041,1.30416,1.37,1.87
2015.11.25 17:12:17.311,1.3041,1.30419,1.50,2.62
2015.11.25 17:12:17.856,1.30407,1.30416,1.75,1.37
2015.11.25 17:12:18.332,1.30405,1.30412,2.25,1.37
2015.11.25 17:12:18.433,1.30405,1.30411,1.00,1.37
2015.11.25 17:12:19.225,1.30407,1.30415,1.00,2.25
2015.11.25 17:12:19.739,1.30404,1.30411,1.12,1.87
2015.11.25 17:12:19.942,1.30403,1.30409,2.25,1.87
2015.11.25 17:12:20.625,1.30403,1.30412,2.25,1.37
2015.11.25 17:12:20.933,1.30405,1.30413,1.37,1.87
2015.11.25 17:12:22.436,1.30406,1.30415,1.50,1.37
2015.11.25 17:12:23.022,1.30406,1.30415,2.62,1.12
2015.11.25 17:12:24.160,1.3041,1.30415,1.50,1.00
2015.11.25 17:12:24.211,1.3041,1.30418,1.50,1.50
2015.11.25 17:12:24.566,1.30409,1.30418,3.00,1.37
2015.11.25 17:12:24.924,1.30409,1.30418,1.50,1.37
2015.11.25 17:12:26.971,1.30405,1.30414,4.87,1.87
2015.11.25 17:12:30.820,1.30405,1.30413,1.75,1.12
2015.11.25 17:12:31.350,1.30405,1.30413,1.75,1.37
2015.11.25 17:12:32.144,1.30406,1.30415,1.75,1.87
2015.11.25 17:12:33.703,1.3041,1.30417,1.00,1.87
2015.11.25 17:12:34.373,1.30409,1.30418,2.62,2.25
2015.11.25 17:12:35.664,1.3041,1.30418,1.00,2.25
2015.11.25 17:12:36.307,1.30407,1.30417,2.62,1.75
2015.11.25 17:12:40.724,1.30406,1.30414,1.75,1.37
2015.11.25 17:12:41.056,1.30401,1.3041,1.87,5.62
2015.11.25 17:12:41.158,1.30398,1.30407,2.25,1.37
2015.11.25 17:12:41.623,1.30396,1.30403,1.00,1.87
2015.11.25 17:12:42.124,1.30394,1.30403,1.75,1.87
2015.11.25 17:12:43.034,1.30395,1.30405,2.25,1.75
2015.11.25 17:12:43.535,1.30397,1.30405,1.87,1.37
2015.11.25 17:12:45.310,1.30397,1.30406,1.87,1.87
2015.11.25 17:12:49.549,1.30399,1.30407,1.75,1.12
2015.11.25 17:12:49.651,1.30403,1.30411,1.87,1.37
2015.11.25 17:12:50.354,1.30407,1.30416,1.50,4.50
2015.11.25 17:12:50.662,1.30408,1.30417,1.87,3.37
2015.11.25 17:12:52.097,1.30409,1.30418,1.00,3.37
2015.11.25 17:12:52.737,1.30409,1.30418,1.37,1.87
2015.11.25 17:12:55.602,1.30411,1.3042,1.87,2.25
2015.11.25 17:12:57.405,1.3041,1.30418,1.37,1.37
2015.11.25 17:12:58.359,1.30408,1.30417,3.00,1.37
2015.11.25 17:12:59.425,1.30408,1.30409,1.50,2.62
2015.11.25 17:12:59.479,1.304,1.30409,2.25,2.62
2015.11.25 17:13:02.325,1.30398,1.30409,3.00,3.00
2015.11.25 17:13:02.871,1.30398,1.30408,3.00,1.37
2015.11.25 17:13:02.973,1.304,1.30409,5.62,2.62
2015.11.25 17:13:03.646,1.30402,1.3041,1.87,1.00
2015.11.25 17:13:04.615,1.30403,1.30412,3.00,3.37
2015.11.25 17:13:05.138,1.30407,1.30412,1.37,2.25
2015.11.25 17:13:05.189,1.30407,1.30414,1.37,1.00
2015.11.25 17:13:05.419,1.30409,1.30415,1.50,1.00
2015.11.25 17:13:05.719,1.30408,1.30416,1.87,3.00
2015.11.25 17:13:06.605,1.30406,1.30415,1.37,3.37
2015.11.25 17:13:08.069,1.30407,1.30414,1.87,1.12
2015.11.25 17:13:10.439,1.30408,1.30416,1.37,1.50
2015.11.25 17:13:10.591,1.3041,1.30418,1.87,2.25
2015.11.25 17:13:10.642,1.30411,1.30418,3.00,1.12
2015.11.25 17:13:11.722,1.30414,1.30419,2.62,1.00
2015.11.25 17:13:12.078,1.30414,1.3042,2.25,3.37
2015.11.25 17:13:13.079,1.30414,1.3042,1.50,1.12
2015.11.25 17:13:13.181,1.30415,1.3042,1.87,1.00
2015.11.25 17:13:14.093,1.30417,1.30421,1.37,1.00
2015.11.25 17:13:15.945,1.30416,1.30424,3.00,1.37
2015.11.25 17:13:16.046,1.30418,1.30425,1.37,2.62
2015.11.25 17:13:18.133,1.30418,1.30427,2.25,2.62
2015.11.25 17:13:19.332,1.30419,1.30426,1.37,1.37
2015.11.25 17:13:19.484,1.3042,1.30426,1.00,1.37
2015.11.25 17:13:19.535,1.30418,1.30425,1.87,1.37
2015.11.25 17:13:20.217,1.30411,1.3042,2.25,2.62
2015.11.25 17:13:21.681,1.30411,1.30419,2.25,1.37
2015.11.25 17:13:22.564,1.30411,1.30418,1.00,1.50
2015.11.25 17:13:24.183,1.3041,1.30414,1.50,1.00
2015.11.25 17:13:24.386,1.30404,1.3041,4.20,1.50
2015.11.25 17:13:24.539,1.30401,1.30409,2.25,1.12
2015.11.25 17:13:25.091,1.30401,1.3041,1.87,1.87
2015.11.25 17:13:26.410,1.30401,1.30408,1.87,1.87
2015.11.25 17:13:37.354,1.30406,1.30413,1.00,1.87
2015.11.25 17:13:38.479,1.30405,1.30414,2.25,1.87
2015.11.25 17:13:40.776,1.3041,1.30418,1.87,1.00
2015.11.25 17:13:40.928,1.30411,1.3042,2.25,2.25
2015.11.25 17:13:41.435,1.30411,1.3042,3.00,2.25
2015.11.25 17:13:42.116,1.30414,1.30418,1.37,1.00
2015.11.25 17:13:44.101,1.30411,1.30417,1.75,1.50
2015.11.25 17:13:44.303,1.3041,1.30417,1.50,1.87
2015.11.25 17:13:44.557,1.30407,1.30414,2.25,1.87
2015.11.25 17:13:44.658,1.30409,1.30413,1.00,1.12
2015.11.25 17:13:46.065,1.3041,1.30414,1.00,1.37
2015.11.25 17:13:46.564,1.30405,1.3041,5.62,1.00
2015.11.25 17:13:46.969,1.30402,1.3041,1.50,1.87
2015.11.25 17:13:47.424,1.304,1.30407,1.87,1.00
2015.11.25 17:13:48.542,1.30399,1.30405,1.50,1.00
2015.11.25 17:13:48.826,1.30399,1.30405,1.37,1.87
2015.11.25 17:13:49.299,1.30398,1.30406,2.62,1.00
2015.11.25 17:13:50.128,1.304,1.30407,1.37,1.12
2015.11.25 17:13:50.836,1.30398,1.30407,2.25,1.50
2015.11.25 17:13:51.419,1.30398,1.30403,1.00,1.00
2015.11.25 17:13:51.940,1.30394,1.30402,2.62,1.00
2015.11.25 17:13:52.631,1.30394,1.30402,1.75,1.00
2015.11.25 17:13:52.683,1.30394,1.30402,1.75,1.12
2015.11.25 17:13:54.440,1.30394,1.30404,2.25,1.37
2015.11.25 17:13:56.182,1.30395,1.30404,6.00,1.00
2015.11.25 17:13:56.233,1.30397,1.30406,1.87,2.25
2015.11.25 17:13:57.036,1.30396,1.30405,4.87,1.50
2015.11.25 17:13:57.732,1.30397,1.30406,2.25,2.25
2015.11.25 17:13:58.763,1.30397,1.30405,2.25,1.00
2015.11.25 17:13:59.308,1.30391,1.30394,1.50,1.87
2015.11.25 17:13:59.360,1.30387,1.30394,1.12,4.12
2015.11.25 17:13:59.411,1.30387,1.3039,1.00,1.12
2015.11.25 17:13:59.667,1.30383,1.30387,1.00,2.62
2015.11.25 17:14:00.967,1.3038,1.30386,1.37,1.12
2015.11.25 17:14:01.146,1.30379,1.30386,1.37,1.87
2015.11.25 17:14:01.252,1.3038,1.30386,1.75,1.50
2015.11.25 17:14:01.354,1.30386,1.3039,1.12,2.25
2015.11.25 17:14:01.987,1.30386,1.30395,1.00,3.37
2015.11.25 17:14:02.045,1.30384,1.30395,2.25,3.75
2015.11.25 17:14:02.865,1.30387,1.30396,1.50,2.25
2015.11.25 17:14:03.493,1.30387,1.30396,1.50,1.50
2015.11.25 17:14:04.081,1.30389,1.30395,1.37,1.00
2015.11.25 17:14:04.814,1.30388,1.30397,1.37,1.37
2015.11.25 17:14:06.427,1.30389,1.30398,1.87,2.25
2015.11.25 17:14:10.687,1.30391,1.30399,1.00,1.75
2015.11.25 17:14:11.640,1.30395,1.304,2.25,1.75
2015.11.25 17:14:11.694,1.30397,1.30405,1.50,1.75
2015.11.25 17:14:11.846,1.304,1.30407,1.50,1.37
2015.11.25 17:14:14.010,1.304,1.30406,1.87,1.37
2015.11.25 17:14:15.516,1.30398,1.30402,1.50,1.37
2015.11.25 17:14:15.651,1.30395,1.30401,1.37,1.37
2015.11.25 17:14:16.198,1.30395,1.30401,1.12,1.37
2015.11.25 17:14:18.882,1.30396,1.304,1.00,1.37
2015.11.25 17:14:21.160,1.30395,1.304,1.87,1.37
2015.11.25 17:14:23.273,1.30394,1.30402,1.87,1.12
2015.11.25 17:14:23.962,1.30394,1.30402,1.87,1.50
2015.11.25 17:14:25.742,1.30391,1.304,2.25,1.87
2015.11.25 17:14:26.074,1.30391,1.30396,1.37,1.12
2015.11.25 17:14:26.125,1.30389,1.30396,1.87,1.37
2015.11.25 17:14:27.531,1.30387,1.30396,2.25,4.12
2015.11.25 17:14:28.878,1.30389,1.30398,2.25,2.25
2015.11.25 17:14:28.979,1.30389,1.30398,2.25,2.25
2015.11.25 17:14:30.178,1.30392,1.304,2.25,2.25
2015.11.25 17:14:36.363,1.30392,1.30401,2.25,1.50
2015.11.25 17:14:36.464,1.30398,1.30401,1.37,1.00
2015.11.25 17:14:36.935,1.30402,1.30404,1.00,1.00
2015.11.25 17:14:37.061,1.30402,1.30411,1.50,1.37
2015.11.25 17:14:37.601,1.30402,1.3041,1.75,1.87
2015.11.25 17:14:37.652,1.30403,1.3041,1.00,1.87
2015.11.25 17:14:38.652,1.30399,1.30408,3.82,2.25
2015.11.25 17:14:40.373,1.30401,1.30407,1.87,1.00
2015.11.25 17:14:40.424,1.30399,1.30407,1.12,2.62
2015.11.25 17:14:41.423,1.304,1.30407,1.37,2.25
2015.11.25 17:14:41.727,1.30396,1.30404,1.87,1.87
2015.11.25 17:14:42.083,1.30395,1.30403,1.37,1.87
2015.11.25 17:14:43.506,1.30393,1.30401,1.12,1.00
2015.11.25 17:14:44.141,1.30393,1.30401,1.37,1.12
2015.11.25 17:14:45.020,1.30395,1.30403,1.37,1.87
2015.11.25 17:14:46.266,1.30394,1.30403,2.25,1.37
2015.11.25 17:14:47.884,1.30397,1.30403,1.12,1.50
2015.11.25 17:14:47.985,1.304,1.30407,4.12,1.87
2015.11.25 17:14:48.036,1.30401,1.30407,1.75,1.00
2015.11.25 17:14:48.087,1.30401,1.30409,1.75,1.87
2015.11.25 17:14:48.239,1.30401,1.3041,3.75,1.87
2015.11.25 17:14:49.100,1.30401,1.30409,1.87,1.87
2015.11.25 17:14:49.455,1.304,1.30407,2.25,1.87
2015.11.25 17:14:53.521,1.30399,1.30409,1.87,1.87
2015.11.25 17:14:55.169,1.30398,1.30408,3.00,1.75
2015.11.25 17:14:55.220,1.30393,1.30401,2.62,1.87
2015.11.25 17:14:55.451,1.30393,1.30399,1.37,1.00
2015.11.25 17:14:55.978,1.30393,1.304,1.37,1.87
2015.11.25 17:14:59.019,1.3039,1.30401,6.75,1.87
2015.11.25 17:14:59.764,1.3039,1.30401,3.00,2.62
2015.11.25 17:15:03.287,1.30391,1.30399,3.37,1.00
2015.11.25 17:15:03.793,1.30391,1.304,3.37,3.00
2015.11.25 17:15:04.828,1.30401,1.30404,1.50,1.50
2015.11.25 17:15:04.879,1.30401,1.30409,1.87,1.37
2015.11.25 17:15:05.082,1.30404,1.3041,1.87,1.50
2015.11.25 17:15:05.157,1.30407,1.30412,1.00,1.87
2015.11.25 17:15:05.390,1.30408,1.30415,1.50,1.50
2015.11.25 17:15:05.984,1.30411,1.30419,1.50,1.87
2015.11.25 17:15:06.395,1.30407,1.30414,4.12,1.37
2015.11.25 17:15:07.339,1.30405,1.30413,3.37,1.50
2015.11.25 17:15:07.399,1.30405,1.30412,1.50,2.62
2015.11.25 17:15:07.502,1.30402,1.30409,3.75,1.87
2015.11.25 17:15:08.008,1.30401,1.30407,1.75,1.00
2015.11.25 17:15:08.480,1.30401,1.30404,1.37,1.00
2015.11.25 17:15:08.532,1.30399,1.30406,1.37,1.00
2015.11.25 17:15:09.065,1.304,1.30409,1.87,1.50
2015.11.25 17:15:10.784,1.30406,1.3041,1.50,1.50
2015.11.25 17:15:10.835,1.30406,1.30413,1.50,1.12
2015.11.25 17:15:11.359,1.30405,1.30414,1.87,1.37
2015.11.25 17:15:13.203,1.30405,1.30413,1.00,1.37
2015.11.25 17:15:13.406,1.30403,1.30412,2.25,1.87
2015.11.25 17:15:13.658,1.30408,1.30413,1.37,1.12
2015.11.25 17:15:14.725,1.30408,1.30417,1.87,1.87
2015.11.25 17:15:15.446,1.30412,1.30419,1.00,2.25
2015.11.25 17:15:15.497,1.30412,1.30419,1.37,1.87
2015.11.25 17:15:15.981,1.30414,1.30422,3.75,2.25
2015.11.25 17:15:16.292,1.30417,1.30426,3.00,1.87
2015.11.25 17:15:16.799,1.30416,1.30425,4.12,1.37
2015.11.25 17:15:18.014,1.30416,1.30423,4.50,1.00
2015.11.25 17:15:18.357,1.30417,1.30423,1.00,1.37
2015.11.25 17:15:23.301,1.30416,1.30424,1.37,1.87
2015.11.25 17:15:23.885,1.30418,1.30427,1.87,3.00
2015.11.25 17:15:24.771,1.30418,1.30427,1.87,1.87
2015.11.25 17:15:25.457,1.30418,1.30427,2.62,1.87
2015.11.25 17:15:25.997,1.30418,1.30427,1.87,1.87
2015.11.25 17:15:27.604,1.3042,1.3043,1.50,3.00
2015.11.25 17:15:29.689,1.30422,1.30431,1.37,2.25
2015.11.25 17:15:30.130,1.30424,1.30431,1.00,1.75
2015.11.25 17:15:30.455,1.3042,1.30429,1.87,2.25
2015.11.25 17:15:32.021,1.3042,1.30428,1.12,1.50
2015.11.25 17:15:32.528,1.30418,1.30427,1.50,1.50
2015.11.25 17:15:33.460,1.30418,1.30427,1.50,1.50
2015.11.25 17:15:33.780,1.30413,1.30421,1.87,1.37
2015.11.25 17:15:34.096,1.30411,1.30419,1.50,1.87
2015.11.25 17:15:38.619,1.30408,1.30417,2.62,1.87
2015.11.25 17:15:39.819,1.30408,1.30417,6.00,2.25
2015.11.25 17:15:40.930,1.30408,1.30417,5.62,1.87
2015.11.25 17:15:41.450,1.30406,1.30415,3.75,1.37
2015.11.25 17:15:42.210,1.30405,1.30413,1.37,1.00
2015.11.25 17:15:42.514,1.30404,1.30413,2.25,1.87
2015.11.25 17:15:43.880,1.30404,1.30413,2.25,1.87
2015.11.25 17:15:44.234,1.30404,1.30413,1.87,1.87
2015.11.25 17:15:44.538,1.30406,1.30413,2.62,1.87
2015.11.25 17:15:45.161,1.30408,1.30416,1.12,1.37
2015.11.25 17:15:45.363,1.30408,1.30417,1.37,1.50
2015.11.25 17:15:45.746,1.30408,1.30417,1.37,1.50
2015.11.25 17:15:46.503,1.30408,1.30417,1.37,1.37
2015.11.25 17:15:46.859,1.30409,1.30414,1.00,1.37
2015.11.25 17:15:47.202,1.30406,1.3041,1.37,1.87
2015.11.25 17:15:47.849,1.30402,1.30411,1.87,2.62
2015.11.25 17:15:48.360,1.30401,1.3041,3.00,1.87
2015.11.25 17:15:49.812,1.304,1.30408,1.37,1.37
2015.11.25 17:15:52.907,1.30401,1.30408,2.62,1.00
2015.11.25 17:15:53.009,1.30401,1.30411,3.37,1.75
2015.11.25 17:15:53.264,1.30402,1.30412,1.50,2.25
2015.11.25 17:15:53.673,1.30401,1.3041,3.00,1.37
2015.11.25 17:15:54.393,1.30401,1.3041,2.25,1.37
2015.11.25 17:15:56.145,1.30402,1.30411,1.37,1.50
2015.11.25 17:15:58.664,1.30401,1.3041,3.00,1.87
2015.11.25 17:15:59.495,1.30409,1.30415,1.00,1.12
2015.11.25 17:16:00.004,1.30407,1.30415,1.87,1.50
2015.11.25 17:16:01.062,1.30406,1.30414,1.12,2.62
2015.11.25 17:16:01.367,1.30401,1.30408,1.87,1.37
2015.11.25 17:16:01.722,1.30399,1.30406,1.37,2.62
2015.11.25 17:16:02.159,1.30397,1.30405,1.37,1.37
2015.11.25 17:16:05.582,1.30398,1.30405,1.37,1.50
2015.11.25 17:16:06.112,1.304,1.30407,3.00,2.62
2015.11.25 17:16:06.218,1.30401,1.3041,1.50,1.87
2015.11.25 17:16:06.319,1.30402,1.3041,1.00,2.62
2015.11.25 17:16:06.421,1.304,1.30407,1.50,2.25
2015.11.25 17:16:06.675,1.30397,1.30404,1.37,1.12
2015.11.25 17:16:06.878,1.30397,1.30404,1.00,3.75
2015.11.25 17:16:07.368,1.30392,1.30401,2.25,1.37
2015.11.25 17:16:08.743,1.30396,1.30402,1.12,1.50
2015.11.25 17:16:08.848,1.30398,1.30405,1.12,5.25
2015.11.25 17:16:09.050,1.30398,1.30406,2.62,1.75
2015.11.25 17:16:09.653,1.30398,1.30405,2.62,1.50
2015.11.25 17:16:11.191,1.30398,1.30407,2.62,2.62
2015.11.25 17:16:12.702,1.304,1.30407,1.37,2.25
2015.11.25 17:16:13.446,1.30404,1.30412,1.87,1.75
2015.11.25 17:16:14.599,1.30405,1.30413,1.87,1.12
2015.11.25 17:16:15.009,1.30407,1.30414,1.87,1.00
2015.11.25 17:16:16.297,1.30408,1.30417,1.87,3.37
2015.11.25 17:16:17.035,1.30409,1.30417,1.37,2.62
2015.11.25 17:16:20.143,1.30408,1.30416,1.37,2.25
2015.11.25 17:16:20.490,1.30405,1.30411,1.00,1.37
2015.11.25 17:16:21.036,1.30403,1.30412,1.87,2.62
2015.11.25 17:16:21.819,1.304,1.30409,1.37,1.37
2015.11.25 17:16:22.633,1.30399,1.30408,3.00,2.62
2015.11.25 17:16:23.876,1.30399,1.30405,1.37,3.00
2015.11.25 17:16:23.927,1.30397,1.30405,1.37,4.12
2015.11.25 17:16:24.489,1.30396,1.30405,1.37,1.50
2015.11.25 17:16:24.592,1.30397,1.30405,1.37,1.00
2015.11.25 17:16:24.794,1.30399,1.30407,1.37,1.00
2015.11.25 17:16:25.638,1.30399,1.30407,1.37,1.37
2015.11.25 17:16:25.891,1.304,1.30408,1.87,1.00
2015.11.25 17:16:26.242,1.30404,1.30411,1.37,1.00
2015.11.25 17:16:27.367,1.30407,1.30416,1.87,1.37
2015.11.25 17:16:30.754,1.30408,1.30417,3.00,2.25
2015.11.25 17:16:34.267,1.30408,1.30416,1.87,1.00
2015.11.25 17:16:34.798,1.30411,1.30418,1.00,1.87
2015.11.25 17:16:36.338,1.30408,1.30415,2.25,1.00
2015.11.25 17:16:36.822,1.30408,1.30414,1.12,1.87
2015.11.25 17:16:36.873,1.30405,1.30414,1.87,1.87
2015.11.25 17:16:38.941,1.30406,1.30412,1.37,1.50
2015.11.25 17:16:39.464,1.30404,1.30412,1.87,1.00
2015.11.25 17:16:41.619,1.3041,1.30414,1.00,1.37
2015.11.25 17:16:41.670,1.3041,1.30417,1.00,1.00
2015.11.25 17:16:42.184,1.30411,1.30417,1.50,1.00
2015.11.25 17:16:42.286,1.30411,1.30418,1.37,1.37
2015.11.25 17:16:42.389,1.30411,1.30419,1.50,1.50
2015.11.25 17:16:43.272,1.30411,1.30419,1.87,2.62
2015.11.25 17:16:43.475,1.30411,1.30417,1.50,1.00
2015.11.25 17:16:43.988,1.30412,1.30418,1.37,1.00
2015.11.25 17:16:46.047,1.30411,1.30418,1.50,1.87
2015.11.25 17:16:46.393,1.30413,1.30422,1.37,2.62
2015.11.25 17:16:46.898,1.30414,1.30422,1.12,1.87
2015.11.25 17:16:47.572,1.30411,1.30418,1.12,1.00
2015.11.25 17:16:48.112,1.3041,1.30419,1.75,2.62
2015.11.25 17:16:48.796,1.30408,1.30417,3.00,1.37
2015.11.25 17:16:49.332,1.30408,1.30415,1.12,1.87
2015.11.25 17:16:51.122,1.30406,1.30408,1.95,1.50
2015.11.25 17:16:51.173,1.30401,1.30407,1.12,1.87
2015.11.25 17:16:51.693,1.304,1.30407,3.37,2.25
2015.11.25 17:16:52.441,1.30401,1.30406,1.00,1.37
2015.11.25 17:16:53.189,1.30399,1.30406,4.50,1.00
2015.11.25 17:16:53.391,1.30399,1.30405,1.37,1.12
2015.11.25 17:16:53.880,1.30399,1.30405,1.37,1.00
2015.11.25 17:16:54.406,1.304,1.30405,1.50,1.00
2015.11.25 17:16:55.112,1.30403,1.30406,1.50,1.00
2015.11.25 17:16:55.248,1.30403,1.30408,1.50,1.00
2015.11.25 17:16:56.464,1.30403,1.30409,1.50,2.25
2015.11.25 17:16:58.470,1.30402,1.30409,3.75,1.12
2015.11.25 17:16:58.622,1.30402,1.30407,1.87,1.00
2015.11.25 17:16:59.361,1.30402,1.30406,1.75,1.00
2015.11.25 17:16:59.864,1.30398,1.30406,5.62,1.87
2015.11.25 17:17:00.017,1.30398,1.30405,3.75,2.62
2015.11.25 17:17:04.374,1.30403,1.30406,1.00,2.62
2015.11.25 17:17:04.975,1.30403,1.30407,1.00,1.87
2015.11.25 17:17:06.347,1.30399,1.30406,1.75,1.00
2015.11.25 17:17:07.399,1.30399,1.30406,1.12,1.12
2015.11.25 17:17:07.909,1.30399,1.30405,1.12,2.25
2015.11.25 17:17:08.453,1.30401,1.30405,1.00,3.37
2015.11.25 17:17:09.119,1.30398,1.30403,1.87,1.00
2015.11.25 17:17:09.616,1.30396,1.30397,2.25,1.87
2015.11.25 17:17:09.667,1.30391,1.30395,1.00,1.87
2015.11.25 17:17:09.769,1.30391,1.30393,1.00,1.00
2015.11.25 17:17:09.921,1.3039,1.30395,1.37,2.62
2015.11.25 17:17:11.766,1.30396,1.30399,1.87,2.55
2015.11.25 17:17:11.867,1.30398,1.304,2.62,2.32
2015.11.25 17:17:11.969,1.30399,1.30402,1.87,1.00
2015.11.25 17:17:12.021,1.30397,1.30404,3.37,2.25
2015.11.25 17:17:13.070,1.30398,1.30402,2.62,1.00
2015.11.25 17:17:13.172,1.30398,1.30405,2.62,2.62
2015.11.25 17:17:14.275,1.30398,1.30405,3.75,1.12
2015.11.25 17:17:19.697,1.30399,1.30406,1.37,1.50
2015.11.25 17:17:20.267,1.30399,1.30406,1.37,3.37
2015.11.25 17:17:20.756,1.30399,1.30406,1.37,3.37
2015.11.25 17:17:20.823,1.30399,1.30406,1.37,3.00
2015.11.25 17:17:22.457,1.3039,1.30397,1.50,1.00
2015.11.25 17:17:22.961,1.3039,1.30397,1.50,1.00
2015.11.25 17:17:23.798,1.3039,1.30399,3.00,1.87
2015.11.25 17:17:25.768,1.30389,1.30397,1.50,2.25
2015.11.25 17:17:28.167,1.30388,1.30395,1.87,1.12
2015.11.25 17:17:28.665,1.30388,1.30393,1.37,1.00
2015.11.25 17:17:28.717,1.30386,1.30393,1.37,1.00
2015.11.25 17:17:29.173,1.30384,1.30391,1.37,1.00
2015.11.25 17:17:29.275,1.30383,1.30391,1.87,1.87
2015.11.25 17:17:29.377,1.30382,1.30389,1.50,1.00
2015.11.25 17:17:29.478,1.30382,1.30388,1.50,1.00
2015.11.25 17:17:30.031,1.30386,1.30391,2.25,1.50
2015.11.25 17:17:30.133,1.30386,1.30394,2.25,2.62
2015.11.25 17:17:30.656,1.30386,1.30394,2.25,1.00
2015.11.25 17:17:30.707,1.30386,1.30394,4.50,1.00
2015.11.25 17:17:31.209,1.30387,1.30395,2.62,1.00
2015.11.25 17:17:31.727,1.30387,1.30396,2.62,1.87
2015.11.25 17:17:32.349,1.30388,1.30396,1.37,1.00
2015.11.25 17:17:32.865,1.30388,1.30397,3.00,1.50
2015.11.25 17:17:34.418,1.30389,1.30398,1.37,3.37
2015.11.25 17:17:34.923,1.30388,1.30397,1.87,1.50
2015.11.25 17:17:38.463,1.30388,1.30396,2.25,1.00
2015.11.25 17:17:38.514,1.30387,1.30396,3.37,1.87
2015.11.25 17:17:39.863,1.30384,1.30393,4.50,1.00
2015.11.25 17:17:40.274,1.30384,1.30393,3.75,1.87
2015.11.25 17:17:42.163,1.30384,1.30392,2.25,1.12
2015.11.25 17:17:42.711,1.30384,1.30391,1.75,1.00
2015.11.25 17:17:45.548,1.30383,1.30392,1.87,1.12
2015.11.25 17:17:46.387,1.30383,1.30391,2.25,1.00
2015.11.25 17:17:48.186,1.30383,1.3039,1.12,1.00
2015.11.25 17:17:48.542,1.30383,1.30388,1.12,1.00
2015.11.25 17:17:51.251,1.30382,1.30388,1.75,1.87
2015.11.25 17:17:51.786,1.3038,1.30382,1.12,1.00
2015.11.25 17:17:52.248,1.30377,1.30384,1.75,1.00
2015.11.25 17:17:53.056,1.30376,1.30383,1.12,1.00
2015.11.25 17:17:53.637,1.30376,1.30385,2.62,1.87
2015.11.25 17:17:54.142,1.30376,1.30385,2.25,1.50
2015.11.25 17:17:54.346,1.30376,1.30383,1.37,1.37
2015.11.25 17:17:54.873,1.30374,1.30381,1.75,1.00
2015.11.25 17:17:55.406,1.30374,1.30382,1.75,2.25
2015.11.25 17:17:58.417,1.30373,1.30381,2.25,1.12
2015.11.25 17:17:59.358,1.30373,1.3038,1.87,1.00
2015.11.25 17:17:59.409,1.30375,1.30384,1.87,2.25
2015.11.25 17:18:00.668,1.30376,1.30385,1.37,3.75
2015.11.25 17:18:02.679,1.30375,1.30384,2.25,1.12
2015.11.25 17:18:03.450,1.30375,1.3038,1.75,1.00
2015.11.25 17:18:03.501,1.30375,1.3038,1.37,1.12
2015.11.25 17:18:03.653,1.30372,1.30376,1.37,1.00
2015.11.25 17:18:04.175,1.30372,1.30375,1.37,1.00
2015.11.25 17:18:04.853,1.30367,1.30376,4.87,2.25
2015.11.25 17:18:05.568,1.3037,1.30375,1.37,1.00
2015.11.25 17:18:05.944,1.30369,1.30378,3.00,2.25
2015.11.25 17:18:15.273,1.30371,1.30376,1.50,1.00
2015.11.25 17:18:15.506,1.30369,1.30374,1.12,1.00
2015.11.25 17:18:15.557,1.30371,1.30374,1.00,1.50
2015.11.25 17:18:16.092,1.30371,1.30373,1.00,1.00
2015.11.25 17:18:19.298,1.30367,1.30373,1.75,1.50
2015.11.25 17:18:20.115,1.30367,1.30373,1.75,1.50
2015.11.25 17:18:20.763,1.30368,1.30375,2.62,2.62
2015.11.25 17:18:21.541,1.30368,1.30375,1.87,1.50
2015.11.25 17:18:21.743,1.30368,1.30377,6.75,2.62
2015.11.25 17:18:23.472,1.30368,1.30374,3.00,1.00
2015.11.25 17:18:23.980,1.30363,1.30365,1.12,1.50
2015.11.25 17:18:24.135,1.3036,1.30365,1.37,1.00
2015.11.25 17:18:24.591,1.30358,1.30365,1.50,1.50
2015.11.25 17:18:25.328,1.30359,1.30364,1.37,1.00
2015.11.25 17:18:25.871,1.30359,1.30365,1.37,1.00
2015.11.25 17:18:27.307,1.30364,1.30366,1.37,1.00
2015.11.25 17:18:27.358,1.30368,1.30372,1.37,1.00
2015.11.25 17:18:27.864,1.30368,1.30373,1.37,1.50
2015.11.25 17:18:28.461,1.30366,1.30369,1.00,2.25
2015.11.25 17:18:28.765,1.30365,1.3037,1.37,1.00
2015.11.25 17:18:29.120,1.30366,1.30372,1.37,1.12
2015.11.25 17:18:30.553,1.30367,1.30373,1.12,1.12
2015.11.25 17:18:31.499,1.30367,1.30373,1.37,1.37
2015.11.25 17:18:32.214,1.30368,1.30373,1.00,1.12
2015.11.25 17:18:33.206,1.30368,1.30373,1.12,1.37
2015.11.25 17:18:33.309,1.30368,1.30374,1.37,1.50
2015.11.25 17:18:33.824,1.30368,1.30375,1.37,1.87
2015.11.25 17:18:35.062,1.3037,1.30374,1.37,1.00
2015.11.25 17:18:36.300,1.3037,1.30374,1.37,1.00
2015.11.25 17:18:36.351,1.3037,1.30376,1.37,1.50
2015.11.25 17:18:36.856,1.30371,1.30377,1.50,1.87
2015.11.25 17:18:38.481,1.30371,1.30376,1.50,1.00
2015.11.25 17:18:38.998,1.30371,1.30377,1.50,2.62
2015.11.25 17:18:39.212,1.30373,1.30377,1.50,1.00
2015.11.25 17:18:40.344,1.30377,1.30382,1.37,1.50
2015.11.25 17:18:40.511,1.30378,1.30383,1.12,2.25
2015.11.25 17:18:41.059,1.30375,1.30383,1.12,2.62
2015.11.25 17:18:41.592,1.30376,1.30382,2.25,1.00
2015.11.25 17:18:42.098,1.30375,1.30383,1.87,1.12
2015.11.25 17:18:46.370,1.30375,1.30383,1.50,1.37
2015.11.25 17:18:48.686,1.30376,1.30383,1.12,1.00
2015.11.25 17:18:48.989,1.30381,1.30386,2.62,1.00
2015.11.25 17:18:49.820,1.30379,1.30384,1.37,1.50
2015.11.25 17:18:50.674,1.30376,1.30383,4.50,1.00
2015.11.25 17:18:51.327,1.30376,1.30384,2.62,1.00
2015.11.25 17:18:52.614,1.30376,1.30383,1.87,1.00
2015.11.25 17:18:57.510,1.30375,1.30383,3.00,2.62
2015.11.25 17:19:00.352,1.30375,1.30383,1.75,2.25
2015.11.25 17:19:00.904,1.30374,1.30382,4.50,1.00
2015.11.25 17:19:01.455,1.30375,1.30384,2.25,2.62
2015.11.25 17:19:01.997,1.30375,1.30384,2.25,2.62
2015.11.25 17:19:05.286,1.30375,1.30383,1.75,1.12
2015.11.25 17:19:08.921,1.30375,1.30382,3.00,1.00
2015.11.25 17:19:09.023,1.30375,1.30383,1.37,2.62
2015.11.25 17:19:09.175,1.30378,1.30383,1.37,1.00
2015.11.25 17:19:09.327,1.30379,1.30386,1.87,1.37
2015.11.25 17:19:09.378,1.30379,1.30383,1.37,1.00
2015.11.25 17:19:09.683,1.30376,1.30379,1.00,1.00
2015.11.25 17:19:13.424,1.30371,1.3038,6.37,1.87
2015.11.25 17:19:16.098,1.30371,1.30378,1.12,1.00
2015.11.25 17:19:17.173,1.30368,1.30374,2.25,1.00
2015.11.25 17:19:17.680,1.3037,1.30375,1.50,1.50
2015.11.25 17:19:21.263,1.30367,1.30373,2.25,1.00
2015.11.25 17:19:21.367,1.30366,1.30369,1.00,1.00
2015.11.25 17:19:21.908,1.30364,1.30367,1.37,1.00
2015.11.25 17:19:22.319,1.30362,1.3037,1.50,2.62
2015.11.25 17:19:22.677,1.30361,1.30368,1.50,1.12
2015.11.25 17:19:25.460,1.30361,1.30368,1.87,1.12
2015.11.25 17:19:26.571,1.30361,1.30368,1.87,1.50
2015.11.25 17:19:26.622,1.3036,1.30367,3.00,1.12
2015.11.25 17:19:27.090,1.30359,1.3036,4.50,1.00
2015.11.25 17:19:27.182,1.30351,1.30357,2.25,1.00
2015.11.25 17:19:28.110,1.30351,1.30358,3.37,1.50
2015.11.25 17:19:28.623,1.30351,1.30357,1.37,1.00
2015.11.25 17:19:29.128,1.3035,1.30357,4.12,1.50
2015.11.25 17:19:31.791,1.30354,1.30356,1.50,1.00
2015.11.25 17:19:31.848,1.30354,1.3036,1.50,1.50
2015.11.25 17:19:32.153,1.30355,1.3036,1.87,1.50
2015.11.25 17:19:32.204,1.30355,1.30361,1.87,1.00
2015.11.25 17:19:32.982,1.30356,1.3036,1.50,2.25
2015.11.25 17:19:33.489,1.30356,1.30361,1.50,1.50
2015.11.25 17:19:34.406,1.30356,1.30362,1.87,1.50
2015.11.25 17:19:34.843,1.30356,1.3036,1.87,2.25
2015.11.25 17:19:35.875,1.30356,1.30361,1.87,2.25
2015.11.25 17:19:35.977,1.30356,1.30363,1.87,1.50
2015.11.25 17:19:36.465,1.30356,1.30361,1.50,1.00
2015.11.25 17:19:36.776,1.30355,1.30359,1.37,1.00
2015.11.25 17:19:36.878,1.30355,1.30359,1.12,1.00
2015.11.25 17:19:37.785,1.30354,1.30361,1.50,1.00
2015.11.25 17:19:39.391,1.30354,1.3036,1.50,1.00
2015.11.25 17:19:39.926,1.30353,1.30359,1.87,1.50
2015.11.25 17:19:41.520,1.30353,1.3036,1.50,1.00
2015.11.25 17:19:42.066,1.30353,1.30359,1.87,1.50
2015.11.25 17:19:43.359,1.30353,1.30359,1.87,3.37
2015.11.25 17:19:43.668,1.30353,1.30356,1.37,2.25
2015.11.25 17:19:43.972,1.30353,1.30356,1.37,2.25
2015.11.25 17:19:44.023,1.30353,1.30359,1.37,1.00
2015.11.25 17:19:44.228,1.30353,1.30356,1.37,2.25
2015.11.25 17:19:44.507,1.30353,1.30359,1.37,1.00
2015.11.25 17:19:45.009,1.30356,1.3036,1.37,3.00
2015.11.25 17:19:45.525,1.30353,1.30359,1.50,2.25
2015.11.25 17:19:46.225,1.30351,1.30358,6.00,2.25
2015.11.25 17:19:46.726,1.30351,1.30357,3.75,1.00
2015.11.25 17:19:47.643,1.3035,1.30352,1.87,1.00
2015.11.25 17:19:47.745,1.30345,1.30351,2.25,1.50
2015.11.25 17:19:47.999,1.30345,1.30349,1.37,1.00
2015.11.25 17:19:48.100,1.30343,1.30349,2.25,1.00
2015.11.25 17:19:48.202,1.30342,1.30347,2.25,1.00
2015.11.25 17:19:48.506,1.3034,1.30346,3.37,2.25
2015.11.25 17:19:49.002,1.30338,1.30344,2.62,2.25
2015.11.25 17:19:49.511,1.30339,1.30343,1.87,1.50
2015.11.25 17:19:49.845,1.30341,1.30345,1.37,1.50
2015.11.25 17:19:50.542,1.3034,1.30344,1.50,1.12
2015.11.25 17:19:50.675,1.30338,1.30342,1.37,1.50
2015.11.25 17:19:51.012,1.30336,1.30339,1.00,1.50
2015.11.25 17:19:51.705,1.30334,1.30339,1.75,1.50
2015.11.25 17:19:51.757,1.30348,1.30355,1.50,4.12
2015.11.25 17:19:53.657,1.3035,1.30355,1.37,1.50
2015.11.25 17:19:55.126,1.30347,1.30354,3.75,1.87
2015.11.25 17:19:55.429,1.30351,1.30357,1.37,1.00
2015.11.25 17:19:55.885,1.30351,1.30355,1.37,1.00
2015.11.25 17:19:56.410,1.30351,1.30355,1.50,1.00
2015.11.25 17:19:57.018,1.3035,1.30356,3.75,1.00
2015.11.25 17:19:57.905,1.30354,1.30357,1.37,1.50
2015.11.25 17:19:58.414,1.30354,1.30358,1.87,1.00
2015.11.25 17:19:59.865,1.30354,1.30358,1.50,1.00
2015.11.25 17:20:00.515,1.30356,1.30361,1.50,1.50
2015.11.25 17:20:00.640,1.30358,1.30366,1.87,3.75
2015.11.25 17:20:01.440,1.30359,1.30365,1.50,1.00
2015.11.25 17:20:01.644,1.30359,1.30365,1.50,2.25
2015.11.25 17:20:02.034,1.30359,1.30365,1.75,1.50
2015.11.25 17:20:03.283,1.30361,1.30363,1.00,1.00
2015.11.25 17:20:03.385,1.30357,1.30362,1.37,1.00
2015.11.25 17:20:03.436,1.30356,1.3036,3.75,1.00
2015.11.25 17:20:03.487,1.30355,1.30358,1.00,1.00
2015.11.25 17:20:03.998,1.30365,1.30367,3.75,4.12
2015.11.25 17:20:04.049,1.30368,1.30373,1.87,2.25
2015.11.25 17:20:04.302,1.30368,1.30375,3.00,1.12
2015.11.25 17:20:05.574,1.30368,1.30374,1.37,1.00
2015.11.25 17:20:07.578,1.30368,1.30375,1.37,1.87
2015.11.25 17:20:09.760,1.30368,1.30375,1.50,1.50
2015.11.25 17:20:09.862,1.30368,1.30376,2.25,1.50
2015.11.25 17:20:14.091,1.30369,1.30378,4.50,3.00
2015.11.25 17:20:14.619,1.3037,1.30379,2.25,2.62
2015.11.25 17:20:15.541,1.3037,1.30379,3.37,2.62
2015.11.25 17:20:15.643,1.30375,1.30384,4.12,1.87
2015.11.25 17:20:20.481,1.30372,1.3038,2.25,1.00
2015.11.25 17:20:20.856,1.30377,1.30382,1.75,1.00
2015.11.25 17:20:20.958,1.30377,1.30385,1.75,2.25
2015.11.25 17:20:21.584,1.30376,1.3038,1.50,1.12
2015.11.25 17:20:21.889,1.30373,1.30379,1.12,2.62
2015.11.25 17:20:22.830,1.30371,1.30377,1.50,1.00
2015.11.25 17:20:23.289,1.30369,1.30375,5.25,1.00
2015.11.25 17:20:23.391,1.30369,1.30375,1.87,1.12
2015.11.25 17:20:23.493,1.30368,1.30374,1.50,1.12
2015.11.25 17:20:23.799,1.3037,1.30377,2.25,1.00
2015.11.25 17:20:24.275,1.30371,1.30379,1.37,2.25
2015.11.25 17:20:29.023,1.30371,1.3038,2.62,3.37
2015.11.25 17:20:29.680,1.30373,1.3038,1.50,1.12
2015.11.25 17:20:30.279,1.30374,1.30381,1.50,1.00
2015.11.25 17:20:30.796,1.30375,1.30382,1.37,1.00
2015.11.25 17:20:32.033,1.30376,1.30382,1.87,1.50
2015.11.25 17:20:32.555,1.30377,1.30385,1.37,3.00
2015.11.25 17:20:33.104,1.30378,1.30387,1.37,1.87
2015.11.25 17:20:33.510,1.3038,1.30388,2.25,1.50
2015.11.25 17:20:36.086,1.30387,1.30391,1.00,1.00
2015.11.25 17:20:36.390,1.30385,1.30394,2.25,1.12
2015.11.25 17:20:36.645,1.30393,1.30396,1.00,1.87
2015.11.25 17:20:36.950,1.30397,1.304,1.00,2.62
2015.11.25 17:20:37.533,1.30398,1.304,1.00,1.37
2015.11.25 17:20:37.892,1.30396,1.30397,1.00,1.12
2015.11.25 17:20:37.943,1.30393,1.30394,2.25,1.00
2015.11.25 17:20:38.045,1.3039,1.30395,1.12,1.87
2015.11.25 17:20:41.566,1.30395,1.30396,2.62,1.00
2015.11.25 17:20:42.087,1.30395,1.30397,1.00,1.00
2015.11.25 17:20:42.606,1.30388,1.30397,5.25,1.50
2015.11.25 17:20:42.758,1.30389,1.30397,1.50,1.87
2015.11.25 17:20:44.185,1.30388,1.30389,1.00,1.12
2015.11.25 17:20:44.236,1.3038,1.30389,4.50,1.87
2015.11.25 17:20:45.582,1.30382,1.30391,3.37,1.87
2015.11.25 17:20:45.803,1.30382,1.30391,3.37,1.87
2015.11.25 17:20:49.093,1.30393,1.30397,1.00,3.00
2015.11.25 17:20:49.752,1.30392,1.30394,1.00,1.37
2015.11.25 17:20:49.853,1.30388,1.30394,1.00,1.50
2015.11.25 17:20:50.528,1.30383,1.30391,1.37,1.87
2015.11.25 17:20:50.734,1.30382,1.3039,2.25,1.37
2015.11.25 17:20:53.794,1.30382,1.3039,1.12,3.00
2015.11.25 17:20:53.946,1.30382,1.30386,1.37,1.00
2015.11.25 17:20:54.047,1.30379,1.30385,1.00,1.87
2015.11.25 17:20:55.459,1.30376,1.30384,1.50,1.12
2015.11.25 17:20:55.961,1.30376,1.30384,1.37,3.00
2015.11.25 17:20:56.654,1.30376,1.30384,1.37,3.00
2015.11.25 17:20:58.747,1.30377,1.30384,1.37,1.50
2015.11.25 17:20:58.899,1.30377,1.30384,1.37,1.50
2015.11.25 17:20:59.453,1.30377,1.30384,1.37,1.50
2015.11.25 17:21:01.425,1.30378,1.30385,1.37,5.25
2015.11.25 17:21:04.622,1.3038,1.30385,1.37,3.37
2015.11.25 17:21:04.724,1.3038,1.30388,1.37,1.00
2015.11.25 17:21:04.825,1.3038,1.30389,3.37,2.25
2015.11.25 17:21:05.027,1.30383,1.30391,2.25,1.50
2015.11.25 17:21:05.551,1.30385,1.30393,1.87,1.12
2015.11.25 17:21:07.467,1.30384,1.30391,1.50,1.87
2015.11.25 17:21:08.249,1.30384,1.30393,1.37,1.12
2015.11.25 17:21:09.031,1.30383,1.30392,3.75,1.00
2015.11.25 17:21:11.508,1.30384,1.30393,1.87,1.12
2015.11.25 17:21:12.168,1.30385,1.30394,2.62,1.12
2015.11.25 17:21:13.729,1.30386,1.30395,1.87,1.12
2015.11.25 17:21:17.672,1.30388,1.30396,1.87,1.12
2015.11.25 17:21:18.579,1.30389,1.30396,1.37,1.00
2015.11.25 17:21:18.883,1.30397,1.30399,1.00,1.00
2015.11.25 17:21:18.933,1.30398,1.304,1.00,1.50
2015.11.25 17:21:19.920,1.30399,1.30403,2.25,1.50
2015.11.25 17:21:19.977,1.304,1.30403,1.37,1.00
2015.11.25 17:21:20.333,1.304,1.30406,1.37,1.12
2015.11.25 17:21:21.178,1.304,1.30408,1.87,1.12
2015.11.25 17:21:21.953,1.304,1.30409,1.87,2.25
2015.11.25 17:21:22.874,1.30401,1.30409,1.87,1.37
2015.11.25 17:21:24.373,1.304,1.30408,1.50,1.50
2015.11.25 17:21:26.003,1.30398,1.304,1.00,1.87
2015.11.25 17:21:26.453,1.30395,1.30401,1.87,1.50
2015.11.25 17:21:26.504,1.30395,1.30402,1.37,1.50
2015.11.25 17:21:27.010,1.30398,1.30405,1.12,1.87
2015.11.25 17:21:27.541,1.30398,1.30406,1.37,2.62
2015.11.25 17:21:30.383,1.30398,1.30407,1.37,1.75
2015.11.25 17:21:30.913,1.30398,1.30405,1.37,1.00
2015.11.25 17:21:33.767,1.30398,1.30405,1.12,1.87
2015.11.25 17:21:34.214,1.30396,1.30399,1.12,1.37
2015.11.25 17:21:34.265,1.3039,1.30399,2.25,1.87
2015.11.25 17:21:37.137,1.30394,1.304,1.37,2.62
2015.11.25 17:21:37.188,1.30397,1.30401,1.37,1.00
2015.11.25 17:21:37.239,1.30397,1.30403,1.37,1.50
2015.11.25 17:21:37.595,1.30402,1.30405,1.00,1.50
2015.11.25 17:21:39.128,1.30401,1.30408,1.12,4.87
2015.11.25 17:21:39.684,1.30397,1.30406,1.87,3.37
2015.11.25 17:21:40.550,1.30397,1.30406,1.87,2.62
2015.11.25 17:21:41.084,1.30398,1.30406,1.37,1.50
2015.11.25 17:21:41.135,1.30399,1.30407,1.37,1.50
2015.11.25 17:21:41.813,1.30402,1.3041,1.87,1.50
2015.11.25 17:21:43.668,1.30402,1.30405,1.37,1.37
2015.11.25 17:21:43.720,1.30397,1.30404,1.37,1.00
2015.11.25 17:21:44.074,1.30397,1.30405,1.87,1.75
2015.11.25 17:21:44.282,1.30394,1.30403,2.62,1.87
2015.11.25 17:21:45.419,1.30393,1.30402,4.12,1.87
2015.11.25 17:21:46.424,1.30396,1.30404,1.37,1.37
2015.11.25 17:21:47.300,1.30394,1.30403,1.87,1.87
2015.11.25 17:21:48.174,1.30397,1.30402,1.00,1.87
2015.11.25 17:21:48.710,1.30397,1.30402,1.00,2.25
2015.11.25 17:21:48.762,1.30395,1.30402,1.00,2.62
2015.11.25 17:21:49.279,1.30393,1.30401,1.87,1.87
2015.11.25 17:21:50.021,1.30393,1.30401,1.12,1.87
2015.11.25 17:21:50.527,1.30391,1.30399,1.37,1.87
2015.11.25 17:21:53.087,1.30391,1.30399,1.37,1.50
2015.11.25 17:21:56.892,1.30392,1.30399,1.37,1.00
2015.11.25 17:21:59.159,1.30392,1.30399,1.37,1.00
2015.11.25 17:22:03.917,1.30394,1.30402,1.37,1.50
2015.11.25 17:22:04.422,1.30397,1.30402,1.00,1.50
2015.11.25 17:22:04.473,1.30397,1.30402,1.00,1.50
2015.11.25 17:22:07.262,1.30397,1.30402,1.00,1.37
2015.11.25 17:22:15.441,1.30404,1.30408,1.87,3.00
2015.11.25 17:22:15.594,1.30409,1.3041,1.00,1.00
2015.11.25 17:22:15.645,1.30409,1.30414,1.00,1.12
2015.11.25 17:22:16.149,1.30408,1.30414,1.00,1.12
2015.11.25 17:22:16.689,1.3041,1.30416,1.00,2.25
2015.11.25 17:22:17.194,1.30409,1.30416,1.12,2.62
2015.11.25 17:22:18.840,1.3041,1.30416,1.50,2.62
2015.11.25 17:22:19.143,1.30405,1.30411,1.12,1.87
2015.11.25 17:22:19.296,1.30403,1.3041,1.50,1.37
2015.11.25 17:22:20.360,1.30406,1.30411,1.37,1.00
2015.11.25 17:22:20.416,1.30406,1.30414,1.87,1.00
2015.11.25 17:22:22.519,1.30411,1.30417,2.25,1.50
2015.11.25 17:22:22.823,1.30416,1.3042,1.00,3.00
2015.11.25 17:22:24.612,1.30411,1.30419,1.87,1.12
2015.11.25 17:22:27.634,1.30413,1.3042,1.50,1.75
2015.11.25 17:22:27.938,1.30411,1.30418,1.00,1.87
2015.11.25 17:22:30.843,1.30408,1.30414,1.00,1.87
2015.11.25 17:22:30.944,1.30406,1.30413,2.62,1.37
2015.11.25 17:22:31.147,1.30408,1.30414,1.00,2.62
2015.11.25 17:22:35.994,1.30406,1.30415,3.00,3.00
2015.11.25 17:22:36.500,1.30405,1.30414,1.12,2.25
2015.11.25 17:22:38.338,1.30407,1.30416,1.37,3.75
2015.11.25 17:22:38.440,1.30407,1.30416,1.12,5.25
2015.11.25 17:22:38.768,1.30405,1.30411,1.12,1.37
2015.11.25 17:22:40.843,1.30402,1.3041,1.37,2.25
2015.11.25 17:22:41.348,1.30401,1.3041,1.37,1.87
2015.11.25 17:22:43.488,1.30401,1.30409,1.37,2.25
2015.11.25 17:22:44.718,1.30401,1.30407,1.37,1.00
2015.11.25 17:22:45.240,1.30403,1.30411,1.37,1.12
2015.11.25 17:22:45.993,1.30403,1.30412,1.37,3.00
2015.11.25 17:22:46.762,1.30402,1.3041,1.87,1.12
2015.11.25 17:22:47.496,1.30401,1.3041,2.25,2.62
2015.11.25 17:23:04.833,1.30402,1.30408,1.00,1.12
2015.11.25 17:23:05.754,1.30401,1.3041,1.75,1.87
2015.11.25 17:23:08.120,1.30399,1.30405,1.75,1.00
2015.11.25 17:23:08.627,1.30401,1.30404,1.00,1.00
2015.11.25 17:23:09.492,1.30398,1.30403,1.75,1.00
2015.11.25 17:23:15.764,1.30401,1.30407,1.37,1.87
2015.11.25 17:23:16.308,1.30401,1.30406,1.37,1.50
2015.11.25 17:23:16.952,1.30401,1.30406,1.50,1.87
2015.11.25 17:23:17.003,1.30401,1.30404,1.50,1.00
2015.11.25 17:23:20.784,1.30397,1.30404,3.00,1.87
2015.11.25 17:23:21.304,1.30397,1.30398,1.50,1.50
2015.11.25 17:23:21.355,1.30389,1.30394,1.12,1.50
2015.11.25 17:23:21.457,1.30387,1.30394,1.75,1.50
2015.11.25 17:23:21.990,1.30386,1.30393,1.50,2.62
2015.11.25 17:23:23.169,1.30381,1.30383,1.00,1.00
2015.11.25 17:23:23.422,1.30376,1.30382,1.37,2.25
2015.11.25 17:23:23.899,1.30374,1.3038,1.50,1.00
2015.11.25 17:23:25.176,1.30374,1.3038,1.37,1.00
2015.11.25 17:23:26.081,1.30374,1.3038,1.00,1.87
2015.11.25 17:23:26.133,1.30374,1.30378,1.00,1.00
2015.11.25 17:23:26.437,1.30365,1.30373,3.00,1.87
2015.11.25 17:23:26.740,1.30365,1.30371,1.12,1.00
2015.11.25 17:23:27.384,1.30366,1.30372,1.87,1.00
2015.11.25 17:23:27.847,1.30366,1.30373,4.87,1.00
2015.11.25 17:23:28.473,1.30368,1.30374,1.50,1.00
2015.11.25 17:23:28.778,1.30369,1.30376,1.37,1.50
2015.11.25 17:23:30.279,1.30369,1.30376,1.87,1.87
2015.11.25 17:23:32.230,1.30368,1.30376,1.75,1.50
2015.11.25 17:23:32.382,1.30369,1.30378,2.25,1.87
2015.11.25 17:23:34.213,1.30369,1.30378,2.62,1.87
2015.11.25 17:23:38.597,1.30368,1.30373,1.50,1.12
2015.11.25 17:23:38.746,1.30362,1.30369,1.50,1.00
2015.11.25 17:23:38.949,1.30367,1.30371,1.37,1.00
2015.11.25 17:23:39.254,1.30369,1.30373,1.12,1.00
2015.11.25 17:23:39.305,1.30369,1.30375,1.12,1.12
2015.11.25 17:23:39.770,1.30367,1.30371,1.50,1.00
2015.11.25 17:23:39.822,1.30366,1.30371,1.37,2.62
2015.11.25 17:23:39.923,1.30365,1.30368,1.00,1.00
2015.11.25 17:23:40.957,1.30362,1.30367,1.37,1.00
2015.11.25 17:23:42.394,1.30358,1.30362,1.12,1.37
2015.11.25 17:23:42.935,1.30353,1.30361,2.25,2.62
2015.11.25 17:23:43.702,1.30352,1.30359,1.87,2.25
2015.11.25 17:23:44.005,1.30354,1.3036,1.87,1.00
2015.11.25 17:23:44.056,1.30355,1.30362,1.12,1.50
2015.11.25 17:23:44.108,1.30355,1.30362,1.87,1.50
2015.11.25 17:23:44.311,1.30358,1.30364,1.50,1.50
2015.11.25 17:23:44.908,1.30358,1.30365,2.25,1.12
2015.11.25 17:23:49.260,1.30358,1.30367,1.87,1.37
2015.11.25 17:23:49.820,1.30358,1.30367,1.87,1.37
2015.11.25 17:23:50.567,1.30358,1.30367,2.62,1.87
2015.11.25 17:23:59.577,1.30366,1.30375,1.50,2.62
2015.11.25 17:23:59.881,1.30368,1.30375,1.50,1.00
2015.11.25 17:24:00.857,1.30371,1.3038,2.25,1.87
2015.11.25 17:24:11.636,1.3037,1.30379,3.00,1.00
2015.11.25 17:24:13.019,1.30372,1.3038,1.87,1.00
2015.11.25 17:24:13.344,1.30376,1.30385,1.87,2.25
2015.11.25 17:24:13.851,1.30376,1.30385,2.25,1.87
2015.11.25 17:24:14.776,1.30375,1.30383,2.25,1.00
2015.11.25 17:24:15.283,1.30375,1.30385,2.25,2.62
2015.11.25 17:24:17.791,1.30372,1.3038,4.50,1.00
2015.11.25 17:24:18.301,1.30373,1.30382,1.87,1.50
2015.11.25 17:24:18.807,1.30374,1.30383,1.87,1.50
2015.11.25 17:24:19.832,1.30375,1.30383,1.37,1.50
2015.11.25 17:24:20.160,1.30371,1.3038,3.37,1.50
2015.11.25 17:24:21.139,1.30371,1.30381,3.37,3.37
2015.11.25 17:24:21.659,1.30371,1.30381,2.62,1.37
2015.11.25 17:24:21.710,1.30371,1.30381,2.62,1.12
2015.11.25 17:24:25.924,1.30372,1.30377,1.37,1.00
2015.11.25 17:24:26.027,1.30369,1.30377,1.00,2.62
2015.11.25 17:24:26.332,1.30368,1.30375,1.37,1.00
2015.11.25 17:24:26.815,1.30375,1.30378,1.87,1.00
2015.11.25 17:24:26.866,1.30375,1.30384,1.87,2.62
2015.11.25 17:24:26.917,1.30375,1.30384,1.37,2.62
2015.11.25 17:24:27.424,1.30377,1.30383,1.37,1.00
2015.11.25 17:24:28.529,1.30375,1.30384,2.25,2.25
2015.11.25 17:24:29.272,1.30375,1.30384,1.87,2.62
2015.11.25 17:24:30.869,1.30376,1.30385,1.12,4.50
2015.11.25 17:24:31.836,1.30376,1.30385,1.37,2.25
2015.11.25 17:24:32.912,1.30375,1.30384,3.00,2.25
2015.11.25 17:24:34.596,1.30376,1.30385,1.87,4.12
2015.11.25 17:24:35.066,1.30378,1.30385,2.25,2.62
2015.11.25 17:24:35.487,1.30377,1.30385,1.37,1.00
2015.11.25 17:24:36.272,1.30378,1.30386,1.37,1.37
2015.11.25 17:24:37.343,1.30378,1.30387,1.37,1.00
2015.11.25 17:24:38.901,1.30378,1.30387,2.25,1.87
2015.11.25 17:24:39.003,1.30378,1.30386,1.50,1.87
2015.11.25 17:24:39.206,1.30377,1.30384,2.62,1.00
2015.11.25 17:24:40.016,1.30377,1.30386,3.75,2.62
2015.11.25 17:24:40.490,1.30377,1.30382,1.37,1.00
2015.11.25 17:24:40.541,1.30373,1.30382,2.25,2.62
2015.11.25 17:24:46.514,1.3038,1.30384,1.00,2.25
2015.11.25 17:24:46.666,1.30377,1.30386,1.87,2.25
2015.11.25 17:24:47.122,1.30377,1.30383,1.37,1.12
2015.11.25 17:24:47.229,1.30376,1.30383,1.00,1.87
2015.11.25 17:24:48.258,1.30375,1.30384,1.37,1.37
2015.11.25 17:24:51.099,1.30374,1.30381,1.37,1.37
2015.11.25 17:25:01.095,1.30375,1.30383,2.25,1.37
2015.11.25 17:25:01.797,1.30376,1.30385,1.50,3.00
2015.11.25 17:25:08.177,1.30378,1.30386,1.37,2.25
2015.11.25 17:25:08.279,1.3038,1.30389,1.87,2.25
2015.11.25 17:25:09.054,1.3038,1.30389,1.37,1.87
2015.11.25 17:25:09.359,1.30382,1.30389,1.50,1.00
2015.11.25 17:25:10.137,1.30382,1.3039,1.50,1.00
2015.11.25 17:25:10.815,1.30387,1.30396,1.50,2.62
2015.11.25 17:25:11.321,1.30384,1.30393,1.87,1.37
2015.11.25 17:25:12.091,1.30383,1.3039,3.00,1.12
2015.11.25 17:25:13.324,1.30384,1.30393,1.37,1.37
2015.11.25 17:25:15.344,1.30395,1.30396,1.50,9.75
2015.11.25 17:25:15.472,1.30395,1.30404,1.50,1.87
2015.11.25 17:25:16.010,1.30396,1.30404,1.00,1.37
2015.11.25 17:25:16.606,1.30395,1.30404,2.62,2.62
2015.11.25 17:25:17.821,1.30397,1.30406,1.37,3.00
2015.11.25 17:25:19.148,1.30396,1.30404,1.37,1.37
2015.11.25 17:25:19.452,1.30395,1.30401,1.37,1.00
2015.11.25 17:25:19.504,1.30394,1.30401,1.37,1.00
2015.11.25 17:25:20.060,1.30394,1.30402,1.37,1.12
2015.11.25 17:25:23.919,1.30393,1.30402,1.50,1.50
2015.11.25 17:25:25.791,1.30389,1.30398,5.62,2.62
2015.11.25 17:25:25.999,1.30391,1.30398,1.87,1.87
2015.11.25 17:25:26.100,1.30392,1.30398,1.87,1.12
2015.11.25 17:25:26.405,1.30395,1.30401,1.12,4.12
2015.11.25 17:25:27.341,1.30397,1.30401,1.37,3.75
2015.11.25 17:25:27.477,1.30397,1.30405,1.87,1.50
2015.11.25 17:25:28.271,1.30396,1.30405,1.87,1.00
2015.11.25 17:25:29.033,1.304,1.30407,1.37,5.25
2015.11.25 17:25:29.186,1.30401,1.3041,1.37,3.37
2015.11.25 17:25:29.729,1.30401,1.3041,3.37,2.62
2015.11.25 17:25:31.005,1.30401,1.30409,3.37,1.00
2015.11.25 17:25:31.541,1.30402,1.3041,1.87,2.25
2015.11.25 17:25:32.048,1.30403,1.30412,1.87,3.75
2015.11.25 17:25:32.715,1.30403,1.30411,1.50,1.12
2015.11.25 17:25:33.019,1.30402,1.30409,3.75,1.00
2015.11.25 17:25:33.324,1.304,1.30407,1.50,1.87
2015.11.25 17:25:33.796,1.30398,1.30405,1.37,1.87
2015.11.25 17:25:34.799,1.30396,1.30405,2.62,2.25
2015.11.25 17:25:35.867,1.30399,1.30405,1.37,1.37
2015.11.25 17:25:36.383,1.304,1.30407,1.37,2.25
2015.11.25 17:25:37.734,1.30402,1.30409,1.00,1.37
2015.11.25 17:25:38.241,1.30399,1.30405,1.12,1.12
2015.11.25 17:25:39.624,1.30399,1.30406,1.37,6.00
2015.11.25 17:25:40.131,1.30395,1.30404,1.87,1.87
2015.11.25 17:25:41.392,1.30395,1.30404,2.62,1.87
2015.11.25 17:25:42.313,1.30394,1.30403,3.00,2.62
2015.11.25 17:25:42.892,1.30395,1.30403,1.37,3.37
2015.11.25 17:25:43.265,1.30395,1.30403,1.37,3.37
2015.11.25 17:25:44.153,1.30395,1.30403,1.87,1.87
2015.11.25 17:25:44.676,1.30395,1.30403,1.87,1.87
2015.11.25 17:25:47.205,1.30395,1.30403,1.87,1.00
2015.11.25 17:25:49.121,1.30395,1.30402,2.25,1.00
2015.11.25 17:25:49.647,1.30394,1.30399,1.37,1.00
2015.11.25 17:25:49.698,1.30392,1.30399,3.37,1.12
2015.11.25 17:25:49.951,1.30391,1.30398,1.37,1.37
2015.11.25 17:25:50.154,1.30388,1.30393,2.62,1.00
2015.11.25 17:25:51.320,1.30385,1.30393,1.37,1.12
2015.11.25 17:25:52.684,1.30385,1.30394,1.87,3.37
2015.11.25 17:25:52.938,1.30388,1.30393,1.00,1.37
2015.11.25 17:25:53.464,1.30384,1.30393,2.62,3.00
2015.11.25 17:25:58.658,1.30384,1.30387,1.87,1.00
2015.11.25 17:25:58.709,1.30384,1.30389,1.87,1.87
2015.11.25 17:25:58.760,1.30384,1.30389,1.00,1.87
2015.11.25 17:25:59.300,1.30377,1.30386,3.00,1.87
2015.11.25 17:25:59.757,1.30383,1.30388,1.37,1.50
2015.11.25 17:26:00.611,1.30384,1.30393,1.87,3.00
2015.11.25 17:26:03.554,1.30388,1.30391,1.00,1.37
2015.11.25 17:26:03.656,1.3039,1.30395,1.37,1.87
2015.11.25 17:26:03.808,1.30392,1.30396,1.37,1.00
2015.11.25 17:26:03.859,1.30392,1.30401,1.37,1.37
2015.11.25 17:26:04.169,1.30394,1.30402,1.87,1.50
2015.11.25 17:26:08.124,1.30396,1.30401,1.50,3.37
2015.11.25 17:26:08.276,1.30388,1.30396,1.87,2.25
2015.11.25 17:26:08.789,1.30386,1.30394,1.37,3.75
2015.11.25 17:26:10.113,1.30385,1.30394,1.37,1.12
2015.11.25 17:26:10.618,1.30384,1.30393,1.37,1.87
2015.11.25 17:26:11.101,1.30384,1.30393,1.37,2.25
2015.11.25 17:26:13.720,1.30385,1.3039,1.00,1.50
2015.11.25 17:26:14.771,1.30385,1.3039,1.37,1.37
2015.11.25 17:26:15.316,1.30382,1.30391,2.25,1.87
2015.11.25 17:26:17.234,1.30383,1.30392,2.62,1.87
2015.11.25 17:26:17.437,1.30384,1.30392,2.25,1.50
2015.11.25 17:26:17.488,1.30385,1.30394,1.87,1.00
2015.11.25 17:26:18.081,1.30393,1.30397,1.00,1.87
2015.11.25 17:26:18.233,1.3039,1.30399,1.87,3.00
2015.11.25 17:26:19.095,1.3039,1.30399,2.62,2.62
2015.11.25 17:26:19.673,1.30394,1.30402,2.62,1.50
2015.11.25 17:26:19.899,1.30395,1.30404,1.37,4.50
2015.11.25 17:26:20.406,1.30395,1.30404,4.12,4.12
2015.11.25 17:26:20.853,1.30402,1.30404,1.00,3.37
2015.11.25 17:26:20.909,1.30402,1.3041,1.87,2.25
2015.11.25 17:26:21.182,1.30399,1.30406,1.50,1.87
2015.11.25 17:26:21.690,1.30397,1.30405,1.87,1.37
2015.11.25 17:26:22.843,1.30396,1.30405,2.62,2.62
2015.11.25 17:26:23.198,1.30392,1.30401,3.00,1.87
2015.11.25 17:26:24.488,1.30395,1.30401,1.37,1.50
2015.11.25 17:26:24.589,1.30399,1.30404,1.12,1.00
2015.11.25 17:26:25.507,1.30397,1.30406,1.87,1.37
2015.11.25 17:26:29.308,1.30397,1.30406,1.87,2.25
2015.11.25 17:26:30.639,1.30396,1.30404,1.87,1.87
2015.11.25 17:26:30.894,1.30394,1.30402,1.50,2.25
2015.11.25 17:26:31.098,1.30389,1.30397,1.37,1.50
2015.11.25 17:26:31.200,1.30389,1.30398,1.87,1.87
2015.11.25 17:26:31.726,1.30388,1.30393,1.12,1.87
2015.11.25 17:26:32.233,1.30385,1.30394,1.37,1.37
2015.11.25 17:26:34.015,1.30385,1.30392,1.37,1.00
2015.11.25 17:26:35.064,1.30385,1.30392,2.25,1.00
2015.11.25 17:26:35.217,1.30387,1.30396,3.75,1.50
2015.11.25 17:26:35.396,1.30387,1.30395,1.37,1.37
2015.11.25 17:26:35.599,1.30385,1.30393,1.37,1.37
2015.11.25 17:26:36.257,1.30386,1.30392,1.87,1.50
2015.11.25 17:26:36.308,1.30386,1.30394,1.87,1.00
2015.11.25 17:26:36.460,1.30386,1.30395,1.87,3.00
2015.11.25 17:26:36.561,1.30384,1.30392,2.62,1.00
2015.11.25 17:26:37.118,1.30383,1.30392,1.87,1.50
2015.11.25 17:26:37.270,1.30383,1.30392,1.87,1.87
2015.11.25 17:26:38.124,1.30383,1.30392,1.87,1.50
2015.11.25 17:26:38.377,1.30386,1.30394,1.37,1.87
2015.11.25 17:26:39.686,1.30384,1.30393,2.25,1.50
2015.11.25 17:26:40.194,1.30383,1.30392,2.25,2.62
2015.11.25 17:26:41.652,1.30383,1.30392,3.37,1.50
2015.11.25 17:26:43.095,1.30383,1.30392,2.62,1.87
2015.11.25 17:26:44.826,1.30383,1.30392,2.62,1.87
2015.11.25 17:26:46.433,1.30387,1.30392,1.12,1.00
2015.11.25 17:26:46.484,1.30387,1.30395,2.62,1.50
2015.11.25 17:26:46.586,1.30388,1.30396,2.25,1.50
2015.11.25 17:26:46.739,1.30389,1.30398,2.62,2.62
2015.11.25 17:26:47.245,1.30389,1.30398,5.62,1.50
2015.11.25 17:26:54.086,1.30391,1.304,1.37,1.87
2015.11.25 17:26:54.727,1.30391,1.30399,3.75,1.00
2015.11.25 17:26:55.248,1.30395,1.30402,1.37,1.37
2015.11.25 17:26:55.893,1.30392,1.304,1.50,1.00
2015.11.25 17:26:55.944,1.30392,1.304,1.50,1.37
2015.11.25 17:26:58.061,1.30392,1.30398,1.50,1.00
2015.11.25 17:26:58.574,1.3039,1.30399,2.62,1.87
2015.11.25 17:26:59.105,1.3039,1.30397,3.37,1.00
2015.11.25 17:27:00.132,1.3039,1.30398,4.12,1.12
2015.11.25 17:27:00.183,1.30391,1.30399,1.37,1.00
2015.11.25 17:27:00.385,1.30394,1.30401,1.37,1.50
2015.11.25 17:27:00.891,1.30394,1.30402,2.62,1.50
2015.11.25 17:27:01.450,1.30398,1.30403,1.87,1.00
2015.11.25 17:27:01.501,1.30398,1.30407,1.87,2.62
2015.11.25 17:27:03.286,1.30405,1.30408,3.37,1.00
2015.11.25 17:27:03.338,1.30405,1.30413,4.12,1.00
2015.11.25 17:27:06.294,1.30406,1.30414,1.87,1.50
2015.11.25 17:27:06.598,1.30409,1.30416,1.87,2.25
2015.11.25 17:27:07.925,1.30408,1.30417,1.37,1.50
2015.11.25 17:27:08.470,1.3041,1.30417,1.37,1.37
2015.11.25 17:27:08.970,1.30413,1.30417,1.75,1.00
2015.11.25 17:27:09.022,1.30417,1.30423,1.87,1.00
2015.11.25 17:27:11.740,1.30416,1.30422,1.87,1.00
2015.11.25 17:27:12.663,1.30416,1.30422,1.37,1.12
2015.11.25 17:27:13.148,1.30411,1.30419,2.62,1.75
2015.11.25 17:27:13.452,1.30409,1.30416,1.00,1.50
2015.11.25 17:27:13.755,1.30407,1.30413,1.00,1.87
2015.11.25 17:27:14.450,1.30392,1.30398,1.37,1.00
2015.11.25 17:27:16.407,1.30392,1.30401,3.00,1.50
2015.11.25 17:27:16.711,1.304,1.30403,1.37,1.87
2015.11.25 17:27:16.813,1.304,1.30408,1.87,1.12
2015.11.25 17:27:16.965,1.30402,1.30407,1.12,1.37
2015.11.25 17:27:17.577,1.30398,1.30403,1.00,2.25
2015.11.25 17:27:17.878,1.30392,1.30401,1.37,2.25
2015.11.25 17:27:18.384,1.30391,1.304,1.37,1.50
2015.11.25 17:27:19.054,1.30391,1.304,1.37,1.50
2015.11.25 17:27:20.752,1.30389,1.30392,1.00,1.87
2015.11.25 17:27:20.865,1.30381,1.30388,1.12,1.87
2015.11.25 17:27:20.917,1.30381,1.30389,1.37,1.50
2015.11.25 17:27:21.019,1.30379,1.30385,1.87,1.00
2015.11.25 17:27:21.120,1.30378,1.30386,1.37,1.87
2015.11.25 17:27:21.222,1.30381,1.30388,1.87,1.65
2015.11.25 17:27:21.968,1.30379,1.30389,2.62,1.50
2015.11.25 17:27:22.666,1.30379,1.30389,2.62,1.00
2015.11.25 17:27:24.081,1.30379,1.30389,2.62,1.50
2015.11.25 17:27:24.546,1.30382,1.3039,1.37,1.87
2015.11.25 17:27:25.131,1.30386,1.30395,1.37,1.47
2015.11.25 17:27:25.434,1.30387,1.30396,2.62,3.00
2015.11.25 17:27:25.939,1.30387,1.30395,2.62,1.00
2015.11.25 17:27:26.398,1.30389,1.30396,1.37,1.12
2015.11.25 17:27:27.316,1.30391,1.30399,2.62,1.50
2015.11.25 17:27:28.485,1.30393,1.30401,1.37,1.12
2015.11.25 17:27:28.732,1.30394,1.304,1.12,1.37
2015.11.25 17:27:29.730,1.30396,1.30404,1.87,1.37
2015.11.25 17:27:30.147,1.30397,1.30406,1.37,1.87
2015.11.25 17:27:30.478,1.30396,1.30405,1.87,1.87
2015.11.25 17:27:31.049,1.30394,1.30403,3.37,1.37
2015.11.25 17:27:31.353,1.30393,1.304,1.37,1.37
2015.11.25 17:27:31.810,1.30393,1.30401,1.12,1.87
2015.11.25 17:27:32.350,1.30391,1.30397,1.00,1.87
2015.11.25 17:27:32.654,1.30392,1.30399,1.37,1.87
2015.11.25 17:27:33.181,1.30392,1.304,1.12,1.87
2015.11.25 17:27:34.735,1.30393,1.304,1.00,1.87
2015.11.25 17:27:35.266,1.30391,1.304,2.62,1.87
2015.11.25 17:27:35.813,1.30393,1.30402,1.87,1.87
2015.11.25 17:27:36.420,1.30395,1.30401,1.00,1.87
2015.11.25 17:27:37.101,1.30394,1.30404,1.37,1.87
2015.11.25 17:27:37.203,1.30394,1.30404,1.12,1.87
2015.11.25 17:27:37.746,1.30395,1.30404,1.00,1.87
2015.11.25 17:27:38.997,1.30394,1.30402,1.37,1.12
2015.11.25 17:27:41.161,1.30394,1.30401,1.50,1.12
2015.11.25 17:27:41.369,1.30394,1.30401,1.50,1.87
2015.11.25 17:27:42.596,1.30396,1.30404,1.00,1.87
2015.11.25 17:27:42.703,1.30396,1.30404,1.12,1.87
2015.11.25 17:27:44.149,1.30395,1.30402,1.12,1.87
2015.11.25 17:27:44.778,1.30393,1.30401,1.37,1.87
2015.11.25 17:27:45.082,1.30398,1.30406,1.37,1.12
2015.11.25 17:27:45.590,1.304,1.30407,1.87,2.25
2015.11.25 17:27:45.771,1.30405,1.30411,1.12,2.62
2015.11.25 17:27:45.908,1.30407,1.30414,1.37,1.50
2015.11.25 17:27:46.759,1.30405,1.30413,1.37,1.37
2015.11.25 17:27:47.064,1.30403,1.30409,1.50,1.75
2015.11.25 17:27:47.166,1.30399,1.30409,3.00,2.25
2015.11.25 17:27:47.713,1.30399,1.30407,1.50,1.87
2015.11.25 17:27:48.522,1.304,1.30407,1.37,1.87
2015.11.25 17:27:51.403,1.30401,1.3041,1.87,3.75
2015.11.25 17:27:53.898,1.30403,1.3041,1.00,1.50
2015.11.25 17:27:54.231,1.30403,1.3041,1.87,1.50
2015.11.25 17:27:54.694,1.30403,1.3041,1.12,1.87
2015.11.25 17:27:55.234,1.30402,1.30409,1.12,1.87
2015.11.25 17:27:55.963,1.304,1.30405,3.00,1.00
2015.11.25 17:27:56.811,1.304,1.30406,2.62,1.12
2015.11.25 17:27:57.361,1.304,1.30405,1.87,1.00
2015.11.25 17:27:58.021,1.304,1.30406,1.87,1.12
2015.11.25 17:27:58.981,1.304,1.30405,1.87,1.00
2015.11.25 17:27:59.787,1.304,1.30406,1.87,1.12
2015.11.25 17:28:00.506,1.304,1.30405,1.87,1.00
2015.11.25 17:28:01.090,1.30401,1.30409,1.37,3.00
2015.11.25 17:28:07.723,1.30404,1.3041,1.00,1.50
2015.11.25 17:28:08.229,1.30403,1.30411,1.12,3.75
2015.11.25 17:28:09.143,1.30404,1.3041,1.00,1.50
2015.11.25 17:28:09.195,1.30404,1.3041,1.37,1.50
2015.11.25 17:28:11.202,1.30402,1.30409,1.37,1.87
2015.11.25 17:28:13.743,1.30403,1.30409,1.37,1.87
2015.11.25 17:28:22.835,1.30401,1.30409,2.25,1.12
2015.11.25 17:28:23.038,1.30404,1.30412,1.87,1.87
2015.11.25 17:28:23.089,1.30404,1.30413,1.87,1.50
2015.11.25 17:28:24.182,1.30406,1.30414,1.87,1.50
2015.11.25 17:28:26.498,1.30405,1.30414,2.25,1.50
2015.11.25 17:28:27.243,1.30407,1.30415,1.87,1.50
2015.11.25 17:28:27.482,1.30403,1.3041,1.37,1.50
2015.11.25 17:28:27.786,1.30399,1.30407,2.25,1.37
2015.11.25 17:28:28.402,1.30399,1.30404,1.00,1.12
2015.11.25 17:28:30.369,1.30398,1.30407,1.87,3.00
2015.11.25 17:28:32.298,1.30398,1.30405,1.87,1.50
2015.11.25 17:28:32.755,1.30398,1.30406,1.50,2.25
2015.11.25 17:28:33.245,1.30393,1.304,1.12,2.25
2015.11.25 17:28:33.398,1.3039,1.30397,2.25,1.37
2015.11.25 17:28:34.274,1.30388,1.30396,1.87,2.25
2015.11.25 17:28:34.730,1.30385,1.30394,1.37,1.37
2015.11.25 17:28:37.228,1.30385,1.30393,1.87,1.00
2015.11.25 17:28:37.749,1.30387,1.30395,1.37,1.87
2015.11.25 17:28:39.053,1.30387,1.30394,1.12,1.37
2015.11.25 17:28:39.585,1.30387,1.30394,1.37,1.37
2015.11.25 17:28:40.774,1.30387,1.30393,1.37,1.00
2015.11.25 17:28:41.280,1.30387,1.30394,1.87,1.00
2015.11.25 17:28:42.330,1.30387,1.30393,1.37,2.62
2015.11.25 17:28:42.381,1.30384,1.30393,1.87,3.75
2015.11.25 17:28:47.036,1.30386,1.30394,1.37,1.50
2015.11.25 17:28:47.896,1.30386,1.30394,1.12,1.75
2015.11.25 17:28:47.998,1.30384,1.3039,1.37,1.00
2015.11.25 17:28:48.789,1.30384,1.3039,1.12,1.12
2015.11.25 17:28:50.547,1.30384,1.3039,1.37,1.00
2015.11.25 17:28:50.648,1.30384,1.30393,1.37,1.87
2015.11.25 17:28:50.699,1.30386,1.30393,1.37,1.37
2015.11.25 17:28:51.002,1.30389,1.30395,1.87,1.50
2015.11.25 17:28:51.534,1.30394,1.30398,1.00,3.75
2015.11.25 17:28:51.585,1.30394,1.304,1.87,1.12
2015.11.25 17:28:52.090,1.30392,1.304,1.50,1.37
2015.11.25 17:28:52.343,1.3039,1.30398,1.75,1.37
2015.11.25 17:28:52.883,1.3039,1.30398,1.37,1.37
2015.11.25 17:28:58.486,1.3039,1.30399,1.50,2.62
2015.11.25 17:28:58.739,1.30392,1.304,1.87,1.12
2015.11.25 17:28:59.272,1.30393,1.30401,1.87,1.37
2015.11.25 17:29:00.258,1.30392,1.304,1.87,1.37
2015.11.25 17:29:01.136,1.30389,1.30397,1.37,1.87
2015.11.25 17:29:01.641,1.30389,1.30397,1.37,1.87
2015.11.25 17:29:03.112,1.30389,1.30397,1.37,1.75
2015.11.25 17:29:03.617,1.30389,1.30397,1.37,2.25
2015.11.25 17:29:03.870,1.30388,1.30396,1.87,1.50
2015.11.25 17:29:04.413,1.30385,1.30394,1.37,1.87
2015.11.25 17:29:04.868,1.30383,1.30392,2.25,1.37
2015.11.25 17:29:06.393,1.30384,1.30393,1.37,1.87
2015.11.25 17:29:07.791,1.30384,1.30393,1.87,2.62
2015.11.25 17:29:08.828,1.30385,1.30393,1.37,2.25
2015.11.25 17:29:09.132,1.30389,1.30395,1.37,1.00
2015.11.25 17:29:09.578,1.30389,1.30396,1.37,1.00
2015.11.25 17:29:10.101,1.30389,1.30398,1.37,1.37
2015.11.25 17:29:10.466,1.30388,1.30397,2.62,1.87
2015.11.25 17:29:11.695,1.30386,1.30395,1.87,1.87
2015.11.25 17:29:12.419,1.30386,1.30395,1.87,1.87
2015.11.25 17:29:12.723,1.30386,1.30395,1.87,2.62
2015.11.25 17:29:16.520,1.30389,1.30396,1.50,1.37
2015.11.25 17:29:16.621,1.30389,1.30398,2.25,1.50
2015.11.25 17:29:17.582,1.30389,1.30395,1.50,1.00
2015.11.25 17:29:17.633,1.30389,1.30395,1.37,1.37
2015.11.25 17:29:18.987,1.30391,1.304,1.87,4.12
2015.11.25 17:29:21.345,1.30391,1.304,1.87,3.00
2015.11.25 17:29:29.179,1.30389,1.30398,4.12,1.50
2015.11.25 17:29:29.958,1.30391,1.30397,1.50,1.37
2015.11.25 17:29:30.413,1.30386,1.30394,1.12,1.87
2015.11.25 17:29:31.155,1.30384,1.30393,3.75,1.87
2015.11.25 17:29:33.325,1.30384,1.30388,1.12,1.12
2015.11.25 17:29:33.377,1.3038,1.30388,1.37,1.87
2015.11.25 17:29:35.045,1.3038,1.30389,1.87,1.87
2015.11.25 17:29:40.643,1.30381,1.3039,4.12,2.25
2015.11.25 17:29:40.946,1.30382,1.3039,1.37,1.12
2015.11.25 17:29:41.466,1.30382,1.30391,1.37,2.62
2015.11.25 17:29:43.354,1.30384,1.30391,1.37,1.00
2015.11.25 17:29:43.708,1.30384,1.30393,2.62,2.62
2015.11.25 17:29:44.011,1.30384,1.30393,1.87,2.62
2015.11.25 17:29:45.648,1.30384,1.30393,1.50,2.25
2015.11.25 17:29:46.154,1.30384,1.30392,1.37,1.12
2015.11.25 17:29:46.802,1.30385,1.30393,1.37,1.00
2015.11.25 17:29:47.861,1.30388,1.30396,1.37,2.25
2015.11.25 17:29:48.550,1.3039,1.30397,1.37,1.37
2015.11.25 17:29:48.852,1.3039,1.30398,1.37,1.50
2015.11.25 17:29:52.458,1.30389,1.30397,1.37,1.37
2015.11.25 17:29:52.711,1.30386,1.30391,1.12,1.50
2015.11.25 17:29:54.978,1.30382,1.30389,1.87,1.00
2015.11.25 17:29:55.481,1.30382,1.30389,1.87,1.00
2015.11.25 17:29:56.010,1.30382,1.30391,1.87,4.87
2015.11.25 17:29:57.083,1.30385,1.30391,1.87,1.12
2015.11.25 17:29:57.135,1.30385,1.30394,2.62,1.00
2015.11.25 17:30:03.481,1.30385,1.30395,2.62,1.37
2015.11.25 17:30:06.726,1.30385,1.30392,2.25,1.00
2015.11.25 17:30:06.930,1.30383,1.30391,1.37,1.50
2015.11.25 17:30:07.133,1.30381,1.30389,1.87,1.12
2015.11.25 17:30:07.638,1.30381,1.30389,1.37,2.25
2015.11.25 17:30:10.338,1.30381,1.3039,1.37,1.87
2015.11.25 17:30:10.686,1.30381,1.30388,1.87,1.00
2015.11.25 17:30:10.737,1.30381,1.30388,1.87,1.12
2015.11.25 17:30:10.889,1.30379,1.30387,1.87,1.12
2015.11.25 17:30:11.486,1.30378,1.30386,1.50,1.12
2015.11.25 17:30:14.850,1.30378,1.30387,2.25,4.12
2015.11.25 17:30:17.896,1.30381,1.30388,1.87,1.50
2015.11.25 17:30:17.998,1.30382,1.3039,1.37,1.12
2015.11.25 17:30:20.003,1.30382,1.30391,1.87,3.37
2015.11.25 17:30:21.665,1.30382,1.30391,2.25,3.00
2015.11.25 17:30:22.441,1.30383,1.3039,1.37,1.87
2015.11.25 17:30:24.195,1.30383,1.30391,1.37,1.87
2015.11.25 17:30:24.499,1.30379,1.30387,2.62,1.37
2015.11.25 17:30:24.601,1.3038,1.30387,1.00,2.25
2015.11.25 17:30:25.142,1.30376,1.30385,1.87,2.62
2015.11.25 17:30:30.675,1.30381,1.30386,1.00,1.37
2015.11.25 17:30:31.675,1.3038,1.30388,1.50,3.00
2015.11.25 17:30:32.181,1.30381,1.30388,1.00,3.00
2015.11.25 17:30:32.762,1.30381,1.30388,1.37,2.25
2015.11.25 17:30:40.204,1.30381,1.30388,1.37,1.12
2015.11.25 17:30:40.563,1.30382,1.3039,2.25,2.62
2015.11.25 17:30:40.664,1.30386,1.30391,1.00,1.87
2015.11.25 17:30:41.554,1.30383,1.30392,1.87,1.87
2015.11.25 17:30:48.614,1.30382,1.30391,3.00,2.25
2015.11.25 17:30:49.239,1.30376,1.3038,1.00,1.50
2015.11.25 17:30:49.294,1.3037,1.30379,1.87,1.87
2015.11.25 17:30:49.396,1.30369,1.30377,1.37,1.37
2015.11.25 17:30:52.474,1.3037,1.30379,3.00,2.25
2015.11.25 17:30:52.677,1.30373,1.3038,1.87,1.37
2015.11.25 17:30:53.321,1.30372,1.30381,1.12,2.25
2015.11.25 17:30:53.675,1.30368,1.30376,1.87,1.00
2015.11.25 17:30:54.344,1.30368,1.30377,2.25,2.62
2015.11.25 17:30:55.014,1.30368,1.30377,2.62,3.37
2015.11.25 17:30:55.555,1.3037,1.30377,1.87,1.50
2015.11.25 17:30:57.502,1.30374,1.30379,1.12,1.37
2015.11.25 17:30:58.465,1.30375,1.30381,1.50,3.00
2015.11.25 17:30:58.922,1.30376,1.30384,1.87,1.87
2015.11.25 17:30:59.711,1.30376,1.30384,1.87,1.37
2015.11.25 17:31:00.217,1.30376,1.30384,1.87,1.87
2015.11.25 17:31:03.883,1.30376,1.30382,1.12,1.37
2015.11.25 17:31:12.744,1.30374,1.30383,1.00,3.37
2015.11.25 17:31:14.646,1.30373,1.30382,1.87,1.50
2015.11.25 17:31:15.148,1.30372,1.3038,1.50,1.87
2015.11.25 17:31:27.811,1.30379,1.30382,1.87,3.37
2015.11.25 17:31:27.863,1.3038,1.30386,1.37,2.25
2015.11.25 17:31:27.915,1.30381,1.30388,1.37,1.00
2015.11.25 17:31:28.470,1.30383,1.3039,1.87,1.37
2015.11.25 17:31:31.345,1.3038,1.30387,1.50,1.00
2015.11.25 17:31:31.396,1.3038,1.30387,1.00,1.37
2015.11.25 17:31:31.934,1.30378,1.30383,3.00,1.87
2015.11.25 17:31:31.985,1.30374,1.30382,1.12,1.37
2015.11.25 17:31:40.455,1.30372,1.30381,1.75,1.50
2015.11.25 17:31:45.761,1.30373,1.30382,2.25,1.87
2015.11.25 17:31:45.820,1.30376,1.30385,1.87,4.50
2015.11.25 17:31:46.441,1.30375,1.30384,1.37,1.50
2015.11.25 17:31:49.222,1.30374,1.30383,1.12,1.37
2015.11.25 17:31:51.249,1.30375,1.30383,1.00,1.37
2015.11.25 17:31:52.232,1.30374,1.30383,2.25,2.25
2015.11.25 17:31:54.053,1.30374,1.30385,2.25,4.87
2015.11.25 17:31:54.496,1.30375,1.30384,1.12,1.50
2015.11.25 17:31:55.819,1.30375,1.30384,1.37,1.50
2015.11.25 17:31:55.921,1.30375,1.30384,1.37,1.50
2015.11.25 17:31:56.474,1.30374,1.30383,1.87,1.12
2015.11.25 17:31:56.812,1.30374,1.30383,1.87,1.37
2015.11.25 17:31:57.557,1.30375,1.30384,1.37,1.50
2015.11.25 17:32:01.842,1.30374,1.30383,1.87,1.87
2015.11.25 17:32:02.196,1.30376,1.30384,2.25,1.50
2015.11.25 17:32:02.500,1.3038,1.30386,1.87,1.00
2015.11.25 17:32:13.180,1.30382,1.30387,1.00,1.00
2015.11.25 17:32:13.801,1.30382,1.30391,1.37,3.00
2015.11.25 17:32:18.644,1.30385,1.3039,1.00,1.37
2015.11.25 17:32:18.897,1.30385,1.3039,1.37,1.00
2015.11.25 17:32:18.999,1.30386,1.30392,1.87,1.12
2015.11.25 17:32:20.902,1.3039,1.30397,1.00,1.75
2015.11.25 17:32:21.409,1.30389,1.30397,1.87,1.75
2015.11.25 17:32:21.662,1.3039,1.30396,1.12,1.00
2015.11.25 17:32:22.322,1.30391,1.30396,1.00,1.00
2015.11.25 17:32:22.838,1.3039,1.30396,1.87,1.00
2015.11.25 17:32:24.589,1.30394,1.30399,1.00,2.62
2015.11.25 17:32:24.843,1.30396,1.30401,2.62,1.50
2015.11.25 17:32:24.996,1.30398,1.30401,1.00,1.00
2015.11.25 17:32:25.560,1.304,1.30408,1.50,1.75
2015.11.25 17:32:27.004,1.304,1.30409,2.62,3.00
2015.11.25 17:32:31.121,1.30402,1.3041,1.50,1.12
2015.11.25 17:32:31.224,1.30405,1.3041,1.00,2.25
2015.11.25 17:32:31.789,1.30405,1.30411,1.00,1.12
2015.11.25 17:32:31.942,1.304,1.30406,1.00,1.50
2015.11.25 17:32:32.145,1.30397,1.30406,1.37,1.87
2015.11.25 17:32:32.247,1.304,1.30407,1.00,3.00
2015.11.25 17:32:32.932,1.30402,1.30408,1.50,1.12
2015.11.25 17:32:33.188,1.30402,1.3041,1.87,1.12
2015.11.25 17:32:33.240,1.30404,1.3041,1.00,1.12
2015.11.25 17:32:33.792,1.30403,1.3041,1.50,1.37
2015.11.25 17:32:34.684,1.30405,1.30411,1.00,1.87
2015.11.25 17:32:36.529,1.30404,1.30411,1.00,1.37
2015.11.25 17:32:37.072,1.30405,1.30411,1.00,1.37
2015.11.25 17:32:37.673,1.30404,1.30412,1.00,3.00
2015.11.25 17:32:38.550,1.30405,1.30412,1.00,3.00
2015.11.25 17:32:39.084,1.30404,1.30412,1.50,2.25
2015.11.25 17:32:39.891,1.30405,1.30412,1.00,2.25
2015.11.25 17:32:41.391,1.30409,1.30414,1.00,2.62
2015.11.25 17:32:41.443,1.30409,1.30415,1.00,1.87
2015.11.25 17:32:41.949,1.3041,1.30415,1.00,1.37
2015.11.25 17:32:42.101,1.30408,1.30415,1.87,1.87
2015.11.25 17:32:43.306,1.30406,1.30415,2.62,1.37
2015.11.25 17:32:43.812,1.30406,1.30414,1.37,1.87
2015.11.25 17:32:46.524,1.30404,1.30413,4.87,2.62
2015.11.25 17:32:56.329,1.30404,1.3041,1.12,1.37
2015.11.25 17:32:56.941,1.30404,1.3041,1.37,1.12
2015.11.25 17:32:57.867,1.30404,1.3041,1.12,1.37
2015.11.25 17:33:00.146,1.30403,1.30411,1.37,1.87
2015.11.25 17:33:01.103,1.30403,1.3041,1.37,1.37
2015.11.25 17:33:15.306,1.304,1.30406,1.00,1.12
2015.11.25 17:33:15.438,1.30396,1.30405,1.50,1.37
2015.11.25 17:33:16.661,1.30396,1.30405,1.12,1.50
2015.11.25 17:33:16.979,1.30399,1.30406,1.12,1.75
2015.11.25 17:33:17.284,1.30401,1.30407,1.87,1.37
2015.11.25 17:33:18.018,1.30402,1.3041,1.50,2.25
2015.11.25 17:33:18.364,1.30404,1.3041,1.50,1.87
2015.11.25 17:33:18.872,1.30405,1.30412,1.50,1.87
2015.11.25 17:33:19.523,1.30405,1.30412,1.87,1.37
2015.11.25 17:33:22.036,1.30403,1.30411,1.12,1.37
2015.11.25 17:33:23.801,1.30401,1.30408,1.12,1.50
2015.11.25 17:33:24.005,1.30399,1.30407,1.12,1.37
2015.11.25 17:33:24.710,1.30397,1.30406,1.12,4.12
2015.11.25 17:33:26.357,1.30396,1.30403,1.12,1.37
2015.11.25 17:33:26.661,1.30395,1.30403,1.37,2.62
2015.11.25 17:33:30.509,1.30394,1.30403,1.87,4.12
2015.11.25 17:33:30.610,1.30395,1.30401,1.12,1.00
2015.11.25 17:33:31.074,1.30394,1.30399,1.50,6.00
2015.11.25 17:33:31.207,1.30388,1.30395,1.37,1.37
2015.11.25 17:33:31.720,1.3039,1.30396,1.00,1.37
2015.11.25 17:33:31.821,1.30389,1.30397,1.87,1.50
2015.11.25 17:33:33.533,1.30392,1.30401,1.00,3.00
2015.11.25 17:33:33.584,1.30395,1.30401,1.00,1.87
2015.11.25 17:33:33.635,1.30395,1.30402,1.00,1.87
2015.11.25 17:33:34.296,1.30399,1.30404,1.00,1.37
2015.11.25 17:33:34.349,1.30399,1.30406,1.50,1.12
2015.11.25 17:33:34.857,1.30397,1.30406,1.87,1.75
2015.11.25 17:33:35.632,1.30397,1.30407,1.87,1.12
2015.11.25 17:33:37.286,1.30397,1.30406,1.37,1.87
2015.11.25 17:33:39.526,1.30397,1.30406,1.37,1.50
2015.11.25 17:33:42.154,1.30398,1.30407,1.12,4.87
2015.11.25 17:33:46.146,1.304,1.30407,1.00,2.62
2015.11.25 17:33:46.377,1.304,1.30408,2.25,1.12
2015.11.25 17:33:46.479,1.304,1.3041,3.37,4.12
2015.11.25 17:33:46.581,1.30401,1.30411,3.00,2.62
2015.11.25 17:33:46.632,1.30405,1.30412,1.00,1.47
2015.11.25 17:33:46.784,1.30406,1.30413,1.50,1.75
2015.11.25 17:33:47.463,1.30406,1.30413,1.87,1.12
2015.11.25 17:33:48.026,1.30408,1.30413,1.00,1.12
2015.11.25 17:33:48.866,1.30408,1.30416,1.12,4.12
2015.11.25 17:33:50.517,1.30405,1.30414,3.00,1.37
2015.11.25 17:33:52.533,1.30405,1.30414,1.50,4.12
2015.11.25 17:33:52.837,1.30401,1.30409,1.87,1.37
2015.11.25 17:33:53.672,1.30405,1.30413,1.00,1.50
2015.11.25 17:33:54.179,1.30405,1.30413,1.87,1.37
2015.11.25 17:33:56.353,1.30406,1.30414,1.00,1.37
2015.11.25 17:33:57.033,1.30406,1.30415,2.62,2.25
2015.11.25 17:33:57.753,1.30407,1.30415,1.00,1.37
2015.11.25 17:33:59.011,1.30406,1.30415,1.87,1.87
2015.11.25 17:33:59.480,1.30408,1.30415,1.00,1.37
2015.11.25 17:34:02.722,1.30408,1.30416,1.37,1.87
2015.11.25 17:34:03.559,1.3041,1.30416,1.00,1.50
2015.11.25 17:34:03.807,1.30408,1.30416,1.12,1.37
2015.11.25 17:34:04.060,1.30406,1.30415,3.00,1.87
2015.11.25 17:34:04.862,1.30406,1.30415,2.62,2.25
2015.11.25 17:34:06.059,1.30407,1.30416,1.00,2.25
2015.11.25 17:34:08.222,1.30405,1.30416,4.12,3.37
2015.11.25 17:34:11.013,1.30405,1.30413,1.87,1.37
2015.11.25 17:34:15.825,1.30404,1.30412,1.00,2.25
2015.11.25 17:34:15.977,1.30401,1.30409,1.00,2.25
2015.11.25 17:34:16.220,1.30399,1.30407,1.00,5.25
2015.11.25 17:34:16.845,1.30402,1.30407,1.37,2.62
2015.11.25 17:34:16.897,1.30405,1.30411,1.00,1.37
2015.11.25 17:34:17.504,1.30404,1.30411,1.12,1.87
2015.11.25 17:34:18.457,1.30405,1.30411,1.12,1.50
2015.11.25 17:34:24.528,1.30401,1.3041,1.50,1.87
2015.11.25 17:34:24.831,1.30397,1.30406,2.25,4.87
2015.11.25 17:34:25.935,1.30393,1.30401,1.37,2.62
2015.11.25 17:34:26.928,1.30395,1.30402,1.37,1.37
2015.11.25 17:34:27.429,1.30395,1.30403,1.37,1.37
2015.11.25 17:34:27.935,1.30395,1.30404,1.87,1.50
2015.11.25 17:34:28.482,1.30395,1.30404,1.50,1.50
2015.11.25 17:34:30.262,1.30395,1.30404,1.37,1.87
2015.11.25 17:34:34.667,1.30396,1.30404,1.00,1.37
2015.11.25 17:34:35.723,1.30396,1.30405,2.25,1.37
2015.11.25 17:34:36.026,1.304,1.30406,1.00,1.87
2015.11.25 17:34:36.827,1.30399,1.30406,1.00,1.37
2015.11.25 17:34:37.409,1.304,1.30406,1.00,1.37
2015.11.25 17:34:37.511,1.30398,1.30406,1.12,1.37
2015.11.25 17:34:38.027,1.30397,1.30406,1.87,1.50
2015.11.25 17:34:39.188,1.30397,1.30406,1.87,1.50
2015.11.25 17:34:40.979,1.30394,1.30403,2.25,1.87
2015.11.25 17:34:41.485,1.30393,1.30402,3.75,1.87
2015.11.25 17:34:43.211,1.30396,1.30403,2.25,1.00
2015.11.25 17:34:43.704,1.30402,1.30406,1.00,1.37
2015.11.25 17:34:43.755,1.30404,1.30409,1.12,1.12
2015.11.25 17:34:43.908,1.30405,1.30413,1.87,3.00
2015.11.25 17:34:44.567,1.30407,1.30414,1.00,1.37
2015.11.25 17:34:47.309,1.30406,1.30415,1.12,2.62
2015.11.25 17:34:48.930,1.30407,1.30415,1.87,1.12
2015.11.25 17:34:49.459,1.30407,1.30416,1.12,3.00
2015.11.25 17:34:50.372,1.30407,1.30416,1.37,1.50
2015.11.25 17:34:50.589,1.30405,1.30414,2.25,1.87
2015.11.25 17:34:50.792,1.30405,1.30412,1.00,3.75
2015.11.25 17:34:51.045,1.304,1.30408,1.50,1.37
2015.11.25 17:34:52.036,1.30399,1.30408,2.25,1.87
2015.11.25 17:34:53.875,1.30399,1.30408,1.12,1.87
2015.11.25 17:35:01.255,1.304,1.30408,1.37,1.87
2015.11.25 17:35:02.268,1.30402,1.3041,1.37,1.87
2015.11.25 17:35:03.982,1.304,1.30408,1.37,1.37
2015.11.25 17:35:06.925,1.30398,1.30403,1.37,1.12
2015.11.25 17:35:07.230,1.30397,1.30403,1.00,1.87
2015.11.25 17:35:07.755,1.30393,1.30402,4.50,1.12
2015.11.25 17:35:08.402,1.30393,1.30401,1.50,1.50
2015.11.25 17:35:08.729,1.30392,1.30401,3.37,1.87
2015.11.25 17:35:09.578,1.30395,1.30403,1.87,2.25
2015.11.25 17:35:10.080,1.30397,1.30403,1.00,1.87
2015.11.25 17:35:10.133,1.30398,1.30407,1.37,1.87
2015.11.25 17:35:10.672,1.30397,1.30406,2.25,1.87
2015.11.25 17:35:11.295,1.30402,1.30406,1.00,1.37
2015.11.25 17:35:11.346,1.30402,1.30411,1.37,3.37
2015.11.25 17:35:11.599,1.30401,1.30407,1.12,2.25
2015.11.25 17:35:11.802,1.30394,1.30404,4.12,2.62
2015.11.25 17:35:12.623,1.30395,1.30405,1.87,1.87
2015.11.25 17:35:13.128,1.30395,1.30405,1.37,1.87
2015.11.25 17:35:13.688,1.30396,1.30405,1.87,1.87
2015.11.25 17:35:28.789,1.30394,1.30399,1.00,1.37
2015.11.25 17:35:28.840,1.30378,1.30386,3.00,1.50
2015.11.25 17:35:29.145,1.30377,1.30384,1.75,1.50
2015.11.25 17:35:29.746,1.30377,1.30384,2.25,1.00
2015.11.25 17:35:30.968,1.30376,1.30383,2.25,1.00
2015.11.25 17:35:34.468,1.30376,1.30383,1.75,1.00
2015.11.25 17:35:34.998,1.30376,1.30383,1.50,1.00
2015.11.25 17:35:35.276,1.30375,1.30383,2.25,1.12
2015.11.25 17:35:36.352,1.30376,1.30383,1.50,1.00
2015.11.25 17:35:37.767,1.30375,1.30383,1.87,1.37
2015.11.25 17:35:38.070,1.30375,1.30383,1.50,1.00
2015.11.25 17:35:40.164,1.30377,1.30385,1.37,1.37
2015.11.25 17:35:43.631,1.30375,1.30382,3.75,1.00
2015.11.25 17:35:43.682,1.30375,1.30382,2.25,1.00
2015.11.25 17:35:44.203,1.30374,1.30382,2.25,1.12
2015.11.25 17:35:47.676,1.30376,1.30385,1.37,2.62
2015.11.25 17:35:49.093,1.30376,1.30384,1.75,1.00
2015.11.25 17:35:49.397,1.30377,1.30385,1.00,2.62
2015.11.25 17:35:49.948,1.30375,1.30384,1.37,1.87
2015.11.25 17:35:50.559,1.30375,1.30381,1.37,1.00
2015.11.25 17:36:01.487,1.30375,1.30383,3.00,1.00
2015.11.25 17:36:01.740,1.30372,1.30376,1.00,2.62
2015.11.25 17:36:02.435,1.30372,1.30374,1.00,1.00
2015.11.25 17:36:02.486,1.30367,1.30374,1.37,1.12
2015.11.25 17:36:02.991,1.30365,1.30374,3.37,1.00
2015.11.25 17:36:03.681,1.30365,1.30374,4.12,1.12
2015.11.25 17:36:04.400,1.30367,1.30375,1.37,1.00
2015.11.25 17:36:07.316,1.30367,1.30375,1.37,1.37
2015.11.25 17:36:08.786,1.30368,1.30377,1.87,2.25
2015.11.25 17:36:11.834,1.30371,1.3038,1.37,2.25
2015.11.25 17:36:12.037,1.30375,1.30383,1.87,2.62
2015.11.25 17:36:12.551,1.30378,1.30386,1.37,1.37
2015.11.25 17:36:17.781,1.30378,1.30386,1.12,1.50
2015.11.25 17:36:19.789,1.30377,1.30385,1.87,1.37
2015.11.25 17:36:23.381,1.30378,1.30385,1.37,1.12
2015.11.25 17:36:24.835,1.30378,1.30385,1.12,1.37
2015.11.25 17:36:28.999,1.30378,1.30385,1.37,1.37
2015.11.25 17:36:30.551,1.30376,1.30385,1.50,1.87
2015.11.25 17:36:30.867,1.30376,1.30385,1.37,1.87
2015.11.25 17:36:32.076,1.30376,1.30385,1.37,1.87
2015.11.25 17:36:32.601,1.30377,1.30386,1.87,2.25
2015.11.25 17:36:35.808,1.30371,1.30379,1.37,2.62
2015.11.25 17:36:35.902,1.3037,1.30378,2.25,1.12
2015.11.25 17:36:36.054,1.3037,1.30379,3.37,3.37
2015.11.25 17:36:36.813,1.3037,1.30375,2.62,1.00
2015.11.25 17:36:37.348,1.3037,1.30376,1.87,1.00
2015.11.25 17:36:37.399,1.3037,1.30379,1.87,2.62
2015.11.25 17:36:37.639,1.3037,1.30375,2.62,1.00
2015.11.25 17:36:37.690,1.3037,1.30375,2.62,1.00
2015.11.25 17:36:38.144,1.3037,1.30379,2.62,1.87
2015.11.25 17:36:39.018,1.3037,1.30375,2.62,1.00
2015.11.25 17:36:39.530,1.3037,1.30376,1.87,1.00
2015.11.25 17:36:40.057,1.3037,1.30375,2.62,1.00
2015.11.25 17:36:41.110,1.3037,1.30376,1.87,1.00
2015.11.25 17:36:41.761,1.3037,1.30375,2.62,1.00
2015.11.25 17:36:42.434,1.3037,1.30376,1.87,1.00
2015.11.25 17:36:42.939,1.3037,1.30375,2.62,1.00
2015.11.25 17:36:43.480,1.3037,1.30376,1.87,1.00
2015.11.25 17:36:44.022,1.3037,1.30376,1.87,1.12
2015.11.25 17:36:45.040,1.3037,1.30375,1.50,1.00
2015.11.25 17:36:45.651,1.30369,1.30376,3.00,1.00
2015.11.25 17:36:46.623,1.3037,1.30377,1.37,1.00
2015.11.25 17:36:49.157,1.30367,1.30375,4.50,1.00
2015.11.25 17:36:49.258,1.3037,1.30376,1.00,2.62
2015.11.25 17:36:49.764,1.3037,1.30375,1.00,1.50
2015.11.25 17:36:49.916,1.30366,1.30375,1.75,1.87
2015.11.25 17:36:50.469,1.30365,1.30371,1.87,1.00
2015.11.25 17:36:50.993,1.30362,1.30371,2.62,3.37
2015.11.25 17:36:51.347,1.30362,1.3037,2.25,1.12
2015.11.25 17:36:53.013,1.30363,1.3037,1.87,1.12
2015.11.25 17:36:54.775,1.30363,1.30371,1.87,1.12
2015.11.25 17:36:55.179,1.30363,1.30372,1.87,1.50
2015.11.25 17:36:55.935,1.30363,1.30372,1.87,1.37
2015.11.25 17:36:56.087,1.30364,1.30373,1.87,1.00
2015.11.25 17:36:56.592,1.30366,1.30375,2.25,2.62
2015.11.25 17:37:00.591,1.30365,1.30374,4.50,1.37
2015.11.25 17:37:00.692,1.30367,1.30374,1.00,1.87
2015.11.25 17:37:03.570,1.30361,1.3037,3.75,3.00
2015.11.25 17:37:03.874,1.30364,1.30372,1.37,1.37
2015.11.25 17:37:05.634,1.30364,1.30373,1.37,1.87
2015.11.25 17:37:08.264,1.30368,1.30373,1.37,1.12
2015.11.25 17:37:08.757,1.3037,1.30376,1.87,1.00
2015.11.25 17:37:09.162,1.30371,1.3038,1.37,2.62
2015.11.25 17:37:09.516,1.30374,1.3038,1.37,1.87
2015.11.25 17:37:10.777,1.30374,1.30383,2.25,1.12
2015.11.25 17:37:12.812,1.30374,1.30383,1.50,1.37
2015.11.25 17:37:13.116,1.3037,1.30379,3.75,1.87
2015.11.25 17:37:16.212,1.3037,1.30378,1.50,1.37
2015.11.25 17:37:17.390,1.30371,1.30379,1.37,1.37
2015.11.25 17:37:22.890,1.30371,1.3038,1.87,1.37
2015.11.25 17:37:24.699,1.30372,1.3038,1.00,1.50
2015.11.25 17:37:36.708,1.30371,1.30379,1.37,1.37
2015.11.25 17:37:37.013,1.3038,1.30386,1.50,1.87
2015.11.25 17:37:37.317,1.30381,1.30389,1.37,1.50
2015.11.25 17:37:40.901,1.30378,1.30387,1.37,1.87
2015.11.25 17:37:41.593,1.30375,1.30384,2.62,1.37
2015.11.25 17:37:42.047,1.30376,1.30387,1.87,2.25
2015.11.25 17:37:42.632,1.30376,1.30387,2.25,2.25
2015.11.25 17:37:46.678,1.30377,1.30387,1.12,1.87
2015.11.25 17:37:46.880,1.30379,1.30388,2.25,1.87
2015.11.25 17:37:46.981,1.30383,1.30388,1.37,1.12
2015.11.25 17:37:47.284,1.30381,1.30387,1.37,1.37
2015.11.25 17:37:48.345,1.30381,1.3039,1.87,4.12
2015.11.25 17:37:49.528,1.30382,1.30389,1.12,1.00
2015.11.25 17:37:50.041,1.30386,1.30393,1.50,1.37
2015.11.25 17:37:50.177,1.30386,1.30395,1.87,2.25
2015.11.25 17:37:50.507,1.30386,1.30395,1.50,2.62
2015.11.25 17:37:50.660,1.30384,1.30393,1.12,2.25
2015.11.25 17:37:51.182,1.30383,1.30392,1.37,1.87
2015.11.25 17:37:52.637,1.30381,1.30387,1.00,1.37
2015.11.25 17:37:55.283,1.30382,1.30387,1.00,1.37
2015.11.25 17:37:56.255,1.30381,1.30389,1.87,2.25
2015.11.25 17:38:01.296,1.30382,1.3039,1.37,1.37
2015.11.25 17:38:03.930,1.30385,1.30392,1.37,1.37
2015.11.25 17:38:09.313,1.3039,1.30397,1.00,1.50
2015.11.25 17:38:09.830,1.30389,1.30397,2.25,1.87
2015.11.25 17:38:10.083,1.3039,1.30398,1.37,3.00
2015.11.25 17:38:10.634,1.30394,1.30398,1.12,2.25
2015.11.25 17:38:10.949,1.30398,1.30404,1.87,1.12
2015.11.25 17:38:11.454,1.30398,1.30407,1.87,4.12
2015.11.25 17:38:13.603,1.30399,1.30407,1.37,1.87
2015.11.25 17:38:14.198,1.30402,1.30407,1.87,1.00
2015.11.25 17:38:14.709,1.30402,1.30409,1.87,1.37
2015.11.25 17:38:15.644,1.30407,1.3041,2.25,1.00
2015.11.25 17:38:15.854,1.30407,1.30416,2.25,2.25
2015.11.25 17:38:16.369,1.30407,1.30416,1.87,1.37
2015.11.25 17:38:16.994,1.30407,1.30414,1.37,3.00
2015.11.25 17:38:17.046,1.30403,1.30414,1.87,3.75
2015.11.25 17:38:18.556,1.30405,1.30414,1.87,2.25
2015.11.25 17:38:18.839,1.30408,1.30415,1.37,1.00
2015.11.25 17:38:19.446,1.30408,1.30416,1.37,2.25
2015.11.25 17:38:20.230,1.3041,1.30416,1.37,1.00
2015.11.25 17:38:20.539,1.30417,1.30422,1.37,1.50
2015.11.25 17:38:21.322,1.30412,1.30421,2.25,1.87
2015.11.25 17:38:22.573,1.30411,1.30418,1.37,1.00
2015.11.25 17:38:22.951,1.30411,1.30418,1.12,1.37
2015.11.25 17:38:23.205,1.30408,1.30416,2.62,1.50
2015.11.25 17:38:24.429,1.30412,1.3042,1.50,1.37
2015.11.25 17:38:24.739,1.30412,1.3042,1.87,1.37
2015.11.25 17:38:26.202,1.30411,1.3042,1.87,3.75
2015.11.25 17:38:26.709,1.30412,1.30419,1.87,1.12
2015.11.25 17:38:27.460,1.30414,1.30422,1.12,1.87
2015.11.25 17:38:27.621,1.30414,1.30422,1.12,1.87
2015.11.25 17:38:28.146,1.30415,1.30422,1.50,1.37
2015.11.25 17:38:29.789,1.30414,1.30423,1.87,3.37
2015.11.25 17:38:29.992,1.30413,1.30421,1.50,2.25
2015.11.25 17:38:30.463,1.30413,1.30414,1.00,1.00
2015.11.25 17:38:30.814,1.30407,1.30414,1.50,1.00
2015.11.25 17:38:31.918,1.30409,1.30418,2.25,2.25
2015.11.25 17:38:31.969,1.3041,1.30419,2.62,1.00
2015.11.25 17:38:32.474,1.30411,1.3042,1.37,1.87
2015.11.25 17:38:34.424,1.3041,1.30419,1.87,5.25
2015.11.25 17:38:34.829,1.30406,1.30415,2.62,1.37
2015.11.25 17:38:35.340,1.30405,1.30413,2.25,1.50
2015.11.25 17:38:37.568,1.30407,1.30413,1.87,1.50
2015.11.25 17:38:39.676,1.3041,1.30414,1.37,1.00
2015.11.25 17:38:39.727,1.3041,1.30418,1.37,4.50
2015.11.25 17:38:40.082,1.3041,1.30414,1.87,1.37
2015.11.25 17:38:40.133,1.30409,1.30414,1.87,1.50
2015.11.25 17:38:40.235,1.30405,1.30411,1.50,1.87
2015.11.25 17:38:40.912,1.30395,1.30404,4.12,1.87
2015.11.25 17:38:41.418,1.30396,1.30404,1.87,3.37
2015.11.25 17:38:42.286,1.30395,1.30403,3.37,1.50
2015.11.25 17:38:44.296,1.30395,1.30404,1.87,1.87
2015.11.25 17:38:44.347,1.30395,1.304,1.37,1.00
2015.11.25 17:38:44.549,1.30393,1.30397,1.87,1.00
2015.11.25 17:38:44.651,1.30392,1.30396,1.87,1.12
2015.11.25 17:38:44.752,1.30387,1.30394,2.25,1.00
2015.11.25 17:38:45.294,1.30385,1.30391,1.50,1.50
2015.11.25 17:38:45.410,1.30383,1.3039,3.00,3.00
2015.11.25 17:38:45.534,1.30383,1.30387,2.62,1.50
2015.11.25 17:38:46.496,1.30381,1.30388,1.87,1.87
2015.11.25 17:38:47.614,1.30382,1.3039,1.87,1.87
2015.11.25 17:38:48.749,1.30383,1.3039,1.87,1.00
2015.11.25 17:38:49.407,1.30383,1.30391,1.87,1.50
2015.11.25 17:38:53.702,1.30383,1.30391,1.87,1.87
2015.11.25 17:38:54.368,1.30383,1.3039,1.87,1.50
2015.11.25 17:38:54.893,1.30382,1.30389,1.87,2.62
2015.11.25 17:38:55.468,1.30382,1.30388,1.87,1.00
2015.11.25 17:38:56.121,1.30382,1.30388,1.87,3.00
2015.11.25 17:38:56.172,1.30382,1.30388,1.87,2.62
2015.11.25 17:38:57.032,1.3038,1.30389,2.25,2.25
2015.11.25 17:38:57.990,1.30379,1.30388,2.25,1.00
2015.11.25 17:38:58.041,1.30379,1.30388,2.25,1.37
2015.11.25 17:38:58.394,1.30377,1.30386,2.25,1.12
2015.11.25 17:39:01.146,1.30378,1.30387,1.87,1.87
2015.11.25 17:39:01.653,1.3038,1.30389,2.62,3.00
2015.11.25 17:39:02.255,1.30381,1.3039,4.12,1.50
2015.11.25 17:39:02.509,1.30387,1.30394,1.37,1.00
2015.11.25 17:39:02.560,1.30388,1.30393,1.12,1.37
2015.11.25 17:39:02.813,1.30382,1.30391,1.87,2.25
2015.11.25 17:39:03.360,1.30381,1.30389,1.50,1.12
2015.11.25 17:39:04.169,1.30381,1.30388,1.37,1.00
2015.11.25 17:39:04.810,1.30381,1.30388,1.37,1.00
2015.11.25 17:39:05.317,1.30379,1.30388,3.75,3.37
2015.11.25 17:39:05.476,1.30379,1.30389,3.75,1.00
2015.11.25 17:39:06.486,1.3038,1.3039,1.37,3.75
2015.11.25 17:39:07.059,1.30382,1.3039,1.37,2.25
2015.11.25 17:39:07.862,1.30382,1.3039,1.87,3.75
2015.11.25 17:39:08.407,1.30382,1.3039,1.87,1.50
2015.11.25 17:39:09.532,1.30383,1.30391,1.37,1.50
2015.11.25 17:39:09.839,1.30385,1.30392,1.50,1.87
2015.11.25 17:39:09.991,1.30386,1.30394,1.37,1.12
2015.11.25 17:39:10.042,1.30386,1.30394,1.37,2.62
2015.11.25 17:39:10.748,1.30382,1.30389,1.37,1.50
2015.11.25 17:39:11.835,1.30381,1.30389,1.87,1.00
2015.11.25 17:39:13.699,1.30384,1.30388,1.37,1.00
2015.11.25 17:39:14.288,1.30382,1.30387,1.37,1.12
2015.11.25 17:39:14.813,1.30381,1.30387,1.87,1.00
2015.11.25 17:39:14.914,1.30381,1.30389,1.87,1.50
2015.11.25 17:39:15.562,1.3038,1.30387,2.62,1.50
2015.11.25 17:39:15.950,1.30378,1.30385,2.25,1.00
2015.11.25 17:39:16.878,1.30378,1.30382,1.00,1.00
2015.11.25 17:39:17.385,1.30374,1.30383,2.25,1.12
2015.11.25 17:39:22.376,1.30375,1.30383,1.37,1.87
2015.11.25 17:39:23.008,1.30373,1.30382,2.25,2.25
2015.11.25 17:39:28.803,1.30374,1.30381,2.25,1.12
2015.11.25 17:39:28.955,1.30373,1.3038,1.75,1.12
2015.11.25 17:39:29.208,1.30375,1.30381,1.37,1.12
2015.11.25 17:39:30.324,1.30374,1.30383,2.62,4.87
2015.11.25 17:39:33.822,1.30375,1.30381,1.37,1.87
2015.11.25 17:39:33.923,1.30372,1.3038,2.25,1.00
2015.11.25 17:39:34.378,1.30372,1.30381,1.50,2.62
2015.11.25 17:39:34.825,1.30374,1.30381,1.87,1.00
2015.11.25 17:39:34.876,1.30375,1.30383,1.75,1.87
2015.11.25 17:39:34.927,1.30376,1.30384,4.12,1.00
2015.11.25 17:39:35.465,1.30377,1.30383,2.25,1.00
2015.11.25 17:39:36.188,1.30377,1.30382,1.50,1.00
2015.11.25 17:39:36.239,1.30376,1.30382,3.00,1.00
2015.11.25 17:39:36.749,1.30375,1.30382,2.25,1.00
2015.11.25 17:39:37.249,1.30375,1.3038,1.87,1.00
2015.11.25 17:39:38.298,1.30372,1.30377,3.00,1.00
2015.11.25 17:39:38.350,1.30371,1.30381,3.00,1.12
2015.11.25 17:39:44.708,1.30371,1.3038,3.00,1.00
2015.11.25 17:39:47.656,1.30372,1.30381,1.87,2.25
2015.11.25 17:39:49.009,1.30372,1.3038,1.37,1.00
2015.11.25 17:39:49.591,1.30373,1.30382,1.37,4.50
2015.11.25 17:39:49.642,1.30373,1.30382,1.37,4.50
2015.11.25 17:39:50.476,1.30373,1.3038,1.37,1.00
2015.11.25 17:39:54.366,1.30373,1.3038,1.37,1.12
2015.11.25 17:39:55.907,1.30373,1.30377,1.37,1.00
2015.11.25 17:39:56.218,1.30365,1.30371,1.37,1.00
2015.11.25 17:39:56.725,1.30364,1.30371,1.50,1.00
2015.11.25 17:39:57.297,1.30365,1.3037,1.37,1.00
2015.11.25 17:39:57.348,1.30366,1.30372,1.37,1.50
2015.11.25 17:39:58.858,1.30365,1.30372,1.87,1.00
2015.11.25 17:40:04.336,1.30371,1.30377,1.87,3.30
2015.11.25 17:40:04.392,1.30371,1.3038,2.62,1.50
2015.11.25 17:40:04.905,1.30371,1.3038,2.62,1.87
2015.11.25 17:40:06.050,1.30371,1.30379,1.87,1.00
2015.11.25 17:40:06.153,1.30371,1.30379,1.37,1.37
2015.11.25 17:40:06.306,1.30371,1.30375,1.37,1.00
2015.11.25 17:40:06.790,1.30368,1.30374,1.37,1.00
2015.11.25 17:40:07.333,1.30367,1.30374,2.25,1.00
2015.11.25 17:40:07.843,1.30369,1.30374,1.87,1.00
2015.11.25 17:40:17.604,1.3037,1.30373,1.37,1.00
2015.11.25 17:40:20.564,1.3037,1.30375,1.87,1.00
2015.11.25 17:40:22.566,1.3037,1.30374,1.37,1.00
2015.11.25 17:40:23.873,1.30368,1.30375,3.00,1.00
2015.11.25 17:40:24.408,1.3037,1.30377,1.50,1.00
2015.11.25 17:40:25.551,1.3037,1.30376,1.50,1.00
2015.11.25 17:40:25.855,1.3037,1.30377,1.50,1.00
2015.11.25 17:40:26.386,1.30371,1.30377,2.62,1.00
2015.11.25 17:40:27.390,1.30371,1.30376,2.25,1.00
2015.11.25 17:40:27.592,1.3037,1.30376,5.62,1.00
2015.11.25 17:40:27.952,1.3037,1.30378,2.25,1.87
2015.11.25 17:40:34.726,1.3037,1.30379,3.00,2.25
2015.11.25 17:40:35.527,1.3037,1.30376,2.25,1.37
2015.11.25 17:40:35.628,1.30367,1.30372,2.25,1.37
2015.11.25 17:40:38.466,1.30365,1.30373,3.75,1.37
2015.11.25 17:40:38.618,1.30365,1.30373,2.25,1.37
2015.11.25 17:40:40.154,1.30365,1.30373,1.12,2.62
2015.11.25 17:40:40.666,1.30362,1.30369,1.50,1.37
2015.11.25 17:40:52.214,1.30362,1.30369,1.75,1.37
2015.11.25 17:40:52.265,1.30366,1.3037,1.12,1.87
2015.11.25 17:40:52.367,1.3037,1.30372,1.37,1.00
2015.11.25 17:40:52.418,1.3037,1.30374,1.37,1.50
2015.11.25 17:40:52.469,1.3037,1.30374,2.62,1.00
2015.11.25 17:40:52.519,1.3037,1.30377,4.12,1.00
2015.11.25 17:40:52.671,1.3037,1.30379,1.87,1.87
2015.11.25 17:40:53.726,1.3037,1.30372,1.00,1.37
2015.11.25 17:40:53.777,1.30365,1.30372,1.37,1.37
2015.11.25 17:40:55.861,1.30365,1.30371,1.37,1.00
2015.11.25 17:40:57.191,1.30365,1.30371,1.87,1.37
2015.11.25 17:40:58.691,1.30367,1.30372,1.37,1.00
2015.11.25 17:40:58.742,1.30367,1.30374,1.37,1.00
2015.11.25 17:40:58.845,1.30367,1.30374,1.50,1.37
2015.11.25 17:40:58.948,1.30365,1.3037,1.87,1.37
2015.11.25 17:40:59.391,1.30364,1.3037,1.37,1.00
2015.11.25 17:40:59.687,1.30365,1.30374,1.37,4.50
2015.11.25 17:41:00.578,1.30365,1.30374,4.87,1.87
2015.11.25 17:41:00.680,1.30369,1.30375,1.50,1.37
2015.11.25 17:41:01.207,1.30366,1.30374,4.50,1.00
2015.11.25 17:41:02.040,1.30366,1.30374,2.25,1.12
2015.11.25 17:41:02.740,1.30366,1.30374,2.25,1.00
2015.11.25 17:41:04.713,1.30365,1.30374,5.25,2.62
2015.11.25 17:41:09.406,1.30364,1.30373,6.75,1.12
2015.11.25 17:41:09.710,1.30365,1.30369,1.37,1.00
2015.11.25 17:41:13.667,1.30365,1.30369,1.87,1.00
2015.11.25 17:41:14.486,1.30364,1.3037,4.12,1.00
2015.11.25 17:41:16.223,1.30371,1.30374,1.50,1.50
2015.11.25 17:41:16.383,1.30371,1.3038,2.62,1.87
2015.11.25 17:41:16.888,1.30371,1.30377,1.37,1.12
2015.11.25 17:41:19.740,1.3037,1.30377,1.87,1.37
2015.11.25 17:41:20.237,1.30362,1.30366,3.37,1.00
2015.11.25 17:41:21.705,1.30361,1.30366,1.50,1.00
2015.11.25 17:41:21.807,1.30364,1.30368,1.00,1.00
2015.11.25 17:41:22.593,1.30365,1.3037,1.00,1.37
2015.11.25 17:41:23.096,1.30364,1.3037,1.00,1.37
2015.11.25 17:41:25.704,1.30364,1.30367,1.00,1.00
2015.11.25 17:41:26.354,1.30362,1.30369,2.25,1.37
2015.11.25 17:41:26.910,1.3036,1.30368,1.50,1.00
2015.11.25 17:41:27.414,1.30363,1.3037,1.00,1.87
2015.11.25 17:41:28.122,1.30363,1.30368,1.00,1.00
2015.11.25 17:41:29.306,1.30362,1.30368,3.00,1.37
2015.11.25 17:41:30.329,1.30354,1.30357,5.24,1.50
2015.11.25 17:41:30.464,1.30347,1.30352,1.87,1.12
2015.11.25 17:41:31.101,1.30344,1.30352,2.25,1.50
2015.11.25 17:41:31.155,1.30344,1.30352,3.00,1.00
2015.11.25 17:41:31.909,1.30349,1.30353,1.37,1.50
2015.11.25 17:41:32.214,1.30351,1.30358,1.37,1.87
2015.11.25 17:41:32.569,1.30353,1.3036,1.87,2.25
2015.11.25 17:41:35.086,1.30353,1.30359,1.87,1.12
2015.11.25 17:41:35.390,1.30355,1.30362,2.62,1.00
2015.11.25 17:41:35.910,1.30355,1.30363,2.62,2.25
2015.11.25 17:41:42.270,1.30356,1.30362,2.25,1.12
2015.11.25 17:41:42.423,1.3036,1.30365,1.87,2.14
2015.11.25 17:41:42.625,1.3036,1.30366,1.50,1.87
2015.11.25 17:41:42.727,1.3036,1.30363,1.00,1.37
2015.11.25 17:41:42.778,1.30357,1.30362,1.12,1.37
2015.11.25 17:41:44.133,1.30356,1.30362,1.87,1.00
2015.11.25 17:41:44.642,1.30356,1.30365,1.87,2.25
2015.11.25 17:41:45.798,1.30356,1.30365,1.87,2.25
2015.11.25 17:41:46.711,1.30356,1.30363,1.87,1.00
2015.11.25 17:41:47.285,1.30356,1.30364,1.37,1.12
2015.11.25 17:41:47.804,1.30357,1.30364,1.87,1.37
2015.11.25 17:41:48.007,1.30355,1.30364,3.00,3.00
2015.11.25 17:41:48.550,1.30355,1.30362,1.87,1.00
2015.11.25 17:41:49.099,1.30353,1.30361,2.62,1.00
2015.11.25 17:41:49.621,1.30353,1.30361,4.87,3.00
2015.11.25 17:41:49.673,1.30353,1.3036,2.25,3.75
2015.11.25 17:41:49.774,1.30353,1.30357,1.50,3.00
2015.11.25 17:41:50.486,1.30348,1.30356,1.37,1.37
2015.11.25 17:41:50.788,1.30345,1.30352,2.62,1.00
2015.11.25 17:41:51.537,1.30346,1.30352,1.87,1.12
2015.11.25 17:41:52.042,1.30346,1.30351,1.87,1.00
2015.11.25 17:41:52.396,1.30345,1.30352,2.62,1.00
2015.11.25 17:41:52.548,1.30349,1.30354,1.37,1.12
2015.11.25 17:41:53.066,1.30351,1.30354,1.87,1.00
2015.11.25 17:41:54.677,1.30367,1.30369,1.12,1.00
2015.11.25 17:41:54.729,1.30365,1.30372,3.37,1.12
2015.11.25 17:41:56.077,1.30365,1.3037,2.25,1.00
2015.11.25 17:42:01.509,1.30365,1.3037,3.00,1.00
2015.11.25 17:42:03.990,1.30365,1.30372,3.00,1.37
2015.11.25 17:42:04.496,1.30365,1.30373,1.87,1.87
2015.11.25 17:42:05.091,1.30367,1.30373,1.87,1.37
2015.11.25 17:42:05.394,1.30364,1.3037,2.25,1.37
2015.11.25 17:42:06.822,1.30363,1.3037,2.62,1.00
2015.11.25 17:42:10.631,1.30364,1.30371,1.12,1.00
2015.11.25 17:42:11.180,1.30365,1.30371,1.50,1.87
2015.11.25 17:42:12.780,1.30365,1.3037,2.25,1.50
2015.11.25 17:42:16.294,1.30363,1.30369,4.87,1.00
2015.11.25 17:42:16.699,1.30363,1.30371,4.87,1.87
2015.11.25 17:42:20.996,1.30363,1.30371,2.62,1.50
2015.11.25 17:42:23.740,1.30363,1.3037,4.87,1.50
2015.11.25 17:42:37.389,1.30364,1.30372,3.00,1.87
2015.11.25 17:42:39.265,1.30364,1.3037,3.75,1.50
2015.11.25 17:42:39.367,1.30365,1.30369,1.00,1.12
2015.11.25 17:42:39.519,1.30364,1.30367,1.37,1.00
2015.11.25 17:42:40.068,1.30359,1.30364,1.87,1.00
2015.11.25 17:42:40.119,1.30359,1.30364,1.00,1.00
2015.11.25 17:42:42.062,1.30358,1.30365,1.37,2.25
2015.11.25 17:42:42.454,1.30358,1.30365,1.37,2.62
2015.11.25 17:42:44.670,1.30358,1.30365,1.50,2.62
2015.11.25 17:42:45.181,1.30358,1.30365,1.50,2.62
2015.11.25 17:42:53.112,1.30358,1.30365,1.75,1.87
2015.11.25 17:42:53.870,1.30359,1.30367,3.75,2.25
2015.11.25 17:42:55.286,1.30362,1.30369,1.50,1.37
2015.11.25 17:42:55.338,1.30359,1.30367,1.87,1.87
2015.11.25 17:42:55.642,1.30363,1.30371,3.00,1.87
2015.11.25 17:42:55.946,1.30363,1.30372,3.00,2.25
2015.11.25 17:42:56.638,1.30363,1.30372,4.87,1.12
2015.11.25 17:43:02.269,1.30364,1.30372,1.87,1.87
2015.11.25 17:43:03.082,1.30364,1.30372,2.25,1.12
2015.11.25 17:43:04.878,1.30364,1.30372,2.25,1.37
2015.11.25 17:43:06.751,1.30365,1.30371,3.37,1.00
2015.11.25 17:43:09.991,1.30365,1.30372,1.75,1.00
2015.11.25 17:43:12.610,1.30366,1.30373,1.37,1.87
2015.11.25 17:43:13.368,1.30366,1.30372,1.37,1.50
2015.11.25 17:43:14.410,1.30365,1.30373,3.75,1.87
2015.11.25 17:43:14.927,1.30365,1.30372,3.75,1.00
2015.11.25 17:43:16.241,1.30365,1.30371,3.75,1.00
2015.11.25 17:43:19.128,1.30366,1.30372,1.50,1.00
2015.11.25 17:43:20.155,1.30366,1.30372,1.37,1.00
2015.11.25 17:43:23.855,1.30365,1.30372,3.37,2.62
2015.11.25 17:43:26.453,1.30365,1.30372,3.75,2.25
2015.11.25 17:43:32.628,1.30365,1.30372,4.87,1.00
2015.11.25 17:43:46.485,1.30365,1.30369,1.12,1.12
2015.11.25 17:43:46.586,1.30362,1.30367,1.12,1.00
2015.11.25 17:43:47.490,1.30361,1.30368,1.50,2.62
2015.11.25 17:43:49.453,1.30359,1.30366,1.12,1.00
2015.11.25 17:43:50.703,1.30359,1.30364,1.87,1.00
2015.11.25 17:43:51.778,1.30359,1.30366,1.12,1.87
2015.11.25 17:43:52.431,1.30358,1.30365,3.00,1.00
2015.11.25 17:43:52.943,1.30359,1.30366,1.12,1.87
2015.11.25 17:43:53.683,1.30359,1.30365,1.12,1.00
2015.11.25 17:43:55.096,1.30359,1.30366,1.12,1.87
2015.11.25 17:43:55.679,1.30359,1.30365,1.12,1.00
2015.11.25 17:43:56.890,1.30358,1.30366,3.00,1.87
2015.11.25 17:43:57.561,1.30359,1.30365,1.12,1.00
2015.11.25 17:43:58.205,1.30359,1.30366,1.12,1.87
2015.11.25 17:43:59.283,1.30359,1.30365,1.12,1.00
2015.11.25 17:43:59.764,1.3036,1.30365,1.75,1.00
2015.11.25 17:44:00.281,1.30362,1.30366,1.37,1.00
2015.11.25 17:44:01.957,1.30362,1.30367,1.87,1.00
2015.11.25 17:44:02.009,1.30362,1.30367,3.00,1.00
2015.11.25 17:44:03.105,1.30363,1.30364,1.00,1.00
2015.11.25 17:44:03.156,1.30361,1.30364,1.50,1.00
2015.11.25 17:44:03.207,1.30359,1.30364,1.00,1.37
2015.11.25 17:44:03.309,1.30356,1.30363,1.12,1.37
2015.11.25 17:44:04.055,1.30355,1.30361,1.12,1.87
2015.11.25 17:44:04.313,1.30355,1.30359,1.50,1.00
2015.11.25 17:44:04.617,1.30352,1.30357,1.75,2.62
2015.11.25 17:44:05.141,1.30349,1.30355,1.87,1.12
2015.11.25 17:44:05.645,1.30349,1.30357,3.00,2.25
2015.11.25 17:44:06.882,1.30352,1.30358,1.00,1.87
2015.11.25 17:44:09.801,1.30352,1.30357,1.00,1.00
2015.11.25 17:44:10.004,1.3035,1.30357,1.12,1.87
2015.11.25 17:44:10.576,1.3035,1.30357,1.87,1.12
2015.11.25 17:44:11.661,1.30354,1.30359,3.37,1.00
2015.11.25 17:44:11.712,1.30355,1.30362,3.00,1.37
2015.11.25 17:44:14.085,1.30356,1.30362,1.37,1.00
2015.11.25 17:44:14.683,1.30356,1.30363,1.37,1.50
2015.11.25 17:44:24.382,1.30355,1.30363,1.37,1.00
2015.11.25 17:44:24.917,1.30355,1.30363,3.00,1.12
2015.11.25 17:44:25.313,1.30355,1.30363,3.00,1.37
2015.11.25 17:44:26.336,1.30354,1.30362,3.37,2.62
2015.11.25 17:44:26.859,1.30354,1.30362,3.37,1.87
2015.11.25 17:44:28.583,1.30354,1.30362,1.87,1.37
2015.11.25 17:44:29.091,1.30354,1.30361,1.87,2.62
2015.11.25 17:44:29.395,1.3035,1.30357,1.87,1.37
2015.11.25 17:44:29.773,1.30352,1.30358,1.00,1.12
2015.11.25 17:44:30.212,1.30354,1.30361,3.37,3.37
2015.11.25 17:44:30.717,1.30355,1.30362,1.00,2.62
2015.11.25 17:44:32.842,1.30353,1.30357,4.12,1.50
2015.11.25 17:44:35.508,1.30351,1.30357,4.87,1.87
2015.11.25 17:44:38.425,1.30354,1.30357,2.25,1.00
2015.11.25 17:44:38.605,1.30355,1.30359,1.87,2.25
2015.11.25 17:44:39.347,1.30353,1.30359,1.87,2.25
2015.11.25 17:44:39.398,1.30353,1.30358,1.50,1.87
2015.11.25 17:44:39.919,1.30351,1.30358,1.50,2.62
2015.11.25 17:44:41.822,1.30351,1.30358,3.00,2.62
2015.11.25 17:44:42.125,1.30351,1.30359,4.50,3.75
2015.11.25 17:44:44.219,1.30352,1.30358,2.25,1.87
2015.11.25 17:44:45.052,1.30354,1.30359,2.62,1.50
2015.11.25 17:44:45.587,1.30356,1.3036,1.00,1.87
2015.11.25 17:44:45.891,1.30355,1.30359,2.25,1.50
2015.11.25 17:44:46.465,1.30355,1.30361,2.25,1.37
2015.11.25 17:44:46.874,1.30356,1.30362,1.37,1.00
2015.11.25 17:44:47.379,1.30356,1.30364,1.37,1.37
2015.11.25 17:44:48.662,1.30354,1.30358,1.00,1.12
2015.11.25 17:44:48.764,1.30352,1.30358,1.12,1.12
2015.11.25 17:44:49.271,1.30353,1.30359,1.37,1.00
2015.11.25 17:44:49.777,1.30355,1.30361,1.12,1.87
2015.11.25 17:44:53.177,1.30355,1.30361,1.50,1.37
2015.11.25 17:44:58.731,1.30354,1.30362,1.50,1.37
2015.11.25 17:44:59.402,1.30354,1.30361,1.75,1.37
2015.11.25 17:45:00.166,1.30354,1.30361,1.50,1.37
2015.11.25 17:45:11.282,1.30354,1.3036,2.25,1.37
2015.11.25 17:45:14.817,1.30355,1.3036,1.00,1.37
2015.11.25 17:45:15.860,1.30354,1.3036,1.12,1.37
2015.11.25 17:45:17.471,1.30354,1.30362,2.40,2.62
2015.11.25 17:45:18.091,1.30354,1.30362,1.75,4.12
2015.11.25 17:45:18.397,1.30352,1.30359,1.50,1.37
2015.11.25 17:45:18.549,1.30351,1.30356,1.50,1.37
2015.11.25 17:45:19.062,1.3035,1.30356,1.00,1.37
2015.11.25 17:45:19.570,1.30349,1.30357,1.37,2.62
2015.11.25 17:45:19.876,1.3035,1.30358,2.25,1.87
2015.11.25 17:45:20.903,1.30349,1.30355,2.25,1.00
2015.11.25 17:45:21.410,1.3035,1.30356,1.37,1.12
2015.11.25 17:45:21.946,1.3035,1.30356,1.12,1.37
2015.11.25 17:45:27.350,1.30349,1.30356,3.00,1.12
2015.11.25 17:45:30.974,1.30349,1.30356,1.12,1.87
2015.11.25 17:45:31.481,1.3035,1.30356,1.00,1.37
2015.11.25 17:45:32.873,1.3035,1.30353,1.00,1.00
2015.11.25 17:45:33.985,1.30347,1.30355,4.87,1.87
2015.11.25 17:45:34.492,1.3035,1.30356,3.00,1.12
2015.11.25 17:45:35.114,1.30354,1.30357,1.00,1.87
2015.11.25 17:45:35.167,1.30354,1.30361,1.87,1.37
2015.11.25 17:45:38.978,1.30353,1.3036,1.12,1.37
2015.11.25 17:45:39.231,1.3035,1.30358,1.87,3.75
2015.11.25 17:45:39.534,1.30347,1.30352,3.37,1.50
2015.11.25 17:45:40.005,1.30347,1.30353,2.62,1.87
2015.11.25 17:45:40.512,1.30347,1.30355,2.25,3.37
2015.11.25 17:45:42.424,1.30347,1.30354,1.87,1.37
2015.11.25 17:45:43.549,1.30345,1.30352,1.37,2.62
2015.11.25 17:45:44.257,1.30345,1.30352,1.37,1.00
2015.11.25 17:45:45.345,1.30347,1.30354,1.37,1.12
2015.11.25 17:45:46.031,1.30348,1.30355,1.37,1.50
2015.11.25 17:45:46.385,1.30349,1.30355,3.00,1.00
2015.11.25 17:45:46.824,1.30353,1.30356,1.87,1.00
2015.11.25 17:45:46.877,1.30353,1.3036,1.87,1.37
2015.11.25 17:45:47.401,1.30353,1.3036,2.25,1.00
2015.11.25 17:45:47.553,1.30354,1.30362,1.37,1.75
2015.11.25 17:45:47.857,1.30356,1.30362,2.25,1.00
2015.11.25 17:45:48.541,1.30356,1.30363,2.25,1.00
2015.11.25 17:45:49.077,1.30356,1.30365,2.62,3.75
2015.11.25 17:45:49.688,1.30356,1.30365,2.25,2.62
2015.11.25 17:45:51.973,1.30357,1.30362,1.50,1.00
2015.11.25 17:45:53.550,1.30357,1.30364,1.37,1.37
2015.11.25 17:45:54.303,1.30357,1.30366,2.25,2.25
2015.11.25 17:45:57.480,1.30359,1.30366,1.37,2.25
2015.11.25 17:46:01.349,1.30362,1.30365,1.87,1.00
2015.11.25 17:46:03.737,1.30362,1.30365,1.87,1.50
2015.11.25 17:46:04.015,1.3036,1.30364,1.00,1.12
2015.11.25 17:46:04.066,1.3036,1.30362,1.00,1.00
2015.11.25 17:46:04.370,1.30355,1.3036,2.25,1.00
2015.11.25 17:46:05.221,1.30354,1.30361,3.37,1.50
2015.11.25 17:46:05.791,1.30355,1.3036,1.37,1.00
2015.11.25 17:46:07.699,1.30355,1.3036,1.37,1.12
2015.11.25 17:46:07.952,1.30352,1.30356,1.50,1.00
2015.11.25 17:46:08.053,1.30351,1.30358,2.25,1.00
2015.11.25 17:46:09.726,1.30352,1.30358,1.50,1.00
2015.11.25 17:46:10.652,1.30351,1.30356,1.87,1.50
2015.11.25 17:46:11.274,1.3035,1.30356,3.37,1.00
2015.11.25 17:46:11.780,1.3035,1.30355,2.25,1.00
2015.11.25 17:46:12.286,1.3035,1.30354,1.50,1.00
2015.11.25 17:46:13.096,1.30349,1.30353,2.25,1.00
2015.11.25 17:46:13.642,1.30349,1.30352,1.87,1.00
2015.11.25 17:46:17.202,1.30348,1.30354,1.50,1.00
2015.11.25 17:46:17.997,1.30348,1.30352,1.50,1.00
2015.11.25 17:46:22.759,1.30347,1.30353,1.75,1.50
2015.11.25 17:46:25.408,1.3035,1.30355,1.87,1.50
2015.11.25 17:46:25.459,1.3035,1.30357,5.25,1.00
2015.11.25 17:46:30.018,1.30352,1.30355,1.37,1.00
2015.11.25 17:46:30.170,1.30349,1.30355,1.87,2.25
2015.11.25 17:46:30.651,1.3035,1.30354,1.00,1.12
2015.11.25 17:46:31.169,1.30347,1.30355,4.12,1.12
2015.11.25 17:46:31.847,1.30347,1.30355,3.11,1.00
2015.11.25 17:46:32.374,1.30348,1.30354,1.37,1.00
2015.11.25 17:46:32.976,1.30348,1.30353,1.37,1.00
2015.11.25 17:46:35.857,1.30348,1.30353,1.37,1.00
2015.11.25 17:46:36.060,1.30348,1.30353,1.37,1.00
2015.11.25 17:46:36.963,1.30345,1.30351,3.00,1.00
2015.11.25 17:46:37.529,1.30346,1.3035,1.37,1.00
2015.11.25 17:46:38.041,1.30345,1.3035,3.75,1.00
2015.11.25 17:46:38.704,1.30345,1.30349,3.75,1.00
2015.11.25 17:46:40.821,1.30343,1.30349,1.50,1.00
2015.11.25 17:46:41.362,1.30343,1.30347,1.50,1.00
2015.11.25 17:46:42.456,1.30343,1.30349,1.37,1.50
2015.11.25 17:46:42.658,1.30343,1.30351,1.86,1.00
2015.11.25 17:46:43.379,1.30344,1.30352,2.36,1.50
2015.11.25 17:46:43.894,1.30345,1.30352,4.05,1.00
2015.11.25 17:46:45.286,1.30345,1.30354,4.05,2.62
2015.11.25 17:46:45.397,1.30346,1.30354,1.87,1.87
2015.11.25 17:46:46.497,1.30349,1.30355,1.37,1.50
2015.11.25 17:46:47.513,1.30349,1.30354,1.87,1.00
2015.11.25 17:46:52.657,1.3035,1.30353,1.00,1.37
2015.11.25 17:46:52.964,1.30344,1.30352,1.50,4.50
2015.11.25 17:46:53.439,1.30346,1.30354,1.37,3.37
2015.11.25 17:46:55.767,1.30346,1.30354,1.37,3.00
2015.11.25 17:46:57.075,1.30346,1.30353,1.12,1.00
2015.11.25 17:46:57.615,1.30346,1.30352,1.12,1.00
2015.11.25 17:47:03.814,1.30345,1.30352,3.75,1.12
2015.11.25 17:47:04.320,1.30346,1.30351,1.12,1.00
2015.11.25 17:47:06.060,1.30346,1.30352,1.12,1.00
2015.11.25 17:47:09.580,1.30346,1.30352,1.12,1.00
2015.11.25 17:47:14.546,1.30346,1.30351,1.12,1.00
2015.11.25 17:47:14.699,1.30345,1.30349,1.50,1.00
2015.11.25 17:47:14.901,1.30342,1.30346,1.50,1.00
2015.11.25 17:47:15.572,1.30342,1.30348,1.87,1.00
2015.11.25 17:47:15.785,1.30342,1.30346,1.37,1.00
2015.11.25 17:47:16.249,1.30341,1.30346,2.25,1.00
2015.11.25 17:47:20.605,1.30341,1.30348,2.25,1.12
2015.11.25 17:47:20.656,1.30341,1.30348,2.25,1.00
2015.11.25 17:47:21.178,1.30342,1.30349,1.50,1.00
2015.11.25 17:47:21.709,1.30343,1.30351,1.87,2.25
2015.11.25 17:47:22.215,1.30343,1.30351,2.25,1.87
2015.11.25 17:47:22.741,1.30343,1.30351,2.25,1.50
2015.11.25 17:47:26.772,1.30344,1.30353,2.25,3.00
2015.11.25 17:47:33.739,1.30344,1.30353,2.25,3.00
2015.11.25 17:47:34.180,1.30344,1.30351,2.25,1.00
2015.11.25 17:47:37.299,1.30345,1.30352,1.75,1.00
2015.11.25 17:47:44.124,1.30346,1.30353,2.25,1.50
2015.11.25 17:47:48.745,1.30346,1.30352,2.25,1.00
2015.11.25 17:47:54.841,1.30342,1.30349,1.12,1.00
2015.11.25 17:47:56.553,1.30343,1.30348,1.37,1.00
2015.11.25 17:47:56.908,1.30341,1.3035,1.12,1.87
2015.11.25 17:47:57.494,1.30341,1.3035,1.12,2.25
2015.11.25 17:47:58.468,1.3034,1.30348,4.12,1.00
2015.11.25 17:47:59.122,1.3034,1.30349,4.12,5.25
2015.11.25 17:48:01.217,1.3034,1.30348,3.75,1.00
2015.11.25 17:48:04.185,1.3034,1.30348,3.00,1.00
2015.11.25 17:48:06.119,1.3034,1.30349,3.00,1.12
2015.11.25 17:48:08.144,1.3034,1.30347,4.12,1.00
2015.11.25 17:48:08.196,1.3034,1.30347,3.00,1.00
2015.11.25 17:48:10.032,1.3034,1.30347,1.37,1.12
2015.11.25 17:48:15.071,1.3034,1.30345,1.37,1.00
2015.11.25 17:48:16.722,1.3034,1.30346,1.37,1.00
2015.11.25 17:48:17.588,1.30338,1.30345,1.87,1.00
2015.11.25 17:48:18.093,1.30338,1.30344,1.87,1.00
2015.11.25 17:48:23.417,1.30338,1.30345,1.75,1.00
2015.11.25 17:48:24.148,1.30344,1.30352,1.87,1.12
2015.11.25 17:48:24.684,1.30344,1.30352,1.87,1.87
2015.11.25 17:48:25.491,1.30344,1.30352,1.87,4.12
2015.11.25 17:48:26.029,1.30344,1.3035,1.87,1.00
2015.11.25 17:48:27.137,1.30344,1.30352,1.87,1.00
2015.11.25 17:48:30.450,1.30344,1.30351,1.87,1.00
2015.11.25 17:48:31.262,1.30344,1.30352,1.87,2.25
2015.11.25 17:48:36.303,1.30344,1.30352,1.37,1.50
2015.11.25 17:48:37.306,1.30344,1.30353,1.87,4.50
2015.11.25 17:48:40.689,1.30344,1.30353,2.25,4.12
2015.11.25 17:48:45.197,1.30344,1.30353,1.87,6.00
2015.11.25 17:49:01.722,1.30344,1.30352,2.25,3.00
2015.11.25 17:49:03.264,1.30343,1.3035,1.87,1.00
2015.11.25 17:49:05.700,1.30343,1.30348,1.87,1.00
2015.11.25 17:49:06.005,1.30338,1.30342,1.37,1.00
2015.11.25 17:49:06.588,1.30336,1.3034,1.37,1.00
2015.11.25 17:49:07.955,1.30335,1.30341,1.87,1.50
2015.11.25 17:49:08.625,1.30335,1.3034,1.87,1.00
2015.11.25 17:49:09.091,1.30335,1.30341,2.25,1.00
2015.11.25 17:49:09.611,1.30336,1.30342,1.87,1.00
2015.11.25 17:49:15.086,1.30339,1.30345,1.37,1.00
2015.11.25 17:49:15.492,1.30338,1.30347,1.87,1.00
2015.11.25 17:49:17.553,1.30339,1.30348,2.25,3.00
2015.11.25 17:49:18.217,1.30339,1.30348,2.62,5.25
2015.11.25 17:49:18.754,1.30339,1.30348,2.62,5.25
2015.11.25 17:49:33.925,1.30343,1.3035,1.37,1.37
2015.11.25 17:49:34.229,1.30342,1.30349,1.87,2.25
2015.11.25 17:49:34.801,1.30341,1.3035,1.87,3.37
2015.11.25 17:49:38.458,1.30342,1.30352,1.50,2.25
2015.11.25 17:49:46.511,1.30345,1.30353,1.37,1.37
2015.11.25 17:49:47.491,1.30347,1.30355,1.87,1.87
2015.11.25 17:49:48.154,1.30345,1.30354,2.62,3.00
2015.11.25 17:49:48.256,1.30343,1.30351,2.62,1.12
2015.11.25 17:49:49.405,1.30343,1.3035,2.25,1.00
2015.11.25 17:49:50.105,1.30343,1.30349,1.50,1.00
2015.11.25 17:49:51.508,1.30342,1.30351,3.75,1.12
2015.11.25 17:49:58.787,1.30343,1.30352,3.00,1.37
2015.11.25 17:50:01.204,1.30345,1.30353,1.37,1.50
2015.11.25 17:50:01.745,1.30345,1.30352,1.37,2.25
2015.11.25 17:50:02.914,1.30347,1.30354,1.12,3.00
2015.11.25 17:50:03.016,1.30347,1.30354,1.37,1.50
2015.11.25 17:50:04.209,1.30347,1.30352,1.37,1.00
2015.11.25 17:50:04.601,1.30347,1.30354,1.37,1.50
2015.11.25 17:50:05.257,1.30347,1.30353,1.37,1.12
2015.11.25 17:50:06.170,1.30345,1.30352,1.87,1.00
2015.11.25 17:50:08.051,1.30344,1.30352,1.37,1.37
2015.11.25 17:50:17.312,1.30345,1.30354,1.50,1.37
2015.11.25 17:50:17.916,1.30347,1.30354,1.37,1.00
2015.11.25 17:50:25.640,1.30346,1.30354,1.87,3.00
2015.11.25 17:50:28.755,1.30346,1.30354,1.87,1.00
2015.11.25 17:50:29.399,1.30346,1.30354,1.87,3.00
2015.11.25 17:50:31.113,1.30346,1.30356,1.87,4.12
2015.11.25 17:50:34.104,1.30346,1.30355,1.37,1.37
2015.11.25 17:50:35.164,1.30345,1.30348,1.37,1.00
2015.11.25 17:50:35.280,1.30345,1.3035,1.00,2.25
2015.11.25 17:50:35.490,1.30343,1.30347,1.50,1.12
2015.11.25 17:50:39.714,1.3034,1.30347,3.00,1.00
2015.11.25 17:50:51.376,1.3034,1.30347,2.62,1.50
2015.11.25 17:50:54.888,1.30339,1.30347,4.87,1.00
2015.11.25 17:50:55.597,1.3034,1.30347,1.87,1.12
2015.11.25 17:51:04.828,1.3034,1.30347,2.62,1.12
2015.11.25 17:51:15.914,1.3034,1.30347,1.87,1.00
2015.11.25 17:51:19.562,1.3034,1.30348,1.12,3.00
2015.11.25 17:51:20.085,1.30339,1.30347,3.37,2.25
2015.11.25 17:51:20.533,1.30339,1.30345,1.00,1.12
2015.11.25 17:51:29.021,1.30339,1.30346,1.37,2.62
2015.11.25 17:51:29.333,1.30338,1.30346,1.50,1.87
2015.11.25 17:51:29.689,1.30337,1.30346,3.75,2.25
2015.11.25 17:51:29.993,1.30335,1.30341,2.62,1.00
2015.11.25 17:51:30.529,1.30335,1.30341,2.62,1.12
2015.11.25 17:51:31.058,1.30333,1.3034,2.62,1.00
2015.11.25 17:51:31.602,1.30333,1.30341,4.50,1.12
2015.11.25 17:51:33.727,1.30334,1.30343,1.37,1.50
2015.11.25 17:51:33.975,1.30335,1.30342,1.37,1.00
2015.11.25 17:51:34.522,1.30335,1.30342,1.37,1.37
2015.11.25 17:51:35.415,1.30335,1.30342,1.37,1.00
2015.11.25 17:51:36.798,1.30333,1.30342,3.37,1.37
2015.11.25 17:51:42.343,1.30336,1.30341,1.00,1.00
2015.11.25 17:51:44.056,1.30333,1.30341,4.87,1.00
2015.11.25 17:51:44.648,1.30335,1.30341,1.50,1.00
2015.11.25 17:51:45.847,1.30335,1.30341,1.50,1.12
2015.11.25 17:51:46.366,1.30333,1.30341,4.87,1.00
2015.11.25 17:51:46.875,1.30333,1.30341,4.87,1.12
2015.11.25 17:51:47.711,1.30333,1.30338,4.12,1.00
2015.11.25 17:51:48.015,1.30329,1.30335,3.00,1.00
2015.11.25 17:51:48.167,1.30328,1.30335,2.25,1.00
2015.11.25 17:51:49.695,1.3033,1.30335,3.00,1.00
2015.11.25 17:51:53.125,1.30328,1.30336,4.12,1.87
2015.11.25 17:51:53.227,1.30326,1.30335,5.25,3.00
2015.11.25 17:51:53.532,1.30324,1.30331,1.37,1.87
2015.11.25 17:51:54.543,1.30324,1.30331,1.00,1.37
2015.11.25 17:51:55.211,1.30322,1.30331,1.87,1.37
2015.11.25 17:51:58.281,1.30323,1.30331,1.37,1.50
2015.11.25 17:51:59.723,1.30322,1.3033,1.12,2.62
2015.11.25 17:52:00.748,1.30323,1.3033,2.62,1.00
2015.11.25 17:52:00.970,1.30324,1.30332,1.75,1.50
2015.11.25 17:52:01.273,1.30332,1.30337,1.00,1.12
2015.11.25 17:52:01.902,1.30332,1.3034,1.00,1.37
2015.11.25 17:52:03.519,1.30332,1.3034,1.87,1.50
2015.11.25 17:52:04.297,1.30332,1.3034,1.37,2.25
2015.11.25 17:52:06.297,1.30332,1.3034,1.37,2.25
2015.11.25 17:52:07.407,1.30333,1.30342,1.37,1.50
2015.11.25 17:52:07.913,1.3033,1.3034,5.93,1.87
2015.11.25 17:52:08.915,1.30331,1.30341,4.50,1.50
2015.11.25 17:52:09.490,1.30331,1.3034,4.12,1.37
2015.11.25 17:52:10.294,1.30329,1.30337,2.62,1.37
2015.11.25 17:52:10.802,1.30329,1.30337,1.87,1.37
2015.11.25 17:52:11.676,1.3033,1.30339,2.25,2.25
2015.11.25 17:52:11.979,1.3033,1.30339,2.25,2.25
2015.11.25 17:52:13.803,1.30329,1.30338,1.87,2.25
2015.11.25 17:52:14.113,1.30328,1.30335,1.12,1.87
2015.11.25 17:52:16.307,1.30325,1.30334,4.50,1.87
2015.11.25 17:52:16.962,1.30325,1.30334,5.25,1.87
2015.11.25 17:52:17.267,1.30325,1.30332,1.37,1.37
2015.11.25 17:52:20.605,1.30326,1.30333,1.00,1.87
2015.11.25 17:52:20.922,1.30324,1.30332,3.37,1.87
2015.11.25 17:52:21.763,1.30325,1.30332,3.00,1.00
2015.11.25 17:52:22.279,1.30325,1.30333,3.37,1.87
2015.11.25 17:52:24.315,1.30324,1.30333,3.00,1.87
2015.11.25 17:52:25.918,1.30325,1.30333,1.75,1.50
2015.11.25 17:52:28.948,1.30327,1.30334,1.12,1.00
2015.11.25 17:52:29.401,1.30327,1.30336,1.87,1.87
2015.11.25 17:52:30.630,1.30326,1.30335,5.62,1.37
2015.11.25 17:52:31.944,1.30325,1.30333,4.50,1.00
2015.11.25 17:52:33.286,1.30324,1.30332,2.25,1.00
2015.11.25 17:52:33.836,1.30324,1.30332,3.00,1.37
2015.11.25 17:52:35.321,1.30323,1.30332,6.00,1.50
2015.11.25 17:52:35.568,1.30324,1.30331,1.87,1.87
2015.11.25 17:52:39.825,1.30321,1.30328,1.87,1.12
2015.11.25 17:52:40.327,1.30323,1.30328,1.50,1.00
2015.11.25 17:52:41.534,1.30324,1.30328,1.87,1.50
2015.11.25 17:52:41.612,1.30324,1.30331,1.87,1.00
2015.11.25 17:52:42.157,1.30324,1.3033,1.87,1.37
2015.11.25 17:52:42.840,1.30323,1.30332,3.75,2.62
2015.11.25 17:52:43.549,1.30324,1.30331,1.87,1.00
2015.11.25 17:52:44.266,1.30324,1.3033,1.87,1.00
2015.11.25 17:52:44.470,1.30324,1.30332,1.87,3.37
2015.11.25 17:52:44.824,1.30324,1.30333,1.37,3.00
2015.11.25 17:52:46.294,1.30325,1.30332,1.00,1.50
2015.11.25 17:52:47.147,1.30324,1.30333,2.25,4.12
2015.11.25 17:52:48.624,1.30323,1.30331,4.50,1.87
2015.11.25 17:52:51.596,1.30324,1.30334,3.00,1.87
2015.11.25 17:52:51.748,1.30326,1.30335,5.25,1.87
2015.11.25 17:52:52.559,1.30328,1.30335,1.37,1.87
2015.11.25 17:52:53.137,1.30328,1.30334,1.00,1.37
2015.11.25 17:52:53.645,1.30327,1.30332,1.12,1.00
2015.11.25 17:52:54.750,1.30315,1.30317,2.25,1.37
2015.11.25 17:52:55.055,1.30315,1.30321,1.75,1.87
2015.11.25 17:52:55.157,1.30315,1.30318,1.50,1.00
2015.11.25 17:52:55.309,1.30313,1.30318,3.75,1.37
2015.11.25 17:52:55.360,1.30313,1.30318,3.37,1.00
2015.11.25 17:52:55.517,1.30313,1.30319,3.37,1.37
2015.11.25 17:52:55.568,1.30316,1.30317,1.00,1.00
2015.11.25 17:52:56.058,1.30312,1.30317,2.62,1.12
2015.11.25 17:52:56.566,1.30313,1.30317,1.12,1.37
2015.11.25 17:52:56.769,1.30314,1.30317,1.12,1.37
2015.11.25 17:52:59.155,1.30312,1.30317,1.50,1.50
2015.11.25 17:52:59.680,1.30313,1.30318,1.00,3.00
2015.11.25 17:53:00.445,1.30312,1.30318,1.50,1.37
2015.11.25 17:53:00.623,1.30313,1.30315,1.00,2.62
2015.11.25 17:53:00.774,1.30309,1.30313,1.12,3.00
2015.11.25 17:53:01.655,1.30307,1.30313,1.50,1.00
2015.11.25 17:53:02.509,1.30309,1.30317,1.87,1.50
2015.11.25 17:53:04.293,1.3031,1.30317,2.62,1.12
2015.11.25 17:53:04.599,1.30309,1.30317,1.37,1.87
2015.11.25 17:53:05.594,1.30308,1.30316,1.87,1.87
2015.11.25 17:53:06.134,1.30308,1.30316,1.87,1.87
2015.11.25 17:53:06.834,1.3031,1.30317,1.50,1.87
2015.11.25 17:53:14.734,1.3031,1.30317,2.62,1.00
2015.11.25 17:53:15.153,1.30314,1.30317,1.37,1.00
2015.11.25 17:53:15.254,1.30318,1.30323,1.37,1.57
2015.11.25 17:53:15.709,1.3032,1.30322,1.00,1.00
2015.11.25 17:53:16.226,1.30315,1.30325,1.37,5.25
2015.11.25 17:53:16.580,1.30314,1.30319,1.50,1.37
2015.11.25 17:53:17.600,1.30319,1.3032,1.00,1.87
2015.11.25 17:53:17.753,1.30315,1.30321,3.00,1.37
2015.11.25 17:53:17.804,1.30315,1.30321,1.12,2.25
2015.11.25 17:53:17.956,1.30315,1.30317,1.00,1.00
2015.11.25 17:53:18.008,1.30313,1.30317,1.00,1.00
2015.11.25 17:53:18.515,1.30313,1.30316,1.00,1.50
2015.11.25 17:53:19.021,1.30313,1.30318,1.00,2.62
2015.11.25 17:53:19.530,1.30314,1.30318,1.00,2.62
2015.11.25 17:53:19.581,1.30314,1.30315,1.00,1.00
2015.11.25 17:53:20.157,1.30314,1.30316,1.00,1.00
2015.11.25 17:53:20.860,1.30312,1.30316,1.12,1.00
2015.11.25 17:53:23.097,1.30311,1.30316,1.12,1.37
2015.11.25 17:53:23.608,1.30312,1.30315,1.00,1.12
2015.11.25 17:53:29.425,1.30311,1.30315,1.50,1.12
2015.11.25 17:53:29.627,1.30311,1.30317,1.50,3.37
2015.11.25 17:53:32.529,1.30312,1.30317,1.50,1.00
2015.11.25 17:53:33.067,1.30312,1.30317,1.50,2.62
2015.11.25 17:53:33.831,1.30312,1.30317,1.12,2.62
2015.11.25 17:53:40.544,1.30311,1.30317,1.50,1.50
2015.11.25 17:53:41.742,1.30313,1.30317,1.00,2.25
2015.11.25 17:53:42.324,1.30313,1.30317,1.00,1.50
2015.11.25 17:53:44.728,1.30311,1.30317,1.00,1.12
2015.11.25 17:53:49.657,1.3031,1.30317,1.87,3.00
2015.11.25 17:53:49.708,1.3031,1.30317,1.87,4.12
2015.11.25 17:53:56.244,1.30311,1.30317,1.00,3.37
2015.11.25 17:54:00.239,1.3031,1.30316,1.50,1.75
2015.11.25 17:54:00.392,1.30306,1.30312,3.75,1.37
2015.11.25 17:54:00.601,1.30303,1.30311,1.75,4.50
2015.11.25 17:54:01.246,1.30302,1.30306,1.12,1.00
2015.11.25 17:54:01.782,1.30302,1.30307,1.12,1.00
2015.11.25 17:54:02.320,1.30302,1.30307,1.12,1.37
2015.11.25 17:54:16.737,1.30301,1.30309,1.75,1.50
2015.11.25 17:54:19.195,1.303,1.30309,1.37,2.62
2015.11.25 17:54:21.290,1.303,1.30309,1.75,1.37
2015.11.25 17:54:21.391,1.30302,1.30309,1.50,1.00
2015.11.25 17:54:22.783,1.30301,1.30309,1.50,1.37
2015.11.25 17:54:24.790,1.30301,1.30309,1.00,1.37
2015.11.25 17:54:36.084,1.30302,1.30309,1.00,1.75
2015.11.25 17:54:37.787,1.30303,1.30309,1.00,1.75
2015.11.25 17:54:37.838,1.303,1.30309,1.87,1.75
2015.11.25 17:54:39.032,1.30299,1.30305,1.87,1.00
2015.11.25 17:54:47.545,1.30298,1.30305,2.25,1.37
2015.11.25 17:54:49.062,1.30299,1.30305,1.00,1.37
2015.11.25 17:54:51.872,1.303,1.30306,1.00,1.50
2015.11.25 17:54:52.710,1.303,1.30306,1.12,1.37
2015.11.25 17:54:53.830,1.30298,1.30304,1.00,4.12
2015.11.25 17:54:54.352,1.30297,1.30303,1.00,4.87
2015.11.25 17:54:54.895,1.30297,1.30301,1.00,1.37
2015.11.25 17:54:55.235,1.30296,1.30301,1.00,1.50
2015.11.25 17:54:55.759,1.30297,1.30301,1.00,1.50
2015.11.25 17:54:59.274,1.30293,1.30301,1.50,1.50
2015.11.25 17:55:00.700,1.30295,1.30301,1.00,1.50
2015.11.25 17:55:00.751,1.30295,1.30301,3.75,1.12
2015.11.25 17:55:01.304,1.30298,1.30303,1.00,1.12
2015.11.25 17:55:01.817,1.30297,1.30303,1.12,1.12
2015.11.25 17:55:04.187,1.30297,1.30305,1.37,3.37
2015.11.25 17:55:04.683,1.30302,1.30304,1.00,1.00
2015.11.25 17:55:05.189,1.30303,1.30305,1.00,1.37
2015.11.25 17:55:08.543,1.30303,1.30307,1.12,1.00
2015.11.25 17:55:10.972,1.30301,1.30309,1.50,2.25
2015.11.25 17:55:12.661,1.30302,1.30309,1.00,2.25
2015.11.25 17:55:13.519,1.30301,1.30309,1.00,1.87
2015.11.25 17:55:16.258,1.30301,1.30308,1.37,1.37
2015.11.25 17:55:18.697,1.30301,1.3031,1.87,1.87
2015.11.25 17:55:19.001,1.30305,1.30312,1.37,1.12
2015.11.25 17:55:19.651,1.30309,1.30314,1.00,1.87
2015.11.25 17:55:20.195,1.30309,1.30314,1.00,1.37
2015.11.25 17:55:20.954,1.30308,1.30314,1.12,1.37
2015.11.25 17:55:21.449,1.3031,1.30314,1.00,1.37
2015.11.25 17:55:21.955,1.3031,1.30316,1.12,1.12
2015.11.25 17:55:32.139,1.30307,1.30316,1.75,1.87
2015.11.25 17:55:38.358,1.30305,1.30315,1.87,3.75
2015.11.25 17:55:40.815,1.30306,1.30314,1.87,1.75
2015.11.25 17:55:48.552,1.30307,1.30315,1.00,3.37
2015.11.25 17:55:48.607,1.30302,1.30309,1.50,2.25
2015.11.25 17:55:48.809,1.30299,1.30307,2.25,1.50
2015.11.25 17:55:50.393,1.30298,1.30306,1.37,3.00
2015.11.25 17:55:52.139,1.30297,1.30304,1.50,1.37
2015.11.25 17:55:52.341,1.30293,1.30299,1.87,1.37
2015.11.25 17:55:53.289,1.30295,1.303,1.12,1.00
2015.11.25 17:55:53.643,1.30297,1.30303,1.00,1.37
2015.11.25 17:55:53.795,1.30297,1.30303,2.62,1.00
2015.11.25 17:55:54.200,1.30298,1.30305,1.37,3.00
2015.11.25 17:55:54.740,1.30298,1.30306,1.37,2.25
2015.11.25 17:55:58.272,1.30297,1.30306,2.25,1.37
2015.11.25 17:56:00.293,1.30298,1.30306,1.37,2.62
2015.11.25 17:56:00.485,1.303,1.30306,1.12,1.00
2015.11.25 17:56:01.055,1.30302,1.30308,1.00,1.37
2015.11.25 17:56:01.790,1.30302,1.30309,1.00,2.62
2015.11.25 17:56:02.850,1.303,1.30309,3.30,1.87
2015.11.25 17:56:03.658,1.303,1.30309,3.63,1.87
2015.11.25 17:56:06.516,1.30306,1.30311,1.00,1.87
2015.11.25 17:56:06.820,1.30306,1.30313,1.37,2.25
2015.11.25 17:56:07.327,1.30307,1.30313,1.12,2.25
2015.11.25 17:56:07.878,1.30305,1.30312,1.37,1.50
2015.11.25 17:56:09.608,1.30305,1.30313,2.25,1.37
2015.11.25 17:56:10.281,1.30306,1.30314,1.00,2.25
2015.11.25 17:56:11.313,1.30305,1.30313,1.12,2.62
2015.11.25 17:56:11.713,1.30305,1.30313,1.50,2.25
2015.11.25 17:56:11.915,1.30305,1.30313,1.50,2.25
2015.11.25 17:56:14.375,1.30308,1.30312,1.00,1.50
2015.11.25 17:56:15.223,1.30308,1.30313,1.12,1.87
2015.11.25 17:56:15.785,1.3031,1.30313,1.00,1.87
2015.11.25 17:56:16.104,1.30307,1.30313,2.25,1.87
2015.11.25 17:56:16.651,1.30309,1.30315,1.87,1.37
2015.11.25 17:56:17.737,1.30309,1.30315,1.87,1.12
2015.11.25 17:56:19.182,1.30308,1.30315,1.37,1.37
2015.11.25 17:56:23.388,1.30306,1.30314,1.12,1.37
2015.11.25 17:56:23.692,1.30306,1.30314,1.12,1.00
2015.11.25 17:56:24.632,1.30306,1.30315,3.37,1.00
2015.11.25 17:56:26.216,1.30309,1.30315,1.87,1.00
2015.11.25 17:56:26.580,1.3031,1.30315,1.12,1.00
2015.11.25 17:56:27.093,1.30311,1.30315,1.00,1.00
2015.11.25 17:56:27.895,1.3031,1.30315,1.37,1.00
2015.11.25 17:56:28.406,1.3031,1.30315,1.37,1.00
2015.11.25 17:56:31.525,1.3031,1.30317,1.37,3.37
2015.11.25 17:56:31.838,1.30309,1.30317,4.87,3.00
2015.11.25 17:56:32.152,1.30311,1.30317,1.37,3.00
2015.11.25 17:56:32.507,1.30312,1.30317,1.00,3.00
2015.11.25 17:56:33.162,1.30312,1.30317,1.12,2.62
2015.11.25 17:56:34.680,1.30311,1.30317,1.50,3.00
2015.11.25 17:56:35.557,1.30311,1.30317,1.50,2.62
2015.11.25 17:56:36.249,1.30314,1.30317,1.00,2.25
2015.11.25 17:56:36.888,1.30315,1.30317,1.00,1.12
2015.11.25 17:56:37.142,1.30313,1.30318,1.00,1.37
2015.11.25 17:56:44.030,1.30312,1.30318,2.25,2.62
2015.11.25 17:56:46.517,1.30315,1.30317,1.50,1.00
2015.11.25 17:56:47.713,1.30311,1.30317,2.62,1.50
2015.11.25 17:56:48.287,1.30311,1.30317,1.12,1.50
2015.11.25 17:56:48.464,1.30311,1.30315,1.12,1.00
2015.11.25 17:56:48.968,1.30311,1.30316,1.12,1.00
2015.11.25 17:56:49.708,1.30311,1.30315,1.12,1.00
2015.11.25 17:56:50.294,1.3031,1.30315,1.00,1.12
2015.11.25 17:56:50.598,1.30307,1.30314,1.87,1.37
2015.11.25 17:56:54.303,1.30306,1.30314,1.12,1.37
2015.11.25 17:56:55.111,1.30305,1.30314,3.37,1.50
2015.11.25 17:56:55.640,1.30306,1.30314,1.00,1.50
2015.11.25 17:56:56.235,1.30307,1.30314,1.50,1.87
2015.11.25 17:56:56.755,1.30306,1.30313,1.50,1.87
2015.11.25 17:56:57.059,1.30303,1.30311,2.62,1.37
2015.11.25 17:56:58.858,1.30304,1.3031,1.00,1.37
2015.11.25 17:57:00.545,1.30303,1.30311,2.25,1.12
2015.11.25 17:57:01.116,1.30303,1.3031,2.62,1.00
2015.11.25 17:57:02.023,1.30303,1.30311,2.62,1.12
2015.11.25 17:57:02.556,1.30303,1.3031,3.00,1.00
2015.11.25 17:57:03.106,1.30303,1.30311,2.62,1.12
2015.11.25 17:57:03.208,1.30304,1.3031,1.00,1.37
2015.11.25 17:57:03.747,1.303,1.30307,1.12,1.87
2015.11.25 17:57:05.910,1.30299,1.30307,1.50,2.25
2015.11.25 17:57:06.163,1.30304,1.30307,1.00,1.50
2015.11.25 17:57:06.266,1.30302,1.30307,1.00,1.00
2015.11.25 17:57:06.787,1.30303,1.30307,1.00,1.00
2015.11.25 17:57:07.787,1.30304,1.30309,1.00,1.75
2015.11.25 17:57:08.423,1.30303,1.30307,1.00,1.50
2015.11.25 17:57:08.474,1.30301,1.30308,1.00,2.25
2015.11.25 17:57:08.979,1.303,1.30307,1.12,2.25
2015.11.25 17:57:09.505,1.303,1.30307,1.37,2.25
2015.11.25 17:57:12.245,1.303,1.30308,1.00,2.25
2015.11.25 17:57:12.766,1.30299,1.30306,1.50,1.37
2015.11.25 17:57:12.869,1.30299,1.30305,1.50,1.00
2015.11.25 17:57:13.805,1.30299,1.30306,1.50,1.87
2015.11.25 17:57:15.520,1.30299,1.30306,1.00,2.62
2015.11.25 17:57:17.333,1.30298,1.30305,2.25,1.37
2015.11.25 17:57:20.902,1.30299,1.30304,1.00,1.87
2015.11.25 17:57:25.468,1.30299,1.30305,1.37,1.87
2015.11.25 17:57:26.401,1.30297,1.30305,2.62,1.87
2015.11.25 17:57:27.025,1.30297,1.30305,2.25,1.12
2015.11.25 17:57:28.287,1.30298,1.30306,1.50,1.50
2015.11.25 17:57:29.276,1.30298,1.30305,1.50,1.00
2015.11.25 17:57:31.552,1.30298,1.30306,3.37,1.50
2015.11.25 17:57:32.126,1.30298,1.30305,3.37,1.00
2015.11.25 17:57:32.329,1.30303,1.3031,1.37,2.62
2015.11.25 17:57:32.683,1.30304,1.30312,3.75,1.12
2015.11.25 17:57:36.870,1.30304,1.30313,2.25,1.75
2015.11.25 17:57:37.375,1.30307,1.30314,1.37,1.50
2015.11.25 17:57:37.679,1.30307,1.30314,1.37,1.37
2015.11.25 17:57:38.478,1.30307,1.30314,1.37,1.12
2015.11.25 17:57:39.378,1.30305,1.30313,4.12,1.12
2015.11.25 17:57:40.006,1.30305,1.30314,3.37,2.25
2015.11.25 17:57:40.537,1.30306,1.30314,2.25,1.50
2015.11.25 17:57:58.322,1.30308,1.30317,1.75,3.75
2015.11.25 17:58:03.629,1.30314,1.30318,1.00,1.12
2015.11.25 17:58:04.155,1.30315,1.30318,1.00,1.12
2015.11.25 17:58:04.835,1.30315,1.30317,1.00,1.00
2015.11.25 17:58:04.886,1.30312,1.30317,1.50,1.37
2015.11.25 17:58:05.242,1.30313,1.30318,1.37,1.00
2015.11.25 17:58:06.038,1.30315,1.3032,1.50,1.87
2015.11.25 17:58:06.567,1.30315,1.30321,4.50,1.12
2015.11.25 17:58:06.668,1.30315,1.30322,1.12,1.87
2015.11.25 17:58:06.719,1.30314,1.30318,4.12,1.00
2015.11.25 17:58:07.281,1.30315,1.30317,1.00,1.00
2015.11.25 17:58:07.332,1.30312,1.30317,1.12,1.12
2015.11.25 17:58:07.902,1.30311,1.30317,2.25,1.12
2015.11.25 17:58:08.221,1.30313,1.30317,1.00,1.12
2015.11.25 17:58:08.525,1.30314,1.3032,1.42,1.87
2015.11.25 17:58:08.991,1.30316,1.30318,1.12,1.00
2015.11.25 17:58:09.093,1.30316,1.3032,1.12,1.00
2015.11.25 17:58:09.195,1.30314,1.30323,3.00,1.37
2015.11.25 17:58:09.720,1.30315,1.30317,1.00,1.12
2015.11.25 17:58:10.699,1.30314,1.30317,1.87,1.12
2015.11.25 17:58:11.238,1.30315,1.30317,1.50,1.12
2015.11.25 17:58:12.384,1.30315,1.3032,1.87,1.50
2015.11.25 17:58:12.546,1.30317,1.30323,1.00,1.12
2015.11.25 17:58:13.052,1.30313,1.30319,1.50,1.37
2015.11.25 17:58:14.183,1.30309,1.30314,2.62,1.37
2015.11.25 17:58:16.240,1.30309,1.30315,2.25,1.87
2015.11.25 17:58:17.076,1.3031,1.30316,1.50,1.00
2015.11.25 17:58:17.600,1.30308,1.30316,1.12,1.37
2015.11.25 17:58:20.192,1.30308,1.30315,1.87,1.50
2015.11.25 17:58:20.717,1.3031,1.30315,1.37,1.87
2015.11.25 17:58:24.260,1.30308,1.30315,1.37,2.25
2015.11.25 17:58:24.783,1.30308,1.30316,1.87,2.25
2015.11.25 17:58:26.586,1.30309,1.30317,1.75,2.62
2015.11.25 17:58:27.248,1.30309,1.30317,1.12,1.87
2015.11.25 17:58:28.245,1.30309,1.30317,1.12,2.62
2015.11.25 17:58:28.804,1.3031,1.30317,1.00,2.62
2015.11.25 17:58:29.108,1.30309,1.30317,1.75,2.62
2015.11.25 17:58:34.191,1.30313,1.30317,1.00,1.37
2015.11.25 17:58:34.497,1.30311,1.30317,1.00,2.62
2015.11.25 17:58:35.001,1.30311,1.30316,1.00,1.50
2015.11.25 17:58:36.398,1.3031,1.30317,2.25,1.87
2015.11.25 17:58:37.758,1.30311,1.30316,1.50,1.50
2015.11.25 17:58:38.263,1.30309,1.30315,1.37,1.00
2015.11.25 17:58:41.035,1.30309,1.30316,1.50,1.87
2015.11.25 17:58:42.056,1.30309,1.30316,1.37,2.25
2015.11.25 17:58:43.605,1.30307,1.30315,3.00,1.87
2015.11.25 17:58:48.476,1.3031,1.30315,1.00,1.12
2015.11.25 17:58:49.082,1.30309,1.30315,1.00,1.12
2015.11.25 17:58:50.104,1.3031,1.30317,1.00,1.50
2015.11.25 17:58:50.615,1.30309,1.30317,11.25,1.50
2015.11.25 17:58:51.259,1.30311,1.30317,1.37,1.37
2015.11.25 17:58:53.092,1.30315,1.30318,1.00,1.37
2015.11.25 17:58:53.294,1.30314,1.30317,1.00,1.12
2015.11.25 17:58:54.194,1.30315,1.30317,1.00,1.12
2015.11.25 17:58:55.139,1.30314,1.30317,1.50,1.12
2015.11.25 17:58:55.727,1.30315,1.30317,1.50,1.12
2015.11.25 17:58:56.427,1.30314,1.30317,1.00,1.87
2015.11.25 17:58:57.382,1.30313,1.30317,2.25,1.12
2015.11.25 17:58:58.252,1.30314,1.30318,1.00,1.37
2015.11.25 17:58:59.047,1.30315,1.30317,1.00,1.12
2015.11.25 17:58:59.589,1.30314,1.30317,1.50,1.37
2015.11.25 17:58:59.640,1.30312,1.30317,1.37,1.37
2015.11.25 17:59:00.582,1.30311,1.30317,1.37,1.37
2015.11.25 17:59:00.854,1.30311,1.30317,1.00,1.87
2015.11.25 17:59:02.253,1.30314,1.30317,1.00,1.87
2015.11.25 17:59:02.925,1.30315,1.30317,1.00,1.87
2015.11.25 17:59:03.027,1.30312,1.30317,1.50,1.87
2015.11.25 17:59:08.134,1.30311,1.30317,4.50,1.37
2015.11.25 17:59:08.642,1.30311,1.30318,4.50,1.87
2015.11.25 17:59:09.394,1.30312,1.30317,1.50,1.37
2015.11.25 17:59:10.815,1.30311,1.30318,1.00,1.37
2015.11.25 17:59:11.041,1.30313,1.3032,2.25,3.37
2015.11.25 17:59:11.143,1.30315,1.30321,1.50,1.50
2015.11.25 17:59:11.244,1.30315,1.30322,2.25,1.37
2015.11.25 17:59:11.346,1.30316,1.30318,1.00,1.12
2015.11.25 17:59:11.600,1.30314,1.30317,1.00,1.37
2015.11.25 17:59:14.099,1.30313,1.30317,1.12,1.37
2015.11.25 17:59:14.614,1.30312,1.30317,1.00,1.87
2015.11.25 17:59:19.280,1.3031,1.30317,2.25,2.62
2015.11.25 17:59:20.119,1.30309,1.30315,1.37,1.37
2015.11.25 17:59:20.589,1.30308,1.30315,1.00,1.87
2015.11.25 17:59:21.395,1.30307,1.30315,1.75,1.87
2015.11.25 17:59:24.455,1.30307,1.30314,1.75,1.37
2015.11.25 17:59:28.260,1.30307,1.30314,3.00,1.12
2015.11.25 17:59:29.372,1.30308,1.30314,1.50,1.87
2015.11.25 17:59:32.764,1.3031,1.30313,1.50,1.00
2015.11.25 17:59:33.420,1.30309,1.30313,2.62,1.50
2015.11.25 17:59:34.311,1.3031,1.30312,1.00,1.50
2015.11.25 17:59:34.866,1.3031,1.30312,1.00,1.00
2015.11.25 17:59:35.428,1.30308,1.30312,1.37,1.50
2015.11.25 17:59:37.547,1.30308,1.30313,1.37,1.00
2015.11.25 17:59:39.598,1.30308,1.30312,2.62,1.00
2015.11.25 17:59:40.264,1.30308,1.30313,2.62,1.00
2015.11.25 17:59:40.366,1.30308,1.30315,2.62,1.00
2015.11.25 17:59:40.559,1.30308,1.30315,3.00,1.00
2015.11.25 17:59:42.014,1.3031,1.30316,1.37,1.50
2015.11.25 17:59:42.856,1.30308,1.30316,3.00,1.50
2015.11.25 17:59:43.359,1.30315,1.30317,1.00,1.00
2015.11.25 17:59:43.865,1.30312,1.30318,1.50,1.00
2015.11.25 17:59:44.375,1.30311,1.30317,2.62,1.00
2015.11.25 17:59:44.889,1.30311,1.30317,2.62,1.00
2015.11.25 17:59:47.484,1.30312,1.30318,1.12,1.00
2015.11.25 17:59:48.372,1.30312,1.30317,1.37,1.00
2015.11.25 17:59:51.085,1.30312,1.30317,1.50,1.00
2015.11.25 17:59:51.958,1.30312,1.30318,1.50,1.00
2015.11.25 17:59:52.302,1.30315,1.30317,1.00,1.00
2015.11.25 17:59:52.454,1.30313,1.30317,1.87,1.00
2015.11.25 17:59:52.902,1.30315,1.30317,1.00,1.00
2015.11.25 17:59:53.462,1.30313,1.30317,1.50,1.00
2015.11.25 17:59:53.970,1.30312,1.30318,1.00,1.00
2015.11.25 17:59:55.215,1.30312,1.30317,1.50,1.00
2015.11.25 17:59:55.913,1.30312,1.30318,1.00,1.00
2015.11.25 17:59:56.015,1.3031,1.30317,4.87,1.12
2015.11.25 17:59:56.623,1.30314,1.30317,1.00,1.00
2015.11.25 17:59:56.927,1.30317,1.30321,1.00,1.00
2015.11.25 17:59:57.165,1.30318,1.3032,1.00,1.00
2015.11.25 17:59:57.519,1.30316,1.30318,1.00,1.00
2015.11.25 17:59:57.620,1.30314,1.30317,2.62,1.00
2015.11.25 17:59:58.177,1.30315,1.30317,1.00,1.00
2015.11.25 17:59:59.238,1.30315,1.30323,1.12,2.25
2015.11.25 17:59:59.759,1.30315,1.30318,1.00,1.00
