2015.03.22 23:00:00.324,1.30107,1.30119,1.00,1.00
2015.03.22 23:00:01.350,1.30107,1.30119,1.00,1.37
2015.03.22 23:00:01.862,1.30107,1.30119,1.00,1.00
2015.03.22 23:00:03.039,1.30105,1.30117,1.00,1.00
2015.03.22 23:00:05.830,1.30103,1.30117,1.00,1.00
2015.03.22 23:00:06.370,1.30102,1.30116,1.12,1.00
2015.03.22 23:00:07.181,1.30104,1.30116,1.00,1.00
2015.03.22 23:00:07.232,1.30104,1.30118,1.50,1.00
2015.03.22 23:00:13.067,1.30103,1.30115,1.00,1.00
2015.03.22 23:00:15.169,1.30103,1.30115,1.37,1.00
2015.03.22 23:00:15.271,1.30104,1.30118,1.12,1.00
2015.03.22 23:00:17.761,1.30102,1.30114,1.37,1.00
2015.03.22 23:00:17.864,1.30098,1.30112,1.00,1.00
2015.03.22 23:00:17.966,1.30095,1.30107,1.50,1.00
2015.03.22 23:00:18.271,1.30086,1.30102,1.57,1.00
2015.03.22 23:00:18.322,1.30086,1.30092,1.20,1.00
2015.03.22 23:00:18.425,1.30082,1.30096,1.15,1.00
2015.03.22 23:00:18.476,1.30087,1.30099,1.00,1.00
2015.03.22 23:00:18.578,1.30081,1.30095,1.50,1.00
2015.03.22 23:00:18.680,1.30081,1.30091,1.00,1.00
2015.03.22 23:00:18.781,1.30084,1.30096,1.00,1.00
2015.03.22 23:00:18.968,1.30085,1.30099,1.00,1.00
2015.03.22 23:00:19.287,1.30087,1.30101,1.00,1.00
2015.03.22 23:00:28.202,1.30083,1.30092,1.00,1.00
2015.03.22 23:00:28.304,1.3008,1.30092,1.00,1.87
2015.03.22 23:00:28.407,1.30078,1.3009,1.00,1.00
2015.03.22 23:00:28.919,1.30082,1.30094,1.00,1.00
2015.03.22 23:00:29.122,1.30083,1.30097,1.00,1.00
2015.03.22 23:00:29.224,1.30086,1.30098,1.00,1.00
2015.03.22 23:00:29.533,1.30088,1.301,1.00,1.00
2015.03.22 23:00:30.209,1.3009,1.30102,1.00,1.25
2015.03.22 23:00:30.716,1.30092,1.30104,1.00,1.50
2015.03.22 23:00:39.243,1.30092,1.30104,1.00,1.37
2015.03.22 23:00:39.769,1.30092,1.30104,1.00,1.00
2015.03.22 23:00:42.014,1.30091,1.30104,1.00,1.00
2015.03.22 23:00:42.555,1.30091,1.30103,1.00,1.00
2015.03.22 23:00:49.070,1.30091,1.30105,1.00,1.56
2015.03.22 23:00:49.539,1.30087,1.30101,1.00,1.12
2015.03.22 23:00:49.641,1.3009,1.30102,1.00,1.12
2015.03.22 23:00:50.398,1.3009,1.30102,1.00,1.37
2015.03.22 23:00:50.757,1.30088,1.301,1.00,1.00
2015.03.22 23:00:50.909,1.30088,1.30098,1.00,1.00
2015.03.22 23:00:51.010,1.30088,1.301,1.00,1.00
2015.03.22 23:00:51.519,1.30089,1.30103,1.00,2.81
2015.03.22 23:00:52.066,1.30089,1.30103,1.00,1.69
2015.03.22 23:00:52.480,1.30089,1.30103,1.00,1.87
2015.03.22 23:00:52.987,1.30089,1.30103,1.00,1.87
2015.03.22 23:00:53.450,1.30088,1.301,1.00,1.00
2015.03.22 23:00:53.767,1.3009,1.30102,1.00,1.00
2015.03.22 23:00:54.280,1.3009,1.30102,1.00,1.37
2015.03.22 23:00:54.584,1.30088,1.301,1.00,1.12
2015.03.22 23:00:55.134,1.30088,1.301,1.00,1.37
2015.03.22 23:00:58.026,1.30088,1.301,1.00,1.12
2015.03.22 23:00:58.280,1.30086,1.30098,1.00,1.00
2015.03.22 23:00:58.594,1.30082,1.30094,1.00,1.12
2015.03.22 23:00:59.101,1.30082,1.30094,1.00,1.37
2015.03.22 23:00:59.303,1.30079,1.30091,1.00,1.00
2015.03.22 23:00:59.976,1.30077,1.30089,1.00,1.00
2015.03.22 23:01:00.382,1.30074,1.30088,1.00,1.00
2015.03.22 23:01:01.004,1.30072,1.30086,1.00,1.00
2015.03.22 23:01:01.411,1.30071,1.30083,1.00,1.00
2015.03.22 23:01:01.898,1.30069,1.30081,1.00,1.00
2015.03.22 23:01:03.089,1.30067,1.30079,1.00,1.00
2015.03.22 23:01:03.424,1.30062,1.30076,1.00,1.00
2015.03.22 23:01:03.917,1.30061,1.30073,1.00,1.00
2015.03.22 23:01:07.025,1.30058,1.30069,1.00,1.00
2015.03.22 23:01:07.228,1.30049,1.30067,1.57,1.00
2015.03.22 23:01:07.279,1.30049,1.30069,1.57,1.00
2015.03.22 23:01:07.435,1.30054,1.30073,1.37,2.06
2015.03.22 23:01:07.486,1.30054,1.30062,1.37,2.25
2015.03.22 23:01:07.587,1.3005,1.30069,1.20,1.00
2015.03.22 23:01:07.638,1.30051,1.30073,1.00,1.50
2015.03.22 23:01:07.790,1.30054,1.3007,1.00,1.00
2015.03.22 23:01:07.891,1.30051,1.30073,1.00,1.50
2015.03.22 23:01:08.299,1.30054,1.30073,1.00,1.00
2015.03.22 23:01:08.452,1.30054,1.30075,1.00,1.00
2015.03.22 23:01:08.553,1.30054,1.30073,1.50,1.00
2015.03.22 23:01:08.655,1.30055,1.30075,1.00,1.00
2015.03.22 23:01:09.167,1.30054,1.30074,1.00,1.00
2015.03.22 23:01:09.330,1.30056,1.30078,1.00,1.19
2015.03.22 23:01:10.196,1.30056,1.30078,1.00,1.19
2015.03.22 23:01:11.697,1.30056,1.30076,1.00,1.19
2015.03.22 23:01:12.316,1.30058,1.3007,1.00,1.00
2015.03.22 23:01:14.614,1.30054,1.30074,1.50,1.00
2015.03.22 23:01:15.193,1.30054,1.30074,1.50,1.19
2015.03.22 23:01:15.294,1.30052,1.30058,1.00,1.00
2015.03.22 23:01:15.345,1.3005,1.30057,1.00,1.00
2015.03.22 23:01:15.396,1.30043,1.30065,1.50,1.00
2015.03.22 23:01:15.498,1.3004,1.3006,1.50,1.00
2015.03.22 23:01:15.600,1.3004,1.3006,3.00,1.00
2015.03.22 23:01:15.701,1.30041,1.30063,1.50,1.19
2015.03.22 23:01:15.803,1.30039,1.30059,1.50,1.00
2015.03.22 23:01:16.056,1.30034,1.30058,1.84,1.00
2015.03.22 23:01:17.511,1.30034,1.30058,1.50,1.31
2015.03.22 23:01:17.561,1.30034,1.30058,1.50,1.62
2015.03.22 23:01:17.962,1.30034,1.30058,1.50,1.25
2015.03.22 23:01:18.082,1.30035,1.30057,1.00,1.87
2015.03.22 23:01:18.437,1.30033,1.30055,1.12,1.25
2015.03.22 23:01:18.488,1.30035,1.30055,1.00,2.81
2015.03.22 23:01:18.590,1.30033,1.30055,2.25,1.69
2015.03.22 23:01:18.691,1.30031,1.30046,1.50,1.00
2015.03.22 23:01:18.843,1.30031,1.30052,1.00,1.00
2015.03.22 23:01:19.668,1.30035,1.30047,1.00,1.00
2015.03.22 23:01:21.158,1.30038,1.3005,1.00,1.31
2015.03.22 23:01:21.670,1.30039,1.30052,1.00,1.19
2015.03.22 23:01:21.974,1.30038,1.30051,1.12,1.31
2015.03.22 23:01:22.075,1.30039,1.30053,1.00,1.00
2015.03.22 23:01:23.045,1.30038,1.30051,1.00,1.00
2015.03.22 23:01:23.450,1.30041,1.30053,1.00,1.25
2015.03.22 23:01:23.551,1.30041,1.30055,1.00,1.50
2015.03.22 23:01:23.754,1.3004,1.30052,1.00,1.00
2015.03.22 23:01:24.057,1.30041,1.30054,1.00,1.00
2015.03.22 23:01:25.365,1.30041,1.30055,1.00,1.00
2015.03.22 23:01:26.199,1.30043,1.30057,1.00,1.19
2015.03.22 23:01:26.706,1.30043,1.30057,1.00,1.00
2015.03.22 23:01:30.681,1.30048,1.30059,1.00,1.69
2015.03.22 23:01:32.385,1.30048,1.30059,1.00,1.87
2015.03.22 23:01:32.487,1.30048,1.30059,1.00,1.50
2015.03.22 23:01:32.774,1.30048,1.30059,1.00,1.87
2015.03.22 23:01:35.463,1.30048,1.30059,1.00,1.87
2015.03.22 23:01:35.970,1.30048,1.30057,1.00,1.00
2015.03.22 23:01:40.218,1.30047,1.30057,1.00,1.12
2015.03.22 23:01:40.778,1.30046,1.30057,1.00,1.12
2015.03.22 23:01:41.163,1.30043,1.30057,1.00,1.87
2015.03.22 23:01:42.236,1.30042,1.30054,1.00,1.00
2015.03.22 23:01:44.340,1.3004,1.30052,1.00,1.00
2015.03.22 23:01:50.972,1.30042,1.30054,1.00,1.00
2015.03.22 23:01:52.555,1.30044,1.30056,1.00,1.50
2015.03.22 23:01:53.767,1.30046,1.30057,1.00,1.00
2015.03.22 23:01:59.056,1.30046,1.30057,1.00,1.19
2015.03.22 23:02:00.260,1.30046,1.30057,1.00,1.25
2015.03.22 23:02:01.677,1.30047,1.30057,1.00,1.25
2015.03.22 23:02:03.487,1.30047,1.30058,1.00,1.25
2015.03.22 23:02:06.968,1.30047,1.30059,1.00,1.00
2015.03.22 23:02:11.021,1.30047,1.30059,1.00,1.19
2015.03.22 23:02:11.348,1.30049,1.3006,1.00,1.19
2015.03.22 23:02:12.190,1.30047,1.30059,1.00,1.31
2015.03.22 23:02:12.698,1.30047,1.30058,1.00,1.00
2015.03.22 23:02:13.217,1.30047,1.30059,1.00,1.69
2015.03.22 23:02:20.930,1.30047,1.30061,1.00,1.31
2015.03.22 23:02:22.796,1.30047,1.30061,1.00,1.19
2015.03.22 23:02:23.829,1.30048,1.30062,1.00,2.06
2015.03.22 23:02:24.502,1.30048,1.30062,1.00,2.44
2015.03.22 23:02:25.708,1.30048,1.30062,1.00,2.44
2015.03.22 23:02:27.741,1.30048,1.30062,1.00,2.44
2015.03.22 23:02:27.843,1.30048,1.30062,1.00,2.81
2015.03.22 23:02:28.618,1.30048,1.30062,1.00,2.44
2015.03.22 23:02:28.923,1.30048,1.30062,1.00,2.44
2015.03.22 23:02:29.459,1.30048,1.30062,1.00,1.69
2015.03.22 23:02:30.022,1.30048,1.30062,1.00,1.69
2015.03.22 23:02:31.257,1.30048,1.3006,1.00,1.31
2015.03.22 23:02:32.320,1.30048,1.30062,1.00,2.06
2015.03.22 23:02:32.834,1.30048,1.30062,1.00,1.69
2015.03.22 23:02:33.349,1.30048,1.3006,1.00,1.00
2015.03.22 23:02:33.974,1.3005,1.30062,1.00,2.06
2015.03.22 23:02:34.448,1.3005,1.30062,1.00,2.81
2015.03.22 23:02:34.980,1.30052,1.30062,1.00,1.12
2015.03.22 23:02:35.133,1.30054,1.30066,1.00,1.87
2015.03.22 23:02:35.184,1.30057,1.30069,1.00,1.12
2015.03.22 23:02:35.235,1.30057,1.30071,1.50,1.50
2015.03.22 23:02:35.286,1.30061,1.30071,1.00,1.00
2015.03.22 23:02:35.337,1.30061,1.30075,1.00,2.25
2015.03.22 23:02:35.650,1.30064,1.30074,1.00,1.00
2015.03.22 23:02:35.700,1.30064,1.30076,1.00,1.00
2015.03.22 23:02:35.954,1.30066,1.30077,1.00,1.00
2015.03.22 23:02:36.056,1.30069,1.30081,1.00,1.57
2015.03.22 23:02:36.158,1.3007,1.30084,1.00,3.64
2015.03.22 23:02:36.260,1.30073,1.30085,1.00,1.00
2015.03.22 23:02:36.565,1.30075,1.30087,1.00,1.50
2015.03.22 23:02:36.870,1.30077,1.30089,1.00,1.00
2015.03.22 23:02:37.174,1.30081,1.30093,1.00,1.00
2015.03.22 23:02:37.276,1.30082,1.30096,1.00,1.76
2015.03.22 23:02:37.682,1.30081,1.30093,1.00,1.00
2015.03.22 23:02:37.886,1.30078,1.30092,1.00,1.00
2015.03.22 23:02:38.292,1.3008,1.30094,1.00,1.25
2015.03.22 23:02:39.277,1.3008,1.30094,1.00,1.19
2015.03.22 23:02:40.285,1.3008,1.30094,1.00,1.31
2015.03.22 23:02:41.496,1.3008,1.30094,1.00,1.19
2015.03.22 23:02:44.302,1.30079,1.30093,1.00,1.25
2015.03.22 23:02:44.996,1.30078,1.3009,1.00,1.56
2015.03.22 23:02:45.200,1.30075,1.30089,1.00,1.56
2015.03.22 23:02:47.097,1.30075,1.30086,1.00,1.31
2015.03.22 23:02:47.401,1.30069,1.30083,1.50,1.25
2015.03.22 23:02:47.506,1.30072,1.3008,1.00,1.00
2015.03.22 23:02:47.810,1.3007,1.30082,1.00,1.00
2015.03.22 23:02:49.291,1.30068,1.3008,1.00,1.00
2015.03.22 23:02:49.595,1.30068,1.3008,1.00,1.56
2015.03.22 23:02:50.106,1.30068,1.3008,1.00,1.56
2015.03.22 23:02:50.413,1.30066,1.30078,1.00,1.00
2015.03.22 23:02:51.383,1.30066,1.30078,1.00,1.31
2015.03.22 23:02:52.479,1.30066,1.30078,1.00,1.31
2015.03.22 23:02:53.030,1.30067,1.3008,1.00,1.56
2015.03.22 23:02:53.723,1.30067,1.3008,1.00,1.56
2015.03.22 23:02:54.571,1.30067,1.3008,1.00,1.56
2015.03.22 23:02:54.898,1.30063,1.30075,1.00,1.00
2015.03.22 23:02:55.169,1.30061,1.30074,1.00,1.00
2015.03.22 23:02:55.726,1.30061,1.30071,1.00,1.00
2015.03.22 23:02:55.828,1.3006,1.30074,1.00,1.00
2015.03.22 23:02:56.138,1.30059,1.30071,1.50,1.00
2015.03.22 23:02:56.645,1.3006,1.30072,1.00,1.25
2015.03.22 23:02:57.152,1.30062,1.30074,1.00,1.00
2015.03.22 23:02:57.254,1.30059,1.30073,1.00,1.00
2015.03.22 23:02:57.425,1.30061,1.30073,1.00,1.00
2015.03.22 23:02:57.578,1.30062,1.30075,1.00,1.25
2015.03.22 23:02:58.041,1.30063,1.30077,1.00,1.25
2015.03.22 23:02:58.143,1.30061,1.30074,1.00,1.00
2015.03.22 23:02:58.457,1.30064,1.30074,1.00,1.25
2015.03.22 23:02:58.609,1.30064,1.30076,1.00,1.00
2015.03.22 23:02:59.146,1.30065,1.30079,1.00,1.19
2015.03.22 23:03:00.317,1.30065,1.30079,1.00,1.19
2015.03.22 23:03:01.044,1.30066,1.30081,1.00,1.69
2015.03.22 23:03:01.146,1.30071,1.30082,1.00,1.31
2015.03.22 23:03:01.349,1.30073,1.30085,1.00,1.50
2015.03.22 23:03:01.400,1.30073,1.30085,1.00,1.50
2015.03.22 23:03:01.654,1.30074,1.30087,1.00,1.12
2015.03.22 23:03:02.172,1.30074,1.30086,1.00,1.00
2015.03.22 23:03:03.043,1.30074,1.30087,1.00,1.00
2015.03.22 23:03:04.446,1.30077,1.30089,1.00,1.56
2015.03.22 23:03:05.375,1.30077,1.30089,1.50,1.00
2015.03.22 23:03:05.477,1.30079,1.3009,1.00,1.69
2015.03.22 23:03:06.159,1.30079,1.30089,1.00,1.00
2015.03.22 23:03:06.667,1.3008,1.30089,1.00,1.00
2015.03.22 23:03:06.821,1.3008,1.30091,1.00,1.00
2015.03.22 23:03:07.278,1.30083,1.30093,1.00,1.00
2015.03.22 23:03:07.582,1.30086,1.30098,1.00,1.62
2015.03.22 23:03:07.886,1.30086,1.30098,1.00,1.69
2015.03.22 23:03:07.988,1.30084,1.30096,1.00,1.00
2015.03.22 23:03:08.299,1.30086,1.30098,1.00,1.69
2015.03.22 23:03:09.126,1.30086,1.30098,1.00,1.37
2015.03.22 23:03:10.870,1.30088,1.30099,1.00,1.37
2015.03.22 23:03:11.377,1.30088,1.30099,1.00,1.12
2015.03.22 23:03:11.429,1.30088,1.30097,1.00,1.00
2015.03.22 23:03:11.480,1.30086,1.30097,1.00,1.00
2015.03.22 23:03:18.681,1.30086,1.30094,1.00,1.00
2015.03.22 23:03:18.782,1.30086,1.30097,1.00,1.00
2015.03.22 23:03:18.968,1.30088,1.30097,1.00,1.00
2015.03.22 23:03:19.069,1.30086,1.30097,1.00,1.50
2015.03.22 23:03:19.221,1.30086,1.30095,1.00,1.00
2015.03.22 23:03:19.272,1.30083,1.30095,1.00,1.00
2015.03.22 23:03:19.374,1.30083,1.30097,1.00,1.87
2015.03.22 23:03:19.779,1.30082,1.30094,1.00,1.00
2015.03.22 23:03:20.083,1.30082,1.30089,1.00,1.00
2015.03.22 23:03:20.134,1.30082,1.30094,1.00,1.50
2015.03.22 23:03:20.185,1.3008,1.30092,1.00,1.00
2015.03.22 23:03:20.387,1.30081,1.30094,1.00,1.00
2015.03.22 23:03:20.933,1.30081,1.30095,1.00,1.00
2015.03.22 23:03:23.329,1.30083,1.30096,1.00,1.19
2015.03.22 23:03:23.877,1.30083,1.30096,1.00,1.25
2015.03.22 23:03:27.026,1.30086,1.30098,1.00,1.12
2015.03.22 23:03:27.533,1.30087,1.30099,1.00,1.31
2015.03.22 23:03:27.845,1.30089,1.30099,1.00,1.31
2015.03.22 23:03:37.350,1.30087,1.30099,1.00,2.25
2015.03.22 23:03:37.401,1.30086,1.30097,1.00,1.00
2015.03.22 23:03:37.811,1.30083,1.30095,1.00,1.00
2015.03.22 23:03:38.532,1.30079,1.30093,1.00,1.00
2015.03.22 23:03:39.308,1.3008,1.30093,1.00,1.00
2015.03.22 23:03:39.745,1.30081,1.30095,1.00,1.00
2015.03.22 23:03:41.171,1.30083,1.30095,1.00,1.00
2015.03.22 23:03:48.955,1.30081,1.30095,2.44,1.00
2015.03.22 23:03:49.261,1.30081,1.30093,1.00,1.00
2015.03.22 23:03:49.566,1.30079,1.30093,1.50,1.00
2015.03.22 23:03:50.105,1.30079,1.30092,1.00,1.00
2015.03.22 23:03:50.843,1.3008,1.30094,1.00,1.00
2015.03.22 23:03:56.034,1.3008,1.30092,1.00,1.00
2015.03.22 23:04:02.361,1.3008,1.30093,1.00,1.00
2015.03.22 23:04:02.867,1.30079,1.30091,1.50,1.00
2015.03.22 23:04:08.458,1.3008,1.30092,1.00,1.00
2015.03.22 23:04:10.086,1.30079,1.30091,1.00,1.00
2015.03.22 23:04:10.188,1.30077,1.30091,1.69,1.00
2015.03.22 23:04:10.391,1.30079,1.30093,1.00,1.00
2015.03.22 23:04:10.905,1.3008,1.30093,1.00,1.00
2015.03.22 23:04:11.414,1.30079,1.30093,1.50,1.00
2015.03.22 23:04:13.208,1.30078,1.30089,1.50,1.00
2015.03.22 23:04:13.260,1.30075,1.30089,1.00,1.12
2015.03.22 23:04:13.324,1.30074,1.30087,2.25,1.00
2015.03.22 23:04:13.633,1.30072,1.30085,1.00,1.00
2015.03.22 23:04:14.945,1.30071,1.30085,1.50,1.12
2015.03.22 23:04:15.511,1.30072,1.30085,1.00,1.12
2015.03.22 23:04:17.024,1.30071,1.30085,1.00,1.00
2015.03.22 23:04:17.342,1.30071,1.30082,1.00,1.00
2015.03.22 23:04:17.444,1.30068,1.3008,1.00,1.00
2015.03.22 23:04:19.985,1.30066,1.30079,1.50,1.00
2015.03.22 23:04:20.140,1.30063,1.30077,1.37,1.00
2015.03.22 23:04:20.394,1.30061,1.30075,1.25,1.00
2015.03.22 23:04:23.207,1.30065,1.30079,1.12,1.25
2015.03.22 23:04:23.513,1.30071,1.30085,1.00,1.00
2015.03.22 23:04:24.197,1.30072,1.30085,1.00,1.00
2015.03.22 23:04:24.717,1.30071,1.30085,1.00,1.00
2015.03.22 23:04:25.527,1.30073,1.30087,1.00,1.00
2015.03.22 23:04:26.036,1.30074,1.30086,1.00,1.00
2015.03.22 23:04:32.720,1.30075,1.30087,1.00,1.00
2015.03.22 23:04:34.250,1.30076,1.30087,1.25,1.00
2015.03.22 23:04:34.352,1.30081,1.30093,1.00,1.00
2015.03.22 23:04:34.936,1.30082,1.30096,1.00,1.00
2015.03.22 23:04:36.780,1.30084,1.30098,1.00,1.00
2015.03.22 23:04:37.135,1.30087,1.30098,1.00,1.00
2015.03.22 23:04:37.541,1.30089,1.30099,1.00,1.00
2015.03.22 23:04:39.561,1.30089,1.30099,1.19,1.00
2015.03.22 23:04:40.558,1.30089,1.30099,1.25,1.00
2015.03.22 23:04:43.285,1.30089,1.301,1.69,1.00
2015.03.22 23:04:43.597,1.30094,1.301,1.00,1.00
2015.03.22 23:04:45.248,1.30094,1.30099,1.00,1.00
2015.03.22 23:04:45.501,1.30092,1.30099,2.06,1.00
2015.03.22 23:04:46.029,1.30092,1.301,2.06,1.00
2015.03.22 23:04:47.356,1.30091,1.301,1.00,1.00
2015.03.22 23:04:47.883,1.3009,1.301,1.25,1.00
2015.03.22 23:04:51.296,1.30089,1.301,1.87,1.00
2015.03.22 23:04:51.347,1.30091,1.301,1.00,1.00
2015.03.22 23:04:51.662,1.30091,1.301,1.37,1.00
2015.03.22 23:04:51.713,1.30091,1.301,1.19,1.00
2015.03.22 23:04:51.765,1.30096,1.301,1.00,1.00
2015.03.22 23:04:52.125,1.30098,1.301,1.00,1.00
2015.03.22 23:04:52.176,1.30098,1.30102,1.00,1.00
2015.03.22 23:04:52.278,1.30098,1.30101,1.50,1.00
2015.03.22 23:04:52.584,1.30099,1.30104,1.07,1.00
2015.03.22 23:04:53.090,1.30096,1.30103,1.12,1.00
2015.03.22 23:04:53.514,1.30098,1.30104,1.05,1.00
2015.03.22 23:04:57.266,1.30097,1.30105,1.05,1.00
2015.03.22 23:04:57.883,1.301,1.30105,1.00,1.00
2015.03.22 23:04:58.497,1.30099,1.30107,1.20,1.00
2015.03.22 23:04:58.825,1.30107,1.30117,1.19,1.00
2015.03.22 23:04:58.876,1.30111,1.30123,1.00,1.37
2015.03.22 23:04:58.928,1.30111,1.30123,1.00,1.00
2015.03.22 23:04:59.293,1.30113,1.30125,1.00,1.00
2015.03.22 23:05:00.834,1.30114,1.30128,1.00,1.00
2015.03.22 23:05:01.343,1.30114,1.30128,1.69,1.00
2015.03.22 23:05:01.394,1.30117,1.30129,1.00,1.00
2015.03.22 23:05:05.636,1.30119,1.30131,1.00,1.00
2015.03.22 23:05:06.924,1.30117,1.30129,1.19,1.00
2015.03.22 23:05:07.528,1.30117,1.30129,1.00,1.00
2015.03.22 23:05:10.728,1.30115,1.30127,1.19,1.00
2015.03.22 23:05:11.657,1.30115,1.30127,1.25,1.00
2015.03.22 23:05:16.432,1.30112,1.30126,1.00,1.00
2015.03.22 23:05:19.541,1.30111,1.30123,1.00,1.00
2015.03.22 23:05:24.638,1.30109,1.30123,1.00,1.00
2015.03.22 23:05:28.150,1.30108,1.3012,1.00,1.00
2015.03.22 23:05:28.482,1.30106,1.30118,1.19,1.00
2015.03.22 23:05:29.016,1.30106,1.30118,1.00,1.00
2015.03.22 23:05:29.398,1.30104,1.30116,1.00,1.00
2015.03.22 23:05:32.978,1.30106,1.30118,1.00,1.00
2015.03.22 23:05:37.470,1.30104,1.30116,1.00,1.00
2015.03.22 23:05:38.372,1.30101,1.30115,1.19,1.00
2015.03.22 23:05:39.302,1.30101,1.30115,1.31,1.00
2015.03.22 23:05:41.441,1.30101,1.30115,1.62,1.00
2015.03.22 23:05:42.198,1.30104,1.30116,1.00,1.00
2015.03.22 23:05:43.971,1.30104,1.30116,1.00,1.37
2015.03.22 23:05:44.476,1.30104,1.30116,1.00,1.37
2015.03.22 23:05:46.347,1.30104,1.30113,1.00,1.00
2015.03.22 23:05:46.500,1.30104,1.30116,1.00,1.37
2015.03.22 23:05:47.169,1.30104,1.30116,1.00,1.37
2015.03.22 23:05:47.496,1.30105,1.30117,1.00,1.87
2015.03.22 23:05:47.597,1.30107,1.30119,1.00,1.37
2015.03.22 23:05:48.139,1.30107,1.30119,1.00,1.12
2015.03.22 23:05:48.445,1.30105,1.30117,1.00,1.37
2015.03.22 23:05:48.496,1.30105,1.30117,1.00,1.12
2015.03.22 23:05:48.903,1.30105,1.30117,1.00,1.37
2015.03.22 23:05:49.301,1.30105,1.30117,1.00,1.12
2015.03.22 23:05:49.405,1.30108,1.3012,1.37,1.50
2015.03.22 23:05:49.507,1.3011,1.30122,1.00,1.00
2015.03.22 23:05:49.609,1.30112,1.30122,1.00,1.00
2015.03.22 23:05:49.812,1.30112,1.30124,1.50,1.00
2015.03.22 23:05:50.218,1.30112,1.30122,1.00,1.00
2015.03.22 23:05:50.737,1.3011,1.30122,1.00,1.00
2015.03.22 23:05:51.269,1.30109,1.30121,1.00,1.00
2015.03.22 23:05:54.542,1.3011,1.30122,1.00,1.00
2015.03.22 23:05:56.942,1.30112,1.30122,1.00,1.00
2015.03.22 23:05:57.247,1.30114,1.30125,1.00,1.00
2015.03.22 23:05:57.763,1.30114,1.30126,1.19,1.00
2015.03.22 23:05:59.366,1.30114,1.30126,1.69,1.00
2015.03.22 23:06:02.306,1.30114,1.30126,1.69,1.00
2015.03.22 23:06:02.829,1.30115,1.30127,1.25,1.00
2015.03.22 23:06:03.244,1.30115,1.30125,1.25,1.00
2015.03.22 23:06:03.346,1.30113,1.30125,1.50,1.00
2015.03.22 23:06:03.753,1.30113,1.30123,1.00,1.00
2015.03.22 23:06:11.019,1.30111,1.30123,1.50,1.00
2015.03.22 23:06:11.278,1.30111,1.30123,1.87,1.00
2015.03.22 23:06:11.380,1.30114,1.30125,1.12,1.00
2015.03.22 23:06:11.482,1.30115,1.30127,1.00,1.50
2015.03.22 23:06:14.493,1.30115,1.30127,1.19,1.00
2015.03.22 23:06:14.595,1.30116,1.3013,1.19,1.12
2015.03.22 23:06:14.788,1.30121,1.30131,1.00,1.37
2015.03.22 23:06:15.763,1.30121,1.30133,1.00,1.37
2015.03.22 23:06:16.067,1.30123,1.30135,1.00,1.50
2015.03.22 23:06:18.027,1.30123,1.30135,1.19,1.50
2015.03.22 23:06:18.482,1.30121,1.30133,1.25,1.37
2015.03.22 23:06:20.751,1.30121,1.30133,1.25,1.37
2015.03.22 23:06:21.175,1.30123,1.30135,1.00,2.25
2015.03.22 23:06:23.445,1.30123,1.30133,1.25,1.37
2015.03.22 23:06:23.969,1.30123,1.30135,1.25,1.75
2015.03.22 23:06:24.947,1.30123,1.30135,1.25,1.75
2015.03.22 23:06:25.482,1.30123,1.30135,1.19,1.75
2015.03.22 23:06:26.232,1.30123,1.30135,1.00,1.75
2015.03.22 23:06:27.154,1.30123,1.30135,1.00,1.75
2015.03.22 23:06:27.875,1.30122,1.30135,1.19,1.75
2015.03.22 23:06:28.606,1.30122,1.30135,1.19,1.75
2015.03.22 23:06:28.657,1.30122,1.30135,1.00,1.75
2015.03.22 23:06:29.162,1.30121,1.30133,1.25,1.37
2015.03.22 23:06:31.408,1.30121,1.30133,1.25,1.37
2015.03.22 23:06:32.230,1.30121,1.30133,1.25,1.37
2015.03.22 23:06:32.433,1.30123,1.30135,1.00,1.75
2015.03.22 23:06:39.397,1.30123,1.30135,1.00,1.75
2015.03.22 23:06:39.954,1.30122,1.30134,1.00,1.50
2015.03.22 23:06:40.331,1.30127,1.30139,1.00,1.37
2015.03.22 23:06:40.433,1.30132,1.30144,1.00,1.00
2015.03.22 23:06:40.585,1.30132,1.30144,2.06,1.00
2015.03.22 23:06:40.636,1.30135,1.30147,1.00,1.00
2015.03.22 23:06:40.839,1.30137,1.30149,1.00,1.12
2015.03.22 23:06:41.144,1.30139,1.30153,1.25,1.00
2015.03.22 23:06:42.061,1.30139,1.30153,1.19,1.00
2015.03.22 23:06:44.644,1.30142,1.30154,1.00,1.00
2015.03.22 23:06:44.949,1.30139,1.3015,1.19,1.00
2015.03.22 23:06:45.000,1.30139,1.3015,1.00,1.00
2015.03.22 23:06:45.152,1.30142,1.3015,1.00,1.00
2015.03.22 23:06:45.203,1.30142,1.30153,1.00,1.00
2015.03.22 23:06:45.255,1.30142,1.30155,1.00,1.00
2015.03.22 23:06:45.356,1.3014,1.30152,1.00,1.00
2015.03.22 23:06:45.458,1.30137,1.30151,1.00,1.00
2015.03.22 23:06:45.984,1.30137,1.3015,1.00,1.00
2015.03.22 23:06:46.035,1.30135,1.3015,1.50,1.50
2015.03.22 23:06:46.340,1.30137,1.3015,1.00,2.25
2015.03.22 23:06:46.648,1.30137,1.3015,1.00,1.87
2015.03.22 23:06:47.221,1.30137,1.3015,1.00,1.87
2015.03.22 23:06:47.539,1.30135,1.30148,1.50,1.87
2015.03.22 23:06:47.894,1.30134,1.30143,1.50,1.00
2015.03.22 23:06:48.098,1.30135,1.30147,1.00,1.87
2015.03.22 23:06:48.199,1.30136,1.30147,1.19,1.87
2015.03.22 23:06:48.250,1.30138,1.30147,1.19,1.00
2015.03.22 23:06:48.301,1.30138,1.30151,1.19,1.12
2015.03.22 23:06:48.504,1.30139,1.30152,1.00,1.50
2015.03.22 23:06:49.023,1.30138,1.30152,1.25,1.00
2015.03.22 23:06:50.404,1.30138,1.30152,1.19,1.00
2015.03.22 23:06:51.482,1.30138,1.30152,1.19,1.00
2015.03.22 23:06:52.198,1.30138,1.30152,1.00,1.00
2015.03.22 23:06:53.073,1.30137,1.30149,1.25,1.37
2015.03.22 23:06:53.579,1.30137,1.30149,1.00,1.00
2015.03.22 23:06:53.883,1.30135,1.30147,1.16,1.00
2015.03.22 23:06:54.390,1.30135,1.30146,1.54,1.00
2015.03.22 23:06:54.897,1.30135,1.30147,1.54,1.50
2015.03.22 23:06:55.694,1.30133,1.30145,1.79,1.00
2015.03.22 23:06:56.150,1.30134,1.30143,1.05,1.00
2015.03.22 23:06:56.353,1.30129,1.30141,1.00,1.00
2015.03.22 23:06:56.406,1.30127,1.30139,1.91,1.00
2015.03.22 23:06:57.789,1.30127,1.30139,1.12,1.37
2015.03.22 23:06:58.299,1.30125,1.30137,1.37,1.00
2015.03.22 23:06:59.020,1.30122,1.30136,1.00,1.00
2015.03.22 23:06:59.822,1.30125,1.30137,1.00,1.00
2015.03.22 23:07:01.743,1.30125,1.30137,1.00,1.37
2015.03.22 23:07:01.795,1.30123,1.30135,1.00,1.00
2015.03.22 23:07:01.845,1.30123,1.30135,1.00,1.37
2015.03.22 23:07:02.200,1.30123,1.30135,1.00,1.00
2015.03.22 23:07:02.639,1.30124,1.30138,1.00,1.87
2015.03.22 23:07:04.105,1.30127,1.30138,1.00,1.12
2015.03.22 23:07:07.935,1.30129,1.30139,1.00,1.37
2015.03.22 23:07:08.240,1.30131,1.3014,1.00,1.37
2015.03.22 23:07:08.552,1.30133,1.3014,1.00,1.37
2015.03.22 23:07:11.989,1.30134,1.3014,1.00,1.37
2015.03.22 23:07:12.811,1.30136,1.30141,1.00,1.37
2015.03.22 23:07:13.064,1.30134,1.30141,1.00,1.37
2015.03.22 23:07:16.573,1.30134,1.30141,1.00,1.00
2015.03.22 23:07:16.788,1.30134,1.30145,1.00,1.00
2015.03.22 23:07:18.119,1.30136,1.30145,1.00,1.00
2015.03.22 23:07:23.488,1.30135,1.30145,1.00,1.00
2015.03.22 23:07:24.001,1.30136,1.30145,1.00,1.00
2015.03.22 23:07:27.502,1.30135,1.30145,1.00,1.50
2015.03.22 23:07:28.133,1.30133,1.30144,1.00,1.00
2015.03.22 23:07:28.235,1.30131,1.30143,1.00,1.00
2015.03.22 23:07:28.742,1.30131,1.30142,1.00,1.00
2015.03.22 23:07:31.111,1.30131,1.30139,1.00,1.00
2015.03.22 23:07:31.213,1.30128,1.30139,1.25,1.00
2015.03.22 23:07:31.723,1.30126,1.30139,1.69,1.00
2015.03.22 23:07:34.730,1.30126,1.30138,1.25,1.00
2015.03.22 23:07:35.270,1.30126,1.30139,1.25,1.00
2015.03.22 23:07:36.133,1.30125,1.30139,1.19,1.50
2015.03.22 23:07:36.673,1.30124,1.30138,1.69,1.00
2015.03.22 23:07:39.054,1.30127,1.30139,1.19,1.00
2015.03.22 23:07:42.724,1.30125,1.30137,1.19,1.00
2015.03.22 23:07:43.252,1.30125,1.30137,1.19,1.87
2015.03.22 23:07:43.764,1.30125,1.30137,1.19,2.25
2015.03.22 23:07:43.966,1.30125,1.30137,1.00,1.50
2015.03.22 23:07:44.546,1.30122,1.30136,1.31,1.00
2015.03.22 23:07:47.043,1.30125,1.30137,1.25,1.87
2015.03.22 23:07:47.543,1.30125,1.30137,1.25,1.37
2015.03.22 23:07:48.583,1.30125,1.30137,1.19,1.37
2015.03.22 23:07:48.634,1.30125,1.30137,1.19,1.12
2015.03.22 23:07:49.206,1.30125,1.30137,1.25,1.00
2015.03.22 23:07:49.622,1.30125,1.30137,1.25,1.37
2015.03.22 23:07:50.645,1.30125,1.30137,1.19,1.12
2015.03.22 23:07:51.575,1.30125,1.30137,1.19,1.37
2015.03.22 23:07:52.027,1.30125,1.30137,1.19,1.00
2015.03.22 23:07:52.539,1.30126,1.30138,1.25,1.00
2015.03.22 23:07:53.097,1.30126,1.30138,1.19,1.00
2015.03.22 23:07:54.165,1.30126,1.30138,1.19,1.00
2015.03.22 23:07:55.087,1.30124,1.30132,1.00,1.00
2015.03.22 23:07:55.138,1.30121,1.30132,1.00,1.00
2015.03.22 23:07:55.341,1.3012,1.30132,1.19,1.37
2015.03.22 23:07:55.392,1.30118,1.3013,1.00,1.12
2015.03.22 23:07:55.443,1.30117,1.30128,1.25,1.00
2015.03.22 23:07:55.545,1.30113,1.30127,1.00,1.00
2015.03.22 23:07:55.647,1.30111,1.30125,1.00,1.00
2015.03.22 23:07:56.664,1.30109,1.30123,1.00,1.00
2015.03.22 23:07:56.968,1.30111,1.30123,1.00,1.00
2015.03.22 23:07:57.322,1.30109,1.30122,1.50,1.00
2015.03.22 23:07:58.692,1.30109,1.30121,1.00,1.00
2015.03.22 23:07:59.237,1.30107,1.3012,1.87,1.00
2015.03.22 23:08:00.770,1.30107,1.30118,1.00,1.00
2015.03.22 23:08:00.922,1.301,1.30113,1.50,1.00
2015.03.22 23:08:00.973,1.301,1.30109,1.00,1.00
2015.03.22 23:08:01.024,1.30096,1.30109,1.00,1.00
2015.03.22 23:08:01.531,1.30095,1.30109,1.00,1.00
2015.03.22 23:08:02.089,1.30093,1.30107,1.00,1.00
2015.03.22 23:08:08.119,1.30096,1.30108,1.25,1.00
2015.03.22 23:08:08.423,1.301,1.30112,1.00,1.00
2015.03.22 23:08:08.727,1.30102,1.30114,1.00,1.00
2015.03.22 23:08:12.468,1.30102,1.30114,1.00,1.75
2015.03.22 23:08:12.519,1.30097,1.30111,1.00,1.37
2015.03.22 23:08:12.570,1.30097,1.30111,1.00,1.75
2015.03.22 23:08:12.621,1.30093,1.30107,2.25,1.37
2015.03.22 23:08:12.723,1.30091,1.30105,1.00,1.37
2015.03.22 23:08:12.774,1.30091,1.30105,1.00,1.00
2015.03.22 23:08:22.413,1.30091,1.30103,1.00,1.00
2015.03.22 23:08:23.707,1.30092,1.30106,1.00,1.00
2015.03.22 23:08:27.335,1.30092,1.30104,1.00,1.00
2015.03.22 23:08:27.857,1.30092,1.30105,1.00,1.00
2015.03.22 23:08:30.744,1.30096,1.30105,1.00,1.00
2015.03.22 23:08:30.846,1.30096,1.30108,1.00,1.00
2015.03.22 23:08:30.947,1.30098,1.3011,1.00,1.00
2015.03.22 23:08:31.656,1.301,1.30112,1.00,1.00
2015.03.22 23:08:31.973,1.30098,1.3011,1.00,1.00
2015.03.22 23:08:32.277,1.30092,1.30104,1.00,1.50
2015.03.22 23:08:32.800,1.30091,1.30104,1.00,1.00
2015.03.22 23:08:33.054,1.30089,1.30103,1.00,1.00
2015.03.22 23:08:42.254,1.3009,1.30103,1.00,1.00
2015.03.22 23:08:42.761,1.30089,1.30103,1.00,1.12
2015.03.22 23:08:43.168,1.30089,1.30101,1.00,1.00
2015.03.22 23:08:43.472,1.30088,1.30097,1.00,1.12
2015.03.22 23:08:43.523,1.30086,1.30097,1.00,1.12
2015.03.22 23:08:44.051,1.30085,1.30097,1.00,1.12
2015.03.22 23:08:52.369,1.30084,1.30098,1.00,1.00
2015.03.22 23:08:52.873,1.30084,1.30097,1.00,1.00
2015.03.22 23:08:55.682,1.30084,1.30094,1.00,1.00
2015.03.22 23:08:56.036,1.30082,1.30093,1.50,1.00
2015.03.22 23:08:56.264,1.3008,1.30092,2.25,1.00
2015.03.22 23:09:01.995,1.3008,1.30091,2.25,1.00
2015.03.22 23:09:02.198,1.3008,1.30093,2.25,1.00
2015.03.22 23:09:04.324,1.30081,1.30093,1.00,1.00
2015.03.22 23:09:04.905,1.3008,1.30093,1.12,1.00
2015.03.22 23:09:05.326,1.30079,1.30091,1.50,1.00
2015.03.22 23:09:05.733,1.30081,1.3009,1.00,1.00
2015.03.22 23:09:19.156,1.30081,1.30091,1.00,1.50
2015.03.22 23:09:33.578,1.30081,1.30093,1.00,1.50
2015.03.22 23:09:41.680,1.30081,1.30093,1.50,1.87
2015.03.22 23:09:42.451,1.30079,1.3009,1.50,1.37
2015.03.22 23:09:48.374,1.30079,1.30088,1.00,1.37
2015.03.22 23:09:48.527,1.30076,1.30085,1.00,1.00
2015.03.22 23:09:48.679,1.30078,1.30086,1.37,1.12
2015.03.22 23:09:48.984,1.30081,1.3009,1.00,1.37
2015.03.22 23:09:49.490,1.3008,1.3009,1.00,1.37
2015.03.22 23:09:50.493,1.3008,1.3009,1.00,1.37
2015.03.22 23:09:51.505,1.3008,1.30091,1.37,1.87
2015.03.22 23:09:52.039,1.3008,1.3009,1.00,1.37
2015.03.22 23:09:52.772,1.30079,1.30091,1.50,2.62
2015.03.22 23:09:53.344,1.30079,1.30089,1.50,1.37
2015.03.22 23:09:53.932,1.30079,1.30085,1.00,1.00
2015.03.22 23:09:54.971,1.30079,1.30086,1.00,1.12
2015.03.22 23:09:55.131,1.30077,1.30086,1.50,1.12
2015.03.22 23:09:55.641,1.30077,1.30085,1.50,1.00
2015.03.22 23:09:56.234,1.30077,1.30086,1.50,1.12
2015.03.22 23:09:56.989,1.30077,1.30089,1.50,1.50
2015.03.22 23:10:05.095,1.30078,1.30089,1.00,1.00
2015.03.22 23:10:06.346,1.30078,1.3009,1.12,1.50
2015.03.22 23:10:07.399,1.3008,1.30091,1.00,1.00
2015.03.22 23:10:07.917,1.3008,1.3009,1.00,1.00
2015.03.22 23:10:09.342,1.30078,1.3009,1.00,1.50
2015.03.22 23:10:10.611,1.30077,1.30088,1.00,1.00
2015.03.22 23:10:11.027,1.30078,1.3009,1.00,1.50
2015.03.22 23:10:22.581,1.30078,1.30089,1.00,1.00
2015.03.22 23:10:23.525,1.30077,1.30089,1.00,1.50
2015.03.22 23:10:29.070,1.30078,1.30089,1.00,1.00
2015.03.22 23:10:29.475,1.3008,1.30091,1.00,1.00
2015.03.22 23:10:29.576,1.30077,1.30089,1.50,1.00
2015.03.22 23:10:30.082,1.30077,1.30088,1.50,1.00
2015.03.22 23:10:31.169,1.30077,1.30089,1.50,1.00
2015.03.22 23:10:37.205,1.30077,1.30088,1.00,1.00
2015.03.22 23:10:37.831,1.30077,1.30087,1.00,1.50
2015.03.22 23:10:43.978,1.30079,1.30087,1.00,1.00
2015.03.22 23:10:51.132,1.30078,1.30087,1.00,1.50
2015.03.22 23:10:52.224,1.30076,1.30087,1.00,2.25
2015.03.22 23:10:57.055,1.30076,1.30086,1.00,1.00
2015.03.22 23:10:57.157,1.30072,1.30085,1.00,1.00
2015.03.22 23:10:57.258,1.30072,1.30083,1.00,1.00
2015.03.22 23:10:57.461,1.30072,1.30085,1.00,1.00
2015.03.22 23:10:57.563,1.30075,1.30085,1.00,1.00
2015.03.22 23:10:57.817,1.30075,1.30087,1.00,1.00
2015.03.22 23:10:58.132,1.30077,1.30088,1.00,3.00
2015.03.22 23:10:58.830,1.30072,1.30086,3.37,1.00
2015.03.22 23:10:59.238,1.30074,1.30088,1.12,3.75
2015.03.22 23:10:59.989,1.30074,1.30085,1.12,1.00
2015.03.22 23:11:00.141,1.30071,1.30084,2.25,1.00
2015.03.22 23:11:00.648,1.3007,1.30083,1.00,1.00
2015.03.22 23:11:03.438,1.30071,1.30083,1.00,1.00
2015.03.22 23:11:04.360,1.3007,1.30083,1.00,1.00
2015.03.22 23:11:05.766,1.30071,1.30083,1.00,1.00
2015.03.22 23:11:06.493,1.3007,1.30083,1.00,1.00
2015.03.22 23:11:10.607,1.3007,1.30081,1.00,1.00
2015.03.22 23:11:11.129,1.3007,1.30082,2.25,1.00
2015.03.22 23:11:14.866,1.3007,1.30081,1.00,1.00
2015.03.22 23:11:16.182,1.30068,1.30081,1.00,1.00
2015.03.22 23:11:16.746,1.30068,1.30081,1.00,1.37
2015.03.22 23:11:20.881,1.30068,1.30081,1.00,1.00
2015.03.22 23:11:22.303,1.30069,1.30081,1.00,1.00
2015.03.22 23:11:31.508,1.30067,1.30079,1.25,1.00
2015.03.22 23:11:32.707,1.30068,1.30079,1.00,1.50
2015.03.22 23:11:34.098,1.3007,1.30079,1.00,1.50
2015.03.22 23:11:34.251,1.3007,1.30081,1.00,3.75
2015.03.22 23:11:39.298,1.30069,1.30081,1.00,1.00
2015.03.22 23:11:43.404,1.30071,1.30082,1.00,1.00
2015.03.22 23:11:43.709,1.30073,1.30084,1.37,1.00
2015.03.22 23:11:43.811,1.30073,1.30084,1.00,1.00
2015.03.22 23:11:53.112,1.30073,1.30083,1.00,1.00
2015.03.22 23:11:57.761,1.30071,1.30083,1.00,1.50
2015.03.22 23:12:06.294,1.30072,1.30083,1.00,1.00
2015.03.22 23:12:16.351,1.30073,1.30083,1.25,1.00
2015.03.22 23:12:16.453,1.30074,1.30087,1.00,1.50
2015.03.22 23:12:17.758,1.30075,1.30087,1.00,1.00
2015.03.22 23:12:23.729,1.30074,1.30087,2.44,1.00
2015.03.22 23:12:26.754,1.30074,1.30087,2.44,1.00
2015.03.22 23:12:26.959,1.30074,1.30085,1.69,1.00
2015.03.22 23:12:27.164,1.30074,1.30087,1.19,1.50
2015.03.22 23:12:28.052,1.30074,1.30087,1.25,1.50
2015.03.22 23:12:28.871,1.30075,1.30087,1.00,1.50
2015.03.22 23:12:29.739,1.30074,1.30087,1.25,3.00
2015.03.22 23:12:31.389,1.30073,1.30086,2.44,1.00
2015.03.22 23:12:31.911,1.30073,1.30086,2.44,1.00
2015.03.22 23:12:32.272,1.30074,1.30083,1.00,1.00
2015.03.22 23:12:32.780,1.30072,1.30083,1.69,1.50
2015.03.22 23:12:33.292,1.30072,1.30084,2.44,1.00
2015.03.22 23:12:33.597,1.30071,1.30082,1.19,1.00
2015.03.22 23:12:33.902,1.30071,1.30082,1.25,1.00
2015.03.22 23:12:34.054,1.30071,1.30085,1.25,3.75
2015.03.22 23:12:34.309,1.30071,1.30083,1.25,1.00
2015.03.22 23:12:35.075,1.3007,1.30082,1.69,1.00
2015.03.22 23:12:35.591,1.3007,1.30083,1.69,1.00
2015.03.22 23:12:35.915,1.30072,1.30084,1.19,1.00
2015.03.22 23:12:36.442,1.30072,1.30085,1.69,1.00
2015.03.22 23:12:36.976,1.30074,1.30084,1.25,1.50
2015.03.22 23:12:37.078,1.30074,1.30086,1.25,1.50
2015.03.22 23:12:37.914,1.30073,1.30084,1.19,1.00
2015.03.22 23:12:38.219,1.30076,1.30083,1.00,1.00
2015.03.22 23:12:38.321,1.30074,1.30083,1.25,1.00
2015.03.22 23:12:38.372,1.30074,1.30086,1.25,1.00
2015.03.22 23:12:38.779,1.30073,1.30083,2.25,1.00
2015.03.22 23:12:38.881,1.30071,1.30085,2.44,2.25
2015.03.22 23:12:39.818,1.30071,1.30085,2.44,2.25
2015.03.22 23:12:42.087,1.30073,1.30084,1.25,1.00
2015.03.22 23:12:42.597,1.30073,1.30087,2.44,2.25
2015.03.22 23:12:42.888,1.30073,1.30085,1.69,1.00
2015.03.22 23:12:43.193,1.30073,1.30087,1.69,1.50
2015.03.22 23:12:43.582,1.30073,1.30087,1.69,1.50
2015.03.22 23:12:45.204,1.30073,1.30087,2.44,1.50
2015.03.22 23:12:45.715,1.30073,1.30087,1.69,2.25
2015.03.22 23:12:46.359,1.30073,1.30086,1.69,1.00
2015.03.22 23:12:46.860,1.30073,1.30087,1.69,2.25
2015.03.22 23:12:47.376,1.30073,1.30085,1.69,1.00
2015.03.22 23:12:48.120,1.30073,1.30085,1.25,1.00
2015.03.22 23:12:49.291,1.30074,1.30087,1.00,1.00
2015.03.22 23:12:49.543,1.30073,1.30085,1.25,1.00
2015.03.22 23:12:50.520,1.30073,1.30084,1.00,1.00
2015.03.22 23:12:51.180,1.3007,1.30084,2.44,2.25
2015.03.22 23:12:53.105,1.3007,1.30084,2.44,2.25
2015.03.22 23:12:54.248,1.30071,1.30084,1.00,1.50
2015.03.22 23:12:54.401,1.30071,1.30082,1.00,1.00
2015.03.22 23:12:54.916,1.30068,1.30082,2.44,2.25
2015.03.22 23:12:55.655,1.30068,1.30082,2.25,3.00
2015.03.22 23:12:56.187,1.30068,1.30081,1.19,1.00
2015.03.22 23:12:56.953,1.30068,1.30081,1.25,1.00
2015.03.22 23:12:59.117,1.30068,1.30079,1.25,1.00
2015.03.22 23:12:59.270,1.30065,1.30078,1.69,1.00
2015.03.22 23:12:59.807,1.30064,1.30078,2.44,3.00
2015.03.22 23:13:03.387,1.30063,1.30075,1.00,1.00
2015.03.22 23:13:04.211,1.30064,1.30075,1.00,1.00
2015.03.22 23:13:04.313,1.30065,1.30077,1.25,1.00
2015.03.22 23:13:04.516,1.30067,1.30079,1.00,1.00
2015.03.22 23:13:06.584,1.30066,1.30077,1.25,1.00
2015.03.22 23:13:07.190,1.30067,1.30079,1.00,2.25
2015.03.22 23:13:08.381,1.30067,1.30078,1.00,1.00
2015.03.22 23:13:09.444,1.30065,1.30078,1.19,1.50
2015.03.22 23:13:11.082,1.30065,1.30078,1.00,1.50
2015.03.22 23:13:11.133,1.30064,1.30075,1.00,1.00
2015.03.22 23:13:11.636,1.30063,1.30075,1.50,1.00
2015.03.22 23:13:15.167,1.30063,1.30075,1.19,1.00
2015.03.22 23:13:16.107,1.30064,1.30076,1.69,1.00
2015.03.22 23:13:18.174,1.30063,1.30076,3.19,1.50
2015.03.22 23:13:19.796,1.30063,1.30077,2.44,1.50
2015.03.22 23:13:20.801,1.30063,1.30076,1.69,1.00
2015.03.22 23:13:23.084,1.30063,1.30076,1.69,1.00
2015.03.22 23:13:23.927,1.30063,1.30076,1.69,1.00
2015.03.22 23:13:25.594,1.30063,1.30076,2.25,1.00
2015.03.22 23:13:25.900,1.30053,1.30063,1.50,1.00
2015.03.22 23:13:26.002,1.30051,1.30063,1.00,1.50
2015.03.22 23:13:26.686,1.30049,1.30061,1.50,1.00
2015.03.22 23:13:27.236,1.30049,1.30061,1.69,1.00
2015.03.22 23:13:28.110,1.30049,1.30061,1.69,3.00
2015.03.22 23:13:28.617,1.3005,1.30061,1.00,1.00
2015.03.22 23:13:33.218,1.3005,1.30062,1.00,2.25
2015.03.22 23:13:34.188,1.30049,1.30062,1.25,2.25
2015.03.22 23:13:34.493,1.30048,1.30059,1.50,1.00
2015.03.22 23:13:34.747,1.30043,1.30055,1.00,1.50
2015.03.22 23:13:34.798,1.30041,1.30055,2.44,2.25
2015.03.22 23:13:34.900,1.3004,1.30052,1.31,1.00
2015.03.22 23:13:35.416,1.3004,1.30052,1.25,1.00
2015.03.22 23:13:35.986,1.30042,1.30053,1.00,1.00
2015.03.22 23:13:40.215,1.3004,1.30049,1.00,1.00
2015.03.22 23:13:40.520,1.3003,1.30038,1.00,1.00
2015.03.22 23:13:40.723,1.3003,1.30042,1.50,1.50
2015.03.22 23:13:41.194,1.3003,1.30042,1.50,1.87
2015.03.22 23:13:41.971,1.3003,1.30042,1.00,2.25
2015.03.22 23:13:42.898,1.3003,1.30041,1.00,1.00
2015.03.22 23:13:45.638,1.30032,1.30041,1.00,1.00
2015.03.22 23:13:47.185,1.30032,1.30038,1.00,1.00
2015.03.22 23:13:47.346,1.30032,1.30041,1.00,1.50
2015.03.22 23:13:50.742,1.3003,1.30041,1.00,1.00
2015.03.22 23:13:54.306,1.3003,1.30041,1.87,1.00
2015.03.22 23:13:54.357,1.30032,1.30043,1.12,1.00
2015.03.22 23:13:54.612,1.30034,1.30044,1.00,1.00
2015.03.22 23:13:54.663,1.30035,1.30048,1.00,1.00
2015.03.22 23:13:55.176,1.30035,1.30047,1.00,1.00
2015.03.22 23:13:55.686,1.30035,1.30046,1.00,1.00
2015.03.22 23:13:56.764,1.30034,1.30046,1.00,1.00
2015.03.22 23:13:57.447,1.30031,1.30044,1.69,1.00
2015.03.22 23:13:57.752,1.30033,1.30046,1.69,1.50
2015.03.22 23:14:00.387,1.30033,1.30045,1.19,1.00
2015.03.22 23:14:01.299,1.30032,1.30045,2.44,1.00
2015.03.22 23:14:02.409,1.30032,1.30045,1.25,2.25
2015.03.22 23:14:09.865,1.30031,1.30043,2.44,1.00
2015.03.22 23:14:13.205,1.30031,1.30043,2.44,1.00
2015.03.22 23:14:14.254,1.30031,1.30043,1.25,1.00
2015.03.22 23:14:14.533,1.30034,1.30043,1.00,1.00
2015.03.22 23:14:15.060,1.30033,1.30043,1.50,1.00
2015.03.22 23:14:15.694,1.30033,1.30045,2.44,1.00
2015.03.22 23:14:17.163,1.30034,1.30045,1.50,1.00
2015.03.22 23:14:19.190,1.30033,1.30045,2.25,1.00
2015.03.22 23:14:19.540,1.30033,1.30045,2.44,1.00
2015.03.22 23:14:20.812,1.30037,1.30046,1.00,1.00
2015.03.22 23:14:20.863,1.30037,1.30048,1.00,1.00
2015.03.22 23:14:27.184,1.30037,1.30047,1.00,1.00
2015.03.22 23:14:27.731,1.30038,1.30048,1.00,1.00
2015.03.22 23:14:32.009,1.30038,1.30049,1.00,3.00
2015.03.22 23:14:32.060,1.30038,1.30047,1.00,1.00
2015.03.22 23:14:32.583,1.30038,1.30048,1.00,1.00
2015.03.22 23:14:32.796,1.30036,1.30048,1.00,1.00
2015.03.22 23:14:34.157,1.30036,1.30046,1.00,1.00
2015.03.22 23:14:34.411,1.30036,1.30048,1.00,1.50
2015.03.22 23:14:34.975,1.30036,1.30047,1.00,1.00
2015.03.22 23:14:36.360,1.30036,1.30048,1.00,2.25
2015.03.22 23:14:40.379,1.30036,1.30049,1.00,2.62
2015.03.22 23:14:40.914,1.30036,1.30048,1.00,1.00
2015.03.22 23:14:41.425,1.30036,1.30049,1.50,1.12
2015.03.22 23:14:44.449,1.30037,1.30049,1.00,1.00
2015.03.22 23:14:44.704,1.30037,1.30048,1.00,1.37
2015.03.22 23:14:45.113,1.30038,1.30049,1.00,1.00
2015.03.22 23:14:45.620,1.30038,1.3005,1.00,1.50
2015.03.22 23:14:46.131,1.30037,1.30049,1.50,1.50
2015.03.22 23:14:46.284,1.30037,1.30047,1.50,1.00
2015.03.22 23:14:46.663,1.30035,1.30047,1.00,1.00
2015.03.22 23:14:46.916,1.30035,1.30047,1.00,2.62
2015.03.22 23:14:48.734,1.30035,1.30046,1.00,1.50
2015.03.22 23:14:49.048,1.30033,1.30044,1.25,1.00
2015.03.22 23:14:49.563,1.30033,1.30045,1.25,1.87
2015.03.22 23:14:51.209,1.30033,1.30045,1.00,1.87
2015.03.22 23:14:51.523,1.30035,1.30045,1.00,1.12
2015.03.22 23:14:51.928,1.30032,1.30045,1.19,1.12
2015.03.22 23:14:52.458,1.30032,1.30045,2.44,1.12
2015.03.22 23:14:53.396,1.30032,1.30045,2.44,1.12
2015.03.22 23:14:54.414,1.30033,1.30045,1.31,1.50
2015.03.22 23:14:54.719,1.30033,1.30041,1.69,1.00
2015.03.22 23:14:54.871,1.30033,1.30043,1.19,1.00
2015.03.22 23:14:55.074,1.30034,1.30045,1.69,1.00
2015.03.22 23:14:55.595,1.30036,1.30045,1.00,1.00
2015.03.22 23:14:55.697,1.30036,1.30047,1.00,1.00
2015.03.22 23:14:57.267,1.30037,1.30047,1.00,1.00
2015.03.22 23:14:57.572,1.30038,1.3005,2.25,1.50
2015.03.22 23:14:57.623,1.30038,1.3005,2.81,1.50
2015.03.22 23:14:57.877,1.30043,1.30054,1.00,1.50
2015.03.22 23:15:00.459,1.30042,1.30054,1.19,1.00
2015.03.22 23:15:02.469,1.30042,1.30054,1.25,1.00
2015.03.22 23:15:02.570,1.30042,1.3005,1.25,1.00
2015.03.22 23:15:02.774,1.30036,1.30048,2.25,1.87
2015.03.22 23:15:02.875,1.30035,1.30046,1.00,1.00
2015.03.22 23:15:03.418,1.30034,1.30046,1.50,1.00
2015.03.22 23:15:06.681,1.30034,1.3004,1.00,1.00
2015.03.22 23:15:06.834,1.3003,1.30041,1.25,1.87
2015.03.22 23:15:06.885,1.3003,1.30039,1.00,1.50
2015.03.22 23:15:06.987,1.30027,1.30039,1.25,2.25
2015.03.22 23:15:07.140,1.30028,1.30042,1.00,1.50
2015.03.22 23:15:07.394,1.30031,1.30042,1.00,1.00
2015.03.22 23:15:07.904,1.30031,1.30043,1.00,1.00
2015.03.22 23:15:11.796,1.30032,1.30043,1.00,1.00
2015.03.22 23:15:12.369,1.30032,1.30041,1.00,1.37
2015.03.22 23:15:12.420,1.3003,1.3004,1.00,1.37
2015.03.22 23:15:12.522,1.30028,1.30039,1.69,1.12
2015.03.22 23:15:17.378,1.30027,1.30039,1.00,1.37
2015.03.22 23:15:19.359,1.30027,1.30039,1.00,1.00
2015.03.22 23:15:19.872,1.30027,1.3004,1.00,2.25
2015.03.22 23:15:24.694,1.30027,1.30039,1.00,1.00
2015.03.22 23:15:25.221,1.30027,1.30037,1.50,1.00
2015.03.22 23:15:25.731,1.30027,1.30038,1.00,1.00
2015.03.22 23:15:26.246,1.30027,1.30037,1.00,1.00
2015.03.22 23:15:30.240,1.30027,1.30034,1.00,1.00
2015.03.22 23:15:30.544,1.30025,1.30034,1.00,1.00
2015.03.22 23:15:30.595,1.30023,1.30033,1.50,1.00
2015.03.22 23:15:30.646,1.30023,1.3003,1.50,1.00
2015.03.22 23:15:30.748,1.3002,1.30028,1.25,1.00
2015.03.22 23:15:30.850,1.30016,1.30026,1.50,1.00
2015.03.22 23:15:30.951,1.30015,1.30024,2.25,1.00
2015.03.22 23:15:31.400,1.30016,1.30028,1.50,1.87
2015.03.22 23:15:31.453,1.30016,1.3003,3.00,3.94
2015.03.22 23:15:31.848,1.30018,1.3003,1.00,2.44
2015.03.22 23:15:32.610,1.30018,1.30031,1.00,1.00
2015.03.22 23:15:35.864,1.30022,1.30031,1.00,1.00
2015.03.22 23:15:35.965,1.30022,1.30034,1.00,1.87
2015.03.22 23:15:36.472,1.30022,1.30033,1.00,1.50
2015.03.22 23:15:37.223,1.30022,1.30032,1.00,1.00
2015.03.22 23:15:37.376,1.30019,1.30032,3.00,1.00
2015.03.22 23:15:37.998,1.30019,1.30031,3.00,1.00
2015.03.22 23:15:38.205,1.30019,1.30033,3.00,2.25
2015.03.22 23:15:38.819,1.30019,1.30031,2.25,1.00
2015.03.22 23:15:39.337,1.30019,1.30032,1.00,1.00
2015.03.22 23:15:39.879,1.30019,1.30031,1.00,1.00
2015.03.22 23:15:40.348,1.30021,1.30031,1.00,1.00
2015.03.22 23:15:40.500,1.30021,1.30033,1.00,1.00
2015.03.22 23:15:41.165,1.30024,1.30033,1.00,1.00
2015.03.22 23:15:41.217,1.30024,1.30035,1.00,1.50
2015.03.22 23:15:44.399,1.30024,1.30036,1.00,1.00
2015.03.22 23:15:45.893,1.30026,1.30037,1.00,1.00
2015.03.22 23:15:47.350,1.30028,1.30037,1.00,1.00
2015.03.22 23:15:49.496,1.30026,1.30037,1.00,1.12
2015.03.22 23:15:49.698,1.30028,1.30039,1.00,1.87
2015.03.22 23:15:51.682,1.3003,1.30039,1.00,1.50
2015.03.22 23:15:53.313,1.3003,1.3004,1.00,1.00
2015.03.22 23:16:01.677,1.3003,1.30042,1.00,1.87
2015.03.22 23:16:01.778,1.30028,1.30042,1.50,2.62
2015.03.22 23:16:01.829,1.30028,1.30041,1.50,2.62
2015.03.22 23:16:02.134,1.30031,1.30042,1.00,1.50
2015.03.22 23:16:14.191,1.30029,1.30041,1.00,1.00
2015.03.22 23:16:14.242,1.30029,1.30041,1.50,1.37
2015.03.22 23:16:14.344,1.30031,1.30043,1.00,1.87
2015.03.22 23:16:14.875,1.30032,1.30043,1.00,1.00
2015.03.22 23:16:15.389,1.30032,1.30044,1.00,4.12
2015.03.22 23:16:15.586,1.30032,1.30044,1.00,4.50
2015.03.22 23:16:16.375,1.30032,1.30044,1.00,4.50
2015.03.22 23:16:16.889,1.30032,1.30043,1.00,1.12
2015.03.22 23:16:17.544,1.30032,1.30043,1.00,1.37
2015.03.22 23:16:18.052,1.30032,1.30043,1.00,1.12
2015.03.22 23:16:18.605,1.30032,1.30043,1.00,1.37
2015.03.22 23:16:24.246,1.30031,1.30043,1.00,2.62
2015.03.22 23:16:28.757,1.30032,1.30043,1.00,1.37
2015.03.22 23:16:29.631,1.30034,1.30043,1.00,1.37
2015.03.22 23:16:29.784,1.30034,1.30044,1.00,1.12
2015.03.22 23:16:30.401,1.30034,1.30044,1.00,1.87
2015.03.22 23:16:30.610,1.30034,1.30044,1.00,1.37
2015.03.22 23:16:33.038,1.30034,1.30044,1.00,1.87
2015.03.22 23:16:34.395,1.30034,1.30044,1.00,1.87
2015.03.22 23:16:35.029,1.30032,1.30044,1.50,1.87
2015.03.22 23:16:42.058,1.30032,1.30043,1.00,1.37
2015.03.22 23:16:42.160,1.30032,1.30043,1.00,1.12
2015.03.22 23:16:42.573,1.30034,1.30043,1.00,1.87
2015.03.22 23:16:45.724,1.30034,1.30043,1.00,1.37
2015.03.22 23:16:46.760,1.30034,1.30043,1.00,1.37
2015.03.22 23:16:47.783,1.30034,1.30044,1.00,1.87
2015.03.22 23:16:47.885,1.30034,1.30044,1.00,1.87
2015.03.22 23:16:48.772,1.30034,1.30044,1.00,1.87
2015.03.22 23:16:49.380,1.30034,1.30044,1.00,1.87
2015.03.22 23:16:50.053,1.30034,1.30044,1.00,1.87
2015.03.22 23:16:52.992,1.30034,1.30045,1.00,1.87
2015.03.22 23:16:56.105,1.30034,1.30046,1.00,1.37
2015.03.22 23:16:57.993,1.30036,1.30046,1.00,1.87
2015.03.22 23:16:58.196,1.30034,1.30045,1.00,1.75
2015.03.22 23:16:58.348,1.30034,1.30046,1.00,2.25
2015.03.22 23:16:59.953,1.30034,1.30036,1.00,1.00
2015.03.22 23:17:00.258,1.30029,1.30035,1.00,1.00
2015.03.22 23:17:00.359,1.30028,1.30032,1.00,1.00
2015.03.22 23:17:00.410,1.30026,1.30032,1.00,1.00
2015.03.22 23:17:00.613,1.30024,1.30032,1.25,1.00
2015.03.22 23:17:13.384,1.30024,1.30033,1.00,1.12
2015.03.22 23:17:13.999,1.30024,1.30032,1.00,1.00
2015.03.22 23:17:15.009,1.30026,1.30033,1.00,1.12
2015.03.22 23:17:15.973,1.30026,1.30032,1.00,1.00
2015.03.22 23:17:21.529,1.30025,1.30032,1.25,1.00
2015.03.22 23:17:26.544,1.30023,1.30033,1.25,1.37
2015.03.22 23:17:27.076,1.30023,1.30033,1.19,1.37
2015.03.22 23:17:31.108,1.30023,1.30032,1.25,1.12
2015.03.22 23:17:32.118,1.30023,1.30032,1.19,1.12
2015.03.22 23:17:40.657,1.30023,1.30032,1.00,1.50
2015.03.22 23:17:46.599,1.30025,1.30032,1.00,1.50
2015.03.22 23:17:47.139,1.30024,1.30032,1.00,1.00
2015.03.22 23:17:49.876,1.30022,1.30032,1.00,2.62
2015.03.22 23:17:50.152,1.30022,1.30032,1.00,3.00
2015.03.22 23:17:50.658,1.30021,1.3003,1.00,1.37
2015.03.22 23:17:50.861,1.30023,1.30032,1.00,3.37
2015.03.22 23:17:51.397,1.30022,1.30032,1.00,2.25
2015.03.22 23:17:59.385,1.30022,1.30031,1.00,1.00
2015.03.22 23:17:59.941,1.30022,1.3003,1.00,1.50
2015.03.22 23:18:04.133,1.30021,1.30028,1.00,1.00
2015.03.22 23:18:06.428,1.30018,1.30028,1.00,1.87
2015.03.22 23:18:06.962,1.30018,1.30027,1.00,1.50
2015.03.22 23:18:07.316,1.3002,1.30027,1.00,1.50
2015.03.22 23:18:07.518,1.3002,1.30029,1.00,1.50
2015.03.22 23:18:09.324,1.30023,1.30029,1.00,1.00
2015.03.22 23:18:09.527,1.30023,1.30031,1.00,1.00
2015.03.22 23:18:12.131,1.30019,1.30031,1.00,1.50
2015.03.22 23:18:22.962,1.30019,1.3003,1.00,1.00
2015.03.22 23:18:23.167,1.30017,1.3003,2.25,1.00
2015.03.22 23:18:31.470,1.30017,1.30031,3.56,2.25
2015.03.22 23:18:37.555,1.30019,1.3003,1.00,1.50
2015.03.22 23:18:38.090,1.30019,1.30031,1.00,1.00
2015.03.22 23:18:42.220,1.3002,1.30031,1.00,1.00
2015.03.22 23:18:42.932,1.30019,1.30031,1.50,1.00
2015.03.22 23:18:43.540,1.3002,1.30031,1.00,1.00
2015.03.22 23:18:44.181,1.30019,1.30031,1.50,1.00
2015.03.22 23:18:44.755,1.3002,1.30031,1.00,1.00
2015.03.22 23:18:45.352,1.30019,1.30031,1.50,1.00
2015.03.22 23:18:45.893,1.3002,1.30031,1.00,1.00
2015.03.22 23:18:46.511,1.30019,1.30031,3.00,1.00
2015.03.22 23:18:47.098,1.3002,1.30031,1.00,1.00
2015.03.22 23:18:47.916,1.30019,1.30031,1.50,1.00
2015.03.22 23:18:48.876,1.3002,1.30031,2.25,1.50
2015.03.22 23:18:49.771,1.30019,1.30031,1.50,1.50
2015.03.22 23:18:50.303,1.3002,1.30031,1.00,1.50
2015.03.22 23:18:50.988,1.30019,1.30031,1.50,1.50
2015.03.22 23:18:51.978,1.3002,1.30031,2.25,1.50
2015.03.22 23:18:52.660,1.3002,1.30032,5.81,3.00
2015.03.22 23:18:53.065,1.3002,1.3003,2.25,1.00
2015.03.22 23:18:54.325,1.30019,1.3003,1.50,1.00
2015.03.22 23:18:59.496,1.3002,1.3003,1.00,1.00
2015.03.22 23:19:00.052,1.3002,1.30029,1.00,1.00
2015.03.22 23:19:00.577,1.30019,1.30029,1.00,1.00
2015.03.22 23:19:01.168,1.3002,1.30029,1.00,1.00
2015.03.22 23:19:01.678,1.30019,1.30029,1.00,1.00
2015.03.22 23:19:02.229,1.3002,1.30029,1.00,1.00
2015.03.22 23:19:03.045,1.30019,1.30029,1.50,1.00
2015.03.22 23:19:04.058,1.3002,1.30029,1.00,1.00
2015.03.22 23:19:05.793,1.30019,1.30029,1.50,1.00
2015.03.22 23:19:06.339,1.3002,1.30029,1.00,1.00
2015.03.22 23:19:06.998,1.30019,1.30029,1.50,1.00
2015.03.22 23:19:07.720,1.3002,1.30029,1.00,1.00
2015.03.22 23:19:08.320,1.30019,1.30029,1.50,1.00
2015.03.22 23:19:09.289,1.3002,1.30029,1.00,1.00
2015.03.22 23:19:09.674,1.30017,1.30029,3.75,1.00
2015.03.22 23:19:10.630,1.30019,1.30029,1.00,1.50
2015.03.22 23:19:10.934,1.3002,1.30031,1.37,1.87
2015.03.22 23:19:11.472,1.3002,1.30032,3.37,1.87
2015.03.22 23:19:13.077,1.3002,1.30032,3.37,1.87
2015.03.22 23:19:17.165,1.30021,1.30032,1.37,3.37
2015.03.22 23:19:21.202,1.3002,1.30032,2.62,3.00
2015.03.22 23:19:22.918,1.30023,1.30036,2.62,1.37
2015.03.22 23:19:34.920,1.30024,1.30036,1.12,1.87
2015.03.22 23:19:37.367,1.30024,1.30036,1.12,2.25
2015.03.22 23:19:43.500,1.30022,1.30035,1.37,1.37
2015.03.22 23:19:44.117,1.30022,1.30034,1.37,1.87
2015.03.22 23:19:44.683,1.30022,1.30036,1.37,1.87
2015.03.22 23:19:46.631,1.30022,1.30036,1.37,2.25
2015.03.22 23:19:47.632,1.30023,1.30035,1.37,1.37
2015.03.22 23:19:47.847,1.30024,1.30036,1.87,2.62
2015.03.22 23:19:47.949,1.30026,1.30036,1.75,1.87
2015.03.22 23:19:48.153,1.30029,1.30037,1.87,1.87
2015.03.22 23:19:48.254,1.30029,1.30038,2.62,2.14
2015.03.22 23:19:48.786,1.30029,1.30038,4.12,2.14
2015.03.22 23:19:48.837,1.30029,1.30038,4.50,2.14
2015.03.22 23:19:52.845,1.30032,1.30038,1.50,1.76
2015.03.22 23:19:55.238,1.30035,1.30039,1.37,1.00
2015.03.22 23:19:55.341,1.30035,1.30038,1.37,1.76
2015.03.22 23:19:55.443,1.30034,1.30039,1.37,2.00
2015.03.22 23:19:55.545,1.30035,1.30038,1.00,1.25
2015.03.22 23:19:55.596,1.30038,1.30045,1.00,1.37
2015.03.22 23:19:55.698,1.30034,1.30045,2.44,1.87
2015.03.22 23:19:55.749,1.30035,1.30045,1.25,1.50
2015.03.22 23:19:55.800,1.3004,1.30045,1.00,1.50
2015.03.22 23:19:56.176,1.30036,1.30045,1.12,1.08
2015.03.22 23:19:56.328,1.30034,1.30045,3.00,1.00
2015.03.22 23:19:57.663,1.30034,1.30045,1.87,1.08
2015.03.22 23:19:57.714,1.30037,1.30045,1.00,1.08
2015.03.22 23:19:58.018,1.30039,1.30046,1.00,1.08
2015.03.22 23:19:58.221,1.30034,1.30045,2.25,1.08
2015.03.22 23:19:58.323,1.30034,1.30039,1.00,1.00
2015.03.22 23:19:58.375,1.3003,1.30039,2.25,1.00
2015.03.22 23:19:58.426,1.30028,1.30035,1.50,1.00
2015.03.22 23:19:58.477,1.30025,1.30035,1.00,1.50
2015.03.22 23:19:58.528,1.30025,1.30033,1.00,1.25
2015.03.22 23:19:58.838,1.30014,1.30021,1.00,1.00
2015.03.22 23:19:58.889,1.3001,1.30018,1.87,1.00
2015.03.22 23:19:58.991,1.3001,1.30013,1.12,1.00
2015.03.22 23:19:59.245,1.29999,1.30006,1.75,1.87
2015.03.22 23:19:59.297,1.29998,1.30005,1.42,1.37
2015.03.22 23:19:59.447,1.29997,1.30004,1.00,1.37
2015.03.22 23:19:59.498,1.29994,1.30004,1.00,1.37
2015.03.22 23:19:59.550,1.29992,1.30004,1.00,1.00
2015.03.22 23:20:01.254,1.29992,1.30004,1.50,1.87
2015.03.22 23:20:01.357,1.29992,1.30002,1.00,3.75
2015.03.22 23:20:01.408,1.29988,1.29997,1.00,1.50
2015.03.22 23:20:01.459,1.29987,1.29994,1.87,2.62
2015.03.22 23:20:01.766,1.29968,1.29977,1.50,1.00
2015.03.22 23:20:01.868,1.29966,1.29976,1.00,1.00
2015.03.22 23:20:01.919,1.29966,1.29974,1.50,1.00
2015.03.22 23:20:01.970,1.29971,1.29974,1.00,1.50
2015.03.22 23:20:02.022,1.29969,1.29974,1.00,1.50
2015.03.22 23:20:02.125,1.29962,1.29972,1.00,1.00
2015.03.22 23:20:02.177,1.2996,1.29972,1.50,1.00
2015.03.22 23:20:02.228,1.29958,1.2997,1.00,1.50
2015.03.22 23:20:02.750,1.29956,1.2997,2.44,1.50
2015.03.22 23:20:03.262,1.29956,1.29969,1.25,1.00
2015.03.22 23:20:04.140,1.29956,1.2997,2.44,1.12
2015.03.22 23:20:04.486,1.29956,1.2997,2.44,1.37
2015.03.22 23:20:04.588,1.29956,1.2997,2.44,1.00
2015.03.22 23:20:05.153,1.29956,1.2997,2.44,1.87
2015.03.22 23:20:05.664,1.29956,1.2997,2.25,1.87
2015.03.22 23:20:07.048,1.29958,1.2997,1.50,1.87
2015.03.22 23:20:07.557,1.29959,1.2997,1.69,1.87
2015.03.22 23:20:07.768,1.29959,1.2997,1.69,1.87
2015.03.22 23:20:10.668,1.29959,1.2997,1.19,1.00
2015.03.22 23:20:11.670,1.29959,1.2997,2.44,1.00
2015.03.22 23:20:12.209,1.29959,1.29963,1.69,1.00
2015.03.22 23:20:13.185,1.29958,1.29968,1.00,1.00
2015.03.22 23:20:13.698,1.29959,1.29968,1.50,1.00
2015.03.22 23:20:14.057,1.29958,1.29966,1.50,1.00
2015.03.22 23:20:14.261,1.29955,1.29964,1.25,1.00
2015.03.22 23:20:14.313,1.29955,1.29962,1.25,1.00
2015.03.22 23:20:14.822,1.29955,1.29967,1.00,3.00
2015.03.22 23:20:15.800,1.29955,1.29963,1.00,1.00
2015.03.22 23:20:16.344,1.29955,1.29966,1.00,1.37
2015.03.22 23:20:17.470,1.29952,1.29963,1.00,1.00
2015.03.22 23:20:19.517,1.29951,1.29963,1.50,1.50
2015.03.22 23:20:19.568,1.2995,1.29961,1.69,1.37
2015.03.22 23:20:20.078,1.29951,1.29961,1.00,1.00
2015.03.22 23:20:20.385,1.29951,1.29957,1.00,1.00
2015.03.22 23:20:20.488,1.29948,1.29959,1.19,1.00
2015.03.22 23:20:20.590,1.29948,1.29954,2.44,1.00
2015.03.22 23:20:20.641,1.29948,1.29954,2.25,1.00
2015.03.22 23:20:20.692,1.29948,1.29956,2.25,1.00
2015.03.22 23:20:21.047,1.29946,1.29956,1.69,1.00
2015.03.22 23:20:21.149,1.29946,1.29958,1.69,1.00
2015.03.22 23:20:21.250,1.29948,1.29958,1.00,1.00
2015.03.22 23:20:21.555,1.29948,1.29955,1.00,1.00
2015.03.22 23:20:21.656,1.29945,1.29955,2.44,1.00
2015.03.22 23:20:21.809,1.29945,1.29958,1.69,1.50
2015.03.22 23:20:22.193,1.29947,1.29958,1.00,1.00
2015.03.22 23:20:22.708,1.29947,1.29959,3.00,1.00
2015.03.22 23:20:23.548,1.29947,1.29959,1.69,1.37
2015.03.22 23:20:23.852,1.29945,1.29958,1.69,1.12
2015.03.22 23:20:23.903,1.29945,1.29956,1.69,1.00
2015.03.22 23:20:24.158,1.29945,1.29958,1.69,1.50
2015.03.22 23:20:25.293,1.29945,1.29958,2.44,1.12
2015.03.22 23:20:25.605,1.29945,1.29955,2.44,1.00
2015.03.22 23:20:25.757,1.2994,1.29954,1.69,2.62
2015.03.22 23:20:26.179,1.29942,1.29954,1.00,1.50
2015.03.22 23:20:28.140,1.29941,1.29954,2.44,1.00
2015.03.22 23:20:29.126,1.29941,1.29954,2.44,1.00
2015.03.22 23:20:30.114,1.29943,1.29955,1.00,2.25
2015.03.22 23:20:30.663,1.29943,1.29954,1.69,1.00
2015.03.22 23:20:31.168,1.29945,1.29955,1.19,1.00
2015.03.22 23:20:31.219,1.29946,1.29957,1.25,1.00
2015.03.22 23:20:31.732,1.29946,1.29958,1.25,1.50
2015.03.22 23:20:31.885,1.29948,1.29957,1.00,1.00
2015.03.22 23:20:32.241,1.29945,1.29958,2.44,1.50
2015.03.22 23:20:32.292,1.29945,1.29955,2.44,1.00
2015.03.22 23:20:32.805,1.29944,1.29955,1.25,1.00
2015.03.22 23:20:33.011,1.29943,1.29952,1.19,1.00
2015.03.22 23:20:33.062,1.29942,1.29952,1.00,1.00
2015.03.22 23:20:33.164,1.29939,1.29952,2.44,1.00
2015.03.22 23:20:33.724,1.29939,1.29952,2.44,1.37
2015.03.22 23:20:34.232,1.29939,1.2995,1.69,1.00
2015.03.22 23:20:34.740,1.2994,1.29952,2.44,1.00
2015.03.22 23:20:34.791,1.2994,1.29954,3.94,1.00
2015.03.22 23:20:34.842,1.29943,1.29955,1.19,1.00
2015.03.22 23:20:35.045,1.29945,1.29957,3.19,1.00
2015.03.22 23:20:35.147,1.29948,1.2996,1.00,1.12
2015.03.22 23:20:35.672,1.29947,1.2996,2.44,2.62
2015.03.22 23:20:36.237,1.29947,1.2996,2.81,2.62
2015.03.22 23:20:36.907,1.2995,1.29961,1.00,1.00
2015.03.22 23:20:37.313,1.29952,1.29963,1.00,3.00
2015.03.22 23:20:37.618,1.29954,1.29965,1.00,1.87
2015.03.22 23:20:37.720,1.29951,1.29963,1.00,1.87
2015.03.22 23:20:37.771,1.29951,1.29964,1.00,1.00
2015.03.22 23:20:38.302,1.29951,1.29965,1.69,1.50
2015.03.22 23:20:38.870,1.29951,1.29964,1.50,1.00
2015.03.22 23:20:38.921,1.29951,1.2996,1.00,1.00
2015.03.22 23:20:39.225,1.2995,1.29961,1.00,1.37
2015.03.22 23:20:39.378,1.29948,1.29961,1.19,1.00
2015.03.22 23:20:39.956,1.29948,1.2996,1.19,1.00
2015.03.22 23:20:40.579,1.29947,1.2996,3.00,1.00
2015.03.22 23:20:40.888,1.29949,1.29961,1.00,1.37
2015.03.22 23:20:41.196,1.29946,1.29957,1.25,1.37
2015.03.22 23:20:41.502,1.29942,1.29954,1.19,1.37
2015.03.22 23:20:41.808,1.29941,1.29952,1.69,1.87
2015.03.22 23:20:41.859,1.29941,1.29948,1.00,1.00
2015.03.22 23:20:41.911,1.29936,1.29948,1.50,1.00
2015.03.22 23:20:41.962,1.29936,1.29946,1.00,1.00
2015.03.22 23:20:42.217,1.29931,1.29943,1.00,1.00
2015.03.22 23:20:42.268,1.29929,1.29941,1.00,1.00
2015.03.22 23:20:42.779,1.29928,1.29941,1.00,1.00
2015.03.22 23:20:45.916,1.29928,1.29941,1.50,1.37
2015.03.22 23:20:46.069,1.29926,1.29938,1.69,1.12
2015.03.22 23:20:47.436,1.29926,1.29938,1.87,1.00
2015.03.22 23:20:48.688,1.29927,1.2994,1.12,1.00
2015.03.22 23:20:49.201,1.29927,1.2994,1.37,1.12
2015.03.22 23:20:49.706,1.29927,1.2994,1.12,1.12
2015.03.22 23:20:51.440,1.29927,1.2994,1.12,1.37
2015.03.22 23:20:51.958,1.29927,1.2994,1.00,1.00
2015.03.22 23:20:52.668,1.29927,1.2994,1.37,1.00
2015.03.22 23:20:53.512,1.29928,1.29941,1.87,1.12
2015.03.22 23:20:54.561,1.29928,1.2994,1.87,1.00
2015.03.22 23:20:57.478,1.29928,1.29935,1.00,1.00
2015.03.22 23:20:57.529,1.29925,1.29935,1.50,1.00
2015.03.22 23:20:57.732,1.29923,1.29933,1.00,1.00
2015.03.22 23:20:57.834,1.29921,1.29933,2.25,1.12
2015.03.22 23:20:58.037,1.29919,1.29933,2.25,1.50
2015.03.22 23:20:58.088,1.29919,1.2993,1.50,1.00
2015.03.22 23:20:58.589,1.2992,1.2993,1.00,1.00
2015.03.22 23:20:58.995,1.29919,1.29927,1.00,1.00
2015.03.22 23:20:59.046,1.29917,1.29927,1.00,1.00
2015.03.22 23:20:59.097,1.29914,1.29927,1.50,1.00
2015.03.22 23:20:59.300,1.29913,1.29925,1.69,1.00
2015.03.22 23:21:00.102,1.29912,1.29922,1.00,1.00
2015.03.22 23:21:00.204,1.29908,1.29921,1.00,1.00
2015.03.22 23:21:00.434,1.29907,1.29917,1.00,1.00
2015.03.22 23:21:00.488,1.29908,1.29919,1.00,1.00
2015.03.22 23:21:00.989,1.29908,1.2992,1.00,3.00
2015.03.22 23:21:01.091,1.2991,1.2992,1.00,1.50
2015.03.22 23:21:01.294,1.29907,1.29919,1.50,1.00
2015.03.22 23:21:01.598,1.29907,1.29917,1.50,1.00
2015.03.22 23:21:01.824,1.29905,1.29917,1.50,1.37
2015.03.22 23:21:02.333,1.29904,1.29912,1.00,1.00
2015.03.22 23:21:02.435,1.299,1.2991,2.25,1.12
2015.03.22 23:21:02.791,1.29902,1.29912,1.00,1.00
2015.03.22 23:21:03.095,1.299,1.29911,1.50,1.00
2015.03.22 23:21:03.724,1.29905,1.29917,1.00,4.12
2015.03.22 23:21:03.826,1.29907,1.29919,1.00,3.00
2015.03.22 23:21:04.131,1.29917,1.29925,1.00,3.75
2015.03.22 23:21:04.334,1.29917,1.29927,1.00,1.00
2015.03.22 23:21:04.385,1.29917,1.29929,1.00,2.25
2015.03.22 23:21:04.588,1.29919,1.2993,1.00,1.00
2015.03.22 23:21:05.134,1.29919,1.29931,2.25,1.00
2015.03.22 23:21:05.639,1.2992,1.29931,1.50,1.00
2015.03.22 23:21:05.954,1.29922,1.29934,1.00,1.87
2015.03.22 23:21:06.312,1.2992,1.29932,2.25,1.00
2015.03.22 23:21:08.744,1.29921,1.29932,1.00,1.00
2015.03.22 23:21:09.120,1.29924,1.29935,1.00,2.06
2015.03.22 23:21:09.648,1.29924,1.29935,1.00,1.62
2015.03.22 23:21:09.852,1.29924,1.29935,1.00,1.31
2015.03.22 23:21:10.863,1.2993,1.29937,1.00,1.87
2015.03.22 23:21:10.966,1.2993,1.2994,1.00,1.87
2015.03.22 23:21:11.017,1.29928,1.2994,1.00,3.00
2015.03.22 23:21:11.068,1.29928,1.2994,1.00,3.00
2015.03.22 23:21:11.575,1.29928,1.29939,1.00,1.37
2015.03.22 23:21:12.046,1.29928,1.29939,1.00,1.37
2015.03.22 23:21:12.878,1.29928,1.29938,1.00,1.00
2015.03.22 23:21:13.220,1.29932,1.2994,1.00,3.19
2015.03.22 23:21:13.524,1.29935,1.2994,1.00,1.12
2015.03.22 23:21:13.931,1.2993,1.29939,1.87,1.37
2015.03.22 23:21:14.033,1.29924,1.29929,1.50,1.00
2015.03.22 23:21:14.084,1.29924,1.29928,1.00,1.00
2015.03.22 23:21:14.136,1.29915,1.29919,1.00,1.00
2015.03.22 23:21:14.238,1.29914,1.29916,1.00,1.00
2015.03.22 23:21:14.289,1.29906,1.29911,1.50,1.50
2015.03.22 23:21:14.340,1.29904,1.29911,2.25,3.37
2015.03.22 23:21:14.442,1.29904,1.29915,2.25,1.50
2015.03.22 23:21:14.543,1.29904,1.29915,2.25,2.62
2015.03.22 23:21:14.646,1.29902,1.29915,1.69,1.37
2015.03.22 23:21:14.850,1.29902,1.29915,1.69,1.00
2015.03.22 23:21:15.656,1.29902,1.29915,1.25,1.87
2015.03.22 23:21:16.065,1.29908,1.29915,1.00,1.00
2015.03.22 23:21:16.167,1.29906,1.29915,1.00,1.00
2015.03.22 23:21:16.269,1.29906,1.29918,1.00,3.00
2015.03.22 23:21:16.472,1.29906,1.29916,1.00,1.12
2015.03.22 23:21:16.575,1.29907,1.29918,1.00,1.50
2015.03.22 23:21:16.677,1.29909,1.29922,1.00,1.50
2015.03.22 23:21:16.834,1.29909,1.2992,1.00,1.00
2015.03.22 23:21:17.139,1.29909,1.29914,1.00,1.00
2015.03.22 23:21:17.191,1.29907,1.29914,1.00,1.00
2015.03.22 23:21:17.862,1.29907,1.29914,1.00,1.37
2015.03.22 23:21:17.965,1.29906,1.29914,1.00,1.00
2015.03.22 23:21:18.067,1.29906,1.29914,1.00,1.37
2015.03.22 23:21:18.271,1.29904,1.29914,1.00,1.75
2015.03.22 23:21:18.474,1.29902,1.29913,1.00,1.00
2015.03.22 23:21:19.150,1.29904,1.29913,1.00,1.50
2015.03.22 23:21:19.765,1.29904,1.29914,1.00,1.37
2015.03.22 23:21:20.070,1.29902,1.29913,1.00,1.37
2015.03.22 23:21:20.610,1.29902,1.29912,1.00,2.62
2015.03.22 23:21:21.060,1.29898,1.2991,1.56,1.50
2015.03.22 23:21:21.161,1.29902,1.2991,1.00,2.25
2015.03.22 23:21:21.859,1.29902,1.29911,1.00,1.00
2015.03.22 23:21:22.512,1.29902,1.29914,1.00,2.62
2015.03.22 23:21:23.301,1.29902,1.29913,1.00,1.12
2015.03.22 23:21:23.614,1.299,1.29911,1.31,1.00
2015.03.22 23:21:24.309,1.299,1.29909,1.69,1.00
2015.03.22 23:21:24.814,1.29899,1.2991,2.06,1.00
2015.03.22 23:21:25.120,1.29899,1.29907,1.19,1.00
2015.03.22 23:21:25.324,1.29899,1.2991,1.19,1.00
2015.03.22 23:21:25.375,1.29905,1.2991,1.00,1.00
2015.03.22 23:21:25.426,1.29905,1.29915,1.00,1.00
2015.03.22 23:21:25.477,1.29906,1.29916,1.19,1.00
2015.03.22 23:21:25.529,1.29907,1.29918,1.19,1.50
2015.03.22 23:21:25.581,1.29907,1.2992,1.69,1.00
2015.03.22 23:21:25.733,1.29907,1.2992,1.69,1.37
2015.03.22 23:21:25.936,1.29905,1.29919,2.44,2.62
2015.03.22 23:21:26.453,1.29905,1.29918,1.69,1.00
2015.03.22 23:21:26.914,1.29909,1.29921,1.12,1.50
2015.03.22 23:21:27.220,1.29913,1.29924,1.00,1.00
2015.03.22 23:21:27.322,1.29913,1.29927,2.25,2.25
2015.03.22 23:21:27.525,1.29914,1.29927,1.69,1.00
2015.03.22 23:21:27.829,1.29925,1.29934,1.31,1.00
2015.03.22 23:21:27.880,1.29926,1.29937,1.19,1.00
2015.03.22 23:21:27.983,1.29928,1.2994,1.19,1.00
2015.03.22 23:21:28.186,1.29933,1.29941,1.00,1.00
2015.03.22 23:21:28.237,1.29934,1.29946,1.00,1.37
2015.03.22 23:21:28.289,1.2994,1.29947,1.00,1.00
2015.03.22 23:21:28.442,1.2994,1.29952,1.19,1.00
2015.03.22 23:21:28.797,1.29944,1.29956,1.19,1.50
2015.03.22 23:21:28.899,1.29947,1.29956,1.25,1.00
2015.03.22 23:21:28.950,1.29947,1.29959,1.25,1.00
2015.03.22 23:21:29.102,1.29949,1.29961,1.69,1.00
2015.03.22 23:21:29.257,1.29953,1.29965,1.00,1.00
2015.03.22 23:21:29.511,1.29955,1.29967,1.00,1.00
2015.03.22 23:21:30.627,1.29954,1.29964,1.25,1.00
2015.03.22 23:21:30.830,1.29954,1.29967,1.25,1.00
2015.03.22 23:21:31.240,1.29955,1.29964,1.50,1.00
2015.03.22 23:21:31.842,1.29953,1.29964,1.19,1.00
2015.03.22 23:21:32.302,1.29951,1.29963,1.69,1.00
2015.03.22 23:21:33.944,1.2995,1.29963,2.06,1.00
2015.03.22 23:21:34.507,1.2995,1.29961,2.06,1.00
2015.03.22 23:21:35.155,1.29951,1.29963,1.19,1.00
2015.03.22 23:21:35.722,1.29951,1.29962,1.19,1.00
2015.03.22 23:21:36.303,1.29951,1.29962,1.19,1.00
2015.03.22 23:21:37.033,1.29951,1.29962,1.56,1.00
2015.03.22 23:21:37.658,1.29952,1.29964,1.19,1.00
2015.03.22 23:21:38.306,1.29953,1.29964,1.19,1.00
2015.03.22 23:21:39.018,1.29951,1.29958,1.19,1.00
2015.03.22 23:21:39.077,1.29951,1.29957,1.00,1.00
2015.03.22 23:21:39.129,1.29948,1.29956,1.50,1.00
2015.03.22 23:21:39.231,1.29946,1.29956,1.00,1.00
2015.03.22 23:21:39.435,1.29945,1.29953,1.87,1.00
2015.03.22 23:21:39.741,1.2994,1.29948,2.44,1.00
2015.03.22 23:21:40.051,1.2994,1.2995,1.25,1.00
2015.03.22 23:21:40.153,1.2994,1.29948,1.25,1.00
2015.03.22 23:21:40.910,1.29938,1.29948,1.69,1.00
2015.03.22 23:21:41.833,1.29939,1.29951,1.00,1.00
2015.03.22 23:21:42.314,1.29941,1.29952,1.00,1.00
2015.03.22 23:21:42.517,1.29945,1.29959,2.25,2.25
2015.03.22 23:21:42.771,1.29948,1.2996,1.00,2.25
2015.03.22 23:21:43.960,1.29952,1.2996,1.12,1.00
2015.03.22 23:21:44.061,1.29954,1.29965,1.00,1.87
2015.03.22 23:21:44.163,1.29955,1.29967,1.00,1.00
2015.03.22 23:21:44.265,1.29956,1.29969,1.50,1.00
2015.03.22 23:21:44.367,1.29958,1.2997,1.00,3.00
2015.03.22 23:21:45.762,1.29958,1.2996,1.50,1.37
2015.03.22 23:21:45.897,1.29952,1.2996,1.00,1.37
2015.03.22 23:21:45.949,1.29948,1.2996,1.00,1.87
2015.03.22 23:21:46.356,1.2995,1.29961,1.00,1.50
2015.03.22 23:21:46.468,1.29947,1.29961,1.50,2.25
2015.03.22 23:21:47.289,1.29947,1.29961,1.69,2.25
2015.03.22 23:21:47.492,1.2995,1.29962,1.00,1.50
2015.03.22 23:21:47.868,1.29948,1.29954,1.00,1.00
2015.03.22 23:21:47.969,1.29946,1.2996,1.00,1.87
2015.03.22 23:21:48.071,1.29944,1.29956,1.00,1.50
2015.03.22 23:21:48.173,1.29942,1.29955,1.50,1.00
2015.03.22 23:21:48.691,1.29943,1.29955,1.50,1.00
2015.03.22 23:21:48.743,1.29941,1.29953,1.50,1.00
2015.03.22 23:21:49.244,1.2994,1.29952,1.00,1.00
2015.03.22 23:21:51.279,1.29938,1.2995,1.00,1.00
2015.03.22 23:21:51.583,1.29936,1.29947,1.50,1.00
2015.03.22 23:21:51.889,1.29934,1.29945,1.50,1.00
2015.03.22 23:21:52.651,1.29933,1.29945,1.00,1.00
2015.03.22 23:21:54.480,1.29933,1.29944,1.00,1.00
2015.03.22 23:21:54.582,1.2993,1.29944,1.50,1.50
2015.03.22 23:21:56.064,1.29932,1.29944,1.50,1.00
2015.03.22 23:21:56.676,1.29933,1.29945,1.00,1.00
2015.03.22 23:21:56.881,1.29936,1.2995,2.25,1.25
2015.03.22 23:21:59.253,1.29938,1.2995,1.50,1.00
2015.03.22 23:21:59.406,1.29942,1.29956,3.00,1.00
2015.03.22 23:21:59.457,1.29945,1.29956,1.50,1.00
2015.03.22 23:21:59.610,1.29947,1.2996,1.00,1.00
2015.03.22 23:22:00.182,1.29951,1.2996,1.00,1.00
2015.03.22 23:22:00.285,1.29952,1.29962,1.00,1.00
2015.03.22 23:22:03.302,1.29952,1.2996,1.00,1.00
2015.03.22 23:22:03.606,1.2995,1.29958,1.00,1.00
2015.03.22 23:22:04.329,1.29948,1.29958,1.00,1.00
2015.03.22 23:22:05.537,1.29948,1.2996,1.50,1.00
2015.03.22 23:22:06.932,1.2995,1.29962,1.00,1.50
2015.03.22 23:22:07.034,1.29951,1.29965,1.50,3.19
2015.03.22 23:22:07.569,1.29952,1.29965,1.00,1.69
2015.03.22 23:22:08.129,1.29952,1.29965,1.00,1.69
2015.03.22 23:22:08.265,1.29952,1.29965,1.00,2.06
2015.03.22 23:22:08.909,1.29952,1.29965,1.00,1.69
2015.03.22 23:22:11.245,1.29954,1.29966,1.00,1.69
2015.03.22 23:22:17.536,1.29956,1.29966,1.00,1.69
2015.03.22 23:22:17.942,1.29958,1.29968,1.00,1.00
2015.03.22 23:22:18.247,1.2996,1.2997,1.00,1.31
2015.03.22 23:22:19.355,1.2996,1.29972,1.00,1.00
2015.03.22 23:22:22.767,1.29962,1.29973,1.00,1.50
2015.03.22 23:22:23.290,1.29962,1.29974,1.00,1.31
2015.03.22 23:22:23.828,1.29962,1.29974,1.00,1.31
2015.03.22 23:22:24.837,1.29962,1.29974,1.00,1.31
2015.03.22 23:22:25.833,1.29962,1.29974,1.00,1.31
2015.03.22 23:22:28.179,1.29962,1.29974,1.00,1.12
2015.03.22 23:22:29.355,1.29962,1.29975,1.00,1.00
2015.03.22 23:22:31.067,1.29962,1.29975,1.00,1.31
2015.03.22 23:22:34.925,1.29962,1.29975,1.00,2.06
2015.03.22 23:22:36.231,1.29962,1.29973,1.00,3.56
2015.03.22 23:22:36.720,1.29962,1.29973,1.00,3.56
2015.03.22 23:22:37.254,1.29962,1.29974,1.00,1.69
2015.03.22 23:22:37.306,1.29964,1.29975,1.00,3.56
2015.03.22 23:22:37.765,1.29962,1.29972,1.00,1.87
2015.03.22 23:22:38.272,1.29962,1.29971,1.00,1.50
2015.03.22 23:22:38.576,1.29964,1.29973,1.00,2.44
2015.03.22 23:22:39.104,1.29961,1.29971,1.00,1.50
2015.03.22 23:22:39.307,1.29964,1.29971,1.00,1.00
2015.03.22 23:22:40.966,1.29964,1.29973,1.00,4.69
2015.03.22 23:22:44.892,1.29963,1.29972,1.00,1.25
2015.03.22 23:22:45.406,1.29963,1.29973,1.00,1.94
2015.03.22 23:22:45.942,1.29963,1.29972,1.00,1.25
2015.03.22 23:22:47.577,1.29959,1.29973,1.00,2.00
2015.03.22 23:22:47.730,1.29959,1.29962,1.00,1.00
2015.03.22 23:22:47.832,1.29959,1.2997,1.00,1.00
2015.03.22 23:22:58.923,1.2996,1.29971,1.00,1.50
2015.03.22 23:22:59.076,1.29961,1.29973,1.00,2.25
2015.03.22 23:22:59.235,1.29963,1.29975,1.00,1.19
2015.03.22 23:23:00.432,1.29963,1.29975,1.00,1.00
2015.03.22 23:23:04.162,1.29963,1.29973,1.00,1.00
2015.03.22 23:23:04.366,1.2996,1.29971,1.00,1.00
2015.03.22 23:23:04.671,1.29962,1.29974,1.00,1.12
2015.03.22 23:23:05.128,1.29964,1.29976,1.00,1.69
2015.03.22 23:23:11.953,1.29965,1.29979,1.00,4.31
2015.03.22 23:23:15.783,1.29965,1.29979,1.12,4.12
2015.03.22 23:23:17.476,1.29973,1.2998,1.00,2.25
2015.03.22 23:23:17.629,1.29978,1.29988,1.00,1.50
2015.03.22 23:23:17.884,1.2998,1.2999,1.00,1.50
2015.03.22 23:23:17.935,1.2998,1.2999,1.00,1.12
2015.03.22 23:23:18.672,1.29982,1.2999,1.00,1.87
2015.03.22 23:23:18.723,1.29982,1.29993,1.00,3.37
2015.03.22 23:23:19.234,1.29982,1.29987,1.00,1.00
2015.03.22 23:23:19.285,1.29977,1.29987,1.50,1.00
2015.03.22 23:23:19.388,1.29975,1.29987,1.00,1.87
2015.03.22 23:23:19.439,1.29975,1.29987,1.00,3.00
2015.03.22 23:23:19.490,1.29972,1.29984,1.50,1.12
2015.03.22 23:23:19.693,1.29974,1.29984,1.00,1.12
2015.03.22 23:23:20.241,1.29974,1.29986,1.00,2.62
2015.03.22 23:23:21.367,1.29983,1.29986,1.00,1.87
2015.03.22 23:23:21.470,1.29981,1.29987,1.37,1.00
2015.03.22 23:23:21.521,1.29981,1.29993,1.37,1.12
2015.03.22 23:23:21.674,1.29984,1.29992,1.00,1.00
2015.03.22 23:23:21.726,1.29984,1.29995,1.00,1.50
2015.03.22 23:23:21.979,1.29982,1.29994,1.12,1.25
2015.03.22 23:23:22.030,1.29982,1.29994,1.00,1.62
2015.03.22 23:23:22.081,1.2998,1.29993,1.00,1.37
2015.03.22 23:23:22.234,1.29979,1.29991,1.00,1.87
2015.03.22 23:23:22.285,1.29977,1.2999,1.00,1.62
2015.03.22 23:23:22.488,1.29978,1.29988,1.00,1.00
2015.03.22 23:23:22.539,1.29978,1.2999,1.00,3.56
2015.03.22 23:23:23.077,1.2998,1.2999,1.00,1.31
2015.03.22 23:23:23.399,1.2998,1.29992,1.00,1.50
2015.03.22 23:23:23.501,1.29982,1.29993,1.00,1.00
2015.03.22 23:23:24.075,1.29981,1.29995,1.00,1.19
2015.03.22 23:23:24.433,1.29984,1.29995,1.00,1.19
2015.03.22 23:23:24.947,1.29984,1.29995,1.00,1.25
2015.03.22 23:23:27.690,1.29984,1.29994,1.00,1.12
2015.03.22 23:23:28.185,1.29982,1.29994,1.50,1.00
2015.03.22 23:23:33.397,1.29982,1.29993,1.00,1.87
2015.03.22 23:23:33.932,1.29981,1.29993,1.00,3.37
2015.03.22 23:23:34.706,1.29982,1.29994,1.00,1.19
2015.03.22 23:23:35.220,1.29983,1.29995,1.00,1.31
2015.03.22 23:23:35.811,1.29983,1.29995,1.00,1.31
2015.03.22 23:23:36.393,1.29982,1.29995,1.00,3.56
2015.03.22 23:23:42.224,1.2998,1.29993,1.00,1.00
2015.03.22 23:23:46.865,1.29978,1.29991,1.12,1.00
2015.03.22 23:23:47.172,1.29976,1.29986,1.00,1.00
2015.03.22 23:23:47.527,1.29974,1.29986,1.12,3.00
2015.03.22 23:23:47.730,1.29971,1.29985,1.19,1.00
2015.03.22 23:23:48.257,1.29971,1.29985,1.00,1.00
2015.03.22 23:23:48.309,1.29975,1.29985,1.37,1.00
2015.03.22 23:23:48.411,1.29978,1.29992,1.75,1.00
2015.03.22 23:23:48.929,1.29981,1.29993,1.37,2.25
2015.03.22 23:23:49.968,1.29981,1.29993,1.87,1.00
2015.03.22 23:23:50.172,1.2998,1.29991,1.87,1.00
2015.03.22 23:23:50.274,1.29981,1.29993,1.37,1.50
2015.03.22 23:23:50.375,1.2998,1.29991,1.12,1.00
2015.03.22 23:23:50.580,1.29979,1.29989,1.00,1.00
2015.03.22 23:23:50.682,1.29974,1.29987,1.37,3.00
2015.03.22 23:23:50.834,1.29974,1.29987,1.37,3.37
2015.03.22 23:23:51.376,1.29973,1.29986,1.37,1.87
2015.03.22 23:23:53.317,1.29973,1.29987,1.50,3.37
2015.03.22 23:23:53.469,1.2997,1.29982,1.12,1.00
2015.03.22 23:23:53.775,1.29968,1.2998,1.12,1.00
2015.03.22 23:23:54.547,1.29965,1.29981,1.69,1.87
2015.03.22 23:23:54.649,1.29965,1.29979,1.69,1.00
2015.03.22 23:23:59.650,1.29964,1.29978,1.37,1.00
2015.03.22 23:24:00.154,1.29964,1.29976,1.37,1.12
2015.03.22 23:24:00.515,1.29964,1.29976,1.12,1.12
2015.03.22 23:24:00.566,1.29967,1.29977,1.00,1.50
2015.03.22 23:24:00.668,1.29967,1.29979,1.12,1.00
2015.03.22 23:24:04.279,1.29964,1.29978,1.12,1.00
2015.03.22 23:24:09.298,1.29964,1.29977,1.00,1.00
2015.03.22 23:24:09.400,1.29962,1.29976,1.00,1.00
2015.03.22 23:24:14.986,1.29962,1.29974,1.12,1.00
2015.03.22 23:24:15.809,1.2996,1.29972,2.62,1.00
2015.03.22 23:24:16.113,1.29958,1.2997,1.00,1.00
2015.03.22 23:24:16.984,1.29954,1.29962,1.69,1.00
2015.03.22 23:24:17.035,1.29954,1.29962,1.00,1.00
2015.03.22 23:24:17.137,1.29952,1.29962,1.00,1.37
2015.03.22 23:24:17.188,1.2995,1.29962,1.00,1.37
2015.03.22 23:24:17.239,1.2995,1.29962,1.00,1.12
2015.03.22 23:24:17.340,1.29945,1.29959,1.00,1.00
2015.03.22 23:24:17.732,1.29945,1.29957,1.00,1.00
2015.03.22 23:24:18.275,1.29945,1.29958,1.00,2.25
2015.03.22 23:24:18.816,1.29945,1.29957,1.00,1.50
2015.03.22 23:24:19.381,1.29944,1.29956,1.00,1.50
2015.03.22 23:24:36.287,1.29943,1.29955,1.00,1.00
2015.03.22 23:24:46.512,1.29944,1.29956,1.00,1.00
2015.03.22 23:24:46.869,1.29944,1.29958,1.00,1.00
2015.03.22 23:24:48.019,1.29942,1.29956,1.50,1.00
2015.03.22 23:24:52.873,1.29942,1.29956,1.37,1.00
2015.03.22 23:24:53.178,1.29948,1.2996,1.12,1.50
2015.03.22 23:24:53.482,1.29946,1.29958,1.00,1.00
2015.03.22 23:25:00.693,1.29946,1.29958,1.00,2.62
2015.03.22 23:25:01.201,1.29946,1.29958,1.00,2.25
2015.03.22 23:25:01.440,1.29944,1.29958,1.00,2.25
2015.03.22 23:25:01.593,1.29944,1.29956,1.00,1.00
2015.03.22 23:25:01.900,1.29943,1.29954,1.00,1.00
2015.03.22 23:25:06.089,1.29941,1.29952,1.50,1.00
2015.03.22 23:25:11.066,1.29941,1.2995,1.00,1.00
2015.03.22 23:25:12.193,1.29941,1.29952,1.00,1.00
2015.03.22 23:25:14.071,1.2994,1.29952,1.50,1.00
2015.03.22 23:25:16.705,1.29938,1.29951,1.50,1.00
2015.03.22 23:25:17.363,1.29938,1.2995,1.50,1.00
2015.03.22 23:25:18.883,1.29939,1.29951,1.00,1.50
2015.03.22 23:25:18.934,1.29943,1.29951,2.62,1.00
2015.03.22 23:25:18.985,1.29943,1.29953,2.62,1.50
2015.03.22 23:25:19.188,1.29943,1.29957,1.87,1.00
2015.03.22 23:25:19.493,1.29946,1.29958,1.00,1.50
2015.03.22 23:25:20.028,1.2995,1.29958,2.62,1.00
2015.03.22 23:25:20.250,1.29947,1.29958,3.75,1.00
2015.03.22 23:25:20.765,1.29947,1.29958,1.37,1.00
2015.03.22 23:25:23.534,1.29947,1.29958,3.37,1.00
2015.03.22 23:25:25.298,1.29949,1.29958,2.62,1.00
2015.03.22 23:25:25.404,1.29947,1.29958,1.12,1.00
2015.03.22 23:25:25.930,1.29947,1.29958,1.37,1.00
2015.03.22 23:25:26.528,1.29947,1.2996,1.37,1.00
2015.03.22 23:25:27.066,1.29949,1.2996,1.00,1.00
2015.03.22 23:25:30.372,1.2995,1.2996,3.19,1.00
2015.03.22 23:25:31.221,1.2995,1.29961,3.19,1.00
2015.03.22 23:25:31.897,1.29949,1.29961,1.00,1.00
2015.03.22 23:25:34.235,1.29951,1.29963,1.00,1.87
2015.03.22 23:25:35.510,1.29951,1.29963,1.00,1.87
2015.03.22 23:25:36.067,1.29951,1.29963,1.00,1.50
2015.03.22 23:25:44.642,1.29951,1.29964,1.50,1.00
2015.03.22 23:25:45.146,1.29951,1.29962,1.00,1.00
2015.03.22 23:25:50.613,1.2995,1.29962,1.00,2.62
2015.03.22 23:25:50.665,1.29948,1.29961,1.12,1.00
2015.03.22 23:25:51.173,1.29947,1.29961,1.31,1.50
2015.03.22 23:25:52.574,1.29948,1.29961,3.19,1.50
2015.03.22 23:25:52.792,1.29948,1.29959,3.19,1.00
2015.03.22 23:25:54.562,1.29948,1.29959,3.56,1.50
2015.03.22 23:25:54.867,1.29948,1.29957,3.19,1.00
2015.03.22 23:25:55.377,1.29949,1.29957,3.19,1.00
2015.03.22 23:25:55.479,1.29947,1.29958,3.94,1.00
2015.03.22 23:25:57.238,1.29947,1.29959,3.56,1.12
2015.03.22 23:25:57.766,1.29948,1.2996,1.00,2.25
2015.03.22 23:26:01.593,1.2995,1.2996,3.19,2.25
2015.03.22 23:26:03.123,1.2995,1.29961,3.19,1.12
2015.03.22 23:26:03.537,1.29949,1.29961,1.87,1.37
2015.03.22 23:26:04.083,1.29949,1.29961,1.50,1.37
2015.03.22 23:26:09.297,1.29949,1.29961,2.62,1.00
2015.03.22 23:26:11.309,1.2995,1.29961,3.19,1.00
2015.03.22 23:26:11.613,1.29952,1.29962,1.00,1.00
2015.03.22 23:26:15.615,1.29954,1.29966,1.37,1.00
2015.03.22 23:26:15.767,1.29955,1.29968,1.31,1.00
2015.03.22 23:26:15.818,1.29957,1.29969,4.31,1.37
2015.03.22 23:26:16.072,1.29962,1.29974,2.25,1.50
2015.03.22 23:26:16.579,1.29963,1.29974,1.00,1.00
2015.03.22 23:26:17.086,1.29963,1.29973,1.00,1.00
2015.03.22 23:26:18.309,1.29962,1.29973,3.19,1.12
2015.03.22 23:26:18.960,1.29961,1.29974,1.87,2.62
2015.03.22 23:26:21.947,1.29962,1.29973,3.19,1.50
2015.03.22 23:26:22.484,1.29961,1.29973,1.87,1.50
2015.03.22 23:26:24.102,1.29963,1.29973,1.00,1.50
2015.03.22 23:26:24.407,1.29969,1.29979,1.00,1.50
2015.03.22 23:26:24.610,1.29967,1.29979,3.94,1.00
2015.03.22 23:26:24.765,1.29967,1.29977,1.00,1.00
2015.03.22 23:26:24.918,1.29963,1.29975,1.25,1.50
2015.03.22 23:26:25.425,1.29963,1.29974,1.25,1.00
2015.03.22 23:26:25.785,1.29963,1.29974,1.62,1.00
2015.03.22 23:26:25.914,1.29965,1.29977,1.12,2.25
2015.03.22 23:26:27.530,1.29965,1.29976,1.00,1.00
2015.03.22 23:26:27.999,1.29968,1.29976,3.19,1.50
2015.03.22 23:26:28.152,1.29965,1.29976,1.12,1.00
2015.03.22 23:26:29.450,1.29965,1.29976,1.37,1.00
2015.03.22 23:26:34.964,1.29965,1.29976,1.12,1.50
2015.03.22 23:26:51.057,1.29963,1.29976,5.06,1.50
2015.03.22 23:26:53.213,1.29963,1.29975,1.50,1.00
2015.03.22 23:26:58.643,1.29963,1.29973,1.50,1.00
2015.03.22 23:26:59.153,1.29962,1.29973,1.00,1.00
2015.03.22 23:27:03.924,1.29961,1.29973,1.00,2.25
2015.03.22 23:27:03.976,1.29959,1.29969,1.00,1.87
2015.03.22 23:27:04.077,1.29953,1.29965,2.25,1.00
2015.03.22 23:27:04.129,1.29953,1.29965,1.57,1.37
2015.03.22 23:27:04.614,1.2995,1.29962,2.25,1.00
2015.03.22 23:27:04.867,1.29949,1.2996,1.00,1.00
2015.03.22 23:27:05.121,1.29947,1.29959,1.00,2.25
2015.03.22 23:27:05.945,1.29947,1.29959,1.00,1.87
2015.03.22 23:27:10.901,1.29946,1.29958,2.25,1.12
2015.03.22 23:27:10.952,1.29946,1.29958,2.25,1.37
2015.03.22 23:27:11.054,1.29946,1.29958,1.00,1.00
2015.03.22 23:27:11.562,1.29946,1.29958,1.00,1.37
2015.03.22 23:27:13.017,1.29946,1.29958,1.00,1.37
2015.03.22 23:27:15.020,1.29946,1.29958,1.00,2.62
2015.03.22 23:27:15.223,1.29944,1.29957,1.00,5.06
2015.03.22 23:27:15.426,1.29943,1.29955,1.50,2.62
2015.03.22 23:27:16.314,1.29942,1.29953,1.00,1.37
2015.03.22 23:27:19.329,1.29939,1.29951,1.50,1.87
2015.03.22 23:27:19.532,1.29935,1.29947,1.50,1.37
2015.03.22 23:27:19.837,1.29932,1.29945,2.25,1.12
2015.03.22 23:27:20.141,1.29932,1.29944,1.00,1.37
2015.03.22 23:27:20.670,1.29931,1.29943,1.00,1.00
2015.03.22 23:27:22.049,1.29932,1.29944,1.00,1.12
2015.03.22 23:27:23.035,1.29932,1.29946,1.00,2.62
2015.03.22 23:27:23.342,1.29937,1.29946,1.00,1.50
2015.03.22 23:27:23.959,1.29937,1.29947,1.00,1.50
2015.03.22 23:27:28.286,1.29937,1.29948,1.00,1.50
2015.03.22 23:27:29.367,1.29937,1.29948,1.00,1.87
2015.03.22 23:27:29.872,1.29938,1.29948,1.00,1.37
2015.03.22 23:27:32.502,1.29938,1.29949,1.00,1.62
2015.03.22 23:27:38.461,1.29938,1.2995,1.00,1.62
2015.03.22 23:27:40.765,1.29938,1.29951,1.00,8.25
2015.03.22 23:27:41.069,1.2994,1.29951,1.00,1.50
2015.03.22 23:27:41.604,1.2994,1.29951,1.00,3.56
2015.03.22 23:27:48.170,1.29939,1.29951,1.00,3.37
2015.03.22 23:27:51.306,1.29936,1.2995,1.50,1.87
2015.03.22 23:27:52.910,1.29936,1.2995,1.50,1.87
2015.03.22 23:27:53.231,1.29936,1.2995,1.87,1.87
2015.03.22 23:27:53.925,1.29936,1.2995,1.87,1.87
2015.03.22 23:27:57.540,1.29936,1.2995,1.87,1.37
2015.03.22 23:28:02.628,1.29936,1.29951,2.62,1.87
2015.03.22 23:28:03.145,1.29937,1.29951,1.00,1.37
2015.03.22 23:28:03.856,1.29937,1.29951,1.00,2.62
2015.03.22 23:28:04.389,1.29937,1.29949,1.50,1.12
2015.03.22 23:28:06.033,1.29938,1.29949,1.00,1.12
2015.03.22 23:28:06.085,1.29941,1.29953,1.12,1.00
2015.03.22 23:28:07.016,1.29943,1.29954,1.50,1.00
2015.03.22 23:28:07.068,1.29944,1.29956,1.00,1.00
2015.03.22 23:28:07.327,1.29946,1.29957,1.00,1.25
2015.03.22 23:28:07.854,1.29947,1.2996,1.00,2.51
2015.03.22 23:28:08.376,1.29947,1.29959,1.50,1.37
2015.03.22 23:28:12.456,1.29947,1.29953,1.50,2.25
2015.03.22 23:28:12.650,1.29943,1.29952,1.00,3.00
2015.03.22 23:28:12.904,1.29942,1.29953,1.50,1.00
2015.03.22 23:28:13.056,1.29942,1.29956,2.25,2.62
2015.03.22 23:28:13.613,1.29943,1.29956,1.87,1.12
2015.03.22 23:28:20.249,1.29943,1.29954,1.12,1.00
2015.03.22 23:28:20.401,1.29942,1.29956,1.37,1.00
2015.03.22 23:28:29.041,1.29943,1.29955,1.00,1.00
2015.03.22 23:28:29.143,1.29942,1.29953,1.00,1.00
2015.03.22 23:28:29.194,1.2994,1.29952,1.12,1.00
2015.03.22 23:28:29.447,1.29943,1.29953,1.12,1.00
2015.03.22 23:28:29.498,1.29943,1.29955,1.87,1.50
2015.03.22 23:28:30.031,1.29942,1.29954,1.00,1.00
2015.03.22 23:28:33.404,1.29942,1.29955,1.87,1.00
2015.03.22 23:28:33.909,1.29942,1.29956,2.62,2.62
2015.03.22 23:28:34.415,1.29943,1.29956,1.00,1.50
2015.03.22 23:28:34.992,1.29944,1.29956,2.25,1.00
2015.03.22 23:28:36.595,1.29942,1.29956,4.12,3.00
2015.03.22 23:28:40.209,1.29942,1.29954,3.37,1.00
2015.03.22 23:28:41.868,1.29942,1.29954,3.37,1.00
2015.03.22 23:28:43.886,1.29946,1.29956,1.75,2.25
2015.03.22 23:28:44.039,1.29947,1.2996,1.37,2.32
2015.03.22 23:28:44.091,1.29947,1.29957,1.00,1.00
2015.03.22 23:28:44.243,1.29948,1.2996,1.00,1.50
2015.03.22 23:28:44.496,1.29951,1.2996,1.00,1.00
2015.03.22 23:28:44.750,1.29951,1.29963,1.00,2.62
2015.03.22 23:28:45.320,1.29952,1.29963,1.00,1.50
2015.03.22 23:28:45.422,1.29953,1.29966,1.00,1.50
2015.03.22 23:28:45.523,1.29955,1.29967,1.00,1.00
2015.03.22 23:28:47.680,1.29955,1.29967,1.37,1.50
2015.03.22 23:28:48.219,1.29955,1.29967,1.12,2.25
2015.03.22 23:28:49.084,1.29955,1.29966,1.12,1.00
2015.03.22 23:28:52.572,1.2996,1.29966,1.00,1.00
2015.03.22 23:28:52.674,1.29961,1.29969,2.25,1.00
2015.03.22 23:28:52.725,1.29965,1.29975,1.37,1.57
2015.03.22 23:28:52.878,1.29968,1.29977,1.00,1.00
2015.03.22 23:28:52.929,1.29969,1.2998,1.00,1.50
2015.03.22 23:28:53.182,1.29973,1.2998,1.87,1.00
2015.03.22 23:28:53.336,1.29973,1.29985,1.00,4.57
2015.03.22 23:28:53.387,1.29974,1.29983,1.87,1.00
2015.03.22 23:28:53.591,1.29974,1.29985,2.62,1.50
2015.03.22 23:28:53.744,1.29974,1.29987,1.00,1.50
2015.03.22 23:28:53.845,1.29973,1.29985,1.87,1.50
2015.03.22 23:28:54.150,1.29974,1.29987,1.00,2.25
2015.03.22 23:28:54.455,1.29976,1.29987,1.00,1.00
2015.03.22 23:28:56.110,1.29976,1.29988,1.00,1.00
2015.03.22 23:28:57.199,1.29976,1.29988,1.37,1.00
2015.03.22 23:29:03.472,1.29975,1.29985,1.37,1.00
2015.03.22 23:29:05.064,1.29975,1.2998,3.00,1.00
2015.03.22 23:29:05.250,1.29967,1.29976,3.24,1.00
2015.03.22 23:29:05.352,1.29965,1.29972,2.49,1.00
2015.03.22 23:29:05.403,1.29965,1.29972,1.12,1.00
2015.03.22 23:29:05.454,1.29962,1.2997,1.75,1.00
2015.03.22 23:29:05.773,1.29957,1.2996,1.00,1.50
2015.03.22 23:29:05.827,1.29944,1.2996,3.75,1.50
2015.03.22 23:29:05.879,1.29945,1.29954,1.00,1.00
2015.03.22 23:29:06.084,1.2994,1.29953,3.56,1.00
2015.03.22 23:29:07.541,1.29941,1.29953,1.37,1.00
2015.03.22 23:29:09.767,1.29949,1.29958,1.37,2.25
2015.03.22 23:29:09.972,1.29954,1.29967,1.00,1.00
2015.03.22 23:29:10.221,1.29958,1.29969,1.00,3.00
2015.03.22 23:29:10.476,1.29956,1.29969,1.12,1.50
2015.03.22 23:29:12.348,1.29956,1.29969,2.62,1.12
2015.03.22 23:29:13.643,1.29956,1.29967,2.62,1.00
2015.03.22 23:29:14.052,1.29955,1.29967,1.50,1.37
2015.03.22 23:29:14.555,1.29954,1.29966,1.00,1.12
2015.03.22 23:29:18.192,1.29954,1.29966,1.00,1.37
2015.03.22 23:29:18.294,1.29952,1.29964,2.25,1.00
2015.03.22 23:29:18.708,1.29949,1.29963,2.25,1.12
2015.03.22 23:29:19.216,1.2995,1.29963,1.00,1.12
2015.03.22 23:29:20.220,1.29952,1.29964,1.00,3.19
2015.03.22 23:29:21.460,1.29955,1.29964,1.00,1.25
2015.03.22 23:29:21.612,1.2996,1.29972,1.37,2.25
2015.03.22 23:29:21.663,1.2996,1.2997,1.37,1.00
2015.03.22 23:29:21.765,1.29959,1.29971,1.87,1.00
2015.03.22 23:29:22.120,1.29961,1.29972,1.00,1.50
2015.03.22 23:29:22.424,1.29964,1.29973,1.00,1.00
2015.03.22 23:29:22.526,1.29964,1.29975,1.00,2.25
2015.03.22 23:29:22.729,1.29965,1.29977,1.00,2.25
2015.03.22 23:29:32.721,1.29966,1.29977,1.00,1.50
2015.03.22 23:29:33.279,1.29966,1.29978,1.00,1.00
2015.03.22 23:29:39.390,1.29966,1.29977,1.00,1.00
2015.03.22 23:29:39.491,1.29964,1.29977,1.00,1.00
2015.03.22 23:29:39.745,1.29963,1.29976,1.50,1.37
2015.03.22 23:29:40.259,1.29962,1.29975,1.50,1.12
2015.03.22 23:29:40.596,1.29962,1.29975,1.50,1.37
2015.03.22 23:29:40.699,1.29962,1.29975,1.50,1.12
2015.03.22 23:29:41.220,1.29963,1.29976,1.87,1.87
2015.03.22 23:29:43.333,1.29962,1.29975,1.50,1.12
2015.03.22 23:29:43.435,1.29961,1.29973,1.69,1.00
2015.03.22 23:29:43.790,1.29963,1.29974,1.37,1.87
2015.03.22 23:29:44.847,1.29963,1.29973,1.00,1.50
2015.03.22 23:29:46.224,1.29963,1.29973,1.00,1.87
2015.03.22 23:29:48.052,1.29963,1.29973,1.00,1.50
2015.03.22 23:29:51.344,1.29962,1.29973,1.00,2.62
2015.03.22 23:29:51.446,1.29962,1.29973,1.00,2.25
2015.03.22 23:29:51.968,1.29961,1.29973,1.12,2.25
2015.03.22 23:29:52.142,1.29961,1.29971,1.12,1.00
2015.03.22 23:29:52.741,1.2996,1.29969,1.00,1.00
2015.03.22 23:29:53.308,1.2996,1.2997,1.87,1.50
2015.03.22 23:29:53.963,1.2996,1.2997,1.87,1.50
2015.03.22 23:29:55.636,1.2996,1.2997,1.87,1.50
2015.03.22 23:29:56.094,1.29961,1.2997,1.12,1.50
2015.03.22 23:29:56.145,1.29966,1.29973,1.00,2.25
2015.03.22 23:29:56.196,1.29966,1.29976,1.00,1.00
2015.03.22 23:29:56.247,1.29972,1.29976,1.00,1.00
2015.03.22 23:29:56.298,1.29972,1.2998,1.00,2.25
2015.03.22 23:29:56.350,1.29975,1.2998,1.00,1.00
2015.03.22 23:29:56.401,1.29975,1.29984,1.00,1.50
2015.03.22 23:29:56.452,1.29979,1.29987,1.00,2.25
2015.03.22 23:29:56.503,1.29979,1.2999,1.50,1.00
2015.03.22 23:29:56.554,1.29984,1.29991,1.00,1.00
2015.03.22 23:29:56.605,1.29984,1.29995,1.00,1.87
2015.03.22 23:29:56.656,1.29987,1.29994,1.00,1.12
2015.03.22 23:29:56.757,1.29987,1.29999,1.00,3.75
2015.03.22 23:29:56.808,1.29989,1.29999,1.00,3.75
2015.03.22 23:29:57.013,1.29991,1.30001,2.25,1.00
2015.03.22 23:29:57.064,1.29993,1.30001,1.00,1.00
2015.03.22 23:29:57.269,1.2999,1.29999,1.50,1.00
2015.03.22 23:29:57.371,1.29992,1.3,1.00,1.00
2015.03.22 23:29:57.473,1.29992,1.30003,1.00,1.00
2015.03.22 23:29:57.676,1.29996,1.30002,1.00,1.00
2015.03.22 23:29:57.828,1.29996,1.30004,1.00,1.50
2015.03.22 23:29:57.879,1.29996,1.30006,1.00,1.00
2015.03.22 23:29:58.307,1.29998,1.30008,1.00,1.50
2015.03.22 23:29:59.485,1.29998,1.30008,1.37,1.50
2015.03.22 23:30:00.034,1.29998,1.30009,1.37,1.00
2015.03.22 23:30:01.069,1.30004,1.3001,1.00,1.50
2015.03.22 23:30:01.171,1.30007,1.30017,1.12,1.00
2015.03.22 23:30:01.277,1.30009,1.30019,1.00,1.00
2015.03.22 23:30:01.480,1.3001,1.30022,1.00,2.25
2015.03.22 23:30:01.835,1.30014,1.30023,1.00,1.00
2015.03.22 23:30:02.412,1.30012,1.30023,1.00,1.00
2015.03.22 23:30:04.606,1.30013,1.30022,1.00,1.37
2015.03.22 23:30:04.961,1.30013,1.30023,1.00,1.50
2015.03.22 23:30:05.500,1.30013,1.30024,1.00,1.50
2015.03.22 23:30:06.289,1.30013,1.30025,1.12,2.25
2015.03.22 23:30:07.029,1.30015,1.30025,1.00,1.00
2015.03.22 23:30:08.203,1.30013,1.30025,1.00,1.00
2015.03.22 23:30:09.201,1.30013,1.30024,1.00,1.00
2015.03.22 23:30:10.597,1.30013,1.30025,1.00,1.00
2015.03.22 23:30:11.115,1.30013,1.30025,1.12,1.37
2015.03.22 23:30:11.721,1.30013,1.30023,1.00,1.00
2015.03.22 23:30:12.248,1.30011,1.30023,1.37,1.00
2015.03.22 23:30:16.513,1.30011,1.30024,1.37,1.12
2015.03.22 23:30:17.051,1.30011,1.30024,1.50,1.12
2015.03.22 23:30:17.560,1.30011,1.30023,1.50,1.00
2015.03.22 23:30:17.662,1.30011,1.30023,1.87,1.37
2015.03.22 23:30:17.763,1.30008,1.30021,1.00,1.37
2015.03.22 23:30:17.865,1.30005,1.30017,1.00,1.00
2015.03.22 23:30:17.916,1.30005,1.30015,1.50,1.00
2015.03.22 23:30:18.069,1.30005,1.30017,1.50,2.25
2015.03.22 23:30:18.170,1.30004,1.30015,1.00,1.00
2015.03.22 23:30:18.475,1.30002,1.30016,1.00,1.00
2015.03.22 23:30:18.577,1.30006,1.30015,1.00,1.00
2015.03.22 23:30:18.731,1.30004,1.30015,1.00,1.00
2015.03.22 23:30:19.291,1.30005,1.30015,2.25,1.00
2015.03.22 23:30:19.748,1.30001,1.30015,1.19,1.00
2015.03.22 23:30:20.298,1.30001,1.30014,1.19,1.00
2015.03.22 23:30:20.399,1.30001,1.30014,1.00,1.37
2015.03.22 23:30:20.939,1.3,1.30013,1.50,1.37
2015.03.22 23:30:21.284,1.29999,1.3001,1.00,1.50
2015.03.22 23:30:21.796,1.29997,1.30009,1.39,1.00
2015.03.22 23:30:22.343,1.29997,1.30009,1.20,1.12
2015.03.22 23:30:23.120,1.29997,1.3001,2.02,1.12
2015.03.22 23:30:23.584,1.29998,1.3001,1.00,2.62
2015.03.22 23:30:23.990,1.29996,1.30008,1.00,2.25
2015.03.22 23:30:24.194,1.29998,1.3001,1.00,2.25
2015.03.22 23:30:24.702,1.29997,1.30009,1.00,1.50
2015.03.22 23:30:25.058,1.29999,1.30011,1.00,1.00
2015.03.22 23:30:25.866,1.3,1.30013,1.00,1.87
2015.03.22 23:30:26.534,1.3,1.30013,1.37,1.87
2015.03.22 23:30:27.036,1.3,1.30013,1.37,1.87
2015.03.22 23:30:27.604,1.3,1.30013,1.37,1.87
2015.03.22 23:30:30.911,1.3,1.30013,1.37,1.50
2015.03.22 23:30:31.414,1.30002,1.30013,1.00,1.50
2015.03.22 23:30:31.743,1.30002,1.30011,1.00,1.00
2015.03.22 23:30:32.280,1.29999,1.30011,1.37,1.00
2015.03.22 23:30:32.827,1.29999,1.30011,1.37,1.00
2015.03.22 23:30:35.667,1.29999,1.30012,1.87,1.50
2015.03.22 23:30:36.180,1.3,1.30013,1.12,1.00
2015.03.22 23:30:36.708,1.3,1.30012,1.12,1.50
2015.03.22 23:30:37.664,1.3,1.30012,1.37,1.50
2015.03.22 23:30:39.838,1.3,1.30012,1.00,1.50
2015.03.22 23:30:39.890,1.29998,1.30008,1.50,1.00
2015.03.22 23:30:40.196,1.29989,1.29991,2.25,1.00
2015.03.22 23:30:40.248,1.29979,1.29991,2.62,1.00
2015.03.22 23:30:40.300,1.29979,1.29991,1.00,2.25
2015.03.22 23:30:40.351,1.29977,1.29991,2.25,2.25
2015.03.22 23:30:40.503,1.29976,1.29988,1.00,1.00
2015.03.22 23:30:40.706,1.29972,1.29985,1.50,1.00
2015.03.22 23:30:40.910,1.29972,1.29983,1.00,1.50
2015.03.22 23:30:41.089,1.29968,1.2998,1.00,2.25
2015.03.22 23:30:41.192,1.29968,1.29978,1.00,1.00
2015.03.22 23:30:41.297,1.29964,1.29976,3.94,1.00
2015.03.22 23:30:43.986,1.29964,1.29976,1.37,2.25
2015.03.22 23:30:46.835,1.29964,1.29976,1.37,2.25
2015.03.22 23:30:47.623,1.29964,1.29976,1.37,1.50
2015.03.22 23:30:50.104,1.29964,1.29976,1.00,1.50
2015.03.22 23:30:50.207,1.29964,1.29974,1.00,1.00
2015.03.22 23:30:50.359,1.29961,1.29973,1.00,1.00
2015.03.22 23:30:50.511,1.2996,1.2997,1.50,1.12
2015.03.22 23:30:50.613,1.29958,1.2997,2.25,1.00
2015.03.22 23:30:50.715,1.2996,1.29972,1.00,2.25
2015.03.22 23:30:51.231,1.29961,1.29973,1.00,1.00
2015.03.22 23:30:51.746,1.29964,1.29973,1.00,1.00
2015.03.22 23:30:51.848,1.29964,1.29976,1.00,2.25
2015.03.22 23:30:52.357,1.29964,1.29975,1.00,1.00
2015.03.22 23:30:52.562,1.29961,1.29971,1.00,1.00
2015.03.22 23:30:52.613,1.29959,1.29971,1.87,1.50
2015.03.22 23:30:52.968,1.29956,1.29968,1.37,1.50
2015.03.22 23:30:53.275,1.29954,1.29965,1.84,1.00
2015.03.22 23:30:53.427,1.2995,1.29962,1.00,1.50
2015.03.22 23:30:53.529,1.29948,1.2996,2.62,1.00
2015.03.22 23:30:53.631,1.29946,1.29959,1.00,1.00
2015.03.22 23:30:53.733,1.29945,1.29957,1.00,1.50
2015.03.22 23:30:53.835,1.29943,1.29956,1.00,3.00
2015.03.22 23:30:54.140,1.29941,1.29954,1.25,1.00
2015.03.22 23:30:54.662,1.29941,1.29953,1.00,1.50
2015.03.22 23:30:55.119,1.29944,1.29954,1.50,1.00
2015.03.22 23:30:55.170,1.29944,1.29958,1.50,2.44
2015.03.22 23:30:55.222,1.29947,1.29958,1.50,1.00
2015.03.22 23:30:55.375,1.29947,1.2996,2.25,1.31
2015.03.22 23:30:55.628,1.29949,1.29962,1.50,1.37
2015.03.22 23:30:55.679,1.29949,1.29962,1.50,1.00
2015.03.22 23:30:56.146,1.29949,1.29959,1.50,1.00
2015.03.22 23:30:56.248,1.29946,1.29959,2.25,1.00
2015.03.22 23:30:56.554,1.29948,1.29959,1.00,1.00
2015.03.22 23:30:56.656,1.29948,1.29961,1.50,2.25
2015.03.22 23:30:57.011,1.2995,1.29961,1.00,1.00
2015.03.22 23:30:57.062,1.2995,1.29963,1.00,1.69
2015.03.22 23:30:57.114,1.29952,1.29963,1.00,1.50
2015.03.22 23:30:57.418,1.29953,1.29965,1.37,3.00
2015.03.22 23:30:57.469,1.29952,1.29965,1.50,3.00
2015.03.22 23:30:57.806,1.29954,1.29965,1.00,4.50
2015.03.22 23:31:01.060,1.29953,1.29965,1.00,3.00
2015.03.22 23:31:01.562,1.29954,1.29965,1.50,3.75
2015.03.22 23:31:03.486,1.29955,1.29965,1.00,2.62
2015.03.22 23:31:03.638,1.29953,1.29965,1.00,2.25
2015.03.22 23:31:03.842,1.29955,1.29965,1.00,2.25
2015.03.22 23:31:04.167,1.29959,1.29965,1.00,2.25
2015.03.22 23:31:04.218,1.29959,1.29971,1.50,1.50
2015.03.22 23:31:04.728,1.2996,1.29973,1.50,1.50
2015.03.22 23:31:04.780,1.2996,1.29971,1.50,1.00
2015.03.22 23:31:05.185,1.29961,1.29973,1.00,1.50
2015.03.22 23:31:05.591,1.29957,1.2997,3.00,1.00
2015.03.22 23:31:05.693,1.29959,1.29971,1.00,1.00
2015.03.22 23:31:09.001,1.29959,1.29971,2.25,1.37
2015.03.22 23:31:09.104,1.2996,1.29973,1.00,2.25
2015.03.22 23:31:09.205,1.29962,1.29973,1.00,1.00
2015.03.22 23:31:09.460,1.2996,1.29973,1.00,1.00
2015.03.22 23:31:09.511,1.29959,1.29971,1.50,1.37
2015.03.22 23:31:09.613,1.29958,1.29972,1.87,1.00
2015.03.22 23:31:10.063,1.29958,1.2997,1.00,1.00
2015.03.22 23:31:10.165,1.29956,1.29969,1.00,1.50
2015.03.22 23:31:10.682,1.29956,1.2997,1.50,2.25
2015.03.22 23:31:11.139,1.29956,1.2997,1.50,2.62
2015.03.22 23:31:11.252,1.29956,1.2997,1.50,2.62
2015.03.22 23:31:11.764,1.29955,1.29967,1.00,1.00
2015.03.22 23:31:13.551,1.29955,1.29967,1.37,1.50
2015.03.22 23:31:13.856,1.29962,1.29974,2.06,1.00
2015.03.22 23:31:13.907,1.29966,1.29977,1.00,2.62
2015.03.22 23:31:14.415,1.29966,1.29978,1.00,1.00
2015.03.22 23:31:14.671,1.29966,1.29978,1.37,1.00
2015.03.22 23:31:15.077,1.29966,1.29978,1.00,1.87
2015.03.22 23:31:15.622,1.29966,1.29978,1.12,1.00
2015.03.22 23:31:19.405,1.29965,1.29978,1.00,1.00
2015.03.22 23:31:19.508,1.29966,1.29976,1.50,1.00
2015.03.22 23:31:19.610,1.29961,1.29975,1.87,1.87
2015.03.22 23:31:19.661,1.29961,1.29975,1.00,1.87
2015.03.22 23:31:19.814,1.29957,1.29971,2.25,2.62
2015.03.22 23:31:19.866,1.29957,1.29971,2.25,3.75
2015.03.22 23:31:20.069,1.29954,1.29966,2.25,1.00
2015.03.22 23:31:20.120,1.29954,1.29964,1.00,1.00
2015.03.22 23:31:20.375,1.29948,1.2996,1.00,1.00
2015.03.22 23:31:20.527,1.29947,1.29958,1.00,1.00
2015.03.22 23:31:21.051,1.29946,1.29958,1.00,1.00
2015.03.22 23:31:24.507,1.29946,1.29958,1.00,1.37
2015.03.22 23:31:25.202,1.29946,1.29958,1.00,1.50
2015.03.22 23:31:25.527,1.29946,1.29958,1.00,1.50
2015.03.22 23:31:25.882,1.29944,1.29956,3.00,1.87
2015.03.22 23:31:27.026,1.29944,1.29956,2.25,1.00
2015.03.22 23:31:27.128,1.29944,1.29956,2.25,1.37
2015.03.22 23:31:27.229,1.29944,1.29956,2.25,1.37
2015.03.22 23:31:27.782,1.29944,1.29956,2.25,1.00
2015.03.22 23:31:30.151,1.29945,1.29956,1.00,1.00
2015.03.22 23:31:35.364,1.29946,1.29958,1.50,1.00
2015.03.22 23:31:35.879,1.29947,1.29959,1.00,1.00
2015.03.22 23:31:37.630,1.29949,1.29959,1.00,1.12
2015.03.22 23:31:37.935,1.29949,1.29961,2.25,1.00
2015.03.22 23:31:38.478,1.29949,1.2996,1.00,1.37
2015.03.22 23:31:38.580,1.29948,1.2996,1.50,1.12
2015.03.22 23:31:38.687,1.29948,1.29962,3.00,1.00
2015.03.22 23:31:38.739,1.29952,1.29963,1.00,1.50
2015.03.22 23:31:39.044,1.29958,1.29966,1.00,1.00
2015.03.22 23:31:39.095,1.29958,1.29968,2.25,1.00
2015.03.22 23:31:39.146,1.29961,1.29968,1.00,1.00
2015.03.22 23:31:39.197,1.29961,1.29971,2.25,1.00
2015.03.22 23:31:39.552,1.29961,1.29974,2.25,1.69
2015.03.22 23:31:40.060,1.29963,1.29974,1.00,1.00
2015.03.22 23:31:40.610,1.29962,1.29974,2.25,1.00
2015.03.22 23:31:42.401,1.29962,1.29974,2.25,1.37
2015.03.22 23:31:42.951,1.29962,1.29974,1.50,1.00
2015.03.22 23:31:44.412,1.29962,1.29973,1.50,1.37
2015.03.22 23:31:44.615,1.29961,1.29973,1.00,1.50
2015.03.22 23:31:45.132,1.29961,1.29973,1.50,1.37
2015.03.22 23:31:45.639,1.29962,1.29973,1.50,1.37
2015.03.22 23:31:48.612,1.29962,1.29973,1.50,1.12
2015.03.22 23:31:49.170,1.29961,1.29973,2.25,1.12
2015.03.22 23:31:51.270,1.29963,1.29973,1.00,1.00
2015.03.22 23:31:51.372,1.29963,1.29975,1.00,1.87
2015.03.22 23:31:53.648,1.29963,1.29975,1.00,1.87
2015.03.22 23:31:54.433,1.29963,1.29975,1.00,1.50
2015.03.22 23:31:54.535,1.29963,1.29975,1.00,1.87
2015.03.22 23:31:54.926,1.29963,1.29975,1.00,1.12
2015.03.22 23:31:55.433,1.29964,1.29974,1.00,1.00
2015.03.22 23:31:56.967,1.29964,1.29973,1.00,1.00
2015.03.22 23:31:57.485,1.29961,1.29973,1.50,2.25
2015.03.22 23:31:59.881,1.2996,1.2997,1.00,1.00
2015.03.22 23:32:01.101,1.29961,1.2997,1.00,1.00
2015.03.22 23:32:01.847,1.29962,1.29972,1.00,1.37
2015.03.22 23:32:02.396,1.29962,1.29972,1.00,1.00
2015.03.22 23:32:03.390,1.29964,1.29974,1.00,1.00
2015.03.22 23:32:03.920,1.29965,1.29974,1.37,1.00
2015.03.22 23:32:04.022,1.29965,1.29974,2.25,1.00
2015.03.22 23:32:04.073,1.29966,1.29977,1.00,1.50
2015.03.22 23:32:04.175,1.29967,1.29979,3.00,1.50
2015.03.22 23:32:04.277,1.29969,1.29979,1.00,1.00
2015.03.22 23:32:04.788,1.2997,1.2998,2.62,1.76
2015.03.22 23:32:05.323,1.29971,1.29981,2.62,1.76
2015.03.22 23:32:05.845,1.29973,1.2998,1.87,1.76
2015.03.22 23:32:06.403,1.29973,1.2998,2.25,1.76
2015.03.22 23:32:06.710,1.29972,1.2998,2.44,1.76
2015.03.22 23:32:07.015,1.2997,1.29979,1.00,1.00
2015.03.22 23:32:07.218,1.2997,1.29981,1.00,2.51
2015.03.22 23:32:07.721,1.2997,1.2998,3.00,1.76
2015.03.22 23:32:08.025,1.29974,1.2998,1.37,1.76
2015.03.22 23:32:10.543,1.29973,1.2998,1.37,1.76
2015.03.22 23:32:10.645,1.29971,1.2998,1.12,1.76
2015.03.22 23:32:10.950,1.2997,1.29981,2.25,2.51
2015.03.22 23:32:11.501,1.29973,1.2998,1.37,1.76
2015.03.22 23:32:11.830,1.29973,1.2998,1.00,1.76
2015.03.22 23:32:11.882,1.2997,1.29981,2.62,1.76
2015.03.22 23:32:12.137,1.29968,1.29979,1.87,1.12
2015.03.22 23:32:12.644,1.29968,1.29979,1.00,1.00
2015.03.22 23:32:13.161,1.29969,1.29979,1.00,1.37
2015.03.22 23:32:13.679,1.29968,1.29979,1.00,1.00
2015.03.22 23:32:15.272,1.29969,1.29979,2.62,1.00
2015.03.22 23:32:17.902,1.29971,1.29979,1.00,1.00
2015.03.22 23:32:18.209,1.29976,1.29986,1.37,4.35
2015.03.22 23:32:18.513,1.29976,1.29987,1.37,3.23
2015.03.22 23:32:18.586,1.29976,1.29987,1.12,3.23
2015.03.22 23:32:18.637,1.29978,1.29987,3.19,3.23
2015.03.22 23:32:19.034,1.29978,1.29987,3.94,1.87
2015.03.22 23:32:19.085,1.29978,1.29987,3.94,1.12
2015.03.22 23:32:19.626,1.29979,1.29988,1.87,1.50
2015.03.22 23:32:19.879,1.29977,1.29987,4.87,1.45
2015.03.22 23:32:20.741,1.29977,1.29986,1.00,1.00
2015.03.22 23:32:20.897,1.29974,1.29985,1.00,1.12
2015.03.22 23:32:21.433,1.29972,1.29985,1.87,1.50
2015.03.22 23:32:24.477,1.29972,1.29985,1.00,2.25
2015.03.22 23:32:28.547,1.29972,1.29985,1.37,2.25
2015.03.22 23:32:28.964,1.29972,1.29983,1.00,1.00
2015.03.22 23:32:29.399,1.2997,1.29981,1.00,1.00
2015.03.22 23:32:31.362,1.29969,1.2998,1.00,1.50
2015.03.22 23:32:33.289,1.29967,1.29979,2.25,1.00
2015.03.22 23:32:41.471,1.29967,1.29978,1.50,1.00
2015.03.22 23:32:42.222,1.29966,1.29978,1.25,2.25
2015.03.22 23:32:43.790,1.29965,1.29976,1.25,1.00
2015.03.22 23:33:00.072,1.29967,1.29976,1.00,1.00
2015.03.22 23:33:00.123,1.29967,1.29978,1.00,1.00
2015.03.22 23:33:00.621,1.29965,1.29976,1.50,1.00
2015.03.22 23:33:01.620,1.29966,1.29976,1.00,1.00
2015.03.22 23:33:01.824,1.29968,1.2998,1.50,1.00
2015.03.22 23:33:02.341,1.29968,1.29978,1.00,1.00
2015.03.22 23:33:02.594,1.29969,1.2998,1.12,1.00
2015.03.22 23:33:14.242,1.29971,1.29982,1.50,1.50
2015.03.22 23:33:14.755,1.29975,1.29982,1.00,1.00
2015.03.22 23:33:14.832,1.29975,1.29985,1.00,1.50
2015.03.22 23:33:15.346,1.29974,1.29985,1.00,1.50
2015.03.22 23:33:15.448,1.29973,1.29983,1.00,1.00
2015.03.22 23:33:15.550,1.2997,1.29981,1.00,1.00
2015.03.22 23:33:16.125,1.29969,1.29981,2.25,1.00
2015.03.22 23:33:18.069,1.29968,1.29979,1.00,1.00
2015.03.22 23:33:18.374,1.29967,1.29977,1.00,1.00
2015.03.22 23:33:19.156,1.29967,1.2998,1.00,2.25
2015.03.22 23:33:19.359,1.29967,1.29978,2.25,1.00
2015.03.22 23:33:19.918,1.29967,1.29979,1.50,1.00
2015.03.22 23:33:29.627,1.29967,1.29978,1.50,1.00
2015.03.22 23:33:36.438,1.29968,1.29978,1.00,1.00
2015.03.22 23:33:46.911,1.29968,1.29981,3.00,1.00
2015.03.22 23:33:51.045,1.29968,1.2998,3.00,1.00
2015.03.22 23:33:53.292,1.2997,1.2998,1.00,1.00
2015.03.22 23:33:53.838,1.29971,1.2998,1.00,1.00
2015.03.22 23:34:01.304,1.29969,1.2998,1.00,1.50
2015.03.22 23:34:02.546,1.2997,1.2998,1.00,1.00
2015.03.22 23:34:02.648,1.29971,1.29982,1.00,1.87
2015.03.22 23:34:05.772,1.29971,1.29984,3.00,1.00
2015.03.22 23:34:08.915,1.29972,1.29984,1.00,1.00
2015.03.22 23:34:09.017,1.29974,1.29984,1.00,1.00
2015.03.22 23:34:09.846,1.29974,1.29985,1.00,1.50
2015.03.22 23:34:10.351,1.29975,1.29984,1.50,1.00
2015.03.22 23:34:16.765,1.29975,1.29985,1.50,1.00
2015.03.22 23:34:17.279,1.29975,1.29986,2.62,1.00
2015.03.22 23:34:19.454,1.29977,1.29984,1.00,1.00
2015.03.22 23:34:23.955,1.29977,1.29988,1.50,3.32
2015.03.22 23:34:30.148,1.29977,1.29988,1.50,3.32
2015.03.22 23:34:30.531,1.29977,1.29984,1.50,1.00
2015.03.22 23:34:32.242,1.29977,1.29985,1.00,1.00
2015.03.22 23:34:40.614,1.29978,1.29984,1.00,1.00
2015.03.22 23:34:40.994,1.29981,1.29985,1.12,1.00
2015.03.22 23:34:41.045,1.29981,1.29987,1.12,1.45
2015.03.22 23:34:41.410,1.29981,1.29987,1.37,1.45
2015.03.22 23:34:42.865,1.29981,1.29987,1.12,1.45
2015.03.22 23:34:42.916,1.29983,1.29988,1.00,1.07
2015.03.22 23:34:43.175,1.29985,1.29994,1.87,1.00
2015.03.22 23:34:43.227,1.29985,1.29996,1.50,1.00
2015.03.22 23:34:43.328,1.29987,1.29997,1.00,1.00
2015.03.22 23:34:43.866,1.29987,1.29998,1.00,1.50
2015.03.22 23:34:44.314,1.29989,1.29999,1.00,1.00
2015.03.22 23:34:44.570,1.2999,1.30001,1.00,1.00
2015.03.22 23:34:44.924,1.29992,1.30002,1.00,1.00
2015.03.22 23:34:47.366,1.29991,1.30002,1.00,1.00
2015.03.22 23:34:47.671,1.29993,1.30003,1.50,1.50
2015.03.22 23:34:47.722,1.29993,1.30006,2.25,1.00
2015.03.22 23:34:47.773,1.29995,1.30007,1.00,1.50
2015.03.22 23:34:48.283,1.29996,1.30008,1.50,1.50
2015.03.22 23:34:53.153,1.29999,1.30008,1.00,1.50
2015.03.22 23:34:55.964,1.29996,1.30008,1.50,1.50
2015.03.22 23:34:57.379,1.29996,1.30007,1.00,1.00
2015.03.22 23:34:59.643,1.29995,1.30007,1.00,1.87
2015.03.22 23:34:59.695,1.29994,1.30005,1.50,1.00
2015.03.22 23:34:59.847,1.29991,1.30003,3.00,1.00
2015.03.22 23:35:00.360,1.29991,1.30002,1.00,1.50
2015.03.22 23:35:00.411,1.29988,1.30001,2.62,1.00
2015.03.22 23:35:11.536,1.29988,1.29999,1.00,2.25
2015.03.22 23:35:11.587,1.29986,1.29999,1.12,3.00
2015.03.22 23:35:11.740,1.29985,1.29994,1.50,1.00
2015.03.22 23:35:11.792,1.29983,1.29994,1.00,2.25
2015.03.22 23:35:11.843,1.29982,1.29992,1.00,1.50
2015.03.22 23:35:11.894,1.2998,1.29992,1.00,1.50
2015.03.22 23:35:11.945,1.2998,1.2999,1.00,1.00
2015.03.22 23:35:11.996,1.29978,1.2999,1.00,1.50
2015.03.22 23:35:12.148,1.29978,1.29988,1.00,1.00
2015.03.22 23:35:17.349,1.29978,1.29985,1.00,1.00
2015.03.22 23:35:30.118,1.29976,1.29984,1.50,1.00
2015.03.22 23:35:36.746,1.29976,1.29986,1.00,1.00
2015.03.22 23:35:36.797,1.29976,1.29986,1.37,1.00
2015.03.22 23:35:36.899,1.29977,1.29988,1.12,1.00
2015.03.22 23:35:36.950,1.2998,1.29988,1.00,1.00
2015.03.22 23:35:37.103,1.2998,1.29993,1.00,1.50
2015.03.22 23:35:37.154,1.29982,1.29992,1.00,1.50
2015.03.22 23:35:37.307,1.2998,1.29992,1.00,3.00
2015.03.22 23:35:37.410,1.29977,1.29988,1.25,1.00
2015.03.22 23:35:37.512,1.29975,1.29988,1.12,3.00
2015.03.22 23:35:37.614,1.29975,1.29986,1.00,1.00
2015.03.22 23:35:38.135,1.29974,1.29985,1.50,1.00
2015.03.22 23:35:38.684,1.29974,1.29984,1.00,1.50
2015.03.22 23:35:39.214,1.29973,1.29983,1.00,1.00
2015.03.22 23:35:40.588,1.29972,1.29983,1.50,1.00
2015.03.22 23:35:41.109,1.29972,1.29982,1.00,1.00
2015.03.22 23:35:41.415,1.29967,1.29977,1.50,1.00
2015.03.22 23:35:42.256,1.29966,1.29976,1.00,1.00
2015.03.22 23:35:43.046,1.29966,1.29977,1.50,1.50
2015.03.22 23:35:43.351,1.29975,1.29984,1.00,1.00
2015.03.22 23:35:43.453,1.29976,1.29987,1.50,1.00
2015.03.22 23:35:43.607,1.2998,1.29987,1.00,1.00
2015.03.22 23:35:43.658,1.2998,1.2999,1.00,3.00
2015.03.22 23:35:43.861,1.29982,1.29991,1.00,2.25
2015.03.22 23:35:44.064,1.2998,1.29991,1.00,1.50
2015.03.22 23:35:44.606,1.29979,1.29991,1.50,1.50
2015.03.22 23:35:45.230,1.2998,1.29991,1.00,1.50
2015.03.22 23:35:45.333,1.2998,1.29984,1.00,1.00
2015.03.22 23:35:45.891,1.29981,1.29985,1.00,1.00
2015.03.22 23:35:46.265,1.29982,1.29992,1.00,1.00
2015.03.22 23:35:48.156,1.29982,1.29986,1.00,1.00
2015.03.22 23:35:49.071,1.29982,1.29986,1.00,1.00
2015.03.22 23:35:54.965,1.29981,1.29986,1.50,1.00
2015.03.22 23:35:55.269,1.2998,1.29992,2.25,1.00
2015.03.22 23:35:55.320,1.29982,1.29992,1.00,1.00
2015.03.22 23:35:55.574,1.29984,1.29995,1.00,1.00
2015.03.22 23:35:55.676,1.29986,1.29996,1.00,1.50
2015.03.22 23:35:55.778,1.29988,1.3,1.50,1.00
2015.03.22 23:35:55.880,1.2999,1.30002,1.00,2.44
2015.03.22 23:35:56.387,1.2999,1.30001,1.50,1.00
2015.03.22 23:35:57.060,1.2999,1.30001,1.00,1.37
2015.03.22 23:35:57.389,1.29984,1.29994,1.00,1.00
2015.03.22 23:35:59.919,1.29986,1.29994,1.00,2.25
2015.03.22 23:36:00.073,1.29986,1.29997,1.50,1.00
2015.03.22 23:36:00.175,1.29988,1.29997,1.00,1.00
2015.03.22 23:36:00.278,1.29988,1.3,1.00,1.50
2015.03.22 23:36:04.460,1.2999,1.3,1.00,1.00
2015.03.22 23:36:05.017,1.2999,1.30001,1.50,1.00
2015.03.22 23:36:08.390,1.29991,1.30001,1.00,1.00
2015.03.22 23:36:08.903,1.2999,1.3,1.00,1.00
2015.03.22 23:36:15.514,1.2999,1.30001,1.00,1.00
2015.03.22 23:36:24.294,1.29991,1.30001,1.00,1.00
2015.03.22 23:36:25.926,1.29992,1.30001,1.00,1.00
2015.03.22 23:36:26.591,1.2999,1.30001,3.00,1.00
2015.03.22 23:36:26.945,1.2999,1.29999,1.50,1.00
2015.03.22 23:36:27.047,1.29987,1.29998,1.50,1.50
2015.03.22 23:36:27.570,1.29986,1.29998,1.00,1.00
2015.03.22 23:36:35.436,1.29986,1.29997,1.50,1.00
2015.03.22 23:36:35.966,1.29987,1.29996,1.00,1.00
2015.03.22 23:36:36.841,1.29987,1.29997,1.00,1.00
2015.03.22 23:36:38.442,1.29987,1.29995,1.00,1.00
2015.03.22 23:36:39.396,1.29987,1.29998,2.25,1.00
2015.03.22 23:36:39.927,1.29987,1.29999,3.00,1.00
2015.03.22 23:36:42.073,1.2999,1.3,1.00,1.00
2015.03.22 23:36:42.378,1.29988,1.29998,1.00,1.00
2015.03.22 23:36:42.884,1.29986,1.29997,1.00,1.00
2015.03.22 23:36:43.892,1.29985,1.29994,1.00,1.00
2015.03.22 23:37:12.292,1.29985,1.29995,1.00,1.00
2015.03.22 23:37:13.709,1.29985,1.29991,1.00,1.00
2015.03.22 23:37:13.760,1.29983,1.29991,1.00,1.00
2015.03.22 23:37:13.912,1.29983,1.29988,1.00,1.00
2015.03.22 23:37:14.065,1.29981,1.29988,1.00,1.00
2015.03.22 23:37:14.166,1.29978,1.29988,1.25,1.00
2015.03.22 23:37:14.217,1.29978,1.29984,1.25,1.00
2015.03.22 23:37:14.319,1.29976,1.29984,1.50,1.00
2015.03.22 23:37:14.421,1.29973,1.29982,3.37,1.00
2015.03.22 23:37:14.523,1.29973,1.29979,1.00,1.00
2015.03.22 23:37:14.574,1.29971,1.29979,1.69,1.00
2015.03.22 23:37:14.625,1.29971,1.29975,1.00,1.00
2015.03.22 23:37:14.677,1.29967,1.29975,1.50,1.00
2015.03.22 23:37:14.830,1.29965,1.29975,1.12,1.00
2015.03.22 23:37:14.932,1.29965,1.29972,1.00,1.00
2015.03.22 23:37:15.385,1.29962,1.29972,1.25,1.00
2015.03.22 23:37:16.466,1.29962,1.29972,1.62,1.00
2015.03.22 23:37:16.987,1.29962,1.29972,1.25,1.00
2015.03.22 23:37:17.179,1.29962,1.29972,1.62,1.00
2015.03.22 23:37:17.739,1.29964,1.29974,1.00,1.00
2015.03.22 23:37:18.297,1.29965,1.29974,3.19,1.00
2015.03.22 23:37:18.450,1.29965,1.29976,3.56,1.00
2015.03.22 23:37:20.230,1.29967,1.29976,1.00,1.00
2015.03.22 23:37:22.533,1.29968,1.29978,1.00,1.00
2015.03.22 23:37:22.787,1.29968,1.29978,1.37,1.00
2015.03.22 23:37:22.838,1.2997,1.29981,1.87,1.50
2015.03.22 23:37:23.092,1.29971,1.29981,1.37,1.00
2015.03.22 23:37:23.346,1.29973,1.29983,1.00,1.00
2015.03.22 23:37:26.101,1.29973,1.29983,1.37,1.00
2015.03.22 23:37:26.609,1.29974,1.29984,3.19,1.00
2015.03.22 23:37:27.142,1.29975,1.29984,1.00,1.00
2015.03.22 23:37:28.817,1.29975,1.29984,5.06,1.00
2015.03.22 23:37:42.093,1.29977,1.29985,1.12,1.00
2015.03.22 23:37:42.601,1.29976,1.29985,1.00,1.00
2015.03.22 23:37:42.906,1.29977,1.29984,1.37,1.00
2015.03.22 23:37:43.109,1.29977,1.29987,1.37,1.50
2015.03.22 23:37:46.830,1.29977,1.29987,1.00,1.00
2015.03.22 23:37:52.472,1.29977,1.29986,1.00,1.00
2015.03.22 23:37:52.574,1.29975,1.29985,1.00,2.25
2015.03.22 23:37:52.676,1.29974,1.29983,1.00,1.00
2015.03.22 23:37:52.778,1.29972,1.29982,1.00,1.00
2015.03.22 23:37:52.880,1.29972,1.29979,1.00,1.00
2015.03.22 23:37:52.982,1.29967,1.29979,1.69,1.00
2015.03.22 23:37:53.528,1.29967,1.2998,1.25,1.00
2015.03.22 23:37:53.981,1.2997,1.29982,1.00,1.50
2015.03.22 23:37:54.646,1.2997,1.2998,1.50,1.00
2015.03.22 23:37:54.748,1.2997,1.29982,1.00,1.50
2015.03.22 23:38:00.125,1.29971,1.29982,1.00,1.00
2015.03.22 23:38:08.229,1.29971,1.29983,1.00,1.50
2015.03.22 23:38:08.515,1.29969,1.29983,1.50,1.00
2015.03.22 23:38:08.616,1.29968,1.2998,1.00,1.00
2015.03.22 23:38:08.921,1.2997,1.2998,1.12,1.50
2015.03.22 23:38:09.074,1.2997,1.29982,1.12,2.25
2015.03.22 23:38:09.328,1.29967,1.2998,1.50,1.00
2015.03.22 23:38:09.430,1.29966,1.29978,1.00,1.00
2015.03.22 23:38:09.735,1.29968,1.2998,1.00,1.50
2015.03.22 23:38:09.837,1.29965,1.29979,2.25,2.25
2015.03.22 23:38:09.939,1.29969,1.2998,1.00,1.50
2015.03.22 23:38:10.143,1.29967,1.29981,2.25,3.00
2015.03.22 23:38:10.245,1.29966,1.29978,1.50,1.00
2015.03.22 23:38:10.550,1.2997,1.29982,1.00,1.50
2015.03.22 23:38:13.049,1.29974,1.29983,1.12,1.00
2015.03.22 23:38:13.840,1.29974,1.29983,1.87,1.00
2015.03.22 23:38:13.891,1.29974,1.29985,1.87,1.00
2015.03.22 23:38:13.993,1.29977,1.29987,1.50,1.12
2015.03.22 23:38:14.247,1.29975,1.29986,1.00,1.00
2015.03.22 23:38:14.450,1.29972,1.29984,1.50,1.00
2015.03.22 23:38:15.844,1.29972,1.29983,1.00,1.00
2015.03.22 23:38:18.559,1.29973,1.29984,1.12,1.00
2015.03.22 23:38:19.083,1.29972,1.29984,3.00,1.50
2015.03.22 23:38:21.872,1.29972,1.29982,1.00,1.00
2015.03.22 23:38:22.621,1.2997,1.2998,1.50,1.00
2015.03.22 23:38:23.122,1.2997,1.29979,1.00,1.00
2015.03.22 23:38:28.560,1.29968,1.29979,2.62,1.00
2015.03.22 23:38:29.473,1.29968,1.29979,2.62,1.00
2015.03.22 23:38:32.457,1.29968,1.29979,2.62,1.00
2015.03.22 23:38:34.813,1.29968,1.29978,2.25,1.00
2015.03.22 23:38:34.915,1.29967,1.29976,1.00,1.00
2015.03.22 23:38:35.067,1.29964,1.29974,1.00,1.00
2015.03.22 23:38:35.473,1.29962,1.29973,1.31,1.00
2015.03.22 23:38:41.983,1.29961,1.29973,1.87,1.50
2015.03.22 23:38:42.501,1.29962,1.29973,1.50,1.00
2015.03.22 23:38:43.253,1.29961,1.29973,2.81,1.00
2015.03.22 23:38:43.777,1.29959,1.2997,1.50,1.50
2015.03.22 23:38:44.081,1.29958,1.29967,1.00,1.00
2015.03.22 23:38:44.335,1.29956,1.29966,2.25,1.00
2015.03.22 23:38:45.132,1.29955,1.29964,1.00,1.00
2015.03.22 23:38:45.696,1.29954,1.29964,1.50,1.00
2015.03.22 23:38:46.115,1.29954,1.29961,1.00,1.00
2015.03.22 23:38:55.407,1.29955,1.29961,1.50,1.00
2015.03.22 23:38:58.523,1.29955,1.29961,2.62,1.00
2015.03.22 23:39:00.373,1.29956,1.29961,1.37,1.00
2015.03.22 23:39:00.679,1.29958,1.29964,1.87,1.00
2015.03.22 23:39:01.213,1.29958,1.29964,1.87,1.00
2015.03.22 23:39:01.771,1.2996,1.29965,1.37,1.00
2015.03.22 23:39:03.070,1.2996,1.29965,1.00,1.00
2015.03.22 23:39:14.878,1.2996,1.29965,1.37,1.00
2015.03.22 23:39:15.390,1.29962,1.29965,1.87,1.00
2015.03.22 23:39:15.810,1.29958,1.29965,1.50,1.00
2015.03.22 23:39:15.861,1.29958,1.29963,1.00,1.00
2015.03.22 23:39:16.014,1.29956,1.29963,1.00,1.00
2015.03.22 23:39:16.066,1.29958,1.29963,1.37,1.00
2015.03.22 23:39:16.168,1.29959,1.29966,1.00,1.00
2015.03.22 23:39:16.270,1.29959,1.29963,1.00,1.00
2015.03.22 23:39:16.321,1.29954,1.29963,1.69,1.00
2015.03.22 23:39:16.373,1.29954,1.29961,1.25,1.00
2015.03.22 23:39:16.607,1.29958,1.29966,1.00,1.00
2015.03.22 23:39:16.710,1.29956,1.29963,1.50,1.00
2015.03.22 23:39:17.220,1.29955,1.29963,1.00,1.00
2015.03.22 23:39:17.527,1.29957,1.29965,1.50,1.00
2015.03.22 23:39:17.834,1.29956,1.29963,1.00,1.00
2015.03.22 23:39:18.050,1.29954,1.29963,1.50,1.00
2015.03.22 23:39:18.937,1.29954,1.29961,1.00,1.00
2015.03.22 23:39:19.243,1.29952,1.29962,1.00,1.00
2015.03.22 23:39:22.205,1.29952,1.29959,1.00,1.00
2015.03.22 23:39:23.151,1.29951,1.29959,1.50,1.00
2015.03.22 23:39:24.845,1.29949,1.29959,2.25,1.00
2015.03.22 23:39:25.366,1.2995,1.29959,1.00,1.00
2015.03.22 23:39:26.665,1.29953,1.29959,1.00,1.00
2015.03.22 23:39:28.243,1.29951,1.29959,1.00,1.00
2015.03.22 23:39:33.667,1.29949,1.29957,2.25,1.00
2015.03.22 23:39:33.973,1.29943,1.29951,1.00,1.00
2015.03.22 23:39:34.279,1.29939,1.29946,2.25,1.00
2015.03.22 23:39:34.483,1.29937,1.29946,1.00,1.00
2015.03.22 23:39:34.534,1.29937,1.29944,1.00,1.00
2015.03.22 23:39:36.173,1.29937,1.29943,1.00,1.00
2015.03.22 23:39:36.680,1.29936,1.29943,1.50,1.00
2015.03.22 23:39:36.983,1.29935,1.29941,1.00,1.00
2015.03.22 23:39:37.553,1.29936,1.29941,1.00,1.00
2015.03.22 23:39:49.060,1.29936,1.2994,1.00,1.00
2015.03.22 23:39:49.112,1.29933,1.2994,1.00,1.00
2015.03.22 23:39:49.163,1.29933,1.29937,1.00,1.00
2015.03.22 23:39:49.215,1.29931,1.29937,1.00,1.00
2015.03.22 23:39:49.724,1.29931,1.29937,1.37,1.00
2015.03.22 23:39:50.259,1.29931,1.29938,1.37,1.00
2015.03.22 23:39:58.415,1.29935,1.29941,1.00,1.00
2015.03.22 23:39:58.517,1.29938,1.29941,1.00,1.00
2015.03.22 23:39:58.619,1.2994,1.29944,1.00,1.00
2015.03.22 23:40:00.211,1.29938,1.29944,1.50,1.00
2015.03.22 23:40:00.262,1.29938,1.29941,1.50,1.00
2015.03.22 23:40:00.415,1.29933,1.29941,1.12,1.00
2015.03.22 23:40:00.618,1.29933,1.29939,1.12,1.00
2015.03.22 23:40:00.923,1.2993,1.29937,1.62,1.00
2015.03.22 23:40:02.396,1.2993,1.29937,1.37,1.00
2015.03.22 23:40:09.417,1.2993,1.29935,1.00,1.00
2015.03.22 23:40:09.468,1.29928,1.29935,1.31,1.00
2015.03.22 23:40:09.519,1.2993,1.29935,1.00,1.00
2015.03.22 23:40:09.824,1.2993,1.29937,1.37,1.00
2015.03.22 23:40:12.833,1.29928,1.29935,1.50,1.00
2015.03.22 23:40:12.935,1.29927,1.29931,1.00,1.00
2015.03.22 23:40:13.449,1.29926,1.29931,1.00,1.00
2015.03.22 23:40:17.453,1.29924,1.29929,1.00,1.00
2015.03.22 23:40:17.606,1.29921,1.29929,1.12,1.00
2015.03.22 23:40:17.758,1.29921,1.29926,1.12,1.00
2015.03.22 23:40:32.723,1.29922,1.29926,1.00,1.00
2015.03.22 23:40:39.871,1.29919,1.29926,1.00,1.00
2015.03.22 23:40:40.074,1.29917,1.29925,1.00,1.00
2015.03.22 23:40:40.227,1.29917,1.29923,1.00,1.00
2015.03.22 23:40:40.532,1.29912,1.29918,1.00,1.00
2015.03.22 23:40:41.051,1.29912,1.29917,1.00,1.00
2015.03.22 23:40:41.838,1.29909,1.29917,2.25,1.00
2015.03.22 23:40:42.192,1.29909,1.29917,2.62,1.00
2015.03.22 23:40:42.294,1.29913,1.2992,1.00,1.00
2015.03.22 23:40:44.277,1.29913,1.2992,1.37,1.00
2015.03.22 23:40:45.480,1.29915,1.2992,1.12,1.00
2015.03.22 23:40:50.362,1.29913,1.2992,1.12,1.00
2015.03.22 23:40:54.390,1.29916,1.2992,1.00,1.00
2015.03.22 23:40:55.253,1.29917,1.2992,1.00,1.00
2015.03.22 23:40:58.288,1.29915,1.2992,1.00,1.00
2015.03.22 23:40:58.806,1.29916,1.2992,1.00,1.00
2015.03.22 23:41:00.090,1.29915,1.2992,1.50,1.00
2015.03.22 23:41:01.354,1.29916,1.2992,1.00,1.00
2015.03.22 23:41:01.908,1.29917,1.29921,1.50,1.00
2015.03.22 23:41:02.099,1.29917,1.29922,1.50,1.00
2015.03.22 23:41:02.658,1.29918,1.29922,1.50,1.00
2015.03.22 23:41:04.516,1.29917,1.29922,1.00,1.00
2015.03.22 23:41:05.029,1.29918,1.29922,1.00,1.00
2015.03.22 23:41:09.810,1.29917,1.29922,1.00,1.00
2015.03.22 23:41:22.415,1.2992,1.29923,1.00,1.00
2015.03.22 23:41:22.466,1.2992,1.29927,1.00,2.25
2015.03.22 23:41:22.518,1.29925,1.29927,1.00,2.25
2015.03.22 23:41:22.824,1.29922,1.29927,1.50,1.00
2015.03.22 23:41:22.925,1.2992,1.29927,1.00,1.00
2015.03.22 23:41:24.253,1.29919,1.29926,1.00,1.00
2015.03.22 23:41:24.355,1.29918,1.29924,1.00,1.00
2015.03.22 23:41:24.661,1.29906,1.29912,1.00,1.00
2015.03.22 23:41:24.864,1.29901,1.29911,1.50,1.00
2015.03.22 23:41:25.017,1.299,1.29905,1.00,1.00
2015.03.22 23:41:25.068,1.29895,1.29905,2.25,1.00
2015.03.22 23:41:25.119,1.29895,1.29902,2.25,1.00
2015.03.22 23:41:25.424,1.29894,1.299,2.25,1.00
2015.03.22 23:41:26.311,1.29895,1.299,1.00,1.00
2015.03.22 23:41:26.887,1.29895,1.29902,2.25,1.00
2015.03.22 23:41:26.990,1.29895,1.29905,2.25,1.00
2015.03.22 23:41:27.041,1.29898,1.29905,1.00,1.00
2015.03.22 23:41:27.264,1.29902,1.2991,1.50,1.00
2015.03.22 23:41:29.489,1.29902,1.29907,1.00,1.00
2015.03.22 23:41:29.642,1.29899,1.29907,2.25,1.00
2015.03.22 23:41:30.188,1.29899,1.29906,1.00,1.00
2015.03.22 23:41:32.040,1.29899,1.29907,1.00,1.00
2015.03.22 23:41:35.142,1.29898,1.29907,1.12,1.00
2015.03.22 23:41:37.353,1.299,1.29907,1.50,1.00
2015.03.22 23:41:37.404,1.299,1.29909,2.25,1.00
2015.03.22 23:41:37.760,1.29902,1.29911,1.00,1.00
2015.03.22 23:41:38.064,1.29901,1.29909,1.50,1.00
2015.03.22 23:41:42.584,1.29903,1.29911,1.00,1.00
2015.03.22 23:41:43.102,1.29905,1.29911,1.00,1.00
2015.03.22 23:41:43.887,1.29903,1.29911,1.12,1.00
2015.03.22 23:41:44.487,1.29905,1.29913,1.00,1.00
2015.03.22 23:41:45.205,1.29904,1.29913,1.50,1.00
2015.03.22 23:41:45.512,1.29903,1.29909,1.87,1.00
2015.03.22 23:41:46.638,1.29905,1.29909,1.00,1.00
2015.03.22 23:41:46.947,1.29906,1.29911,1.50,1.00
2015.03.22 23:41:46.999,1.29906,1.29913,1.50,1.00
2015.03.22 23:41:47.203,1.29906,1.29915,1.50,1.00
2015.03.22 23:41:47.305,1.29906,1.29913,1.00,1.00
2015.03.22 23:41:47.509,1.29902,1.2991,1.00,1.00
2015.03.22 23:41:48.038,1.29901,1.2991,1.50,1.00
2015.03.22 23:41:48.998,1.29901,1.29908,1.50,1.00
2015.03.22 23:41:49.100,1.29898,1.29908,2.62,1.00
2015.03.22 23:41:49.202,1.29898,1.29906,2.62,1.00
2015.03.22 23:41:49.573,1.29897,1.29906,1.50,1.00
2015.03.22 23:41:49.878,1.29897,1.29906,1.87,1.00
2015.03.22 23:41:49.982,1.29897,1.29906,1.50,1.00
2015.03.22 23:41:52.827,1.29897,1.29903,1.00,1.00
2015.03.22 23:41:53.348,1.29896,1.29903,1.50,1.00
2015.03.22 23:41:53.899,1.29895,1.29903,1.50,1.00
2015.03.22 23:41:54.466,1.29896,1.29903,1.50,1.00
2015.03.22 23:41:54.976,1.29897,1.29903,1.00,1.00
2015.03.22 23:41:59.341,1.29897,1.29901,1.00,1.00
2015.03.22 23:41:59.393,1.29895,1.29901,1.00,1.00
2015.03.22 23:41:59.499,1.29893,1.29901,1.00,1.00
2015.03.22 23:41:59.550,1.29893,1.29898,1.00,1.00
2015.03.22 23:41:59.601,1.29891,1.29898,2.25,1.00
2015.03.22 23:41:59.652,1.29891,1.29896,2.25,1.00
2015.03.22 23:42:08.891,1.29891,1.29899,1.00,1.00
2015.03.22 23:42:09.438,1.29889,1.29899,1.69,1.00
2015.03.22 23:42:10.005,1.29889,1.29899,2.25,1.00
2015.03.22 23:42:21.408,1.29892,1.29899,1.00,1.00
2015.03.22 23:42:23.368,1.29893,1.29899,1.00,1.00
2015.03.22 23:42:34.430,1.29892,1.29899,1.87,1.00
2015.03.22 23:42:34.937,1.29895,1.299,1.12,1.00
2015.03.22 23:42:38.635,1.29895,1.299,1.37,1.00
2015.03.22 23:42:39.137,1.29895,1.299,1.00,1.00
2015.03.22 23:42:39.798,1.29894,1.299,2.25,1.00
2015.03.22 23:42:42.160,1.29895,1.299,1.00,1.00
2015.03.22 23:42:45.480,1.29895,1.29901,1.87,1.00
2015.03.22 23:42:45.989,1.29896,1.29901,1.37,1.00
2015.03.22 23:42:46.193,1.29897,1.29903,1.37,1.00
2015.03.22 23:42:46.599,1.29896,1.29903,1.00,1.00
2015.03.22 23:42:47.107,1.29897,1.29903,1.00,1.00
2015.03.22 23:42:47.757,1.29898,1.29903,1.50,1.00
2015.03.22 23:42:47.808,1.29899,1.29905,1.37,1.00
2015.03.22 23:42:48.467,1.29901,1.29908,1.00,1.00
2015.03.22 23:42:54.032,1.29903,1.29908,1.00,1.00
2015.03.22 23:42:54.184,1.29906,1.29914,1.87,1.00
2015.03.22 23:42:54.692,1.29907,1.29915,1.12,1.00
2015.03.22 23:42:59.140,1.29906,1.29915,2.81,1.00
2015.03.22 23:42:59.700,1.29907,1.29915,1.87,1.00
2015.03.22 23:43:00.994,1.29906,1.29915,2.06,1.00
2015.03.22 23:43:02.238,1.29906,1.29915,1.87,1.00
2015.03.22 23:43:02.746,1.29908,1.29915,1.37,1.00
2015.03.22 23:43:02.898,1.29908,1.29918,1.37,1.00
2015.03.22 23:43:03.153,1.29908,1.29918,1.37,1.00
2015.03.22 23:43:03.255,1.29907,1.29918,1.12,1.00
2015.03.22 23:43:03.365,1.29906,1.29915,2.62,1.00
2015.03.22 23:43:03.669,1.29906,1.29915,2.62,1.00
2015.03.22 23:43:03.771,1.29906,1.29915,2.62,1.00
2015.03.22 23:43:03.974,1.29909,1.29915,1.00,1.00
2015.03.22 23:43:04.127,1.2991,1.29919,1.12,1.00
2015.03.22 23:43:04.178,1.2991,1.29919,4.50,1.00
2015.03.22 23:43:04.381,1.2991,1.29919,1.25,1.00
2015.03.22 23:43:04.787,1.2991,1.29917,1.00,1.00
2015.03.22 23:43:04.939,1.29907,1.29917,1.50,1.00
2015.03.22 23:43:05.142,1.29909,1.29916,1.00,1.00
2015.03.22 23:43:05.871,1.29909,1.29919,1.00,1.00
2015.03.22 23:43:06.279,1.29909,1.29919,1.37,1.00
2015.03.22 23:43:06.970,1.29909,1.29919,2.25,1.00
2015.03.22 23:43:07.478,1.2991,1.29919,1.50,1.00
2015.03.22 23:43:07.979,1.2991,1.29919,1.87,1.00
2015.03.22 23:43:14.914,1.29911,1.29919,1.12,1.00
2015.03.22 23:43:23.655,1.2991,1.29919,1.12,1.00
2015.03.22 23:43:24.163,1.29909,1.29919,1.00,1.00
2015.03.22 23:43:24.468,1.29906,1.29916,1.87,1.00
2015.03.22 23:43:25.442,1.29906,1.29918,4.50,1.00
2015.03.22 23:43:28.144,1.29912,1.29918,1.87,1.00
2015.03.22 23:43:28.299,1.2992,1.29926,1.00,2.51
2015.03.22 23:43:28.350,1.29921,1.29926,1.37,1.08
2015.03.22 23:43:28.958,1.29922,1.2993,1.00,1.08
2015.03.22 23:43:29.943,1.29924,1.2993,1.00,1.08
2015.03.22 23:43:30.044,1.29921,1.29931,4.31,1.08
2015.03.22 23:43:33.467,1.29923,1.29932,1.87,1.08
2015.03.22 23:43:33.518,1.2993,1.29933,1.00,1.00
2015.03.22 23:43:33.569,1.2993,1.29935,1.37,1.00
2015.03.22 23:43:33.671,1.29934,1.2994,1.37,1.75
2015.03.22 23:43:33.723,1.29935,1.29944,1.87,1.00
2015.03.22 23:43:33.926,1.29937,1.29947,1.50,1.50
2015.03.22 23:43:34.566,1.29937,1.29947,1.87,1.00
2015.03.22 23:43:34.668,1.29941,1.29949,1.00,1.00
2015.03.22 23:43:35.169,1.29942,1.29949,1.00,1.00
2015.03.22 23:43:36.047,1.29942,1.2995,1.00,1.00
2015.03.22 23:43:36.575,1.29942,1.29951,1.12,2.25
2015.03.22 23:43:37.082,1.29942,1.2995,1.00,1.00
2015.03.22 23:43:37.589,1.29942,1.29951,1.00,3.00
2015.03.22 23:43:38.048,1.29939,1.2995,1.00,2.25
2015.03.22 23:43:38.150,1.29936,1.29948,2.06,1.00
2015.03.22 23:43:46.000,1.29938,1.29948,1.37,1.50
2015.03.22 23:43:46.203,1.29933,1.29946,2.06,1.00
2015.03.22 23:43:46.754,1.29933,1.29945,1.62,1.00
2015.03.22 23:43:47.194,1.29933,1.29945,2.00,1.00
2015.03.22 23:43:47.296,1.29933,1.29946,1.62,2.25
2015.03.22 23:43:47.797,1.29934,1.29946,1.37,2.25
2015.03.22 23:43:48.152,1.29933,1.29944,1.62,1.00
2015.03.22 23:43:48.305,1.29932,1.29943,1.56,1.00
2015.03.22 23:43:48.510,1.2993,1.29943,2.25,1.50
2015.03.22 23:43:49.028,1.29935,1.29944,1.37,1.50
2015.03.22 23:43:49.200,1.29936,1.29947,1.37,1.00
2015.03.22 23:43:49.251,1.29936,1.29947,1.75,1.00
2015.03.22 23:43:49.405,1.29935,1.29947,2.25,1.00
2015.03.22 23:43:49.929,1.29936,1.29947,2.25,1.00
2015.03.22 23:43:53.415,1.29939,1.29947,1.12,1.00
2015.03.22 23:43:54.460,1.29939,1.29949,1.12,2.25
2015.03.22 23:43:55.676,1.29939,1.29949,1.37,2.25
2015.03.22 23:44:00.765,1.29941,1.29949,1.00,1.00
2015.03.22 23:44:00.867,1.29941,1.2995,1.37,1.00
2015.03.22 23:44:01.330,1.29937,1.2995,1.37,1.00
2015.03.22 23:44:01.771,1.29942,1.2995,1.37,1.00
2015.03.22 23:44:05.151,1.29942,1.29951,1.37,1.50
2015.03.22 23:44:05.567,1.29941,1.29948,1.12,1.00
2015.03.22 23:44:05.895,1.29938,1.29948,2.25,1.00
2015.03.22 23:44:05.946,1.29939,1.29948,1.37,1.00
2015.03.22 23:44:06.048,1.29939,1.29948,1.37,1.00
2015.03.22 23:44:06.099,1.29939,1.29951,1.37,1.50
2015.03.22 23:44:08.451,1.29941,1.29951,1.12,2.25
2015.03.22 23:44:08.502,1.29939,1.29948,1.37,1.00
2015.03.22 23:44:08.806,1.29937,1.29946,1.87,1.00
2015.03.22 23:44:08.858,1.29937,1.29944,1.87,1.00
2015.03.22 23:44:09.365,1.29933,1.29944,1.75,1.00
2015.03.22 23:44:16.518,1.29933,1.29944,1.37,1.00
2015.03.22 23:44:17.711,1.29935,1.29946,1.37,1.00
2015.03.22 23:44:18.379,1.29935,1.29946,1.37,1.00
2015.03.22 23:44:19.786,1.29936,1.29946,1.37,1.00
2015.03.22 23:44:20.296,1.29938,1.29946,1.00,1.00
2015.03.22 23:44:20.789,1.29936,1.29946,1.00,1.12
2015.03.22 23:44:20.891,1.29935,1.29944,1.00,1.00
2015.03.22 23:44:21.435,1.29932,1.29944,1.75,1.00
2015.03.22 23:44:25.403,1.29932,1.29944,1.50,1.00
2015.03.22 23:44:27.492,1.29932,1.29944,1.12,1.00
2015.03.22 23:44:27.796,1.29936,1.29945,1.00,1.00
2015.03.22 23:44:28.307,1.29935,1.29945,2.25,1.00
2015.03.22 23:44:30.681,1.29934,1.29945,1.25,1.12
2015.03.22 23:44:31.219,1.29933,1.29944,2.06,1.00
2015.03.22 23:44:34.547,1.29933,1.29944,1.87,1.00
2015.03.22 23:44:34.650,1.29934,1.29944,1.12,1.00
2015.03.22 23:44:34.853,1.29934,1.29944,1.37,1.00
2015.03.22 23:44:34.905,1.29934,1.29946,5.06,1.00
2015.03.22 23:44:35.311,1.29938,1.29948,1.00,1.50
2015.03.22 23:44:35.978,1.29939,1.29948,3.19,1.50
2015.03.22 23:44:36.444,1.29938,1.29943,1.12,1.00
2015.03.22 23:44:36.495,1.29936,1.29943,1.00,1.00
2015.03.22 23:44:36.596,1.29937,1.29947,1.00,1.00
2015.03.22 23:44:36.952,1.29939,1.29947,1.00,1.00
2015.03.22 23:44:37.270,1.29941,1.29948,3.19,1.00
2015.03.22 23:44:39.496,1.29939,1.29948,1.12,1.00
2015.03.22 23:44:41.555,1.29939,1.29947,1.12,1.00
2015.03.22 23:44:41.606,1.29939,1.29947,1.00,1.75
2015.03.22 23:44:41.708,1.29937,1.29947,4.12,2.25
2015.03.22 23:44:41.760,1.29939,1.29944,1.00,1.00
2015.03.22 23:44:41.861,1.29934,1.29944,1.12,1.87
2015.03.22 23:44:41.912,1.29931,1.29941,3.94,1.37
2015.03.22 23:44:42.066,1.29929,1.29939,3.37,1.00
2015.03.22 23:44:42.218,1.29927,1.29939,2.62,1.00
2015.03.22 23:44:42.320,1.29926,1.29937,1.00,1.00
2015.03.22 23:44:42.575,1.29923,1.29935,1.69,1.50
2015.03.22 23:44:42.980,1.29923,1.29933,1.25,1.00
2015.03.22 23:44:43.284,1.2993,1.29933,3.19,1.50
2015.03.22 23:44:43.386,1.29938,1.2994,3.19,1.00
2015.03.22 23:44:43.488,1.29937,1.29942,3.19,1.00
2015.03.22 23:44:43.995,1.29936,1.29942,4.69,1.00
2015.03.22 23:44:44.102,1.29936,1.29944,4.69,1.00
2015.03.22 23:44:45.178,1.29935,1.29942,1.00,1.00
2015.03.22 23:44:45.383,1.29932,1.29942,3.11,1.00
2015.03.22 23:44:45.899,1.29931,1.29941,2.06,1.00
2015.03.22 23:44:46.270,1.29929,1.2994,1.00,1.00
2015.03.22 23:44:46.821,1.2993,1.2994,1.00,1.00
2015.03.22 23:44:49.710,1.2993,1.2994,1.37,1.00
2015.03.22 23:44:50.276,1.2993,1.2994,1.12,1.00
2015.03.22 23:44:51.054,1.29933,1.2994,1.00,1.00
2015.03.22 23:44:51.156,1.29934,1.29945,1.00,1.50
2015.03.22 23:44:51.258,1.29935,1.29942,1.00,1.00
2015.03.22 23:44:51.359,1.29935,1.29944,1.00,1.00
2015.03.22 23:44:53.185,1.29935,1.29944,2.25,1.00
2015.03.22 23:44:53.337,1.2994,1.29946,1.37,1.00
2015.03.22 23:44:54.230,1.2994,1.29948,1.87,1.00
2015.03.22 23:44:55.558,1.29943,1.29951,2.25,1.00
2015.03.22 23:44:55.609,1.29943,1.29953,3.75,1.00
2015.03.22 23:44:56.806,1.29946,1.29953,1.00,1.00
2015.03.22 23:44:56.959,1.2995,1.29958,1.00,1.50
2015.03.22 23:44:57.496,1.2995,1.29959,1.00,1.00
2015.03.22 23:44:57.856,1.2995,1.29961,1.00,1.00
2015.03.22 23:44:57.907,1.29952,1.29961,1.00,1.00
2015.03.22 23:44:57.958,1.29952,1.29963,1.00,1.00
2015.03.22 23:44:59.845,1.29952,1.29963,1.87,1.00
2015.03.22 23:45:00.151,1.2996,1.29967,1.00,1.00
2015.03.22 23:45:00.354,1.29965,1.29973,1.00,1.00
2015.03.22 23:45:00.405,1.2997,1.29973,1.00,1.00
2015.03.22 23:45:00.558,1.29975,1.29981,1.00,1.50
2015.03.22 23:45:00.609,1.29976,1.29984,1.00,1.00
2015.03.22 23:45:00.714,1.2998,1.29985,1.00,1.00
2015.03.22 23:45:00.815,1.29979,1.29987,1.00,1.50
2015.03.22 23:45:00.917,1.29976,1.29987,1.25,1.00
2015.03.22 23:45:01.425,1.29976,1.29988,1.25,1.50
2015.03.22 23:45:01.579,1.29977,1.2999,1.50,1.00
2015.03.22 23:45:02.138,1.29977,1.29988,1.50,1.00
2015.03.22 23:45:02.445,1.29975,1.29986,1.00,2.25
2015.03.22 23:45:02.902,1.29982,1.29988,1.00,1.00
2015.03.22 23:45:02.953,1.29982,1.29991,1.00,1.00
2015.03.22 23:45:03.055,1.29982,1.29994,1.00,1.50
2015.03.22 23:45:03.106,1.29983,1.29994,1.37,1.00
2015.03.22 23:45:03.259,1.29986,1.29998,1.50,1.37
2015.03.22 23:45:03.799,1.29986,1.29998,1.00,1.00
2015.03.22 23:45:04.518,1.29987,1.29999,1.00,2.25
2015.03.22 23:45:04.671,1.29988,1.29999,1.37,1.50
2015.03.22 23:45:04.773,1.29987,1.3,1.87,1.50
2015.03.22 23:45:04.877,1.29987,1.3,1.87,1.50
2015.03.22 23:45:05.406,1.29989,1.3,1.37,1.00
2015.03.22 23:45:05.457,1.29989,1.3,1.00,1.00
2015.03.22 23:45:05.610,1.29986,1.29996,1.37,1.00
2015.03.22 23:45:05.661,1.29984,1.29996,1.00,1.50
2015.03.22 23:45:05.864,1.29986,1.29996,1.00,3.75
2015.03.22 23:45:06.169,1.2999,1.29999,1.00,1.00
2015.03.22 23:45:06.529,1.29987,1.29999,1.00,2.25
2015.03.22 23:45:06.896,1.29987,1.29996,1.00,1.00
2015.03.22 23:45:06.947,1.29985,1.29995,1.00,1.00
2015.03.22 23:45:07.050,1.29982,1.29994,1.00,1.50
2015.03.22 23:45:07.562,1.29982,1.29993,1.00,1.00
2015.03.22 23:45:08.756,1.29979,1.29991,1.56,1.00
2015.03.22 23:45:09.063,1.29986,1.29994,1.00,1.00
2015.03.22 23:45:09.328,1.29986,1.29996,1.00,1.00
2015.03.22 23:45:10.702,1.29986,1.29995,1.00,1.00
2015.03.22 23:45:11.905,1.29986,1.29996,1.37,1.00
2015.03.22 23:45:11.957,1.29991,1.29997,1.00,1.00
2015.03.22 23:45:12.008,1.29991,1.29999,1.00,1.00
2015.03.22 23:45:12.329,1.29993,1.3,1.00,1.00
2015.03.22 23:45:12.843,1.29993,1.30001,1.00,1.00
2015.03.22 23:45:13.353,1.29993,1.30002,1.00,1.00
2015.03.22 23:45:15.489,1.29991,1.30002,1.00,1.00
2015.03.22 23:45:18.559,1.29993,1.30002,1.00,1.00
2015.03.22 23:45:21.827,1.29993,1.30003,1.00,1.00
2015.03.22 23:45:23.766,1.29995,1.30003,1.00,1.00
2015.03.22 23:45:24.468,1.29995,1.30004,1.00,1.50
2015.03.22 23:45:26.078,1.29992,1.30004,1.00,1.00
2015.03.22 23:45:26.844,1.29992,1.30003,1.00,1.00
2015.03.22 23:45:27.389,1.29991,1.30003,1.00,1.50
2015.03.22 23:45:31.668,1.29993,1.30003,1.00,1.00
2015.03.22 23:45:32.073,1.2999,1.30002,1.00,1.50
2015.03.22 23:45:32.580,1.29989,1.30001,1.00,1.50
2015.03.22 23:45:35.770,1.29991,1.30001,1.00,1.00
2015.03.22 23:45:36.076,1.29991,1.30003,1.00,1.00
2015.03.22 23:45:36.607,1.29995,1.30004,1.12,1.50
2015.03.22 23:45:36.760,1.29994,1.30008,1.87,2.25
2015.03.22 23:45:36.879,1.29997,1.30008,1.00,1.00
2015.03.22 23:45:37.402,1.29997,1.30009,1.12,1.50
2015.03.22 23:45:37.929,1.29995,1.30008,1.00,1.12
2015.03.22 23:45:38.484,1.29994,1.30007,1.00,1.00
2015.03.22 23:45:39.030,1.29997,1.30007,1.00,1.00
2015.03.22 23:45:39.081,1.29997,1.30009,1.00,2.62
2015.03.22 23:45:39.233,1.29995,1.30008,1.00,1.00
2015.03.22 23:45:39.386,1.29997,1.30009,1.00,2.25
2015.03.22 23:45:40.587,1.29999,1.30009,1.00,1.00
2015.03.22 23:45:41.124,1.29999,1.3001,1.00,1.50
2015.03.22 23:45:41.671,1.29999,1.30011,1.00,2.25
2015.03.22 23:45:47.143,1.29999,1.30013,2.25,3.00
2015.03.22 23:45:47.651,1.3,1.30013,1.00,1.87
2015.03.22 23:45:47.753,1.30002,1.30013,1.00,1.00
2015.03.22 23:45:48.478,1.30002,1.30014,1.00,1.12
2015.03.22 23:45:48.938,1.3,1.3001,1.00,1.37
2015.03.22 23:45:49.040,1.29998,1.3001,1.00,1.37
2015.03.22 23:45:49.875,1.29998,1.3001,1.00,1.00
2015.03.22 23:45:50.187,1.29998,1.30007,1.00,1.00
2015.03.22 23:45:50.340,1.29996,1.30007,1.00,1.00
2015.03.22 23:45:51.465,1.29995,1.30007,5.06,1.00
2015.03.22 23:45:51.516,1.29995,1.30009,6.56,3.75
2015.03.22 23:45:51.567,1.29997,1.30009,1.37,1.50
2015.03.22 23:45:51.771,1.29997,1.30011,3.37,2.25
2015.03.22 23:45:51.873,1.29997,1.30011,4.12,2.25
2015.03.22 23:45:52.338,1.3,1.30013,1.12,2.62
2015.03.22 23:45:52.847,1.30001,1.30013,1.00,1.87
2015.03.22 23:45:58.473,1.30001,1.30014,1.00,3.00
2015.03.22 23:45:59.272,1.3,1.30014,2.62,3.75
2015.03.22 23:46:00.207,1.3,1.30011,1.87,1.00
2015.03.22 23:46:01.596,1.30001,1.30011,1.00,1.50
2015.03.22 23:46:02.106,1.3,1.30011,1.87,1.50
2015.03.22 23:46:02.749,1.3,1.30013,1.87,1.87
2015.03.22 23:46:03.287,1.3,1.30013,1.87,1.87
2015.03.22 23:46:05.397,1.3,1.30013,1.87,1.87
2015.03.22 23:46:07.253,1.3,1.30011,1.12,1.00
2015.03.22 23:46:13.652,1.3,1.30012,1.87,1.00
2015.03.22 23:46:14.055,1.3,1.30012,1.87,1.00
2015.03.22 23:46:14.763,1.3,1.30013,1.87,1.50
2015.03.22 23:46:16.038,1.30002,1.30011,1.00,1.00
2015.03.22 23:46:24.206,1.30001,1.30011,1.50,1.00
2015.03.22 23:46:24.417,1.29999,1.3001,1.12,1.50
2015.03.22 23:46:24.721,1.29999,1.30008,1.12,1.00
2015.03.22 23:46:25.070,1.29999,1.30006,1.12,1.00
2015.03.22 23:46:25.581,1.29999,1.30007,1.12,2.25
2015.03.22 23:46:29.125,1.29996,1.30005,1.00,1.00
2015.03.22 23:46:29.227,1.29993,1.30004,1.19,1.50
2015.03.22 23:46:29.278,1.29993,1.30002,1.19,1.00
2015.03.22 23:46:29.583,1.29991,1.3,1.37,1.00
2015.03.22 23:46:29.634,1.2999,1.3,1.31,1.00
2015.03.22 23:46:29.888,1.29989,1.29998,1.00,1.50
2015.03.22 23:46:30.192,1.29985,1.29991,1.37,1.50
2015.03.22 23:46:30.537,1.29985,1.29989,1.00,1.00
2015.03.22 23:46:31.043,1.29983,1.29989,1.62,1.00
2015.03.22 23:46:31.348,1.29981,1.29988,1.12,1.50
2015.03.22 23:46:31.602,1.29979,1.29985,2.06,1.00
2015.03.22 23:46:32.123,1.29979,1.29986,1.62,1.00
2015.03.22 23:46:32.636,1.29979,1.29986,1.87,1.00
2015.03.22 23:46:33.226,1.29979,1.29987,1.12,1.00
2015.03.22 23:46:33.532,1.29977,1.29985,1.56,1.50
2015.03.22 23:46:33.837,1.29974,1.29983,2.44,1.50
2015.03.22 23:46:33.938,1.29974,1.29983,1.25,1.50
2015.03.22 23:46:33.989,1.29974,1.29981,1.25,1.00
2015.03.22 23:46:34.952,1.29973,1.29981,1.00,1.00
2015.03.22 23:46:35.595,1.29971,1.29981,2.06,1.00
2015.03.22 23:46:35.916,1.29971,1.29979,1.31,1.50
2015.03.22 23:46:36.220,1.29973,1.29982,1.50,1.00
2015.03.22 23:46:36.738,1.2997,1.29982,3.56,2.25
2015.03.22 23:46:37.722,1.2997,1.29982,3.75,1.87
2015.03.22 23:46:37.773,1.2997,1.29977,1.50,1.00
2015.03.22 23:46:38.385,1.29969,1.29977,1.00,2.25
2015.03.22 23:46:38.436,1.29967,1.29977,3.00,2.25
2015.03.22 23:46:38.945,1.29967,1.29976,2.25,1.00
2015.03.22 23:46:40.451,1.29967,1.29977,2.25,1.50
2015.03.22 23:46:40.753,1.29969,1.29978,1.00,1.00
2015.03.22 23:46:41.178,1.29967,1.29977,1.00,1.00
2015.03.22 23:46:47.694,1.29967,1.29978,1.00,1.00
2015.03.22 23:46:48.202,1.29968,1.29978,1.00,1.00
2015.03.22 23:46:49.468,1.29968,1.29978,1.87,1.00
2015.03.22 23:46:49.976,1.2997,1.29979,1.12,2.62
2015.03.22 23:46:55.453,1.2997,1.2998,1.12,1.87
2015.03.22 23:46:56.926,1.2997,1.29979,1.12,1.00
2015.03.22 23:46:57.231,1.29972,1.29982,2.62,1.50
2015.03.22 23:46:57.536,1.29978,1.29986,1.00,1.00
2015.03.22 23:46:58.164,1.29978,1.29987,1.12,1.00
2015.03.22 23:46:58.674,1.29978,1.29987,1.50,1.00
2015.03.22 23:46:58.979,1.29979,1.29987,1.37,1.00
2015.03.22 23:46:59.306,1.2998,1.29989,1.50,1.50
2015.03.22 23:46:59.409,1.29981,1.29991,1.37,1.50
2015.03.22 23:46:59.693,1.29981,1.29991,1.00,2.62
2015.03.22 23:47:00.223,1.2998,1.2999,1.00,1.12
2015.03.22 23:47:00.883,1.29981,1.2999,1.00,1.12
2015.03.22 23:47:02.309,1.29981,1.29991,2.25,2.25
2015.03.22 23:47:03.096,1.29981,1.29991,2.62,2.25
2015.03.22 23:47:03.631,1.29981,1.29991,1.87,1.00
2015.03.22 23:47:03.683,1.29981,1.29991,1.87,1.00
2015.03.22 23:47:03.785,1.29984,1.29994,2.25,3.00
2015.03.22 23:47:03.836,1.29988,1.29994,1.00,1.00
2015.03.22 23:47:03.887,1.29988,1.29996,1.00,1.00
2015.03.22 23:47:03.938,1.29989,1.29999,1.00,1.87
2015.03.22 23:47:04.091,1.29991,1.29999,1.00,1.50
2015.03.22 23:47:04.194,1.29991,1.30001,2.25,2.25
2015.03.22 23:47:05.340,1.29991,1.30002,2.62,1.00
2015.03.22 23:47:05.933,1.29991,1.30003,2.62,2.62
2015.03.22 23:47:06.187,1.29991,1.29999,2.62,1.00
2015.03.22 23:47:06.344,1.29987,1.29997,1.50,1.50
2015.03.22 23:47:06.446,1.29987,1.29995,1.00,1.00
2015.03.22 23:47:06.497,1.29983,1.29995,2.25,1.50
2015.03.22 23:47:06.548,1.29983,1.29993,2.25,1.00
2015.03.22 23:47:07.133,1.29983,1.29993,1.00,2.62
2015.03.22 23:47:08.537,1.29983,1.29993,1.00,3.37
2015.03.22 23:47:08.843,1.29988,1.29995,1.50,1.00
2015.03.22 23:47:08.894,1.29988,1.29998,2.25,1.00
2015.03.22 23:47:08.946,1.2999,1.3,1.50,3.00
2015.03.22 23:47:09.253,1.29995,1.30005,1.50,3.75
2015.03.22 23:47:09.559,1.30001,1.30011,1.50,6.75
2015.03.22 23:47:09.868,1.30007,1.30018,1.00,2.62
2015.03.22 23:47:10.325,1.30009,1.30017,1.00,1.00
2015.03.22 23:47:10.427,1.30009,1.30019,1.50,1.00
2015.03.22 23:47:10.833,1.30011,1.30019,1.50,1.00
2015.03.22 23:47:10.884,1.30011,1.30021,2.25,1.50
2015.03.22 23:47:11.404,1.30012,1.30022,1.87,1.50
2015.03.22 23:47:11.455,1.30014,1.30024,1.37,1.69
2015.03.22 23:47:11.557,1.30014,1.30026,1.87,2.25
2015.03.22 23:47:12.015,1.30016,1.30026,1.37,1.50
2015.03.22 23:47:12.321,1.30024,1.30029,1.50,1.00
2015.03.22 23:47:12.372,1.30025,1.30034,1.00,1.75
2015.03.22 23:47:12.423,1.30028,1.30035,1.00,1.50
2015.03.22 23:47:12.474,1.30028,1.30037,1.50,1.00
2015.03.22 23:47:12.981,1.30028,1.30038,1.50,1.50
2015.03.22 23:47:13.083,1.3003,1.30039,1.00,1.00
2015.03.22 23:47:13.624,1.3003,1.3004,2.62,1.50
2015.03.22 23:47:14.140,1.30031,1.30041,1.87,1.50
2015.03.22 23:47:14.644,1.30031,1.30041,1.87,1.50
2015.03.22 23:47:15.210,1.30031,1.30041,1.87,1.50
2015.03.22 23:47:15.570,1.3003,1.30039,1.37,1.00
2015.03.22 23:47:16.099,1.3003,1.30039,1.00,1.00
2015.03.22 23:47:16.968,1.3003,1.3004,2.62,1.50
2015.03.22 23:47:18.231,1.30031,1.3004,1.00,1.00
2015.03.22 23:47:18.282,1.30031,1.30042,1.50,1.00
2015.03.22 23:47:20.366,1.3003,1.3004,1.50,1.00
2015.03.22 23:47:20.671,1.30028,1.30041,1.12,1.37
2015.03.22 23:47:20.723,1.30028,1.30041,1.00,1.00
2015.03.22 23:47:21.230,1.30028,1.30042,1.00,1.00
2015.03.22 23:47:23.628,1.30028,1.30042,1.37,1.12
2015.03.22 23:47:24.138,1.30028,1.30042,1.00,1.00
2015.03.22 23:47:25.531,1.30029,1.30042,1.12,1.12
2015.03.22 23:47:25.809,1.3003,1.30044,1.00,1.12
2015.03.22 23:47:26.085,1.30033,1.30045,1.00,1.87
2015.03.22 23:47:26.390,1.30034,1.30048,1.00,1.19
2015.03.22 23:47:27.321,1.30034,1.30048,1.37,1.19
2015.03.22 23:47:27.910,1.30034,1.30048,1.00,1.00
2015.03.22 23:47:27.961,1.30034,1.30048,1.00,1.37
2015.03.22 23:47:28.472,1.30033,1.30045,1.00,1.00
2015.03.22 23:47:28.828,1.30033,1.30045,1.00,1.37
2015.03.22 23:47:28.930,1.30031,1.30043,1.00,1.37
2015.03.22 23:47:29.032,1.30028,1.30042,2.25,1.87
2015.03.22 23:47:29.083,1.30028,1.30035,1.87,1.00
2015.03.22 23:47:29.235,1.30015,1.30027,2.25,1.00
2015.03.22 23:47:29.286,1.30015,1.30026,1.50,1.00
2015.03.22 23:47:29.337,1.30015,1.30023,1.00,1.00
2015.03.22 23:47:29.389,1.30011,1.30021,1.00,1.00
2015.03.22 23:47:29.440,1.30009,1.3002,1.00,1.50
2015.03.22 23:47:29.491,1.30006,1.30018,1.50,1.00
2015.03.22 23:47:29.593,1.30005,1.30017,1.00,1.00
2015.03.22 23:47:30.125,1.30013,1.30017,1.00,1.00
2015.03.22 23:47:30.228,1.30018,1.30026,1.00,1.50
2015.03.22 23:47:30.330,1.30018,1.30031,1.50,1.50
2015.03.22 23:47:30.432,1.3002,1.3003,1.00,1.00
2015.03.22 23:47:30.799,1.30018,1.30027,1.00,1.00
2015.03.22 23:47:31.055,1.30015,1.30025,1.00,1.50
2015.03.22 23:47:31.259,1.30015,1.30023,1.00,1.00
2015.03.22 23:47:31.565,1.30011,1.3002,1.50,1.12
2015.03.22 23:47:31.769,1.30013,1.30023,1.00,2.25
2015.03.22 23:47:31.820,1.30013,1.3002,1.00,1.00
2015.03.22 23:47:31.871,1.3001,1.3002,1.50,1.50
2015.03.22 23:47:32.817,1.3001,1.30019,1.00,1.00
2015.03.22 23:47:32.868,1.30008,1.30019,1.00,1.50
2015.03.22 23:47:32.920,1.30007,1.30017,1.00,1.00
2015.03.22 23:47:33.225,1.30004,1.30014,3.00,1.50
2015.03.22 23:47:34.111,1.30002,1.30012,1.50,1.00
2015.03.22 23:47:34.662,1.30001,1.30011,1.00,1.00
2015.03.22 23:47:35.675,1.3,1.3001,1.50,1.00
2015.03.22 23:47:36.186,1.3,1.3001,1.37,1.50
2015.03.22 23:47:36.734,1.30001,1.30011,1.00,1.00
2015.03.22 23:47:37.241,1.3,1.3001,1.50,1.00
2015.03.22 23:47:37.659,1.29999,1.30007,1.00,1.00
2015.03.22 23:47:37.762,1.29997,1.30007,1.50,1.50
2015.03.22 23:47:39.044,1.29997,1.30005,1.00,1.00
2015.03.22 23:47:39.095,1.29995,1.30005,1.50,1.50
2015.03.22 23:47:39.299,1.29992,1.30004,1.50,1.87
2015.03.22 23:47:40.483,1.29993,1.30004,1.00,1.50
2015.03.22 23:47:40.884,1.29993,1.30002,1.00,1.00
2015.03.22 23:47:41.194,1.2999,1.3,1.50,1.00
2015.03.22 23:47:41.549,1.29992,1.30001,1.00,1.00
2015.03.22 23:47:42.106,1.29992,1.30002,1.00,1.00
2015.03.22 23:47:43.450,1.29991,1.30001,1.50,1.00
2015.03.22 23:47:43.859,1.2999,1.29999,1.00,1.00
2015.03.22 23:47:44.164,1.29993,1.29999,1.12,1.00
2015.03.22 23:47:44.215,1.29993,1.30001,1.12,1.50
2015.03.22 23:47:44.317,1.29994,1.30004,1.00,1.00
2015.03.22 23:47:44.470,1.29996,1.30005,1.00,1.50
2015.03.22 23:47:44.724,1.29998,1.30008,1.50,3.00
2015.03.22 23:47:48.212,1.29999,1.30009,1.00,1.50
2015.03.22 23:47:48.365,1.30002,1.3001,1.00,1.00
2015.03.22 23:47:48.467,1.30002,1.30012,1.00,1.00
2015.03.22 23:47:48.772,1.30003,1.30012,1.37,1.00
2015.03.22 23:47:48.925,1.30004,1.30014,1.87,3.00
2015.03.22 23:47:49.179,1.30006,1.30014,1.00,1.00
2015.03.22 23:47:49.230,1.30007,1.30017,1.00,1.50
2015.03.22 23:47:49.433,1.30006,1.30015,1.50,1.00
2015.03.22 23:47:49.535,1.30003,1.30013,2.25,1.50
2015.03.22 23:47:49.586,1.30001,1.30011,1.50,1.00
2015.03.22 23:47:50.197,1.3,1.30009,1.00,1.00
2015.03.22 23:47:50.401,1.29997,1.30007,1.50,1.50
2015.03.22 23:47:50.503,1.29994,1.30003,1.00,1.00
2015.03.22 23:47:50.707,1.29992,1.30002,1.50,1.00
2015.03.22 23:47:50.809,1.29992,1.3,1.00,1.00
2015.03.22 23:47:51.335,1.29989,1.29999,2.25,1.50
2015.03.22 23:47:51.387,1.29989,1.29996,1.50,1.00
2015.03.22 23:47:51.590,1.29987,1.29997,1.50,1.50
2015.03.22 23:47:52.095,1.29987,1.29996,2.25,1.00
2015.03.22 23:47:52.298,1.29988,1.29998,1.50,2.25
2015.03.22 23:47:52.400,1.2999,1.29998,1.00,2.25
2015.03.22 23:47:52.755,1.2999,1.3,2.25,2.25
2015.03.22 23:47:53.263,1.29991,1.3,1.50,1.00
2015.03.22 23:47:53.525,1.29993,1.30002,1.00,1.00
2015.03.22 23:47:54.032,1.29992,1.30002,2.25,2.25
2015.03.22 23:47:54.337,1.29995,1.30005,1.50,2.81
2015.03.22 23:47:55.269,1.29995,1.30005,1.50,2.62
2015.03.22 23:47:57.901,1.29995,1.30005,1.50,2.62
2015.03.22 23:47:58.412,1.29994,1.30004,1.00,1.12
2015.03.22 23:48:01.079,1.29994,1.30002,1.00,1.00
2015.03.22 23:48:01.619,1.29993,1.30002,1.00,1.00
2015.03.22 23:48:02.338,1.29991,1.30001,1.50,1.50
2015.03.22 23:48:02.855,1.29991,1.30001,1.50,2.62
2015.03.22 23:48:04.181,1.29991,1.29999,1.50,1.00
2015.03.22 23:48:04.334,1.29988,1.29998,2.25,1.50
2015.03.22 23:48:04.893,1.29988,1.29997,1.50,1.00
2015.03.22 23:48:05.344,1.2999,1.3,1.87,1.50
2015.03.22 23:48:05.599,1.29994,1.30004,1.50,1.25
2015.03.22 23:48:05.650,1.29998,1.30004,1.87,1.00
2015.03.22 23:48:05.752,1.29999,1.30007,1.87,1.00
2015.03.22 23:48:05.955,1.29999,1.30009,1.50,1.00
2015.03.22 23:48:06.220,1.30001,1.30009,1.50,1.00
2015.03.22 23:48:07.354,1.30002,1.3001,1.00,2.51
2015.03.22 23:48:07.915,1.30003,1.3001,1.00,1.00
2015.03.22 23:48:08.427,1.30003,1.3001,1.87,1.76
2015.03.22 23:48:09.119,1.30009,1.3001,1.00,1.76
2015.03.22 23:48:09.271,1.3001,1.30016,1.50,1.00
2015.03.22 23:48:09.322,1.30011,1.30016,1.00,1.00
2015.03.22 23:48:09.373,1.30011,1.30018,1.00,2.25
2015.03.22 23:48:09.475,1.30009,1.30017,1.50,1.50
2015.03.22 23:48:09.526,1.30011,1.30017,1.00,1.50
2015.03.22 23:48:09.833,1.30016,1.30022,1.00,1.13
2015.03.22 23:48:09.935,1.3002,1.30024,1.00,1.00
2015.03.22 23:48:10.139,1.3002,1.30028,1.00,1.00
2015.03.22 23:48:10.342,1.30023,1.30031,1.00,1.00
2015.03.22 23:48:10.443,1.30023,1.30033,1.50,1.50
2015.03.22 23:48:11.456,1.3002,1.30027,1.00,1.00
2015.03.22 23:48:11.558,1.30018,1.30027,1.12,1.50
2015.03.22 23:48:11.660,1.30018,1.30029,2.25,1.00
2015.03.22 23:48:11.762,1.30016,1.30026,2.25,1.50
2015.03.22 23:48:12.274,1.30016,1.30027,1.00,1.50
2015.03.22 23:48:12.828,1.30016,1.30028,2.25,2.25
2015.03.22 23:48:14.383,1.30017,1.30027,1.00,1.00
2015.03.22 23:48:23.754,1.30018,1.30027,1.00,1.00
2015.03.22 23:48:24.406,1.30018,1.30028,1.00,1.50
2015.03.22 23:48:26.985,1.3002,1.30028,1.00,1.00
2015.03.22 23:48:27.087,1.30021,1.3003,1.12,1.50
2015.03.22 23:48:27.300,1.30023,1.3003,1.00,1.00
2015.03.22 23:48:27.402,1.30023,1.30032,1.00,1.00
2015.03.22 23:48:29.581,1.30024,1.30032,1.00,1.00
2015.03.22 23:48:29.683,1.30027,1.30034,1.00,1.00
2015.03.22 23:48:29.733,1.30027,1.30036,1.50,1.00
2015.03.22 23:48:30.173,1.30029,1.30036,1.00,1.00
2015.03.22 23:48:30.275,1.30029,1.30038,1.50,1.00
2015.03.22 23:48:31.411,1.30031,1.30038,1.37,1.00
2015.03.22 23:48:31.616,1.30034,1.30044,1.87,1.50
2015.03.22 23:48:31.920,1.30037,1.30044,1.37,1.00
2015.03.22 23:48:32.019,1.30037,1.30044,1.87,1.00
2015.03.22 23:48:32.070,1.30037,1.30048,2.62,1.00
2015.03.22 23:48:32.225,1.30041,1.30049,1.00,1.00
2015.03.22 23:48:32.277,1.30041,1.30051,1.50,2.25
2015.03.22 23:48:32.734,1.30043,1.30051,1.00,1.00
2015.03.22 23:48:32.785,1.30043,1.30053,1.50,1.00
2015.03.22 23:48:33.303,1.30043,1.30054,1.50,2.25
2015.03.22 23:48:33.814,1.30046,1.30054,1.00,1.00
2015.03.22 23:48:34.405,1.30043,1.30054,2.25,1.00
2015.03.22 23:48:36.167,1.30043,1.30055,2.25,1.50
2015.03.22 23:48:37.417,1.30044,1.30055,1.00,1.00
2015.03.22 23:48:37.656,1.30046,1.30055,1.50,1.00
2015.03.22 23:48:37.707,1.30047,1.30057,1.00,1.00
2015.03.22 23:48:39.738,1.30049,1.30057,1.00,1.00
2015.03.22 23:48:39.840,1.3005,1.3006,1.00,2.06
2015.03.22 23:48:40.341,1.30049,1.3006,1.00,2.81
2015.03.22 23:48:41.422,1.30054,1.3006,1.00,3.37
2015.03.22 23:48:41.626,1.30056,1.30066,1.12,1.00
2015.03.22 23:48:41.778,1.30056,1.30066,2.62,1.00
2015.03.22 23:48:41.881,1.30058,1.30068,1.00,1.00
2015.03.22 23:48:42.034,1.30062,1.30072,1.00,1.75
2015.03.22 23:48:42.391,1.30062,1.30072,1.00,1.00
2015.03.22 23:48:42.918,1.30063,1.30072,1.00,1.00
2015.03.22 23:48:45.465,1.30063,1.30073,1.50,1.00
2015.03.22 23:48:47.445,1.30063,1.30072,1.00,1.00
2015.03.22 23:48:47.957,1.30062,1.30072,1.50,2.62
2015.03.22 23:48:48.772,1.3006,1.30072,3.37,2.62
2015.03.22 23:48:49.957,1.3006,1.30072,2.62,2.62
2015.03.22 23:48:50.907,1.3006,1.30072,2.62,2.62
2015.03.22 23:48:51.060,1.30063,1.30073,1.50,1.50
2015.03.22 23:48:51.473,1.30061,1.30071,1.00,1.00
2015.03.22 23:48:51.779,1.30056,1.30066,1.00,1.50
2015.03.22 23:48:52.153,1.30056,1.30064,1.00,1.00
2015.03.22 23:48:52.255,1.30053,1.30063,1.00,1.00
2015.03.22 23:48:52.357,1.30051,1.3006,1.00,1.00
2015.03.22 23:48:52.459,1.30048,1.30058,2.25,1.50
2015.03.22 23:48:52.562,1.30046,1.30056,1.12,1.50
2015.03.22 23:48:52.867,1.3004,1.30049,1.00,1.50
2015.03.22 23:48:53.071,1.30034,1.30045,1.50,1.50
2015.03.22 23:48:53.579,1.30037,1.30046,1.00,1.50
2015.03.22 23:48:53.783,1.30039,1.30049,1.00,1.00
2015.03.22 23:48:54.155,1.30041,1.30048,1.00,1.00
2015.03.22 23:48:54.257,1.30041,1.30051,1.50,1.00
2015.03.22 23:48:54.410,1.30043,1.30053,1.00,1.50
2015.03.22 23:48:55.200,1.30043,1.30052,1.00,1.00
2015.03.22 23:48:55.403,1.30041,1.30051,1.50,1.87
2015.03.22 23:48:55.505,1.3004,1.30049,1.50,1.00
2015.03.22 23:48:55.708,1.30037,1.30047,1.00,1.00
2015.03.22 23:48:55.963,1.30036,1.30043,1.00,1.50
2015.03.22 23:48:56.014,1.30033,1.30043,1.50,2.25
2015.03.22 23:48:56.217,1.30031,1.30041,1.50,1.00
2015.03.22 23:48:57.055,1.30032,1.30041,1.00,1.50
2015.03.22 23:48:57.107,1.30032,1.30043,1.50,1.00
2015.03.22 23:48:58.171,1.30032,1.30041,1.50,1.00
2015.03.22 23:48:58.883,1.3003,1.30041,1.50,1.00
2015.03.22 23:49:00.289,1.30029,1.30039,1.50,1.50
2015.03.22 23:49:00.601,1.30027,1.30037,1.00,1.00
2015.03.22 23:49:01.080,1.3003,1.30038,1.00,1.00
2015.03.22 23:49:01.233,1.30028,1.30038,1.00,1.00
2015.03.22 23:49:10.511,1.30025,1.30039,1.87,1.50
2015.03.22 23:49:10.716,1.30025,1.30035,1.87,1.00
2015.03.22 23:49:11.231,1.30024,1.30035,1.31,1.00
2015.03.22 23:49:11.953,1.30024,1.30034,1.12,1.00
2015.03.22 23:49:13.930,1.30024,1.30034,1.62,1.00
2015.03.22 23:49:14.235,1.30027,1.30037,1.50,1.50
2015.03.22 23:49:14.364,1.30024,1.30036,2.44,1.50
2015.03.22 23:49:14.908,1.30024,1.30035,2.81,1.00
2015.03.22 23:49:16.347,1.30024,1.30035,2.62,1.00
2015.03.22 23:49:16.850,1.30024,1.30035,2.62,1.00
2015.03.22 23:49:17.228,1.30027,1.30037,1.50,1.50
2015.03.22 23:49:17.947,1.30029,1.30038,1.00,1.00
2015.03.22 23:49:18.455,1.30029,1.30039,1.00,2.25
2015.03.22 23:49:18.958,1.30029,1.30038,1.00,1.00
2015.03.22 23:49:19.947,1.30028,1.30036,1.00,1.00
2015.03.22 23:49:20.049,1.30026,1.30035,1.50,1.00
2015.03.22 23:49:20.202,1.30024,1.30032,1.00,1.00
2015.03.22 23:49:20.506,1.30013,1.3002,4.50,1.00
2015.03.22 23:49:20.609,1.30008,1.30017,1.00,1.50
2015.03.22 23:49:20.660,1.30007,1.30015,1.00,1.00
2015.03.22 23:49:20.711,1.30005,1.30015,1.50,1.50
2015.03.22 23:49:20.762,1.30005,1.30012,1.50,1.00
2015.03.22 23:49:20.966,1.30002,1.30012,2.25,1.50
2015.03.22 23:49:21.017,1.30002,1.3001,1.50,1.00
2015.03.22 23:49:21.120,1.3,1.30009,1.50,1.00
2015.03.22 23:49:21.323,1.29994,1.30008,2.25,1.00
2015.03.22 23:49:21.374,1.29994,1.30005,1.50,1.00
2015.03.22 23:49:21.718,1.29992,1.30003,1.62,1.00
2015.03.22 23:49:22.219,1.29991,1.30003,1.19,1.00
2015.03.22 23:49:22.821,1.29991,1.30003,1.31,1.00
2015.03.22 23:49:23.495,1.29992,1.30003,1.00,1.00
2015.03.22 23:49:24.148,1.29993,1.30005,1.12,1.00
2015.03.22 23:49:24.669,1.29993,1.30005,1.37,1.00
2015.03.22 23:49:25.198,1.29993,1.30005,1.37,1.00
2015.03.22 23:49:25.300,1.29995,1.30008,1.37,1.00
2015.03.22 23:49:25.809,1.29996,1.30009,1.62,1.00
2015.03.22 23:49:25.963,1.29997,1.30011,1.87,1.87
2015.03.22 23:49:26.015,1.29997,1.30011,1.87,1.00
2015.03.22 23:49:26.066,1.29999,1.30013,1.37,1.50
2015.03.22 23:49:26.219,1.29999,1.30013,2.62,1.00
2015.03.22 23:49:26.271,1.30001,1.30014,1.00,1.00
2015.03.22 23:49:26.579,1.30003,1.30013,1.00,1.00
2015.03.22 23:49:26.889,1.30007,1.30014,1.00,1.00
2015.03.22 23:49:27.407,1.30007,1.30017,1.00,1.50
2015.03.22 23:49:28.214,1.30007,1.30016,1.00,1.00
2015.03.22 23:49:28.727,1.30007,1.30015,1.12,1.00
2015.03.22 23:49:29.638,1.30006,1.30015,1.00,1.50
2015.03.22 23:49:30.183,1.30005,1.30015,1.00,1.50
2015.03.22 23:49:34.186,1.30005,1.30014,1.00,1.00
2015.03.22 23:49:34.338,1.30003,1.30013,1.50,1.50
2015.03.22 23:49:34.842,1.30003,1.30012,1.50,1.00
2015.03.22 23:49:36.404,1.30003,1.30013,1.50,2.25
2015.03.22 23:49:36.882,1.30003,1.30013,1.87,2.25
2015.03.22 23:49:37.492,1.30005,1.30013,1.87,1.00
2015.03.22 23:49:37.824,1.30005,1.30015,2.62,2.25
2015.03.22 23:49:38.041,1.30007,1.30017,1.50,1.50
2015.03.22 23:49:38.563,1.30008,1.30017,1.00,1.50
2015.03.22 23:49:39.798,1.30008,1.30017,1.37,1.50
2015.03.22 23:49:39.900,1.3001,1.30019,1.12,1.50
2015.03.22 23:49:40.409,1.30009,1.30019,1.50,1.50
2015.03.22 23:49:42.394,1.30007,1.30018,1.00,1.50
2015.03.22 23:49:44.322,1.30006,1.30016,1.50,1.87
2015.03.22 23:49:44.730,1.30002,1.30014,1.87,2.62
2015.03.22 23:49:45.049,1.30002,1.3001,1.50,1.00
2015.03.22 23:49:45.101,1.29999,1.30009,1.00,1.00
2015.03.22 23:49:45.304,1.29995,1.30005,1.00,1.00
2015.03.22 23:49:46.165,1.29995,1.30004,1.00,1.00
2015.03.22 23:49:46.216,1.29993,1.30004,1.12,1.87
2015.03.22 23:49:48.442,1.29993,1.30004,1.37,2.25
2015.03.22 23:49:49.519,1.29993,1.30004,1.12,2.62
2015.03.22 23:49:51.993,1.29993,1.30002,1.00,1.50
2015.03.22 23:49:52.044,1.29991,1.30001,1.87,1.00
2015.03.22 23:49:54.986,1.29991,1.30001,1.87,1.00
2015.03.22 23:49:55.555,1.29993,1.30002,1.00,1.00
2015.03.22 23:49:58.194,1.29992,1.30002,1.00,1.50
2015.03.22 23:49:58.498,1.29991,1.3,1.37,1.00
2015.03.22 23:49:58.806,1.29989,1.29994,1.31,1.00
2015.03.22 23:49:59.123,1.29988,1.29992,1.00,1.00
2015.03.22 23:49:59.635,1.29985,1.29991,1.19,1.50
2015.03.22 23:49:59.990,1.29981,1.29991,3.56,1.50
2015.03.22 23:50:00.091,1.29982,1.29992,2.44,1.50
2015.03.22 23:50:00.549,1.29984,1.29994,2.06,1.50
2015.03.22 23:50:00.753,1.29982,1.29992,1.94,1.00
2015.03.22 23:50:01.811,1.29982,1.29992,1.56,1.00
2015.03.22 23:50:02.799,1.29982,1.29992,1.69,1.00
2015.03.22 23:50:03.679,1.29985,1.29992,2.06,1.00
2015.03.22 23:50:03.897,1.29982,1.29986,1.00,1.00
2015.03.22 23:50:03.999,1.29981,1.29986,1.00,1.00
2015.03.22 23:50:04.050,1.29979,1.29986,1.10,1.50
2015.03.22 23:50:04.203,1.29976,1.29986,2.81,1.50
2015.03.22 23:50:04.509,1.29976,1.29984,1.50,1.00
2015.03.22 23:50:04.611,1.29974,1.29984,2.44,1.50
2015.03.22 23:50:04.886,1.29974,1.29984,2.81,1.50
2015.03.22 23:50:05.451,1.29974,1.29984,2.62,1.50
2015.03.22 23:50:07.890,1.29974,1.29984,1.50,1.87
2015.03.22 23:50:08.094,1.29967,1.29979,4.50,3.00
2015.03.22 23:50:08.145,1.29965,1.29974,1.00,1.50
2015.03.22 23:50:08.450,1.29957,1.29964,1.75,1.00
2015.03.22 23:50:08.501,1.29957,1.29962,1.00,1.00
2015.03.22 23:50:08.553,1.2995,1.29962,1.87,1.00
2015.03.22 23:50:08.604,1.29949,1.2996,1.57,1.00
2015.03.22 23:50:08.910,1.29939,1.29953,1.76,1.00
2015.03.22 23:50:09.012,1.29936,1.29947,1.01,1.00
2015.03.22 23:50:09.317,1.2993,1.29944,2.00,1.00
2015.03.22 23:50:09.368,1.2993,1.29944,1.25,1.00
2015.03.22 23:50:09.419,1.29928,1.29942,1.25,1.00
2015.03.22 23:50:09.943,1.29928,1.29941,1.00,1.00
2015.03.22 23:50:10.302,1.29926,1.2994,1.12,1.00
2015.03.22 23:50:10.353,1.29926,1.29937,1.00,1.00
2015.03.22 23:50:10.550,1.29921,1.29933,1.50,1.00
2015.03.22 23:50:10.601,1.29919,1.29931,1.00,1.00
2015.03.22 23:50:10.911,1.29916,1.29928,1.19,1.00
2015.03.22 23:50:11.340,1.29916,1.29928,1.00,1.00
2015.03.22 23:50:11.609,1.29914,1.29926,1.25,1.00
2015.03.22 23:50:12.355,1.29914,1.29926,1.62,1.00
2015.03.22 23:50:12.406,1.29916,1.29928,1.00,1.00
2015.03.22 23:50:13.621,1.29922,1.29929,1.00,1.00
2015.03.22 23:50:13.672,1.29922,1.29934,1.00,2.25
2015.03.22 23:50:13.825,1.2992,1.29932,1.87,1.00
2015.03.22 23:50:14.130,1.29921,1.29935,1.00,1.00
2015.03.22 23:50:15.702,1.29921,1.29935,2.25,1.00
2015.03.22 23:50:15.754,1.29929,1.29941,1.00,2.25
2015.03.22 23:50:16.269,1.29929,1.2994,1.00,1.00
2015.03.22 23:50:18.489,1.29929,1.29941,1.00,1.12
2015.03.22 23:50:19.204,1.29929,1.29941,1.37,1.00
2015.03.22 23:50:19.256,1.29934,1.29944,1.00,1.00
2015.03.22 23:50:19.359,1.29942,1.29945,1.00,1.00
2015.03.22 23:50:19.411,1.29943,1.29949,1.00,1.00
2015.03.22 23:50:19.463,1.29945,1.29954,1.00,1.45
2015.03.22 23:50:19.514,1.29945,1.29954,1.00,1.00
2015.03.22 23:50:19.565,1.29947,1.29954,1.19,1.00
2015.03.22 23:50:19.616,1.29947,1.29957,1.31,1.00
2015.03.22 23:50:19.668,1.29949,1.29957,1.19,1.00
2015.03.22 23:50:19.719,1.29949,1.2996,3.94,1.37
2015.03.22 23:50:19.770,1.29956,1.2996,1.00,1.37
2015.03.22 23:50:19.821,1.29957,1.29963,1.00,2.25
2015.03.22 23:50:19.914,1.29957,1.29966,1.00,1.50
2015.03.22 23:50:19.966,1.29958,1.29965,1.19,1.50
2015.03.22 23:50:20.068,1.29961,1.29973,1.19,1.00
2015.03.22 23:50:20.170,1.29965,1.29979,1.00,4.12
2015.03.22 23:50:20.323,1.29965,1.29979,1.00,1.12
2015.03.22 23:50:20.374,1.29967,1.29981,1.00,1.37
2015.03.22 23:50:20.577,1.29969,1.29983,1.00,1.00
2015.03.22 23:50:21.189,1.29968,1.2998,1.00,1.00
2015.03.22 23:50:21.453,1.29965,1.29979,1.25,1.00
2015.03.22 23:50:23.597,1.29962,1.29974,1.00,1.00
2015.03.22 23:50:23.901,1.29958,1.2997,1.00,1.00
2015.03.22 23:50:24.436,1.29955,1.29969,1.19,1.00
2015.03.22 23:50:24.488,1.29957,1.29971,1.25,1.00
2015.03.22 23:50:25.965,1.29955,1.29969,1.12,1.00
2015.03.22 23:50:26.271,1.29952,1.29964,1.25,1.12
2015.03.22 23:50:26.779,1.29949,1.29963,1.00,1.50
2015.03.22 23:50:26.881,1.29945,1.29959,1.25,1.00
2015.03.22 23:50:27.185,1.29943,1.29957,1.25,1.00
2015.03.22 23:50:37.175,1.29943,1.29957,1.12,1.37
2015.03.22 23:50:37.480,1.29939,1.29953,1.19,1.00
2015.03.22 23:50:37.734,1.29939,1.29953,1.31,1.00
2015.03.22 23:50:37.785,1.29939,1.29953,1.56,1.00
2015.03.22 23:50:37.887,1.29939,1.29953,1.56,1.00
2015.03.22 23:50:38.802,1.29939,1.29953,1.00,1.00
2015.03.22 23:50:39.732,1.29939,1.29953,1.37,1.37
2015.03.22 23:50:39.936,1.29938,1.2995,1.31,1.00
2015.03.22 23:50:40.394,1.29941,1.29953,1.37,1.00
2015.03.22 23:50:40.496,1.29941,1.29955,1.37,1.50
2015.03.22 23:50:40.806,1.29944,1.29955,1.00,1.00
2015.03.22 23:50:41.493,1.29944,1.29956,1.00,1.00
2015.03.22 23:50:41.798,1.29948,1.29959,1.37,1.00
2015.03.22 23:50:42.103,1.2995,1.29962,1.12,1.12
2015.03.22 23:50:44.210,1.29947,1.29958,1.25,1.00
2015.03.22 23:50:44.413,1.29948,1.2996,1.12,1.00
2015.03.22 23:50:44.940,1.29948,1.2996,1.87,1.00
2015.03.22 23:50:46.408,1.2995,1.29962,1.00,1.12
2015.03.22 23:50:47.396,1.29957,1.29962,1.00,1.00
2015.03.22 23:50:47.447,1.29959,1.29969,1.00,1.00
2015.03.22 23:50:47.549,1.29957,1.29969,1.00,1.50
2015.03.22 23:50:47.651,1.29959,1.29971,1.00,1.25
2015.03.22 23:50:47.754,1.29953,1.29967,1.00,1.00
2015.03.22 23:50:48.270,1.29953,1.29966,1.00,1.00
2015.03.22 23:50:48.642,1.29952,1.29964,1.00,1.50
2015.03.22 23:50:56.963,1.29952,1.29964,1.00,1.87
2015.03.22 23:50:57.064,1.29954,1.29967,1.00,1.12
2015.03.22 23:51:00.953,1.29949,1.29962,1.69,1.00
2015.03.22 23:51:01.258,1.29953,1.29963,1.00,1.00
2015.03.22 23:51:02.775,1.29952,1.29963,1.00,1.12
2015.03.22 23:51:04.063,1.29952,1.29964,1.00,1.87
2015.03.22 23:51:04.399,1.29952,1.29961,1.00,1.00
2015.03.22 23:51:06.247,1.29952,1.2996,1.00,1.00
2015.03.22 23:51:06.501,1.2995,1.2996,1.50,1.87
2015.03.22 23:51:07.318,1.2995,1.2996,1.50,1.87
2015.03.22 23:51:07.674,1.29954,1.29963,1.50,1.50
2015.03.22 23:51:08.193,1.29954,1.29962,1.00,1.50
2015.03.22 23:51:12.057,1.29952,1.29962,2.25,1.50
2015.03.22 23:51:12.580,1.29952,1.29961,2.25,1.00
2015.03.22 23:51:13.693,1.29955,1.29961,1.00,1.00
2015.03.22 23:51:13.846,1.29957,1.29965,1.37,1.00
2015.03.22 23:51:13.897,1.29958,1.29967,1.12,1.50
2015.03.22 23:51:13.948,1.2996,1.29967,1.12,1.00
2015.03.22 23:51:13.999,1.2996,1.29969,2.62,1.00
2015.03.22 23:51:14.253,1.29962,1.29969,1.00,1.00
2015.03.22 23:51:14.304,1.29962,1.29971,1.00,1.00
2015.03.22 23:51:15.440,1.29963,1.29971,1.37,1.00
2015.03.22 23:51:15.745,1.29971,1.29976,1.00,1.50
2015.03.22 23:51:15.898,1.29967,1.29979,2.06,2.25
2015.03.22 23:51:16.774,1.29967,1.29979,1.69,3.75
2015.03.22 23:51:17.582,1.29967,1.29979,1.50,2.25
2015.03.22 23:51:18.097,1.29967,1.29979,1.87,2.25
2015.03.22 23:51:20.340,1.29972,1.29979,1.00,1.50
2015.03.22 23:51:20.645,1.29978,1.29981,3.94,1.00
2015.03.22 23:51:20.752,1.29981,1.2999,1.00,2.25
2015.03.22 23:51:20.804,1.29983,1.2999,1.00,1.50
2015.03.22 23:51:20.857,1.29983,1.29992,1.00,1.50
2015.03.22 23:51:21.376,1.29982,1.29991,1.50,1.00
2015.03.22 23:51:24.335,1.29982,1.29992,1.50,1.50
2015.03.22 23:51:24.386,1.29985,1.29992,1.00,1.00
2015.03.22 23:51:24.437,1.29986,1.29995,1.00,1.00
2015.03.22 23:51:24.641,1.29987,1.29994,1.19,1.00
2015.03.22 23:51:24.743,1.2999,1.29998,1.00,1.00
2015.03.22 23:51:24.844,1.2999,1.3,3.19,1.50
2015.03.22 23:51:24.895,1.29992,1.30002,1.00,1.00
2015.03.22 23:51:25.407,1.29993,1.30002,1.00,1.00
2015.03.22 23:51:25.997,1.29992,1.30002,1.00,1.00
2015.03.22 23:51:26.554,1.29992,1.30002,1.62,1.00
2015.03.22 23:51:28.478,1.29992,1.30002,1.25,1.00
2015.03.22 23:51:30.771,1.29992,1.30001,1.00,1.00
2015.03.22 23:51:30.873,1.2999,1.29998,1.31,1.00
2015.03.22 23:51:31.439,1.29988,1.29998,1.00,1.00
2015.03.22 23:51:31.592,1.29987,1.29996,1.00,1.00
2015.03.22 23:51:32.116,1.29985,1.29996,1.19,1.50
2015.03.22 23:51:32.625,1.29985,1.29996,1.12,1.50
2015.03.22 23:51:36.784,1.29986,1.29996,1.50,1.00
2015.03.22 23:51:37.089,1.29988,1.3,2.62,2.25
2015.03.22 23:51:37.297,1.29991,1.3,1.00,1.00
2015.03.22 23:51:37.910,1.29991,1.30001,1.37,1.00
2015.03.22 23:51:39.261,1.29994,1.30001,1.00,1.00
2015.03.22 23:51:40.376,1.29994,1.30002,1.00,1.00
2015.03.22 23:51:40.427,1.29994,1.30005,1.00,2.62
2015.03.22 23:51:41.102,1.29995,1.30005,1.00,1.50
2015.03.22 23:51:41.409,1.29997,1.30006,1.00,1.00
2015.03.22 23:51:42.247,1.29997,1.30007,1.50,1.00
2015.03.22 23:51:42.298,1.29997,1.30009,2.25,1.50
2015.03.22 23:51:44.789,1.3,1.30009,1.00,1.50
2015.03.22 23:51:45.099,1.30005,1.30015,1.00,1.00
2015.03.22 23:51:45.608,1.30006,1.30015,1.00,1.00
2015.03.22 23:51:49.351,1.30006,1.30014,1.00,1.00
2015.03.22 23:51:49.453,1.30004,1.30011,1.50,1.00
2015.03.22 23:51:49.504,1.30002,1.30011,1.00,1.00
2015.03.22 23:51:56.662,1.30002,1.30009,1.00,1.00
2015.03.22 23:51:58.793,1.30002,1.30009,1.37,1.00
2015.03.22 23:51:59.047,1.30003,1.30012,1.12,1.50
2015.03.22 23:51:59.098,1.30006,1.30012,1.00,1.00
2015.03.22 23:51:59.150,1.30006,1.30014,1.00,1.00
2015.03.22 23:51:59.331,1.30004,1.30014,1.87,1.00
2015.03.22 23:51:59.861,1.30004,1.30014,1.87,1.00
2015.03.22 23:52:00.115,1.30004,1.30008,1.00,1.00
2015.03.22 23:52:00.219,1.29999,1.30006,1.37,1.00
2015.03.22 23:52:00.273,1.29998,1.30002,1.57,1.00
2015.03.22 23:52:00.324,1.29994,1.29998,1.00,1.00
2015.03.22 23:52:00.375,1.29992,1.29995,1.17,1.00
2015.03.22 23:52:00.681,1.29979,1.29983,1.50,1.00
2015.03.22 23:52:00.784,1.29975,1.29982,1.61,1.00
2015.03.22 23:52:00.835,1.29975,1.29982,1.24,1.50
2015.03.22 23:52:00.937,1.29973,1.29981,1.00,1.00
2015.03.22 23:52:00.988,1.29973,1.29978,1.99,1.00
2015.03.22 23:52:01.293,1.29973,1.29976,1.00,1.50
2015.03.22 23:52:01.395,1.29963,1.2997,2.32,1.00
2015.03.22 23:52:01.497,1.29961,1.29967,1.50,1.00
2015.03.22 23:52:01.600,1.29958,1.29965,1.00,1.00
2015.03.22 23:52:01.651,1.29956,1.29965,1.25,1.50
2015.03.22 23:52:01.804,1.29953,1.29962,2.40,1.00
2015.03.22 23:52:02.110,1.29953,1.2996,1.50,1.00
2015.03.22 23:52:02.313,1.29953,1.29963,1.50,2.25
2015.03.22 23:52:02.364,1.29957,1.29963,1.00,1.50
2015.03.22 23:52:02.568,1.29953,1.29962,1.50,1.50
2015.03.22 23:52:02.669,1.29953,1.29962,1.00,1.50
2015.03.22 23:52:03.168,1.29955,1.29963,1.00,1.50
2015.03.22 23:52:03.547,1.29952,1.29961,1.56,1.00
2015.03.22 23:52:03.649,1.29952,1.29961,1.56,1.00
2015.03.22 23:52:03.751,1.29952,1.29965,1.56,1.00
2015.03.22 23:52:03.853,1.29955,1.29965,1.00,1.00
2015.03.22 23:52:03.904,1.29955,1.29967,1.00,1.50
2015.03.22 23:52:10.344,1.29955,1.29967,1.12,1.87
2015.03.22 23:52:10.862,1.29955,1.29967,1.37,1.00
2015.03.22 23:52:11.563,1.29955,1.29967,1.12,1.00
2015.03.22 23:52:12.589,1.29955,1.29967,1.37,1.12
2015.03.22 23:52:13.751,1.29959,1.29969,1.37,2.25
2015.03.22 23:52:13.906,1.2996,1.29972,1.12,1.69
2015.03.22 23:52:13.958,1.29956,1.2997,1.12,1.00
2015.03.22 23:52:14.060,1.29954,1.29968,1.37,1.00
2015.03.22 23:52:15.079,1.29954,1.29968,1.37,1.00
2015.03.22 23:52:15.181,1.29956,1.29968,1.00,1.00
2015.03.22 23:52:15.283,1.29954,1.29966,1.00,1.00
2015.03.22 23:52:15.605,1.29954,1.29966,1.37,1.00
2015.03.22 23:52:16.237,1.29954,1.29966,1.37,1.00
2015.03.22 23:52:16.746,1.29954,1.29966,1.37,1.00
2015.03.22 23:52:17.582,1.29954,1.29966,1.12,1.00
2015.03.22 23:52:17.686,1.29954,1.29966,1.37,1.00
2015.03.22 23:52:19.298,1.29954,1.29966,1.50,1.00
2015.03.22 23:52:21.467,1.29954,1.29966,1.87,1.00
2015.03.22 23:52:26.521,1.29955,1.29966,1.37,1.00
2015.03.22 23:52:27.907,1.29955,1.29969,1.87,1.37
2015.03.22 23:52:38.535,1.29957,1.29969,1.00,1.12
2015.03.22 23:52:39.625,1.29957,1.29968,1.00,1.00
2015.03.22 23:52:40.134,1.29957,1.29968,1.00,1.37
2015.03.22 23:52:41.949,1.29957,1.29968,1.00,1.00
2015.03.22 23:52:47.718,1.29957,1.29967,1.00,1.00
2015.03.22 23:52:47.871,1.29955,1.29967,1.00,1.50
2015.03.22 23:52:48.907,1.29956,1.29968,1.50,1.12
2015.03.22 23:52:49.163,1.29958,1.29968,1.00,1.00
2015.03.22 23:52:49.774,1.29958,1.29967,1.12,1.00
2015.03.22 23:52:50.288,1.29956,1.29966,2.62,1.00
2015.03.22 23:52:53.532,1.29956,1.29966,2.62,1.00
2015.03.22 23:52:59.861,1.29956,1.29966,2.62,1.00
2015.03.22 23:53:00.065,1.29956,1.29966,2.62,1.00
2015.03.22 23:53:01.131,1.29956,1.29964,1.00,1.00
2015.03.22 23:53:01.791,1.29956,1.29964,1.37,1.50
2015.03.22 23:53:04.075,1.29956,1.29964,1.00,1.50
2015.03.22 23:53:04.968,1.2996,1.29966,1.87,1.00
2015.03.22 23:53:05.020,1.29963,1.29966,1.37,1.00
2015.03.22 23:53:05.123,1.29965,1.29972,1.00,1.00
2015.03.22 23:53:05.529,1.29965,1.2997,1.00,1.00
2015.03.22 23:53:05.580,1.29962,1.2997,1.00,1.50
2015.03.22 23:53:06.098,1.29962,1.29969,1.00,1.00
2015.03.22 23:53:16.160,1.29962,1.29968,1.00,1.00
2015.03.22 23:53:16.262,1.2996,1.29968,1.00,1.50
2015.03.22 23:53:34.698,1.2996,1.29966,1.00,1.00
2015.03.22 23:53:34.850,1.29958,1.29965,1.00,1.50
2015.03.22 23:53:41.764,1.29958,1.29965,1.87,1.00
2015.03.22 23:53:41.867,1.29961,1.29967,1.12,1.00
2015.03.22 23:53:42.382,1.29961,1.29968,1.12,1.00
2015.03.22 23:53:48.971,1.29961,1.29969,1.12,1.00
2015.03.22 23:53:49.124,1.29964,1.2997,1.00,1.50
2015.03.22 23:53:50.999,1.29967,1.2997,1.00,1.50
2015.03.22 23:53:51.151,1.29967,1.29974,1.00,2.25
2015.03.22 23:53:52.220,1.2997,1.29976,1.00,1.50
2015.03.22 23:53:52.525,1.29971,1.29978,1.37,4.01
2015.03.22 23:53:53.218,1.29971,1.29978,1.00,4.39
2015.03.22 23:53:56.451,1.29971,1.29978,1.00,4.39
2015.03.22 23:53:58.612,1.29971,1.29978,1.00,4.01
2015.03.22 23:54:12.610,1.29971,1.29977,1.00,1.00
2015.03.22 23:54:16.737,1.29974,1.29977,1.00,1.00
2015.03.22 23:54:16.788,1.29974,1.29979,1.00,1.76
2015.03.22 23:54:21.504,1.29974,1.29978,1.00,1.76
2015.03.22 23:54:22.241,1.29974,1.29979,1.00,1.76
2015.03.22 23:54:24.018,1.29974,1.29978,1.00,1.76
2015.03.22 23:54:24.126,1.29977,1.29979,1.00,1.76
2015.03.22 23:54:26.733,1.29977,1.29979,1.00,1.76
2015.03.22 23:54:27.204,1.2998,1.29983,1.00,1.35
2015.03.22 23:54:27.712,1.2998,1.29984,1.00,1.00
2015.03.22 23:54:29.588,1.29981,1.29984,1.00,1.00
2015.03.22 23:54:39.911,1.29981,1.29985,1.00,1.50
2015.03.22 23:54:41.745,1.29981,1.29984,1.00,1.00
2015.03.22 23:54:43.397,1.2998,1.29982,1.00,1.00
2015.03.22 23:54:43.499,1.29978,1.29983,1.00,1.00
2015.03.22 23:54:43.601,1.29976,1.29983,1.00,1.12
2015.03.22 23:54:43.703,1.29976,1.29982,1.00,1.37
2015.03.22 23:54:44.225,1.29976,1.29982,1.00,1.00
2015.03.22 23:54:44.530,1.29978,1.29984,1.00,2.02
2015.03.22 23:54:44.839,1.29979,1.29983,1.00,1.00
2015.03.22 23:54:44.890,1.29977,1.29983,1.00,1.00
2015.03.22 23:54:45.145,1.29977,1.2998,1.00,1.00
2015.03.22 23:54:45.940,1.29977,1.29982,1.00,1.50
2015.03.22 23:54:46.346,1.29978,1.29982,1.00,1.00
2015.03.22 23:54:46.669,1.29979,1.29985,1.00,2.77
2015.03.22 23:54:47.547,1.29979,1.29984,1.00,2.40
2015.03.22 23:54:48.108,1.29979,1.29984,1.00,1.50
2015.03.22 23:54:50.034,1.29979,1.29984,1.00,2.40
2015.03.22 23:54:50.551,1.29979,1.29984,1.00,2.02
2015.03.22 23:54:52.230,1.29979,1.29984,1.00,3.15
2015.03.22 23:54:52.836,1.29979,1.29984,1.00,2.77
2015.03.22 23:54:55.432,1.29979,1.29984,1.00,3.15
2015.03.22 23:54:55.687,1.29982,1.29984,1.00,1.65
2015.03.22 23:54:55.789,1.2998,1.29986,1.00,1.52
2015.03.22 23:54:57.962,1.2998,1.29984,1.00,2.02
2015.03.22 23:54:58.556,1.2998,1.29984,1.00,2.02
2015.03.22 23:55:00.306,1.29978,1.29984,1.00,2.02
2015.03.22 23:55:00.868,1.29978,1.29984,1.00,2.40
2015.03.22 23:55:04.033,1.29981,1.29986,1.00,1.15
2015.03.22 23:55:10.856,1.29979,1.29989,1.00,2.02
2015.03.22 23:55:11.416,1.29979,1.29982,1.00,1.00
2015.03.22 23:55:11.964,1.29979,1.29984,1.00,1.57
2015.03.22 23:55:15.302,1.29979,1.29984,1.00,1.57
2015.03.22 23:55:18.323,1.29976,1.29981,1.00,1.00
2015.03.22 23:55:20.511,1.29976,1.29983,1.00,1.12
2015.03.22 23:55:20.614,1.29976,1.29981,1.00,1.50
2015.03.22 23:55:20.783,1.29973,1.29981,1.50,2.25
2015.03.22 23:55:21.311,1.29974,1.29981,1.00,1.50
2015.03.22 23:55:22.776,1.29975,1.29981,1.00,1.50
2015.03.22 23:55:22.827,1.29975,1.29983,1.00,1.00
2015.03.22 23:55:23.080,1.29977,1.29986,1.50,1.65
2015.03.22 23:55:25.936,1.29977,1.29982,1.00,1.00
2015.03.22 23:55:26.481,1.29976,1.29981,1.00,1.00
2015.03.22 23:55:26.532,1.29976,1.29983,1.00,2.62
2015.03.22 23:55:26.895,1.29976,1.29983,1.00,1.87
2015.03.22 23:55:27.396,1.29976,1.29983,1.00,1.87
2015.03.22 23:55:30.097,1.29973,1.29976,1.50,1.12
2015.03.22 23:55:30.148,1.29972,1.29975,1.00,1.50
2015.03.22 23:55:30.251,1.29968,1.29973,1.00,1.00
2015.03.22 23:55:30.302,1.29968,1.29973,1.00,1.87
2015.03.22 23:55:30.353,1.29964,1.29971,1.87,1.12
2015.03.22 23:55:30.407,1.29962,1.29971,1.00,1.87
2015.03.22 23:55:30.460,1.2996,1.29969,1.00,1.00
2015.03.22 23:55:30.563,1.29963,1.29967,1.00,1.00
2015.03.22 23:55:30.666,1.29958,1.29965,1.00,1.50
2015.03.22 23:55:30.767,1.29956,1.29962,1.00,1.87
2015.03.22 23:55:30.921,1.29943,1.29953,2.25,1.50
2015.03.22 23:55:31.023,1.29943,1.29951,1.50,1.50
2015.03.22 23:55:31.075,1.2994,1.29949,1.00,1.50
2015.03.22 23:55:31.127,1.29938,1.29948,1.00,1.00
2015.03.22 23:55:31.178,1.2994,1.29948,1.50,1.00
2015.03.22 23:55:31.483,1.2994,1.29944,1.00,1.00
2015.03.22 23:55:31.535,1.29938,1.29943,1.00,1.00
2015.03.22 23:55:31.637,1.29935,1.29938,1.50,1.00
2015.03.22 23:55:31.688,1.2993,1.29938,1.87,2.25
2015.03.22 23:55:31.739,1.29933,1.29938,1.00,2.25
2015.03.22 23:55:32.043,1.29933,1.29936,1.00,1.00
2015.03.22 23:55:32.297,1.2993,1.29938,3.00,1.12
2015.03.22 23:55:32.538,1.29932,1.29939,1.00,1.00
2015.03.22 23:55:33.057,1.29933,1.29939,1.00,1.00
2015.03.22 23:55:33.567,1.29934,1.29943,1.00,2.81
2015.03.22 23:55:34.188,1.29934,1.29943,1.00,2.81
2015.03.22 23:55:34.508,1.29934,1.29943,1.00,3.19
2015.03.22 23:55:36.136,1.29934,1.29943,1.00,2.62
2015.03.22 23:55:36.596,1.29934,1.29943,1.00,2.62
2015.03.22 23:55:36.850,1.29934,1.29942,1.00,1.37
2015.03.22 23:55:37.359,1.29934,1.29943,1.00,2.62
2015.03.22 23:55:37.875,1.29934,1.29943,1.00,2.62
2015.03.22 23:55:38.142,1.29934,1.29943,1.00,2.62
2015.03.22 23:55:38.653,1.29935,1.29943,1.00,2.62
2015.03.22 23:55:39.164,1.29935,1.29943,1.00,1.50
2015.03.22 23:55:39.677,1.29937,1.29943,1.00,1.12
2015.03.22 23:55:40.035,1.29937,1.29945,1.00,2.25
2015.03.22 23:55:44.660,1.29939,1.29945,1.00,1.50
2015.03.22 23:55:44.712,1.29939,1.29947,1.00,2.62
2015.03.22 23:55:45.068,1.29941,1.29947,1.00,2.25
2015.03.22 23:55:45.221,1.29941,1.29949,1.00,1.12
2015.03.22 23:55:45.729,1.29942,1.2995,1.00,1.00
2015.03.22 23:55:46.912,1.29939,1.29948,1.50,1.00
2015.03.22 23:55:46.963,1.29939,1.29946,1.00,1.00
2015.03.22 23:55:47.065,1.29939,1.29948,1.00,1.50
2015.03.22 23:55:47.218,1.29939,1.29946,1.00,1.00
2015.03.22 23:55:47.320,1.29939,1.29948,1.00,1.00
2015.03.22 23:55:47.371,1.29941,1.29948,1.00,1.00
2015.03.22 23:55:47.422,1.29941,1.2995,1.00,1.50
2015.03.22 23:55:47.474,1.29946,1.2995,1.00,1.50
2015.03.22 23:55:47.525,1.29946,1.29953,1.00,1.50
2015.03.22 23:55:47.577,1.29944,1.29953,1.00,1.50
2015.03.22 23:55:47.680,1.29943,1.2995,1.50,1.00
2015.03.22 23:55:47.935,1.29939,1.29947,1.00,2.25
2015.03.22 23:55:48.430,1.29939,1.29949,1.50,1.50
2015.03.22 23:55:48.684,1.29942,1.29949,1.00,1.50
2015.03.22 23:55:49.041,1.29942,1.29951,1.00,1.50
2015.03.22 23:55:53.717,1.29944,1.29951,1.00,1.50
2015.03.22 23:55:59.807,1.29941,1.29951,2.25,1.50
2015.03.22 23:56:00.939,1.29941,1.29949,1.50,1.00
2015.03.22 23:56:01.594,1.29941,1.2995,1.00,1.00
2015.03.22 23:56:11.914,1.29942,1.29951,1.00,1.00
2015.03.22 23:56:12.432,1.29942,1.29952,1.50,1.50
2015.03.22 23:56:13.065,1.29943,1.29952,1.00,2.25
2015.03.22 23:56:13.855,1.29942,1.29952,1.50,1.87
2015.03.22 23:56:14.160,1.29937,1.29945,1.00,1.00
2015.03.22 23:56:14.312,1.29939,1.29948,1.50,1.00
2015.03.22 23:56:14.363,1.29941,1.29949,1.00,1.50
2015.03.22 23:56:16.205,1.29941,1.29948,1.00,1.00
2015.03.22 23:56:16.307,1.29938,1.29947,1.00,1.00
2015.03.22 23:56:16.358,1.29936,1.29947,3.00,1.37
2015.03.22 23:56:16.975,1.29936,1.29947,3.00,1.12
2015.03.22 23:56:17.485,1.29936,1.29946,1.50,1.50
2015.03.22 23:56:20.591,1.29936,1.29945,1.50,1.00
2015.03.22 23:56:21.256,1.29936,1.29946,1.50,1.50
2015.03.22 23:56:22.207,1.29936,1.29946,1.50,2.62
2015.03.22 23:56:22.820,1.29936,1.29943,1.50,1.00
2015.03.22 23:56:23.231,1.29935,1.29941,1.00,1.00
2015.03.22 23:56:24.258,1.29935,1.29943,1.00,2.62
2015.03.22 23:56:32.397,1.29936,1.29943,1.00,2.25
2015.03.22 23:56:34.846,1.29936,1.29943,1.00,1.87
2015.03.22 23:56:36.134,1.29936,1.29943,1.00,1.50
2015.03.22 23:56:36.338,1.29938,1.29943,1.00,1.50
2015.03.22 23:56:36.439,1.29938,1.29946,1.00,2.62
2015.03.22 23:56:37.197,1.29938,1.29945,1.00,1.00
2015.03.22 23:56:38.545,1.29938,1.29946,1.00,1.00
2015.03.22 23:56:38.697,1.2994,1.29946,1.00,1.00
2015.03.22 23:56:39.485,1.2994,1.29947,1.00,1.00
2015.03.22 23:56:39.790,1.29944,1.29951,1.00,1.00
2015.03.22 23:56:40.045,1.29946,1.29954,1.00,3.00
2015.03.22 23:56:41.146,1.29948,1.29954,1.00,1.50
2015.03.22 23:56:46.612,1.29946,1.29954,1.50,1.87
2015.03.22 23:56:47.261,1.29946,1.29954,1.50,1.87
2015.03.22 23:56:52.519,1.29946,1.29954,1.50,1.50
2015.03.22 23:56:54.317,1.29946,1.29954,1.37,1.50
2015.03.22 23:56:56.791,1.29946,1.29954,1.50,1.50
2015.03.22 23:56:57.898,1.29946,1.29954,1.87,1.50
2015.03.22 23:57:01.013,1.29946,1.29954,1.12,1.50
2015.03.22 23:57:12.130,1.29946,1.29954,1.37,1.50
2015.03.22 23:57:13.115,1.29946,1.29955,1.87,1.00
2015.03.22 23:57:13.628,1.29946,1.29955,1.87,1.00
2015.03.22 23:57:18.183,1.29946,1.29955,2.62,1.00
2015.03.22 23:57:19.470,1.29946,1.29955,1.87,1.00
2015.03.22 23:57:20.168,1.29946,1.29953,1.00,1.37
2015.03.22 23:57:20.220,1.29944,1.29953,1.50,1.37
2015.03.22 23:57:20.728,1.29943,1.29952,1.37,1.00
2015.03.22 23:57:20.880,1.29943,1.29952,1.00,1.00
2015.03.22 23:57:21.825,1.29943,1.2995,1.00,1.50
2015.03.22 23:57:21.876,1.29941,1.2995,1.12,1.50
2015.03.22 23:57:21.978,1.29941,1.2995,1.37,1.50
2015.03.22 23:57:22.492,1.29941,1.2995,1.37,1.50
2015.03.22 23:57:22.994,1.29941,1.2995,1.87,1.50
2015.03.22 23:57:24.681,1.29942,1.2995,1.37,1.50
2015.03.22 23:57:25.593,1.29942,1.2995,1.37,1.50
2015.03.22 23:57:27.886,1.29941,1.29949,1.37,1.00
2015.03.22 23:57:28.191,1.2994,1.29945,1.37,1.12
2015.03.22 23:57:28.494,1.29937,1.29946,1.87,2.25
2015.03.22 23:57:28.608,1.29937,1.29946,1.37,2.25
2015.03.22 23:57:28.884,1.29937,1.29946,1.00,2.25
2015.03.22 23:57:29.408,1.29937,1.29946,1.00,1.50
2015.03.22 23:57:30.177,1.29937,1.29946,1.37,1.50
2015.03.22 23:57:30.497,1.2994,1.29946,1.37,1.50
2015.03.22 23:57:30.922,1.29937,1.29946,1.87,1.50
2015.03.22 23:57:31.125,1.29937,1.29946,1.87,1.50
2015.03.22 23:57:31.227,1.29939,1.29946,1.37,1.50
2015.03.22 23:57:31.774,1.2994,1.29946,1.37,1.00
2015.03.22 23:57:31.825,1.2994,1.29948,1.37,1.00
2015.03.22 23:57:32.342,1.29939,1.29949,1.37,1.50
2015.03.22 23:57:32.844,1.2994,1.29949,1.37,1.50
2015.03.22 23:57:33.352,1.29943,1.29949,1.37,1.50
2015.03.22 23:57:34.715,1.29943,1.29949,1.00,1.50
2015.03.22 23:57:37.219,1.29939,1.29949,1.37,1.50
2015.03.22 23:57:37.796,1.29939,1.29949,1.37,1.50
2015.03.22 23:57:39.171,1.29941,1.29949,1.37,1.00
2015.03.22 23:57:39.273,1.29941,1.29952,1.37,2.25
2015.03.22 23:57:39.324,1.29941,1.29949,1.37,1.00
2015.03.22 23:57:39.375,1.29941,1.29949,1.12,1.00
2015.03.22 23:57:40.145,1.29941,1.29949,1.37,2.25
2015.03.22 23:57:40.680,1.29941,1.29949,1.37,2.25
2015.03.22 23:57:42.674,1.29941,1.29947,1.37,1.00
2015.03.22 23:57:42.726,1.29941,1.29946,1.00,1.00
2015.03.22 23:57:42.777,1.29939,1.29944,1.12,1.00
2015.03.22 23:57:42.879,1.29935,1.29944,1.12,1.50
2015.03.22 23:57:43.304,1.29937,1.29944,1.00,1.50
2015.03.22 23:57:43.456,1.29937,1.29946,1.00,1.50
2015.03.22 23:57:43.862,1.29939,1.29946,1.00,1.00
2015.03.22 23:57:43.964,1.29939,1.29948,1.00,1.50
2015.03.22 23:57:44.486,1.29939,1.29948,1.00,1.87
2015.03.22 23:57:44.894,1.29939,1.29948,1.37,1.87
2015.03.22 23:57:46.570,1.29943,1.29948,1.00,1.37
2015.03.22 23:57:47.516,1.2994,1.29948,1.37,1.37
2015.03.22 23:57:48.033,1.29939,1.29948,1.37,1.12
2015.03.22 23:57:48.919,1.29938,1.29947,1.37,1.00
2015.03.22 23:57:48.971,1.29937,1.29943,1.50,1.50
2015.03.22 23:57:49.073,1.29935,1.29942,1.00,1.00
2015.03.22 23:57:49.175,1.29931,1.2994,1.50,1.50
2015.03.22 23:57:49.728,1.2993,1.2994,1.37,2.25
2015.03.22 23:57:49.881,1.2993,1.2994,1.00,1.87
2015.03.22 23:57:49.984,1.2993,1.29934,1.00,1.00
2015.03.22 23:57:50.036,1.29928,1.29934,1.00,1.00
2015.03.22 23:57:50.138,1.29924,1.29934,2.62,1.50
2015.03.22 23:57:50.292,1.29924,1.29932,1.00,1.00
2015.03.22 23:57:50.496,1.29922,1.29931,1.00,1.00
2015.03.22 23:57:50.597,1.2992,1.2993,1.00,2.25
2015.03.22 23:57:50.699,1.29919,1.29927,1.00,1.00
2015.03.22 23:57:50.801,1.29917,1.29927,1.00,1.50
2015.03.22 23:57:50.902,1.29916,1.29925,1.00,1.00
2015.03.22 23:57:51.165,1.29917,1.29927,1.50,2.25
2015.03.22 23:57:54.094,1.2992,1.29927,1.00,1.00
2015.03.22 23:57:54.645,1.29919,1.29927,1.50,1.00
2015.03.22 23:57:55.149,1.29918,1.29927,1.00,1.50
2015.03.22 23:57:57.714,1.29917,1.29927,2.25,1.00
2015.03.22 23:57:58.058,1.29919,1.29929,1.00,1.87
2015.03.22 23:57:58.565,1.29919,1.29929,1.00,1.50
2015.03.22 23:57:58.890,1.29921,1.29931,1.00,1.00
2015.03.22 23:57:59.248,1.29922,1.29934,2.62,2.25
2015.03.22 23:57:59.300,1.29925,1.29934,1.00,1.00
2015.03.22 23:57:59.609,1.29927,1.29937,2.25,3.00
2015.03.22 23:57:59.915,1.29923,1.29932,2.25,1.37
2015.03.22 23:58:02.727,1.29922,1.29931,1.00,1.12
2015.03.22 23:58:03.233,1.29922,1.29931,1.00,1.37
2015.03.22 23:58:05.118,1.29922,1.29931,1.00,1.87
2015.03.22 23:58:05.227,1.2992,1.29928,1.00,1.50
2015.03.22 23:58:05.329,1.29918,1.29928,1.50,2.62
2015.03.22 23:58:05.847,1.29917,1.29926,1.00,1.50
2015.03.22 23:58:06.991,1.29917,1.29925,1.00,1.00
2015.03.22 23:58:07.143,1.29917,1.29925,1.00,1.37
2015.03.22 23:58:07.499,1.29914,1.29923,1.00,1.00
2015.03.22 23:58:08.159,1.29914,1.29923,1.00,1.87
2015.03.22 23:58:08.311,1.29911,1.29921,1.50,1.37
2015.03.22 23:58:10.653,1.29911,1.29919,1.00,1.07
2015.03.22 23:58:10.871,1.29911,1.29921,1.20,1.20
2015.03.22 23:58:16.037,1.29911,1.29921,1.20,2.02
2015.03.22 23:58:16.342,1.2991,1.29916,1.50,1.00
2015.03.22 23:58:16.494,1.29908,1.29916,1.50,1.00
2015.03.22 23:58:16.697,1.29907,1.29916,1.00,1.87
2015.03.22 23:58:16.850,1.29907,1.29916,1.00,1.00
2015.03.22 23:58:17.392,1.29908,1.29918,1.10,1.50
2015.03.22 23:58:18.448,1.29908,1.29918,1.47,1.20
2015.03.22 23:58:20.486,1.29908,1.29918,1.47,1.20
2015.03.22 23:58:22.819,1.29908,1.29918,1.87,1.20
2015.03.22 23:58:23.292,1.2991,1.29918,1.07,1.37
2015.03.22 23:58:23.394,1.2991,1.29918,1.07,1.12
2015.03.22 23:58:23.547,1.29908,1.29918,1.57,1.47
2015.03.22 23:58:24.056,1.29908,1.29916,1.07,1.50
2015.03.22 23:58:24.310,1.29906,1.29916,1.50,1.65
2015.03.22 23:58:24.766,1.29906,1.29916,1.50,3.37
2015.03.22 23:58:25.288,1.29905,1.29915,1.10,1.95
2015.03.22 23:58:32.755,1.29904,1.29913,1.57,1.50
2015.03.22 23:58:33.061,1.29901,1.2991,1.85,1.50
2015.03.22 23:58:33.668,1.29901,1.2991,1.57,1.87
2015.03.22 23:58:36.355,1.299,1.2991,2.62,2.25
2015.03.22 23:58:36.407,1.299,1.2991,1.87,3.00
2015.03.22 23:58:36.950,1.29898,1.29908,2.70,1.10
2015.03.22 23:58:38.781,1.29898,1.29907,1.07,1.00
2015.03.22 23:58:38.832,1.29898,1.29906,1.07,1.37
2015.03.22 23:58:38.934,1.29895,1.29904,1.50,1.00
2015.03.22 23:58:39.087,1.29895,1.29902,1.50,1.00
2015.03.22 23:58:39.290,1.29898,1.29906,1.00,1.00
2015.03.22 23:58:39.813,1.29898,1.29908,2.25,2.25
2015.03.22 23:58:42.642,1.29898,1.29908,2.70,1.95
2015.03.22 23:58:43.373,1.29899,1.29908,1.37,1.95
2015.03.22 23:58:43.899,1.29898,1.29908,3.45,1.95
2015.03.22 23:58:44.408,1.29898,1.29908,6.00,1.50
2015.03.22 23:58:44.952,1.29899,1.29908,2.02,1.50
2015.03.22 23:58:46.385,1.29899,1.29908,3.52,1.00
2015.03.22 23:58:46.436,1.29899,1.29911,4.27,2.25
2015.03.22 23:58:48.304,1.299,1.29911,1.00,2.62
2015.03.22 23:58:48.808,1.29899,1.29911,2.77,2.25
2015.03.22 23:58:49.401,1.29899,1.29911,3.45,1.87
2015.03.22 23:58:49.926,1.29904,1.29911,1.00,1.57
2015.03.22 23:58:50.229,1.2991,1.29916,1.50,1.50
2015.03.22 23:58:50.281,1.2991,1.29917,1.50,1.50
2015.03.22 23:58:50.383,1.29912,1.29918,1.25,1.07
2015.03.22 23:58:50.689,1.29915,1.2992,1.19,1.37
2015.03.22 23:58:50.841,1.29916,1.29921,1.19,1.00
2015.03.22 23:58:50.994,1.29916,1.29925,1.19,2.25
2015.03.22 23:58:51.298,1.29914,1.29924,1.31,3.37
2015.03.22 23:58:51.501,1.29914,1.2992,1.31,1.75
2015.03.22 23:58:53.491,1.29914,1.2992,1.12,3.37
2015.03.22 23:59:02.294,1.29914,1.29921,2.44,1.57
2015.03.22 23:59:02.345,1.29914,1.29923,2.44,1.12
2015.03.22 23:59:02.447,1.29916,1.29923,1.37,1.12
2015.03.22 23:59:02.978,1.29916,1.29924,1.37,1.75
2015.03.22 23:59:03.493,1.29916,1.29925,1.56,1.75
2015.03.22 23:59:04.477,1.29916,1.29925,1.56,2.25
2015.03.22 23:59:05.010,1.29916,1.29925,1.31,2.25
2015.03.22 23:59:05.530,1.29916,1.29922,1.31,1.00
2015.03.22 23:59:06.458,1.29916,1.29922,1.31,1.00
2015.03.22 23:59:09.745,1.29916,1.29924,1.56,1.50
2015.03.22 23:59:10.307,1.29916,1.29924,1.56,1.50
2015.03.22 23:59:14.320,1.29916,1.29924,1.56,1.50
2015.03.22 23:59:15.595,1.29916,1.29924,1.56,1.50
2015.03.22 23:59:17.572,1.29916,1.29924,1.56,1.50
2015.03.22 23:59:21.419,1.29916,1.29925,1.56,1.65
2015.03.22 23:59:31.477,1.29917,1.29926,1.69,2.62
2015.03.22 23:59:32.480,1.29917,1.29926,1.69,2.62
2015.03.22 23:59:34.487,1.29915,1.29925,1.19,2.40
2015.03.22 23:59:35.411,1.29915,1.29924,1.69,1.00
2015.03.22 23:59:35.928,1.29916,1.29925,1.56,2.40
2015.03.22 23:59:36.696,1.29915,1.29925,1.56,2.40
2015.03.22 23:59:37.444,1.29915,1.29925,1.56,1.65
2015.03.22 23:59:37.745,1.29915,1.29925,2.06,1.65
2015.03.22 23:59:38.819,1.29915,1.29925,1.37,1.65
2015.03.22 23:59:49.586,1.29917,1.29925,1.00,1.20
2015.03.22 23:59:49.691,1.29919,1.29925,1.00,1.20
2015.03.22 23:59:50.351,1.29919,1.29927,2.62,3.00
2015.03.22 23:59:50.453,1.2992,1.29927,1.65,1.00
2015.03.22 23:59:50.504,1.2992,1.2993,1.65,1.65
2015.03.22 23:59:50.555,1.29922,1.29931,1.00,2.25
2015.03.22 23:59:55.069,1.29924,1.29931,1.50,1.50
