2007.09.10 18:00:03.147,1.5651,1.5653,4.00,19.80
2007.09.10 18:00:03.180,1.5651,1.5653,4.00,22.20
2007.09.10 18:00:03.277,1.565,1.5652,29.10,4.00
2007.09.10 18:00:03.726,1.565,1.5652,25.10,4.00
2007.09.10 18:00:03.789,1.565,1.5652,21.10,4.00
2007.09.10 18:00:04.431,1.5651,1.5652,0.40,4.00
2007.09.10 18:00:04.711,1.5651,1.5652,0.40,4.80
2007.09.10 18:00:05.264,1.565,1.5652,19.50,4.80
2007.09.10 18:00:05.680,1.565,1.5652,19.50,5.60
2007.09.10 18:00:05.768,1.565,1.5652,19.50,6.40
2007.09.10 18:00:05.784,1.565,1.5652,19.50,7.20
2007.09.10 18:00:05.990,1.565,1.5652,19.50,8.00
2007.09.10 18:00:06.110,1.565,1.5652,18.70,8.80
2007.09.10 18:00:06.167,1.565,1.5652,13.10,12.00
2007.09.10 18:00:06.228,1.565,1.5652,9.10,16.00
2007.09.10 18:00:06.335,1.565,1.5652,9.10,20.80
2007.09.10 18:00:06.379,1.565,1.5652,9.10,20.00
2007.09.10 18:00:06.439,1.565,1.5652,5.10,24.00
2007.09.10 18:00:06.580,1.565,1.5652,5.10,24.80
2007.09.10 18:00:07.097,1.565,1.5652,5.10,25.60
2007.09.10 18:00:07.268,1.565,1.5652,9.10,20.80
2007.09.10 18:00:07.387,1.565,1.5652,9.10,16.80
2007.09.10 18:00:07.611,1.565,1.5652,9.10,14.40
2007.09.10 18:00:14.649,1.565,1.5652,9.10,13.60
2007.09.10 18:00:16.569,1.565,1.5652,9.10,12.80
2007.09.10 18:00:16.779,1.565,1.5652,9.10,13.60
2007.09.10 18:00:18.228,1.565,1.5652,9.10,12.80
2007.09.10 18:00:18.352,1.565,1.5652,9.10,12.00
2007.09.10 18:00:18.755,1.565,1.5652,13.10,12.00
2007.09.10 18:00:18.873,1.565,1.5652,13.10,11.20
2007.09.10 18:00:18.979,1.565,1.5652,13.10,7.20
2007.09.10 18:00:19.024,1.565,1.5652,13.10,6.40
2007.09.10 18:00:19.288,1.565,1.5652,13.10,2.40
2007.09.10 18:00:19.632,1.565,1.5652,13.10,1.60
2007.09.10 18:00:19.650,1.565,1.5653,13.10,35.00
2007.09.10 18:00:19.725,1.565,1.5653,17.10,31.00
2007.09.10 18:00:19.744,1.565,1.5652,17.10,0.80
2007.09.10 18:00:19.945,1.565,1.5653,17.10,26.20
2007.09.10 18:00:20.271,1.565,1.5653,25.10,26.20
2007.09.10 18:00:20.286,1.5651,1.5653,0.40,26.20
2007.09.10 18:00:20.349,1.5651,1.5653,0.40,25.40
2007.09.10 18:00:20.618,1.5651,1.5653,0.40,24.60
2007.09.10 18:00:20.877,1.5651,1.5653,0.40,16.60
2007.09.10 18:00:21.358,1.5651,1.5653,4.30,15.80
2007.09.10 18:00:21.569,1.5651,1.5653,4.30,11.80
2007.09.10 18:00:22.118,1.5651,1.5653,4.30,19.80
2007.09.10 18:00:24.736,1.5651,1.5653,4.30,20.60
2007.09.10 18:00:31.032,1.565,1.5653,27.80,20.60
2007.09.10 18:00:31.243,1.565,1.5653,27.80,19.80
2007.09.10 18:00:35.929,1.565,1.5653,23.50,23.80
2007.09.10 18:00:36.183,1.5651,1.5653,1.60,24.60
2007.09.10 18:00:36.367,1.565,1.5653,23.50,25.40
2007.09.10 18:00:36.392,1.565,1.5652,23.50,0.80
2007.09.10 18:00:36.435,1.565,1.5652,23.50,1.60
2007.09.10 18:00:36.481,1.565,1.5652,23.50,2.40
2007.09.10 18:00:36.590,1.5651,1.5652,1.20,3.20
2007.09.10 18:00:36.797,1.565,1.5652,17.90,4.00
2007.09.10 18:00:36.995,1.56495,1.5652,17.60,8.80
2007.09.10 18:00:37.053,1.565,1.56515,5.70,0.80
2007.09.10 18:00:37.752,1.565,1.56515,5.80,0.80
2007.09.10 18:00:38.381,1.5649,1.56515,27.50,0.80
2007.09.10 18:00:38.811,1.565,1.56515,1.90,0.80
2007.09.10 18:00:38.920,1.5649,1.56515,23.50,0.80
2007.09.10 18:00:40.748,1.5649,1.5652,25.90,31.00
2007.09.10 18:00:40.849,1.565,1.5652,1.00,29.40
2007.09.10 18:00:40.891,1.565,1.5652,0.50,28.60
2007.09.10 18:00:40.953,1.5649,1.5652,28.30,27.80
2007.09.10 18:00:41.070,1.5649,1.5652,28.60,20.00
2007.09.10 18:00:41.095,1.5649,1.5652,28.60,20.80
2007.09.10 18:00:41.390,1.5649,1.5652,31.30,12.80
2007.09.10 18:00:41.608,1.5649,1.5652,35.60,12.80
2007.09.10 18:00:41.695,1.5649,1.5652,34.80,12.80
2007.09.10 18:00:41.940,1.5649,1.5652,30.80,20.80
2007.09.10 18:00:42.209,1.5649,1.5652,26.00,23.20
2007.09.10 18:00:42.264,1.5649,1.5652,24.60,27.20
2007.09.10 18:00:42.310,1.5649,1.5652,24.60,28.80
2007.09.10 18:00:42.630,1.565,1.56515,1.10,0.80
2007.09.10 18:00:42.993,1.5649,1.5651,23.00,0.80
2007.09.10 18:00:44.137,1.565,1.5651,1.90,4.80
2007.09.10 18:00:44.264,1.5649,1.5651,2.00,8.80
2007.09.10 18:00:44.366,1.5648,1.5651,34.00,8.80
2007.09.10 18:00:44.476,1.5648,1.5651,36.40,8.80
2007.09.10 18:00:44.671,1.5648,1.5651,32.40,8.80
2007.09.10 18:00:45.911,1.5648,1.5651,40.00,8.80
2007.09.10 18:00:47.827,1.5648,1.5651,32.80,8.80
2007.09.10 18:00:52.335,1.5648,1.5651,44.40,8.80
2007.09.10 18:00:52.755,1.5648,1.5651,43.40,8.80
2007.09.10 18:00:53.382,1.5648,1.5651,44.40,8.80
2007.09.10 18:01:11.154,1.5649,1.5651,11.20,8.80
2007.09.10 18:01:11.203,1.565,1.5651,4.80,0.80
2007.09.10 18:01:16.036,1.565,1.5652,4.80,24.60
2007.09.10 18:01:16.354,1.565,1.5652,5.60,19.00
2007.09.10 18:01:16.525,1.565,1.5652,5.60,18.20
2007.09.10 18:01:16.543,1.565,1.5652,11.20,15.80
2007.09.10 18:01:16.770,1.565,1.5652,11.20,15.00
2007.09.10 18:01:16.888,1.5651,1.5652,4.00,3.20
2007.09.10 18:01:17.733,1.565,1.5652,10.40,11.20
2007.09.10 18:01:18.377,1.565,1.5652,10.40,14.20
2007.09.10 18:01:19.100,1.565,1.5652,4.80,13.40
2007.09.10 18:01:19.218,1.565,1.5652,4.80,10.40
2007.09.10 18:01:21.125,1.565,1.5652,4.80,12.00
2007.09.10 18:01:21.253,1.565,1.5651,4.80,0.50
2007.09.10 18:01:36.070,1.565,1.5652,4.80,32.60
2007.09.10 18:01:37.275,1.565,1.56525,4.80,33.80
2007.09.10 18:01:39.453,1.565,1.5652,4.80,33.10
2007.09.10 18:01:48.323,1.565,1.56525,4.80,32.20
2007.09.10 18:01:48.397,1.565,1.5652,4.80,0.80
2007.09.10 18:01:48.422,1.565,1.56525,4.80,26.80
2007.09.10 18:01:48.690,1.565,1.5653,7.20,41.20
2007.09.10 18:01:48.947,1.565,1.5653,7.20,40.40
2007.09.10 18:01:49.046,1.565,1.5652,7.20,0.50
2007.09.10 18:01:49.205,1.565,1.5653,12.80,34.80
2007.09.10 18:01:49.300,1.565,1.5653,12.80,34.00
2007.09.10 18:01:49.494,1.565,1.5653,12.80,33.60
2007.09.10 18:01:49.711,1.565,1.5653,12.80,33.60
2007.09.10 18:01:50.320,1.565,1.5653,18.40,28.80
2007.09.10 18:01:50.419,1.5651,1.5652,4.00,0.60
2007.09.10 18:01:50.744,1.5651,1.5653,4.00,20.50
2007.09.10 18:01:50.860,1.5651,1.5654,4.00,46.40
2007.09.10 18:01:50.968,1.5651,1.5653,4.00,0.50
2007.09.10 18:01:51.600,1.5651,1.5653,4.00,0.70
2007.09.10 18:01:59.963,1.5651,1.5654,4.00,44.20
2007.09.10 18:02:00.248,1.5651,1.5654,4.00,45.00
2007.09.10 18:02:04.554,1.5651,1.5653,4.00,0.80
2007.09.10 18:02:05.162,1.5651,1.5653,4.00,0.90
2007.09.10 18:02:05.539,1.5651,1.5653,1.80,0.90
2007.09.10 18:02:10.291,1.565,1.5653,40.20,12.80
2007.09.10 18:02:10.447,1.5651,1.5653,2.60,12.00
2007.09.10 18:02:11.036,1.5651,1.5653,7.30,12.00
2007.09.10 18:02:15.548,1.5651,1.5653,1.60,12.40
2007.09.10 18:02:16.087,1.565,1.5653,40.20,12.40
2007.09.10 18:02:16.186,1.5651,1.5653,3.30,12.00
2007.09.10 18:02:16.326,1.565,1.5654,43.90,20.40
2007.09.10 18:02:17.049,1.565,1.5654,41.50,12.40
2007.09.10 18:02:20.336,1.56505,1.5654,12.80,16.40
2007.09.10 18:02:20.448,1.56505,1.5654,12.80,17.20
2007.09.10 18:02:20.545,1.565,1.5654,43.10,18.00
2007.09.10 18:02:20.769,1.5651,1.5654,3.60,14.00
2007.09.10 18:02:22.049,1.5651,1.5653,4.10,0.80
2007.09.10 18:02:23.281,1.5651,1.5652,2.40,1.60
2007.09.10 18:02:23.297,1.5651,1.5653,2.80,13.60
2007.09.10 18:02:24.666,1.565,1.5652,36.50,0.80
2007.09.10 18:02:24.725,1.5651,1.5652,3.30,0.80
2007.09.10 18:02:24.870,1.565,1.5653,40.50,9.60
2007.09.10 18:02:25.287,1.5651,1.5653,3.40,10.40
2007.09.10 18:02:25.465,1.565,1.5653,40.50,6.40
2007.09.10 18:02:27.749,1.5651,1.5653,0.70,7.20
2007.09.10 18:02:27.880,1.565,1.5653,40.50,6.40
2007.09.10 18:02:28.169,1.5651,1.5653,2.20,7.20
2007.09.10 18:02:33.747,1.5651,1.5653,1.00,6.40
2007.09.10 18:02:38.305,1.5651,1.5653,1.00,7.20
2007.09.10 18:02:42.418,1.5651,1.5653,2.80,6.40
2007.09.10 18:02:44.093,1.565,1.5653,40.50,7.20
2007.09.10 18:02:47.801,1.5651,1.5653,2.50,6.40
2007.09.10 18:03:04.155,1.565,1.5653,40.50,7.20
2007.09.10 18:03:04.267,1.5651,1.5653,1.80,6.40
2007.09.10 18:03:04.579,1.5651,1.5653,3.30,7.20
2007.09.10 18:03:04.692,1.5651,1.5653,5.50,7.20
2007.09.10 18:03:04.888,1.5651,1.5653,5.10,5.60
2007.09.10 18:03:04.951,1.5651,1.5653,3.00,4.80
2007.09.10 18:03:05.002,1.5651,1.5653,3.00,5.60
2007.09.10 18:03:05.222,1.5651,1.5653,3.30,5.60
2007.09.10 18:03:05.330,1.56505,1.5653,12.70,5.60
2007.09.10 18:03:06.734,1.5651,1.5653,3.00,5.60
2007.09.10 18:03:07.023,1.565,1.5653,40.20,5.60
2007.09.10 18:03:07.170,1.5651,1.5653,1.30,6.40
2007.09.10 18:03:08.049,1.5651,1.5653,3.30,7.20
2007.09.10 18:03:15.676,1.5651,1.5653,1.80,11.20
2007.09.10 18:03:18.666,1.565,1.5653,27.80,11.20
2007.09.10 18:03:18.737,1.565,1.5653,19.80,11.20
2007.09.10 18:03:18.760,1.565,1.5653,15.80,11.20
2007.09.10 18:03:18.881,1.565,1.5653,15.80,15.20
2007.09.10 18:03:19.130,1.565,1.5653,15.80,14.40
2007.09.10 18:03:19.158,1.565,1.5653,15.80,15.20
2007.09.10 18:03:19.505,1.565,1.5653,15.80,14.40
2007.09.10 18:03:19.562,1.565,1.5653,15.80,13.60
2007.09.10 18:03:19.593,1.565,1.5653,16.60,12.80
2007.09.10 18:03:19.711,1.565,1.5653,20.60,8.80
2007.09.10 18:03:19.857,1.565,1.5653,21.40,8.80
2007.09.10 18:03:21.771,1.56505,1.5653,0.80,8.80
2007.09.10 18:03:27.774,1.5651,1.5653,4.30,8.80
2007.09.10 18:03:28.367,1.56505,1.5653,5.10,8.80
2007.09.10 18:03:31.904,1.5651,1.5653,0.60,8.80
2007.09.10 18:03:32.230,1.56505,1.5653,5.10,8.80
2007.09.10 18:03:33.163,1.56505,1.5653,5.10,12.80
2007.09.10 18:03:47.268,1.5651,1.5653,2.00,12.80
2007.09.10 18:03:47.682,1.56505,1.5652,4.80,0.50
2007.09.10 18:03:47.986,1.565,1.5652,13.60,0.50
2007.09.10 18:03:48.227,1.565,1.5652,14.40,1.20
2007.09.10 18:03:48.295,1.56505,1.5652,0.80,5.20
2007.09.10 18:03:48.409,1.565,1.5652,13.60,9.20
2007.09.10 18:03:49.396,1.56505,1.5652,0.80,13.20
2007.09.10 18:03:50.394,1.56495,1.5652,1.60,13.20
2007.09.10 18:03:52.412,1.565,1.5651,0.80,0.50
2007.09.10 18:03:53.420,1.56495,1.5652,1.60,13.70
2007.09.10 18:03:53.657,1.56495,1.5653,1.60,41.60
2007.09.10 18:03:53.780,1.565,1.5651,0.50,0.50
2007.09.10 18:03:55.284,1.56495,1.5653,5.60,38.20
2007.09.10 18:03:55.295,1.565,1.5652,0.60,0.80
2007.09.10 18:03:56.230,1.56495,1.5653,6.40,37.80
2007.09.10 18:04:09.189,1.565,1.5652,1.60,0.80
2007.09.10 18:04:10.173,1.565,1.5652,0.80,0.80
2007.09.10 18:04:11.166,1.565,1.5652,3.80,0.50
2007.09.10 18:04:11.493,1.565,1.5653,7.80,43.20
2007.09.10 18:04:11.695,1.565,1.5653,7.80,39.20
2007.09.10 18:04:12.365,1.565,1.5653,8.60,44.80
2007.09.10 18:04:12.426,1.565,1.5652,5.60,0.90
2007.09.10 18:04:13.073,1.565,1.5653,4.80,45.60
2007.09.10 18:04:13.165,1.565,1.5652,4.80,18.40
2007.09.10 18:04:13.265,1.565,1.5651,4.80,0.90
2007.09.10 18:04:13.385,1.565,1.5651,4.00,0.80
2007.09.10 18:04:13.720,1.56495,1.5652,0.80,18.00
2007.09.10 18:04:14.011,1.565,1.5652,0.80,12.40
2007.09.10 18:04:14.709,1.56495,1.565,0.80,0.80
2007.09.10 18:04:14.989,1.565,1.5651,4.00,2.80
2007.09.10 18:04:15.632,1.56495,1.565,0.80,0.80
2007.09.10 18:04:15.648,1.56495,1.5652,0.80,41.20
2007.09.10 18:04:15.739,1.56495,1.5651,0.80,0.90
2007.09.10 18:04:15.975,1.5649,1.5652,5.60,40.80
2007.09.10 18:04:16.046,1.5649,1.5651,6.40,0.60
2007.09.10 18:04:16.465,1.5649,1.5652,6.40,43.20
2007.09.10 18:04:22.118,1.5649,1.5651,6.40,9.20
2007.09.10 18:04:22.292,1.5649,1.5651,6.40,10.00
2007.09.10 18:04:22.349,1.5649,1.5651,10.40,10.00
2007.09.10 18:04:22.723,1.5649,1.565,10.40,0.80
2007.09.10 18:04:22.845,1.5649,1.565,9.60,0.80
2007.09.10 18:04:22.925,1.5649,1.565,8.80,0.80
2007.09.10 18:04:22.971,1.5649,1.565,4.80,1.20
2007.09.10 18:04:23.290,1.5649,1.565,4.00,1.20
2007.09.10 18:04:23.548,1.5649,1.565,4.00,2.00
2007.09.10 18:04:23.753,1.5649,1.565,4.00,1.20
2007.09.10 18:04:24.340,1.5649,1.565,4.00,2.00
2007.09.10 18:04:24.560,1.5649,1.565,4.00,2.80
2007.09.10 18:04:24.630,1.5649,1.565,4.00,2.00
2007.09.10 18:04:25.225,1.5649,1.565,4.00,10.80
2007.09.10 18:04:25.280,1.5648,1.565,18.40,14.80
2007.09.10 18:04:25.316,1.5648,1.565,17.60,14.80
2007.09.10 18:04:26.252,1.5648,1.565,17.60,14.00
2007.09.10 18:04:26.294,1.5648,1.5649,4.00,4.80
2007.09.10 18:04:26.377,1.5648,1.5649,4.00,4.80
2007.09.10 18:04:26.686,1.5647,1.5649,7.20,8.80
2007.09.10 18:04:26.792,1.5647,1.5649,5.60,8.80
2007.09.10 18:04:27.675,1.5648,1.5649,0.80,8.80
2007.09.10 18:04:27.986,1.5648,1.5649,1.60,8.80
2007.09.10 18:04:28.471,1.5648,1.5649,2.40,8.80
2007.09.10 18:04:29.404,1.5648,1.5649,6.40,0.80
2007.09.10 18:04:29.817,1.5648,1.565,6.40,14.00
2007.09.10 18:04:30.447,1.5648,1.565,6.40,13.20
2007.09.10 18:04:30.650,1.5648,1.565,10.40,9.20
2007.09.10 18:04:31.084,1.5648,1.565,11.20,9.20
2007.09.10 18:04:31.849,1.5648,1.565,7.20,9.20
2007.09.10 18:04:32.714,1.5648,1.565,3.40,9.20
2007.09.10 18:04:33.723,1.5647,1.565,36.30,9.20
2007.09.10 18:04:34.660,1.5647,1.565,36.30,9.20
2007.09.10 18:04:36.537,1.5647,1.565,36.60,9.20
2007.09.10 18:04:36.634,1.5647,1.565,36.30,9.20
2007.09.10 18:04:37.261,1.5648,1.565,0.70,9.20
2007.09.10 18:04:37.536,1.5647,1.565,35.50,9.20
2007.09.10 18:04:37.580,1.5647,1.565,34.70,10.00
2007.09.10 18:04:37.647,1.5647,1.565,33.90,10.00
2007.09.10 18:04:37.678,1.5648,1.565,0.80,10.00
2007.09.10 18:04:38.052,1.5646,1.565,43.90,10.00
2007.09.10 18:04:38.486,1.5646,1.565,46.10,14.00
2007.09.10 18:04:38.613,1.5647,1.56495,1.80,0.80
2007.09.10 18:04:40.792,1.5647,1.5649,3.50,4.00
2007.09.10 18:04:40.915,1.5646,1.5649,39.70,4.80
2007.09.10 18:04:41.131,1.5646,1.5649,39.70,5.60
2007.09.10 18:04:41.251,1.5646,1.5649,39.30,6.40
2007.09.10 18:04:41.587,1.5646,1.5649,54.00,6.40
2007.09.10 18:04:41.631,1.5646,1.5649,39.30,11.20
2007.09.10 18:04:41.724,1.5646,1.5649,39.30,15.20
2007.09.10 18:04:41.850,1.5646,1.5649,36.90,15.20
2007.09.10 18:04:42.340,1.5647,1.5649,0.60,15.20
2007.09.10 18:04:42.671,1.5646,1.5649,37.30,15.20
2007.09.10 18:04:43.713,1.5646,1.5649,45.60,15.20
2007.09.10 18:04:43.827,1.5646,1.5649,39.70,15.20
2007.09.10 18:04:44.344,1.5646,1.5649,38.90,15.20
2007.09.10 18:04:45.622,1.5646,1.5649,38.90,14.40
2007.09.10 18:04:45.854,1.5647,1.5649,3.60,14.40
2007.09.10 18:04:46.893,1.5646,1.5649,39.70,13.60
2007.09.10 18:04:47.098,1.5646,1.5649,39.70,12.80
2007.09.10 18:04:47.306,1.5647,1.5649,3.00,8.80
2007.09.10 18:04:47.822,1.5646,1.5649,37.30,4.80
2007.09.10 18:04:47.928,1.5646,1.5649,37.30,4.80
2007.09.10 18:04:50.177,1.5646,1.5649,36.50,4.00
2007.09.10 18:04:50.504,1.5646,1.565,41.50,13.20
2007.09.10 18:04:51.338,1.5647,1.565,17.00,12.80
2007.09.10 18:04:51.418,1.5647,1.565,21.80,8.80
2007.09.10 18:04:51.527,1.5648,1.565,2.90,4.80
2007.09.10 18:04:51.942,1.5647,1.565,25.80,5.60
2007.09.10 18:04:51.965,1.5648,1.565,3.70,6.40
2007.09.10 18:04:52.020,1.5648,1.565,2.60,7.20
2007.09.10 18:04:56.894,1.5648,1.565,10.20,7.20
2007.09.10 18:04:57.427,1.5649,1.565,2.40,3.20
2007.09.10 18:04:57.536,1.5649,1.565,2.30,2.40
2007.09.10 18:04:57.594,1.5648,1.565,17.40,1.60
2007.09.10 18:05:08.394,1.5649,1.565,4.00,2.40
2007.09.10 18:05:08.700,1.5648,1.565,7.20,10.40
2007.09.10 18:05:08.873,1.5648,1.565,4.00,10.40
2007.09.10 18:05:08.909,1.5648,1.565,4.00,15.20
2007.09.10 18:05:09.065,1.5648,1.565,4.00,16.00
2007.09.10 18:05:10.167,1.5647,1.5649,27.00,8.00
2007.09.10 18:05:10.783,1.5647,1.5649,23.00,8.00
2007.09.10 18:05:11.594,1.5647,1.5649,19.00,8.00
2007.09.10 18:05:11.942,1.5647,1.5649,23.00,8.00
2007.09.10 18:05:12.158,1.5648,1.565,4.80,19.20
2007.09.10 18:05:12.346,1.5648,1.565,4.80,20.00
2007.09.10 18:05:12.859,1.5648,1.565,4.80,16.00
2007.09.10 18:05:13.067,1.5648,1.565,4.80,12.00
2007.09.10 18:05:21.403,1.5648,1.565,4.80,12.80
2007.09.10 18:05:21.971,1.5648,1.5649,4.80,0.80
2007.09.10 18:05:35.361,1.5647,1.5648,14.40,0.80
2007.09.10 18:05:35.984,1.5648,1.5649,4.80,0.80
2007.09.10 18:05:37.713,1.5648,1.5649,4.00,0.80
2007.09.10 18:05:37.748,1.5647,1.5649,8.00,9.60
2007.09.10 18:05:37.807,1.5647,1.5649,8.00,10.40
2007.09.10 18:05:38.643,1.5647,1.5649,8.00,11.20
2007.09.10 18:05:39.162,1.5647,1.5648,8.00,0.80
2007.09.10 18:05:40.208,1.5646,1.5648,36.60,4.80
2007.09.10 18:05:40.393,1.5646,1.5648,36.60,5.60
2007.09.10 18:05:40.513,1.5646,1.5648,28.60,5.60
2007.09.10 18:05:41.429,1.5646,1.5648,28.60,6.40
2007.09.10 18:05:41.633,1.5646,1.5648,20.60,6.40
2007.09.10 18:05:41.755,1.5646,1.5648,20.60,7.20
2007.09.10 18:05:41.848,1.5646,1.5648,20.60,6.40
2007.09.10 18:05:41.928,1.5646,1.56475,20.60,0.80
2007.09.10 18:05:42.173,1.5646,1.5648,20.60,9.60
2007.09.10 18:05:42.298,1.5646,1.5648,15.80,13.60
2007.09.10 18:05:42.453,1.5646,1.5648,15.80,14.40
2007.09.10 18:05:42.603,1.5646,1.5648,7.80,14.40
2007.09.10 18:05:42.714,1.5646,1.5647,4.80,0.80
2007.09.10 18:05:48.954,1.5646,1.5647,0.90,0.80
2007.09.10 18:05:55.555,1.5646,1.5647,0.80,4.80
2007.09.10 18:05:57.709,1.5646,1.5647,0.80,4.00
2007.09.10 18:05:57.809,1.5646,1.56475,4.80,0.80
2007.09.10 18:05:58.198,1.5646,1.56475,8.80,0.80
2007.09.10 18:05:58.316,1.5646,1.5648,8.80,20.00
2007.09.10 18:05:58.542,1.5646,1.5648,8.80,11.20
2007.09.10 18:05:58.798,1.5646,1.5648,8.80,10.40
2007.09.10 18:05:58.889,1.5646,1.5648,8.80,11.20
2007.09.10 18:06:01.764,1.5646,1.5648,8.80,10.40
2007.09.10 18:06:03.711,1.5646,1.5648,11.80,10.40
2007.09.10 18:06:04.438,1.5646,1.5648,8.80,10.40
2007.09.10 18:06:04.534,1.5646,1.5648,8.80,11.20
2007.09.10 18:06:05.368,1.5646,1.56475,8.80,0.80
2007.09.10 18:06:05.580,1.5646,1.5647,8.80,0.80
2007.09.10 18:06:05.999,1.5646,1.5647,4.80,0.80
2007.09.10 18:06:06.533,1.5646,1.5647,0.80,4.80
2007.09.10 18:06:07.960,1.5646,1.5647,4.80,0.80
2007.09.10 18:06:38.083,1.5646,1.5648,4.80,27.80
2007.09.10 18:06:38.203,1.5646,1.5648,8.80,27.80
2007.09.10 18:06:38.212,1.5646,1.5648,8.80,25.40
2007.09.10 18:06:38.403,1.5646,1.5648,8.80,21.40
2007.09.10 18:06:38.714,1.5646,1.5648,4.80,21.40
2007.09.10 18:06:39.237,1.5646,1.5648,4.80,25.40
2007.09.10 18:06:39.441,1.5646,1.5648,4.80,25.80
2007.09.10 18:06:39.546,1.5646,1.5648,4.80,33.80
2007.09.10 18:06:39.753,1.5646,1.5648,4.80,29.80
2007.09.10 18:06:40.241,1.5646,1.5647,4.80,0.80
2007.09.10 18:06:44.708,1.5646,1.56475,4.80,0.80
2007.09.10 18:06:48.206,1.5646,1.5648,5.60,22.00
2007.09.10 18:06:48.300,1.5646,1.5648,5.60,22.80
2007.09.10 18:06:48.334,1.5646,1.5648,5.60,14.40
2007.09.10 18:06:54.980,1.5645,1.5648,34.40,14.40
2007.09.10 18:07:01.874,1.5645,1.5648,34.40,13.60
2007.09.10 18:07:01.994,1.5645,1.5648,34.40,12.80
2007.09.10 18:07:02.134,1.5645,1.5648,34.40,11.20
2007.09.10 18:07:02.917,1.5646,1.5648,2.10,10.40
2007.09.10 18:07:03.026,1.5645,1.5648,38.40,9.60
2007.09.10 18:07:05.193,1.5646,1.5648,10.40,5.60
2007.09.10 18:07:05.231,1.5647,1.5648,0.80,4.80
2007.09.10 18:07:05.279,1.5647,1.5648,0.80,0.80
2007.09.10 18:07:05.434,1.5646,1.56485,13.40,0.80
2007.09.10 18:07:05.561,1.5646,1.5649,13.40,28.80
2007.09.10 18:07:05.626,1.5646,1.5649,13.40,24.80
2007.09.10 18:07:05.743,1.5646,1.5649,21.40,23.20
2007.09.10 18:07:05.815,1.5646,1.5649,33.40,19.20
2007.09.10 18:07:06.227,1.5646,1.5649,37.40,14.40
2007.09.10 18:07:06.336,1.5646,1.5649,37.40,15.20
2007.09.10 18:07:06.652,1.5647,1.5649,0.60,14.40
2007.09.10 18:07:06.778,1.5646,1.5649,37.40,14.40
2007.09.10 18:07:06.862,1.5646,1.5649,41.40,13.60
2007.09.10 18:07:07.177,1.5646,1.5649,41.40,12.80
2007.09.10 18:07:07.796,1.5646,1.5649,42.20,12.00
2007.09.10 18:07:12.021,1.5646,1.5649,41.40,12.80
2007.09.10 18:07:12.242,1.5646,1.56495,42.40,0.80
2007.09.10 18:07:12.653,1.5646,1.56495,37.40,0.80
2007.09.10 18:07:17.668,1.5647,1.56495,19.20,0.80
2007.09.10 18:07:17.707,1.5648,1.56495,0.90,0.80
2007.09.10 18:07:17.788,1.5648,1.565,1.10,22.80
2007.09.10 18:07:17.825,1.5647,1.565,27.20,18.80
2007.09.10 18:07:17.868,1.5648,1.565,1.50,18.00
2007.09.10 18:07:18.168,1.5648,1.565,2.20,18.80
2007.09.10 18:07:27.671,1.5648,1.565,4.80,18.00
2007.09.10 18:07:27.706,1.5648,1.565,4.80,19.60
2007.09.10 18:07:27.885,1.5648,1.565,4.80,23.60
2007.09.10 18:07:27.907,1.5648,1.565,4.80,24.40
2007.09.10 18:07:28.083,1.5648,1.565,4.80,24.80
2007.09.10 18:07:28.337,1.5648,1.56495,4.80,0.80
2007.09.10 18:07:31.181,1.5648,1.5649,4.80,8.00
2007.09.10 18:07:31.209,1.5648,1.5649,4.00,8.80
2007.09.10 18:07:31.230,1.5648,1.5649,4.00,9.60
2007.09.10 18:07:31.284,1.5647,1.5649,4.80,14.40
2007.09.10 18:07:38.121,1.5648,1.5649,0.80,14.40
2007.09.10 18:07:38.191,1.5648,1.5649,1.60,14.40
2007.09.10 18:07:38.232,1.5648,1.5649,1.60,15.20
2007.09.10 18:07:38.428,1.5648,1.5649,5.60,2.40
2007.09.10 18:07:38.922,1.5648,1.5649,5.60,1.60
2007.09.10 18:07:39.051,1.5648,1.5649,4.80,1.60
2007.09.10 18:07:40.137,1.5648,1.5649,4.00,1.60
2007.09.10 18:07:40.185,1.5648,1.5649,4.00,5.60
2007.09.10 18:07:40.305,1.5647,1.5649,20.60,9.60
2007.09.10 18:07:41.416,1.5647,1.5649,16.60,9.60
2007.09.10 18:07:41.559,1.5647,1.5649,11.00,9.60
2007.09.10 18:07:42.144,1.5647,1.5649,15.00,1.60
2007.09.10 18:07:42.764,1.5647,1.5649,19.00,1.60
2007.09.10 18:07:43.299,1.5647,1.565,19.00,31.20
2007.09.10 18:07:44.344,1.5647,1.565,23.00,19.20
2007.09.10 18:07:45.258,1.5647,1.565,23.00,18.40
2007.09.10 18:07:45.372,1.5647,1.56505,23.00,18.10
2007.09.10 18:07:46.712,1.5648,1.5651,0.80,47.40
2007.09.10 18:07:47.321,1.5648,1.5651,0.80,46.60
2007.09.10 18:07:47.488,1.5648,1.5651,0.80,47.40
2007.09.10 18:07:47.637,1.5648,1.5651,0.80,48.20
2007.09.10 18:07:47.754,1.5648,1.5651,0.80,51.40
2007.09.10 18:07:47.813,1.5648,1.565,4.80,0.90
2007.09.10 18:07:47.970,1.5648,1.5651,4.80,50.60
2007.09.10 18:07:48.068,1.5648,1.565,4.80,0.90
2007.09.10 18:07:50.444,1.5648,1.56505,8.80,19.20
2007.09.10 18:07:50.877,1.5648,1.565,4.80,27.80
2007.09.10 18:07:51.396,1.5648,1.565,4.80,29.40
2007.09.10 18:07:51.484,1.5648,1.5649,0.80,0.80
2007.09.10 18:07:52.047,1.5648,1.5649,0.80,0.50
2007.09.10 18:07:52.112,1.5648,1.56505,4.80,36.40
2007.09.10 18:07:52.185,1.5648,1.565,4.80,0.70
2007.09.10 18:07:52.370,1.5648,1.5651,4.80,48.80
2007.09.10 18:07:52.439,1.5648,1.5651,4.80,44.80
2007.09.10 18:07:52.464,1.5648,1.5651,4.80,41.60
2007.09.10 18:07:52.986,1.5648,1.5651,4.80,40.40
2007.09.10 18:07:53.084,1.5648,1.565,4.80,0.70
2007.09.10 18:07:53.731,1.5648,1.5651,8.80,41.20
2007.09.10 18:07:53.841,1.5648,1.5651,8.80,40.00
2007.09.10 18:07:54.282,1.5648,1.565,8.80,0.60
2007.09.10 18:07:54.368,1.5648,1.5651,8.80,41.60
2007.09.10 18:07:55.872,1.5648,1.565,8.80,0.70
2007.09.10 18:07:56.130,1.5648,1.565,8.80,0.60
2007.09.10 18:07:56.188,1.5648,1.565,16.80,0.60
2007.09.10 18:07:56.228,1.5648,1.565,16.80,0.50
2007.09.10 18:07:56.236,1.5648,1.5651,17.60,34.40
2007.09.10 18:07:56.344,1.5649,1.5651,4.00,30.40
2007.09.10 18:07:56.481,1.5649,1.5651,4.00,31.20
2007.09.10 18:07:56.501,1.5649,1.56505,4.00,3.20
2007.09.10 18:07:56.767,1.5649,1.56505,4.00,2.40
2007.09.10 18:07:57.512,1.5649,1.5651,4.00,23.20
2007.09.10 18:07:57.839,1.5649,1.5651,4.00,0.60
2007.09.10 18:07:58.026,1.5649,1.5652,4.80,37.60
2007.09.10 18:07:58.134,1.5649,1.5651,4.80,0.90
2007.09.10 18:07:58.426,1.5649,1.5652,8.80,33.60
2007.09.10 18:08:28.071,1.565,1.56515,5.60,0.80
2007.09.10 18:08:28.812,1.565,1.5652,5.60,13.60
2007.09.10 18:08:28.979,1.565,1.5652,5.60,14.40
2007.09.10 18:08:32.374,1.565,1.5652,5.60,13.60
2007.09.10 18:08:34.056,1.565,1.5652,5.60,14.40
2007.09.10 18:08:36.301,1.565,1.5652,4.80,14.40
2007.09.10 18:08:36.624,1.565,1.5652,4.80,15.20
2007.09.10 18:08:36.707,1.565,1.5652,4.80,15.80
2007.09.10 18:08:36.830,1.565,1.5651,4.80,0.60
2007.09.10 18:08:37.244,1.565,1.5651,0.80,4.60
2007.09.10 18:08:37.821,1.5649,1.5651,13.60,4.60
2007.09.10 18:08:37.987,1.5649,1.5651,13.60,5.40
2007.09.10 18:08:38.030,1.5649,1.5651,8.00,5.40
2007.09.10 18:08:38.172,1.5649,1.565,8.00,0.80
2007.09.10 18:08:39.414,1.5649,1.565,8.00,1.60
2007.09.10 18:08:39.436,1.5648,1.565,16.80,10.40
2007.09.10 18:08:39.553,1.5648,1.565,16.80,11.20
2007.09.10 18:08:39.947,1.5648,1.565,12.80,11.20
2007.09.10 18:08:40.382,1.5648,1.565,4.80,11.20
2007.09.10 18:08:40.584,1.5648,1.565,4.80,12.00
2007.09.10 18:08:41.183,1.5648,1.565,4.00,12.00
2007.09.10 18:08:41.401,1.5648,1.565,4.00,16.00
2007.09.10 18:08:42.630,1.5648,1.565,4.80,16.00
2007.09.10 18:08:43.028,1.5648,1.565,8.80,16.00
2007.09.10 18:08:43.352,1.5648,1.565,8.80,12.00
2007.09.10 18:08:44.410,1.5648,1.565,1.80,12.00
2007.09.10 18:08:48.846,1.5647,1.565,32.60,12.00
2007.09.10 18:08:49.194,1.5647,1.565,31.00,12.00
2007.09.10 18:08:50.185,1.5647,1.565,29.40,16.00
2007.09.10 18:08:51.672,1.5647,1.565,35.80,16.00
2007.09.10 18:08:52.472,1.5647,1.565,36.60,12.00
2007.09.10 18:08:54.632,1.5648,1.565,1.70,12.00
2007.09.10 18:08:59.090,1.5648,1.565,2.30,16.00
2007.09.10 18:09:19.589,1.5648,1.5649,4.00,0.80
2007.09.10 18:09:25.272,1.5648,1.565,4.00,16.00
2007.09.10 18:09:26.318,1.5648,1.565,4.00,12.00
2007.09.10 18:09:27.027,1.5648,1.565,4.80,12.00
2007.09.10 18:09:27.029,1.5648,1.565,8.80,12.00
2007.09.10 18:09:27.142,1.5648,1.565,13.60,12.00
2007.09.10 18:09:38.215,1.5648,1.5649,13.60,0.80
2007.09.10 18:09:38.636,1.5648,1.5649,9.60,4.00
2007.09.10 18:09:39.374,1.5648,1.5649,5.60,4.80
2007.09.10 18:09:39.867,1.5647,1.5649,38.00,4.80
2007.09.10 18:09:39.894,1.5647,1.5649,33.60,4.80
2007.09.10 18:09:40.073,1.5647,1.5649,33.60,5.60
2007.09.10 18:09:40.126,1.5647,1.5649,33.60,6.40
2007.09.10 18:09:40.185,1.5647,1.5648,28.80,0.80
2007.09.10 18:09:40.708,1.5647,1.5648,20.80,0.80
2007.09.10 18:09:40.823,1.5647,1.5648,16.80,0.80
2007.09.10 18:09:40.841,1.5647,1.5648,16.80,1.60
2007.09.10 18:09:41.832,1.5647,1.5648,16.80,0.80
2007.09.10 18:09:41.875,1.5647,1.5648,16.00,1.60
2007.09.10 18:09:41.906,1.5647,1.5648,16.00,2.40
2007.09.10 18:09:42.068,1.5647,1.5648,16.00,1.60
2007.09.10 18:09:42.165,1.5647,1.5648,8.00,2.40
2007.09.10 18:09:42.224,1.5647,1.5648,12.80,2.40
2007.09.10 18:09:42.284,1.5647,1.5648,8.80,2.40
2007.09.10 18:09:42.381,1.5647,1.5648,4.80,6.40
2007.09.10 18:09:42.590,1.5647,1.5648,8.80,2.40
2007.09.10 18:09:42.638,1.5647,1.5648,4.00,2.40
2007.09.10 18:09:42.793,1.5646,1.5648,20.80,6.40
2007.09.10 18:09:43.156,1.5646,1.5648,21.60,6.40
2007.09.10 18:09:44.027,1.5646,1.5648,20.80,6.40
2007.09.10 18:09:44.173,1.5646,1.5648,23.20,6.40
2007.09.10 18:09:44.441,1.5647,1.5648,4.00,2.40
2007.09.10 18:09:44.639,1.5647,1.56485,4.00,3.20
2007.09.10 18:09:47.041,1.5647,1.56485,4.00,2.40
2007.09.10 18:09:47.236,1.5647,1.56485,8.00,2.40
2007.09.10 18:09:47.653,1.5647,1.5649,8.60,20.60
2007.09.10 18:09:47.774,1.5647,1.5648,8.00,0.80
2007.09.10 18:09:47.857,1.5647,1.5649,8.00,0.60
2007.09.10 18:09:47.963,1.5647,1.5649,8.00,0.50
2007.09.10 18:09:48.287,1.5647,1.56495,8.00,7.20
2007.09.10 18:09:48.392,1.5647,1.5649,8.60,0.60
2007.09.10 18:09:53.124,1.5647,1.5649,11.80,0.60
2007.09.10 18:09:53.196,1.5648,1.56495,0.80,7.20
2007.09.10 18:09:53.243,1.5648,1.56495,4.80,2.40
2007.09.10 18:09:53.308,1.5648,1.56495,4.80,2.40
2007.09.10 18:09:53.312,1.5648,1.56495,4.80,0.50
2007.09.10 18:09:57.479,1.5648,1.565,5.40,34.20
2007.09.10 18:10:06.428,1.5648,1.565,5.40,28.00
2007.09.10 18:10:07.951,1.5648,1.56505,5.40,18.00
2007.09.10 18:10:08.042,1.5648,1.565,5.40,0.60
2007.09.10 18:10:08.364,1.5648,1.565,5.40,0.80
2007.09.10 18:10:09.860,1.5648,1.5651,5.40,42.40
2007.09.10 18:10:22.672,1.5649,1.565,0.60,11.20
2007.09.10 18:10:31.896,1.5649,1.565,0.60,10.40
2007.09.10 18:10:32.348,1.5649,1.565,0.60,8.80
2007.09.10 18:10:32.557,1.565,1.5651,0.80,24.00
2007.09.10 18:10:33.778,1.565,1.5651,6.40,23.20
2007.09.10 18:10:34.020,1.5649,1.565,5.40,4.80
2007.09.10 18:10:34.230,1.5649,1.565,9.40,0.80
2007.09.10 18:10:35.006,1.5651,1.5652,0.60,14.40
2007.09.10 18:10:35.028,1.5651,1.5652,0.60,14.40
2007.09.10 18:10:35.043,1.5651,1.5652,0.60,15.20
2007.09.10 18:10:35.241,1.5651,1.5652,0.60,16.80
2007.09.10 18:10:35.351,1.5651,1.5652,0.60,18.40
2007.09.10 18:10:35.386,1.5651,1.5652,4.60,5.60
2007.09.10 18:10:35.458,1.5651,1.5652,4.60,6.40
2007.09.10 18:10:35.604,1.5651,1.56515,4.60,1.60
2007.09.10 18:10:36.222,1.5651,1.56515,4.00,1.60
2007.09.10 18:10:36.650,1.565,1.56505,14.20,0.80
2007.09.10 18:10:36.885,1.565,1.5651,14.20,0.80
2007.09.10 18:10:37.079,1.5649,1.565,14.20,0.80
2007.09.10 18:10:37.496,1.5651,1.56515,4.00,1.20
2007.09.10 18:10:37.587,1.5651,1.56515,4.00,1.20
2007.09.10 18:10:38.378,1.565,1.5651,4.00,1.60
2007.09.10 18:10:38.780,1.5649,1.5651,8.60,7.20
2007.09.10 18:10:38.990,1.5649,1.5651,2.40,7.20
2007.09.10 18:10:43.147,1.5648,1.5651,32.00,7.20
2007.09.10 18:10:43.769,1.5648,1.5651,32.00,15.20
2007.09.10 18:10:45.507,1.5648,1.5651,32.80,15.20
2007.09.10 18:10:47.180,1.5649,1.5651,3.90,18.20
2007.09.10 18:10:47.262,1.5649,1.5651,4.00,18.20
2007.09.10 18:10:47.600,1.5649,1.5651,1.20,22.20
2007.09.10 18:11:02.108,1.5649,1.5651,4.70,22.20
2007.09.10 18:11:09.742,1.5649,1.5651,8.80,19.20
2007.09.10 18:11:09.921,1.5649,1.5651,8.80,18.40
2007.09.10 18:11:10.080,1.5649,1.5651,8.80,19.20
2007.09.10 18:11:10.151,1.5649,1.5651,8.80,15.20
2007.09.10 18:11:11.697,1.565,1.5651,4.80,10.40
2007.09.10 18:11:11.815,1.565,1.5651,4.80,1.60
2007.09.10 18:11:12.002,1.565,1.5651,4.80,0.80
2007.09.10 18:11:12.265,1.565,1.56515,4.80,1.60
2007.09.10 18:11:13.551,1.565,1.56515,9.60,1.60
2007.09.10 18:11:18.666,1.565,1.56515,10.40,1.60
2007.09.10 18:11:23.374,1.565,1.56515,10.40,0.80
2007.09.10 18:11:30.855,1.565,1.5652,10.40,15.00
2007.09.10 18:11:31.701,1.565,1.5652,10.40,14.20
2007.09.10 18:11:31.814,1.565,1.5652,10.40,13.40
2007.09.10 18:11:31.916,1.565,1.5652,10.40,10.40
2007.09.10 18:11:32.434,1.565,1.5652,14.40,10.40
2007.09.10 18:11:32.465,1.5651,1.5652,4.80,10.40
2007.09.10 18:11:32.525,1.5651,1.5652,9.60,2.40
2007.09.10 18:11:33.084,1.56515,1.5652,0.80,2.40
2007.09.10 18:11:33.369,1.56515,1.5652,0.80,1.60
2007.09.10 18:11:33.658,1.5653,1.5654,0.80,19.80
2007.09.10 18:11:33.735,1.5653,1.5654,0.10,19.80
2007.09.10 18:11:33.787,1.56515,1.5652,0.80,0.80
2007.09.10 18:11:34.061,1.5653,1.5654,0.10,4.00
2007.09.10 18:11:34.148,1.5652,1.5654,8.80,4.00
2007.09.10 18:11:34.271,1.5652,1.5654,12.80,4.00
2007.09.10 18:11:35.096,1.5652,1.5654,8.80,4.00
2007.09.10 18:11:35.403,1.5652,1.5654,12.80,4.00
2007.09.10 18:11:35.481,1.5652,1.56535,12.80,0.80
2007.09.10 18:11:35.514,1.5652,1.56535,18.40,0.80
2007.09.10 18:11:35.872,1.5652,1.5654,18.40,1.60
2007.09.10 18:11:36.243,1.5652,1.5654,17.60,1.60
2007.09.10 18:11:36.450,1.5652,1.5654,5.60,10.20
2007.09.10 18:11:36.477,1.5652,1.5654,5.60,9.40
2007.09.10 18:11:36.655,1.5652,1.5654,5.60,13.40
2007.09.10 18:11:36.877,1.5652,1.5654,4.80,14.20
2007.09.10 18:11:37.069,1.5652,1.5654,5.60,15.00
2007.09.10 18:11:37.168,1.5652,1.5654,5.60,17.40
2007.09.10 18:11:37.277,1.5652,1.5654,5.60,16.60
2007.09.10 18:11:37.285,1.5652,1.5654,9.60,16.60
2007.09.10 18:11:37.389,1.5652,1.5654,9.60,20.60
2007.09.10 18:11:37.402,1.5652,1.56535,9.60,0.80
2007.09.10 18:11:38.199,1.5652,1.56535,4.00,0.80
2007.09.10 18:11:38.322,1.5651,1.5653,8.80,8.80
2007.09.10 18:11:38.401,1.5651,1.5652,8.80,0.80
2007.09.10 18:11:38.434,1.5651,1.5652,4.80,0.80
2007.09.10 18:11:38.713,1.565,1.5652,32.00,1.60
2007.09.10 18:11:38.742,1.565,1.5652,28.00,6.40
2007.09.10 18:11:38.811,1.565,1.5652,28.00,5.60
2007.09.10 18:11:38.852,1.565,1.5652,26.40,5.60
2007.09.10 18:11:38.875,1.565,1.5652,22.40,5.60
2007.09.10 18:11:39.021,1.565,1.5652,22.40,6.40
2007.09.10 18:11:39.036,1.565,1.5652,22.40,7.20
2007.09.10 18:11:39.068,1.565,1.5652,21.60,7.20
2007.09.10 18:11:39.161,1.565,1.5652,21.60,7.80
2007.09.10 18:11:39.354,1.565,1.5652,17.60,7.80
2007.09.10 18:11:39.554,1.565,1.5652,13.60,7.80
2007.09.10 18:11:39.700,1.565,1.5652,16.60,7.20
2007.09.10 18:11:40.185,1.565,1.5652,24.60,7.20
2007.09.10 18:11:41.165,1.565,1.5652,24.60,6.40
2007.09.10 18:11:41.881,1.565,1.5652,25.40,5.60
2007.09.10 18:11:42.309,1.565,1.5652,25.40,6.40
2007.09.10 18:11:42.450,1.565,1.5652,25.40,0.70
2007.09.10 18:11:42.474,1.565,1.5653,22.40,26.60
2007.09.10 18:11:42.713,1.565,1.5652,23.20,0.50
2007.09.10 18:11:42.772,1.565,1.5653,15.20,31.60
2007.09.10 18:11:43.401,1.565,1.5653,15.20,29.80
2007.09.10 18:11:43.849,1.565,1.5652,15.20,0.70
2007.09.10 18:11:43.961,1.565,1.5652,16.00,0.50
2007.09.10 18:11:44.133,1.565,1.5652,20.80,0.90
2007.09.10 18:11:44.763,1.565,1.5652,16.80,0.70
2007.09.10 18:11:45.229,1.56505,1.5653,0.80,26.80
2007.09.10 18:11:45.265,1.565,1.5653,16.80,26.80
2007.09.10 18:11:48.999,1.565,1.5652,16.80,0.80
2007.09.10 18:11:49.307,1.565,1.5652,19.80,0.90
2007.09.10 18:11:49.414,1.565,1.5652,27.80,0.70
2007.09.10 18:11:49.687,1.565,1.5652,27.80,0.70
2007.09.10 18:11:49.710,1.565,1.5653,27.80,0.70
2007.09.10 18:11:49.754,1.565,1.5653,27.00,0.80
2007.09.10 18:11:50.009,1.56505,1.5653,0.80,0.70
2007.09.10 18:11:50.125,1.56505,1.5653,0.80,0.60
2007.09.10 18:11:50.447,1.56505,1.5653,0.80,0.90
2007.09.10 18:11:56.776,1.56505,1.5654,0.80,29.20
2007.09.10 18:11:59.640,1.56505,1.5654,0.80,28.60
2007.09.10 18:11:59.741,1.5651,1.5654,4.00,28.60
2007.09.10 18:11:59.749,1.5651,1.5654,9.60,26.20
2007.09.10 18:11:59.840,1.5651,1.5654,14.20,22.20
2007.09.10 18:11:59.955,1.5651,1.5653,22.20,0.80
2007.09.10 18:12:00.151,1.5651,1.5653,24.60,0.50
2007.09.10 18:12:00.264,1.5651,1.5653,36.60,0.50
2007.09.10 18:12:00.367,1.5652,1.5654,4.00,0.80
2007.09.10 18:12:00.496,1.5651,1.56545,36.60,17.90
2007.09.10 18:12:01.315,1.5652,1.5654,0.50,0.60
2007.09.10 18:12:01.395,1.5652,1.5654,0.60,0.60
2007.09.10 18:12:03.144,1.56515,1.5655,6.40,26.80
2007.09.10 18:12:03.166,1.5652,1.5654,0.90,0.90
2007.09.10 18:12:03.244,1.5653,1.5654,0.60,0.60
2007.09.10 18:12:03.283,1.5652,1.5655,17.40,26.20
2007.09.10 18:12:03.658,1.5653,1.5654,0.80,0.70
2007.09.10 18:12:03.876,1.56525,1.5655,11.20,16.60
2007.09.10 18:12:03.986,1.5653,1.5654,0.50,0.50
2007.09.10 18:12:04.000,1.5653,1.5654,0.70,0.50
2007.09.10 18:12:04.221,1.5653,1.5656,0.50,0.80
2007.09.10 18:12:04.468,1.56525,1.56565,28.00,21.90
2007.09.10 18:12:04.608,1.56525,1.56565,28.00,25.90
2007.09.10 18:12:04.703,1.56525,1.56565,27.20,24.30
2007.09.10 18:12:04.809,1.56525,1.56565,27.20,20.30
2007.09.10 18:12:04.908,1.56525,1.56565,26.40,21.10
2007.09.10 18:12:05.023,1.56525,1.56565,26.40,25.10
2007.09.10 18:12:05.069,1.56525,1.5656,26.40,25.40
2007.09.10 18:12:08.792,1.5653,1.5656,22.40,25.40
2007.09.10 18:12:11.656,1.5654,1.5656,0.80,24.60
2007.09.10 18:12:11.905,1.5653,1.5656,22.40,25.40
2007.09.10 18:12:12.370,1.5653,1.5656,6.30,26.20
2007.09.10 18:12:12.384,1.56525,1.5656,27.20,26.20
2007.09.10 18:12:12.479,1.5654,1.5656,1.00,22.20
2007.09.10 18:12:13.018,1.5653,1.5656,35.20,18.20
2007.09.10 18:12:13.122,1.5653,1.5656,38.40,15.80
2007.09.10 18:12:13.737,1.5654,1.5656,0.70,12.60
2007.09.10 18:12:13.838,1.5654,1.5656,0.70,16.60
2007.09.10 18:12:14.851,1.5654,1.5656,0.60,15.80
2007.09.10 18:12:14.943,1.5654,1.5656,1.60,16.60
2007.09.10 18:12:16.102,1.5653,1.5656,33.60,15.80
2007.09.10 18:12:16.177,1.5653,1.5656,30.40,18.20
2007.09.10 18:12:16.212,1.5653,1.5655,0.70,8.00
2007.09.10 18:12:16.621,1.56525,1.5655,25.60,8.60
2007.09.10 18:12:16.678,1.56525,1.5655,20.00,8.60
2007.09.10 18:12:16.719,1.5653,1.5655,5.70,9.40
2007.09.10 18:12:16.784,1.56525,1.5655,20.00,10.20
2007.09.10 18:12:17.142,1.56525,1.5655,20.00,11.00
2007.09.10 18:12:17.253,1.56525,1.5655,20.00,15.00
2007.09.10 18:12:17.293,1.56525,1.5655,20.00,14.20
2007.09.10 18:12:17.348,1.56525,1.5655,8.00,14.20
2007.09.10 18:12:17.399,1.5653,1.5654,0.90,0.80
2007.09.10 18:12:17.506,1.5653,1.5654,1.40,1.60
2007.09.10 18:12:19.216,1.56525,1.5654,12.00,1.60
2007.09.10 18:12:19.263,1.5653,1.5655,3.10,9.40
2007.09.10 18:12:19.334,1.5653,1.5655,4.00,5.40
2007.09.10 18:12:19.472,1.5653,1.5655,0.50,6.20
2007.09.10 18:12:20.168,1.5653,1.5655,10.10,5.60
2007.09.10 18:12:20.764,1.5652,1.56545,48.70,0.80
2007.09.10 18:12:22.611,1.5652,1.5655,68.80,6.40
2007.09.10 18:12:24.127,1.5653,1.5655,0.90,0.80
2007.09.10 18:12:24.600,1.56525,1.5656,27.10,30.60
2007.09.10 18:12:24.799,1.56525,1.5656,23.10,30.20
2007.09.10 18:12:25.534,1.56525,1.5656,20.10,34.20
2007.09.10 18:12:26.151,1.5652,1.5656,47.70,34.20
2007.09.10 18:12:26.191,1.5653,1.5654,0.70,0.80
2007.09.10 18:12:26.894,1.5652,1.56545,38.50,1.60
2007.09.10 18:12:27.513,1.5652,1.56545,38.50,1.60
2007.09.10 18:12:27.992,1.5653,1.5655,0.90,0.80
2007.09.10 18:12:28.100,1.5653,1.5655,0.50,0.60
2007.09.10 18:12:28.203,1.5654,1.5655,0.80,0.70
2007.09.10 18:12:28.309,1.5654,1.5655,0.80,0.90
2007.09.10 18:12:28.420,1.5654,1.5655,0.80,0.90
2007.09.10 18:12:28.506,1.5653,1.5656,16.90,27.80
2007.09.10 18:12:28.520,1.5653,1.56555,16.90,13.60
2007.09.10 18:12:28.764,1.5654,1.56555,4.80,4.80
2007.09.10 18:12:28.933,1.5654,1.5656,4.80,19.80
2007.09.10 18:12:29.219,1.5654,1.5656,4.00,28.60
2007.09.10 18:12:29.384,1.5654,1.5655,4.00,0.80
2007.09.10 18:12:29.424,1.5654,1.5655,4.00,0.90
2007.09.10 18:12:29.461,1.5653,1.5656,12.10,28.60
2007.09.10 18:12:29.970,1.5653,1.5656,12.10,32.60
2007.09.10 18:12:30.087,1.5653,1.5656,8.10,36.60
2007.09.10 18:12:30.383,1.5653,1.5656,11.10,39.00
2007.09.10 18:12:30.709,1.5653,1.5656,19.10,39.00
2007.09.10 18:12:32.107,1.5653,1.5654,19.10,0.80
2007.09.10 18:12:32.260,1.5653,1.5654,15.10,0.80
2007.09.10 18:12:32.368,1.5653,1.5655,7.10,16.00
2007.09.10 18:12:32.727,1.5653,1.5654,7.10,0.60
2007.09.10 18:12:35.790,1.5653,1.5654,19.10,0.60
2007.09.10 18:12:35.994,1.5653,1.5656,19.10,36.60
2007.09.10 18:12:42.360,1.5654,1.5656,4.00,39.00
2007.09.10 18:12:42.407,1.5654,1.5656,4.00,28.60
2007.09.10 18:12:42.814,1.5654,1.5656,4.00,20.60
2007.09.10 18:12:43.171,1.5654,1.5656,4.80,0.50
2007.09.10 18:12:43.273,1.5654,1.5657,4.80,35.60
2007.09.10 18:12:43.444,1.5654,1.5657,4.80,40.00
2007.09.10 18:12:46.055,1.5654,1.5656,4.80,0.70
2007.09.10 18:12:46.258,1.5654,1.5656,4.80,0.70
2007.09.10 18:12:46.357,1.5654,1.5655,0.80,0.80
2007.09.10 18:12:46.407,1.5654,1.5655,0.80,0.50
2007.09.10 18:12:46.992,1.5653,1.5656,19.10,36.60
2007.09.10 18:12:48.725,1.5653,1.5656,31.90,28.60
2007.09.10 18:12:48.817,1.5654,1.5655,4.00,0.90
2007.09.10 18:12:48.966,1.5654,1.56555,4.00,1.60
2007.09.10 18:12:49.338,1.5654,1.56555,4.80,1.60
2007.09.10 18:12:49.999,1.5654,1.5656,4.80,19.00
2007.09.10 18:12:51.729,1.5654,1.56555,8.80,0.80
2007.09.10 18:12:51.785,1.5654,1.5656,8.80,11.80
2007.09.10 18:12:51.826,1.5654,1.5656,8.80,7.80
2007.09.10 18:12:52.035,1.5654,1.5656,8.90,7.80
2007.09.10 18:12:52.143,1.5654,1.5656,8.90,7.20
2007.09.10 18:12:53.566,1.5654,1.5656,10.50,7.20
2007.09.10 18:12:53.680,1.5655,1.5656,0.80,7.20
2007.09.10 18:12:54.311,1.5655,1.5656,0.80,6.40
2007.09.10 18:12:54.730,1.5655,1.5656,0.80,7.20
2007.09.10 18:12:55.096,1.5655,1.5656,0.80,6.40
2007.09.10 18:12:55.417,1.5655,1.5656,0.80,4.80
2007.09.10 18:12:55.868,1.5655,1.5657,0.80,22.40
2007.09.10 18:12:55.964,1.5655,1.5657,4.80,22.40
2007.09.10 18:12:56.049,1.5655,1.5657,4.80,18.40
2007.09.10 18:12:56.588,1.5655,1.5657,4.80,14.40
2007.09.10 18:13:01.998,1.5656,1.5657,4.80,10.40
2007.09.10 18:13:02.171,1.5656,1.5657,4.80,9.60
2007.09.10 18:13:02.385,1.5655,1.5657,16.60,9.60
2007.09.10 18:13:02.475,1.5656,1.5657,2.00,8.80
2007.09.10 18:13:02.517,1.5655,1.5657,25.40,8.00
2007.09.10 18:13:02.791,1.5655,1.5658,38.20,19.20
2007.09.10 18:13:02.899,1.5655,1.5658,38.20,15.20
2007.09.10 18:13:04.925,1.5655,1.5658,38.20,15.20
2007.09.10 18:13:06.890,1.5655,1.5658,38.20,16.00
2007.09.10 18:13:07.985,1.5657,1.5658,0.80,16.00
2007.09.10 18:13:08.120,1.5656,1.5658,11.20,15.20
2007.09.10 18:13:10.481,1.5656,1.5658,4.10,15.20
2007.09.10 18:13:12.191,1.5656,1.5658,1.80,16.00
2007.09.10 18:13:16.667,1.5655,1.5658,45.60,15.20
2007.09.10 18:13:31.552,1.5656,1.5658,11.20,14.40
2007.09.10 18:13:31.622,1.5656,1.5658,11.20,12.80
2007.09.10 18:13:31.649,1.5656,1.5658,11.20,12.00
2007.09.10 18:13:31.740,1.5656,1.5658,11.20,12.80
2007.09.10 18:13:31.868,1.5656,1.5658,15.20,0.80
2007.09.10 18:13:31.957,1.5657,1.5658,0.20,0.80
2007.09.10 18:13:33.225,1.5657,1.5658,4.10,0.80
2007.09.10 18:13:33.343,1.5658,1.5659,0.80,14.40
2007.09.10 18:13:33.715,1.5658,1.5659,0.80,10.40
2007.09.10 18:13:33.747,1.5658,1.5659,4.80,2.40
2007.09.10 18:13:34.131,1.5658,1.566,11.20,27.00
2007.09.10 18:13:34.259,1.5658,1.566,11.20,19.00
2007.09.10 18:13:34.388,1.5658,1.566,11.20,19.80
2007.09.10 18:13:34.474,1.5658,1.566,15.20,14.20
2007.09.10 18:13:34.678,1.5658,1.5659,16.00,0.10
2007.09.10 18:13:34.951,1.5658,1.5659,16.80,0.10
2007.09.10 18:13:35.003,1.5658,1.5659,17.60,0.10
2007.09.10 18:13:35.094,1.5658,1.566,17.60,8.00
2007.09.10 18:13:35.205,1.5658,1.566,16.80,8.00
2007.09.10 18:13:35.375,1.5658,1.566,16.00,8.00
2007.09.10 18:13:35.463,1.5658,1.566,15.20,8.00
2007.09.10 18:13:36.273,1.5659,1.566,5.60,5.60
2007.09.10 18:13:36.581,1.5658,1.566,16.00,5.60
2007.09.10 18:13:38.894,1.5658,1.566,15.20,5.60
2007.09.10 18:13:39.111,1.5658,1.566,11.20,10.40
2007.09.10 18:13:39.237,1.5658,1.5659,7.20,4.00
2007.09.10 18:13:39.569,1.5658,1.5659,6.40,4.00
2007.09.10 18:13:40.179,1.5658,1.5659,0.80,4.00
2007.09.10 18:13:40.281,1.5657,1.5659,15.30,4.00
2007.09.10 18:13:40.693,1.5657,1.5659,16.10,4.00
2007.09.10 18:13:43.142,1.5657,1.5659,16.00,4.80
2007.09.10 18:13:43.259,1.5657,1.5659,16.00,7.80
2007.09.10 18:13:43.692,1.5657,1.5659,16.10,7.80
2007.09.10 18:13:43.773,1.5657,1.5659,16.00,7.80
2007.09.10 18:13:44.098,1.5657,1.5659,16.00,11.80
2007.09.10 18:13:44.273,1.5657,1.5659,10.40,11.80
2007.09.10 18:13:44.391,1.5657,1.5659,8.80,11.80
2007.09.10 18:13:44.602,1.5657,1.5659,8.00,11.80
2007.09.10 18:13:45.012,1.5656,1.5659,20.90,19.80
2007.09.10 18:13:46.177,1.5657,1.5659,4.00,15.80
2007.09.10 18:13:46.254,1.5657,1.5659,9.60,15.80
2007.09.10 18:13:46.272,1.5657,1.5659,13.60,15.80
2007.09.10 18:13:46.484,1.5657,1.5659,13.60,11.80
2007.09.10 18:13:49.993,1.5657,1.5659,5.60,19.80
2007.09.10 18:13:50.132,1.5656,1.5659,20.90,19.80
2007.09.10 18:13:50.515,1.5657,1.5659,0.20,16.80
2007.09.10 18:13:50.711,1.5657,1.5659,0.20,12.80
2007.09.10 18:13:51.018,1.5656,1.5659,20.80,12.80
2007.09.10 18:13:51.041,1.5656,1.5658,28.80,0.60
2007.09.10 18:13:51.131,1.5656,1.5658,24.80,5.40
2007.09.10 18:13:51.236,1.5656,1.5658,31.80,5.40
2007.09.10 18:13:51.545,1.5656,1.5658,35.80,4.80
2007.09.10 18:13:51.657,1.5657,1.5659,4.00,16.80
2007.09.10 18:13:51.761,1.5657,1.5659,4.00,12.80
2007.09.10 18:13:51.805,1.5657,1.5658,4.00,0.80
2007.09.10 18:13:51.866,1.5657,1.5658,12.00,0.80
2007.09.10 18:13:52.003,1.5657,1.5658,12.80,0.80
2007.09.10 18:13:52.710,1.5657,1.5658,17.60,0.80
2007.09.10 18:13:52.728,1.5657,1.5658,24.00,0.06
2007.09.10 18:13:52.796,1.5658,1.5659,4.00,0.80
2007.09.10 18:13:53.445,1.5658,1.5659,10.40,0.80
2007.09.10 18:13:54.667,1.5657,1.5658,24.80,0.06
2007.09.10 18:13:55.361,1.5657,1.5658,16.00,0.06
2007.09.10 18:13:55.491,1.5657,1.5658,12.00,0.06
2007.09.10 18:13:58.721,1.5657,1.5658,6.20,0.06
2007.09.10 18:14:02.206,1.5657,1.5658,7.70,0.06
2007.09.10 18:14:02.828,1.5656,1.5658,39.80,0.06
2007.09.10 18:14:05.811,1.5657,1.5659,1.20,8.80
2007.09.10 18:14:06.652,1.56565,1.5659,27.80,8.80
2007.09.10 18:14:06.683,1.5658,1.5659,2.40,8.80
2007.09.10 18:14:06.748,1.56575,1.5659,11.20,0.80
2007.09.10 18:14:06.982,1.56575,1.5659,12.00,0.80
2007.09.10 18:14:12.238,1.56575,1.5659,12.00,4.80
2007.09.10 18:14:12.343,1.5658,1.5659,3.40,8.80
2007.09.10 18:14:12.526,1.56575,1.5659,7.20,8.80
2007.09.10 18:14:12.729,1.56575,1.5659,1.60,8.80
2007.09.10 18:14:13.653,1.56575,1.5659,2.40,8.80
2007.09.10 18:14:13.706,1.5658,1.5659,1.30,0.80
2007.09.10 18:14:13.756,1.56575,1.5659,12.00,0.80
2007.09.10 18:14:15.148,1.56575,1.566,12.00,15.20
2007.09.10 18:14:15.565,1.5658,1.566,5.10,11.20
2007.09.10 18:14:16.085,1.5658,1.5659,0.50,0.60
2007.09.10 18:14:17.135,1.5658,1.5659,2.10,4.60
2007.09.10 18:14:17.242,1.5658,1.5659,1.10,8.60
2007.09.10 18:14:17.289,1.5658,1.5659,2.30,8.60
2007.09.10 18:14:17.646,1.5658,1.5659,2.90,9.40
2007.09.10 18:14:17.691,1.5658,1.5659,0.80,9.40
2007.09.10 18:14:17.892,1.5657,1.5658,2.90,0.80
2007.09.10 18:14:18.123,1.56565,1.5658,17.40,0.80
2007.09.10 18:14:18.455,1.5657,1.5658,5.60,0.80
2007.09.10 18:14:18.613,1.56565,1.5659,13.40,13.40
2007.09.10 18:14:18.767,1.56565,1.5659,22.20,12.60
2007.09.10 18:14:18.887,1.56565,1.5659,26.20,12.60
2007.09.10 18:14:19.107,1.56565,1.5659,27.00,12.60
2007.09.10 18:14:19.390,1.56565,1.5659,27.00,8.60
2007.09.10 18:14:20.121,1.56565,1.5659,27.80,8.60
2007.09.10 18:14:20.212,1.56565,1.5659,31.80,4.60
2007.09.10 18:14:20.240,1.5658,1.5659,0.50,4.60
2007.09.10 18:14:20.525,1.5658,1.5659,2.10,0.60
2007.09.10 18:14:21.243,1.5658,1.566,1.90,14.40
2007.09.10 18:14:21.370,1.5657,1.566,41.30,14.40
2007.09.10 18:14:22.003,1.5657,1.566,39.70,13.60
2007.09.10 18:14:22.035,1.5657,1.566,39.70,13.60
2007.09.10 18:14:22.091,1.5658,1.566,5.30,13.60
2007.09.10 18:14:22.612,1.5658,1.566,6.90,13.60
2007.09.10 18:14:22.719,1.5657,1.566,41.50,16.60
2007.09.10 18:14:26.733,1.5658,1.566,2.20,13.60
2007.09.10 18:14:28.136,1.5658,1.566,13.50,12.80
2007.09.10 18:14:28.179,1.5659,1.566,0.70,8.80
2007.09.10 18:14:28.404,1.5659,1.566,0.70,12.80
2007.09.10 18:14:28.615,1.5659,1.566,0.70,8.80
2007.09.10 18:14:29.344,1.5659,1.566,4.70,0.80
2007.09.10 18:14:29.804,1.5659,1.566,10.30,0.80
2007.09.10 18:14:32.331,1.5659,1.566,9.60,0.80
2007.09.10 18:14:32.648,1.5659,1.566,5.60,8.80
2007.09.10 18:14:32.785,1.5659,1.566,5.60,13.60
2007.09.10 18:14:32.857,1.5659,1.566,5.60,17.60
2007.09.10 18:14:33.190,1.5658,1.566,11.90,17.60
2007.09.10 18:14:33.297,1.5658,1.566,11.10,17.60
2007.09.10 18:14:33.394,1.5658,1.566,11.90,17.60
2007.09.10 18:14:34.213,1.5658,1.566,11.90,16.80
2007.09.10 18:14:35.876,1.5658,1.566,12.70,16.80
2007.09.10 18:14:36.185,1.5658,1.566,13.50,16.80
2007.09.10 18:14:36.272,1.5658,1.566,12.70,16.80
2007.09.10 18:14:36.380,1.5658,1.566,13.50,16.80
2007.09.10 18:14:36.583,1.5658,1.566,13.50,12.80
2007.09.10 18:14:40.737,1.5658,1.566,13.50,8.80
2007.09.10 18:14:40.916,1.5658,1.566,6.30,8.80
2007.09.10 18:14:50.673,1.5659,1.566,0.70,8.80
2007.09.10 18:14:52.191,1.5658,1.566,16.60,8.80
2007.09.10 18:14:52.286,1.5658,1.566,28.40,0.80
2007.09.10 18:14:52.657,1.56585,1.566,15.10,0.80
2007.09.10 18:14:52.749,1.56585,1.566,15.90,0.80
2007.09.10 18:14:52.880,1.5659,1.566,8.30,0.80
2007.09.10 18:14:52.902,1.5658,1.566,35.60,0.05
2007.09.10 18:14:52.954,1.5658,1.5661,35.60,4.00
2007.09.10 18:14:53.087,1.5659,1.5661,2.70,4.00
2007.09.10 18:14:54.619,1.5658,1.5661,36.40,4.80
2007.09.10 18:14:54.803,1.5659,1.5661,1.80,8.80
2007.09.10 18:14:56.926,1.5659,1.5661,2.50,8.80
2007.09.10 18:14:57.820,1.5658,1.5661,31.90,11.80
2007.09.10 18:14:57.945,1.5658,1.5661,32.70,11.80
2007.09.10 18:14:59.708,1.5659,1.566,1.50,3.20
2007.09.10 18:14:59.906,1.5659,1.56595,7.70,0.80
2007.09.10 18:15:00.110,1.5659,1.56595,3.00,0.80
2007.09.10 18:15:00.218,1.5659,1.56595,2.30,0.80
2007.09.10 18:15:00.418,1.5658,1.5659,16.50,0.80
2007.09.10 18:15:00.523,1.5657,1.5659,24.80,0.80
2007.09.10 18:15:00.895,1.5657,1.5659,24.00,5.60
2007.09.10 18:15:00.930,1.5658,1.5659,1.30,6.40
2007.09.10 18:15:01.018,1.5656,1.5659,40.00,6.40
2007.09.10 18:15:02.266,1.5657,1.5659,8.50,6.40
2007.09.10 18:15:18.420,1.5658,1.5659,0.80,6.40
2007.09.10 18:15:18.454,1.5658,1.5659,0.80,5.60
2007.09.10 18:15:18.934,1.5658,1.5659,6.40,4.80
2007.09.10 18:15:20.596,1.5658,1.566,11.20,17.60
2007.09.10 18:15:21.014,1.5658,1.566,19.20,0.80
2007.09.10 18:15:26.546,1.5658,1.56605,20.00,0.80
2007.09.10 18:15:26.613,1.5658,1.56605,20.80,0.80
2007.09.10 18:15:26.909,1.5658,1.56605,20.00,0.80
2007.09.10 18:15:26.950,1.5658,1.56605,19.20,0.80
2007.09.10 18:15:27.005,1.5658,1.5661,20.00,13.60
2007.09.10 18:15:27.017,1.5658,1.5661,20.80,12.80
2007.09.10 18:15:27.019,1.5658,1.5661,20.00,13.60
2007.09.10 18:15:27.153,1.5658,1.5661,20.80,13.60
2007.09.10 18:15:27.171,1.5658,1.5661,21.60,12.80
2007.09.10 18:15:32.492,1.5658,1.5661,20.80,12.80
2007.09.10 18:15:32.533,1.5658,1.5661,19.20,12.80
2007.09.10 18:15:32.588,1.5658,1.5661,19.20,13.60
2007.09.10 18:15:32.768,1.5658,1.5661,19.20,14.40
2007.09.10 18:15:33.036,1.5658,1.5661,19.20,15.20
2007.09.10 18:15:33.418,1.5658,1.5661,30.20,15.20
2007.09.10 18:15:33.537,1.5658,1.5661,34.20,15.20
2007.09.10 18:15:34.793,1.5658,1.566,34.20,4.00
2007.09.10 18:15:34.877,1.5658,1.566,26.20,4.00
2007.09.10 18:15:37.777,1.5658,1.566,23.20,8.00
2007.09.10 18:15:37.864,1.5658,1.566,23.20,8.30
2007.09.10 18:15:38.189,1.5658,1.566,19.20,8.00
2007.09.10 18:15:38.281,1.5658,1.566,19.20,8.30
2007.09.10 18:15:38.424,1.5658,1.566,20.00,8.30
2007.09.10 18:15:38.723,1.5658,1.566,20.00,9.10
2007.09.10 18:15:39.321,1.5658,1.566,20.00,8.80
2007.09.10 18:15:39.743,1.5658,1.566,20.00,5.10
2007.09.10 18:15:39.844,1.5658,1.566,20.00,4.30
2007.09.10 18:15:40.268,1.5658,1.566,20.80,4.30
2007.09.10 18:15:41.530,1.5658,1.5661,20.80,25.50
2007.09.10 18:15:41.815,1.5658,1.5661,21.60,25.50
2007.09.10 18:15:46.058,1.5658,1.5661,25.60,10.50
2007.09.10 18:15:46.133,1.5658,1.5661,25.60,0.90
2007.09.10 18:15:46.493,1.5658,1.5662,32.80,34.80
2007.09.10 18:15:46.975,1.5658,1.5662,33.60,34.80
2007.09.10 18:15:47.392,1.5658,1.5662,36.00,34.80
2007.09.10 18:15:47.573,1.5659,1.5662,0.80,34.00
2007.09.10 18:15:47.952,1.5659,1.5661,0.80,0.70
2007.09.10 18:15:48.192,1.5659,1.5661,6.40,0.80
2007.09.10 18:15:48.301,1.5659,1.5661,7.20,0.50
2007.09.10 18:15:48.454,1.5659,1.5661,10.40,0.80
2007.09.10 18:15:48.547,1.5659,1.5662,10.40,30.40
2007.09.10 18:15:48.972,1.5659,1.5661,11.20,0.90
2007.09.10 18:15:49.176,1.5659,1.5662,11.20,26.40
2007.09.10 18:15:54.243,1.5659,1.5662,14.20,25.60
2007.09.10 18:15:54.361,1.5659,1.5662,22.20,25.60
2007.09.10 18:15:55.194,1.5659,1.5661,19.20,0.90
2007.09.10 18:15:55.392,1.5659,1.5661,11.20,0.80
2007.09.10 18:15:55.619,1.5659,1.5661,12.00,0.90
2007.09.10 18:15:55.696,1.566,1.5663,0.80,45.90
2007.09.10 18:15:55.879,1.566,1.5662,0.80,0.70
2007.09.10 18:15:55.922,1.566,1.5663,0.80,42.70
2007.09.10 18:15:56.199,1.566,1.5663,4.80,37.90
2007.09.10 18:15:56.234,1.566,1.5662,11.20,0.90
2007.09.10 18:15:56.296,1.566,1.5662,11.20,0.60
2007.09.10 18:15:56.709,1.566,1.5662,11.20,0.90
2007.09.10 18:15:56.944,1.566,1.5663,12.00,30.70
2007.09.10 18:15:57.968,1.566,1.5663,10.40,30.70
2007.09.10 18:15:58.062,1.566,1.5663,9.60,34.60
2007.09.10 18:15:58.668,1.566,1.5663,4.80,34.60
2007.09.10 18:15:58.693,1.566,1.5662,4.80,14.30
2007.09.10 18:15:59.668,1.566,1.5661,0.80,0.60
2007.09.10 18:15:59.741,1.566,1.5662,0.80,15.10
2007.09.10 18:16:00.213,1.5659,1.5661,12.60,0.70
2007.09.10 18:16:00.431,1.5659,1.5661,13.40,0.80
2007.09.10 18:16:00.634,1.5659,1.5662,15.80,23.10
2007.09.10 18:16:00.729,1.566,1.5662,4.00,23.10
2007.09.10 18:16:00.839,1.566,1.5661,4.80,0.60
2007.09.10 18:16:01.705,1.566,1.5661,5.60,0.60
2007.09.10 18:16:01.762,1.566,1.5662,4.80,23.10
2007.09.10 18:16:02.121,1.566,1.5662,8.80,22.30
2007.09.10 18:16:02.961,1.566,1.56625,8.80,15.10
2007.09.10 18:16:03.513,1.566,1.56625,9.60,15.10
2007.09.10 18:16:04.174,1.566,1.56625,9.60,11.10
2007.09.10 18:16:05.569,1.566,1.5662,4.00,0.70
2007.09.10 18:16:05.785,1.566,1.5662,4.00,0.70
2007.09.10 18:16:05.880,1.566,1.5662,4.00,0.70
2007.09.10 18:16:06.079,1.566,1.5662,4.00,0.50
2007.09.10 18:16:07.292,1.566,1.5662,4.00,12.70
2007.09.10 18:16:08.225,1.5659,1.5662,20.80,16.70
2007.09.10 18:16:08.446,1.5659,1.5662,21.60,16.70
2007.09.10 18:16:08.515,1.5659,1.56615,17.60,1.60
2007.09.10 18:16:08.629,1.5659,1.5661,9.60,9.60
2007.09.10 18:16:08.654,1.5659,1.5661,4.00,9.60
2007.09.10 18:16:08.722,1.5658,1.566,36.60,0.80
2007.09.10 18:16:08.834,1.5658,1.5661,39.00,10.40
2007.09.10 18:16:09.133,1.5658,1.566,36.60,0.80
2007.09.10 18:16:09.460,1.5658,1.566,32.60,0.80
2007.09.10 18:16:10.961,1.5658,1.5661,31.80,14.40
2007.09.10 18:16:11.203,1.5658,1.5661,29.40,15.20
2007.09.10 18:16:11.213,1.5658,1.566,29.40,0.70
2007.09.10 18:16:11.513,1.5658,1.56605,29.40,7.20
2007.09.10 18:16:12.275,1.5658,1.56605,26.40,7.20
2007.09.10 18:16:12.973,1.5658,1.566,18.40,0.90
2007.09.10 18:16:13.187,1.5658,1.566,6.40,11.20
2007.09.10 18:16:13.702,1.5658,1.566,6.40,17.60
2007.09.10 18:16:13.812,1.5658,1.5659,6.40,0.60
2007.09.10 18:16:13.894,1.5657,1.566,13.60,21.60
2007.09.10 18:16:16.693,1.5657,1.5659,9.60,0.80
2007.09.10 18:16:18.195,1.5658,1.56595,0.80,9.60
2007.09.10 18:16:18.574,1.5658,1.5659,0.80,0.90
2007.09.10 18:16:18.691,1.5658,1.566,4.80,32.00
2007.09.10 18:16:19.108,1.5658,1.566,10.40,28.80
2007.09.10 18:16:19.951,1.5658,1.56585,10.40,0.80
2007.09.10 18:16:20.031,1.5657,1.5658,26.20,0.80
2007.09.10 18:16:20.506,1.5657,1.5658,25.40,0.50
2007.09.10 18:16:21.101,1.5658,1.56585,5.60,1.60
2007.09.10 18:16:21.155,1.5657,1.5658,6.40,0.80
2007.09.10 18:16:21.159,1.5657,1.56575,6.40,0.80
2007.09.10 18:16:21.278,1.5657,1.56575,9.60,0.80
2007.09.10 18:16:21.485,1.5657,1.5658,4.00,3.20
2007.09.10 18:16:22.106,1.5656,1.56575,4.00,1.50
2007.09.10 18:16:23.955,1.5655,1.56575,32.60,5.50
2007.09.10 18:16:24.584,1.5655,1.56575,28.60,5.50
2007.09.10 18:16:26.509,1.5655,1.56575,31.00,5.50
2007.09.10 18:16:26.630,1.5655,1.56575,33.40,5.50
2007.09.10 18:16:26.831,1.5656,1.5657,0.80,0.60
2007.09.10 18:16:26.930,1.56555,1.5657,0.80,0.90
2007.09.10 18:16:27.345,1.5655,1.5657,33.40,0.90
2007.09.10 18:16:27.659,1.5656,1.56575,4.00,1.50
2007.09.10 18:16:28.066,1.5656,1.56575,4.00,0.80
2007.09.10 18:16:28.119,1.5656,1.5658,4.00,0.80
2007.09.10 18:16:28.175,1.5656,1.5658,4.00,24.70
2007.09.10 18:16:28.523,1.5656,1.56575,4.00,0.80
2007.09.10 18:16:28.910,1.5656,1.5658,4.80,16.00
2007.09.10 18:16:28.970,1.5656,1.56585,4.80,16.00
2007.09.10 18:16:29.031,1.5657,1.5658,4.00,0.60
2007.09.10 18:16:29.117,1.5657,1.5658,4.00,0.90
2007.09.10 18:16:29.132,1.5656,1.5657,8.80,0.80
2007.09.10 18:16:29.233,1.5656,1.5657,4.00,0.80
2007.09.10 18:16:29.377,1.5656,1.5658,4.00,21.60
2007.09.10 18:16:29.440,1.5656,1.5658,4.00,24.80
2007.09.10 18:16:29.526,1.5655,1.5658,27.20,24.80
2007.09.10 18:16:29.647,1.5655,1.5657,27.20,0.50
2007.09.10 18:16:29.739,1.5655,1.5657,22.40,0.70
2007.09.10 18:16:30.472,1.5655,1.5658,23.20,22.40
2007.09.10 18:16:30.897,1.5655,1.5657,31.20,0.90
2007.09.10 18:16:31.337,1.5655,1.5658,28.80,26.40
2007.09.10 18:16:31.610,1.5655,1.5657,29.60,0.60
2007.09.10 18:16:31.744,1.5655,1.5657,26.40,0.50
2007.09.10 18:16:31.868,1.5655,1.5657,26.40,0.90
2007.09.10 18:16:32.021,1.5656,1.5657,4.00,0.80
2007.09.10 18:16:32.172,1.5656,1.56575,4.00,2.40
2007.09.10 18:16:32.227,1.5656,1.56575,4.00,1.60
2007.09.10 18:16:32.284,1.5656,1.5658,10.40,23.20
2007.09.10 18:16:35.202,1.5656,1.5658,14.40,10.40
2007.09.10 18:16:35.252,1.5656,1.5659,14.40,32.80
2007.09.10 18:16:35.517,1.5656,1.5659,14.40,33.60
2007.09.10 18:16:36.484,1.5656,1.5659,14.40,35.20
2007.09.10 18:16:36.568,1.5656,1.5659,14.40,36.00
2007.09.10 18:16:38.152,1.5656,1.5658,14.40,0.60
2007.09.10 18:16:40.201,1.5656,1.5659,15.20,29.60
2007.09.10 18:16:40.496,1.5656,1.5658,14.40,7.20
2007.09.10 18:16:40.741,1.5656,1.5658,15.20,7.20
2007.09.10 18:16:40.917,1.5656,1.5658,23.20,6.40
2007.09.10 18:16:42.840,1.5656,1.5658,22.40,6.40
2007.09.10 18:16:43.741,1.5656,1.5658,22.40,2.40
2007.09.10 18:16:43.990,1.5656,1.5658,22.40,1.60
2007.09.10 18:16:44.452,1.5656,1.5658,26.40,1.60
2007.09.10 18:16:44.598,1.5656,1.5659,26.40,15.20
2007.09.10 18:16:44.958,1.5657,1.5659,0.80,15.20
2007.09.10 18:16:45.375,1.5658,1.5659,4.00,3.20
2007.09.10 18:16:45.394,1.5658,1.5659,4.00,2.40
2007.09.10 18:16:45.478,1.5658,1.5659,4.00,1.60
2007.09.10 18:16:45.920,1.5658,1.5659,9.60,0.80
2007.09.10 18:16:46.199,1.5658,1.5659,5.60,8.80
2007.09.10 18:16:46.540,1.5657,1.5659,9.60,8.80
2007.09.10 18:16:46.612,1.5657,1.5659,8.80,9.60
2007.09.10 18:16:46.831,1.5657,1.5659,8.80,10.40
2007.09.10 18:16:46.987,1.5657,1.5659,8.80,11.20
2007.09.10 18:16:47.038,1.5657,1.5659,8.80,15.20
2007.09.10 18:16:47.238,1.5657,1.5659,8.80,14.40
2007.09.10 18:16:47.472,1.5657,1.5658,8.80,0.80
2007.09.10 18:16:47.788,1.5657,1.5659,8.80,8.80
2007.09.10 18:16:50.868,1.5657,1.5659,9.60,8.80
2007.09.10 18:17:05.765,1.5657,1.5659,9.60,8.00
2007.09.10 18:17:08.352,1.5657,1.566,13.60,25.60
2007.09.10 18:17:08.400,1.5657,1.566,13.60,26.40
2007.09.10 18:17:08.454,1.5657,1.566,13.60,22.40
2007.09.10 18:17:08.775,1.5657,1.566,17.60,18.40
2007.09.10 18:17:10.324,1.5657,1.5661,17.60,45.00
2007.09.10 18:17:12.809,1.5657,1.5661,18.40,45.00
2007.09.10 18:17:54.094,1.56565,1.56615,5.20,0.80
2007.09.10 18:17:59.834,1.5656,1.5661,0.50,3.20
2007.09.10 18:17:59.902,1.5658,1.5661,0.80,3.20
2007.09.10 18:18:01.160,1.5656,1.5661,0.50,3.20
2007.09.10 18:18:01.292,1.5658,1.566,4.80,12.80
2007.09.10 18:18:01.388,1.5658,1.566,0.80,16.80
2007.09.10 18:18:01.447,1.56575,1.566,0.80,16.80
2007.09.10 18:18:04.656,1.5658,1.566,0.80,17.60
2007.09.10 18:18:04.671,1.5658,1.566,1.60,13.60
2007.09.10 18:18:04.764,1.5658,1.566,7.20,13.60
2007.09.10 18:18:04.787,1.5658,1.566,14.20,12.80
2007.09.10 18:18:04.891,1.5658,1.566,13.40,13.60
2007.09.10 18:18:05.163,1.5658,1.566,13.40,12.80
2007.09.10 18:18:05.188,1.5658,1.566,21.40,12.80
2007.09.10 18:18:05.618,1.5658,1.566,25.40,12.80
2007.09.10 18:18:05.673,1.5658,1.566,26.20,12.80
2007.09.10 18:18:05.709,1.5658,1.566,27.80,12.00
2007.09.10 18:18:05.838,1.5658,1.566,31.80,8.00
2007.09.10 18:18:05.946,1.5658,1.566,31.80,4.00
2007.09.10 18:18:06.262,1.5658,1.566,32.60,4.00
2007.09.10 18:18:06.280,1.5658,1.5661,32.60,22.00
2007.09.10 18:18:06.633,1.56585,1.5661,0.80,22.00
2007.09.10 18:18:07.216,1.56585,1.5661,0.80,21.60
2007.09.10 18:18:08.544,1.56585,1.5661,0.80,20.80
2007.09.10 18:18:08.599,1.5659,1.5661,0.80,20.00
2007.09.10 18:18:08.659,1.5659,1.5661,0.80,17.60
2007.09.10 18:18:08.688,1.5659,1.5661,0.80,16.80
2007.09.10 18:18:08.803,1.5659,1.5661,4.80,16.80
2007.09.10 18:18:09.046,1.5659,1.5661,4.80,12.00
2007.09.10 18:18:09.155,1.5659,1.5661,10.40,12.00
2007.09.10 18:18:09.242,1.5659,1.5661,14.40,4.00
2007.09.10 18:18:09.345,1.5659,1.5661,19.20,4.00
2007.09.10 18:18:09.439,1.5659,1.5662,19.20,21.60
2007.09.10 18:18:09.539,1.56595,1.5662,0.80,21.60
2007.09.10 18:18:09.664,1.566,1.5662,0.80,21.60
2007.09.10 18:18:13.281,1.566,1.5662,1.60,20.00
2007.09.10 18:18:16.248,1.566,1.5662,0.80,20.00
2007.09.10 18:18:16.566,1.566,1.5662,1.60,20.00
2007.09.10 18:18:16.981,1.566,1.5662,0.80,20.00
2007.09.10 18:18:17.312,1.566,1.5662,1.60,20.00
2007.09.10 18:18:17.633,1.566,1.5662,0.80,20.00
2007.09.10 18:18:17.697,1.566,1.5662,0.80,22.40
2007.09.10 18:18:17.745,1.566,1.5662,0.80,25.40
2007.09.10 18:18:17.870,1.566,1.5661,0.80,4.00
2007.09.10 18:18:19.129,1.5659,1.5661,20.80,4.00
2007.09.10 18:18:19.864,1.5659,1.5661,24.80,4.00
2007.09.10 18:18:20.183,1.5659,1.5661,25.60,4.00
2007.09.10 18:18:21.647,1.566,1.5661,0.80,4.00
2007.09.10 18:18:21.866,1.566,1.5662,4.80,27.20
2007.09.10 18:18:21.988,1.566,1.5662,5.60,27.20
2007.09.10 18:18:22.197,1.566,1.5662,6.40,19.20
2007.09.10 18:18:22.499,1.566,1.5662,12.80,17.60
2007.09.10 18:18:22.570,1.566,1.5662,16.80,17.60
2007.09.10 18:18:23.167,1.566,1.5662,16.80,13.60
2007.09.10 18:18:23.551,1.566,1.5662,17.60,13.60
2007.09.10 18:18:23.866,1.566,1.5662,17.60,8.80
2007.09.10 18:18:23.979,1.566,1.5662,17.60,9.60
2007.09.10 18:18:24.260,1.566,1.5662,28.60,13.60
2007.09.10 18:18:24.467,1.566,1.5662,27.80,13.60
2007.09.10 18:18:24.909,1.566,1.5662,27.80,14.30
2007.09.10 18:18:25.392,1.56595,1.5662,31.80,14.30
2007.09.10 18:18:25.655,1.56595,1.5662,31.80,13.50
2007.09.10 18:18:25.959,1.566,1.5662,27.80,15.90
2007.09.10 18:18:26.062,1.566,1.5662,27.80,13.50
2007.09.10 18:18:26.182,1.566,1.5662,28.60,12.80
2007.09.10 18:18:26.259,1.566,1.5662,31.00,12.80
2007.09.10 18:18:26.275,1.5661,1.5662,4.00,0.80
2007.09.10 18:18:26.673,1.5661,1.5662,9.60,0.80
2007.09.10 18:18:29.174,1.566,1.5662,35.00,0.80
2007.09.10 18:18:30.225,1.56605,1.5663,10.40,12.80
2007.09.10 18:18:30.870,1.56605,1.5663,15.20,12.80
2007.09.10 18:18:30.933,1.56605,1.5663,16.00,12.80
2007.09.10 18:18:31.245,1.566,1.5663,39.00,12.80
2007.09.10 18:18:31.935,1.566,1.5663,39.00,12.80
2007.09.10 18:18:34.110,1.5661,1.5663,3.80,15.20
2007.09.10 18:18:34.137,1.5661,1.5662,2.50,0.70
2007.09.10 18:18:34.469,1.5661,1.5663,1.30,15.20
2007.09.10 18:18:34.509,1.566,1.5663,32.40,15.20
2007.09.10 18:18:34.767,1.566,1.5663,28.00,19.20
2007.09.10 18:18:35.533,1.56605,1.5663,2.40,19.20
2007.09.10 18:18:35.681,1.56605,1.5663,1.60,16.80
2007.09.10 18:18:36.471,1.56605,1.5663,0.80,16.80
2007.09.10 18:18:37.429,1.56605,1.5663,0.80,12.80
2007.09.10 18:18:37.760,1.56605,1.5663,4.80,8.80
2007.09.10 18:18:37.864,1.56605,1.5663,5.60,8.80
2007.09.10 18:18:37.878,1.5661,1.5663,2.50,8.80
2007.09.10 18:18:38.435,1.5661,1.5663,2.20,8.80
2007.09.10 18:18:40.792,1.566,1.5663,40.00,9.60
2007.09.10 18:18:41.147,1.5661,1.5663,2.30,14.40
2007.09.10 18:18:41.250,1.5661,1.5663,1.60,16.60
2007.09.10 18:18:41.462,1.5661,1.5663,0.50,24.60
2007.09.10 18:18:41.624,1.5661,1.5663,2.80,23.80
2007.09.10 18:18:47.985,1.56605,1.5663,6.40,23.80
2007.09.10 18:18:48.222,1.5661,1.5663,2.40,23.80
2007.09.10 18:18:48.814,1.5661,1.5663,1.90,23.80
2007.09.10 18:18:50.820,1.566,1.5662,19.20,4.00
2007.09.10 18:18:50.922,1.56605,1.5662,0.80,4.70
2007.09.10 18:18:51.172,1.566,1.5662,3.60,4.70
2007.09.10 18:18:51.188,1.566,1.5662,7.30,5.50
2007.09.10 18:18:51.965,1.5659,1.5662,35.00,9.50
2007.09.10 18:18:52.285,1.5659,1.5662,39.00,9.50
2007.09.10 18:18:53.672,1.566,1.5662,5.60,9.50
2007.09.10 18:18:55.240,1.5659,1.5662,41.80,9.50
2007.09.10 18:18:56.728,1.566,1.5662,5.40,9.50
2007.09.10 18:18:57.665,1.5659,1.5662,43.40,9.50
2007.09.10 18:18:57.778,1.5659,1.5662,43.40,9.50
2007.09.10 18:19:02.539,1.5661,1.5662,4.00,5.50
2007.09.10 18:19:02.743,1.5661,1.5662,4.00,4.80
2007.09.10 18:19:05.126,1.5661,1.5662,4.00,5.50
2007.09.10 18:19:05.578,1.56605,1.5662,0.80,9.50
2007.09.10 18:19:05.631,1.566,1.5662,22.40,9.50
2007.09.10 18:19:05.742,1.566,1.5662,23.20,9.50
2007.09.10 18:19:06.176,1.566,1.5662,15.20,9.50
2007.09.10 18:19:06.308,1.566,1.5662,11.20,9.50
2007.09.10 18:19:07.542,1.56605,1.5662,0.80,9.50
2007.09.10 18:19:07.895,1.5661,1.5662,4.00,5.50
2007.09.10 18:19:09.575,1.566,1.5662,21.60,9.50
2007.09.10 18:19:10.001,1.566,1.5662,17.60,9.50
2007.09.10 18:19:10.364,1.566,1.5662,12.00,9.50
2007.09.10 18:19:10.988,1.566,1.5662,11.20,9.50
2007.09.10 18:19:16.515,1.566,1.5662,16.80,9.50
2007.09.10 18:19:17.662,1.566,1.5662,12.80,9.50
2007.09.10 18:19:25.133,1.566,1.5662,16.80,9.50
2007.09.10 18:19:25.173,1.5661,1.5662,5.60,9.50
2007.09.10 18:19:25.226,1.5661,1.5662,9.60,5.50
2007.09.10 18:19:27.826,1.5661,1.5662,4.00,5.50
2007.09.10 18:19:28.171,1.566,1.5662,16.80,9.50
2007.09.10 18:19:28.386,1.566,1.5662,12.80,9.50
2007.09.10 18:19:31.147,1.566,1.5662,16.80,9.50
2007.09.10 18:19:32.103,1.566,1.5662,12.80,9.50
2007.09.10 18:19:32.784,1.566,1.5663,12.80,29.50
2007.09.10 18:19:37.516,1.566,1.5662,12.80,10.30
2007.09.10 18:19:37.671,1.566,1.5661,12.80,0.70
2007.09.10 18:19:39.075,1.566,1.5662,12.80,10.30
2007.09.10 18:19:40.277,1.566,1.5662,12.80,9.50
2007.09.10 18:19:42.756,1.566,1.5661,12.80,0.70
2007.09.10 18:19:44.639,1.566,1.5662,12.80,9.50
2007.09.10 18:19:47.295,1.566,1.5662,12.80,12.50
2007.09.10 18:19:47.398,1.566,1.5662,12.80,9.50
2007.09.10 18:19:49.105,1.566,1.5661,12.80,0.70
2007.09.10 18:19:49.776,1.566,1.5661,12.00,0.70
2007.09.10 18:19:49.799,1.566,1.5661,11.20,0.70
2007.09.10 18:19:50.211,1.566,1.5661,4.80,0.70
2007.09.10 18:19:50.317,1.566,1.5661,5.60,0.70
2007.09.10 18:19:50.427,1.566,1.5661,4.80,0.70
2007.09.10 18:19:50.768,1.566,1.5661,4.00,0.70
2007.09.10 18:19:50.866,1.5659,1.5661,24.00,4.70
2007.09.10 18:19:50.978,1.5659,1.5661,27.20,4.70
2007.09.10 18:19:51.035,1.5659,1.5661,28.00,4.70
2007.09.10 18:19:51.505,1.5659,1.5661,20.00,4.70
2007.09.10 18:19:51.852,1.5659,1.5661,19.20,4.70
2007.09.10 18:19:52.138,1.5659,1.5661,18.40,5.50
2007.09.10 18:19:52.580,1.5659,1.5661,17.60,5.50
2007.09.10 18:19:52.621,1.5659,1.5661,16.80,5.50
2007.09.10 18:19:52.656,1.5659,1.5661,16.80,6.30
2007.09.10 18:19:52.998,1.5659,1.5661,12.00,6.30
2007.09.10 18:19:53.331,1.5659,1.5661,12.00,5.50
2007.09.10 18:19:53.391,1.5659,1.5661,12.00,6.30
2007.09.10 18:19:53.427,1.5659,1.566,12.00,0.80
2007.09.10 18:19:53.504,1.5659,1.566,12.00,0.70
2007.09.10 18:19:53.607,1.5659,1.566,8.00,0.70
2007.09.10 18:19:53.965,1.5658,1.566,17.40,0.80
2007.09.10 18:19:54.356,1.5658,1.5661,29.40,18.30
2007.09.10 18:19:54.466,1.5658,1.5661,33.40,15.10
2007.09.10 18:19:54.556,1.5658,1.5661,29.40,15.10
2007.09.10 18:19:54.902,1.5658,1.566,29.40,0.80
2007.09.10 18:19:55.092,1.5658,1.566,21.40,0.80
2007.09.10 18:19:55.197,1.5658,1.5661,21.40,15.10
2007.09.10 18:19:55.316,1.5658,1.5661,29.40,15.10
2007.09.10 18:19:55.640,1.5658,1.5661,21.40,15.10
2007.09.10 18:19:58.346,1.5658,1.5661,22.20,15.10
2007.09.10 18:20:01.201,1.5658,1.566,22.20,0.80
2007.09.10 18:20:01.298,1.5658,1.5661,22.20,15.10
2007.09.10 18:20:01.390,1.5658,1.5661,30.20,15.10
2007.09.10 18:20:02.343,1.5658,1.5661,22.20,15.10
2007.09.10 18:20:04.106,1.5658,1.566,22.20,1.60
2007.09.10 18:20:04.230,1.5658,1.566,22.20,0.80
2007.09.10 18:20:04.491,1.5658,1.56595,22.20,0.80
2007.09.10 18:20:04.824,1.5658,1.56595,15.80,0.80
2007.09.10 18:20:04.982,1.5658,1.56595,12.00,0.80
2007.09.10 18:20:05.819,1.5657,1.5659,12.00,5.60
2007.09.10 18:20:06.573,1.5657,1.5659,4.00,9.60
2007.09.10 18:20:06.801,1.5657,1.5659,4.00,13.60
2007.09.10 18:20:08.154,1.5657,1.5659,12.00,9.60
2007.09.10 18:20:08.581,1.5657,1.5659,12.00,5.60
2007.09.10 18:20:09.660,1.5657,1.5659,17.60,5.60
2007.09.10 18:20:10.772,1.5657,1.5659,17.60,5.40
2007.09.10 18:20:11.308,1.5657,1.5659,17.80,5.40
2007.09.10 18:20:15.404,1.5657,1.5659,17.80,6.20
2007.09.10 18:20:17.525,1.5657,1.5659,17.80,7.00
2007.09.10 18:20:19.351,1.5657,1.5659,17.80,6.20
2007.09.10 18:20:19.604,1.5657,1.5659,17.80,5.60
2007.09.10 18:20:20.042,1.5658,1.5659,0.80,5.60
2007.09.10 18:20:20.100,1.5658,1.5659,1.60,5.60
2007.09.10 18:20:20.144,1.5658,1.5659,0.80,5.60
2007.09.10 18:20:20.200,1.5657,1.5659,17.80,5.60
2007.09.10 18:20:20.767,1.5658,1.5659,6.40,5.60
2007.09.10 18:20:20.999,1.5658,1.5659,6.40,4.80
2007.09.10 18:20:21.219,1.5658,1.5659,6.40,0.80
2007.09.10 18:20:21.793,1.5658,1.566,6.40,32.60
2007.09.10 18:20:21.888,1.5658,1.566,1.60,32.60
2007.09.10 18:20:22.304,1.5656,1.566,43.80,30.20
2007.09.10 18:20:22.673,1.5656,1.566,44.60,27.20
2007.09.10 18:20:23.000,1.5657,1.566,4.60,19.20
2007.09.10 18:20:23.432,1.5656,1.566,52.60,15.20
2007.09.10 18:20:24.282,1.5657,1.566,2.70,18.20
2007.09.10 18:20:24.482,1.5656,1.56595,48.60,0.80
2007.09.10 18:20:25.022,1.5657,1.566,21.00,18.20
2007.09.10 18:20:25.763,1.56575,1.566,0.80,26.20
2007.09.10 18:20:25.862,1.5657,1.566,21.80,30.20
2007.09.10 18:20:25.886,1.56575,1.566,8.00,29.40
2007.09.10 18:20:25.954,1.56575,1.566,16.00,20.60
2007.09.10 18:20:26.058,1.56575,1.566,16.00,16.60
2007.09.10 18:20:26.699,1.5658,1.566,4.00,15.80
2007.09.10 18:20:26.803,1.5658,1.566,5.50,13.60
2007.09.10 18:20:27.048,1.56575,1.566,23.40,5.60
2007.09.10 18:20:27.107,1.5658,1.566,2.70,5.60
2007.09.10 18:20:27.214,1.5658,1.566,13.60,4.80
2007.09.10 18:20:27.742,1.5658,1.566,7.60,4.00
2007.09.10 18:20:27.817,1.56585,1.566,0.80,4.00
2007.09.10 18:20:28.064,1.5659,1.5661,1.40,16.70
2007.09.10 18:20:28.585,1.56585,1.5661,4.80,12.70
2007.09.10 18:20:29.117,1.56585,1.5661,5.00,12.70
2007.09.10 18:20:29.653,1.5659,1.5661,1.40,12.00
2007.09.10 18:20:29.968,1.5659,1.5661,2.90,8.00
2007.09.10 18:20:30.708,1.5659,1.5661,3.90,8.00
2007.09.10 18:20:31.012,1.56585,1.5661,14.60,4.00
2007.09.10 18:20:31.074,1.56595,1.5661,0.80,4.00
2007.09.10 18:20:31.120,1.5659,1.5662,14.60,25.60
2007.09.10 18:20:31.318,1.56595,1.5662,1.60,25.60
2007.09.10 18:20:32.236,1.56595,1.5662,1.60,17.60
2007.09.10 18:20:32.980,1.566,1.5661,0.80,4.00
2007.09.10 18:20:34.249,1.566,1.5661,0.80,4.80
2007.09.10 18:20:34.516,1.5658,1.5661,33.80,4.80
2007.09.10 18:20:34.667,1.5659,1.5661,4.80,8.80
2007.09.10 18:20:34.780,1.5658,1.5661,33.00,12.80
2007.09.10 18:20:35.833,1.5658,1.5661,33.80,12.80
2007.09.10 18:20:36.473,1.5658,1.5661,35.40,12.80
2007.09.10 18:20:38.163,1.5658,1.5661,35.20,12.80
2007.09.10 18:20:42.022,1.5658,1.5662,47.20,36.80
2007.09.10 18:20:44.356,1.5658,1.5662,32.00,37.20
2007.09.10 18:20:44.384,1.5659,1.5661,0.80,0.70
2007.09.10 18:20:44.484,1.5659,1.5661,0.90,0.90
2007.09.10 18:20:44.595,1.5659,1.5661,0.80,0.90
2007.09.10 18:20:45.420,1.5659,1.5661,0.60,0.90
2007.09.10 18:20:45.840,1.56585,1.5661,0.80,0.90
2007.09.10 18:20:46.672,1.5659,1.5661,0.20,0.60
2007.09.10 18:20:46.999,1.56585,1.5662,1.00,41.20
2007.09.10 18:20:47.851,1.56585,1.5662,5.00,30.40
2007.09.10 18:20:47.962,1.56585,1.5662,5.00,30.40
2007.09.10 18:20:48.554,1.5659,1.5661,0.70,0.80
2007.09.10 18:20:48.808,1.56585,1.56625,14.60,30.00
2007.09.10 18:20:48.903,1.5659,1.5662,0.70,0.90
2007.09.10 18:20:49.013,1.56585,1.5662,14.60,21.60
2007.09.10 18:20:49.237,1.56585,1.5662,14.40,22.40
2007.09.10 18:20:49.353,1.5659,1.5661,0.60,0.70
2007.09.10 18:20:49.451,1.56585,1.5662,6.40,24.00
2007.09.10 18:20:49.854,1.5658,1.5662,37.80,23.60
2007.09.10 18:20:49.900,1.5659,1.5661,0.80,0.90
2007.09.10 18:20:50.012,1.5659,1.56605,0.80,0.80
2007.09.10 18:20:50.115,1.5658,1.5661,29.80,9.60
2007.09.10 18:20:50.743,1.5658,1.5661,22.60,14.40
2007.09.10 18:20:51.045,1.5658,1.56605,0.80,0.80
2007.09.10 18:20:51.139,1.5658,1.566,18.60,0.80
2007.09.10 18:21:01.307,1.5658,1.566,21.60,0.80
2007.09.10 18:21:01.465,1.5659,1.566,0.20,0.80
2007.09.10 18:21:01.766,1.5658,1.566,21.60,0.80
2007.09.10 18:21:01.830,1.5658,1.56605,21.60,0.80
2007.09.10 18:21:01.997,1.5658,1.56605,29.60,0.80
2007.09.10 18:21:02.410,1.5658,1.5661,33.60,15.20
2007.09.10 18:21:02.522,1.5659,1.56605,0.20,0.80
2007.09.10 18:21:08.199,1.5658,1.5661,33.60,15.20
2007.09.10 18:21:08.298,1.5658,1.56605,33.60,1.60
2007.09.10 18:21:08.389,1.5658,1.5661,33.60,15.20
2007.09.10 18:21:08.698,1.5658,1.56605,33.60,1.60
2007.09.10 18:21:08.731,1.5658,1.56605,29.60,9.60
2007.09.10 18:21:08.836,1.5658,1.56605,17.60,9.60
2007.09.10 18:21:09.101,1.5658,1.56605,17.60,10.40
2007.09.10 18:21:09.257,1.5658,1.566,14.40,0.70
2007.09.10 18:21:09.633,1.5658,1.5661,14.40,36.20
2007.09.10 18:21:09.673,1.5658,1.5661,14.40,34.80
2007.09.10 18:21:09.872,1.5658,1.5661,14.40,40.60
2007.09.10 18:21:10.086,1.5658,1.566,10.40,0.80
2007.09.10 18:21:10.152,1.5658,1.5661,4.00,43.80
2007.09.10 18:21:10.366,1.5658,1.566,4.00,0.60
2007.09.10 18:21:10.462,1.5658,1.56595,4.00,0.80
2007.09.10 18:21:10.823,1.5657,1.566,24.20,18.20
2007.09.10 18:21:11.650,1.5657,1.5659,24.20,4.00
2007.09.10 18:21:14.208,1.5657,1.56595,24.20,0.80
2007.09.10 18:21:19.730,1.5657,1.566,24.20,12.80
2007.09.10 18:21:19.796,1.5657,1.566,24.20,13.60
2007.09.10 18:21:19.902,1.5657,1.566,24.20,14.00
2007.09.10 18:21:19.995,1.5657,1.566,24.20,13.60
2007.09.10 18:21:20.125,1.5657,1.566,24.20,14.40
2007.09.10 18:21:20.528,1.5657,1.566,24.20,14.80
2007.09.10 18:21:21.064,1.5658,1.566,6.40,14.80
2007.09.10 18:21:21.697,1.5657,1.566,29.00,14.80
2007.09.10 18:21:21.777,1.5658,1.566,4.00,17.80
2007.09.10 18:21:21.908,1.5658,1.566,4.00,27.00
2007.09.10 18:21:22.100,1.5658,1.566,4.00,22.80
2007.09.10 18:21:22.204,1.5658,1.566,4.00,14.80
2007.09.10 18:21:22.310,1.5658,1.566,4.80,14.80
2007.09.10 18:21:22.631,1.5658,1.566,4.00,14.80
2007.09.10 18:21:22.728,1.5657,1.566,35.20,14.80
2007.09.10 18:21:22.939,1.5658,1.566,0.80,14.80
2007.09.10 18:21:23.206,1.5658,1.566,7.20,14.80
2007.09.10 18:21:23.267,1.5658,1.566,11.20,13.60
2007.09.10 18:21:23.422,1.5658,1.566,11.20,12.80
2007.09.10 18:21:24.203,1.5658,1.566,11.20,12.00
2007.09.10 18:21:24.932,1.5658,1.566,11.20,11.20
2007.09.10 18:21:28.902,1.5658,1.566,14.20,11.20
2007.09.10 18:21:29.012,1.5658,1.566,14.20,10.40
2007.09.10 18:21:29.699,1.5658,1.566,15.00,10.40
2007.09.10 18:21:29.952,1.5659,1.566,0.80,10.40
2007.09.10 18:21:30.476,1.5659,1.566,0.80,6.40
2007.09.10 18:21:30.506,1.5659,1.566,0.80,5.60
2007.09.10 18:21:30.597,1.5659,1.566,6.40,4.80
2007.09.10 18:21:30.665,1.5659,1.566,10.40,0.80
2007.09.10 18:21:30.945,1.56595,1.5661,0.04,20.80
2007.09.10 18:21:31.001,1.56595,1.5661,0.04,16.00
2007.09.10 18:21:31.038,1.5661,1.56615,5.60,1.20
2007.09.10 18:21:31.491,1.5661,1.5662,5.60,19.20
2007.09.10 18:21:31.520,1.5661,1.5662,5.60,17.60
2007.09.10 18:21:31.627,1.5661,1.5662,5.60,13.60
2007.09.10 18:21:31.852,1.5661,1.5662,5.60,9.60
2007.09.10 18:21:31.947,1.56605,1.5662,0.80,9.60
2007.09.10 18:21:32.633,1.56605,1.5662,0.80,8.80
2007.09.10 18:21:32.726,1.566,1.5662,11.20,8.80
2007.09.10 18:21:32.879,1.566,1.5662,12.00,8.80
2007.09.10 18:21:33.049,1.566,1.5662,12.00,0.80
2007.09.10 18:21:33.154,1.566,1.5662,16.00,1.30
2007.09.10 18:21:33.278,1.566,1.5662,9.60,0.50
2007.09.10 18:21:33.335,1.566,1.56625,9.60,2.90
2007.09.10 18:21:33.572,1.566,1.5663,9.60,27.50
2007.09.10 18:21:33.686,1.566,1.5663,16.00,29.90
2007.09.10 18:21:34.096,1.566,1.5662,16.00,0.50
2007.09.10 18:21:34.443,1.5661,1.5663,5.60,28.30
2007.09.10 18:21:34.961,1.5661,1.5662,5.60,0.60
2007.09.10 18:21:35.244,1.5661,1.5663,5.60,20.00
2007.09.10 18:21:35.346,1.566,1.5663,16.00,0.50
2007.09.10 18:21:35.487,1.566,1.5663,15.20,22.20
2007.09.10 18:21:35.650,1.566,1.5662,16.00,0.60
2007.09.10 18:21:36.006,1.566,1.5663,20.00,22.20
2007.09.10 18:21:36.699,1.56605,1.5662,0.80,0.50
2007.09.10 18:21:36.809,1.566,1.5662,16.00,0.50
2007.09.10 18:21:36.897,1.566,1.5663,16.80,22.20
2007.09.10 18:21:37.860,1.566,1.5663,16.80,29.10
2007.09.10 18:21:37.957,1.566,1.5663,16.80,29.90
2007.09.10 18:21:37.980,1.566,1.5662,16.80,0.90
2007.09.10 18:21:38.195,1.566,1.5662,16.80,0.70
2007.09.10 18:21:38.328,1.566,1.5662,12.80,0.70
2007.09.10 18:21:38.353,1.566,1.5663,12.80,33.10
2007.09.10 18:21:39.269,1.566,1.56625,12.80,16.20
2007.09.10 18:21:39.380,1.566,1.5662,12.80,16.50
2007.09.10 18:21:39.422,1.566,1.5662,12.00,16.50
2007.09.10 18:21:39.595,1.566,1.5661,7.20,0.80
2007.09.10 18:21:40.128,1.566,1.5661,0.80,0.80
2007.09.10 18:21:40.239,1.5659,1.5662,0.80,21.30
2007.09.10 18:21:40.326,1.5658,1.566,37.40,0.50
2007.09.10 18:21:40.462,1.5658,1.5661,38.20,17.60
2007.09.10 18:21:40.526,1.56585,1.5661,0.80,17.60
2007.09.10 18:21:40.745,1.56585,1.5662,0.80,29.30
2007.09.10 18:21:41.166,1.56585,1.5661,0.80,0.90
2007.09.10 18:21:41.390,1.5659,1.5661,4.00,0.50
2007.09.10 18:21:41.618,1.5659,1.5661,4.00,13.60
2007.09.10 18:21:43.233,1.5659,1.56615,4.00,13.60
2007.09.10 18:21:43.354,1.5659,1.56615,4.00,14.40
2007.09.10 18:21:43.462,1.56585,1.566,0.80,0.50
2007.09.10 18:21:43.769,1.56585,1.566,0.80,0.60
2007.09.10 18:21:44.082,1.56585,1.5661,0.80,0.80
2007.09.10 18:21:44.235,1.56585,1.56615,0.80,9.60
2007.09.10 18:21:44.858,1.56585,1.566,0.80,0.80
2007.09.10 18:21:45.176,1.56585,1.56615,0.80,9.60
2007.09.10 18:21:45.594,1.5659,1.5661,4.00,0.50
2007.09.10 18:21:48.733,1.56585,1.566,0.80,0.90
2007.09.10 18:21:48.780,1.56585,1.566,0.80,0.60
2007.09.10 18:21:51.811,1.5658,1.566,28.00,0.60
2007.09.10 18:21:51.845,1.5658,1.5661,27.20,20.80
2007.09.10 18:21:51.952,1.5658,1.5661,28.00,20.80
2007.09.10 18:21:52.049,1.5658,1.566,28.80,0.50
2007.09.10 18:22:08.269,1.5658,1.566,31.20,5.60
2007.09.10 18:22:16.849,1.5658,1.566,32.00,4.80
2007.09.10 18:22:17.195,1.5658,1.566,29.60,4.00
2007.09.10 18:22:17.273,1.5658,1.566,33.60,4.00
2007.09.10 18:22:17.369,1.5659,1.5661,4.00,16.80
2007.09.10 18:22:17.477,1.5659,1.5661,4.00,8.80
2007.09.10 18:22:19.157,1.5659,1.5661,4.00,12.00
2007.09.10 18:22:19.176,1.5659,1.566,4.00,0.80
2007.09.10 18:22:19.241,1.56585,1.566,0.80,4.80
2007.09.10 18:22:19.436,1.5658,1.566,33.60,4.80
2007.09.10 18:22:19.443,1.5658,1.566,29.60,4.80
2007.09.10 18:22:19.483,1.5658,1.566,28.80,4.80
2007.09.10 18:22:19.578,1.5658,1.566,29.60,4.80
2007.09.10 18:22:20.894,1.5658,1.566,20.80,5.60
2007.09.10 18:22:21.091,1.5658,1.566,20.80,4.80
2007.09.10 18:22:21.307,1.5658,1.566,28.80,4.80
2007.09.10 18:22:22.351,1.5658,1.566,31.20,4.80
2007.09.10 18:22:23.664,1.5658,1.566,31.20,4.00
2007.09.10 18:22:23.694,1.5658,1.566,34.20,4.00
2007.09.10 18:22:23.802,1.5659,1.5661,4.00,17.60
2007.09.10 18:22:24.216,1.5659,1.5661,4.00,13.60
2007.09.10 18:22:24.425,1.5659,1.5661,9.60,13.60
2007.09.10 18:22:24.655,1.5659,1.5661,14.40,9.60
2007.09.10 18:22:25.146,1.5659,1.5661,15.20,9.60
2007.09.10 18:22:25.480,1.5659,1.5661,15.20,8.80
2007.09.10 18:22:25.576,1.5659,1.5661,15.20,11.20
2007.09.10 18:22:25.694,1.5659,1.5661,16.00,11.20
2007.09.10 18:22:25.720,1.5659,1.5661,16.80,11.20
2007.09.10 18:22:25.751,1.5659,1.5661,16.00,11.20
2007.09.10 18:22:25.763,1.5659,1.5661,15.20,11.20
2007.09.10 18:22:25.904,1.5659,1.5661,14.40,4.80
2007.09.10 18:22:26.017,1.5659,1.5661,23.20,4.80
2007.09.10 18:22:26.207,1.5659,1.5661,24.00,4.80
2007.09.10 18:22:26.218,1.5659,1.5661,23.20,4.80
2007.09.10 18:22:26.322,1.566,1.5662,4.00,23.70
2007.09.10 18:22:26.663,1.5659,1.5662,27.20,23.70
2007.09.10 18:22:26.736,1.56595,1.5662,4.80,19.70
2007.09.10 18:22:26.888,1.56595,1.5662,4.80,17.30
2007.09.10 18:22:26.987,1.56595,1.5662,5.60,17.30
2007.09.10 18:22:28.486,1.56595,1.5661,5.60,0.60
2007.09.10 18:22:29.302,1.5659,1.5661,31.20,4.60
2007.09.10 18:22:29.640,1.5659,1.5661,5.40,4.60
2007.09.10 18:22:29.826,1.5659,1.5661,2.90,4.60
2007.09.10 18:22:31.783,1.56585,1.5661,15.20,0.60
2007.09.10 18:22:31.919,1.5659,1.5661,1.50,0.60
2007.09.10 18:22:31.976,1.5658,1.5661,47.60,0.60
2007.09.10 18:22:32.211,1.5658,1.5662,50.00,17.30
2007.09.10 18:22:32.811,1.5658,1.5662,48.40,13.30
2007.09.10 18:22:34.029,1.5659,1.5662,27.80,13.30
2007.09.10 18:22:34.257,1.5659,1.5662,37.40,9.30
2007.09.10 18:22:34.458,1.5659,1.5662,36.60,5.30
2007.09.10 18:22:34.677,1.5659,1.5662,40.60,5.30
2007.09.10 18:22:35.091,1.566,1.5662,1.10,4.80
2007.09.10 18:22:39.724,1.566,1.5662,0.70,5.60
2007.09.10 18:22:44.778,1.566,1.5662,8.50,5.60
2007.09.10 18:22:44.959,1.5659,1.5662,42.20,5.60
2007.09.10 18:22:46.054,1.5659,1.5662,41.40,5.60
2007.09.10 18:22:46.186,1.566,1.5662,1.40,5.60
2007.09.10 18:22:50.420,1.5659,1.5662,37.60,5.60
2007.09.10 18:22:50.744,1.566,1.5662,4.20,4.80
2007.09.10 18:22:50.841,1.566,1.5662,3.90,5.60
2007.09.10 18:22:51.268,1.566,1.5662,4.60,4.00
2007.09.10 18:22:51.285,1.5659,1.5662,40.80,4.00
2007.09.10 18:22:51.535,1.56605,1.5662,0.80,4.00
2007.09.10 18:22:52.113,1.56605,1.5662,0.80,0.70
2007.09.10 18:22:52.163,1.566,1.5663,17.60,28.00
2007.09.10 18:22:52.284,1.56605,1.5662,0.80,0.60
2007.09.10 18:22:53.324,1.566,1.5662,0.80,0.70
2007.09.10 18:22:53.407,1.5659,1.5663,40.80,26.20
2007.09.10 18:22:54.673,1.5659,1.5663,37.60,36.00
2007.09.10 18:23:03.072,1.566,1.5662,16.80,0.80
2007.09.10 18:23:16.836,1.566,1.5662,17.60,0.50
2007.09.10 18:23:21.498,1.566,1.5662,17.60,4.80
2007.09.10 18:23:21.675,1.566,1.5662,17.60,4.00
2007.09.10 18:23:28.096,1.566,1.5662,16.80,4.00
2007.09.10 18:23:28.213,1.566,1.5662,16.00,12.80
2007.09.10 18:23:28.756,1.566,1.5662,16.00,13.60
2007.09.10 18:23:33.837,1.566,1.5662,16.00,5.60
2007.09.10 18:23:34.736,1.566,1.5662,16.00,4.80
2007.09.10 18:23:35.237,1.566,1.5662,7.30,4.80
2007.09.10 18:23:35.672,1.566,1.5662,2.00,5.60
2007.09.10 18:23:38.486,1.56595,1.5662,17.60,5.60
2007.09.10 18:23:38.508,1.566,1.5662,6.30,5.60
2007.09.10 18:23:38.625,1.5659,1.5662,40.80,5.60
2007.09.10 18:23:39.439,1.5659,1.5662,41.60,5.60
2007.09.10 18:23:41.049,1.566,1.5662,9.10,4.80
2007.09.10 18:23:41.696,1.566,1.5662,5.10,4.00
2007.09.10 18:23:42.826,1.566,1.5662,11.00,4.00
2007.09.10 18:23:48.490,1.566,1.5662,6.00,4.00
2007.09.10 18:23:49.310,1.5659,1.5662,37.60,4.00
2007.09.10 18:23:52.958,1.5659,1.5662,35.20,12.00
2007.09.10 18:23:53.047,1.5659,1.5662,35.20,12.80
2007.09.10 18:23:53.085,1.56595,1.5662,20.80,12.80
2007.09.10 18:23:53.479,1.566,1.5662,3.10,12.80
2007.09.10 18:23:53.493,1.56595,1.5662,16.00,13.60
2007.09.10 18:23:53.600,1.56595,1.5662,16.80,13.60
2007.09.10 18:24:02.721,1.566,1.5662,0.70,12.80
2007.09.10 18:24:03.013,1.56595,1.5662,16.80,4.80
2007.09.10 18:24:03.422,1.566,1.5662,16.80,4.80
2007.09.10 18:24:03.447,1.566,1.5662,17.60,4.80
2007.09.10 18:24:04.162,1.5661,1.5662,0.80,4.80
2007.09.10 18:24:04.402,1.5661,1.5662,0.80,4.00
2007.09.10 18:24:06.402,1.5661,1.5663,0.80,33.60
2007.09.10 18:24:12.004,1.566,1.5662,17.60,0.90
2007.09.10 18:24:31.258,1.566,1.5663,17.60,0.60
2007.09.10 18:24:31.293,1.566,1.56635,17.60,34.80
2007.09.10 18:24:31.466,1.5661,1.56635,0.80,34.80
2007.09.10 18:24:31.763,1.5661,1.5663,0.80,0.60
2007.09.10 18:24:31.989,1.56605,1.5663,0.80,0.60
2007.09.10 18:24:32.094,1.5661,1.5664,0.80,38.80
2007.09.10 18:24:32.459,1.56605,1.5664,1.60,58.00
2007.09.10 18:24:35.399,1.56605,1.5663,5.60,18.40
2007.09.10 18:24:35.605,1.56605,1.5663,5.60,16.00
2007.09.10 18:24:35.713,1.56605,1.5663,11.20,16.00
2007.09.10 18:24:36.013,1.56605,1.5663,12.00,16.00
2007.09.10 18:24:36.344,1.56605,1.5663,12.80,16.00
2007.09.10 18:24:36.642,1.5662,1.5663,0.80,16.00
2007.09.10 18:24:36.732,1.5662,1.5663,2.50,16.00
2007.09.10 18:24:36.762,1.5662,1.5663,0.70,12.00
2007.09.10 18:24:36.949,1.5662,1.5663,0.90,12.00
2007.09.10 18:24:37.076,1.5662,1.5663,1.50,4.00
2007.09.10 18:24:37.662,1.56615,1.5663,9.60,4.00
2007.09.10 18:24:38.219,1.5663,1.5664,0.80,11.00
2007.09.10 18:24:38.522,1.56615,1.5663,10.40,4.00
2007.09.10 18:24:38.642,1.5662,1.5664,1.80,9.60
2007.09.10 18:24:38.775,1.5662,1.5664,13.60,9.60
2007.09.10 18:24:38.931,1.5663,1.5664,0.80,9.60
2007.09.10 18:24:38.987,1.56625,1.5664,7.20,9.60
2007.09.10 18:24:39.105,1.5663,1.5664,0.80,8.80
2007.09.10 18:24:39.141,1.56625,1.5664,0.80,4.00
2007.09.10 18:24:39.268,1.5663,1.5665,1.30,12.40
2007.09.10 18:24:39.344,1.56625,1.5665,0.80,12.40
2007.09.10 18:24:39.593,1.56625,1.5665,1.60,12.40
2007.09.10 18:24:39.672,1.5663,1.5665,1.60,4.00
2007.09.10 18:24:39.794,1.5663,1.5666,1.60,27.20
2007.09.10 18:24:39.949,1.5663,1.5666,2.40,27.20
2007.09.10 18:24:39.999,1.5664,1.5666,3.10,19.20
2007.09.10 18:24:40.035,1.5663,1.5666,20.00,16.80
2007.09.10 18:24:40.297,1.5664,1.5666,16.00,4.80
2007.09.10 18:24:40.486,1.5664,1.5666,16.00,4.80
2007.09.10 18:24:40.820,1.5665,1.5666,3.40,0.80
2007.09.10 18:24:40.848,1.5664,1.5667,33.60,16.00
2007.09.10 18:24:40.907,1.5665,1.5667,3.40,14.40
2007.09.10 18:24:40.949,1.5665,1.5667,4.80,12.00
2007.09.10 18:24:45.267,1.5665,1.5667,13.60,12.00
2007.09.10 18:24:46.793,1.5666,1.5667,0.80,4.00
2007.09.10 18:24:46.823,1.5666,1.5668,2.20,24.60
2007.09.10 18:24:46.927,1.56655,1.5668,5.60,20.60
2007.09.10 18:24:48.028,1.56655,1.5668,12.80,15.00
2007.09.10 18:24:49.285,1.5666,1.5668,5.50,7.00
2007.09.10 18:24:49.607,1.5667,1.5668,0.80,7.00
2007.09.10 18:24:50.004,1.5666,1.5668,17.60,7.00
2007.09.10 18:24:50.227,1.5667,1.5669,4.20,33.60
2007.09.10 18:24:50.326,1.5667,1.5669,10.40,29.60
2007.09.10 18:24:50.388,1.5667,1.5669,10.40,26.40
2007.09.10 18:24:50.426,1.5666,1.5668,23.80,0.10
2007.09.10 18:24:50.597,1.5666,1.5668,27.80,0.10
2007.09.10 18:24:50.842,1.5667,1.5668,6.10,0.10
2007.09.10 18:24:51.046,1.5666,1.5669,36.60,8.00
2007.09.10 18:24:51.416,1.5667,1.5669,3.80,8.00
2007.09.10 18:24:51.507,1.5667,1.5669,16.00,8.00
2007.09.10 18:24:51.773,1.56675,1.5669,0.80,12.00
2007.09.10 18:24:51.956,1.5668,1.5669,1.50,12.00
2007.09.10 18:24:51.981,1.5668,1.5669,1.40,8.00
2007.09.10 18:24:52.148,1.5668,1.5669,1.70,8.00
2007.09.10 18:24:52.182,1.56675,1.5669,8.00,4.00
2007.09.10 18:24:52.222,1.5668,1.5669,3.50,4.00
2007.09.10 18:24:52.722,1.5667,1.567,19.20,23.30
2007.09.10 18:24:52.800,1.5667,1.567,19.20,16.30
2007.09.10 18:24:53.148,1.5668,1.567,6.00,12.00
2007.09.10 18:24:53.471,1.56675,1.567,24.80,12.00
2007.09.10 18:24:53.735,1.5668,1.567,5.10,8.00
2007.09.10 18:24:54.252,1.56675,1.567,24.80,8.00
2007.09.10 18:24:54.882,1.56675,1.567,28.80,8.00
2007.09.10 18:24:55.711,1.5668,1.567,7.20,8.00
2007.09.10 18:24:56.151,1.5668,1.567,5.50,8.80
2007.09.10 18:24:56.228,1.56675,1.567,28.80,8.80
2007.09.10 18:24:57.179,1.56675,1.567,32.80,8.80
2007.09.10 18:24:57.387,1.56675,1.567,24.80,8.80
2007.09.10 18:25:29.764,1.5668,1.5673,30.40,31.20
2007.09.10 18:25:29.793,1.5668,1.5672,30.20,21.60
2007.09.10 18:25:30.098,1.5668,1.5672,31.20,21.60
2007.09.10 18:25:30.918,1.5667,1.567,22.40,17.40
2007.09.10 18:25:31.019,1.5667,1.567,16.80,21.40
2007.09.10 18:25:31.233,1.5667,1.567,16.80,20.30
2007.09.10 18:25:31.328,1.5667,1.5671,16.80,29.60
2007.09.10 18:25:31.852,1.5667,1.5671,16.80,29.20
2007.09.10 18:25:32.057,1.5667,1.5671,12.80,29.60
2007.09.10 18:25:32.150,1.5667,1.5671,12.80,29.60
2007.09.10 18:25:32.476,1.5668,1.5671,4.00,30.00
2007.09.10 18:25:32.979,1.5668,1.5671,8.80,21.20
2007.09.10 18:25:33.088,1.5668,1.5671,12.80,21.20
2007.09.10 18:25:33.502,1.5668,1.5671,12.80,21.20
2007.09.10 18:25:36.679,1.5668,1.5669,0.80,4.00
2007.09.10 18:25:41.591,1.5667,1.5669,23.00,4.00
2007.09.10 18:25:41.884,1.5668,1.5669,4.00,4.00
2007.09.10 18:25:43.119,1.5668,1.5669,4.00,4.80
2007.09.10 18:25:43.423,1.5668,1.5669,4.00,8.80
2007.09.10 18:25:43.825,1.5668,1.5669,3.20,8.80
2007.09.10 18:25:44.739,1.5667,1.5669,15.20,8.80
2007.09.10 18:25:45.304,1.5667,1.5669,7.20,8.80
2007.09.10 18:25:45.663,1.5667,1.5669,9.60,8.80
2007.09.10 18:25:45.719,1.5667,1.5669,16.60,8.80
2007.09.10 18:25:45.770,1.5668,1.5669,3.20,8.80
2007.09.10 18:25:47.431,1.5668,1.5669,4.00,8.80
2007.09.10 18:25:51.730,1.5668,1.5669,4.80,8.80
2007.09.10 18:25:56.867,1.5668,1.5669,5.60,8.80
2007.09.10 18:26:10.358,1.5668,1.5669,5.60,8.00
2007.09.10 18:26:11.152,1.5668,1.5669,6.40,8.00
2007.09.10 18:26:11.285,1.5668,1.567,10.40,13.10
2007.09.10 18:26:12.004,1.5668,1.567,14.40,9.10
2007.09.10 18:26:12.110,1.5668,1.567,14.40,5.10
2007.09.10 18:26:15.013,1.5668,1.5669,10.40,4.00
2007.09.10 18:26:18.240,1.5668,1.5669,11.20,4.00
2007.09.10 18:26:18.335,1.5668,1.567,15.20,12.80
2007.09.10 18:26:18.460,1.5668,1.567,23.20,4.80
2007.09.10 18:26:20.190,1.5668,1.567,26.20,4.80
2007.09.10 18:26:20.308,1.5669,1.567,4.00,0.80
2007.09.10 18:26:23.575,1.5669,1.5671,9.60,20.30
2007.09.10 18:26:24.623,1.5669,1.5671,4.00,20.30
2007.09.10 18:26:25.668,1.5669,1.5671,4.80,18.70
2007.09.10 18:26:26.100,1.5669,1.5671,4.80,18.40
2007.09.10 18:26:26.495,1.5669,1.5671,8.80,6.40
2007.09.10 18:26:26.572,1.5669,1.5671,8.80,4.00
2007.09.10 18:26:26.818,1.5669,1.5672,8.80,33.10
2007.09.10 18:26:27.025,1.5669,1.5672,8.80,27.50
2007.09.10 18:26:27.061,1.5669,1.5673,8.80,46.60
2007.09.10 18:26:27.118,1.5669,1.5672,12.80,0.80
2007.09.10 18:26:27.438,1.5669,1.5673,16.80,47.20
2007.09.10 18:26:28.322,1.5669,1.5673,16.80,44.00
2007.09.10 18:26:29.020,1.5669,1.5673,22.40,38.40
2007.09.10 18:26:29.522,1.5669,1.5672,33.40,0.60
2007.09.10 18:26:36.740,1.567,1.5672,5.60,0.90
2007.09.10 18:26:37.088,1.567,1.5673,9.60,33.40
2007.09.10 18:26:37.592,1.567,1.5672,5.60,0.50
2007.09.10 18:26:37.672,1.567,1.5673,7.20,33.40
2007.09.10 18:26:37.785,1.567,1.5672,7.20,0.70
2007.09.10 18:26:39.235,1.567,1.5673,11.20,31.00
2007.09.10 18:26:39.539,1.567,1.5672,12.00,0.50
2007.09.10 18:26:39.765,1.567,1.5673,12.00,22.70
2007.09.10 18:26:39.872,1.567,1.5673,16.00,21.90
2007.09.10 18:26:40.018,1.567,1.5673,16.00,0.80
2007.09.10 18:26:41.636,1.567,1.5673,16.00,0.70
2007.09.10 18:26:45.271,1.567,1.5672,9.60,0.90
2007.09.10 18:26:45.376,1.567,1.5673,8.80,32.00
2007.09.10 18:26:45.764,1.567,1.56725,8.80,5.60
2007.09.10 18:26:45.872,1.567,1.56725,8.00,5.60
2007.09.10 18:26:45.970,1.567,1.5671,8.00,0.40
2007.09.10 18:26:46.923,1.5669,1.5671,24.00,9.90
2007.09.10 18:26:47.433,1.5669,1.5671,6.40,13.90
2007.09.10 18:26:48.398,1.5669,1.5671,0.80,16.30
2007.09.10 18:26:48.684,1.5668,1.567,24.00,0.90
2007.09.10 18:26:48.784,1.5668,1.5671,24.00,17.40
2007.09.10 18:26:48.897,1.5668,1.5671,23.20,21.10
2007.09.10 18:26:49.008,1.5668,1.5671,19.20,21.10
2007.09.10 18:26:52.494,1.5668,1.567,19.20,0.90
2007.09.10 18:26:57.153,1.5668,1.5671,19.20,21.10
2007.09.10 18:26:58.009,1.5668,1.5671,20.00,21.10
2007.09.10 18:26:58.193,1.5668,1.567,20.80,0.70
2007.09.10 18:26:58.406,1.5668,1.5671,23.80,21.90
2007.09.10 18:26:58.474,1.5668,1.567,24.60,0.80
2007.09.10 18:26:58.955,1.5669,1.5671,5.60,19.50
2007.09.10 18:27:02.447,1.5669,1.5671,6.40,15.50
2007.09.10 18:27:02.566,1.5669,1.5671,7.20,15.50
2007.09.10 18:27:02.717,1.5669,1.5671,7.20,14.70
2007.09.10 18:27:03.090,1.567,1.5671,0.80,14.10
2007.09.10 18:27:03.276,1.567,1.5671,6.40,14.10
2007.09.10 18:27:03.598,1.567,1.5671,7.20,13.90
2007.09.10 18:27:03.970,1.567,1.5671,8.00,14.10
2007.09.10 18:27:04.399,1.567,1.5671,8.80,14.20
2007.09.10 18:27:04.511,1.567,1.5671,9.60,14.20
2007.09.10 18:27:05.472,1.5671,1.5673,0.80,0.80
2007.09.10 18:27:06.159,1.5671,1.5674,0.80,40.80
2007.09.10 18:27:06.274,1.567,1.5674,32.00,39.20
2007.09.10 18:27:08.112,1.5671,1.5674,0.80,41.50
2007.09.10 18:27:08.431,1.567,1.5674,35.00,41.10
2007.09.10 18:27:08.488,1.567,1.5673,34.20,0.60
2007.09.10 18:27:08.524,1.5671,1.5673,5.60,0.60
2007.09.10 18:27:08.539,1.5671,1.5674,5.60,38.70
2007.09.10 18:27:08.932,1.567,1.5674,32.60,38.30
2007.09.10 18:27:08.955,1.567,1.5674,36.80,34.30
2007.09.10 18:27:09.233,1.567,1.5673,36.80,18.40
2007.09.10 18:27:09.302,1.567,1.5673,36.00,18.40
2007.09.10 18:27:09.369,1.567,1.5673,24.00,19.20
2007.09.10 18:27:09.476,1.567,1.5673,20.00,19.20
2007.09.10 18:27:10.601,1.567,1.5673,15.20,35.00
2007.09.10 18:27:10.668,1.567,1.5672,8.00,0.70
2007.09.10 18:27:10.926,1.567,1.5672,4.00,0.80
2007.09.10 18:27:11.285,1.567,1.5672,4.00,0.50
2007.09.10 18:27:11.351,1.5669,1.56725,26.40,16.50
2007.09.10 18:27:11.768,1.5669,1.5672,26.40,16.80
2007.09.10 18:27:12.488,1.5669,1.5672,25.60,19.80
2007.09.10 18:27:12.832,1.5669,1.5671,13.60,0.50
2007.09.10 18:27:14.129,1.5669,1.5672,21.60,28.80
2007.09.10 18:27:14.852,1.5669,1.5672,13.60,31.80
2007.09.10 18:27:14.998,1.5669,1.5672,14.40,31.80
2007.09.10 18:27:15.161,1.5669,1.5672,14.40,27.00
2007.09.10 18:27:15.785,1.5669,1.5672,17.60,20.60
2007.09.10 18:27:15.896,1.5669,1.5671,17.60,0.90
2007.09.10 18:27:15.991,1.5669,1.5672,17.60,32.60
2007.09.10 18:27:18.704,1.5669,1.567,13.60,0.40
2007.09.10 18:27:19.302,1.5669,1.567,13.60,1.10
2007.09.10 18:27:19.520,1.5669,1.567,17.60,1.10
2007.09.10 18:27:19.629,1.5669,1.567,13.60,1.10
2007.09.10 18:27:20.542,1.5669,1.567,5.60,5.10
2007.09.10 18:27:21.164,1.5669,1.567,5.60,4.30
2007.09.10 18:27:21.261,1.5669,1.567,5.60,4.00
2007.09.10 18:27:22.116,1.5669,1.5671,13.60,4.80
2007.09.10 18:27:28.096,1.5669,1.5671,14.40,4.80
2007.09.10 18:27:29.758,1.5669,1.5671,13.60,4.80
2007.09.10 18:27:30.803,1.5669,1.5671,13.60,8.60
2007.09.10 18:27:30.915,1.5669,1.5671,9.60,16.60
2007.09.10 18:27:31.014,1.5669,1.567,5.60,4.00
2007.09.10 18:27:31.112,1.5669,1.567,5.60,4.30
2007.09.10 18:27:31.823,1.5669,1.567,5.60,5.10
2007.09.10 18:27:32.437,1.5669,1.567,5.60,4.80
2007.09.10 18:27:41.062,1.5669,1.567,6.40,4.80
2007.09.10 18:27:47.136,1.5669,1.567,6.40,4.00
2007.09.10 18:27:47.159,1.5669,1.5671,18.40,4.00
2007.09.10 18:27:47.575,1.5669,1.5672,18.40,17.60
2007.09.10 18:27:47.780,1.5669,1.5672,19.20,13.60
2007.09.10 18:27:47.919,1.5669,1.5672,20.00,13.60
2007.09.10 18:27:48.365,1.5669,1.5672,20.80,13.60
2007.09.10 18:27:48.401,1.5669,1.5672,24.80,9.60
2007.09.10 18:27:49.124,1.5669,1.5672,24.80,14.40
2007.09.10 18:27:49.241,1.5669,1.5671,24.00,4.00
2007.09.10 18:27:49.395,1.5669,1.5671,23.20,4.00
2007.09.10 18:27:49.441,1.5669,1.5671,19.20,4.00
2007.09.10 18:27:49.461,1.5669,1.5671,18.40,4.00
2007.09.10 18:27:50.660,1.56685,1.5671,19.20,4.00
2007.09.10 18:28:02.740,1.56685,1.5671,21.60,4.00
2007.09.10 18:28:03.693,1.5669,1.5671,8.70,4.00
2007.09.10 18:28:04.053,1.5669,1.5672,28.60,18.40
2007.09.10 18:28:04.720,1.567,1.5672,3.40,18.40
2007.09.10 18:28:05.292,1.5669,1.5672,29.40,14.40
2007.09.10 18:28:09.739,1.5669,1.5672,38.20,18.40
2007.09.10 18:28:10.779,1.5669,1.5671,39.20,4.00
2007.09.10 18:28:11.490,1.5669,1.5671,8.80,4.00
2007.09.10 18:28:11.696,1.5669,1.5671,9.00,4.00
2007.09.10 18:28:17.185,1.5669,1.5672,21.40,20.80
2007.09.10 18:28:17.245,1.5669,1.5672,23.80,18.40
2007.09.10 18:28:17.306,1.567,1.5672,4.40,14.40
2007.09.10 18:28:18.433,1.5669,1.5672,37.40,18.40
2007.09.10 18:28:22.484,1.5669,1.5672,47.00,18.40
2007.09.10 18:28:24.241,1.5669,1.5672,43.00,14.40
2007.09.10 18:28:24.348,1.56695,1.5672,10.40,10.40
2007.09.10 18:28:24.547,1.5669,1.5672,46.60,9.60
2007.09.10 18:28:24.562,1.5669,1.5672,46.60,13.60
2007.09.10 18:28:24.636,1.56695,1.5672,22.40,13.60
2007.09.10 18:28:24.877,1.56695,1.5672,23.60,12.80
2007.09.10 18:28:24.970,1.56695,1.5672,32.40,8.00
2007.09.10 18:28:25.055,1.56695,1.5672,33.20,8.00
2007.09.10 18:28:25.073,1.567,1.5672,33.60,4.00
2007.09.10 18:28:25.169,1.567,1.5673,37.60,12.30
2007.09.10 18:28:25.385,1.567,1.5673,32.80,9.10
2007.09.10 18:28:25.489,1.567,1.5673,32.80,17.10
2007.09.10 18:28:26.082,1.567,1.5673,35.20,17.10
2007.09.10 18:28:26.211,1.567,1.5673,43.80,13.10
2007.09.10 18:28:26.273,1.567,1.5673,45.40,15.50
2007.09.10 18:28:26.328,1.567,1.5673,44.60,15.50
2007.09.10 18:28:26.583,1.567,1.5673,45.40,13.10
2007.09.10 18:28:26.954,1.567,1.5673,46.20,13.10
2007.09.10 18:28:27.144,1.567,1.5673,46.20,13.90
2007.09.10 18:28:27.660,1.567,1.5673,46.20,9.90
2007.09.10 18:28:28.701,1.567,1.5673,47.80,9.10
2007.09.10 18:28:29.168,1.5671,1.5673,13.60,9.10
2007.09.10 18:28:29.428,1.5671,1.5673,13.60,8.80
2007.09.10 18:28:29.536,1.5671,1.5673,14.40,8.00
2007.09.10 18:28:29.633,1.5671,1.5674,23.20,21.10
2007.09.10 18:28:29.747,1.56715,1.5674,11.20,17.10
2007.09.10 18:28:30.372,1.56715,1.5674,11.20,13.10
2007.09.10 18:28:30.518,1.56715,1.5674,12.00,13.10
2007.09.10 18:28:31.729,1.56715,1.5673,12.00,0.40
2007.09.10 18:28:31.953,1.56715,1.5673,11.20,0.40
2007.09.10 18:28:32.051,1.56715,1.5673,7.20,4.30
2007.09.10 18:28:32.153,1.5671,1.5673,28.80,4.30
2007.09.10 18:28:32.255,1.567,1.5672,35.80,0.80
2007.09.10 18:28:32.864,1.567,1.5672,36.60,0.80
2007.09.10 18:28:33.146,1.567,1.5672,36.60,0.80
2007.09.10 18:28:33.207,1.567,1.5673,35.80,4.30
2007.09.10 18:28:33.378,1.567,1.5673,37.40,4.30
2007.09.10 18:28:33.595,1.567,1.5673,35.80,9.10
2007.09.10 18:28:33.760,1.567,1.5673,36.60,9.10
2007.09.10 18:28:33.796,1.567,1.5673,43.00,4.30
2007.09.10 18:28:34.058,1.567,1.5673,39.80,12.30
2007.09.10 18:28:34.118,1.567,1.5673,40.20,12.30
2007.09.10 18:28:34.254,1.567,1.5673,41.80,12.30
2007.09.10 18:28:34.317,1.567,1.5673,45.00,4.30
2007.09.10 18:28:34.533,1.567,1.5673,45.80,4.30
2007.09.10 18:28:35.031,1.567,1.5673,45.40,4.30
2007.09.10 18:28:36.609,1.567,1.5673,40.60,4.30
2007.09.10 18:28:37.438,1.5671,1.5673,7.50,4.30
2007.09.10 18:28:38.275,1.5671,1.5673,7.90,4.30
2007.09.10 18:28:38.785,1.567,1.5673,39.60,4.30
2007.09.10 18:28:40.630,1.567,1.5673,55.60,4.30
2007.09.10 18:28:40.737,1.567,1.5673,36.60,8.30
2007.09.10 18:28:42.086,1.567,1.5673,37.40,8.30
2007.09.10 18:28:42.195,1.567,1.5673,37.40,4.30
2007.09.10 18:28:42.292,1.567,1.5673,36.60,4.30
2007.09.10 18:28:42.708,1.567,1.5673,36.60,8.30
2007.09.10 18:28:42.820,1.567,1.5673,37.40,8.30
2007.09.10 18:28:43.243,1.567,1.5673,39.00,4.30
2007.09.10 18:28:43.943,1.567,1.5673,38.20,4.30
2007.09.10 18:28:44.073,1.567,1.5673,38.20,4.30
2007.09.10 18:28:44.169,1.567,1.5673,36.60,8.30
2007.09.10 18:28:44.182,1.567,1.5673,35.00,8.30
2007.09.10 18:28:44.279,1.567,1.5673,31.00,12.30
2007.09.10 18:28:44.648,1.567,1.5673,31.00,12.30
2007.09.10 18:28:44.875,1.567,1.5673,31.00,14.70
2007.09.10 18:28:45.191,1.567,1.5673,31.00,12.30
2007.09.10 18:28:45.923,1.56705,1.5673,8.60,12.00
2007.09.10 18:28:46.254,1.5671,1.5673,3.40,12.00
2007.09.10 18:28:46.621,1.5671,1.5673,7.50,12.00
2007.09.10 18:28:47.020,1.567,1.5673,38.40,12.30
2007.09.10 18:28:47.168,1.5671,1.5673,6.60,8.30
2007.09.10 18:28:47.277,1.567,1.5673,40.20,8.30
2007.09.10 18:28:47.380,1.567,1.5673,45.20,8.30
2007.09.10 18:28:47.582,1.5671,1.5673,6.20,4.30
2007.09.10 18:28:47.716,1.5671,1.5673,7.30,4.00
2007.09.10 18:28:47.883,1.5671,1.5673,4.90,4.00
2007.09.10 18:28:47.909,1.5671,1.5674,21.40,23.50
2007.09.10 18:28:48.002,1.5672,1.5674,1.90,23.50
2007.09.10 18:28:48.316,1.5671,1.5674,23.00,19.50
2007.09.10 18:28:48.750,1.5671,1.5674,35.80,15.50
2007.09.10 18:28:49.246,1.5672,1.5674,0.90,15.50
2007.09.10 18:28:50.024,1.56715,1.5674,5.60,15.50
2007.09.10 18:28:51.320,1.56715,1.5674,6.40,15.50
2007.09.10 18:28:51.461,1.5672,1.5674,2.80,17.90
2007.09.10 18:28:51.950,1.56715,1.5673,0.80,4.00
2007.09.10 18:28:52.657,1.56715,1.5674,5.60,13.60
2007.09.10 18:28:52.787,1.56725,1.5674,0.80,13.60
2007.09.10 18:28:52.891,1.56715,1.5674,6.10,13.60
2007.09.10 18:28:53.246,1.56715,1.5674,6.90,12.80
2007.09.10 18:28:53.575,1.5671,1.5674,33.80,12.80
2007.09.10 18:28:54.251,1.5673,1.5674,3.20,12.80
2007.09.10 18:28:54.562,1.5673,1.5675,2.10,20.90
2007.09.10 18:28:54.633,1.56725,1.5674,6.40,4.00
2007.09.10 18:28:55.185,1.56725,1.5674,0.80,4.00
2007.09.10 18:28:55.501,1.5672,1.5674,25.60,4.00
2007.09.10 18:28:55.582,1.5672,1.5674,21.60,4.00
2007.09.10 18:28:56.092,1.5673,1.5675,4.00,17.70
2007.09.10 18:28:56.719,1.5672,1.5675,25.60,21.70
2007.09.10 18:28:56.925,1.5672,1.5675,21.60,25.70
2007.09.10 18:28:58.157,1.5672,1.5676,21.60,37.60
2007.09.10 18:28:58.589,1.5672,1.5675,21.60,28.90
2007.09.10 18:28:58.757,1.5672,1.5674,21.60,0.80
2007.09.10 18:28:58.863,1.5672,1.5675,21.60,30.00
2007.09.10 18:28:59.280,1.5672,1.5674,17.60,0.90
2007.09.10 18:29:03.853,1.5672,1.5674,17.60,0.70
2007.09.10 18:29:04.221,1.5672,1.5674,16.80,0.50
2007.09.10 18:29:06.454,1.5672,1.56745,17.60,5.90
2007.09.10 18:29:06.659,1.5672,1.56745,16.80,5.90
2007.09.10 18:29:06.716,1.5672,1.56745,16.80,6.70
2007.09.10 18:29:06.761,1.5672,1.5674,16.80,0.80
2007.09.10 18:29:06.954,1.5672,1.5674,16.80,0.80
2007.09.10 18:29:07.076,1.5672,1.5674,16.80,0.80
2007.09.10 18:29:07.282,1.5672,1.56745,16.80,22.50
2007.09.10 18:29:07.493,1.5671,1.5672,15.20,0.10
2007.09.10 18:29:07.691,1.5671,1.5672,15.20,0.10
2007.09.10 18:29:08.246,1.5672,1.5673,14.40,1.10
2007.09.10 18:29:08.417,1.5672,1.5673,6.40,8.30
2007.09.10 18:29:08.628,1.5672,1.56725,6.40,0.80
2007.09.10 18:29:08.662,1.5671,1.5673,17.60,9.10
2007.09.10 18:29:09.029,1.5671,1.5672,13.60,0.40
2007.09.10 18:29:09.282,1.5671,1.56725,8.00,1.90
2007.09.10 18:29:09.362,1.567,1.5672,20.80,0.90
2007.09.10 18:29:09.453,1.567,1.5672,18.40,0.70
2007.09.10 18:29:09.477,1.567,1.56725,18.40,6.70
2007.09.10 18:29:09.994,1.567,1.56725,18.40,5.90
2007.09.10 18:29:10.189,1.567,1.5673,19.20,31.20
2007.09.10 18:29:11.547,1.567,1.5672,20.00,0.90
2007.09.10 18:29:12.238,1.567,1.5673,19.20,30.00
2007.09.10 18:29:12.351,1.567,1.5673,20.80,30.00
2007.09.10 18:29:12.660,1.567,1.5673,20.80,26.20
2007.09.10 18:29:12.775,1.5671,1.5672,0.50,0.70
2007.09.10 18:29:13.065,1.5671,1.5674,0.50,42.40
2007.09.10 18:29:13.278,1.5671,1.5673,6.00,0.50
2007.09.10 18:29:13.479,1.5671,1.56735,6.80,27.80
2007.09.10 18:29:13.485,1.5671,1.5674,7.60,32.80
2007.09.10 18:29:13.501,1.5671,1.5674,7.60,33.80
2007.09.10 18:29:13.803,1.5671,1.5673,7.60,0.70
2007.09.10 18:29:14.261,1.5671,1.5674,6.80,34.60
2007.09.10 18:29:14.543,1.56715,1.5673,0.80,0.50
2007.09.10 18:29:15.215,1.5672,1.5674,0.80,31.80
2007.09.10 18:29:15.472,1.5672,1.5673,0.80,0.70
2007.09.10 18:29:15.569,1.56715,1.5672,0.80,0.05
2007.09.10 18:29:15.885,1.5672,1.5673,1.60,16.00
2007.09.10 18:29:15.934,1.5672,1.5674,1.60,26.40
2007.09.10 18:29:15.985,1.5672,1.5674,1.60,0.90
2007.09.10 18:29:16.470,1.5672,1.5675,7.20,31.20
2007.09.10 18:29:16.759,1.5672,1.5674,12.80,0.80
2007.09.10 18:29:17.098,1.5672,1.5675,13.60,31.20
2007.09.10 18:29:24.077,1.5672,1.5675,14.40,31.20
2007.09.10 18:29:24.147,1.5673,1.5675,0.40,30.40
2007.09.10 18:29:24.655,1.5673,1.5675,0.40,30.40
2007.09.10 18:29:24.773,1.5673,1.5675,0.40,29.40
2007.09.10 18:29:25.013,1.5673,1.5675,1.10,29.40
2007.09.10 18:29:25.807,1.5673,1.5675,5.10,24.00
2007.09.10 18:29:26.037,1.5673,1.5675,13.90,16.00
2007.09.10 18:29:26.940,1.5674,1.5675,8.00,6.40
2007.09.10 18:29:27.260,1.5674,1.5675,8.30,2.40
2007.09.10 18:29:27.351,1.5674,1.5675,9.10,2.40
2007.09.10 18:29:27.950,1.56745,1.5675,0.80,2.40
2007.09.10 18:29:28.292,1.5675,1.5676,0.40,13.60
2007.09.10 18:29:28.391,1.5675,1.5676,0.40,8.80
2007.09.10 18:29:28.779,1.5675,1.5676,4.30,8.80
2007.09.10 18:29:29.025,1.5675,1.5676,4.30,12.00
2007.09.10 18:29:29.199,1.5675,1.5676,8.30,8.00
2007.09.10 18:29:29.722,1.5675,1.5676,8.30,4.00
2007.09.10 18:29:30.425,1.56745,1.5676,9.10,4.00
2007.09.10 18:29:30.439,1.56745,1.5676,9.10,3.20
2007.09.10 18:29:30.658,1.56745,1.5676,5.10,3.20
2007.09.10 18:29:30.759,1.56745,1.5677,10.70,21.40
2007.09.10 18:29:30.768,1.56745,1.5677,10.70,17.40
2007.09.10 18:29:31.181,1.56745,1.5677,7.50,14.40
2007.09.10 18:29:31.688,1.56745,1.5677,7.50,12.00
2007.09.10 18:29:32.005,1.5675,1.5677,7.50,12.00
2007.09.10 18:29:32.620,1.56755,1.5677,7.20,12.00
2007.09.10 18:29:32.751,1.56755,1.5677,7.50,12.00
2007.09.10 18:29:32.978,1.56755,1.5678,11.50,17.60
2007.09.10 18:29:33.414,1.56755,1.5678,12.30,17.60
2007.09.10 18:29:33.724,1.5676,1.5678,13.90,17.60
2007.09.10 18:29:34.207,1.56765,1.5678,6.70,17.60
2007.09.10 18:29:34.299,1.56765,1.5678,6.40,12.80
2007.09.10 18:29:34.420,1.56765,1.5678,10.40,4.80
2007.09.10 18:29:34.691,1.56765,1.5678,11.20,4.80
2007.09.10 18:29:34.850,1.56765,1.5678,11.20,0.80
2007.09.10 18:29:34.990,1.5676,1.5678,30.70,0.80
2007.09.10 18:29:35.202,1.5676,1.5678,25.90,4.80
2007.09.10 18:29:35.304,1.5676,1.5678,25.90,8.80
2007.09.10 18:29:35.729,1.5676,1.5678,13.90,13.60
2007.09.10 18:29:35.816,1.5676,1.5678,13.90,18.40
2007.09.10 18:29:35.883,1.5675,1.5678,29.60,18.40
2007.09.10 18:29:36.119,1.5675,1.5678,29.20,19.20
2007.09.10 18:29:36.508,1.5675,1.5678,29.20,20.00
2007.09.10 18:29:37.725,1.5675,1.5678,29.20,19.20
2007.09.10 18:29:37.862,1.5675,1.5678,29.20,18.40
2007.09.10 18:29:37.942,1.5675,1.5678,29.20,19.20
2007.09.10 18:29:38.218,1.5675,1.5678,33.20,15.20
2007.09.10 18:29:38.530,1.5676,1.5678,14.70,10.40
2007.09.10 18:29:38.636,1.5676,1.5678,14.70,5.60
2007.09.10 18:29:39.881,1.5676,1.5678,15.50,5.60
2007.09.10 18:29:40.506,1.5676,1.5678,15.50,9.60
2007.09.10 18:29:40.997,1.5676,1.5678,15.50,5.60
2007.09.10 18:29:41.126,1.5676,1.5678,14.70,5.60
2007.09.10 18:29:41.242,1.5675,1.5678,37.20,5.60
2007.09.10 18:29:42.472,1.5676,1.5678,0.80,4.80
2007.09.10 18:29:42.686,1.5676,1.5678,6.70,4.80
2007.09.10 18:29:42.886,1.5677,1.5678,1.80,4.80
2007.09.10 18:29:42.978,1.5676,1.5678,19.50,4.80
2007.09.10 18:29:43.201,1.5677,1.5678,2.80,4.00
2007.09.10 18:29:43.835,1.5677,1.5678,0.90,4.00
2007.09.10 18:29:44.011,1.5676,1.5678,25.10,4.00
2007.09.10 18:29:44.446,1.5678,1.5679,1.70,26.40
2007.09.10 18:29:45.076,1.5678,1.5679,0.90,26.40
2007.09.10 18:29:45.093,1.56775,1.5679,12.00,20.80
2007.09.10 18:29:45.246,1.56775,1.5679,12.50,20.80
2007.09.10 18:29:45.284,1.5678,1.5679,13.10,20.80
2007.09.10 18:29:45.481,1.5678,1.568,19.20,20.80
2007.09.10 18:29:45.585,1.5678,1.568,19.20,16.80
2007.09.10 18:29:45.813,1.5679,1.568,3.20,8.80
2007.09.10 18:29:46.018,1.5679,1.568,2.50,4.00
2007.09.10 18:29:46.078,1.5679,1.568,2.40,4.80
2007.09.10 18:29:46.686,1.5678,1.568,32.00,4.00
2007.09.10 18:29:47.540,1.5678,1.5681,32.60,8.80
2007.09.10 18:29:48.038,1.5679,1.568,1.80,0.80
2007.09.10 18:29:48.487,1.5678,1.568,28.00,4.80
2007.09.10 18:29:48.953,1.5677,1.568,43.20,4.00
2007.09.10 18:29:49.148,1.56775,1.568,22.10,4.00
2007.09.10 18:29:49.242,1.5678,1.568,5.60,4.80
2007.09.10 18:29:49.614,1.56775,1.568,22.90,4.80
2007.09.10 18:29:49.862,1.5679,1.568,2.80,4.80
2007.09.10 18:29:51.371,1.5678,1.568,31.20,0.80
2007.09.10 18:29:51.467,1.5678,1.568,36.00,0.80
2007.09.10 18:29:51.488,1.5678,1.5679,9.00,4.80
2007.09.10 18:29:53.663,1.5677,1.5679,6.80,4.80
2007.09.10 18:29:53.689,1.5677,1.5679,7.20,4.80
2007.09.10 18:29:54.087,1.56765,1.5678,20.80,0.80
2007.09.10 18:29:54.288,1.56765,1.5678,16.40,0.80
2007.09.10 18:29:54.373,1.5677,1.5678,4.40,0.80
2007.09.10 18:29:54.574,1.56765,1.5678,6.80,4.80
2007.09.10 18:29:56.500,1.5677,1.5678,2.40,4.80
2007.09.10 18:29:56.647,1.5676,1.5678,45.00,4.00
2007.09.10 18:29:56.855,1.5678,1.5679,2.70,4.80
2007.09.10 18:29:56.871,1.5677,1.5678,7.00,4.00
2007.09.10 18:29:56.970,1.5677,1.5678,11.90,4.00
2007.09.10 18:29:57.060,1.5678,1.5679,3.50,8.00
2007.09.10 18:29:57.360,1.5678,1.5679,0.70,8.00
2007.09.10 18:29:57.592,1.56775,1.5678,4.00,0.05
2007.09.10 18:29:57.695,1.56775,1.5679,8.00,12.00
2007.09.10 18:29:57.803,1.56775,1.5679,8.80,8.00
2007.09.10 18:29:57.909,1.56775,1.5679,8.80,4.00
2007.09.10 18:29:59.404,1.56775,1.568,12.80,16.80
2007.09.10 18:29:59.645,1.56775,1.568,12.80,12.80
2007.09.10 18:30:00.097,1.5678,1.568,3.90,8.80
2007.09.10 18:30:00.679,1.56775,1.568,12.80,9.60
2007.09.10 18:30:01.112,1.56775,1.568,12.80,8.80
2007.09.10 18:30:02.522,1.5678,1.568,4.80,8.80
2007.09.10 18:30:04.313,1.56775,1.568,20.00,8.80
2007.09.10 18:30:04.452,1.5678,1.568,2.60,8.80
2007.09.10 18:30:05.375,1.56775,1.568,31.00,8.80
2007.09.10 18:30:06.389,1.5678,1.568,2.50,8.80
2007.09.10 18:30:07.211,1.5678,1.568,1.60,8.80
2007.09.10 18:30:07.372,1.5678,1.568,1.90,8.80
2007.09.10 18:30:07.791,1.56775,1.568,19.00,8.80
2007.09.10 18:30:07.946,1.56775,1.568,27.00,8.80
2007.09.10 18:30:08.052,1.5678,1.568,6.70,8.80
2007.09.10 18:30:08.168,1.56775,1.568,27.00,8.80
2007.09.10 18:30:08.251,1.5678,1.568,5.00,8.80
2007.09.10 18:30:08.666,1.56775,1.568,27.00,8.80
2007.09.10 18:30:09.178,1.5678,1.568,5.50,8.80
2007.09.10 18:30:12.600,1.5678,1.568,22.20,8.80
2007.09.10 18:30:12.814,1.5678,1.568,18.20,8.80
2007.09.10 18:30:15.823,1.5678,1.568,15.20,8.80
2007.09.10 18:30:16.035,1.5678,1.568,7.20,8.80
2007.09.10 18:30:16.581,1.5678,1.568,7.20,10.00
2007.09.10 18:30:16.974,1.5678,1.568,7.20,10.80
2007.09.10 18:30:17.317,1.5678,1.568,6.40,10.80
2007.09.10 18:30:17.733,1.5677,1.568,27.60,10.80
2007.09.10 18:30:18.141,1.5677,1.5678,27.60,0.80
2007.09.10 18:30:18.185,1.5677,1.5678,26.80,0.80
2007.09.10 18:30:18.357,1.5677,1.568,21.20,13.20
2007.09.10 18:30:18.531,1.5677,1.5679,16.40,4.80
2007.09.10 18:30:19.230,1.5677,1.5679,8.00,9.60
2007.09.10 18:30:19.337,1.5677,1.5679,8.00,8.80
2007.09.10 18:30:19.442,1.5676,1.5678,38.20,4.00
2007.09.10 18:30:19.541,1.5677,1.5679,4.00,8.80
2007.09.10 18:30:19.649,1.5677,1.5679,4.00,12.80
2007.09.10 18:30:20.121,1.5677,1.5679,6.40,12.80
2007.09.10 18:30:20.224,1.5677,1.5679,14.40,12.80
2007.09.10 18:30:20.315,1.5678,1.5679,5.60,12.80
2007.09.10 18:30:20.487,1.5678,1.5679,5.60,12.00
2007.09.10 18:30:21.364,1.5677,1.5679,18.20,12.00
2007.09.10 18:30:21.835,1.5677,1.5679,27.00,8.00
2007.09.10 18:30:22.563,1.5677,1.5679,39.00,4.00
2007.09.10 18:30:22.978,1.5677,1.568,39.80,18.80
2007.09.10 18:30:23.387,1.5677,1.568,39.80,14.80
2007.09.10 18:30:24.923,1.5677,1.568,40.60,14.80
2007.09.10 18:30:25.650,1.5678,1.568,1.40,14.80
2007.09.10 18:30:25.766,1.5678,1.5679,0.80,4.00
2007.09.10 18:30:26.287,1.56765,1.5679,16.00,4.00
2007.09.10 18:30:26.393,1.56765,1.5679,15.20,4.00
2007.09.10 18:30:26.583,1.5677,1.5679,7.40,4.80
2007.09.10 18:30:28.368,1.56765,1.5679,14.40,4.80
2007.09.10 18:30:28.864,1.5677,1.5679,1.40,8.80
2007.09.10 18:30:34.721,1.56765,1.5679,4.80,8.80
2007.09.10 18:30:34.967,1.56765,1.5678,4.80,0.80
2007.09.10 18:30:35.122,1.56765,1.5678,4.80,1.60
2007.09.10 18:30:35.627,1.5677,1.5678,2.40,2.40
2007.09.10 18:30:35.845,1.5677,1.56775,1.30,0.80
2007.09.10 18:30:35.856,1.5677,1.5678,0.70,2.40
2007.09.10 18:30:35.894,1.5677,1.5678,1.10,6.40
2007.09.10 18:30:35.976,1.5676,1.5677,21.30,0.80
2007.09.10 18:30:36.145,1.5675,1.5676,9.60,0.80
2007.09.10 18:30:36.405,1.5677,1.56775,0.10,0.80
2007.09.10 18:30:36.635,1.5676,1.5677,3.10,0.80
2007.09.10 18:30:36.645,1.5675,1.5676,28.20,1.60
2007.09.10 18:30:36.827,1.5675,1.5676,8.90,1.60
2007.09.10 18:30:37.131,1.5674,1.5676,32.00,1.60
2007.09.10 18:30:37.214,1.5675,1.56755,2.00,0.80
2007.09.10 18:30:37.385,1.5674,1.5676,32.00,0.80
2007.09.10 18:30:37.658,1.5674,1.5676,27.20,5.00
2007.09.10 18:30:38.098,1.5675,1.5676,1.00,5.80
2007.09.10 18:30:38.209,1.5675,1.5676,2.30,7.40
2007.09.10 18:30:38.273,1.5674,1.5676,20.00,7.40
2007.09.10 18:30:38.457,1.5674,1.5676,20.00,8.20
2007.09.10 18:30:38.495,1.5675,1.5676,3.00,16.20
2007.09.10 18:30:38.510,1.5675,1.5676,1.10,14.60
2007.09.10 18:30:38.701,1.5674,1.5675,18.10,0.20
2007.09.10 18:30:38.802,1.5674,1.5675,17.40,0.05
2007.09.10 18:30:39.207,1.5674,1.5675,8.70,4.00
2007.09.10 18:30:39.627,1.5674,1.5675,9.40,8.00
2007.09.10 18:30:39.639,1.5673,1.5675,18.20,8.00
2007.09.10 18:30:39.948,1.5673,1.5675,7.20,8.00
2007.09.10 18:30:40.157,1.5673,1.5675,9.50,8.00
2007.09.10 18:30:40.261,1.56725,1.5675,24.60,8.00
2007.09.10 18:30:40.712,1.56725,1.5675,19.00,8.00
2007.09.10 18:30:41.110,1.56725,1.5675,24.60,8.00
2007.09.10 18:30:41.622,1.56725,1.5675,25.40,8.00
2007.09.10 18:30:42.249,1.56725,1.5675,29.40,4.00
2007.09.10 18:30:42.525,1.56725,1.5675,33.40,4.00
2007.09.10 18:30:43.556,1.56725,1.5675,30.40,4.00
2007.09.10 18:30:43.977,1.5672,1.5675,45.40,4.00
2007.09.10 18:30:44.063,1.5673,1.5675,1.50,4.00
2007.09.10 18:30:45.545,1.5672,1.5676,44.60,26.60
2007.09.10 18:30:47.189,1.5672,1.56755,44.40,4.80
2007.09.10 18:30:47.396,1.5672,1.56755,45.40,4.80
2007.09.10 18:30:47.820,1.5673,1.5675,0.60,0.70
2007.09.10 18:30:47.975,1.5673,1.5675,0.60,0.90
2007.09.10 18:30:50.055,1.5673,1.5675,0.90,0.50
2007.09.10 18:30:50.172,1.56725,1.5676,28.60,16.20
2007.09.10 18:30:50.275,1.5673,1.5675,0.80,0.90
2007.09.10 18:30:50.381,1.56725,1.5676,17.60,31.20
2007.09.10 18:30:51.207,1.5673,1.5675,17.60,0.50
2007.09.10 18:30:51.643,1.5673,1.5676,13.60,34.40
2007.09.10 18:30:52.145,1.5673,1.5676,17.60,34.40
2007.09.10 18:30:57.822,1.5673,1.56755,17.40,5.60
2007.09.10 18:30:59.121,1.5673,1.5675,17.40,8.00
2007.09.10 18:30:59.356,1.5673,1.5674,17.40,0.70
2007.09.10 18:30:59.681,1.5673,1.5674,17.40,0.70
2007.09.10 18:30:59.819,1.5673,1.5675,13.40,15.00
2007.09.10 18:30:59.934,1.5673,1.5674,13.40,0.60
2007.09.10 18:31:00.317,1.5673,1.5675,5.40,26.60
2007.09.10 18:31:00.704,1.56725,1.5675,4.80,29.80
2007.09.10 18:31:00.727,1.56725,1.5674,4.80,0.80
2007.09.10 18:31:00.852,1.56735,1.5674,0.80,0.60
2007.09.10 18:31:00.946,1.5674,1.5675,4.30,6.40
2007.09.10 18:31:01.206,1.5674,1.5676,4.30,28.80
2007.09.10 18:31:01.255,1.5674,1.5675,8.30,0.50
2007.09.10 18:31:01.363,1.5674,1.5676,8.30,9.00
2007.09.10 18:31:01.512,1.5674,1.5675,16.10,0.60
2007.09.10 18:31:01.564,1.5675,1.5677,0.50,0.90
2007.09.10 18:31:01.619,1.5675,1.5678,5.90,24.80
2007.09.10 18:31:02.092,1.5675,1.5678,17.90,24.00
2007.09.10 18:31:02.506,1.5675,1.5678,21.90,12.00
2007.09.10 18:31:03.016,1.5675,1.5677,17.90,0.60
2007.09.10 18:31:03.125,1.5675,1.56785,17.90,16.00
2007.09.10 18:31:04.255,1.5675,1.5678,17.90,0.50
2007.09.10 18:31:04.331,1.5675,1.56785,18.10,18.40
2007.09.10 18:31:04.482,1.5675,1.5678,18.10,0.80
2007.09.10 18:31:04.580,1.5675,1.56785,18.10,29.40
2007.09.10 18:31:04.693,1.5675,1.56785,22.10,25.40
2007.09.10 18:31:06.318,1.5675,1.5678,18.10,0.90
2007.09.10 18:31:06.902,1.5675,1.56785,18.10,31.80
2007.09.10 18:31:09.686,1.5675,1.56785,18.10,33.40
2007.09.10 18:31:10.616,1.5675,1.56785,18.10,31.00
2007.09.10 18:31:10.687,1.5675,1.5677,17.60,0.30
2007.09.10 18:31:10.710,1.5675,1.5677,12.00,3.40
2007.09.10 18:31:10.808,1.5675,1.5677,12.00,4.20
2007.09.10 18:31:10.923,1.5675,1.5677,12.00,5.00
2007.09.10 18:31:11.318,1.5675,1.56765,12.00,8.00
2007.09.10 18:31:11.427,1.5675,1.5676,4.00,10.30
2007.09.10 18:31:11.852,1.5674,1.5675,8.80,0.50
2007.09.10 18:31:12.054,1.5674,1.5676,7.20,15.20
2007.09.10 18:31:13.473,1.5674,1.5676,6.40,15.20
2007.09.10 18:31:13.572,1.5674,1.56765,14.40,7.20
2007.09.10 18:31:17.552,1.5674,1.56765,13.60,7.20
2007.09.10 18:31:22.790,1.5674,1.56765,21.60,7.20
2007.09.10 18:31:23.417,1.5674,1.56765,13.60,7.20
2007.09.10 18:31:24.352,1.5674,1.5676,13.60,7.20
2007.09.10 18:31:24.847,1.5674,1.5676,9.60,11.20
2007.09.10 18:31:24.958,1.5674,1.5676,5.60,11.20
2007.09.10 18:31:25.380,1.5673,1.5676,27.20,14.40
2007.09.10 18:31:25.689,1.5674,1.5676,0.80,12.00
2007.09.10 18:31:25.712,1.5674,1.5676,0.80,24.00
2007.09.10 18:31:25.890,1.5674,1.56765,8.80,20.00
2007.09.10 18:31:25.985,1.5674,1.5676,9.60,0.70
2007.09.10 18:31:26.258,1.5674,1.5676,13.60,0.60
2007.09.10 18:31:26.526,1.5674,1.5677,13.60,35.80
2007.09.10 18:31:26.622,1.5674,1.5677,21.60,30.60
2007.09.10 18:31:26.712,1.5674,1.5676,17.60,0.60
2007.09.10 18:31:26.759,1.5674,1.5677,23.20,21.80
2007.09.10 18:31:27.137,1.5674,1.5677,22.40,21.80
2007.09.10 18:31:27.269,1.5674,1.5676,26.40,0.60
2007.09.10 18:31:27.512,1.5674,1.5676,24.80,0.80
2007.09.10 18:31:27.891,1.5674,1.56775,28.80,14.60
2007.09.10 18:31:28.566,1.5675,1.56775,4.80,14.60
2007.09.10 18:31:29.111,1.5675,1.5677,9.60,0.70
2007.09.10 18:31:29.636,1.5675,1.5677,9.60,0.60
2007.09.10 18:31:30.746,1.5675,1.5677,8.80,0.80
2007.09.10 18:31:34.730,1.5675,1.56775,8.80,16.20
2007.09.10 18:31:35.540,1.5675,1.5677,8.80,0.60
2007.09.10 18:31:36.352,1.5675,1.5677,9.60,0.80
2007.09.10 18:31:37.486,1.5675,1.5678,9.60,35.20
2007.09.10 18:31:41.709,1.5675,1.5677,9.60,0.90
2007.09.10 18:31:42.797,1.5675,1.5677,12.60,12.00
2007.09.10 18:31:43.812,1.5675,1.5677,20.60,12.00
2007.09.10 18:31:47.348,1.5675,1.5677,12.60,12.00
2007.09.10 18:31:55.309,1.5675,1.5677,20.60,12.00
2007.09.10 18:32:01.240,1.5675,1.5677,21.40,12.00
2007.09.10 18:32:01.463,1.5675,1.5677,22.20,12.00
2007.09.10 18:32:01.905,1.5675,1.5677,14.20,12.00
2007.09.10 18:32:02.134,1.5675,1.5677,15.00,12.00
2007.09.10 18:32:02.855,1.5675,1.5677,15.00,12.20
2007.09.10 18:32:02.967,1.5675,1.5677,15.00,12.00
2007.09.10 18:32:04.024,1.5675,1.5678,15.00,26.40
2007.09.10 18:32:05.276,1.5674,1.5678,53.90,38.40
2007.09.10 18:32:05.365,1.5674,1.5678,53.90,26.60
2007.09.10 18:32:06.604,1.5674,1.5678,53.90,26.40
2007.09.10 18:32:15.537,1.56745,1.5678,11.00,32.00
2007.09.10 18:32:21.938,1.56745,1.5678,19.00,32.00
2007.09.10 18:32:22.139,1.5675,1.5678,19.00,32.00
2007.09.10 18:32:22.437,1.5675,1.5678,19.80,32.00
2007.09.10 18:32:22.541,1.5675,1.5678,20.60,32.00
2007.09.10 18:32:22.684,1.5675,1.5678,22.20,29.60
2007.09.10 18:32:22.764,1.5675,1.5678,33.90,16.00
2007.09.10 18:32:22.853,1.5675,1.5678,29.90,12.10
2007.09.10 18:32:22.907,1.56765,1.5677,0.80,0.10
2007.09.10 18:32:23.479,1.5676,1.5679,20.80,20.40
2007.09.10 18:32:24.212,1.5676,1.5679,30.90,15.20
2007.09.10 18:32:24.505,1.5676,1.5679,33.30,16.00
2007.09.10 18:32:24.631,1.5676,1.5679,33.30,16.80
2007.09.10 18:32:24.772,1.5676,1.5679,41.60,16.00
2007.09.10 18:32:25.749,1.5676,1.5679,36.80,17.60
2007.09.10 18:32:26.434,1.5676,1.5679,39.20,15.20
2007.09.10 18:32:26.671,1.56765,1.568,4.80,37.00
2007.09.10 18:32:27.203,1.56765,1.5679,4.80,14.40
2007.09.10 18:32:27.335,1.56765,1.568,8.80,37.00
2007.09.10 18:32:28.239,1.56765,1.568,12.80,51.40
2007.09.10 18:32:28.501,1.56765,1.568,4.80,37.00
2007.09.10 18:32:30.738,1.56765,1.568,4.80,37.00
2007.09.10 18:32:32.262,1.5676,1.568,36.60,38.80
2007.09.10 18:32:32.692,1.5677,1.5679,4.00,0.60
2007.09.10 18:32:40.136,1.5677,1.568,4.00,36.80
2007.09.10 18:32:40.186,1.5678,1.568,0.80,34.40
2007.09.10 18:32:40.244,1.5678,1.568,0.80,33.80
2007.09.10 18:32:40.539,1.5678,1.5679,1.60,0.80
2007.09.10 18:32:40.657,1.5678,1.568,8.80,29.00
2007.09.10 18:32:40.747,1.5678,1.568,12.00,21.00
2007.09.10 18:32:41.072,1.5678,1.568,13.60,0.80
2007.09.10 18:32:41.478,1.5678,1.568,18.40,0.70
2007.09.10 18:32:41.654,1.5678,1.568,22.40,0.60
2007.09.10 18:32:41.838,1.56785,1.5681,0.80,32.80
2007.09.10 18:32:42.132,1.56785,1.5681,0.80,29.60
2007.09.10 18:32:42.212,1.56785,1.5681,0.80,30.20
2007.09.10 18:32:42.312,1.56785,1.568,0.80,0.60
2007.09.10 18:32:42.411,1.56785,1.5681,0.80,30.20
2007.09.10 18:32:42.533,1.56785,1.568,0.80,0.50
2007.09.10 18:32:42.779,1.56785,1.5681,0.80,13.60
2007.09.10 18:32:42.835,1.5679,1.5682,4.00,38.60
2007.09.10 18:32:43.459,1.5679,1.5681,7.00,0.90
2007.09.10 18:32:43.574,1.5679,1.5682,7.00,37.80
2007.09.10 18:32:43.618,1.568,1.5681,0.80,0.90
2007.09.10 18:32:43.693,1.568,1.5682,1.60,26.00
2007.09.10 18:32:43.881,1.568,1.5682,1.60,23.60
2007.09.10 18:32:43.940,1.568,1.5682,1.60,28.40
2007.09.10 18:32:44.073,1.568,1.5681,1.60,0.50
2007.09.10 18:32:44.123,1.568,1.5681,0.80,0.80
2007.09.10 18:32:44.492,1.568,1.5681,4.80,0.70
2007.09.10 18:32:44.591,1.568,1.5681,8.80,0.70
2007.09.10 18:32:45.238,1.568,1.5681,8.00,0.50
2007.09.10 18:32:45.414,1.568,1.5681,4.80,0.60
2007.09.10 18:32:45.518,1.568,1.5681,4.00,9.60
2007.09.10 18:32:45.722,1.5679,1.5681,9.60,9.70
2007.09.10 18:32:46.138,1.5679,1.568,8.00,0.10
2007.09.10 18:32:46.901,1.5679,1.56815,8.00,7.20
2007.09.10 18:32:46.992,1.5679,1.5681,11.00,0.90
2007.09.10 18:32:47.090,1.5679,1.56815,11.80,7.20
2007.09.10 18:32:47.205,1.5679,1.56815,19.80,7.20
2007.09.10 18:32:47.328,1.5679,1.5681,20.60,0.50
2007.09.10 18:32:47.564,1.568,1.56815,0.80,7.20
2007.09.10 18:32:48.233,1.5679,1.56815,20.60,7.20
2007.09.10 18:32:48.316,1.5679,1.5681,26.20,0.60
2007.09.10 18:32:48.416,1.5679,1.5682,20.60,29.20
2007.09.10 18:32:49.900,1.5679,1.5681,17.60,0.50
2007.09.10 18:32:50.003,1.5679,1.5681,9.60,0.60
2007.09.10 18:32:50.291,1.5679,1.5681,9.60,0.90
2007.09.10 18:32:51.251,1.56785,1.5682,10.40,37.20
2007.09.10 18:32:51.518,1.56785,1.5682,10.40,43.60
2007.09.10 18:32:55.683,1.56785,1.5682,14.40,37.20
2007.09.10 18:32:56.298,1.56785,1.5682,21.40,33.20
2007.09.10 18:32:56.392,1.56785,1.5682,29.40,29.20
2007.09.10 18:32:57.018,1.5679,1.5682,25.40,29.20
2007.09.10 18:32:57.125,1.5679,1.5682,26.20,30.00
2007.09.10 18:32:57.344,1.56785,1.5682,34.20,24.40
2007.09.10 18:32:57.747,1.56785,1.5682,34.20,21.20
2007.09.10 18:32:57.839,1.56785,1.5682,30.20,21.20
2007.09.10 18:32:58.036,1.56785,1.5682,30.20,20.40
2007.09.10 18:32:58.154,1.56785,1.5682,32.60,21.20
2007.09.10 18:32:58.880,1.56785,1.5682,36.60,21.20
2007.09.10 18:32:59.699,1.56785,1.5682,34.20,20.40
2007.09.10 18:33:00.325,1.5679,1.5683,31.20,45.20
2007.09.10 18:33:00.369,1.5679,1.5683,34.40,41.20
2007.09.10 18:33:00.429,1.5679,1.5683,34.40,40.40
2007.09.10 18:33:01.062,1.56795,1.5683,13.60,39.20
2007.09.10 18:33:01.495,1.56795,1.5683,14.40,40.00
2007.09.10 18:33:01.679,1.56795,1.5682,14.40,10.40
2007.09.10 18:33:02.204,1.56795,1.5682,10.40,15.20
2007.09.10 18:33:02.383,1.56795,1.5682,6.40,18.20
2007.09.10 18:33:02.494,1.56795,1.568,1.80,0.80
2007.09.10 18:33:02.713,1.56795,1.5682,2.40,31.40
2007.09.10 18:33:03.168,1.56795,1.5682,2.40,37.60
2007.09.10 18:33:03.232,1.56795,1.568,0.80,0.20
2007.09.10 18:33:03.529,1.56795,1.568,0.80,0.80
2007.09.10 18:33:03.644,1.56795,1.568,0.80,0.90
2007.09.10 18:33:04.716,1.5678,1.5681,30.40,16.20
2007.09.10 18:33:05.040,1.5678,1.5681,31.20,16.20
2007.09.10 18:33:05.167,1.5678,1.5681,31.20,16.20
2007.09.10 18:33:05.304,1.5678,1.5681,29.60,16.30
2007.09.10 18:33:05.383,1.5677,1.5681,49.60,19.50
2007.09.10 18:33:06.441,1.5677,1.5681,48.80,19.50
2007.09.10 18:33:06.560,1.5677,1.5681,49.60,19.50
2007.09.10 18:33:06.650,1.5677,1.5681,48.80,19.50
2007.09.10 18:33:06.873,1.5677,1.5681,45.60,22.70
2007.09.10 18:33:07.179,1.5677,1.5681,46.40,22.70
2007.09.10 18:33:08.017,1.5677,1.5681,45.60,22.70
2007.09.10 18:33:08.490,1.5677,1.5681,43.20,24.60
2007.09.10 18:33:08.792,1.5677,1.5681,36.00,39.00
2007.09.10 18:33:08.809,1.5677,1.5681,33.60,43.00
2007.09.10 18:33:08.931,1.56775,1.56805,14.40,11.30
2007.09.10 18:33:08.997,1.56775,1.56805,15.20,11.30
2007.09.10 18:33:09.132,1.56775,1.568,11.20,17.10
2007.09.10 18:33:09.200,1.56775,1.568,10.40,19.50
2007.09.10 18:33:09.289,1.56775,1.568,9.60,20.30
2007.09.10 18:33:09.338,1.56775,1.568,5.60,20.20
2007.09.10 18:33:09.402,1.56775,1.568,4.80,20.20
2007.09.10 18:33:09.756,1.5676,1.568,36.00,25.80
2007.09.10 18:33:09.823,1.5676,1.568,36.80,25.80
2007.09.10 18:33:09.850,1.5676,1.568,39.20,25.80
2007.09.10 18:33:10.464,1.5677,1.5679,0.80,0.90
2007.09.10 18:33:10.647,1.5676,1.568,40.80,25.80
2007.09.10 18:33:10.959,1.5678,1.5679,0.80,0.70
2007.09.10 18:33:11.056,1.5677,1.568,17.60,33.80
2007.09.10 18:33:11.594,1.56785,1.5679,0.80,0.90
2007.09.10 18:33:11.931,1.56785,1.5679,0.80,0.90
2007.09.10 18:33:12.588,1.56785,1.5681,5.30,23.20
2007.09.10 18:33:12.707,1.56785,1.5682,5.30,40.60
2007.09.10 18:33:13.089,1.5679,1.5681,0.70,0.80
2007.09.10 18:33:13.515,1.56785,1.5682,5.30,40.60
2007.09.10 18:33:13.947,1.56785,1.5681,5.30,8.80
2007.09.10 18:33:14.221,1.56785,1.5681,1.30,13.60
2007.09.10 18:33:17.316,1.5678,1.568,30.70,8.80
2007.09.10 18:33:17.728,1.56785,1.568,1.60,4.80
2007.09.10 18:33:18.169,1.56785,1.568,1.60,4.00
2007.09.10 18:33:18.241,1.56785,1.5681,5.60,12.00
2007.09.10 18:33:18.529,1.56785,1.5681,5.60,8.00
2007.09.10 18:33:21.750,1.56785,1.5681,6.40,8.00
2007.09.10 18:33:21.785,1.5678,1.5681,43.50,8.00
2007.09.10 18:33:21.946,1.5678,1.5681,44.30,8.00
2007.09.10 18:33:24.768,1.5678,1.5681,45.10,8.00
2007.09.10 18:33:24.833,1.5678,1.5681,44.30,8.00
2007.09.10 18:33:24.875,1.5678,1.5681,44.30,8.00
2007.09.10 18:33:24.940,1.5679,1.5681,17.40,8.00
2007.09.10 18:33:24.966,1.56795,1.5681,1.60,8.00
2007.09.10 18:33:25.144,1.56795,1.5681,2.40,8.00
2007.09.10 18:33:25.804,1.56795,1.5681,2.40,4.00
2007.09.10 18:33:26.167,1.56795,1.5681,1.60,4.00
2007.09.10 18:33:26.325,1.56795,1.5681,1.60,8.00
2007.09.10 18:33:27.249,1.56795,1.5681,1.60,8.20
2007.09.10 18:33:27.403,1.5679,1.5681,18.40,8.20
2007.09.10 18:33:27.668,1.5679,1.5681,15.20,8.00
2007.09.10 18:33:27.708,1.5678,1.5681,40.30,8.00
2007.09.10 18:33:28.167,1.5678,1.5681,38.70,4.00
2007.09.10 18:33:28.549,1.5679,1.5681,15.20,4.00
2007.09.10 18:33:28.691,1.56795,1.5681,1.30,4.00
2007.09.10 18:33:28.789,1.56795,1.5681,5.30,4.00
2007.09.10 18:33:29.133,1.56795,1.5681,6.10,4.00
2007.09.10 18:33:29.234,1.56795,1.5682,10.10,17.60
2007.09.10 18:33:29.261,1.56795,1.5682,10.10,16.80
2007.09.10 18:33:29.341,1.56795,1.5682,10.90,16.80
2007.09.10 18:33:29.416,1.56795,1.5682,10.90,12.80
2007.09.10 18:33:29.454,1.56795,1.5682,10.90,12.00
2007.09.10 18:33:29.535,1.56795,1.5682,19.70,4.00
2007.09.10 18:33:29.546,1.56795,1.5682,18.90,4.00
2007.09.10 18:33:29.658,1.56795,1.5682,19.70,4.00
2007.09.10 18:33:29.737,1.56795,1.5682,19.70,7.00
2007.09.10 18:33:29.836,1.56795,1.5681,15.70,4.00
2007.09.10 18:33:30.463,1.56795,1.5681,10.90,4.00
2007.09.10 18:33:30.486,1.56795,1.5681,10.10,4.00
2007.09.10 18:33:30.896,1.56795,1.5681,10.90,4.00
2007.09.10 18:33:33.053,1.56795,1.5681,10.40,4.80
2007.09.10 18:33:33.440,1.56795,1.5681,10.40,7.20
2007.09.10 18:33:33.576,1.56795,1.5681,6.40,7.20
2007.09.10 18:33:33.861,1.5679,1.5681,24.80,7.20
2007.09.10 18:33:33.960,1.5679,1.5681,24.80,9.60
2007.09.10 18:33:34.616,1.5679,1.568,19.80,4.00
2007.09.10 18:33:34.987,1.5679,1.568,13.60,4.80
2007.09.10 18:33:35.652,1.5678,1.568,24.50,5.60
2007.09.10 18:33:35.862,1.56775,1.568,18.90,5.60
2007.09.10 18:33:36.380,1.56775,1.568,14.90,5.60
2007.09.10 18:33:36.692,1.56775,1.568,14.90,4.80
2007.09.10 18:33:36.789,1.56775,1.568,17.90,4.80
2007.09.10 18:33:37.154,1.56775,1.568,20.30,4.00
2007.09.10 18:33:37.200,1.56775,1.5681,20.30,36.80
2007.09.10 18:33:37.271,1.56775,1.5681,20.30,31.20
2007.09.10 18:33:37.315,1.56775,1.5681,25.10,19.20
2007.09.10 18:33:37.471,1.56775,1.5681,24.30,19.20
2007.09.10 18:33:37.586,1.5678,1.5681,24.30,16.80
2007.09.10 18:33:37.625,1.5678,1.5681,28.30,8.80
2007.09.10 18:33:59.258,1.56785,1.5681,0.80,11.80
2007.09.10 18:33:59.506,1.5678,1.5681,29.30,14.20
2007.09.10 18:33:59.671,1.5678,1.568,29.30,4.00
2007.09.10 18:33:59.871,1.5678,1.568,25.30,4.00
2007.09.10 18:34:00.284,1.5678,1.568,24.50,4.00
2007.09.10 18:34:00.486,1.5678,1.568,20.50,4.00
2007.09.10 18:34:00.705,1.5678,1.568,20.50,4.80
2007.09.10 18:34:00.807,1.5678,1.568,19.70,4.80
2007.09.10 18:34:00.901,1.5678,1.568,20.50,5.60
2007.09.10 18:34:02.537,1.56775,1.568,21.30,5.60
2007.09.10 18:34:03.681,1.56775,1.568,18.90,5.60
2007.09.10 18:34:03.699,1.56775,1.568,18.40,5.60
2007.09.10 18:34:03.776,1.56775,1.568,17.60,11.20
2007.09.10 18:34:03.812,1.56775,1.568,13.60,14.20
2007.09.10 18:34:03.973,1.56775,1.568,12.80,14.20
2007.09.10 18:34:04.177,1.56775,1.568,12.80,15.00
2007.09.10 18:34:04.217,1.56775,1.5679,4.80,4.80
2007.09.10 18:34:04.826,1.5677,1.5679,25.80,4.00
2007.09.10 18:34:05.818,1.56775,1.5679,5.60,4.00
2007.09.10 18:34:06.194,1.56775,1.5679,5.60,4.80
2007.09.10 18:34:06.402,1.56775,1.5679,1.60,4.80
2007.09.10 18:34:06.722,1.56775,1.568,1.60,9.60
2007.09.10 18:34:09.207,1.56775,1.568,1.80,9.60
2007.09.10 18:34:09.316,1.56775,1.568,1.60,9.60
2007.09.10 18:34:09.407,1.56775,1.568,1.80,9.60
2007.09.10 18:34:09.702,1.56775,1.568,9.80,4.80
2007.09.10 18:34:10.016,1.56775,1.568,13.80,4.80
2007.09.10 18:34:10.243,1.56775,1.568,14.60,4.80
2007.09.10 18:34:10.848,1.56775,1.568,15.40,4.80
2007.09.10 18:34:10.945,1.56775,1.568,11.40,4.80
2007.09.10 18:34:11.009,1.5678,1.568,11.40,4.80
2007.09.10 18:34:11.051,1.5678,1.568,16.20,5.60
2007.09.10 18:34:11.146,1.5678,1.568,16.20,4.80
2007.09.10 18:34:11.259,1.56785,1.568,4.80,4.80
2007.09.10 18:34:11.897,1.56785,1.568,8.80,0.80
2007.09.10 18:34:11.982,1.56785,1.568,9.00,0.80
2007.09.10 18:34:12.069,1.56785,1.5681,9.00,17.60
2007.09.10 18:34:12.382,1.56785,1.5681,9.00,15.20
2007.09.10 18:34:12.423,1.5678,1.5681,37.00,12.80
2007.09.10 18:34:12.787,1.5678,1.5681,42.80,4.80
2007.09.10 18:34:14.678,1.5678,1.5681,42.80,4.00
2007.09.10 18:34:14.887,1.5678,1.5682,53.40,33.40
2007.09.10 18:34:15.857,1.5678,1.5681,44.20,7.80
2007.09.10 18:34:16.257,1.56785,1.5681,5.60,7.80
2007.09.10 18:34:16.274,1.56785,1.5681,5.80,15.80
2007.09.10 18:34:16.467,1.56785,1.5681,5.60,15.80
2007.09.10 18:34:17.314,1.56785,1.5681,4.80,18.20
2007.09.10 18:34:18.616,1.56785,1.5681,5.00,18.20
2007.09.10 18:34:18.856,1.56785,1.56815,9.00,15.20
2007.09.10 18:34:18.966,1.56785,1.56815,9.80,7.20
2007.09.10 18:34:19.161,1.56785,1.56815,9.80,6.40
2007.09.10 18:34:19.853,1.56785,1.56815,13.80,6.40
2007.09.10 18:34:20.118,1.5678,1.5682,42.00,32.60
2007.09.10 18:34:20.191,1.5678,1.5682,42.80,32.60
2007.09.10 18:34:21.615,1.5678,1.5682,42.80,31.00
2007.09.10 18:34:21.726,1.5678,1.5681,42.80,4.80
2007.09.10 18:34:21.977,1.5678,1.5681,42.60,7.80
2007.09.10 18:34:22.076,1.5678,1.5681,42.80,7.80
2007.09.10 18:34:22.189,1.5678,1.5681,40.20,7.80
2007.09.10 18:34:22.305,1.5678,1.5681,37.00,10.20
2007.09.10 18:34:22.377,1.5678,1.5681,36.20,10.20
2007.09.10 18:34:22.472,1.56785,1.5681,12.80,10.20
2007.09.10 18:34:22.500,1.56785,1.5681,8.80,18.20
2007.09.10 18:34:22.802,1.56785,1.5681,4.80,18.20
2007.09.10 18:34:23.147,1.56785,1.5681,8.80,18.20
2007.09.10 18:34:23.676,1.56785,1.5681,4.80,18.20
2007.09.10 18:34:25.654,1.56785,1.5681,4.80,16.60
2007.09.10 18:34:25.667,1.5678,1.5681,25.80,21.40
2007.09.10 18:34:27.709,1.5678,1.5681,25.80,26.20
2007.09.10 18:34:30.080,1.56785,1.5681,1.00,22.20
2007.09.10 18:34:30.500,1.56785,1.56815,5.00,26.40
2007.09.10 18:34:30.735,1.56785,1.56815,5.80,18.40
2007.09.10 18:34:30.946,1.56785,1.56815,5.60,18.40
2007.09.10 18:34:31.182,1.5679,1.56815,4.80,16.00
2007.09.10 18:34:31.256,1.5679,1.5681,5.00,0.70
2007.09.10 18:34:31.392,1.5679,1.5682,5.80,42.40
2007.09.10 18:34:31.606,1.5679,1.5682,6.60,42.40
2007.09.10 18:34:33.770,1.5679,1.5682,6.60,44.80
2007.09.10 18:34:34.827,1.5679,1.5682,6.60,37.60
2007.09.10 18:34:40.712,1.5679,1.5682,6.60,37.60
2007.09.10 18:34:40.811,1.5679,1.5681,6.60,0.80
2007.09.10 18:34:41.209,1.5679,1.5682,6.40,41.60
2007.09.10 18:34:41.242,1.5679,1.5681,6.40,0.60
2007.09.10 18:34:41.349,1.5679,1.5681,6.40,0.80
2007.09.10 18:34:42.178,1.5679,1.5681,6.40,0.70
2007.09.10 18:34:44.379,1.5679,1.5681,6.40,12.80
2007.09.10 18:34:45.970,1.5679,1.5681,6.40,8.80
2007.09.10 18:34:46.208,1.5679,1.5681,6.40,11.20
2007.09.10 18:34:46.296,1.5679,1.568,2.40,4.00
2007.09.10 18:34:46.418,1.5679,1.568,1.60,4.00
2007.09.10 18:34:46.454,1.5679,1.568,0.80,4.00
2007.09.10 18:34:46.616,1.56785,1.568,0.80,4.00
2007.09.10 18:34:48.092,1.56785,1.568,0.80,4.80
2007.09.10 18:34:48.214,1.56785,1.568,0.80,9.60
2007.09.10 18:34:48.296,1.5678,1.568,20.20,9.60
2007.09.10 18:34:48.312,1.5678,1.5679,15.40,4.00
2007.09.10 18:34:48.506,1.5678,1.5679,7.40,4.00
2007.09.10 18:34:48.723,1.5678,1.568,12.20,8.00
2007.09.10 18:34:48.867,1.5678,1.568,6.60,11.20
2007.09.10 18:34:48.976,1.5678,1.568,5.80,8.80
2007.09.10 18:34:48.991,1.5678,1.568,6.60,8.80
2007.09.10 18:34:49.262,1.5678,1.568,14.60,4.80
2007.09.10 18:34:49.285,1.5678,1.568,14.60,4.00
2007.09.10 18:34:49.392,1.5678,1.568,15.40,4.00
2007.09.10 18:34:49.899,1.5678,1.5681,11.40,28.80
2007.09.10 18:34:49.991,1.5678,1.5681,15.40,24.80
2007.09.10 18:34:50.079,1.56785,1.5681,0.80,24.80
2007.09.10 18:34:50.566,1.56785,1.5681,0.80,16.80
2007.09.10 18:34:52.625,1.5679,1.5681,0.20,16.80
2007.09.10 18:34:52.750,1.5679,1.5681,4.00,16.80
2007.09.10 18:34:53.065,1.5679,1.5681,4.20,16.00
2007.09.10 18:34:53.495,1.5679,1.5681,8.20,8.00
2007.09.10 18:34:53.699,1.5679,1.5681,9.00,8.00
2007.09.10 18:34:53.805,1.5679,1.5681,13.00,8.00
2007.09.10 18:34:53.821,1.5679,1.5681,13.80,8.00
2007.09.10 18:34:53.928,1.5679,1.5681,14.60,8.00
2007.09.10 18:34:54.442,1.5679,1.5681,14.60,4.00
2007.09.10 18:35:14.017,1.568,1.5682,4.20,24.00
2007.09.10 18:35:14.317,1.568,1.5682,5.00,23.20
2007.09.10 18:35:14.438,1.568,1.5682,5.00,19.20
2007.09.10 18:35:14.638,1.568,1.5682,5.00,15.20
2007.09.10 18:35:14.841,1.568,1.5682,9.00,11.20
2007.09.10 18:35:15.028,1.568,1.5682,9.80,8.80
2007.09.10 18:35:15.167,1.568,1.5682,13.80,4.80
2007.09.10 18:35:16.338,1.568,1.5682,13.80,5.60
2007.09.10 18:35:16.707,1.568,1.5682,14.60,5.60
2007.09.10 18:35:16.940,1.568,1.5682,15.40,4.80
2007.09.10 18:35:17.374,1.568,1.5682,15.20,4.80
2007.09.10 18:35:17.483,1.568,1.5682,15.20,5.60
2007.09.10 18:35:17.571,1.568,1.5682,15.20,6.40
2007.09.10 18:35:17.619,1.568,1.56815,15.20,0.80
2007.09.10 18:35:17.664,1.568,1.56815,9.60,0.80
2007.09.10 18:35:17.913,1.568,1.5681,9.60,0.80
2007.09.10 18:35:17.957,1.568,1.5681,5.60,8.80
2007.09.10 18:35:18.255,1.568,1.5681,4.00,8.80
2007.09.10 18:35:18.439,1.5679,1.5681,13.80,9.60
2007.09.10 18:35:18.463,1.5679,1.5681,5.80,10.40
2007.09.10 18:35:18.557,1.5679,1.5681,5.80,11.20
2007.09.10 18:35:18.582,1.5679,1.56805,5.80,0.80
2007.09.10 18:35:18.781,1.5679,1.568,5.80,0.80
2007.09.10 18:35:18.802,1.5679,1.568,5.80,1.60
2007.09.10 18:35:18.874,1.5679,1.568,4.20,1.60
2007.09.10 18:35:18.980,1.5679,1.568,4.20,0.80
2007.09.10 18:35:19.077,1.5679,1.568,4.00,0.80
2007.09.10 18:35:19.190,1.5678,1.568,24.20,5.60
2007.09.10 18:35:19.311,1.5678,1.568,19.40,6.40
2007.09.10 18:35:19.686,1.5678,1.568,17.00,7.20
2007.09.10 18:35:19.942,1.5678,1.568,17.00,8.00
2007.09.10 18:35:20.486,1.5678,1.568,13.00,8.00
2007.09.10 18:35:21.004,1.5678,1.568,12.80,8.00
2007.09.10 18:35:21.232,1.5678,1.568,13.00,8.00
2007.09.10 18:35:21.361,1.5678,1.568,18.60,8.00
2007.09.10 18:35:24.098,1.5678,1.568,18.40,8.00
2007.09.10 18:35:24.140,1.5678,1.5679,18.40,0.80
2007.09.10 18:35:24.346,1.5678,1.5679,10.40,0.80
2007.09.10 18:35:24.459,1.5678,1.5679,6.40,0.80
2007.09.10 18:35:24.572,1.5678,1.5679,6.40,5.60
2007.09.10 18:35:24.888,1.5678,1.5679,6.40,4.80
2007.09.10 18:35:24.950,1.5677,1.5679,20.20,4.80
2007.09.10 18:35:24.969,1.5677,1.5679,20.20,0.80
2007.09.10 18:35:25.105,1.5677,1.568,20.20,29.60
2007.09.10 18:35:25.165,1.5677,1.5679,20.20,0.80
2007.09.10 18:35:25.307,1.5677,1.5679,20.20,1.60
2007.09.10 18:35:25.339,1.5677,1.5679,20.20,2.40
2007.09.10 18:35:25.386,1.5677,1.5679,20.20,0.80
2007.09.10 18:35:25.436,1.5677,1.56795,20.20,0.80
2007.09.10 18:35:27.327,1.5677,1.56795,23.20,0.80
2007.09.10 18:35:31.307,1.5677,1.56795,20.20,0.80
2007.09.10 18:35:32.604,1.5677,1.5679,20.00,0.80
2007.09.10 18:35:32.682,1.5677,1.5679,16.00,4.80
2007.09.10 18:35:32.695,1.5677,1.5679,16.00,5.60
2007.09.10 18:35:32.795,1.5677,1.5679,8.00,12.60
2007.09.10 18:35:32.907,1.5677,1.5679,8.00,13.40
2007.09.10 18:35:32.950,1.5677,1.56785,8.00,0.80
2007.09.10 18:35:32.966,1.5677,1.56785,5.60,0.80
2007.09.10 18:35:33.018,1.5677,1.5678,5.60,4.00
2007.09.10 18:35:33.154,1.5676,1.5678,30.60,4.00
2007.09.10 18:35:33.231,1.5676,1.5678,26.60,4.00
2007.09.10 18:35:33.442,1.5676,1.5678,26.60,4.80
2007.09.10 18:35:33.491,1.5676,1.5678,26.60,5.60
2007.09.10 18:35:33.905,1.5676,1.5678,29.00,5.60
2007.09.10 18:35:33.954,1.5676,1.5678,29.80,5.60
2007.09.10 18:35:33.975,1.5676,1.5678,25.80,5.60
2007.09.10 18:35:34.019,1.5676,1.5678,29.00,5.60
2007.09.10 18:35:34.078,1.5676,1.5678,29.00,4.80
2007.09.10 18:35:34.239,1.5676,1.5678,27.40,4.80
2007.09.10 18:35:34.727,1.5677,1.5678,6.00,4.00
2007.09.10 18:35:34.816,1.5677,1.5679,10.00,24.80
2007.09.10 18:35:34.924,1.5677,1.5679,12.40,24.80
2007.09.10 18:35:35.442,1.5677,1.5679,12.40,0.70
2007.09.10 18:35:35.701,1.5677,1.56795,12.40,17.60
2007.09.10 18:35:36.061,1.5678,1.56795,0.60,5.60
2007.09.10 18:35:36.353,1.5677,1.56795,18.00,5.60
2007.09.10 18:35:37.718,1.5677,1.56795,18.00,8.60
2007.09.10 18:35:39.755,1.5677,1.5679,18.80,0.70
2007.09.10 18:35:39.973,1.5677,1.56795,19.60,8.60
2007.09.10 18:35:40.066,1.5677,1.5679,20.40,0.80
2007.09.10 18:35:40.171,1.5677,1.5679,20.40,0.90
2007.09.10 18:35:41.118,1.5677,1.56795,19.60,5.60
2007.09.10 18:35:41.208,1.5677,1.5679,18.80,0.80
2007.09.10 18:35:43.243,1.5677,1.5679,18.00,0.70
2007.09.10 18:35:43.833,1.5677,1.5679,18.00,0.80
2007.09.10 18:35:44.667,1.5677,1.56795,18.00,9.40
2007.09.10 18:35:44.733,1.5677,1.568,18.00,33.40
2007.09.10 18:35:48.558,1.5677,1.568,18.00,31.00
2007.09.10 18:35:48.884,1.5678,1.5679,0.60,0.50
2007.09.10 18:35:48.998,1.5678,1.5679,0.60,0.70
2007.09.10 18:35:49.425,1.5678,1.5679,0.60,0.70
2007.09.10 18:35:49.787,1.5678,1.568,6.80,25.60
2007.09.10 18:35:50.093,1.5678,1.5679,6.80,0.90
2007.09.10 18:36:00.057,1.5679,1.568,0.60,25.50
2007.09.10 18:36:00.250,1.5678,1.568,10.40,21.80
2007.09.10 18:36:00.381,1.5678,1.568,14.40,17.80
2007.09.10 18:36:01.117,1.5678,1.568,14.40,0.50
2007.09.10 18:36:01.214,1.5678,1.5681,14.40,30.30
2007.09.10 18:36:01.322,1.5678,1.5681,14.40,29.90
2007.09.10 18:36:01.414,1.5678,1.568,14.40,0.70
2007.09.10 18:36:01.535,1.5678,1.568,18.40,0.80
2007.09.10 18:36:01.720,1.5678,1.5681,18.40,25.50
2007.09.10 18:36:01.979,1.5678,1.5681,18.40,24.80
2007.09.10 18:36:02.192,1.5678,1.5681,18.40,20.00
2007.09.10 18:36:02.294,1.5678,1.568,26.40,0.50
2007.09.10 18:36:02.410,1.5678,1.568,26.40,0.50
2007.09.10 18:36:02.614,1.5678,1.5681,18.40,25.50
2007.09.10 18:36:02.730,1.5678,1.568,17.40,0.60
2007.09.10 18:36:02.935,1.5678,1.5681,22.40,25.50
2007.09.10 18:36:03.163,1.5678,1.568,21.60,0.70
2007.09.10 18:36:03.255,1.5678,1.5681,13.60,33.50
2007.09.10 18:36:03.266,1.5678,1.5681,8.00,33.50
2007.09.10 18:36:03.561,1.5678,1.568,8.00,0.90
2007.09.10 18:36:03.774,1.5678,1.5681,8.00,33.50
2007.09.10 18:36:04.095,1.5677,1.5681,31.00,33.50
2007.09.10 18:36:04.190,1.5677,1.5681,27.00,33.50
2007.09.10 18:36:04.959,1.5677,1.5681,35.00,29.50
2007.09.10 18:36:05.633,1.5678,1.568,0.80,11.90
2007.09.10 18:36:05.734,1.5678,1.568,6.40,11.90
2007.09.10 18:36:05.755,1.5678,1.568,10.40,7.90
2007.09.10 18:36:05.853,1.5678,1.568,14.40,7.90
2007.09.10 18:36:06.248,1.5678,1.568,8.00,7.90
2007.09.10 18:36:06.264,1.5677,1.568,31.00,11.90
2007.09.10 18:36:09.199,1.5677,1.568,28.60,13.50
2007.09.10 18:36:09.281,1.5677,1.5679,24.60,4.70
2007.09.10 18:36:09.491,1.5677,1.5679,20.60,4.70
2007.09.10 18:36:12.193,1.5678,1.5679,6.40,4.70
2007.09.10 18:36:14.863,1.5677,1.5679,23.80,4.70
2007.09.10 18:36:17.344,1.5677,1.5679,20.60,4.70
2007.09.10 18:36:17.449,1.5676,1.5679,45.40,4.70
2007.09.10 18:36:23.013,1.5676,1.5679,41.40,5.50
2007.09.10 18:36:23.104,1.5676,1.5679,41.40,5.50
2007.09.10 18:36:23.321,1.5676,1.5679,41.40,6.30
2007.09.10 18:36:23.453,1.5676,1.5678,37.40,0.70
2007.09.10 18:36:23.782,1.5676,1.5678,39.20,4.70
2007.09.10 18:36:23.934,1.56755,1.5678,29.60,6.30
2007.09.10 18:36:23.958,1.56755,1.5678,25.60,6.30
2007.09.10 18:36:24.607,1.56755,1.5678,32.60,6.30
2007.09.10 18:36:24.726,1.56755,1.5678,32.60,7.10
2007.09.10 18:36:24.823,1.56755,1.5678,40.60,7.10
2007.09.10 18:36:25.454,1.56755,1.5678,36.60,7.10
2007.09.10 18:36:31.616,1.56755,1.5678,39.00,7.10
2007.09.10 18:36:31.671,1.56755,1.5678,39.80,1.60
2007.09.10 18:36:31.722,1.56755,1.5678,39.80,0.80
2007.09.10 18:36:31.833,1.56755,1.5679,40.60,20.70
2007.09.10 18:36:31.966,1.56755,1.5679,41.40,12.70
2007.09.10 18:36:32.103,1.5676,1.5679,37.40,12.70
2007.09.10 18:36:32.480,1.5676,1.5679,41.40,8.70
2007.09.10 18:36:33.030,1.5676,1.568,42.20,34.20
2007.09.10 18:36:33.751,1.5676,1.5679,38.40,11.70
2007.09.10 18:36:34.213,1.56755,1.5679,41.60,12.50
2007.09.10 18:36:34.382,1.56755,1.5679,33.60,12.50
2007.09.10 18:36:34.801,1.56755,1.56785,28.80,4.80
2007.09.10 18:36:34.911,1.56755,1.56785,28.80,5.60
2007.09.10 18:36:35.140,1.56755,1.56785,28.80,6.40
2007.09.10 18:36:36.408,1.56755,1.56785,27.20,6.40
2007.09.10 18:36:36.578,1.5675,1.56785,43.20,6.40
2007.09.10 18:36:36.832,1.5675,1.5678,40.80,10.40
2007.09.10 18:36:36.988,1.5675,1.5678,40.00,10.40
2007.09.10 18:36:37.151,1.5675,1.5679,40.00,28.10
2007.09.10 18:36:37.265,1.5675,1.5678,31.20,12.00
2007.09.10 18:36:37.358,1.5675,1.5678,32.00,12.00
2007.09.10 18:36:37.657,1.5675,1.5676,19.10,0.60
2007.09.10 18:36:37.717,1.5676,1.5677,0.80,8.70
2007.09.10 18:36:37.770,1.5674,1.5677,45.40,8.80
2007.09.10 18:36:37.890,1.5674,1.5678,45.40,20.80
2007.09.10 18:36:37.995,1.5674,1.5678,37.40,24.00
2007.09.10 18:36:38.089,1.5674,1.5678,37.40,24.80
2007.09.10 18:36:38.122,1.5674,1.5678,39.80,28.80
2007.09.10 18:36:38.447,1.56735,1.5678,40.60,33.60
2007.09.10 18:36:39.335,1.56735,1.5678,39.80,33.60
2007.09.10 18:36:40.101,1.56735,1.5678,40.60,33.60
2007.09.10 18:36:40.233,1.5674,1.5678,39.80,32.80
2007.09.10 18:36:40.252,1.5674,1.5678,42.20,32.80
2007.09.10 18:36:40.460,1.5674,1.5678,42.20,32.80
2007.09.10 18:36:42.824,1.5674,1.5678,38.20,32.80
2007.09.10 18:36:42.934,1.5674,1.5678,38.20,38.40
2007.09.10 18:36:44.736,1.5675,1.5678,4.00,37.60
2007.09.10 18:36:45.080,1.5675,1.56775,4.00,12.80
2007.09.10 18:36:46.127,1.5675,1.56775,4.00,16.00
2007.09.10 18:36:46.205,1.5675,1.5676,4.00,0.80
2007.09.10 18:36:46.301,1.5675,1.5676,4.00,0.90
2007.09.10 18:36:46.319,1.5674,1.5677,33.40,13.60
2007.09.10 18:36:47.776,1.5673,1.5677,32.60,33.40
2007.09.10 18:36:48.186,1.5673,1.5676,30.20,9.60
2007.09.10 18:36:48.245,1.5673,1.5676,30.20,9.60
2007.09.10 18:36:48.275,1.5673,1.5676,30.20,9.60
2007.09.10 18:36:48.476,1.5673,1.5676,29.40,9.60
2007.09.10 18:36:48.616,1.5673,1.5676,29.40,18.40
2007.09.10 18:36:48.687,1.5672,1.5676,37.40,24.00
2007.09.10 18:36:48.782,1.5672,1.5676,38.20,24.00
2007.09.10 18:36:49.143,1.5672,1.5676,44.60,28.00
2007.09.10 18:36:49.345,1.5672,1.5676,47.00,32.80
2007.09.10 18:36:49.631,1.5672,1.5676,46.20,32.80
2007.09.10 18:36:49.711,1.5672,1.5676,45.40,33.60
2007.09.10 18:36:49.764,1.5672,1.5676,44.60,34.40
2007.09.10 18:36:49.853,1.5672,1.56755,44.60,6.40
2007.09.10 18:36:53.621,1.5672,1.5675,43.00,6.40
2007.09.10 18:36:53.631,1.5672,1.5675,38.80,11.20
2007.09.10 18:36:53.738,1.5672,1.5675,38.80,11.20
2007.09.10 18:36:55.208,1.5673,1.5675,7.00,20.80
2007.09.10 18:36:57.666,1.5673,1.5674,7.80,0.50
2007.09.10 18:36:57.708,1.5673,1.5675,7.80,16.80
2007.09.10 18:36:57.774,1.5673,1.5674,8.80,0.80
2007.09.10 18:36:57.982,1.5673,1.5674,16.80,0.80
2007.09.10 18:36:58.242,1.5673,1.5674,16.80,0.20
2007.09.10 18:36:58.305,1.5673,1.5675,16.00,5.80
2007.09.10 18:36:58.326,1.5673,1.5675,16.00,6.60
2007.09.10 18:36:58.405,1.5673,1.5675,12.80,10.60
2007.09.10 18:36:58.625,1.5673,1.5674,4.80,0.70
2007.09.10 18:36:59.895,1.5673,1.5675,4.00,20.20
2007.09.10 18:37:04.222,1.5672,1.5675,43.00,21.20
2007.09.10 18:37:04.252,1.5672,1.5675,34.20,19.40
2007.09.10 18:37:04.288,1.5672,1.5674,1.30,0.70
2007.09.10 18:37:05.819,1.56715,1.5675,22.40,37.60
2007.09.10 18:37:05.834,1.56715,1.5675,18.40,39.20
2007.09.10 18:37:06.366,1.56715,1.5675,14.40,39.20
2007.09.10 18:37:06.474,1.5672,1.5674,0.80,1.40
2007.09.10 18:37:06.774,1.5672,1.5674,0.70,0.70
2007.09.10 18:37:07.388,1.5671,1.5675,55.50,39.20
2007.09.10 18:37:08.613,1.5672,1.5674,0.80,1.10
2007.09.10 18:37:08.829,1.5671,1.5675,56.30,39.20
2007.09.10 18:37:09.436,1.5672,1.5674,1.30,1.30
2007.09.10 18:37:12.138,1.5672,1.5674,1.20,0.60
2007.09.10 18:37:12.625,1.5672,1.5674,0.80,1.40
2007.09.10 18:37:13.076,1.56715,1.5675,16.80,39.00
2007.09.10 18:37:14.166,1.5671,1.5675,52.30,39.00
2007.09.10 18:37:16.101,1.5671,1.5675,44.80,35.20
2007.09.10 18:37:19.526,1.5672,1.5674,1.00,0.70
2007.09.10 18:37:22.103,1.5671,1.5674,39.20,13.60
2007.09.10 18:37:22.532,1.5672,1.5674,2.80,13.60
2007.09.10 18:37:25.383,1.5672,1.5674,5.90,8.00
2007.09.10 18:37:25.570,1.5671,1.56735,40.80,0.80
2007.09.10 18:37:26.101,1.5672,1.56735,4.30,0.80
2007.09.10 18:37:26.326,1.5671,1.5673,25.60,0.80
2007.09.10 18:37:26.395,1.5671,1.5672,20.00,0.80
2007.09.10 18:37:26.715,1.5671,1.5672,0.50,0.80
2007.09.10 18:37:26.771,1.567,1.5672,8.50,0.80
2007.09.10 18:37:27.071,1.5669,1.5672,50.40,0.80
2007.09.10 18:37:29.066,1.567,1.56725,7.80,0.80
2007.09.10 18:37:29.214,1.567,1.5673,2.10,10.40
2007.09.10 18:37:29.369,1.5669,1.5673,49.60,11.20
2007.09.10 18:37:29.882,1.567,1.5673,26.20,11.20
2007.09.10 18:37:32.025,1.567,1.5673,0.70,11.20
2007.09.10 18:37:32.976,1.567,1.5673,20.00,11.20
2007.09.10 18:37:34.297,1.567,1.5673,20.80,11.20
2007.09.10 18:37:36.111,1.567,1.5672,20.80,0.80
2007.09.10 18:37:36.334,1.567,1.5673,20.80,11.20
2007.09.10 18:37:37.633,1.567,1.5672,20.80,0.80
2007.09.10 18:37:37.834,1.567,1.5673,20.80,8.00
2007.09.10 18:37:37.938,1.567,1.5673,20.80,7.20
2007.09.10 18:37:39.487,1.567,1.5673,21.60,6.40
2007.09.10 18:37:39.838,1.567,1.5673,22.40,1.60
2007.09.10 18:37:39.951,1.5671,1.5673,0.70,1.60
2007.09.10 18:37:39.978,1.5671,1.5673,0.70,0.80
2007.09.10 18:37:40.157,1.5671,1.5673,8.70,0.80
2007.09.10 18:37:40.285,1.5671,1.5673,9.50,0.80
2007.09.10 18:37:40.687,1.5671,1.5673,10.30,0.80
2007.09.10 18:37:41.093,1.5671,1.5673,11.10,0.80
2007.09.10 18:37:41.724,1.5671,1.5673,15.10,0.80
2007.09.10 18:37:42.645,1.5672,1.5673,0.70,0.80
2007.09.10 18:37:44.142,1.5672,1.5673,4.70,0.80
2007.09.10 18:37:44.559,1.5672,1.5674,8.70,23.80
2007.09.10 18:37:44.621,1.5672,1.5674,9.50,23.80
2007.09.10 18:37:44.663,1.5672,1.5674,8.70,23.80
2007.09.10 18:37:44.719,1.56725,1.5674,0.80,23.80
2007.09.10 18:37:44.866,1.5673,1.5674,0.80,23.80
2007.09.10 18:37:45.295,1.5673,1.5674,1.50,23.80
2007.09.10 18:37:45.318,1.56735,1.5674,0.80,23.80
2007.09.10 18:37:45.396,1.56735,1.5674,0.80,12.80
2007.09.10 18:37:45.738,1.56735,1.5674,0.80,4.80
2007.09.10 18:37:46.049,1.5674,1.5675,4.70,12.00
2007.09.10 18:37:46.139,1.5674,1.5675,8.70,12.00
2007.09.10 18:37:46.425,1.5674,1.5675,8.70,12.00
2007.09.10 18:37:47.269,1.5674,1.5675,8.70,5.60
2007.09.10 18:37:47.786,1.5674,1.5676,8.70,12.80
2007.09.10 18:37:48.275,1.5674,1.5676,10.30,4.00
2007.09.10 18:37:48.374,1.5674,1.5676,9.50,4.80
2007.09.10 18:37:50.264,1.5674,1.5675,5.50,4.00
2007.09.10 18:37:51.196,1.5674,1.5675,1.50,4.00
2007.09.10 18:37:55.819,1.5673,1.5674,19.10,0.80
2007.09.10 18:37:56.110,1.5673,1.5674,19.10,1.60
2007.09.10 18:37:56.517,1.5673,1.5674,19.10,7.20
2007.09.10 18:37:56.617,1.5673,1.5674,19.10,8.00
2007.09.10 18:37:57.712,1.5673,1.5674,17.50,8.00
2007.09.10 18:37:57.737,1.5673,1.5674,17.50,2.40
2007.09.10 18:37:58.035,1.5673,1.5674,16.80,2.40
2007.09.10 18:37:58.051,1.5673,1.5674,16.80,1.60
2007.09.10 18:37:58.484,1.5671,1.5673,33.40,4.80
2007.09.10 18:37:59.283,1.5671,1.5673,33.40,4.00
2007.09.10 18:37:59.388,1.5672,1.5674,4.00,16.00
2007.09.10 18:38:01.021,1.5672,1.5674,4.00,0.70
2007.09.10 18:38:01.682,1.5672,1.5673,4.00,0.80
2007.09.10 18:38:01.856,1.5671,1.5674,33.60,16.80
2007.09.10 18:38:02.261,1.5671,1.5673,29.60,0.80
2007.09.10 18:38:02.359,1.5671,1.5674,29.60,20.00
2007.09.10 18:38:02.554,1.5671,1.5673,21.60,0.50
2007.09.10 18:38:02.983,1.5671,1.5673,17.60,0.50
2007.09.10 18:38:03.182,1.5671,1.5674,12.00,32.80
2007.09.10 18:38:04.753,1.5671,1.56735,12.00,6.40
2007.09.10 18:38:13.782,1.5671,1.56735,12.00,5.60
2007.09.10 18:38:14.425,1.5671,1.5674,12.00,34.40
2007.09.10 18:38:14.579,1.5671,1.5673,4.00,0.90
2007.09.10 18:38:14.689,1.5671,1.5674,4.00,38.50
2007.09.10 18:38:18.183,1.5671,1.5672,4.00,0.50
2007.09.10 18:38:18.238,1.567,1.5672,23.80,0.60
2007.09.10 18:38:18.336,1.567,1.5672,15.80,0.70
2007.09.10 18:38:18.417,1.567,1.5672,12.60,0.70
2007.09.10 18:38:18.439,1.567,1.5672,12.60,0.60
2007.09.10 18:38:18.486,1.567,1.5673,12.60,39.00
2007.09.10 18:38:18.640,1.567,1.5672,17.40,0.60
2007.09.10 18:38:18.686,1.567,1.5673,19.80,36.60
2007.09.10 18:38:18.762,1.567,1.5672,19.80,0.60
2007.09.10 18:38:18.853,1.567,1.5673,27.80,26.40
2007.09.10 18:38:18.918,1.567,1.5672,27.80,0.90
2007.09.10 18:38:19.058,1.567,1.5672,27.80,0.90
2007.09.10 18:38:19.156,1.567,1.5672,27.00,0.80
2007.09.10 18:38:19.471,1.567,1.5672,27.00,0.80
2007.09.10 18:38:20.341,1.567,1.5673,24.60,26.40
2007.09.10 18:38:24.304,1.567,1.5672,0.60,0.80
2007.09.10 18:38:25.775,1.56695,1.5673,28.60,29.60
2007.09.10 18:38:25.975,1.567,1.5672,0.90,0.50
2007.09.10 18:38:26.116,1.567,1.5672,0.90,0.90
2007.09.10 18:38:26.293,1.56695,1.5673,21.40,39.80
2007.09.10 18:38:26.394,1.56695,1.5673,13.40,39.80
2007.09.10 18:38:26.482,1.567,1.5672,0.70,0.80
2007.09.10 18:38:36.646,1.56695,1.5672,14.20,17.60
2007.09.10 18:38:36.888,1.567,1.5672,4.30,16.80
2007.09.10 18:38:36.991,1.56695,1.5672,15.20,16.80
2007.09.10 18:38:37.078,1.56695,1.5672,18.20,16.00
2007.09.10 18:38:37.780,1.56695,1.5672,26.20,16.00
2007.09.10 18:38:38.459,1.56695,1.5672,31.80,10.40
2007.09.10 18:38:38.710,1.56695,1.5672,31.80,10.00
2007.09.10 18:38:38.945,1.5672,1.5673,0.80,6.40
2007.09.10 18:38:39.130,1.5671,1.5672,2.40,8.00
2007.09.10 18:38:39.160,1.56695,1.5672,38.20,8.00
2007.09.10 18:38:39.315,1.567,1.5672,14.70,8.00
2007.09.10 18:38:39.445,1.567,1.5672,30.20,4.00
2007.09.10 18:38:40.067,1.567,1.5673,43.20,4.80
2007.09.10 18:38:40.501,1.567,1.5673,39.80,12.80
2007.09.10 18:38:43.980,1.567,1.5673,44.80,12.00
2007.09.10 18:38:44.038,1.56705,1.5673,19.00,12.00
2007.09.10 18:38:44.150,1.56705,1.5673,19.00,8.00
2007.09.10 18:38:44.472,1.5672,1.5673,0.80,8.00
2007.09.10 18:38:44.913,1.5673,1.5674,0.80,18.40
2007.09.10 18:38:45.224,1.5673,1.5674,0.80,11.20
2007.09.10 18:38:45.549,1.5673,1.5674,1.20,10.40
2007.09.10 18:38:45.661,1.5673,1.5674,2.30,6.40
2007.09.10 18:38:46.277,1.5672,1.5674,33.60,0.80
2007.09.10 18:38:46.576,1.5673,1.56755,3.30,0.80
2007.09.10 18:38:46.703,1.5673,1.56755,5.70,0.80
2007.09.10 18:38:50.230,1.5673,1.56755,5.30,1.60
2007.09.10 18:38:50.832,1.5674,1.56755,1.70,1.60
2007.09.10 18:38:51.352,1.5673,1.5675,16.80,4.00
2007.09.10 18:38:52.001,1.5673,1.5675,16.80,12.80
2007.09.10 18:38:52.105,1.5673,1.5675,16.80,14.00
2007.09.10 18:38:52.195,1.5674,1.5675,2.00,18.00
2007.09.10 18:38:52.330,1.5674,1.5675,1.90,18.80
2007.09.10 18:38:52.452,1.5673,1.5675,12.00,19.60
2007.09.10 18:38:52.713,1.5673,1.5675,7.60,19.60
2007.09.10 18:38:53.033,1.5674,1.5675,0.60,25.20
2007.09.10 18:38:54.500,1.5672,1.5675,13.60,26.00
2007.09.10 18:38:54.580,1.5672,1.5675,13.60,26.80
2007.09.10 18:38:54.978,1.5672,1.5675,13.60,27.60
2007.09.10 18:38:57.667,1.5672,1.5675,13.60,29.60
2007.09.10 18:39:00.180,1.5672,1.5675,13.60,28.80
2007.09.10 18:39:00.209,1.5672,1.5675,13.60,28.00
2007.09.10 18:39:00.899,1.5672,1.5675,13.60,28.80
2007.09.10 18:39:00.926,1.5672,1.5675,13.60,29.60
2007.09.10 18:39:02.382,1.5671,1.5675,36.00,29.60
2007.09.10 18:39:03.535,1.5671,1.56745,36.00,0.80
2007.09.10 18:39:04.390,1.5672,1.5674,1.30,0.40
2007.09.10 18:39:04.439,1.56715,1.5674,14.40,1.90
2007.09.10 18:39:04.706,1.5671,1.5674,36.80,1.60
2007.09.10 18:39:04.755,1.5672,1.5674,1.10,0.80
2007.09.10 18:39:04.853,1.5671,1.5674,28.80,4.00
2007.09.10 18:39:04.957,1.5671,1.5674,28.80,0.80
2007.09.10 18:39:06.161,1.5672,1.5674,5.10,3.20
2007.09.10 18:39:06.184,1.5671,1.5674,24.80,6.20
2007.09.10 18:39:06.280,1.5672,1.5673,4.50,0.50
2007.09.10 18:39:07.124,1.56715,1.5673,13.60,0.50
2007.09.10 18:39:07.217,1.5672,1.5673,0.80,4.00
2007.09.10 18:39:07.412,1.56715,1.5673,0.80,4.00
2007.09.10 18:39:07.895,1.567,1.5673,39.00,4.00
2007.09.10 18:39:08.057,1.5671,1.5673,20.00,4.00
2007.09.10 18:39:08.472,1.567,1.5673,40.00,4.00
2007.09.10 18:39:10.095,1.567,1.5673,35.20,4.00
2007.09.10 18:39:11.134,1.5672,1.5673,0.80,4.00
2007.09.10 18:39:11.439,1.5671,1.5674,20.00,19.20
2007.09.10 18:39:11.533,1.5672,1.5674,0.90,16.80
2007.09.10 18:39:11.895,1.5671,1.5674,28.80,0.80
2007.09.10 18:39:12.136,1.5672,1.5674,2.80,0.80
2007.09.10 18:39:12.243,1.5671,1.5674,37.60,0.80
2007.09.10 18:39:12.703,1.5672,1.5674,1.40,7.80
2007.09.10 18:39:12.804,1.5671,1.5674,34.40,7.80
2007.09.10 18:39:12.855,1.5671,1.5674,31.20,7.80
2007.09.10 18:39:12.918,1.5671,1.5674,32.00,15.80
2007.09.10 18:39:13.126,1.5671,1.5673,31.20,0.80
2007.09.10 18:39:13.193,1.5672,1.5673,1.60,0.80
2007.09.10 18:39:13.244,1.5672,1.5673,2.80,0.80
2007.09.10 18:39:13.350,1.56715,1.5673,1.60,4.80
2007.09.10 18:39:13.378,1.56715,1.5673,0.80,4.80
2007.09.10 18:39:13.495,1.567,1.5673,36.00,4.80
2007.09.10 18:39:13.620,1.567,1.5673,36.80,4.80
2007.09.10 18:39:14.182,1.567,1.5673,37.60,4.80
2007.09.10 18:39:14.881,1.5671,1.5673,2.00,4.80
2007.09.10 18:39:15.003,1.567,1.5673,37.60,4.80
2007.09.10 18:39:16.292,1.5671,1.5673,1.40,4.00
2007.09.10 18:39:20.186,1.567,1.5673,36.80,4.00
2007.09.10 18:39:20.426,1.567,1.5672,36.80,0.80
2007.09.10 18:39:20.661,1.5671,1.5672,3.90,0.80
2007.09.10 18:39:20.861,1.567,1.5672,25.60,2.40
2007.09.10 18:39:20.892,1.567,1.5672,25.60,1.60
2007.09.10 18:39:20.956,1.567,1.5672,25.60,0.80
2007.09.10 18:39:20.988,1.567,1.5672,24.00,0.80
2007.09.10 18:39:21.076,1.5671,1.5672,3.80,1.20
2007.09.10 18:39:21.269,1.5671,1.5672,3.60,0.60
2007.09.10 18:39:21.277,1.5671,1.5673,3.40,6.00
2007.09.10 18:39:21.329,1.5671,1.5673,0.60,5.20
2007.09.10 18:39:21.393,1.567,1.5672,5.30,4.80
2007.09.10 18:39:21.707,1.567,1.5672,32.60,4.00
2007.09.10 18:39:21.874,1.567,1.5673,32.60,16.00
2007.09.10 18:39:23.124,1.567,1.5673,38.20,12.00
2007.09.10 18:39:23.263,1.5671,1.5673,1.20,16.00
2007.09.10 18:39:26.274,1.567,1.5673,38.20,16.80
2007.09.10 18:39:31.909,1.5671,1.5673,4.80,17.60
2007.09.10 18:39:32.872,1.5671,1.5673,4.80,18.40
2007.09.10 18:39:37.006,1.5671,1.5673,4.00,19.20
2007.09.10 18:39:37.520,1.5671,1.5673,4.00,23.20
2007.09.10 18:39:39.887,1.5671,1.5673,4.00,22.40
2007.09.10 18:39:40.117,1.5671,1.5673,4.80,21.60
2007.09.10 18:39:40.425,1.5671,1.5673,8.80,13.60
2007.09.10 18:39:40.522,1.5671,1.5673,8.80,9.60
2007.09.10 18:39:40.644,1.5671,1.5673,8.80,5.60
2007.09.10 18:39:40.965,1.5672,1.5673,0.80,5.60
2007.09.10 18:39:41.154,1.5672,1.5673,4.80,5.60
2007.09.10 18:39:41.321,1.5672,1.5673,5.60,5.60
2007.09.10 18:39:41.401,1.5673,1.5674,0.80,16.00
2007.09.10 18:39:41.514,1.5673,1.56735,0.80,0.80
2007.09.10 18:39:41.638,1.5673,1.56735,0.80,0.80
2007.09.10 18:39:41.794,1.5673,1.56735,3.20,0.80
2007.09.10 18:39:42.068,1.5673,1.5674,3.20,8.80
2007.09.10 18:39:42.826,1.5673,1.5674,0.80,8.80
2007.09.10 18:39:42.935,1.5672,1.5674,15.20,8.80
2007.09.10 18:39:42.967,1.5672,1.5674,15.20,8.00
2007.09.10 18:39:43.354,1.5673,1.5674,0.80,4.00
2007.09.10 18:39:43.673,1.5673,1.5674,8.80,4.00
2007.09.10 18:39:43.790,1.5673,1.5675,8.80,4.00
2007.09.10 18:39:44.106,1.5673,1.56755,8.80,0.80
2007.09.10 18:40:01.342,1.5674,1.5676,0.80,24.80
2007.09.10 18:40:01.765,1.5674,1.5676,0.80,20.80
2007.09.10 18:40:06.823,1.56735,1.5676,1.60,20.80
2007.09.10 18:40:36.134,1.5674,1.5675,0.80,0.80
2007.09.10 18:40:36.251,1.5674,1.5675,0.80,4.80
2007.09.10 18:40:36.765,1.5673,1.5675,8.80,4.80
2007.09.10 18:40:39.673,1.5673,1.5675,8.80,4.00
2007.09.10 18:40:39.791,1.5673,1.5676,8.80,35.20
2007.09.10 18:40:39.906,1.56735,1.5676,0.80,32.80
2007.09.10 18:40:40.203,1.56735,1.5676,0.80,24.80
2007.09.10 18:40:40.241,1.5674,1.5676,0.80,24.80
2007.09.10 18:40:40.687,1.5674,1.5676,0.80,20.80
2007.09.10 18:40:43.642,1.5674,1.5676,0.80,23.20
2007.09.10 18:40:43.751,1.5674,1.5676,0.80,28.80
2007.09.10 18:40:43.802,1.5674,1.5675,0.80,4.80
2007.09.10 18:40:43.854,1.56735,1.5675,0.80,4.80
2007.09.10 18:40:44.000,1.5673,1.5675,12.80,4.80
2007.09.10 18:40:44.016,1.5673,1.5675,8.80,4.80
2007.09.10 18:40:46.187,1.5673,1.5675,8.80,4.00
2007.09.10 18:40:46.297,1.5673,1.5675,12.80,4.00
2007.09.10 18:40:46.555,1.56735,1.5675,0.80,4.00
2007.09.10 18:40:46.600,1.56735,1.5676,0.80,28.80
2007.09.10 18:40:46.716,1.5674,1.5676,0.80,28.80
2007.09.10 18:40:46.791,1.5674,1.5676,0.80,20.80
2007.09.10 18:40:57.800,1.5674,1.5675,0.80,4.00
2007.09.10 18:40:58.734,1.56735,1.5675,0.80,4.00
2007.09.10 18:41:00.078,1.5673,1.5675,8.80,4.00
2007.09.10 18:41:03.058,1.5673,1.5675,3.90,4.00
2007.09.10 18:41:03.187,1.5673,1.5675,8.80,7.00
2007.09.10 18:41:13.915,1.5673,1.5675,8.80,8.60
2007.09.10 18:41:13.938,1.5673,1.5675,8.80,10.20
2007.09.10 18:41:14.021,1.5673,1.5675,8.80,11.00
2007.09.10 18:41:14.144,1.5673,1.5675,8.00,11.00
2007.09.10 18:41:14.161,1.5673,1.5675,8.00,11.80
2007.09.10 18:41:14.239,1.56725,1.5674,0.80,4.00
2007.09.10 18:41:14.447,1.56725,1.5674,0.80,12.00
2007.09.10 18:41:14.583,1.5672,1.5674,25.60,12.00
2007.09.10 18:41:14.645,1.5672,1.5674,17.60,12.00
2007.09.10 18:41:14.948,1.5672,1.5674,12.00,12.00
2007.09.10 18:41:14.977,1.5672,1.5674,10.40,8.00
2007.09.10 18:41:15.179,1.5672,1.5674,11.20,8.00
2007.09.10 18:41:15.601,1.5672,1.5675,12.00,30.20
2007.09.10 18:41:15.804,1.5672,1.5675,12.00,26.20
2007.09.10 18:41:15.998,1.5672,1.5675,12.00,30.20
2007.09.10 18:41:18.396,1.5672,1.5674,11.20,0.80
2007.09.10 18:41:18.419,1.5672,1.5674,10.40,0.80
2007.09.10 18:41:18.474,1.5672,1.5674,9.60,0.80
2007.09.10 18:41:18.771,1.5672,1.5674,8.80,1.60
2007.09.10 18:41:18.889,1.5672,1.5674,8.00,1.60
2007.09.10 18:41:19.006,1.5672,1.5674,8.00,2.40
2007.09.10 18:41:19.061,1.5672,1.5674,8.00,1.60
2007.09.10 18:41:19.102,1.5672,1.5673,4.00,0.80
2007.09.10 18:41:19.417,1.5671,1.5673,13.60,0.80
2007.09.10 18:41:19.473,1.5671,1.5673,13.60,1.60
2007.09.10 18:41:19.541,1.5671,1.5673,9.60,1.60
2007.09.10 18:41:20.970,1.5671,1.5673,9.60,5.60
2007.09.10 18:41:21.080,1.5671,1.5673,9.60,10.40
2007.09.10 18:41:21.411,1.5671,1.5673,9.60,11.20
2007.09.10 18:41:21.690,1.5671,1.5673,5.60,11.20
2007.09.10 18:41:21.914,1.5671,1.5673,4.00,11.20
2007.09.10 18:41:25.529,1.5671,1.5673,4.00,10.40
2007.09.10 18:41:25.687,1.5671,1.5673,4.00,9.60
2007.09.10 18:41:25.829,1.5671,1.5673,4.00,8.80
2007.09.10 18:41:26.041,1.5671,1.5672,4.00,0.80
2007.09.10 18:41:27.200,1.567,1.5672,30.20,4.80
2007.09.10 18:41:27.399,1.567,1.5672,26.20,4.80
2007.09.10 18:41:27.778,1.567,1.5672,26.20,5.60
2007.09.10 18:41:28.191,1.567,1.5672,26.20,6.40
2007.09.10 18:41:39.704,1.567,1.5672,34.20,5.60
2007.09.10 18:41:39.937,1.5671,1.5672,4.00,0.80
2007.09.10 18:41:40.217,1.5672,1.5673,0.80,18.40
2007.09.10 18:41:40.654,1.5672,1.5673,0.80,21.60
2007.09.10 18:41:40.746,1.5672,1.5673,0.80,17.60
2007.09.10 18:41:40.953,1.5672,1.5673,1.20,13.60
2007.09.10 18:41:41.075,1.5672,1.5673,1.20,8.80
2007.09.10 18:41:41.228,1.5672,1.5673,0.60,8.80
2007.09.10 18:41:42.077,1.5672,1.5673,0.05,8.00
2007.09.10 18:41:42.155,1.5672,1.5673,0.80,8.00
2007.09.10 18:41:42.169,1.5672,1.5673,0.80,8.00
2007.09.10 18:41:42.395,1.5672,1.5673,0.80,4.00
2007.09.10 18:41:42.601,1.5672,1.5674,4.80,30.40
2007.09.10 18:41:42.671,1.5672,1.5674,4.00,30.40
2007.09.10 18:41:42.921,1.5672,1.5674,1.70,30.40
2007.09.10 18:41:42.947,1.5672,1.5674,1.50,27.20
2007.09.10 18:41:43.097,1.5671,1.5674,12.80,26.40
2007.09.10 18:41:43.509,1.5671,1.5674,12.80,27.20
2007.09.10 18:41:43.543,1.5672,1.5674,1.90,15.20
2007.09.10 18:41:44.478,1.5671,1.5674,29.60,14.40
2007.09.10 18:41:44.997,1.5671,1.5674,2.90,14.40
2007.09.10 18:41:45.624,1.5671,1.5674,4.10,15.20
2007.09.10 18:41:45.664,1.5671,1.5674,5.20,17.60
2007.09.10 18:41:45.760,1.567,1.5674,44.80,23.20
2007.09.10 18:41:45.966,1.567,1.5674,44.80,22.40
2007.09.10 18:41:46.058,1.5671,1.5673,0.60,0.80
2007.09.10 18:41:46.823,1.567,1.5673,44.80,1.60
2007.09.10 18:41:47.884,1.567,1.5673,44.80,6.40
2007.09.10 18:41:48.188,1.5671,1.5673,0.90,6.40
2007.09.10 18:41:48.801,1.567,1.56725,39.20,0.80
2007.09.10 18:41:48.918,1.567,1.56725,38.40,0.80
2007.09.10 18:41:49.141,1.567,1.5672,32.80,0.80
2007.09.10 18:41:49.236,1.567,1.5672,32.80,1.60
2007.09.10 18:41:49.337,1.567,1.5672,32.00,1.60
2007.09.10 18:41:50.198,1.567,1.5672,8.20,6.40
2007.09.10 18:41:50.678,1.56695,1.5672,24.00,6.40
2007.09.10 18:41:51.626,1.567,1.5672,3.40,6.40
2007.09.10 18:41:51.823,1.567,1.5672,1.80,6.40
2007.09.10 18:41:52.546,1.56695,1.5672,27.00,6.40
2007.09.10 18:41:52.642,1.56695,1.5672,29.40,6.40
2007.09.10 18:41:52.744,1.567,1.5672,2.10,6.40
2007.09.10 18:41:53.154,1.56695,1.5672,29.40,6.40
2007.09.10 18:41:53.505,1.56695,1.5672,26.40,6.40
2007.09.10 18:41:53.654,1.567,1.5672,1.60,6.40
2007.09.10 18:41:53.800,1.567,1.5672,2.20,7.20
2007.09.10 18:41:53.987,1.56695,1.5672,16.00,7.20
2007.09.10 18:41:54.190,1.56695,1.5671,16.00,0.80
2007.09.10 18:41:56.957,1.5669,1.5671,43.00,0.80
2007.09.10 18:41:57.013,1.5669,1.5671,46.20,0.80
2007.09.10 18:41:57.111,1.567,1.5672,1.90,5.60
2007.09.10 18:41:57.171,1.567,1.5672,7.40,5.60
2007.09.10 18:41:57.407,1.5669,1.5672,51.20,5.60
2007.09.10 18:41:57.626,1.56695,1.5672,35.80,5.60
2007.09.10 18:41:58.245,1.567,1.5672,2.70,5.60
2007.09.10 18:42:00.105,1.567,1.5672,10.60,5.60
2007.09.10 18:42:00.199,1.567,1.5672,2.50,5.60
2007.09.10 18:42:05.703,1.5669,1.5671,43.80,0.80
2007.09.10 18:42:06.304,1.567,1.5671,5.60,0.80
2007.09.10 18:42:07.752,1.5669,1.5671,31.10,4.00
2007.09.10 18:42:07.862,1.5669,1.5671,31.80,4.00
2007.09.10 18:42:07.966,1.5669,1.5671,31.00,4.00
2007.09.10 18:42:08.294,1.5669,1.5672,34.30,21.40
2007.09.10 18:42:09.462,1.567,1.5672,2.30,22.20
2007.09.10 18:42:10.251,1.567,1.5672,12.80,19.20
2007.09.10 18:42:10.339,1.567,1.5672,12.80,11.20
2007.09.10 18:42:10.772,1.567,1.5672,12.80,12.00
2007.09.10 18:42:10.980,1.567,1.56725,12.80,12.80
2007.09.10 18:42:13.604,1.567,1.56725,12.80,13.60
2007.09.10 18:42:13.645,1.567,1.5672,4.80,0.70
2007.09.10 18:42:13.682,1.567,1.5672,4.00,0.70
2007.09.10 18:42:13.764,1.5669,1.5672,24.70,0.90
2007.09.10 18:42:13.859,1.5669,1.56725,16.70,16.80
2007.09.10 18:42:14.036,1.5669,1.56715,16.70,0.80
2007.09.10 18:42:14.180,1.5669,1.56715,16.00,1.60
2007.09.10 18:42:14.276,1.5669,1.5671,4.00,0.50
2007.09.10 18:42:14.484,1.5668,1.5671,31.70,0.50
2007.09.10 18:42:14.891,1.5668,1.5672,31.70,40.90
2007.09.10 18:42:14.954,1.5668,1.5672,31.70,41.70
2007.09.10 18:42:15.505,1.5668,1.5672,31.70,42.50
2007.09.10 18:42:15.717,1.5668,1.5672,30.10,42.50
2007.09.10 18:42:16.657,1.5668,1.5671,30.90,0.90
2007.09.10 18:42:16.682,1.5668,1.5672,33.30,47.30
2007.09.10 18:42:16.767,1.5669,1.5672,4.00,45.60
2007.09.10 18:42:17.504,1.5669,1.5672,4.00,52.80
2007.09.10 18:42:19.756,1.5668,1.5671,25.50,0.70
2007.09.10 18:42:19.864,1.5668,1.5672,17.50,51.00
2007.09.10 18:42:20.074,1.5668,1.5671,16.80,12.00
2007.09.10 18:42:20.181,1.5668,1.567,12.80,0.70
2007.09.10 18:42:20.284,1.5668,1.5671,12.80,12.80
2007.09.10 18:42:20.821,1.5668,1.5671,12.80,20.80
2007.09.10 18:42:20.860,1.5668,1.5671,12.80,20.80
2007.09.10 18:42:21.021,1.5668,1.567,8.80,0.80
2007.09.10 18:42:21.228,1.5668,1.5671,4.80,24.80
2007.09.10 18:42:21.329,1.5668,1.5671,4.80,33.60
2007.09.10 18:42:21.398,1.5668,1.56695,4.80,0.80
2007.09.10 18:42:21.637,1.5668,1.567,4.00,11.20
2007.09.10 18:42:21.752,1.5667,1.56695,31.10,0.80
2007.09.10 18:42:21.955,1.5667,1.567,29.50,11.20
2007.09.10 18:42:26.085,1.5667,1.56695,34.30,0.80
2007.09.10 18:42:26.193,1.5668,1.567,8.00,12.00
2007.09.10 18:42:26.236,1.5668,1.567,8.80,12.00
2007.09.10 18:42:26.266,1.5668,1.567,8.80,0.60
2007.09.10 18:42:27.084,1.5668,1.567,8.80,0.50
2007.09.10 18:42:27.396,1.5668,1.567,8.80,0.60
2007.09.10 18:42:27.956,1.5668,1.567,4.80,0.90
2007.09.10 18:42:28.480,1.5668,1.5671,8.80,33.60
2007.09.10 18:42:34.374,1.5668,1.5671,9.60,34.40
2007.09.10 18:42:37.053,1.5668,1.567,9.60,0.60
2007.09.10 18:42:37.254,1.5668,1.567,5.60,0.70
2007.09.10 18:42:37.359,1.5668,1.5671,9.60,32.80
2007.09.10 18:42:37.468,1.5668,1.5671,17.60,32.80
2007.09.10 18:42:38.618,1.5668,1.5671,17.60,34.40
2007.09.10 18:42:40.791,1.5668,1.5671,9.60,41.60
2007.09.10 18:42:40.820,1.5668,1.567,5.60,0.60
2007.09.10 18:42:42.834,1.5668,1.567,5.60,11.20
2007.09.10 18:42:43.002,1.5668,1.567,5.60,10.40
2007.09.10 18:42:43.092,1.5668,1.567,5.60,11.20
2007.09.10 18:42:43.157,1.5668,1.567,5.60,10.40
2007.09.10 18:42:44.206,1.5668,1.567,5.60,9.60
2007.09.10 18:42:44.731,1.5668,1.567,9.60,9.60
2007.09.10 18:42:44.996,1.5668,1.567,5.60,9.60
2007.09.10 18:42:45.167,1.5668,1.567,5.60,8.80
2007.09.10 18:42:45.650,1.5668,1.567,9.60,5.60
2007.09.10 18:42:46.182,1.5668,1.567,13.60,5.60
2007.09.10 18:42:49.591,1.5668,1.567,13.60,4.80
2007.09.10 18:42:50.873,1.5668,1.567,1.80,4.80
2007.09.10 18:42:56.614,1.5668,1.567,1.70,5.60
2007.09.10 18:42:56.720,1.5667,1.567,46.10,5.60
2007.09.10 18:43:00.673,1.5667,1.567,43.70,4.80
2007.09.10 18:43:00.987,1.5668,1.567,2.80,4.80
2007.09.10 18:43:01.172,1.5668,1.567,25.40,4.80
2007.09.10 18:43:01.282,1.5669,1.567,4.20,0.80
2007.09.10 18:43:01.380,1.5668,1.567,30.20,0.80
2007.09.10 18:43:02.209,1.5668,1.567,40.00,0.80
2007.09.10 18:43:02.313,1.5669,1.567,5.50,0.80
2007.09.10 18:43:02.422,1.5668,1.567,40.00,0.80
2007.09.10 18:43:02.519,1.5668,1.567,36.00,0.80
2007.09.10 18:43:02.726,1.567,1.56705,1.30,0.80
2007.09.10 18:43:02.809,1.567,1.56705,1.80,0.80
2007.09.10 18:43:02.972,1.567,1.5672,2.10,19.20
2007.09.10 18:43:03.038,1.5669,1.5672,27.20,11.20
2007.09.10 18:43:03.074,1.567,1.5672,0.70,12.00
2007.09.10 18:43:03.423,1.5669,1.5672,30.90,12.00
2007.09.10 18:43:04.595,1.567,1.5672,2.00,12.00
2007.09.10 18:43:05.127,1.5669,1.5672,15.40,12.00
2007.09.10 18:43:09.664,1.5668,1.567,48.60,0.80
2007.09.10 18:43:09.771,1.5669,1.567,14.90,0.80
2007.09.10 18:43:10.096,1.567,1.5671,0.80,0.80
2007.09.10 18:43:10.294,1.5669,1.567,8.40,0.80
2007.09.10 18:43:10.397,1.5668,1.567,35.60,1.60
2007.09.10 18:43:10.512,1.5668,1.567,32.60,9.60
2007.09.10 18:43:10.617,1.5669,1.567,6.10,10.40
2007.09.10 18:43:10.722,1.5668,1.567,23.20,10.40
2007.09.10 18:43:10.821,1.5669,1.567,1.50,18.40
2007.09.10 18:43:10.849,1.5667,1.567,38.00,19.20
2007.09.10 18:43:11.003,1.5668,1.567,3.10,18.40
2007.09.10 18:43:11.133,1.5668,1.567,6.40,12.80
2007.09.10 18:43:11.448,1.56675,1.567,30.40,8.80
2007.09.10 18:43:11.829,1.56675,1.567,24.80,15.20
2007.09.10 18:43:11.863,1.5668,1.567,6.70,11.20
2007.09.10 18:43:12.064,1.56675,1.567,31.00,11.20
2007.09.10 18:43:12.173,1.5668,1.567,9.50,11.20
2007.09.10 18:43:12.229,1.5667,1.567,46.00,5.60
2007.09.10 18:43:12.474,1.5667,1.567,41.40,5.60
2007.09.10 18:43:12.549,1.5667,1.567,38.20,6.40
2007.09.10 18:43:12.654,1.5668,1.567,1.70,6.40
2007.09.10 18:43:12.756,1.5667,1.567,43.00,5.60
2007.09.10 18:43:12.889,1.5668,1.567,3.80,4.80
2007.09.10 18:43:13.118,1.567,1.56705,0.80,0.80
2007.09.10 18:43:13.286,1.567,1.56705,0.80,0.80
2007.09.10 18:43:13.836,1.5669,1.5671,10.30,16.80
2007.09.10 18:43:14.450,1.567,1.5671,0.80,12.80
2007.09.10 18:43:14.640,1.567,1.5671,1.10,12.00
2007.09.10 18:43:14.842,1.567,1.5671,0.80,8.00
2007.09.10 18:43:14.990,1.5669,1.5672,31.00,8.80
2007.09.10 18:43:15.179,1.5669,1.5672,36.60,4.80
2007.09.10 18:43:16.214,1.5669,1.5672,32.60,4.80
2007.09.10 18:43:17.672,1.567,1.5672,1.80,8.80
2007.09.10 18:43:17.687,1.567,1.5672,4.70,9.60
2007.09.10 18:43:17.992,1.5669,1.5672,30.20,13.60
2007.09.10 18:43:18.498,1.567,1.5672,3.10,13.60
2007.09.10 18:43:24.152,1.5669,1.5672,30.20,12.80
2007.09.10 18:43:24.166,1.5669,1.5672,30.20,13.60
2007.09.10 18:43:24.213,1.5669,1.5672,30.20,14.40
2007.09.10 18:43:24.564,1.567,1.5672,3.10,16.00
2007.09.10 18:43:32.154,1.5669,1.5672,30.20,18.40
2007.09.10 18:43:32.460,1.5669,1.5672,30.20,17.60
2007.09.10 18:43:33.799,1.567,1.5672,2.70,15.20
2007.09.10 18:43:37.122,1.567,1.5672,2.30,16.00
2007.09.10 18:43:37.187,1.5669,1.5672,27.10,16.00
2007.09.10 18:43:37.219,1.5668,1.5672,41.50,16.00
2007.09.10 18:43:37.239,1.5668,1.56715,41.50,0.80
2007.09.10 18:43:37.292,1.5668,1.56715,41.50,0.80
2007.09.10 18:43:37.438,1.5669,1.56715,3.10,0.80
2007.09.10 18:43:46.728,1.5669,1.5671,12.70,4.00
2007.09.10 18:43:47.050,1.5669,1.5671,12.70,4.80
2007.09.10 18:43:47.280,1.5669,1.5671,12.70,5.60
2007.09.10 18:43:47.558,1.5669,1.5671,12.70,6.40
2007.09.10 18:43:48.093,1.5669,1.5671,8.70,10.40
2007.09.10 18:43:48.606,1.5669,1.5671,4.70,10.40
2007.09.10 18:43:53.043,1.567,1.5671,0.80,10.40
2007.09.10 18:43:53.120,1.567,1.5671,1.60,10.40
2007.09.10 18:43:53.266,1.567,1.5671,1.60,5.60
2007.09.10 18:43:53.430,1.567,1.5671,1.60,4.80
2007.09.10 18:43:53.508,1.567,1.5671,1.60,4.00
2007.09.10 18:43:53.994,1.567,1.56715,5.60,0.80
2007.09.10 18:43:54.107,1.567,1.5672,5.60,14.40
2007.09.10 18:43:54.666,1.567,1.5672,5.60,15.20
2007.09.10 18:43:59.690,1.567,1.5672,8.00,15.20
2007.09.10 18:43:59.778,1.567,1.5672,11.00,15.20
2007.09.10 18:44:00.320,1.567,1.5672,19.00,6.40
2007.09.10 18:44:00.401,1.567,1.5672,19.00,5.60
2007.09.10 18:44:00.623,1.567,1.5672,19.00,6.40
2007.09.10 18:44:00.729,1.567,1.5672,27.00,5.60
2007.09.10 18:44:01.142,1.567,1.5672,31.00,5.60
2007.09.10 18:44:01.863,1.567,1.5672,23.00,9.60
2007.09.10 18:44:01.976,1.567,1.5672,20.00,13.60
2007.09.10 18:44:02.008,1.567,1.5672,20.00,14.40
2007.09.10 18:44:02.472,1.567,1.5672,12.00,14.40
2007.09.10 18:44:02.759,1.567,1.5672,9.60,14.40
2007.09.10 18:44:03.027,1.567,1.56715,9.60,0.80
2007.09.10 18:44:04.412,1.567,1.5672,9.60,15.20
2007.09.10 18:44:04.759,1.567,1.5671,1.60,4.00
2007.09.10 18:44:04.843,1.567,1.5672,5.60,23.20
2007.09.10 18:44:05.271,1.567,1.5672,5.60,19.20
2007.09.10 18:44:05.592,1.567,1.5672,5.60,15.20
2007.09.10 18:44:12.111,1.5671,1.5672,0.80,15.20
2007.09.10 18:44:12.203,1.5671,1.5672,0.80,11.20
2007.09.10 18:44:12.311,1.5671,1.5672,0.80,7.20
2007.09.10 18:44:12.412,1.5671,1.5672,0.80,6.40
2007.09.10 18:44:12.541,1.5671,1.5672,0.80,5.60
2007.09.10 18:44:12.559,1.5671,1.5672,0.80,4.80
2007.09.10 18:44:12.849,1.5671,1.5672,0.80,5.60
2007.09.10 18:44:16.107,1.5671,1.5672,0.80,4.80
2007.09.10 18:44:16.225,1.5671,1.5672,4.80,0.80
2007.09.10 18:44:16.311,1.5671,1.56725,4.80,0.80
2007.09.10 18:44:16.369,1.5671,1.5673,4.80,13.60
2007.09.10 18:44:16.618,1.5671,1.5673,4.80,14.40
2007.09.10 18:44:16.641,1.5671,1.5673,4.80,10.40
2007.09.10 18:44:18.281,1.5671,1.5674,4.80,38.20
2007.09.10 18:44:18.930,1.5671,1.5673,4.80,0.50
2007.09.10 18:44:23.791,1.5671,1.5674,4.00,38.50
2007.09.10 18:44:24.209,1.5671,1.5672,4.00,0.70
2007.09.10 18:44:24.329,1.567,1.5672,36.80,0.70
2007.09.10 18:44:24.748,1.567,1.5672,24.80,0.70
2007.09.10 18:44:24.878,1.567,1.5672,24.80,1.50
2007.09.10 18:44:25.075,1.567,1.5672,16.80,1.50
2007.09.10 18:44:25.253,1.5671,1.5672,0.70,9.50
2007.09.10 18:44:25.469,1.5669,1.5672,9.60,14.30
2007.09.10 18:44:25.674,1.5669,1.56715,5.60,1.50
2007.09.10 18:44:25.994,1.5669,1.5672,5.60,23.80
2007.09.10 18:44:26.185,1.5669,1.567,5.60,0.80
2007.09.10 18:44:26.776,1.5669,1.567,5.60,0.50
2007.09.10 18:44:26.886,1.5669,1.56705,1.60,1.60
2007.09.10 18:44:26.977,1.5669,1.56705,1.60,2.30
2007.09.10 18:44:27.425,1.5669,1.567,1.60,0.60
2007.09.10 18:44:27.808,1.5668,1.56705,27.80,3.10
2007.09.10 18:44:28.453,1.5668,1.56705,23.80,7.10
2007.09.10 18:44:30.911,1.5668,1.56705,23.80,6.30
2007.09.10 18:44:31.025,1.5668,1.567,24.60,0.90
2007.09.10 18:44:31.052,1.5668,1.56705,25.40,6.30
2007.09.10 18:44:31.142,1.5668,1.567,29.40,0.70
2007.09.10 18:44:31.308,1.5668,1.5671,30.20,28.60
2007.09.10 18:44:32.029,1.5668,1.5671,32.60,28.60
2007.09.10 18:44:37.277,1.5668,1.5671,33.40,28.60
2007.09.10 18:44:37.481,1.5668,1.5671,34.20,28.60
2007.09.10 18:44:44.611,1.5668,1.567,34.20,0.60
2007.09.10 18:44:44.669,1.5668,1.5671,35.00,27.00
2007.09.10 18:44:45.204,1.5669,1.567,0.80,0.80
2007.09.10 18:44:45.938,1.5669,1.5671,0.80,23.10
2007.09.10 18:44:46.002,1.5669,1.5672,0.80,36.70
2007.09.10 18:44:46.053,1.5669,1.5671,0.80,0.50
2007.09.10 18:44:46.144,1.5669,1.5671,0.80,0.60
2007.09.10 18:44:56.206,1.56685,1.5671,0.80,8.70
2007.09.10 18:44:59.552,1.56685,1.5671,0.80,0.60
2007.09.10 18:45:05.600,1.56685,1.5671,0.80,9.50
2007.09.10 18:45:05.708,1.56685,1.5671,0.80,10.60
2007.09.10 18:45:08.611,1.56685,1.5671,0.80,30.30
2007.09.10 18:45:09.159,1.5669,1.567,0.80,0.90
2007.09.10 18:45:09.215,1.5669,1.567,0.80,0.80
2007.09.10 18:45:09.413,1.5669,1.5671,1.60,20.80
2007.09.10 18:45:09.433,1.5669,1.5671,2.40,20.80
2007.09.10 18:45:09.649,1.567,1.5672,2.40,30.40
2007.09.10 18:45:09.720,1.567,1.5672,3.20,24.80
2007.09.10 18:45:10.076,1.567,1.5671,4.00,0.90
2007.09.10 18:45:10.331,1.567,1.5672,4.80,24.80
2007.09.10 18:45:10.479,1.567,1.5671,2.40,0.60
2007.09.10 18:45:10.585,1.567,1.5672,2.40,15.10
2007.09.10 18:45:10.700,1.567,1.5672,1.60,15.10
2007.09.10 18:45:10.793,1.567,1.5672,1.60,0.70
2007.09.10 18:45:11.010,1.567,1.5673,11.20,34.60
2007.09.10 18:45:16.197,1.567,1.5673,12.00,34.60
2007.09.10 18:45:16.297,1.567,1.5673,12.00,33.90
2007.09.10 18:45:17.125,1.567,1.5672,12.00,0.50
2007.09.10 18:45:17.483,1.56705,1.5672,0.80,0.90
2007.09.10 18:45:18.161,1.56705,1.5673,0.80,0.90
2007.09.10 18:45:18.328,1.56705,1.5674,0.80,41.40
2007.09.10 18:45:18.359,1.56705,1.5674,0.80,41.40
2007.09.10 18:45:18.547,1.56705,1.5673,0.80,0.50
2007.09.10 18:45:18.682,1.56705,1.5674,0.80,42.20
2007.09.10 18:45:19.645,1.5672,1.5674,0.80,42.20
2007.09.10 18:45:19.894,1.56725,1.5673,0.80,0.70
2007.09.10 18:45:19.940,1.56725,1.5673,0.80,0.50
2007.09.10 18:45:20.133,1.56725,1.5673,0.80,0.50
2007.09.10 18:45:20.433,1.56725,1.5675,0.80,49.80
2007.09.10 18:45:20.723,1.56725,1.5675,0.80,43.40
2007.09.10 18:45:20.766,1.56725,1.5674,0.80,0.70
2007.09.10 18:45:21.040,1.56725,1.5674,0.80,0.50
2007.09.10 18:45:22.286,1.56725,1.5675,0.80,0.80
2007.09.10 18:45:22.708,1.5673,1.56755,4.80,18.70
2007.09.10 18:45:22.917,1.5673,1.5675,4.80,0.80
2007.09.10 18:45:23.192,1.5673,1.56755,4.80,22.70
2007.09.10 18:45:23.605,1.5673,1.5676,4.80,47.60
2007.09.10 18:45:23.704,1.5673,1.5676,4.80,50.00
2007.09.10 18:45:23.847,1.5673,1.5676,0.80,49.40
2007.09.10 18:45:24.108,1.5673,1.5675,0.80,0.50
2007.09.10 18:45:24.279,1.5673,1.5676,0.80,51.80
2007.09.10 18:45:24.443,1.5673,1.5675,0.80,27.50
2007.09.10 18:45:24.939,1.5673,1.56745,0.80,3.20
2007.09.10 18:45:25.362,1.5673,1.5674,0.80,0.80
2007.09.10 18:45:26.366,1.5673,1.56745,4.80,5.60
2007.09.10 18:45:26.769,1.5672,1.5674,4.00,19.50
2007.09.10 18:45:26.871,1.5671,1.5674,19.20,23.80
2007.09.10 18:45:27.190,1.5671,1.5673,18.40,0.80
2007.09.10 18:45:27.855,1.5671,1.5674,14.40,40.60
2007.09.10 18:45:28.487,1.5671,1.5673,10.40,0.70
2007.09.10 18:45:31.720,1.5671,1.5673,11.20,4.30
2007.09.10 18:45:33.165,1.5671,1.5673,10.40,4.30
2007.09.10 18:45:37.917,1.5671,1.5673,11.20,4.30
2007.09.10 18:45:39.073,1.5671,1.5673,11.20,4.00
2007.09.10 18:45:40.101,1.5671,1.5673,15.20,4.00
2007.09.10 18:45:40.400,1.5671,1.5674,15.20,19.50
2007.09.10 18:45:40.911,1.5671,1.5674,23.20,19.50
2007.09.10 18:45:41.030,1.5672,1.5674,0.80,19.20
2007.09.10 18:45:41.247,1.5672,1.5674,4.80,15.20
2007.09.10 18:45:41.330,1.5672,1.5674,16.60,7.20
2007.09.10 18:45:41.541,1.5672,1.5674,20.60,3.20
2007.09.10 18:45:42.070,1.5672,1.5675,22.20,22.70
2007.09.10 18:45:42.388,1.5672,1.5675,22.20,17.10
2007.09.10 18:45:42.568,1.5672,1.5675,22.20,14.70
2007.09.10 18:45:42.844,1.56725,1.5675,0.80,14.70
2007.09.10 18:45:45.378,1.56725,1.5675,0.80,17.70
2007.09.10 18:45:45.911,1.56725,1.5675,0.80,25.70
2007.09.10 18:45:48.722,1.56725,1.56755,0.80,28.10
2007.09.10 18:45:51.308,1.56725,1.56755,0.80,25.10
2007.09.10 18:45:51.391,1.56725,1.56755,0.80,17.10
2007.09.10 18:45:52.712,1.5673,1.5676,0.80,44.60
2007.09.10 18:45:52.821,1.5673,1.5676,0.80,44.30
2007.09.10 18:45:53.059,1.5673,1.5675,0.80,0.60
2007.09.10 18:45:53.343,1.5673,1.5676,0.80,37.90
2007.09.10 18:45:53.538,1.5673,1.5676,4.80,37.10
2007.09.10 18:45:53.611,1.56735,1.5676,0.80,37.10
2007.09.10 18:45:53.662,1.56735,1.5677,0.80,45.40
2007.09.10 18:45:54.080,1.5674,1.5677,0.80,44.40
2007.09.10 18:45:54.113,1.5674,1.5677,0.80,44.40
2007.09.10 18:45:54.165,1.5674,1.5676,0.80,0.60
2007.09.10 18:45:54.492,1.56745,1.5677,0.80,42.20
2007.09.10 18:45:54.794,1.56745,1.5677,0.80,41.40
2007.09.10 18:45:55.116,1.5675,1.5677,4.00,37.40
2007.09.10 18:45:55.428,1.5675,1.5677,4.00,0.70
2007.09.10 18:46:02.350,1.5675,1.5677,4.80,0.60
2007.09.10 18:46:07.017,1.5675,1.56775,4.00,23.00
2007.09.10 18:46:07.118,1.5675,1.56775,4.00,27.00
2007.09.10 18:46:07.172,1.5675,1.56775,4.00,27.00
2007.09.10 18:46:07.756,1.5675,1.56775,4.00,29.40
2007.09.10 18:46:07.945,1.5675,1.5676,4.00,0.80
2007.09.10 18:46:08.386,1.5675,1.5677,4.00,35.70
2007.09.10 18:46:10.537,1.5674,1.5676,18.40,0.70
2007.09.10 18:46:10.847,1.5674,1.5676,14.40,0.60
2007.09.10 18:46:10.967,1.5674,1.5676,14.40,0.90
2007.09.10 18:46:11.383,1.5674,1.5677,6.40,40.50
2007.09.10 18:46:12.421,1.5674,1.5677,10.40,38.10
2007.09.10 18:46:12.539,1.5674,1.5676,6.40,0.80
2007.09.10 18:46:15.122,1.5674,1.5677,10.40,34.10
2007.09.10 18:46:18.222,1.5674,1.5676,6.40,9.50
2007.09.10 18:46:20.493,1.5674,1.5676,7.20,9.50
2007.09.10 18:46:21.027,1.5674,1.5676,7.20,8.80
2007.09.10 18:46:21.127,1.5674,1.5676,11.20,8.80
2007.09.10 18:46:22.485,1.5674,1.5676,19.20,8.80
2007.09.10 18:46:27.890,1.5674,1.5676,21.60,8.80
2007.09.10 18:46:28.015,1.5674,1.5676,28.00,8.80
2007.09.10 18:46:28.077,1.5674,1.5676,28.00,9.50
2007.09.10 18:46:28.114,1.5674,1.5676,30.40,9.50
2007.09.10 18:46:28.410,1.5674,1.5676,30.40,8.70
2007.09.10 18:46:29.001,1.5674,1.5676,33.40,8.00
2007.09.10 18:46:29.598,1.5674,1.5676,37.40,8.00
2007.09.10 18:46:29.740,1.5674,1.5676,36.60,8.00
2007.09.10 18:46:29.837,1.5675,1.5676,0.80,8.00
2007.09.10 18:46:30.128,1.5675,1.5677,12.80,12.80
2007.09.10 18:46:30.220,1.5675,1.5677,13.60,8.80
2007.09.10 18:46:32.062,1.5675,1.5677,5.60,8.80
2007.09.10 18:46:34.920,1.5675,1.5677,6.40,8.80
2007.09.10 18:46:38.198,1.5675,1.5677,10.40,8.80
2007.09.10 18:46:38.652,1.5675,1.5677,9.60,8.80
2007.09.10 18:46:38.820,1.5675,1.5677,10.40,8.80
2007.09.10 18:46:43.014,1.5674,1.5677,43.20,8.80
2007.09.10 18:46:44.122,1.5674,1.5677,51.20,8.00
2007.09.10 18:46:44.319,1.5674,1.5677,48.80,4.00
2007.09.10 18:46:44.342,1.5674,1.5678,48.80,18.70
2007.09.10 18:46:44.446,1.5675,1.5678,11.80,18.70
2007.09.10 18:46:44.581,1.56745,1.5678,28.80,18.70
2007.09.10 18:46:44.642,1.56745,1.5678,32.80,14.70
2007.09.10 18:46:44.708,1.56755,1.5678,0.80,14.70
2007.09.10 18:46:45.403,1.5675,1.5678,32.80,9.10
2007.09.10 18:46:45.772,1.56755,1.5678,1.60,9.10
2007.09.10 18:46:52.296,1.56755,1.5678,10.40,5.10
2007.09.10 18:46:52.707,1.56755,1.5678,5.60,9.10
2007.09.10 18:46:52.814,1.56755,1.5678,6.40,9.10
2007.09.10 18:46:52.862,1.56755,1.5678,9.60,9.10
2007.09.10 18:46:52.912,1.5676,1.5678,5.90,9.10
2007.09.10 18:46:53.073,1.56755,1.5678,9.60,9.10
2007.09.10 18:46:53.136,1.5675,1.5678,42.20,9.10
2007.09.10 18:46:53.185,1.5676,1.5678,5.20,9.10
2007.09.10 18:46:53.275,1.5675,1.5678,43.80,9.10
2007.09.10 18:46:53.304,1.5676,1.5678,3.80,9.10
2007.09.10 18:46:54.357,1.5675,1.5678,46.20,9.10
2007.09.10 18:46:55.699,1.5675,1.5678,45.40,4.80
2007.09.10 18:46:55.806,1.5675,1.5678,47.00,4.80
2007.09.10 18:46:55.997,1.5676,1.5678,10.60,4.80
2007.09.10 18:46:56.027,1.5676,1.5678,25.40,0.80
2007.09.10 18:46:56.869,1.5677,1.5679,1.60,13.50
2007.09.10 18:46:57.048,1.5676,1.5678,36.60,4.00
2007.09.10 18:46:57.186,1.5676,1.5678,20.30,4.00
2007.09.10 18:46:57.227,1.56775,1.5678,0.80,4.00
2007.09.10 18:46:57.282,1.56765,1.5678,1.70,4.00
2007.09.10 18:46:57.695,1.5678,1.5679,0.80,9.50
2007.09.10 18:46:57.822,1.56765,1.5678,3.20,4.80
2007.09.10 18:46:57.983,1.5677,1.5678,12.80,0.80
2007.09.10 18:46:58.224,1.5677,1.5679,22.40,4.00
2007.09.10 18:46:58.538,1.5677,1.5679,32.00,4.00
2007.09.10 18:46:58.927,1.5678,1.568,5.50,13.50
2007.09.10 18:46:59.326,1.5678,1.568,2.80,13.50
2007.09.10 18:46:59.461,1.5678,1.568,3.20,13.50
2007.09.10 18:46:59.520,1.5677,1.568,40.00,13.50
2007.09.10 18:46:59.657,1.5677,1.568,31.20,21.50
2007.09.10 18:47:00.696,1.5677,1.568,27.20,21.50
2007.09.10 18:47:00.714,1.5678,1.568,0.80,21.50
2007.09.10 18:47:00.767,1.5678,1.568,1.70,13.50
2007.09.10 18:47:04.514,1.5677,1.568,28.00,13.50
2007.09.10 18:47:05.668,1.5677,1.5681,35.20,38.00
2007.09.10 18:47:06.564,1.5677,1.568,28.00,14.20
2007.09.10 18:47:09.484,1.5678,1.5679,0.80,0.70
2007.09.10 18:47:09.696,1.5678,1.5679,0.50,0.70
2007.09.10 18:47:09.884,1.5677,1.568,24.80,27.60
2007.09.10 18:47:09.980,1.5677,1.568,24.80,27.60
2007.09.10 18:47:10.570,1.56765,1.568,18.40,35.60
2007.09.10 18:47:10.940,1.56765,1.568,19.20,37.20
2007.09.10 18:47:11.177,1.56765,1.568,18.40,38.00
2007.09.10 18:47:11.252,1.5677,1.5679,0.90,0.90
2007.09.10 18:47:12.352,1.5677,1.5678,0.70,0.70
2007.09.10 18:47:12.452,1.56765,1.5679,8.80,9.40
2007.09.10 18:47:13.093,1.5677,1.5678,4.00,0.90
2007.09.10 18:47:13.328,1.5677,1.5679,4.00,15.60
2007.09.10 18:47:13.393,1.56765,1.5679,0.80,28.40
2007.09.10 18:47:25.185,1.56765,1.5678,0.80,0.90
2007.09.10 18:47:25.496,1.56765,1.5677,0.80,0.70
2007.09.10 18:47:25.525,1.5676,1.5677,16.00,0.70
2007.09.10 18:47:25.681,1.5676,1.5678,16.80,10.20
2007.09.10 18:47:26.070,1.5676,1.5678,11.20,10.20
2007.09.10 18:47:27.262,1.5676,1.5678,7.20,18.00
2007.09.10 18:47:27.580,1.5676,1.5678,2.40,18.80
2007.09.10 18:47:27.607,1.5676,1.5678,1.60,18.80
2007.09.10 18:47:28.327,1.5676,1.5677,0.80,0.80
2007.09.10 18:47:28.561,1.5676,1.5678,1.60,18.80
2007.09.10 18:47:29.156,1.5676,1.5677,2.40,0.70
2007.09.10 18:47:29.358,1.5676,1.5678,10.40,0.80
2007.09.10 18:47:29.705,1.5676,1.5678,9.60,0.60
2007.09.10 18:47:29.956,1.5676,1.56785,9.60,12.50
2007.09.10 18:47:30.001,1.5676,1.56785,9.60,13.30
2007.09.10 18:47:30.480,1.5676,1.5678,1.60,17.50
2007.09.10 18:47:30.831,1.56765,1.5677,0.80,0.70
2007.09.10 18:47:31.428,1.56765,1.56785,0.80,11.10
2007.09.10 18:47:31.463,1.56765,1.5678,0.80,0.60
2007.09.10 18:47:31.840,1.56765,1.5678,0.80,0.80
2007.09.10 18:47:33.384,1.56765,1.56785,0.80,10.40
2007.09.10 18:47:33.712,1.5676,1.5678,8.00,0.50
2007.09.10 18:47:33.904,1.5676,1.5678,16.00,1.60
2007.09.10 18:47:33.987,1.56765,1.5678,0.80,1.60
2007.09.10 18:47:34.827,1.56765,1.5678,0.80,0.80
2007.09.10 18:47:34.934,1.56765,1.5679,0.80,19.50
2007.09.10 18:47:35.567,1.5677,1.5679,0.80,19.50
2007.09.10 18:47:35.641,1.5677,1.5679,0.80,17.10
2007.09.10 18:47:35.690,1.56765,1.5679,0.80,17.10
2007.09.10 18:47:35.775,1.56765,1.5678,0.80,4.00
2007.09.10 18:47:36.052,1.5677,1.5678,0.80,4.00
2007.09.10 18:47:36.160,1.5677,1.5679,4.80,30.60
2007.09.10 18:47:36.167,1.5677,1.5679,4.80,33.00
2007.09.10 18:47:36.465,1.5677,1.5679,4.80,29.00
2007.09.10 18:47:37.506,1.5677,1.5679,4.80,27.40
2007.09.10 18:47:37.614,1.5677,1.5679,4.80,26.60
2007.09.10 18:47:37.721,1.5677,1.5679,4.80,23.60
2007.09.10 18:47:38.355,1.5677,1.5679,4.80,15.60
2007.09.10 18:47:38.462,1.5677,1.5679,5.60,15.60
2007.09.10 18:47:38.511,1.5677,1.5679,6.40,15.60
2007.09.10 18:47:38.564,1.5677,1.5679,10.40,7.60
2007.09.10 18:47:38.607,1.56775,1.5679,0.80,7.60
2007.09.10 18:47:38.629,1.5677,1.5679,9.60,8.40
2007.09.10 18:47:38.870,1.5677,1.5679,9.60,11.40
2007.09.10 18:47:38.964,1.5677,1.5679,13.60,11.40
2007.09.10 18:47:39.024,1.5677,1.5679,13.60,10.60
2007.09.10 18:47:39.163,1.5677,1.5679,13.60,10.20
2007.09.10 18:47:39.283,1.5677,1.5679,13.60,11.00
2007.09.10 18:47:39.444,1.5678,1.5679,0.80,8.60
2007.09.10 18:47:39.628,1.5678,1.5679,0.80,17.40
2007.09.10 18:47:39.680,1.5677,1.5679,5.60,18.20
2007.09.10 18:47:40.040,1.5677,1.5679,5.60,20.60
2007.09.10 18:47:41.985,1.5677,1.5679,4.80,20.60
2007.09.10 18:47:42.179,1.5677,1.5679,4.80,21.40
2007.09.10 18:47:42.228,1.5677,1.5679,4.80,22.20
2007.09.10 18:47:42.391,1.5677,1.5679,4.80,30.20
2007.09.10 18:47:42.696,1.5677,1.5678,0.80,4.00
2007.09.10 18:47:42.803,1.5676,1.5678,16.00,4.00
2007.09.10 18:47:56.472,1.5676,1.5678,15.20,4.00
2007.09.10 18:47:56.537,1.56765,1.5678,0.80,4.00
2007.09.10 18:47:56.883,1.56765,1.5678,0.80,0.60
2007.09.10 18:47:58.612,1.56765,1.5678,0.80,0.90
2007.09.10 18:47:58.778,1.56765,1.5677,0.80,0.50
2007.09.10 18:47:58.793,1.5676,1.5678,7.20,9.60
2007.09.10 18:47:58.971,1.5676,1.5677,4.00,0.70
2007.09.10 18:47:59.063,1.5676,1.5678,3.20,10.40
2007.09.10 18:47:59.595,1.5676,1.5677,2.40,0.50
2007.09.10 18:48:00.339,1.5676,1.5677,1.60,0.80
2007.09.10 18:48:00.701,1.5676,1.5678,0.80,27.20
2007.09.10 18:48:00.792,1.5676,1.5678,1.60,28.00
2007.09.10 18:48:00.906,1.5675,1.5678,18.40,28.00
2007.09.10 18:48:01.716,1.5675,1.5677,19.20,0.50
2007.09.10 18:48:05.285,1.5675,1.5678,19.20,0.90
2007.09.10 18:48:05.916,1.5675,1.5678,19.20,0.90
2007.09.10 18:48:06.011,1.5675,1.56785,23.20,12.00
2007.09.10 18:48:06.596,1.5676,1.5679,0.80,41.60
2007.09.10 18:48:07.241,1.5676,1.5678,0.80,0.70
2007.09.10 18:48:07.873,1.5677,1.5679,0.80,40.80
2007.09.10 18:48:09.740,1.5677,1.5679,0.80,21.60
2007.09.10 18:48:10.165,1.5678,1.5679,0.80,9.60
2007.09.10 18:48:10.264,1.56775,1.5678,0.80,0.70
2007.09.10 18:48:10.442,1.5678,1.5681,0.80,38.00
2007.09.10 18:48:10.673,1.5678,1.568,0.80,0.50
2007.09.10 18:48:11.009,1.5678,1.5681,0.80,42.30
2007.09.10 18:48:11.164,1.5678,1.5681,0.80,41.50
2007.09.10 18:48:11.263,1.568,1.5681,0.80,30.60
2007.09.10 18:48:11.808,1.568,1.5681,1.60,30.20
2007.09.10 18:48:11.829,1.5679,1.568,2.40,0.70
2007.09.10 18:48:12.521,1.56795,1.568,0.80,0.80
2007.09.10 18:48:12.714,1.56795,1.568,0.80,0.60
2007.09.10 18:48:12.804,1.56795,1.568,0.80,0.50
2007.09.10 18:48:13.110,1.568,1.5681,3.20,28.90
2007.09.10 18:48:13.345,1.568,1.5681,2.40,28.90
2007.09.10 18:48:13.435,1.568,1.5681,3.20,28.90
2007.09.10 18:48:13.572,1.568,1.5682,7.20,0.90
2007.09.10 18:48:14.475,1.568,1.5682,11.20,0.60
2007.09.10 18:48:14.894,1.568,1.5682,11.20,0.90
2007.09.10 18:48:15.005,1.568,1.56835,15.20,37.20
2007.09.10 18:48:15.203,1.568,1.56835,20.00,33.10
2007.09.10 18:48:15.999,1.568,1.56805,19.20,0.50
2007.09.10 18:48:16.233,1.568,1.5682,15.20,3.20
2007.09.10 18:48:16.427,1.568,1.56815,14.40,0.90
2007.09.10 18:48:16.455,1.568,1.56815,9.60,0.50
2007.09.10 18:48:16.514,1.568,1.5682,9.60,0.80
2007.09.10 18:48:16.558,1.568,1.5683,8.80,39.40
2007.09.10 18:48:16.751,1.568,1.5681,8.80,0.60
2007.09.10 18:48:16.876,1.568,1.5681,5.60,0.90
2007.09.10 18:48:17.191,1.568,1.5681,4.80,0.60
2007.09.10 18:48:17.313,1.568,1.56815,0.80,9.30
2007.09.10 18:48:17.637,1.5679,1.5682,14.40,29.60
2007.09.10 18:48:17.972,1.5679,1.5682,8.80,36.80
2007.09.10 18:48:19.253,1.5679,1.5681,4.80,0.80
2007.09.10 18:48:20.174,1.5679,1.5681,4.80,13.00
2007.09.10 18:48:20.593,1.5679,1.5681,0.80,16.80
2007.09.10 18:48:20.701,1.5678,1.568,15.20,0.50
2007.09.10 18:48:20.743,1.5678,1.5681,14.40,35.20
2007.09.10 18:48:21.001,1.5678,1.5679,2.40,0.50
2007.09.10 18:48:21.130,1.5678,1.568,2.40,9.80
2007.09.10 18:48:21.524,1.5678,1.568,1.60,18.60
2007.09.10 18:48:22.087,1.5678,1.5679,0.80,0.90
2007.09.10 18:48:22.365,1.5678,1.568,0.80,34.60
2007.09.10 18:48:24.115,1.5678,1.568,0.80,39.50
2007.09.10 18:48:24.252,1.5677,1.5679,0.80,0.60
2007.09.10 18:48:24.553,1.5677,1.5679,9.60,0.80
2007.09.10 18:48:25.358,1.5677,1.5679,18.40,0.50
2007.09.10 18:48:30.844,1.5677,1.568,14.40,30.60
2007.09.10 18:48:40.774,1.5677,1.5678,14.40,0.50
2007.09.10 18:48:40.884,1.5677,1.5679,14.40,0.50
2007.09.10 18:48:41.124,1.5677,1.568,13.60,32.60
2007.09.10 18:48:41.518,1.5677,1.568,12.80,41.00
2007.09.10 18:48:41.561,1.5677,1.568,12.80,42.60
2007.09.10 18:48:41.578,1.5677,1.568,12.00,47.40
2007.09.10 18:48:41.597,1.5677,1.5679,12.00,0.60
2007.09.10 18:48:41.693,1.5677,1.56785,12.00,0.80
2007.09.10 18:48:41.714,1.5677,1.56785,8.00,1.60
2007.09.10 18:48:42.130,1.5676,1.56785,29.60,5.60
2007.09.10 18:48:42.554,1.5676,1.56785,12.80,9.60
2007.09.10 18:48:42.616,1.5676,1.5678,12.80,0.90
2007.09.10 18:48:42.642,1.5676,1.5678,4.80,0.80
2007.09.10 18:48:42.762,1.5676,1.5678,4.80,0.90
2007.09.10 18:48:43.333,1.5676,1.5678,4.80,12.00
2007.09.10 18:48:43.364,1.5676,1.5678,4.00,12.00
2007.09.10 18:48:43.550,1.5675,1.5676,24.00,0.80
2007.09.10 18:48:43.665,1.5675,1.5676,22.40,0.80
2007.09.10 18:48:43.767,1.5675,1.5676,12.00,0.80
2007.09.10 18:48:44.517,1.5674,1.5676,20.00,0.90
2007.09.10 18:48:44.568,1.5674,1.5676,12.00,0.50
2007.09.10 18:48:45.765,1.5674,1.5675,11.20,0.40
2007.09.10 18:48:45.824,1.5674,1.5676,11.20,0.70
2007.09.10 18:48:46.212,1.5674,1.5676,11.20,0.50
2007.09.10 18:48:46.244,1.5674,1.56765,11.20,6.40
2007.09.10 18:48:46.360,1.5674,1.5676,11.20,0.70
2007.09.10 18:48:46.537,1.5674,1.56755,11.20,0.80
2007.09.10 18:48:46.837,1.5674,1.5676,8.80,6.40
2007.09.10 18:48:46.878,1.5674,1.56755,9.20,0.80
2007.09.10 18:48:46.973,1.5675,1.56755,0.80,0.80
2007.09.10 18:48:47.077,1.5675,1.56755,4.80,0.80
2007.09.10 18:48:47.215,1.5675,1.5676,8.80,2.40
2007.09.10 18:48:47.717,1.5675,1.5676,8.00,2.40
2007.09.10 18:48:48.236,1.5675,1.5676,4.00,8.00
2007.09.10 18:48:48.674,1.5673,1.5676,14.80,31.80
2007.09.10 18:48:50.178,1.5674,1.56755,8.00,0.80
2007.09.10 18:48:50.206,1.5674,1.56755,8.80,0.80
2007.09.10 18:48:50.401,1.5674,1.56755,9.20,0.80
2007.09.10 18:48:50.478,1.5674,1.5676,9.20,18.20
2007.09.10 18:48:50.496,1.5674,1.5676,9.20,14.20
2007.09.10 18:48:50.623,1.5674,1.5676,9.20,15.00
2007.09.10 18:48:52.689,1.5675,1.5676,0.50,15.00
2007.09.10 18:48:52.698,1.5675,1.5676,0.50,14.20
2007.09.10 18:48:52.781,1.5674,1.5676,12.20,11.20
2007.09.10 18:48:53.180,1.5675,1.5676,0.50,11.20
2007.09.10 18:48:53.730,1.5675,1.5676,0.50,7.20
2007.09.10 18:48:53.802,1.5675,1.5676,0.50,6.40
2007.09.10 18:48:54.205,1.5675,1.5676,0.50,5.60
2007.09.10 18:48:54.246,1.5675,1.5676,8.40,1.60
2007.09.10 18:48:54.299,1.5675,1.5676,8.40,0.80
2007.09.10 18:48:54.758,1.5676,1.5677,0.50,9.60
2007.09.10 18:48:55.189,1.5676,1.5677,1.20,9.60
2007.09.10 18:48:55.774,1.5676,1.5678,5.20,19.00
2007.09.10 18:48:55.865,1.5676,1.5678,5.20,18.20
2007.09.10 18:48:55.891,1.5676,1.5678,5.20,13.60
2007.09.10 18:48:55.983,1.5676,1.5678,5.20,14.40
2007.09.10 18:48:56.092,1.5676,1.5678,5.20,15.00
2007.09.10 18:48:56.175,1.5676,1.5678,5.20,14.40
2007.09.10 18:48:56.404,1.5676,1.5678,5.20,15.00
2007.09.10 18:48:56.510,1.5676,1.5678,5.20,10.40
2007.09.10 18:48:56.719,1.5676,1.5678,5.20,11.00
2007.09.10 18:48:56.814,1.5676,1.5678,5.20,10.40
2007.09.10 18:48:57.977,1.5676,1.5678,5.20,11.20
2007.09.10 18:49:03.336,1.5676,1.5678,5.20,19.20
2007.09.10 18:49:03.458,1.5676,1.5678,5.20,23.20
2007.09.10 18:49:03.661,1.5676,1.5677,1.20,4.00
2007.09.10 18:49:05.334,1.5675,1.5677,28.80,4.00
2007.09.10 18:49:06.770,1.5675,1.5678,32.80,23.20
2007.09.10 18:49:06.978,1.5675,1.5678,32.80,15.20
2007.09.10 18:49:07.059,1.5675,1.5678,36.80,11.20
2007.09.10 18:49:16.092,1.5675,1.5678,34.40,12.00
2007.09.10 18:49:16.166,1.5676,1.5677,1.00,4.00
2007.09.10 18:49:16.907,1.5675,1.5677,34.00,4.00
2007.09.10 18:49:17.216,1.5675,1.5677,21.20,4.30
2007.09.10 18:49:17.528,1.5675,1.5677,4.20,4.30
2007.09.10 18:49:17.741,1.5674,1.5677,34.20,4.30
2007.09.10 18:49:18.447,1.5675,1.5677,6.50,4.30
2007.09.10 18:49:20.817,1.5675,1.5677,6.40,4.00
2007.09.10 18:49:21.135,1.5674,1.5676,34.20,0.80
2007.09.10 18:49:21.153,1.5674,1.5676,33.80,0.80
2007.09.10 18:49:21.428,1.5674,1.5676,28.20,1.60
2007.09.10 18:49:21.560,1.5674,1.5676,25.80,5.60
2007.09.10 18:49:22.075,1.5673,1.5676,46.80,5.60
2007.09.10 18:49:22.458,1.5673,1.5676,42.00,5.60
2007.09.10 18:49:22.514,1.5674,1.5676,7.70,6.40
2007.09.10 18:49:22.702,1.5674,1.5676,7.90,6.70
2007.09.10 18:49:22.862,1.5673,1.5676,37.60,5.90
2007.09.10 18:49:23.029,1.5673,1.5676,36.80,9.90
2007.09.10 18:49:23.122,1.5674,1.5676,2.30,9.90
2007.09.10 18:49:23.268,1.5673,1.5676,27.80,10.70
2007.09.10 18:49:23.662,1.5673,1.5676,6.80,11.50
2007.09.10 18:49:23.741,1.5672,1.5676,39.80,15.50
2007.09.10 18:49:23.847,1.5672,1.5676,42.20,15.50
2007.09.10 18:49:24.271,1.5672,1.5676,47.80,19.50
2007.09.10 18:49:26.214,1.5672,1.5675,47.20,0.40
2007.09.10 18:49:27.359,1.5672,1.5675,47.20,0.40
2007.09.10 18:49:27.764,1.5672,1.5676,44.80,15.50
2007.09.10 18:49:28.225,1.5672,1.5676,51.20,15.50
2007.09.10 18:49:28.289,1.5672,1.5676,50.20,15.50
2007.09.10 18:49:28.330,1.5672,1.5676,50.20,14.70
2007.09.10 18:49:29.158,1.5672,1.5676,51.00,16.30
2007.09.10 18:49:29.356,1.5674,1.5676,0.80,16.30
2007.09.10 18:49:29.437,1.5674,1.5676,0.70,16.30
2007.09.10 18:49:30.174,1.5674,1.5676,4.10,8.30
2007.09.10 18:49:30.372,1.5674,1.5676,2.30,8.30
2007.09.10 18:49:30.714,1.5673,1.5676,42.20,7.50
2007.09.10 18:49:30.762,1.5674,1.56755,8.20,0.80
2007.09.10 18:49:30.935,1.5673,1.5676,45.40,6.70
2007.09.10 18:49:32.095,1.5674,1.5676,3.60,6.40
2007.09.10 18:49:32.943,1.5674,1.5676,16.60,5.90
2007.09.10 18:49:33.047,1.5674,1.5676,16.60,5.60
2007.09.10 18:49:33.241,1.5674,1.5676,19.00,4.80
2007.09.10 18:49:33.253,1.5674,1.5676,19.00,0.80
2007.09.10 18:49:34.816,1.5674,1.5676,16.00,7.80
2007.09.10 18:49:34.875,1.5674,1.5676,16.00,8.60
2007.09.10 18:49:35.388,1.5674,1.5676,16.00,0.80
2007.09.10 18:49:35.510,1.5674,1.5676,12.80,0.80
2007.09.10 18:49:35.666,1.5674,1.5676,12.80,0.80
2007.09.10 18:49:35.962,1.5673,1.5677,20.80,43.80
2007.09.10 18:49:36.768,1.5673,1.5676,20.80,0.60
2007.09.10 18:49:37.001,1.5673,1.56765,19.20,20.90
2007.09.10 18:49:37.022,1.5673,1.5676,19.20,18.50
2007.09.10 18:49:37.726,1.5673,1.5675,18.40,1.20
2007.09.10 18:49:37.939,1.5673,1.56745,10.40,0.80
2007.09.10 18:49:38.196,1.5673,1.56745,8.00,1.60
2007.09.10 18:49:38.322,1.5673,1.56745,4.00,1.60
2007.09.10 18:49:38.645,1.5672,1.5674,21.60,0.80
2007.09.10 18:49:39.360,1.5672,1.56745,20.00,1.60
2007.09.10 18:49:39.820,1.5672,1.56745,25.60,0.80
2007.09.10 18:49:39.835,1.5672,1.5676,25.60,41.40
2007.09.10 18:49:39.884,1.5673,1.5675,8.00,0.60
2007.09.10 18:49:40.189,1.5673,1.5675,12.00,0.70
2007.09.10 18:49:40.712,1.5672,1.5676,29.60,39.60
2007.09.10 18:49:40.753,1.5672,1.5676,29.60,39.60
2007.09.10 18:49:40.819,1.5672,1.5675,25.60,0.60
2007.09.10 18:49:40.843,1.5672,1.5676,20.00,40.60
2007.09.10 18:49:40.868,1.5672,1.5675,20.00,9.90
2007.09.10 18:49:41.346,1.5672,1.56745,20.00,1.60
2007.09.10 18:49:41.437,1.5672,1.5674,16.00,0.80
2007.09.10 18:49:48.296,1.5672,1.5674,16.00,0.70
2007.09.10 18:49:48.564,1.5672,1.56745,16.80,5.60
2007.09.10 18:49:49.697,1.5672,1.5674,16.00,0.50
2007.09.10 18:49:58.625,1.5672,1.5674,16.00,0.70
2007.09.10 18:49:58.722,1.5672,1.5674,7.20,0.80
2007.09.10 18:49:59.139,1.5672,1.5674,4.00,0.60
2007.09.10 18:49:59.151,1.5672,1.56745,4.00,10.70
2007.09.10 18:49:59.252,1.5672,1.56745,4.00,11.50
2007.09.10 18:50:00.468,1.5672,1.56745,4.00,10.70
2007.09.10 18:50:00.576,1.5672,1.56745,4.00,11.50
2007.09.10 18:50:02.354,1.5672,1.5675,4.00,40.80
2007.09.10 18:50:02.745,1.5672,1.5674,4.80,11.50
2007.09.10 18:50:02.762,1.5672,1.5674,8.80,11.50
2007.09.10 18:50:02.851,1.5672,1.5674,9.60,11.50
2007.09.10 18:50:03.290,1.5672,1.5674,10.40,11.20
2007.09.10 18:50:03.673,1.5672,1.5674,12.80,11.20
2007.09.10 18:50:03.813,1.5673,1.5674,4.00,6.40
2007.09.10 18:50:03.931,1.5673,1.5674,4.00,5.60
2007.09.10 18:50:03.983,1.5673,1.5674,4.00,4.80
2007.09.10 18:50:04.124,1.5673,1.5674,4.80,4.80
2007.09.10 18:50:04.189,1.5673,1.5674,4.80,4.00
2007.09.10 18:50:04.213,1.5673,1.5675,8.80,20.30
2007.09.10 18:50:04.299,1.5673,1.5675,8.80,14.70
2007.09.10 18:50:04.324,1.5673,1.5675,8.80,10.40
2007.09.10 18:50:04.536,1.5673,1.5675,8.80,5.60
2007.09.10 18:50:04.702,1.5673,1.5675,8.80,4.80
2007.09.10 18:50:04.740,1.5673,1.5675,8.80,0.80
2007.09.10 18:50:04.947,1.5674,1.5675,0.80,0.80
2007.09.10 18:50:05.045,1.5673,1.5675,8.80,0.80
2007.09.10 18:50:05.469,1.5673,1.5675,12.80,0.80
2007.09.10 18:50:05.888,1.5673,1.5675,15.80,0.80
2007.09.10 18:50:06.604,1.5673,1.5675,12.80,0.80
2007.09.10 18:50:07.158,1.5673,1.56755,12.80,0.80
2007.09.10 18:50:12.791,1.5672,1.56755,40.80,0.80
2007.09.10 18:50:13.350,1.5672,1.56755,42.20,0.80
2007.09.10 18:50:13.986,1.5673,1.56755,1.20,0.80
2007.09.10 18:50:14.116,1.56725,1.5676,27.00,18.70
2007.09.10 18:50:24.412,1.5673,1.5676,2.20,18.70
2007.09.10 18:50:24.888,1.5672,1.5675,43.00,0.80
2007.09.10 18:50:25.229,1.5673,1.5675,1.10,8.80
2007.09.10 18:50:25.444,1.5673,1.5675,2.70,8.80
2007.09.10 18:50:33.622,1.56725,1.5675,18.20,8.80
2007.09.10 18:51:05.721,1.5673,1.5674,15.00,0.80
2007.09.10 18:51:08.952,1.5673,1.5674,15.00,4.80
2007.09.10 18:51:09.045,1.5673,1.5674,7.00,4.80
2007.09.10 18:51:09.221,1.5673,1.5674,7.00,5.60
2007.09.10 18:51:11.145,1.5673,1.5674,7.00,0.90
2007.09.10 18:51:13.901,1.5672,1.5675,23.80,31.20
2007.09.10 18:51:14.018,1.5672,1.5675,15.80,31.20
2007.09.10 18:51:14.079,1.5672,1.5675,12.60,31.20
2007.09.10 18:51:14.113,1.5672,1.5674,8.60,12.00
2007.09.10 18:51:14.160,1.5672,1.5673,7.80,0.80
2007.09.10 18:51:14.334,1.5672,1.5673,3.80,0.80
2007.09.10 18:51:14.376,1.5672,1.5674,3.00,12.80
2007.09.10 18:51:15.684,1.5672,1.56735,3.00,4.80
2007.09.10 18:51:16.005,1.5672,1.56735,3.80,4.80
2007.09.10 18:51:16.070,1.5672,1.5674,7.80,21.60
2007.09.10 18:51:16.328,1.5672,1.5675,7.80,36.10
2007.09.10 18:51:17.247,1.5672,1.5675,7.80,36.90
2007.09.10 18:51:19.708,1.5672,1.5675,7.00,36.90
2007.09.10 18:51:19.805,1.5672,1.5674,11.00,0.70
2007.09.10 18:51:19.915,1.5672,1.5675,11.80,35.20
2007.09.10 18:51:20.423,1.5672,1.5675,11.80,36.00
2007.09.10 18:51:22.476,1.5672,1.5675,12.60,36.00
2007.09.10 18:51:22.678,1.5672,1.5675,11.80,35.20
2007.09.10 18:51:22.776,1.5672,1.5674,8.80,0.50
2007.09.10 18:51:22.989,1.5672,1.5675,12.80,31.20
2007.09.10 18:51:24.728,1.5672,1.5674,12.80,8.80
2007.09.10 18:51:26.065,1.5672,1.56735,0.10,6.40
2007.09.10 18:51:28.276,1.5671,1.56735,20.00,5.60
2007.09.10 18:51:28.805,1.5671,1.5673,12.00,0.80
2007.09.10 18:51:28.918,1.5671,1.56735,12.00,6.40
2007.09.10 18:51:29.563,1.5671,1.56735,12.00,6.40
2007.09.10 18:51:30.148,1.5671,1.56735,12.00,7.20
2007.09.10 18:51:30.155,1.5671,1.5673,12.00,0.60
2007.09.10 18:51:32.058,1.5671,1.5672,12.00,0.80
2007.09.10 18:51:32.182,1.5671,1.5673,12.00,0.80
2007.09.10 18:51:32.285,1.5671,1.5673,12.00,0.50
2007.09.10 18:51:32.478,1.5671,1.5673,12.00,0.70
2007.09.10 18:51:35.253,1.567,1.5672,28.80,0.50
2007.09.10 18:51:35.403,1.567,1.5673,26.40,15.20
2007.09.10 18:51:35.578,1.567,1.5673,22.40,19.20
2007.09.10 18:51:35.686,1.567,1.56725,24.80,4.80
2007.09.10 18:51:35.797,1.567,1.5672,24.80,0.90
2007.09.10 18:51:35.944,1.567,1.5673,24.80,19.20
2007.09.10 18:51:36.021,1.567,1.5672,19.20,0.50
2007.09.10 18:51:36.284,1.567,1.5672,16.80,0.70
2007.09.10 18:51:36.325,1.567,1.5673,12.80,32.00
2007.09.10 18:51:41.670,1.567,1.5672,13.60,7.20
2007.09.10 18:51:51.251,1.567,1.5672,13.60,10.20
2007.09.10 18:51:51.489,1.567,1.5672,12.80,10.20
2007.09.10 18:51:51.575,1.567,1.5672,12.80,18.20
2007.09.10 18:51:52.131,1.567,1.5672,12.80,19.00
2007.09.10 18:51:52.704,1.567,1.5672,12.80,19.80
2007.09.10 18:51:53.201,1.567,1.5672,12.00,22.20
2007.09.10 18:51:53.287,1.567,1.5672,12.00,27.80
2007.09.10 18:51:53.393,1.567,1.5672,12.00,28.60
2007.09.10 18:51:53.418,1.567,1.5672,12.00,27.80
2007.09.10 18:51:53.451,1.567,1.5672,12.00,29.40
2007.09.10 18:51:53.500,1.567,1.5672,12.00,30.20
2007.09.10 18:51:53.590,1.5669,1.5671,28.80,4.00
2007.09.10 18:51:53.711,1.5669,1.5671,24.80,4.00
2007.09.10 18:51:53.835,1.5669,1.5671,20.80,4.00
2007.09.10 18:51:54.046,1.567,1.5672,4.80,31.20
2007.09.10 18:51:54.139,1.567,1.5672,4.80,23.20
2007.09.10 18:51:54.679,1.567,1.5672,4.80,19.20
2007.09.10 18:51:55.082,1.567,1.5672,4.00,20.00
2007.09.10 18:51:55.191,1.567,1.5671,4.00,0.80
2007.09.10 18:51:55.283,1.5669,1.5672,26.20,20.00
2007.09.10 18:51:55.789,1.567,1.5672,0.80,17.60
2007.09.10 18:51:55.818,1.567,1.5672,0.80,21.60
2007.09.10 18:51:55.879,1.567,1.5672,0.80,16.00
2007.09.10 18:51:56.037,1.567,1.5672,0.80,20.00
2007.09.10 18:51:56.195,1.5669,1.5672,18.20,20.00
2007.09.10 18:51:56.258,1.5669,1.5672,15.20,23.00
2007.09.10 18:51:56.289,1.5669,1.5672,12.80,22.20
2007.09.10 18:51:56.483,1.5669,1.5672,12.80,30.20
2007.09.10 18:51:56.499,1.5669,1.5672,12.80,31.00
2007.09.10 18:51:56.527,1.5669,1.56715,12.80,0.80
2007.09.10 18:52:03.545,1.5669,1.56715,15.80,0.80
2007.09.10 18:52:03.671,1.5669,1.56715,23.80,0.80
2007.09.10 18:52:03.723,1.5669,1.56715,26.20,0.80
2007.09.10 18:52:07.420,1.5669,1.5672,26.20,19.20
2007.09.10 18:52:07.491,1.5669,1.5672,26.20,20.00
2007.09.10 18:52:11.556,1.56685,1.5672,29.40,20.00
2007.09.10 18:52:13.665,1.56685,1.5672,31.80,20.00
2007.09.10 18:52:13.827,1.567,1.5672,3.40,20.00
2007.09.10 18:52:14.028,1.567,1.5672,3.60,19.20
2007.09.10 18:52:14.184,1.5669,1.5672,34.30,19.20
2007.09.10 18:52:14.350,1.5669,1.5672,36.10,18.40
2007.09.10 18:52:14.429,1.56695,1.5672,19.30,17.60
2007.09.10 18:52:14.459,1.56695,1.5672,19.30,13.60
2007.09.10 18:52:14.668,1.56695,1.5672,23.30,9.60
2007.09.10 18:52:14.805,1.5671,1.5672,1.60,5.60
2007.09.10 18:52:15.011,1.567,1.5672,28.10,1.60
2007.09.10 18:52:15.598,1.567,1.5672,31.30,0.80
2007.09.10 18:52:15.907,1.5671,1.5673,1.90,19.20
2007.09.10 18:52:16.171,1.567,1.5673,33.70,15.20
2007.09.10 18:52:19.629,1.567,1.5673,34.00,15.20
2007.09.10 18:52:19.942,1.5671,1.5673,2.10,15.20
2007.09.10 18:52:20.276,1.567,1.5673,27.40,15.20
2007.09.10 18:52:20.369,1.5671,1.5673,2.70,10.40
2007.09.10 18:52:20.493,1.567,1.5673,29.20,9.60
2007.09.10 18:52:20.563,1.56705,1.5673,15.30,8.80
2007.09.10 18:52:20.593,1.56705,1.5673,23.30,4.80
2007.09.10 18:52:21.127,1.5671,1.5673,28.10,0.80
2007.09.10 18:52:21.254,1.5672,1.5673,1.60,0.80
2007.09.10 18:52:22.088,1.5671,1.5674,37.70,10.40
2007.09.10 18:52:23.202,1.5671,1.5674,34.50,10.40
2007.09.10 18:52:23.282,1.5671,1.5674,3.00,14.40
2007.09.10 18:52:23.621,1.5671,1.5674,8.00,14.40
2007.09.10 18:52:23.711,1.567,1.5674,43.80,14.40
2007.09.10 18:52:23.783,1.567,1.56735,43.80,0.80
2007.09.10 18:52:24.042,1.567,1.56735,42.80,0.80
2007.09.10 18:52:24.341,1.567,1.56735,40.40,0.80
2007.09.10 18:52:24.690,1.567,1.5673,40.40,0.80
2007.09.10 18:52:24.778,1.5671,1.5673,1.80,4.80
2007.09.10 18:52:25.105,1.567,1.5672,32.90,0.80
2007.09.10 18:52:25.201,1.567,1.5673,28.10,4.80
2007.09.10 18:52:25.310,1.56695,1.5673,24.90,8.80
2007.09.10 18:52:25.416,1.5669,1.56725,31.30,0.80
2007.09.10 18:52:25.429,1.5669,1.56725,36.30,0.80
2007.09.10 18:52:26.077,1.567,1.56725,5.30,0.80
2007.09.10 18:52:26.183,1.567,1.56725,1.10,0.80
2007.09.10 18:52:26.292,1.5669,1.5672,37.70,0.80
2007.09.10 18:52:38.170,1.5669,1.5672,34.70,0.80
2007.09.10 18:52:49.803,1.567,1.5672,17.10,1.60
2007.09.10 18:52:50.011,1.567,1.5672,17.10,0.80
2007.09.10 18:52:50.055,1.567,1.5672,17.10,2.90
2007.09.10 18:52:50.211,1.567,1.5672,17.10,3.70
2007.09.10 18:52:50.452,1.567,1.5672,17.10,4.50
2007.09.10 18:52:50.694,1.567,1.5672,9.10,8.50
2007.09.10 18:52:50.922,1.567,1.5672,5.10,9.30
2007.09.10 18:52:51.535,1.567,1.5672,5.10,10.10
2007.09.10 18:52:51.647,1.567,1.5672,10.70,10.10
2007.09.10 18:53:02.907,1.567,1.5672,10.40,10.90
2007.09.10 18:53:03.066,1.567,1.56705,10.40,0.80
2007.09.10 18:53:03.310,1.567,1.56705,10.40,1.60
2007.09.10 18:53:03.476,1.567,1.56705,4.00,1.60
2007.09.10 18:53:03.595,1.5669,1.567,28.60,0.80
2007.09.10 18:53:03.679,1.567,1.56705,4.00,0.80
2007.09.10 18:53:03.983,1.567,1.56705,4.00,0.80
2007.09.10 18:53:04.276,1.5669,1.567,16.00,3.20
2007.09.10 18:53:04.382,1.5669,1.567,16.00,4.00
2007.09.10 18:53:04.402,1.5669,1.567,8.00,8.00
2007.09.10 18:53:04.625,1.5668,1.567,5.60,13.00
2007.09.10 18:53:04.688,1.5668,1.567,5.60,20.20
2007.09.10 18:53:04.724,1.5668,1.567,4.00,20.20
2007.09.10 18:53:04.823,1.5668,1.5669,4.00,0.30
2007.09.10 18:53:04.909,1.5668,1.5669,4.00,1.00
2007.09.10 18:53:04.937,1.5667,1.5669,20.80,5.80
2007.09.10 18:53:05.567,1.5667,1.5669,8.00,10.60
2007.09.10 18:53:06.080,1.5667,1.5669,4.00,10.60
2007.09.10 18:53:10.255,1.5667,1.5669,4.00,9.80
2007.09.10 18:53:10.452,1.5667,1.5669,4.80,9.80
2007.09.10 18:53:10.581,1.5667,1.5669,5.60,9.00
2007.09.10 18:53:10.657,1.5667,1.5669,6.40,8.00
2007.09.10 18:53:10.774,1.5667,1.5669,7.20,8.00
2007.09.10 18:53:10.908,1.5667,1.5669,6.40,8.00
2007.09.10 18:53:10.991,1.56675,1.5669,0.80,8.00
2007.09.10 18:53:11.472,1.5668,1.5669,1.60,8.00
2007.09.10 18:53:11.621,1.5668,1.5669,1.60,4.00
2007.09.10 18:53:11.714,1.5668,1.567,1.60,28.00
2007.09.10 18:53:11.769,1.5668,1.567,0.80,28.00
2007.09.10 18:53:11.824,1.5668,1.567,0.80,20.00
2007.09.10 18:53:11.877,1.5668,1.567,1.60,20.00
2007.09.10 18:53:11.932,1.5668,1.567,10.10,16.00
2007.09.10 18:53:12.066,1.5668,1.567,10.90,12.00
2007.09.10 18:53:12.085,1.5668,1.567,11.70,12.00
2007.09.10 18:53:12.170,1.5669,1.567,0.60,4.00
2007.09.10 18:53:13.228,1.5669,1.5671,4.50,20.00
2007.09.10 18:53:13.455,1.5669,1.5671,5.30,20.00
2007.09.10 18:53:13.551,1.5669,1.567,5.30,0.05
2007.09.10 18:53:13.937,1.56695,1.567,0.80,0.05
2007.09.10 18:53:14.697,1.56695,1.5671,0.80,12.80
2007.09.10 18:53:14.803,1.56695,1.5671,0.80,12.00
2007.09.10 18:53:15.434,1.56695,1.5671,0.80,8.00
2007.09.10 18:53:15.550,1.56695,1.5672,0.80,28.80
2007.09.10 18:53:15.596,1.567,1.5672,0.80,20.80
2007.09.10 18:53:15.760,1.567,1.5672,0.80,23.80
2007.09.10 18:53:15.887,1.567,1.5672,0.80,27.80
2007.09.10 18:53:16.104,1.567,1.5672,1.60,27.00
2007.09.10 18:53:16.124,1.567,1.5672,1.60,26.20
2007.09.10 18:53:16.225,1.567,1.5672,2.40,23.80
2007.09.10 18:53:16.322,1.567,1.5672,6.40,20.80
2007.09.10 18:53:16.463,1.567,1.5672,6.40,12.80
2007.09.10 18:53:16.726,1.567,1.5672,7.20,12.80
2007.09.10 18:53:17.773,1.56695,1.5672,8.00,12.80
2007.09.10 18:53:19.733,1.567,1.5671,0.60,4.00
2007.09.10 18:53:19.830,1.56695,1.5671,3.20,4.00
2007.09.10 18:53:32.669,1.567,1.5671,0.50,4.00
2007.09.10 18:53:33.378,1.56695,1.5671,5.60,4.00
2007.09.10 18:53:33.571,1.56695,1.5672,8.80,20.80
2007.09.10 18:53:33.854,1.567,1.5672,2.40,16.00
2007.09.10 18:53:33.978,1.56695,1.5672,13.60,12.00
2007.09.10 18:53:34.090,1.567,1.5672,5.90,7.20
2007.09.10 18:53:34.182,1.56695,1.5672,22.40,8.00
2007.09.10 18:53:34.305,1.56695,1.5672,22.40,5.60
2007.09.10 18:53:34.396,1.56695,1.5672,23.20,5.60
2007.09.10 18:53:36.165,1.567,1.5672,0.80,5.60
2007.09.10 18:53:36.386,1.567,1.5672,1.20,5.60
2007.09.10 18:53:36.528,1.56695,1.5672,18.40,5.60
2007.09.10 18:53:36.632,1.567,1.5672,3.40,9.60
2007.09.10 18:53:36.730,1.56695,1.5671,10.40,0.80
2007.09.10 18:53:36.842,1.56695,1.5671,6.40,4.80
2007.09.10 18:53:36.948,1.56695,1.5671,2.40,4.80
2007.09.10 18:53:37.379,1.5668,1.5671,36.30,4.80
2007.09.10 18:53:37.405,1.5669,1.5671,4.80,4.80
2007.09.10 18:53:37.472,1.5668,1.5671,34.70,4.80
2007.09.10 18:53:37.486,1.5668,1.5671,38.70,4.80
2007.09.10 18:53:38.316,1.5669,1.5671,4.20,7.80
2007.09.10 18:53:38.790,1.5668,1.5671,37.10,7.80
2007.09.10 18:53:38.840,1.5668,1.567,28.30,4.00
2007.09.10 18:53:38.915,1.5667,1.567,45.10,4.00
2007.09.10 18:53:38.943,1.5668,1.567,3.00,4.00
2007.09.10 18:53:39.135,1.5668,1.567,4.90,4.00
2007.09.10 18:53:39.156,1.5667,1.567,48.30,4.80
2007.09.10 18:53:39.236,1.5667,1.567,48.20,4.80
2007.09.10 18:53:39.330,1.5667,1.567,48.10,4.80
2007.09.10 18:53:39.429,1.5667,1.567,48.00,5.60
2007.09.10 18:53:39.481,1.5667,1.567,45.10,5.60
2007.09.10 18:53:39.541,1.5668,1.567,1.90,5.60
2007.09.10 18:53:39.695,1.5667,1.567,41.60,6.40
2007.09.10 18:53:39.991,1.5668,1.567,3.30,6.40
2007.09.10 18:53:40.577,1.56675,1.567,14.40,6.40
2007.09.10 18:53:40.740,1.56675,1.567,13.60,6.40
2007.09.10 18:53:40.766,1.56675,1.567,14.40,6.40
2007.09.10 18:53:41.057,1.56675,1.567,14.40,10.40
2007.09.10 18:53:41.153,1.5668,1.567,7.10,6.40
2007.09.10 18:53:41.274,1.56675,1.567,10.40,6.40
2007.09.10 18:53:41.488,1.56675,1.567,10.40,5.60
2007.09.10 18:53:41.598,1.56675,1.567,13.60,9.60
2007.09.10 18:53:41.696,1.5668,1.567,2.90,9.60
2007.09.10 18:53:42.724,1.56675,1.567,22.40,9.60
2007.09.10 18:53:43.056,1.56675,1.567,22.40,5.60
2007.09.10 18:53:48.054,1.56675,1.567,22.40,4.80
2007.09.10 18:53:48.150,1.5668,1.567,3.30,4.00
2007.09.10 18:53:48.166,1.5669,1.567,0.80,4.00
2007.09.10 18:53:48.379,1.5668,1.5671,41.40,12.80
2007.09.10 18:53:48.483,1.5669,1.5671,1.10,12.80
2007.09.10 18:53:48.523,1.5669,1.5671,4.80,12.80
2007.09.10 18:53:48.580,1.5669,1.5671,5.40,4.80
2007.09.10 18:53:48.861,1.5669,1.5671,4.50,4.80
2007.09.10 18:53:49.684,1.5669,1.5671,5.90,4.00
2007.09.10 18:53:49.699,1.5669,1.5671,1.50,4.00
2007.09.10 18:53:49.796,1.567,1.5672,1.50,32.80
2007.09.10 18:53:50.848,1.567,1.5672,0.70,28.80
2007.09.10 18:53:50.936,1.567,1.5672,2.10,28.80
2007.09.10 18:53:50.966,1.567,1.5671,0.80,4.00
2007.09.10 18:53:51.552,1.5668,1.5671,48.60,4.00
2007.09.10 18:53:51.609,1.5669,1.5671,9.10,4.00
2007.09.10 18:53:51.722,1.5668,1.5671,48.60,4.00
2007.09.10 18:53:51.941,1.5669,1.5671,5.20,4.80
2007.09.10 18:53:51.955,1.5669,1.5671,1.00,4.80
2007.09.10 18:53:52.132,1.5668,1.5671,45.60,4.80
2007.09.10 18:53:52.357,1.5668,1.5671,42.40,4.80
2007.09.10 18:53:52.766,1.5668,1.5671,50.40,4.80
2007.09.10 18:53:53.094,1.5668,1.5671,49.60,4.00
2007.09.10 18:53:53.327,1.5669,1.5671,3.80,7.00
2007.09.10 18:53:54.017,1.5668,1.5671,43.80,7.80
2007.09.10 18:53:54.051,1.5668,1.5671,39.00,7.80
2007.09.10 18:53:54.179,1.5668,1.5671,39.00,8.60
2007.09.10 18:53:54.690,1.5668,1.5671,39.00,9.40
2007.09.10 18:53:56.270,1.5669,1.567,3.50,0.80
2007.09.10 18:53:56.378,1.5668,1.5671,37.60,8.60
2007.09.10 18:53:56.487,1.5668,1.5671,36.80,9.40
2007.09.10 18:53:56.646,1.5669,1.5671,0.80,8.60
2007.09.10 18:53:56.690,1.5668,1.5671,36.00,11.00
2007.09.10 18:53:56.867,1.5668,1.5671,33.60,11.80
2007.09.10 18:53:57.093,1.5669,1.567,1.00,0.80
2007.09.10 18:53:57.226,1.5669,1.567,3.90,2.40
2007.09.10 18:53:58.332,1.5668,1.567,24.80,3.20
2007.09.10 18:53:58.421,1.5667,1.567,36.00,7.20
2007.09.10 18:53:58.632,1.5667,1.5669,33.60,4.00
2007.09.10 18:53:58.747,1.5667,1.5669,24.00,4.00
2007.09.10 18:53:59.907,1.5667,1.567,30.50,16.00
2007.09.10 18:54:00.535,1.5667,1.567,36.30,8.00
2007.09.10 18:54:00.723,1.5668,1.567,4.50,7.20
2007.09.10 18:54:00.794,1.5667,1.567,42.70,6.40
2007.09.10 18:54:01.273,1.5668,1.567,2.50,5.60
2007.09.10 18:54:01.310,1.5667,1.567,45.90,5.60
2007.09.10 18:54:01.864,1.5668,1.567,13.90,5.60
2007.09.10 18:54:02.395,1.5668,1.567,1.00,5.60
2007.09.10 18:54:02.449,1.5668,1.567,2.30,5.60
2007.09.10 18:54:02.546,1.5668,1.567,4.00,5.60
2007.09.10 18:54:03.041,1.56675,1.567,20.30,4.80
2007.09.10 18:54:03.286,1.5668,1.567,11.50,4.80
2007.09.10 18:54:04.319,1.5668,1.567,19.50,4.80
2007.09.10 18:54:05.431,1.5668,1.567,20.30,4.80
2007.09.10 18:54:05.449,1.56685,1.567,0.80,4.80
2007.09.10 18:54:05.515,1.5669,1.567,0.40,4.80
2007.09.10 18:54:05.740,1.5669,1.567,0.40,4.00
2007.09.10 18:54:05.792,1.5669,1.567,4.30,4.00
2007.09.10 18:54:05.846,1.567,1.5671,0.80,12.80
2007.09.10 18:54:05.901,1.567,1.5671,0.80,12.80
2007.09.10 18:54:06.253,1.567,1.5671,1.60,12.80
2007.09.10 18:54:06.642,1.567,1.5671,1.90,4.00
2007.09.10 18:54:08.020,1.567,1.5671,1.60,4.00
2007.09.10 18:54:14.230,1.567,1.5671,0.80,4.00
2007.09.10 18:54:16.628,1.5669,1.5671,17.10,4.00
2007.09.10 18:54:16.743,1.5669,1.5671,16.80,4.80
2007.09.10 18:54:16.842,1.5669,1.5671,17.60,4.80
2007.09.10 18:54:16.875,1.5669,1.5671,16.80,4.80
2007.09.10 18:54:17.269,1.5669,1.5671,17.10,4.00
2007.09.10 18:54:17.376,1.5669,1.5671,9.10,4.00
2007.09.10 18:54:17.772,1.5669,1.5671,9.90,4.00
2007.09.10 18:54:17.891,1.5669,1.5671,9.10,4.00
2007.09.10 18:54:17.988,1.5669,1.5671,8.80,4.80
2007.09.10 18:54:18.056,1.5669,1.5671,8.00,4.80
2007.09.10 18:54:18.511,1.5668,1.567,28.30,4.00
2007.09.10 18:54:18.681,1.5668,1.567,36.30,4.00
2007.09.10 18:54:18.788,1.5668,1.567,35.50,4.00
2007.09.10 18:54:19.008,1.5669,1.567,0.80,4.00
2007.09.10 18:54:19.138,1.5669,1.5671,0.80,8.80
2007.09.10 18:54:19.312,1.5669,1.5671,1.60,8.80
2007.09.10 18:54:19.501,1.5669,1.5671,8.60,16.80
2007.09.10 18:54:19.739,1.5669,1.5671,8.90,16.80
2007.09.10 18:54:19.840,1.5669,1.5671,20.90,4.00
2007.09.10 18:54:21.818,1.5669,1.5671,17.90,4.00
2007.09.10 18:54:22.126,1.5669,1.5671,9.90,4.00
2007.09.10 18:54:22.859,1.5669,1.5671,9.90,4.80
2007.09.10 18:54:23.393,1.5669,1.5671,9.90,4.00
2007.09.10 18:54:23.531,1.5669,1.5671,12.90,4.00
2007.09.10 18:54:23.714,1.5669,1.5671,20.90,4.00
2007.09.10 18:54:26.332,1.5669,1.5671,12.90,4.80
2007.09.10 18:54:26.573,1.5669,1.5671,13.70,4.80
2007.09.10 18:54:27.503,1.5669,1.5671,10.70,4.80
2007.09.10 18:54:28.996,1.5669,1.5671,13.70,4.00
2007.09.10 18:54:29.467,1.5669,1.5671,12.90,4.00
2007.09.10 18:54:30.461,1.5669,1.5671,12.90,4.80
2007.09.10 18:54:30.573,1.5669,1.5671,12.90,5.60
2007.09.10 18:54:30.683,1.5669,1.5671,12.10,5.60
2007.09.10 18:54:30.903,1.5669,1.5671,11.30,5.60
2007.09.10 18:54:31.097,1.5669,1.5671,11.00,5.60
2007.09.10 18:54:31.392,1.5669,1.5671,11.00,0.80
2007.09.10 18:54:31.425,1.56695,1.5672,0.80,40.40
2007.09.10 18:54:31.506,1.56695,1.567,0.80,0.60
2007.09.10 18:54:31.525,1.567,1.5671,0.80,8.80
2007.09.10 18:54:31.627,1.567,1.5671,1.60,8.70
2007.09.10 18:54:31.670,1.567,1.5672,1.60,31.00
2007.09.10 18:54:32.156,1.567,1.5672,1.60,32.60
2007.09.10 18:54:32.924,1.567,1.5671,1.60,4.80
2007.09.10 18:54:33.362,1.5669,1.5671,17.60,4.80
2007.09.10 18:54:33.843,1.5668,1.5671,15.20,20.80
2007.09.10 18:54:34.082,1.5668,1.567,14.40,0.80
2007.09.10 18:54:34.498,1.5668,1.567,15.20,0.80
2007.09.10 18:54:35.710,1.5668,1.567,10.40,0.80
2007.09.10 18:54:35.814,1.5668,1.567,10.40,1.60
2007.09.10 18:54:36.145,1.5668,1.567,10.40,5.60
2007.09.10 18:54:36.741,1.5668,1.567,9.60,5.60
2007.09.10 18:54:38.261,1.5668,1.567,10.40,5.60
2007.09.10 18:54:38.361,1.5669,1.567,0.70,4.80
2007.09.10 18:54:38.677,1.5669,1.567,0.70,0.80
2007.09.10 18:54:39.202,1.5669,1.5671,0.70,24.00
2007.09.10 18:54:39.312,1.5669,1.567,0.70,7.00
2007.09.10 18:54:39.838,1.5669,1.567,0.70,4.00
2007.09.10 18:54:39.932,1.5669,1.5671,4.70,21.00
2007.09.10 18:54:40.364,1.5669,1.5671,4.70,23.40
2007.09.10 18:54:40.763,1.5669,1.5671,4.70,21.80
2007.09.10 18:54:41.292,1.5669,1.5671,4.70,21.40
2007.09.10 18:54:41.400,1.5669,1.5671,4.70,13.40
2007.09.10 18:54:42.421,1.5669,1.5671,4.70,12.60
2007.09.10 18:54:42.626,1.5669,1.5671,4.70,11.80
2007.09.10 18:54:42.634,1.5669,1.5671,8.70,7.80
2007.09.10 18:54:42.809,1.5669,1.5671,8.70,7.00
2007.09.10 18:54:42.967,1.5669,1.5671,8.70,7.80
2007.09.10 18:54:43.179,1.5669,1.5671,4.70,11.80
2007.09.10 18:54:43.320,1.5669,1.5671,4.70,12.60
2007.09.10 18:54:43.407,1.5669,1.5671,4.70,13.40
2007.09.10 18:54:44.152,1.5669,1.5671,4.70,14.20
2007.09.10 18:54:44.270,1.5669,1.5671,4.00,15.00
2007.09.10 18:54:44.365,1.5669,1.5671,4.40,14.20
2007.09.10 18:54:44.605,1.5669,1.5671,4.40,26.20
2007.09.10 18:54:44.652,1.5669,1.56705,4.40,1.60
2007.09.10 18:54:44.883,1.5669,1.56705,4.40,3.20
2007.09.10 18:54:45.126,1.5669,1.567,0.50,4.00
2007.09.10 18:54:45.362,1.5669,1.56695,0.50,0.80
2007.09.10 18:54:45.658,1.5668,1.56695,26.40,0.80
2007.09.10 18:54:45.875,1.5668,1.5669,13.60,4.00
2007.09.10 18:54:45.978,1.5668,1.5669,11.20,4.00
2007.09.10 18:54:46.428,1.5668,1.5669,4.80,4.00
2007.09.10 18:54:46.808,1.5667,1.5669,14.40,4.00
2007.09.10 18:54:46.825,1.5667,1.5669,15.20,4.00
2007.09.10 18:54:47.323,1.5667,1.5669,14.40,4.00
2007.09.10 18:54:47.423,1.5667,1.5669,15.20,4.00
2007.09.10 18:54:47.543,1.5668,1.5669,0.70,4.00
2007.09.10 18:54:47.905,1.5669,1.567,0.80,33.60
2007.09.10 18:54:47.966,1.5668,1.5669,5.50,4.00
2007.09.10 18:54:48.067,1.5669,1.567,5.50,16.80
2007.09.10 18:54:48.282,1.5669,1.567,6.30,12.80
2007.09.10 18:54:48.368,1.5669,1.567,6.30,4.00
2007.09.10 18:54:48.589,1.5669,1.5671,6.30,14.40
2007.09.10 18:54:48.805,1.5669,1.5671,6.30,12.80
2007.09.10 18:54:49.246,1.567,1.5671,0.70,0.80
2007.09.10 18:54:49.283,1.567,1.56715,0.70,0.80
2007.09.10 18:54:49.956,1.567,1.56715,5.50,0.80
2007.09.10 18:54:50.504,1.567,1.56715,6.30,0.80
2007.09.10 18:54:50.810,1.567,1.56715,7.90,0.80
2007.09.10 18:54:51.859,1.567,1.5671,3.10,4.00
2007.09.10 18:54:51.940,1.567,1.5671,1.50,9.60
2007.09.10 18:54:52.145,1.567,1.5671,2.30,9.60
2007.09.10 18:54:55.274,1.567,1.5671,3.10,9.60
2007.09.10 18:54:55.723,1.567,1.5671,7.90,5.60
2007.09.10 18:54:56.683,1.567,1.5671,7.10,5.60
2007.09.10 18:54:56.774,1.567,1.56715,7.10,0.80
2007.09.10 18:54:56.879,1.567,1.56715,6.30,0.80
2007.09.10 18:54:57.288,1.567,1.5671,6.30,5.60
2007.09.10 18:54:57.300,1.567,1.5671,5.50,5.60
2007.09.10 18:54:57.321,1.567,1.5671,4.80,5.60
2007.09.10 18:54:57.432,1.567,1.5671,0.80,9.60
2007.09.10 18:54:57.588,1.567,1.5671,0.80,10.40
2007.09.10 18:54:57.689,1.5669,1.5671,17.50,10.40
2007.09.10 18:54:58.082,1.5669,1.56705,17.50,0.80
2007.09.10 18:54:58.352,1.5669,1.56705,17.50,1.60
2007.09.10 18:54:58.596,1.5669,1.56705,13.50,1.60
2007.09.10 18:54:58.656,1.5669,1.567,13.50,0.80
2007.09.10 18:54:58.804,1.5669,1.567,8.70,0.80
2007.09.10 18:54:58.852,1.5669,1.567,8.70,8.00
2007.09.10 18:54:59.157,1.5669,1.567,8.70,1.60
2007.09.10 18:54:59.444,1.5668,1.567,9.50,5.60
2007.09.10 18:55:00.186,1.5668,1.567,9.50,12.00
2007.09.10 18:55:03.359,1.5669,1.567,0.70,12.00
2007.09.10 18:55:03.460,1.5669,1.567,4.70,8.00
2007.09.10 18:55:05.951,1.5669,1.567,4.70,0.80
2007.09.10 18:55:06.050,1.5669,1.5671,4.70,20.60
2007.09.10 18:55:13.433,1.5668,1.567,24.70,4.00
2007.09.10 18:55:13.854,1.5668,1.567,20.70,4.00
2007.09.10 18:55:13.889,1.5668,1.567,18.30,9.60
2007.09.10 18:55:13.952,1.5668,1.567,14.30,10.40
2007.09.10 18:55:14.098,1.5668,1.567,14.30,11.20
2007.09.10 18:55:14.705,1.5668,1.567,14.30,12.00
2007.09.10 18:55:14.734,1.5668,1.5669,9.50,4.00
2007.09.10 18:55:14.948,1.5668,1.5669,1.50,4.00
2007.09.10 18:55:16.817,1.5668,1.567,5.50,24.80
2007.09.10 18:55:16.945,1.5668,1.567,5.50,16.80
2007.09.10 18:55:17.249,1.5668,1.567,9.50,16.80
2007.09.10 18:55:21.039,1.5668,1.567,5.50,16.80
2007.09.10 18:55:24.166,1.5668,1.567,5.50,16.00
2007.09.10 18:55:24.252,1.5668,1.567,5.50,15.20
2007.09.10 18:55:24.260,1.5668,1.567,5.50,14.40
2007.09.10 18:55:24.371,1.5668,1.567,5.50,15.20
2007.09.10 18:55:24.682,1.5668,1.567,9.50,10.40
2007.09.10 18:55:24.789,1.5668,1.567,9.50,4.80
2007.09.10 18:55:26.122,1.5668,1.567,10.30,4.80
2007.09.10 18:55:26.131,1.5669,1.567,0.80,4.80
2007.09.10 18:55:26.331,1.5669,1.567,0.80,4.00
2007.09.10 18:55:26.527,1.5669,1.5671,4.80,25.60
2007.09.10 18:55:26.612,1.5669,1.5671,4.80,17.60
2007.09.10 18:55:26.736,1.5669,1.5671,4.80,12.00
2007.09.10 18:55:27.262,1.567,1.5672,0.80,36.00
2007.09.10 18:55:27.453,1.567,1.5672,0.80,32.00
2007.09.10 18:55:27.561,1.567,1.5672,0.80,28.00
2007.09.10 18:55:27.933,1.567,1.5672,0.80,28.00
2007.09.10 18:55:27.966,1.567,1.5672,1.10,25.60
2007.09.10 18:55:28.083,1.567,1.5672,3.10,24.80
2007.09.10 18:55:28.498,1.567,1.5672,1.40,24.00
2007.09.10 18:55:28.613,1.567,1.5672,0.90,20.00
2007.09.10 18:55:37.126,1.5669,1.5672,23.20,19.20
2007.09.10 18:55:37.218,1.567,1.5672,1.90,18.40
2007.09.10 18:55:37.828,1.567,1.5672,0.50,19.20
2007.09.10 18:55:40.427,1.5671,1.5672,0.80,19.20
2007.09.10 18:55:41.239,1.567,1.5672,17.60,11.20
2007.09.10 18:55:42.058,1.5671,1.5672,0.80,10.40
2007.09.10 18:55:53.669,1.567,1.5672,12.40,10.40
2007.09.10 18:55:53.724,1.567,1.5672,3.90,10.40
2007.09.10 18:55:53.751,1.56695,1.5671,10.40,4.00
2007.09.10 18:55:54.271,1.56695,1.5671,9.60,9.60
2007.09.10 18:55:54.292,1.56695,1.5671,9.60,5.60
2007.09.10 18:55:54.414,1.567,1.5671,2.90,5.60
2007.09.10 18:55:54.589,1.56695,1.5671,6.40,5.60
2007.09.10 18:55:54.683,1.56695,1.5672,7.20,25.60
2007.09.10 18:55:54.701,1.5671,1.5672,0.80,18.40
2007.09.10 18:55:54.812,1.56695,1.5671,14.40,0.10
2007.09.10 18:55:55.196,1.56695,1.5671,13.60,0.10
2007.09.10 18:55:55.335,1.567,1.5672,21.50,15.20
2007.09.10 18:55:55.877,1.567,1.5672,20.80,15.20
2007.09.10 18:55:55.970,1.567,1.5672,20.80,18.40
2007.09.10 18:55:56.081,1.567,1.5672,16.80,19.20
2007.09.10 18:55:56.110,1.567,1.5672,16.80,20.00
2007.09.10 18:55:56.324,1.567,1.5672,16.80,19.20
2007.09.10 18:55:56.417,1.567,1.5672,16.80,20.00
2007.09.10 18:55:56.496,1.567,1.5672,16.80,16.00
2007.09.10 18:55:56.706,1.567,1.5672,16.80,16.80
2007.09.10 18:55:57.179,1.567,1.5672,16.80,16.00
2007.09.10 18:55:57.395,1.567,1.5672,12.80,16.00
2007.09.10 18:55:57.490,1.567,1.5672,12.80,20.00
2007.09.10 18:55:57.606,1.567,1.5672,12.80,16.00
2007.09.10 18:56:02.110,1.567,1.5672,12.80,16.80
2007.09.10 18:56:02.476,1.567,1.5671,12.80,5.60
2007.09.10 18:56:02.928,1.567,1.5671,4.80,5.60
2007.09.10 18:56:03.718,1.567,1.5671,2.60,5.60
2007.09.10 18:56:10.852,1.56695,1.5671,5.60,6.10
2007.09.10 18:56:12.621,1.567,1.5671,1.70,5.60
2007.09.10 18:56:12.745,1.567,1.5672,0.50,19.20
2007.09.10 18:56:12.794,1.567,1.5672,2.60,18.40
2007.09.10 18:56:13.037,1.567,1.5672,2.40,16.00
2007.09.10 18:56:13.059,1.567,1.5672,0.80,16.80
2007.09.10 18:56:13.154,1.567,1.5672,0.60,16.00
2007.09.10 18:56:13.677,1.56695,1.5672,16.80,16.00
2007.09.10 18:56:15.503,1.56695,1.5672,17.00,16.00
2007.09.10 18:56:15.718,1.56695,1.5672,17.00,15.20
2007.09.10 18:56:15.829,1.56695,1.5672,17.00,16.00
2007.09.10 18:56:16.358,1.56695,1.5672,17.00,15.20
2007.09.10 18:56:16.559,1.56695,1.5672,17.00,16.00
2007.09.10 18:56:16.655,1.56695,1.5672,17.00,15.20
2007.09.10 18:56:16.770,1.56695,1.5672,17.00,16.00
2007.09.10 18:56:16.979,1.567,1.5672,8.20,12.00
2007.09.10 18:56:17.079,1.56695,1.5672,21.00,8.00
2007.09.10 18:56:17.143,1.567,1.5672,2.20,8.00
2007.09.10 18:56:17.394,1.56695,1.5672,21.80,7.20
2007.09.10 18:56:20.657,1.567,1.5672,8.70,7.20
2007.09.10 18:56:21.044,1.567,1.5672,12.00,7.20
2007.09.10 18:56:21.509,1.56695,1.5672,33.00,7.20
2007.09.10 18:56:22.131,1.567,1.5672,2.70,7.20
2007.09.10 18:56:22.242,1.56695,1.5672,33.80,7.20
2007.09.10 18:56:22.599,1.56695,1.5672,33.80,5.60
2007.09.10 18:56:23.006,1.567,1.5672,16.10,5.60
2007.09.10 18:56:23.320,1.56695,1.5672,35.40,5.60
2007.09.10 18:56:24.117,1.567,1.5672,34.80,5.60
2007.09.10 18:56:24.232,1.567,1.5672,34.00,6.40
2007.09.10 18:56:24.650,1.567,1.5672,30.80,7.20
2007.09.10 18:56:25.892,1.5671,1.5672,2.00,7.20
2007.09.10 18:56:26.476,1.56695,1.5672,36.20,11.20
2007.09.10 18:56:26.619,1.56695,1.5672,31.40,11.20
2007.09.10 18:56:27.051,1.56695,1.5672,32.20,11.20
2007.09.10 18:56:28.135,1.5671,1.5672,0.20,11.20
2007.09.10 18:56:28.239,1.5671,1.5672,0.20,4.80
2007.09.10 18:56:28.250,1.567,1.5672,34.60,0.80
2007.09.10 18:56:28.564,1.56705,1.5672,19.40,0.80
2007.09.10 18:56:28.655,1.5671,1.5673,19.40,19.20
2007.09.10 18:56:28.672,1.5672,1.5673,0.80,15.20
2007.09.10 18:56:28.774,1.5671,1.5673,24.20,13.60
2007.09.10 18:56:29.176,1.5672,1.5673,0.80,8.00
2007.09.10 18:56:29.602,1.5671,1.5673,34.80,8.00
2007.09.10 18:56:29.686,1.5672,1.5673,2.10,4.00
2007.09.10 18:56:29.900,1.5672,1.5674,2.80,20.00
2007.09.10 18:56:30.327,1.5671,1.5674,32.40,19.20
2007.09.10 18:56:30.539,1.5672,1.5674,2.70,19.20
2007.09.10 18:56:30.614,1.5672,1.5674,2.40,19.20
2007.09.10 18:56:30.637,1.5672,1.5674,2.40,15.20
2007.09.10 18:56:30.743,1.5673,1.5674,1.90,7.20
2007.09.10 18:56:31.239,1.5673,1.5675,4.00,20.80
2007.09.10 18:56:31.257,1.5673,1.5675,4.00,22.40
2007.09.10 18:56:31.409,1.5673,1.5675,4.00,21.60
2007.09.10 18:56:31.426,1.5673,1.5674,4.00,6.40
2007.09.10 18:56:31.876,1.5673,1.5674,4.00,6.90
2007.09.10 18:56:32.858,1.5673,1.5674,4.00,6.40
2007.09.10 18:56:34.205,1.5673,1.5674,4.00,5.60
2007.09.10 18:56:34.300,1.5673,1.5675,4.00,20.80
2007.09.10 18:56:34.408,1.5673,1.5675,4.00,20.00
2007.09.10 18:56:34.470,1.5673,1.5675,4.20,20.00
2007.09.10 18:56:34.576,1.5673,1.5675,8.20,14.40
2007.09.10 18:56:34.677,1.5673,1.5675,16.20,14.40
2007.09.10 18:56:34.787,1.5673,1.5675,16.20,10.40
2007.09.10 18:56:42.132,1.5673,1.5675,16.00,10.40
2007.09.10 18:56:42.233,1.5673,1.5675,19.00,10.40
2007.09.10 18:56:42.763,1.5673,1.5675,11.00,10.40
2007.09.10 18:56:45.151,1.5673,1.5675,8.00,10.40
2007.09.10 18:56:45.269,1.5673,1.5674,8.00,0.80
2007.09.10 18:56:45.785,1.5672,1.5674,17.60,4.80
2007.09.10 18:56:46.044,1.5672,1.5674,18.40,4.80
2007.09.10 18:56:46.248,1.5672,1.5674,16.80,4.80
2007.09.10 18:56:46.353,1.5672,1.5674,4.80,13.60
2007.09.10 18:56:46.436,1.5672,1.5674,4.80,14.40
2007.09.10 18:56:46.455,1.5672,1.5674,0.80,14.40
2007.09.10 18:56:46.653,1.5671,1.5674,13.80,20.00
2007.09.10 18:56:46.751,1.5671,1.56735,13.80,0.80
2007.09.10 18:56:46.769,1.5671,1.56735,12.20,0.80
2007.09.10 18:56:47.400,1.56715,1.56735,0.80,0.80
2007.09.10 18:56:47.692,1.56715,1.5674,1.60,20.00
2007.09.10 18:56:47.917,1.5672,1.5674,4.20,15.20
2007.09.10 18:56:48.064,1.5672,1.5674,5.00,15.20
2007.09.10 18:56:48.172,1.5672,1.5674,7.40,14.40
2007.09.10 18:56:48.269,1.5672,1.5674,8.20,14.40
2007.09.10 18:56:48.334,1.5672,1.5674,15.00,11.20
2007.09.10 18:56:48.764,1.5672,1.5674,23.20,11.20
2007.09.10 18:56:48.862,1.5672,1.5674,24.00,11.20
2007.09.10 18:56:48.892,1.5672,1.5674,24.80,11.20
2007.09.10 18:56:48.985,1.5672,1.5674,24.00,11.20
2007.09.10 18:56:49.090,1.5672,1.5674,23.20,11.20
2007.09.10 18:56:49.198,1.5672,1.5674,24.00,11.20
2007.09.10 18:56:49.279,1.5672,1.5674,27.80,11.20
2007.09.10 18:56:49.616,1.5672,1.5674,23.80,11.20
2007.09.10 18:56:49.801,1.5672,1.5674,26.20,10.40
2007.09.10 18:56:49.831,1.56725,1.5674,3.20,10.40
2007.09.10 18:56:50.031,1.5673,1.5674,4.20,5.60
2007.09.10 18:56:50.091,1.5673,1.5674,5.00,5.60
2007.09.10 18:56:50.140,1.5673,1.5674,13.00,5.60
2007.09.10 18:56:50.388,1.5674,1.5675,0.80,16.80
2007.09.10 18:56:50.439,1.5674,1.5675,1.00,12.00
2007.09.10 18:56:50.557,1.5673,1.5674,21.00,5.60
2007.09.10 18:56:50.653,1.5673,1.5674,21.00,5.60
2007.09.10 18:56:50.753,1.5674,1.5676,5.80,17.60
2007.09.10 18:56:50.873,1.5674,1.5676,5.80,16.00
2007.09.10 18:56:51.473,1.5674,1.5676,6.60,19.20
2007.09.10 18:56:52.282,1.5674,1.5676,7.40,19.20
2007.09.10 18:56:53.410,1.5674,1.5676,7.20,19.20
2007.09.10 18:56:53.715,1.5674,1.5676,7.20,20.00
2007.09.10 18:56:54.042,1.5674,1.5676,7.20,20.80
2007.09.10 18:56:54.102,1.5674,1.56755,7.20,0.80
2007.09.10 18:56:54.217,1.5674,1.5676,7.20,20.00
2007.09.10 18:56:54.908,1.5673,1.5676,40.20,20.00
2007.09.10 18:56:54.976,1.5673,1.5676,32.20,28.00
2007.09.10 18:56:55.035,1.5673,1.5676,26.60,28.80
2007.09.10 18:56:55.152,1.5673,1.5676,26.60,31.20
2007.09.10 18:56:55.279,1.5673,1.5676,24.20,30.40
2007.09.10 18:56:55.397,1.5673,1.5675,24.20,0.80
2007.09.10 18:56:55.448,1.5673,1.5676,31.40,31.20
2007.09.10 18:56:55.710,1.5673,1.56765,24.20,36.60
2007.09.10 18:56:55.944,1.5673,1.5676,24.20,30.40
2007.09.10 18:56:56.122,1.5674,1.5676,7.20,22.40
2007.09.10 18:56:56.716,1.5674,1.5676,7.20,21.60
2007.09.10 18:56:58.806,1.5674,1.5675,7.20,0.50
2007.09.10 18:56:59.184,1.5674,1.5675,7.20,6.00
2007.09.10 18:56:59.325,1.5674,1.5675,2.40,10.00
2007.09.10 18:56:59.374,1.5674,1.5675,1.60,10.00
2007.09.10 18:56:59.402,1.5674,1.5675,0.80,10.00
2007.09.10 18:56:59.685,1.5673,1.5675,19.20,10.00
2007.09.10 18:56:59.891,1.5673,1.5675,18.40,10.00
2007.09.10 18:56:59.944,1.5673,1.5675,12.80,10.00
2007.09.10 18:56:59.962,1.5673,1.5675,12.00,10.00
2007.09.10 18:57:00.043,1.5673,1.5674,12.00,0.10
2007.09.10 18:57:00.153,1.5673,1.5675,8.00,14.00
2007.09.10 18:57:00.242,1.5673,1.5675,4.00,14.00
2007.09.10 18:57:00.564,1.5672,1.5675,17.60,18.00
2007.09.10 18:57:00.870,1.5672,1.5675,16.00,18.00
2007.09.10 18:57:01.114,1.5672,1.5675,16.80,18.00
2007.09.10 18:57:02.165,1.5672,1.5675,8.20,18.00
2007.09.10 18:57:06.358,1.5672,1.5675,5.20,26.00
2007.09.10 18:57:06.680,1.5672,1.5674,3.60,0.80
2007.09.10 18:57:10.394,1.5672,1.5675,1.80,26.00
2007.09.10 18:57:12.680,1.5671,1.5674,36.80,0.80
2007.09.10 18:57:12.719,1.5671,1.5674,36.80,6.40
2007.09.10 18:57:12.785,1.5671,1.5674,36.00,10.40
2007.09.10 18:57:12.893,1.5672,1.5674,0.60,10.40
2007.09.10 18:57:12.987,1.5671,1.5674,36.00,18.40
2007.09.10 18:57:13.016,1.5672,1.5674,5.80,18.40
2007.09.10 18:57:13.199,1.5672,1.5674,3.60,18.40
2007.09.10 18:57:13.239,1.5671,1.5674,25.60,19.20
2007.09.10 18:57:13.336,1.5672,1.5674,4.30,19.20
2007.09.10 18:57:13.358,1.56715,1.5674,10.40,19.20
2007.09.10 18:57:18.174,1.5672,1.5674,2.80,19.20
2007.09.10 18:57:18.264,1.5672,1.5674,3.40,11.20
2007.09.10 18:57:18.886,1.56715,1.5674,11.20,12.00
2007.09.10 18:57:19.076,1.56725,1.5674,0.80,12.00
2007.09.10 18:57:19.316,1.5672,1.5674,7.20,15.20
2007.09.10 18:57:19.405,1.5672,1.5673,7.20,5.60
2007.09.10 18:57:19.517,1.5672,1.5673,3.20,9.60
2007.09.10 18:57:19.826,1.5672,1.5673,2.40,4.00
2007.09.10 18:57:19.895,1.56735,1.5674,0.80,4.80
2007.09.10 18:57:20.027,1.5674,1.5675,0.70,20.80
2007.09.10 18:57:20.263,1.56735,1.5675,2.40,18.20
2007.09.10 18:57:20.468,1.5674,1.5675,0.70,12.40
2007.09.10 18:57:20.487,1.5673,1.5675,12.80,16.40
2007.09.10 18:57:20.886,1.56735,1.5676,6.40,23.20
2007.09.10 18:57:20.969,1.5674,1.5676,2.30,25.60
2007.09.10 18:57:20.982,1.5673,1.5676,12.00,25.60
2007.09.10 18:57:21.069,1.5674,1.5676,0.80,23.20
2007.09.10 18:57:21.080,1.5674,1.5676,0.50,23.20
2007.09.10 18:57:21.163,1.56735,1.5676,6.40,23.20
2007.09.10 18:57:21.499,1.5674,1.5676,1.80,19.20
2007.09.10 18:57:36.377,1.5674,1.5676,6.40,19.20
2007.09.10 18:57:38.365,1.5674,1.5676,5.60,19.20
2007.09.10 18:57:39.051,1.5674,1.5676,5.60,20.00
2007.09.10 18:57:39.154,1.5674,1.5676,4.80,22.40
2007.09.10 18:57:39.249,1.5674,1.5676,4.80,24.80
2007.09.10 18:57:39.419,1.5674,1.5675,0.80,4.00
2007.09.10 18:57:40.588,1.5673,1.5675,12.80,9.60
2007.09.10 18:57:41.018,1.5674,1.5675,0.80,9.60
2007.09.10 18:57:41.036,1.5674,1.5675,1.60,9.60
2007.09.10 18:57:41.256,1.5674,1.5675,1.60,0.90
2007.09.10 18:57:41.318,1.5674,1.5676,1.60,35.20
2007.09.10 18:57:41.405,1.5674,1.5676,2.40,28.80
2007.09.10 18:57:41.582,1.5674,1.5677,6.40,40.10
2007.09.10 18:57:41.716,1.5674,1.5677,7.20,40.10
2007.09.10 18:57:41.776,1.5674,1.5676,7.20,0.70
2007.09.10 18:57:41.877,1.5674,1.5677,12.00,0.90
2007.09.10 18:57:41.978,1.5674,1.56775,16.00,31.20
2007.09.10 18:57:42.035,1.5674,1.5678,16.00,42.50
2007.09.10 18:57:42.081,1.5675,1.5677,0.80,0.90
2007.09.10 18:57:42.224,1.5675,1.5678,0.80,41.70
2007.09.10 18:57:42.445,1.5675,1.5678,1.60,40.90
2007.09.10 18:57:42.926,1.5675,1.5678,1.60,43.30
2007.09.10 18:57:43.134,1.5675,1.5677,5.60,0.80
2007.09.10 18:57:43.224,1.5675,1.5678,14.40,40.80
2007.09.10 18:57:43.343,1.5675,1.5677,15.20,0.50
2007.09.10 18:57:43.970,1.5675,1.5678,14.40,40.80
2007.09.10 18:57:44.204,1.56755,1.5678,0.80,38.40
2007.09.10 18:57:45.120,1.5676,1.5678,0.80,35.20
2007.09.10 18:57:45.152,1.5676,1.5677,1.60,0.90
2007.09.10 18:57:45.222,1.5676,1.5679,2.40,41.40
2007.09.10 18:57:45.414,1.5676,1.5679,2.40,40.60
2007.09.10 18:57:45.654,1.5677,1.5679,3.10,35.80
2007.09.10 18:57:46.184,1.5676,1.5679,6.40,0.70
2007.09.10 18:57:48.702,1.5676,1.56795,7.20,25.60
2007.09.10 18:57:49.093,1.56765,1.568,0.80,48.60
2007.09.10 18:57:49.747,1.56765,1.568,0.80,45.50
2007.09.10 18:57:53.212,1.56765,1.5678,0.80,0.90
2007.09.10 18:57:53.242,1.56765,1.5679,0.80,28.80
2007.09.10 18:57:53.363,1.56765,1.5679,0.80,33.60
2007.09.10 18:57:53.825,1.5676,1.5679,7.20,37.60
2007.09.10 18:57:53.978,1.5676,1.5679,7.20,37.60
2007.09.10 18:57:55.016,1.5676,1.5679,7.20,36.80
2007.09.10 18:57:55.165,1.5676,1.5679,7.20,33.60
2007.09.10 18:57:55.232,1.5676,1.5679,11.20,0.90
2007.09.10 18:57:55.263,1.5676,1.5679,10.40,0.50
2007.09.10 18:57:55.328,1.5676,1.5679,10.40,0.90
2007.09.10 18:57:55.364,1.5676,1.5679,9.60,0.90
2007.09.10 18:57:55.464,1.5676,1.568,10.40,55.10
2007.09.10 18:57:55.650,1.5676,1.5679,14.40,0.90
2007.09.10 18:57:55.672,1.56765,1.5679,0.80,0.90
2007.09.10 18:57:55.848,1.56765,1.5679,0.80,21.60
2007.09.10 18:57:55.954,1.56765,1.5679,0.80,0.80
2007.09.10 18:57:56.430,1.5676,1.568,15.20,57.00
2007.09.10 18:57:56.779,1.5676,1.5679,11.20,22.40
2007.09.10 18:57:57.264,1.5676,1.56785,7.20,9.60
2007.09.10 18:57:57.721,1.5676,1.5679,7.20,35.60
2007.09.10 18:57:58.375,1.5676,1.5679,7.20,39.60
2007.09.10 18:57:58.786,1.5676,1.5679,7.20,38.80
2007.09.10 18:57:59.364,1.5676,1.5679,7.20,41.60
2007.09.10 18:57:59.989,1.5676,1.5679,7.20,42.40
2007.09.10 18:58:01.764,1.5676,1.5679,7.20,44.00
2007.09.10 18:58:02.002,1.5676,1.5678,7.20,0.90
2007.09.10 18:58:02.188,1.5676,1.56785,7.20,20.80
2007.09.10 18:58:02.280,1.5676,1.5678,7.20,21.60
2007.09.10 18:58:03.017,1.5676,1.5677,7.20,0.60
2007.09.10 18:58:03.123,1.5676,1.5678,3.20,20.40
2007.09.10 18:58:03.242,1.5676,1.5678,2.40,20.40
2007.09.10 18:58:03.406,1.5676,1.5678,1.60,26.60
2007.09.10 18:58:03.833,1.5676,1.5678,0.80,25.80
2007.09.10 18:58:04.149,1.5676,1.5678,1.60,29.00
2007.09.10 18:58:04.279,1.5676,1.5677,1.60,0.50
2007.09.10 18:58:04.847,1.5675,1.5678,6.40,42.00
2007.09.10 18:58:11.304,1.5675,1.5676,6.40,0.80
2007.09.10 18:58:11.614,1.5675,1.5676,6.40,1.60
2007.09.10 18:58:11.719,1.5675,1.5676,5.60,7.20
2007.09.10 18:58:11.795,1.5675,1.5676,0.80,11.20
2007.09.10 18:58:11.998,1.56745,1.5676,0.80,11.20
2007.09.10 18:58:12.206,1.56745,1.5676,0.80,19.20
2007.09.10 18:58:12.968,1.5674,1.5676,9.60,19.20
2007.09.10 18:58:13.149,1.5674,1.5676,8.80,21.60
2007.09.10 18:58:13.259,1.5674,1.5676,7.20,21.60
2007.09.10 18:58:19.306,1.5674,1.5676,7.20,19.20
2007.09.10 18:58:19.732,1.5674,1.5676,7.20,21.60
2007.09.10 18:58:23.317,1.5674,1.5676,7.20,19.20
2007.09.10 18:58:26.192,1.5674,1.5675,7.20,0.80
2007.09.10 18:58:26.588,1.5674,1.5675,6.40,0.80
2007.09.10 18:58:26.616,1.5674,1.5675,5.60,0.80
2007.09.10 18:58:26.709,1.5674,1.5675,4.80,6.40
2007.09.10 18:58:26.746,1.5674,1.5675,4.00,6.40
2007.09.10 18:58:26.792,1.5674,1.5675,4.80,6.40
2007.09.10 18:58:26.911,1.5674,1.5675,4.00,6.40
2007.09.10 18:58:27.423,1.5673,1.5675,22.40,10.40
2007.09.10 18:58:27.642,1.5673,1.5675,18.40,10.40
2007.09.10 18:58:28.080,1.5673,1.5675,14.40,10.40
2007.09.10 18:58:28.900,1.5673,1.5675,10.40,10.40
2007.09.10 18:58:29.053,1.5673,1.5675,13.40,10.40
2007.09.10 18:58:29.217,1.5673,1.5675,21.40,10.40
2007.09.10 18:58:30.216,1.5673,1.5675,17.40,10.40
2007.09.10 18:58:33.231,1.5673,1.5675,17.40,9.60
2007.09.10 18:58:33.345,1.5673,1.5675,14.40,10.40
2007.09.10 18:58:34.055,1.56725,1.5675,17.60,10.40
2007.09.10 18:58:34.160,1.56725,1.5675,18.40,10.40
2007.09.10 18:58:34.379,1.5673,1.5675,9.00,9.60
2007.09.10 18:58:34.696,1.56735,1.5675,4.00,9.60
2007.09.10 18:58:35.159,1.5674,1.5675,2.00,4.00
2007.09.10 18:58:35.473,1.56735,1.5675,4.80,4.00
2007.09.10 18:58:36.131,1.56735,1.5676,13.60,22.20
2007.09.10 18:58:36.445,1.5673,1.5676,38.20,18.20
2007.09.10 18:58:36.545,1.5674,1.5676,4.80,18.20
2007.09.10 18:58:36.846,1.5673,1.5676,35.00,18.20
2007.09.10 18:58:36.963,1.5673,1.5676,35.00,14.20
2007.09.10 18:58:37.180,1.5674,1.5676,1.40,14.20
2007.09.10 18:58:37.284,1.5673,1.5676,34.40,14.20
2007.09.10 18:58:37.586,1.5674,1.5676,2.90,13.60
2007.09.10 18:58:37.904,1.5674,1.5676,1.30,14.20
2007.09.10 18:58:39.195,1.5673,1.5675,25.60,0.60
2007.09.10 18:58:39.784,1.5673,1.5675,21.60,10.20
2007.09.10 18:58:39.863,1.5673,1.5675,20.80,10.20
2007.09.10 18:58:39.907,1.5673,1.5675,20.80,10.20
2007.09.10 18:58:40.193,1.56735,1.5675,1.60,10.20
2007.09.10 18:58:40.299,1.56735,1.5675,4.60,9.60
2007.09.10 18:58:40.599,1.5674,1.5675,2.50,9.60
2007.09.10 18:58:40.725,1.5673,1.5675,31.60,5.60
2007.09.10 18:58:40.816,1.5673,1.5675,41.20,5.60
2007.09.10 18:58:41.231,1.56735,1.5675,14.20,5.60
2007.09.10 18:58:41.334,1.56735,1.5676,14.20,20.80
2007.09.10 18:58:41.443,1.56735,1.5676,14.20,16.80
2007.09.10 18:58:41.507,1.56735,1.5676,13.40,16.80
2007.09.10 18:58:41.652,1.5674,1.5676,10.80,16.00
2007.09.10 18:58:41.753,1.5674,1.5676,13.20,13.60
2007.09.10 18:58:41.780,1.5674,1.5675,5.30,0.05
2007.09.10 18:58:41.856,1.56735,1.5675,12.80,0.05
2007.09.10 18:58:42.046,1.5675,1.5676,1.50,5.60
2007.09.10 18:58:42.254,1.5674,1.5676,1.00,9.60
2007.09.10 18:58:43.670,1.5674,1.5676,2.50,9.60
2007.09.10 18:58:43.697,1.5674,1.5676,1.20,9.60
2007.09.10 18:58:43.768,1.5674,1.5676,1.90,10.40
2007.09.10 18:58:46.209,1.5673,1.5676,31.80,10.40
2007.09.10 18:58:46.341,1.5673,1.5676,31.00,10.40
2007.09.10 18:58:47.040,1.5674,1.5676,1.20,10.40
2007.09.10 18:58:47.142,1.5674,1.5676,0.50,9.60
2007.09.10 18:58:47.297,1.5673,1.5676,44.60,9.60
2007.09.10 18:58:47.452,1.5674,1.5676,4.90,10.40
2007.09.10 18:58:47.706,1.5674,1.5676,8.00,10.40
2007.09.10 18:58:47.778,1.5674,1.5676,4.30,10.40
2007.09.10 18:58:48.461,1.5673,1.5676,39.80,10.40
2007.09.10 18:58:49.085,1.5673,1.5676,38.20,9.60
2007.09.10 18:58:49.132,1.5673,1.5676,41.40,9.60
2007.09.10 18:58:49.184,1.5673,1.5676,40.60,9.60
2007.09.10 18:58:49.236,1.5673,1.5676,43.80,9.60
2007.09.10 18:58:49.392,1.5673,1.5676,43.80,9.60
2007.09.10 18:58:51.174,1.5674,1.5676,2.40,9.60
2007.09.10 18:58:51.345,1.5674,1.5676,21.40,9.60
2007.09.10 18:58:51.480,1.56745,1.5676,4.80,5.60
2007.09.10 18:58:52.158,1.5674,1.5676,33.40,5.60
2007.09.10 18:58:52.534,1.5675,1.5676,3.20,5.60
2007.09.10 18:58:52.727,1.5674,1.5677,39.00,14.40
2007.09.10 18:58:52.949,1.5675,1.5677,1.50,10.40
2007.09.10 18:58:56.139,1.5674,1.5677,35.80,14.40
2007.09.10 18:59:02.862,1.5675,1.5677,6.40,14.40
2007.09.10 18:59:04.549,1.5675,1.5677,6.40,22.40
2007.09.10 18:59:05.826,1.5675,1.5677,7.20,22.40
2007.09.10 18:59:07.451,1.5675,1.5677,7.20,21.60
2007.09.10 18:59:08.767,1.5675,1.5677,7.20,13.60
2007.09.10 18:59:09.815,1.5675,1.5677,7.20,10.40
2007.09.10 18:59:10.700,1.5675,1.5677,10.20,9.60
2007.09.10 18:59:11.830,1.5675,1.5677,7.20,9.60
2007.09.10 18:59:14.050,1.5675,1.5677,15.20,9.60
2007.09.10 18:59:14.975,1.5675,1.5677,7.20,9.60
2007.09.10 18:59:15.091,1.5675,1.5677,7.20,10.40
2007.09.10 18:59:18.941,1.5675,1.5677,7.20,9.60
2007.09.10 18:59:20.486,1.5675,1.5677,7.20,10.40
2007.09.10 18:59:20.831,1.5675,1.5677,6.40,22.40
2007.09.10 18:59:20.997,1.5675,1.5677,6.40,14.40
2007.09.10 18:59:22.153,1.5675,1.5677,6.40,22.40
2007.09.10 18:59:23.090,1.5675,1.5677,7.20,22.40
2007.09.10 18:59:23.717,1.5675,1.5677,7.20,14.40
2007.09.10 18:59:27.187,1.5675,1.5677,7.20,22.40
2007.09.10 18:59:27.337,1.5675,1.5677,7.20,14.40
2007.09.10 18:59:28.672,1.5675,1.5677,7.20,10.40
2007.09.10 18:59:29.300,1.5675,1.5677,7.20,14.40
2007.09.10 18:59:31.130,1.5675,1.5677,7.20,13.60
2007.09.10 18:59:31.219,1.5675,1.5677,10.20,9.60
2007.09.10 18:59:32.421,1.5675,1.5677,9.40,9.60
2007.09.10 18:59:32.600,1.5675,1.5677,5.60,9.60
2007.09.10 18:59:33.446,1.5675,1.5677,5.60,10.40
2007.09.10 18:59:37.034,1.5675,1.5677,5.60,0.80
2007.09.10 18:59:38.275,1.5675,1.5678,5.60,30.20
2007.09.10 18:59:38.388,1.5675,1.5677,8.60,0.70
2007.09.10 18:59:40.554,1.5675,1.5678,16.60,29.40
2007.09.10 18:59:40.893,1.5675,1.5678,15.80,29.40
2007.09.10 18:59:42.441,1.5675,1.5678,7.80,31.00
2007.09.10 18:59:43.251,1.5675,1.5677,4.80,0.70
2007.09.10 18:59:47.891,1.5675,1.5677,15.80,0.70
2007.09.10 18:59:48.556,1.5675,1.5678,12.80,29.40
2007.09.10 18:59:48.622,1.5675,1.5677,4.80,0.50
2007.09.10 18:59:49.473,1.5675,1.5678,15.80,29.40
2007.09.10 18:59:49.727,1.5675,1.5677,16.60,0.90
2007.09.10 18:59:49.828,1.5675,1.5678,17.40,29.40
2007.09.10 18:59:49.877,1.5675,1.5678,18.20,29.40
2007.09.10 18:59:50.181,1.5675,1.5678,17.40,29.40
2007.09.10 18:59:50.288,1.5676,1.5678,0.80,29.40
2007.09.10 18:59:50.799,1.5675,1.5677,17.40,0.80
2007.09.10 18:59:50.963,1.5675,1.5677,17.40,0.90
2007.09.10 18:59:51.019,1.5675,1.5677,18.20,0.90
2007.09.10 18:59:51.054,1.5675,1.5678,19.00,27.00
2007.09.10 18:59:51.112,1.5675,1.5677,19.80,0.50
2007.09.10 18:59:51.156,1.5675,1.5677,22.20,0.80
2007.09.10 18:59:51.430,1.5675,1.5677,14.20,0.60
2007.09.10 18:59:52.067,1.5675,1.5678,16.60,27.00
2007.09.10 18:59:52.497,1.5676,1.5679,0.80,39.90
2007.09.10 18:59:52.574,1.5676,1.5678,0.80,17.70
2007.09.10 18:59:52.695,1.5676,1.5678,4.80,13.70
2007.09.10 18:59:52.793,1.5676,1.5678,8.80,9.70
2007.09.10 18:59:52.889,1.5676,1.5678,9.60,9.70
2007.09.10 18:59:53.320,1.5676,1.5678,13.60,9.70
2007.09.10 18:59:53.437,1.5676,1.5679,13.60,32.60
2007.09.10 18:59:53.500,1.5676,1.5679,13.60,32.60
2007.09.10 18:59:53.631,1.5676,1.5679,5.60,37.40
2007.09.10 18:59:53.734,1.5676,1.5679,8.60,34.40
2007.09.10 18:59:54.141,1.5676,1.5679,10.20,34.40
2007.09.10 18:59:54.170,1.5676,1.5679,19.00,26.40
2007.09.10 18:59:54.274,1.5676,1.5679,23.00,22.40
2007.09.10 18:59:54.420,1.5676,1.5679,30.20,14.40
2007.09.10 18:59:54.520,1.5677,1.5678,0.80,0.70
2007.09.10 18:59:54.773,1.5677,1.5678,1.60,0.80
2007.09.10 18:59:55.098,1.5677,1.5678,2.40,0.70
2007.09.10 18:59:55.462,1.5677,1.5679,11.20,0.90
2007.09.10 18:59:55.519,1.5678,1.5679,0.80,0.70
2007.09.10 18:59:55.771,1.5677,1.568,10.40,27.80
2007.09.10 18:59:55.790,1.5678,1.568,0.80,0.60
2007.09.10 18:59:55.909,1.5678,1.568,0.80,0.50
2007.09.10 18:59:56.004,1.5678,1.568,0.80,0.70
2007.09.10 18:59:56.027,1.5678,1.56805,0.80,15.20
2007.09.10 18:59:56.088,1.5678,1.568,0.80,13.90
2007.09.10 18:59:56.439,1.5678,1.568,4.80,5.60
2007.09.10 18:59:56.866,1.5677,1.5679,12.80,0.50
2007.09.10 18:59:57.033,1.5678,1.5679,0.80,0.60
2007.09.10 18:59:57.661,1.5678,1.56805,4.80,26.40
2007.09.10 18:59:57.773,1.5678,1.568,4.80,0.80
2007.09.10 18:59:58.282,1.5678,1.568,4.80,0.80
2007.09.10 18:59:58.498,1.5678,1.568,4.80,0.70
2007.09.10 18:59:58.615,1.5678,1.568,4.80,0.90
2007.09.10 18:59:58.729,1.5678,1.568,4.80,0.90
2007.09.10 18:59:58.986,1.5678,1.56805,10.40,15.20
2007.09.10 18:59:59.545,1.5678,1.56805,10.40,16.00
2007.09.10 18:59:59.637,1.5678,1.56805,9.60,16.00
2007.09.10 18:59:59.707,1.5678,1.568,9.60,0.50
2007.09.10 18:59:59.909,1.5678,1.56805,9.60,12.80
