2011.08.30 15:00:00.043,1.10734,1.10745,1.62,1.50
2011.08.30 15:00:00.995,1.10732,1.10748,2.48,1.58
2011.08.30 15:00:01.703,1.10732,1.10746,1.73,1.50
2011.08.30 15:00:02.201,1.10732,1.10747,1.73,1.50
2011.08.30 15:00:02.804,1.10732,1.10747,2.48,1.50
2011.08.30 15:00:03.811,1.10734,1.10745,1.62,1.50
2011.08.30 15:00:03.940,1.10734,1.10747,1.60,1.50
2011.08.30 15:00:04.665,1.10735,1.10751,2.37,1.50
2011.08.30 15:00:05.904,1.10735,1.10748,2.37,1.50
2011.08.30 15:00:06.264,1.10733,1.10746,1.62,1.88
2011.08.30 15:00:06.633,1.10735,1.10748,1.50,1.13
2011.08.30 15:00:06.874,1.10736,1.10752,1.88,1.50
2011.08.30 15:00:07.115,1.10737,1.10752,1.50,1.50
2011.08.30 15:00:08.130,1.10738,1.10752,1.50,1.50
2011.08.30 15:00:09.161,1.10738,1.10752,1.50,1.50
2011.08.30 15:00:09.519,1.10735,1.1075,1.62,1.88
2011.08.30 15:00:10.122,1.10735,1.10753,3.12,2.25
2011.08.30 15:00:10.665,1.10737,1.10753,1.50,2.25
2011.08.30 15:00:10.916,1.10736,1.10747,1.50,1.50
2011.08.30 15:00:11.050,1.1073,1.10744,2.10,1.13
2011.08.30 15:00:11.176,1.1073,1.10744,1.88,1.13
2011.08.30 15:00:11.427,1.1073,1.10747,4.88,1.88
2011.08.30 15:00:11.796,1.10734,1.1075,3.23,1.50
2011.08.30 15:00:12.160,1.10735,1.10751,3.47,1.50
2011.08.30 15:00:13.604,1.10735,1.10751,3.12,1.50
2011.08.30 15:00:13.856,1.10732,1.10746,1.50,1.88
2011.08.30 15:00:14.102,1.1073,1.10744,1.39,1.50
2011.08.30 15:00:14.723,1.10729,1.10744,2.85,1.50
2011.08.30 15:00:14.965,1.10729,1.10743,1.50,1.13
2011.08.30 15:00:15.215,1.1073,1.10746,1.50,2.25
2011.08.30 15:00:15.468,1.10723,1.10739,5.25,2.25
2011.08.30 15:00:15.599,1.10722,1.10734,1.50,1.88
2011.08.30 15:00:15.723,1.10719,1.10734,2.25,1.88
2011.08.30 15:00:16.322,1.10721,1.10737,1.13,1.13
2011.08.30 15:00:16.649,1.10722,1.10737,1.50,1.13
2011.08.30 15:00:16.797,1.10722,1.10735,1.50,1.50
2011.08.30 15:00:17.046,1.10719,1.10734,1.13,1.13
2011.08.30 15:00:17.299,1.10721,1.10738,1.50,3.75
2011.08.30 15:00:17.547,1.10719,1.10736,1.88,1.50
2011.08.30 15:00:17.918,1.10723,1.1074,1.50,2.33
2011.08.30 15:00:18.592,1.10725,1.10742,1.88,1.20
2011.08.30 15:00:18.956,1.10725,1.10739,1.50,2.25
2011.08.30 15:00:19.091,1.10722,1.10737,1.50,1.50
2011.08.30 15:00:19.335,1.1072,1.10734,1.88,1.88
2011.08.30 15:00:19.463,1.1072,1.10735,1.88,1.13
2011.08.30 15:00:19.703,1.10721,1.10735,1.50,1.13
2011.08.30 15:00:20.062,1.10723,1.10735,5.25,1.13
2011.08.30 15:00:20.186,1.10722,1.10737,1.50,1.50
2011.08.30 15:00:20.435,1.10724,1.10738,1.50,1.13
2011.08.30 15:00:20.963,1.10723,1.1074,1.50,2.25
2011.08.30 15:00:21.325,1.10725,1.1074,1.50,1.50
2011.08.30 15:00:22.149,1.10725,1.10742,2.63,1.95
2011.08.30 15:00:22.981,1.10727,1.10745,1.50,1.58
2011.08.30 15:00:23.228,1.10725,1.10738,1.13,1.50
2011.08.30 15:00:23.357,1.10725,1.10741,1.13,1.20
2011.08.30 15:00:24.317,1.10727,1.10743,1.13,1.95
2011.08.30 15:00:24.981,1.10727,1.10741,2.25,1.13
2011.08.30 15:00:25.124,1.10732,1.10748,1.88,1.13
2011.08.30 15:00:25.488,1.10737,1.10752,1.50,1.58
2011.08.30 15:00:26.071,1.10734,1.10751,1.50,1.58
2011.08.30 15:00:26.190,1.10733,1.10749,1.50,1.13
2011.08.30 15:00:26.936,1.10731,1.10748,2.63,1.20
2011.08.30 15:00:27.991,1.10732,1.10748,1.13,1.13
2011.08.30 15:00:28.570,1.10734,1.10751,1.13,1.58
2011.08.30 15:00:28.689,1.10735,1.10752,1.50,2.33
2011.08.30 15:00:28.810,1.10736,1.10752,1.50,2.33
2011.08.30 15:00:29.053,1.10735,1.10751,1.50,1.58
2011.08.30 15:00:29.432,1.10735,1.10751,1.50,1.20
2011.08.30 15:00:29.903,1.10735,1.10751,1.50,3.08
2011.08.30 15:00:30.022,1.10734,1.10749,1.50,1.50
2011.08.30 15:00:30.148,1.10733,1.10747,1.50,2.25
2011.08.30 15:00:30.278,1.10731,1.10743,1.50,1.13
2011.08.30 15:00:30.874,1.10733,1.10747,2.25,1.58
2011.08.30 15:00:31.006,1.10731,1.10745,1.88,1.20
2011.08.30 15:00:31.720,1.10733,1.10743,1.50,1.50
2011.08.30 15:00:31.851,1.10733,1.10747,1.50,1.50
2011.08.30 15:00:32.431,1.10734,1.10747,1.13,1.50
2011.08.30 15:00:32.672,1.10731,1.10744,1.50,1.13
2011.08.30 15:00:33.031,1.10734,1.10747,1.13,1.50
2011.08.30 15:00:33.631,1.10734,1.10747,1.13,1.50
2011.08.30 15:00:34.584,1.10734,1.10745,1.13,1.50
2011.08.30 15:00:34.719,1.10734,1.10743,1.13,1.50
2011.08.30 15:00:35.084,1.10732,1.10739,1.50,1.50
2011.08.30 15:00:35.214,1.10732,1.1074,1.50,1.50
2011.08.30 15:00:35.803,1.10732,1.10742,1.50,1.13
2011.08.30 15:00:35.924,1.10732,1.10741,1.50,1.50
2011.08.30 15:00:36.163,1.1073,1.10742,1.50,2.63
2011.08.30 15:00:36.512,1.10732,1.10743,1.13,1.50
2011.08.30 15:00:37.282,1.10731,1.10742,1.50,1.50
2011.08.30 15:00:38.930,1.1073,1.10744,2.25,1.50
2011.08.30 15:00:39.858,1.1073,1.1074,1.50,2.63
2011.08.30 15:00:40.107,1.1073,1.1074,1.50,1.13
2011.08.30 15:00:40.474,1.10729,1.1074,1.50,1.50
2011.08.30 15:00:41.078,1.10728,1.10738,1.50,1.88
2011.08.30 15:00:41.324,1.10723,1.10737,1.50,1.50
2011.08.30 15:00:41.949,1.10721,1.10735,1.88,1.88
2011.08.30 15:00:42.315,1.1072,1.10732,1.50,1.13
2011.08.30 15:00:42.681,1.1072,1.10729,1.50,1.13
2011.08.30 15:00:43.482,1.10716,1.1073,1.50,1.13
2011.08.30 15:00:44.448,1.10716,1.10727,1.50,1.13
2011.08.30 15:00:44.814,1.10713,1.10726,1.88,2.33
2011.08.30 15:00:45.390,1.10713,1.10725,1.50,1.50
2011.08.30 15:00:45.865,1.10712,1.10725,1.13,1.50
2011.08.30 15:00:46.234,1.10713,1.10725,1.50,1.58
2011.08.30 15:00:46.366,1.10715,1.10728,1.13,1.58
2011.08.30 15:00:47.007,1.10712,1.10728,3.00,1.58
2011.08.30 15:00:47.372,1.10712,1.10728,1.88,1.95
2011.08.30 15:00:47.727,1.10711,1.10725,1.88,1.13
2011.08.30 15:00:48.559,1.10713,1.10727,1.88,1.95
2011.08.30 15:00:49.132,1.10713,1.10728,2.63,1.58
2011.08.30 15:00:49.485,1.10713,1.10726,1.13,1.50
2011.08.30 15:00:50.576,1.10713,1.10728,1.88,1.58
2011.08.30 15:00:50.705,1.10718,1.1073,1.50,2.70
2011.08.30 15:00:50.834,1.10718,1.10731,1.50,1.95
2011.08.30 15:00:51.194,1.10715,1.10725,1.50,1.88
2011.08.30 15:00:51.441,1.10709,1.10721,1.88,1.50
2011.08.30 15:00:51.561,1.10709,1.10723,2.63,1.50
2011.08.30 15:00:51.801,1.10709,1.10722,1.88,1.50
2011.08.30 15:00:52.041,1.10709,1.10723,2.63,1.50
2011.08.30 15:00:52.389,1.10709,1.10722,1.50,1.50
2011.08.30 15:00:52.959,1.10708,1.10722,1.88,1.58
2011.08.30 15:00:53.565,1.10712,1.10727,1.13,1.13
2011.08.30 15:00:53.936,1.10716,1.1073,1.13,2.33
2011.08.30 15:00:54.302,1.10718,1.10732,1.50,1.58
2011.08.30 15:00:54.543,1.1072,1.10734,1.88,1.95
2011.08.30 15:00:55.331,1.10722,1.10736,1.50,1.58
2011.08.30 15:00:55.909,1.10722,1.10735,1.50,1.20
2011.08.30 15:00:56.363,1.10721,1.10735,1.50,1.58
2011.08.30 15:00:57.260,1.1072,1.10733,1.50,1.13
2011.08.30 15:00:57.760,1.1072,1.10733,1.50,1.20
2011.08.30 15:01:00.090,1.10717,1.10731,1.88,2.63
2011.08.30 15:01:00.215,1.10716,1.10728,1.50,1.50
2011.08.30 15:01:00.467,1.10716,1.10729,1.50,1.58
2011.08.30 15:01:01.042,1.10716,1.1073,1.88,2.33
2011.08.30 15:01:01.644,1.10717,1.10732,1.50,1.95
2011.08.30 15:01:02.191,1.10717,1.10733,1.88,2.33
2011.08.30 15:01:03.608,1.10717,1.10732,1.88,1.58
2011.08.30 15:01:04.022,1.10717,1.10732,2.25,1.58
2011.08.30 15:01:04.267,1.10719,1.10734,1.13,1.58
2011.08.30 15:01:04.851,1.10719,1.10735,1.13,1.95
2011.08.30 15:01:04.973,1.10719,1.10735,1.13,2.70
2011.08.30 15:01:06.780,1.1072,1.10734,1.50,1.58
2011.08.30 15:01:07.894,1.10721,1.10735,1.13,1.20
2011.08.30 15:01:08.480,1.10721,1.10735,1.13,1.20
2011.08.30 15:01:12.201,1.10722,1.10736,1.50,1.50
2011.08.30 15:01:12.769,1.10722,1.10738,1.50,1.88
2011.08.30 15:01:13.333,1.10722,1.10738,1.88,1.88
2011.08.30 15:01:15.742,1.10724,1.10738,1.13,1.50
2011.08.30 15:01:15.863,1.10725,1.10741,1.13,3.08
2011.08.30 15:01:16.105,1.10727,1.10741,2.25,1.88
2011.08.30 15:01:16.620,1.10727,1.10741,1.50,1.13
2011.08.30 15:01:16.863,1.10725,1.1074,1.50,2.70
2011.08.30 15:01:17.441,1.10724,1.1074,1.88,2.70
2011.08.30 15:01:18.784,1.10725,1.1074,1.13,2.33
2011.08.30 15:01:19.364,1.10726,1.10741,1.13,1.95
2011.08.30 15:01:19.929,1.10726,1.10741,1.13,1.95
2011.08.30 15:01:21.153,1.10725,1.1074,1.13,3.08
2011.08.30 15:01:21.730,1.10725,1.10739,1.13,1.20
2011.08.30 15:01:22.388,1.10725,1.1074,1.13,1.95
2011.08.30 15:01:23.079,1.10727,1.1074,1.13,1.58
2011.08.30 15:01:24.272,1.10727,1.1074,1.13,2.25
2011.08.30 15:01:25.780,1.10726,1.10741,3.00,1.13
2011.08.30 15:01:26.523,1.10727,1.10741,1.13,1.88
2011.08.30 15:01:27.111,1.10727,1.10741,1.88,1.88
2011.08.30 15:01:27.233,1.10727,1.10741,1.50,3.38
2011.08.30 15:01:27.350,1.10724,1.10738,1.88,1.13
2011.08.30 15:01:27.594,1.10721,1.10737,4.13,1.13
2011.08.30 15:01:28.103,1.10719,1.10731,1.50,1.13
2011.08.30 15:01:28.465,1.10719,1.10731,1.50,1.50
2011.08.30 15:01:28.598,1.1072,1.10736,1.50,1.20
2011.08.30 15:01:28.729,1.10723,1.10737,1.50,4.13
2011.08.30 15:01:28.979,1.10725,1.10739,1.50,2.70
2011.08.30 15:01:29.104,1.10723,1.10739,1.88,2.70
2011.08.30 15:01:29.813,1.10723,1.10737,1.50,3.00
2011.08.30 15:01:30.186,1.10722,1.10734,1.50,1.88
2011.08.30 15:01:30.313,1.10718,1.10732,1.13,2.63
2011.08.30 15:01:30.891,1.10718,1.10732,1.88,1.88
2011.08.30 15:01:31.353,1.10719,1.10735,1.13,3.08
2011.08.30 15:01:31.711,1.10721,1.10736,1.50,1.95
2011.08.30 15:01:32.073,1.10722,1.10736,1.50,1.20
2011.08.30 15:01:32.310,1.10722,1.10738,1.50,2.33
2011.08.30 15:01:32.891,1.10722,1.10738,1.50,2.70
2011.08.30 15:01:33.182,1.10722,1.10738,1.50,3.45
2011.08.30 15:01:33.661,1.10723,1.10738,1.50,2.70
2011.08.30 15:01:34.876,1.10726,1.1074,1.13,2.33
2011.08.30 15:01:35.129,1.10727,1.10742,1.50,1.20
2011.08.30 15:01:35.374,1.10727,1.10741,1.50,1.58
2011.08.30 15:01:36.006,1.10725,1.1074,1.13,1.13
2011.08.30 15:01:36.583,1.10724,1.10739,1.50,2.70
2011.08.30 15:01:36.825,1.10726,1.10739,2.25,1.20
2011.08.30 15:01:37.303,1.10726,1.10738,2.25,1.58
2011.08.30 15:01:37.543,1.10722,1.10734,1.50,1.13
2011.08.30 15:01:38.132,1.1072,1.10734,1.88,1.13
2011.08.30 15:01:38.747,1.1072,1.10733,1.50,1.13
2011.08.30 15:01:39.103,1.10721,1.10734,2.25,2.25
2011.08.30 15:01:39.343,1.10717,1.10732,1.50,1.13
2011.08.30 15:01:39.822,1.10718,1.10732,1.50,1.13
2011.08.30 15:01:40.420,1.10717,1.10731,1.50,1.13
2011.08.30 15:01:40.539,1.10717,1.10731,1.50,1.13
2011.08.30 15:01:41.603,1.10717,1.10732,2.25,1.20
2011.08.30 15:01:41.740,1.10714,1.10726,1.50,1.50
2011.08.30 15:01:41.868,1.10714,1.10726,1.50,1.50
2011.08.30 15:01:42.691,1.10713,1.10724,1.50,1.50
2011.08.30 15:01:43.053,1.10707,1.10722,1.88,1.13
2011.08.30 15:01:43.175,1.10707,1.10726,3.75,2.25
2011.08.30 15:01:43.546,1.10712,1.10723,1.50,1.13
2011.08.30 15:01:43.985,1.10708,1.10722,1.50,1.13
2011.08.30 15:01:44.114,1.10708,1.1072,1.50,1.50
2011.08.30 15:01:44.605,1.10704,1.10719,1.50,1.13
2011.08.30 15:01:45.525,1.10704,1.10716,1.50,1.13
2011.08.30 15:01:45.893,1.10704,1.10713,1.50,1.50
2011.08.30 15:01:46.920,1.10698,1.10706,1.50,1.50
2011.08.30 15:01:47.053,1.10694,1.10705,2.25,2.63
2011.08.30 15:01:47.659,1.10688,1.10704,2.25,3.08
2011.08.30 15:01:48.447,1.10686,1.10702,1.88,1.58
2011.08.30 15:01:49.054,1.10687,1.10704,1.50,1.58
2011.08.30 15:01:50.205,1.1069,1.10704,1.50,1.20
2011.08.30 15:01:50.341,1.10696,1.1071,1.50,1.58
2011.08.30 15:01:50.464,1.10696,1.10712,1.50,1.50
2011.08.30 15:01:50.586,1.10699,1.10716,1.88,1.58
2011.08.30 15:01:51.115,1.10699,1.10713,1.88,1.13
2011.08.30 15:01:51.480,1.10699,1.10714,1.88,1.13
2011.08.30 15:01:52.379,1.107,1.10713,1.50,1.13
2011.08.30 15:01:52.738,1.10705,1.10719,1.88,1.20
2011.08.30 15:01:52.862,1.10705,1.10719,1.88,1.20
2011.08.30 15:01:52.984,1.10705,1.10718,1.50,1.50
2011.08.30 15:01:53.342,1.10706,1.1072,1.13,1.20
2011.08.30 15:01:53.462,1.10703,1.10719,2.63,3.45
2011.08.30 15:01:53.902,1.10705,1.10721,2.63,1.95
2011.08.30 15:01:54.027,1.10705,1.10719,1.50,1.50
2011.08.30 15:01:54.151,1.10705,1.10719,2.25,1.58
2011.08.30 15:01:54.394,1.10702,1.10713,2.25,1.50
2011.08.30 15:01:54.975,1.10702,1.10713,2.25,1.50
2011.08.30 15:01:55.345,1.10702,1.1071,2.25,1.13
2011.08.30 15:01:55.944,1.10702,1.10713,1.50,1.50
2011.08.30 15:01:56.465,1.10702,1.10714,1.50,1.95
2011.08.30 15:01:56.838,1.10704,1.10711,1.50,1.13
2011.08.30 15:01:57.086,1.10702,1.10713,1.50,1.50
2011.08.30 15:01:57.651,1.10702,1.10713,1.50,1.50
2011.08.30 15:01:57.772,1.10702,1.10713,1.50,1.50
2011.08.30 15:01:58.633,1.10705,1.10716,1.50,3.75
2011.08.30 15:01:58.760,1.10705,1.1072,1.50,1.13
2011.08.30 15:01:59.124,1.10705,1.10719,1.50,1.50
2011.08.30 15:01:59.502,1.10695,1.1071,1.50,2.33
2011.08.30 15:01:59.625,1.10692,1.10707,1.50,1.13
2011.08.30 15:01:59.754,1.10691,1.10706,1.88,1.50
2011.08.30 15:02:00.115,1.10692,1.10706,1.50,1.50
2011.08.30 15:02:00.710,1.10692,1.10704,1.50,1.13
2011.08.30 15:02:01.426,1.10692,1.10706,2.25,1.50
2011.08.30 15:02:01.552,1.10693,1.10706,1.50,1.13
2011.08.30 15:02:01.793,1.10693,1.10709,1.88,1.95
2011.08.30 15:02:01.917,1.10693,1.10708,1.88,1.50
2011.08.30 15:02:02.045,1.10694,1.1071,1.50,1.95
2011.08.30 15:02:02.173,1.10695,1.10709,1.50,1.58
2011.08.30 15:02:02.414,1.10693,1.10707,1.50,1.50
2011.08.30 15:02:02.534,1.10692,1.10707,2.63,1.50
2011.08.30 15:02:02.663,1.10693,1.10708,1.50,1.13
2011.08.30 15:02:03.024,1.10695,1.1071,1.50,1.58
2011.08.30 15:02:03.898,1.10696,1.10712,1.88,1.88
2011.08.30 15:02:04.045,1.10693,1.10706,1.50,1.13
2011.08.30 15:02:04.894,1.10696,1.10702,1.50,1.50
2011.08.30 15:02:07.238,1.10692,1.10702,1.13,2.25
2011.08.30 15:02:07.377,1.10686,1.10699,1.50,1.88
2011.08.30 15:02:07.993,1.10686,1.10699,1.50,1.88
2011.08.30 15:02:08.477,1.10688,1.10697,1.88,1.50
2011.08.30 15:02:08.610,1.10688,1.10702,3.38,1.50
2011.08.30 15:02:08.736,1.10689,1.10704,1.50,1.88
2011.08.30 15:02:08.983,1.10693,1.10707,1.50,1.95
2011.08.30 15:02:09.592,1.10693,1.10709,1.50,1.50
2011.08.30 15:02:09.954,1.10696,1.10711,1.50,2.33
2011.08.30 15:02:10.194,1.10693,1.10709,1.50,1.50
2011.08.30 15:02:10.771,1.10693,1.1071,1.50,1.58
2011.08.30 15:02:11.471,1.10693,1.1071,1.50,1.58
2011.08.30 15:02:13.015,1.10692,1.107,1.50,1.13
2011.08.30 15:02:13.266,1.10689,1.10701,1.50,1.50
2011.08.30 15:02:13.391,1.10687,1.10701,2.25,1.50
2011.08.30 15:02:13.514,1.10688,1.10702,1.13,1.13
2011.08.30 15:02:13.875,1.10689,1.10703,1.50,1.20
2011.08.30 15:02:14.454,1.10688,1.10702,1.50,1.13
2011.08.30 15:02:14.930,1.10691,1.10705,1.50,1.43
2011.08.30 15:02:15.051,1.10691,1.10705,1.50,1.43
2011.08.30 15:02:15.171,1.10689,1.10705,1.88,1.43
2011.08.30 15:02:15.292,1.10689,1.10703,1.50,2.33
2011.08.30 15:02:15.662,1.10688,1.10699,1.50,1.13
2011.08.30 15:02:16.431,1.10687,1.10701,1.88,1.88
2011.08.30 15:02:16.550,1.10688,1.10701,1.50,1.50
2011.08.30 15:02:17.148,1.10688,1.10702,1.50,1.50
2011.08.30 15:02:17.742,1.1069,1.10702,1.13,1.50
2011.08.30 15:02:18.459,1.1069,1.107,1.13,1.50
2011.08.30 15:02:19.085,1.10681,1.10688,1.50,1.50
2011.08.30 15:02:19.675,1.1068,1.10687,1.50,1.50
2011.08.30 15:02:19.928,1.10681,1.1069,1.50,1.50
2011.08.30 15:02:20.174,1.10681,1.10693,1.50,1.50
2011.08.30 15:02:20.538,1.10679,1.10692,1.50,2.70
2011.08.30 15:02:20.665,1.1068,1.10688,1.50,1.50
2011.08.30 15:02:21.022,1.10681,1.10691,1.50,1.58
2011.08.30 15:02:22.413,1.10679,1.10687,1.50,1.50
2011.08.30 15:02:23.012,1.10678,1.10686,1.50,1.50
2011.08.30 15:02:23.486,1.10679,1.10688,1.50,1.50
2011.08.30 15:02:23.611,1.10678,1.10687,1.50,1.50
2011.08.30 15:02:25.141,1.10679,1.10693,1.88,1.58
2011.08.30 15:02:25.264,1.10685,1.10697,2.25,1.58
2011.08.30 15:02:25.383,1.10685,1.10701,2.25,1.58
2011.08.30 15:02:25.504,1.10685,1.10702,2.25,2.33
2011.08.30 15:02:26.089,1.10685,1.10701,1.50,1.58
2011.08.30 15:02:28.162,1.10686,1.10704,1.50,1.58
2011.08.30 15:02:28.664,1.10694,1.10708,1.50,1.58
2011.08.30 15:02:28.790,1.10692,1.10706,1.50,1.58
2011.08.30 15:02:29.738,1.10689,1.10703,3.00,1.13
2011.08.30 15:02:29.990,1.10687,1.10702,1.50,1.58
2011.08.30 15:02:30.354,1.10686,1.10697,1.50,1.20
2011.08.30 15:02:31.040,1.10686,1.10697,1.50,1.95
2011.08.30 15:02:31.628,1.10685,1.10695,1.50,1.50
2011.08.30 15:02:32.637,1.10686,1.10697,1.50,1.58
2011.08.30 15:02:32.766,1.10686,1.10699,1.50,1.50
2011.08.30 15:02:33.352,1.10686,1.10699,1.50,1.50
2011.08.30 15:02:33.591,1.10686,1.10697,1.50,1.50
2011.08.30 15:02:34.478,1.10685,1.107,1.50,1.58
2011.08.30 15:02:34.605,1.10685,1.10696,1.50,1.88
2011.08.30 15:02:34.971,1.10682,1.10694,1.50,1.50
2011.08.30 15:02:35.804,1.10679,1.10688,1.50,1.50
2011.08.30 15:02:36.041,1.10677,1.10686,1.50,1.50
2011.08.30 15:02:36.162,1.10676,1.10685,1.50,1.50
2011.08.30 15:02:36.389,1.10677,1.10688,1.50,1.50
2011.08.30 15:02:36.971,1.10679,1.10694,1.50,3.08
2011.08.30 15:02:37.091,1.1068,1.10695,1.50,1.20
2011.08.30 15:02:37.212,1.10683,1.10695,1.50,1.20
2011.08.30 15:02:37.444,1.10683,1.10694,1.50,1.88
2011.08.30 15:02:37.790,1.10683,1.10693,1.50,1.50
2011.08.30 15:02:38.315,1.10682,1.10693,1.50,1.50
2011.08.30 15:02:38.447,1.10682,1.10694,1.50,1.50
2011.08.30 15:02:39.056,1.10683,1.10695,1.50,1.50
2011.08.30 15:02:39.184,1.10683,1.10695,1.50,1.50
2011.08.30 15:02:39.307,1.10684,1.10694,1.50,1.50
2011.08.30 15:02:39.673,1.10678,1.10689,1.50,1.50
2011.08.30 15:02:39.912,1.10678,1.10692,1.50,1.88
2011.08.30 15:02:40.744,1.10678,1.10693,1.50,1.58
2011.08.30 15:02:41.110,1.1068,1.10696,2.25,1.95
2011.08.30 15:02:41.233,1.1068,1.10695,1.50,2.33
2011.08.30 15:02:41.700,1.10677,1.10693,2.25,1.50
2011.08.30 15:02:41.821,1.10677,1.10693,1.50,1.58
2011.08.30 15:02:42.631,1.10678,1.10693,2.25,1.58
2011.08.30 15:02:44.171,1.10678,1.10692,2.25,1.58
2011.08.30 15:02:44.631,1.10677,1.10689,1.50,1.50
2011.08.30 15:02:45.004,1.10677,1.10684,1.50,1.50
2011.08.30 15:02:47.526,1.10677,1.10687,1.50,1.50
2011.08.30 15:02:47.653,1.1068,1.10691,1.50,1.58
2011.08.30 15:02:47.968,1.1068,1.10694,1.50,2.33
2011.08.30 15:02:48.510,1.1068,1.10691,1.50,1.50
2011.08.30 15:02:49.098,1.10682,1.10698,2.25,2.33
2011.08.30 15:02:49.230,1.10683,1.10698,2.25,1.58
2011.08.30 15:02:49.475,1.10684,1.10699,1.50,1.20
2011.08.30 15:02:49.844,1.10684,1.10698,1.50,1.50
2011.08.30 15:02:51.246,1.10684,1.10695,1.50,1.50
2011.08.30 15:02:51.379,1.10683,1.10696,1.50,1.13
2011.08.30 15:02:51.625,1.10683,1.10695,1.50,1.50
2011.08.30 15:02:51.874,1.10683,1.10696,1.50,1.20
2011.08.30 15:02:52.703,1.10683,1.10698,2.25,1.58
2011.08.30 15:02:53.300,1.10684,1.10699,2.25,1.58
2011.08.30 15:02:53.938,1.10685,1.10701,1.50,1.58
2011.08.30 15:02:54.067,1.10684,1.107,2.25,1.50
2011.08.30 15:02:55.825,1.10684,1.10699,1.50,1.50
2011.08.30 15:02:57.241,1.10684,1.10699,2.25,1.50
2011.08.30 15:02:58.761,1.10685,1.107,1.50,1.58
2011.08.30 15:02:59.000,1.10685,1.10701,2.25,1.95
2011.08.30 15:02:59.121,1.10685,1.10701,1.50,1.95
2011.08.30 15:02:59.582,1.10684,1.10698,1.50,1.50
2011.08.30 15:03:00.053,1.10684,1.10696,1.50,1.58
2011.08.30 15:03:01.067,1.10682,1.10694,2.25,1.95
2011.08.30 15:03:01.671,1.10682,1.10696,1.50,1.58
2011.08.30 15:03:02.035,1.10676,1.10685,1.50,1.13
2011.08.30 15:03:02.171,1.10672,1.10683,1.50,2.63
2011.08.30 15:03:02.418,1.10668,1.10682,1.50,1.50
2011.08.30 15:03:03.287,1.10667,1.10681,1.50,1.13
2011.08.30 15:03:03.422,1.10667,1.10681,3.00,1.50
2011.08.30 15:03:03.668,1.10666,1.10678,1.50,1.13
2011.08.30 15:03:04.038,1.10669,1.10682,1.50,1.58
2011.08.30 15:03:04.405,1.10667,1.10682,1.50,2.25
2011.08.30 15:03:05.002,1.10668,1.10682,1.13,2.25
2011.08.30 15:03:06.444,1.10668,1.10683,1.50,1.50
2011.08.30 15:03:07.053,1.10665,1.10679,1.50,1.88
2011.08.30 15:03:07.413,1.10669,1.10682,1.13,1.50
2011.08.30 15:03:07.764,1.10668,1.10679,1.50,1.50
2011.08.30 15:03:08.126,1.10667,1.10679,1.13,1.50
2011.08.30 15:03:08.256,1.10668,1.10682,1.13,1.88
2011.08.30 15:03:08.670,1.10668,1.10683,2.25,3.00
2011.08.30 15:03:09.242,1.10668,1.10682,1.50,2.25
2011.08.30 15:03:09.600,1.10669,1.10683,1.50,1.50
2011.08.30 15:03:10.189,1.1067,1.10683,1.50,1.50
2011.08.30 15:03:10.419,1.10669,1.10683,1.50,1.50
2011.08.30 15:03:11.005,1.10667,1.10679,1.50,1.13
2011.08.30 15:03:12.183,1.10668,1.10683,1.50,1.58
2011.08.30 15:03:12.423,1.1067,1.10684,1.50,1.50
2011.08.30 15:03:12.879,1.10668,1.10684,1.50,1.50
2011.08.30 15:03:14.302,1.10668,1.10684,1.50,3.75
2011.08.30 15:03:14.882,1.10668,1.10682,1.50,1.50
2011.08.30 15:03:16.560,1.10668,1.10684,1.50,2.25
2011.08.30 15:03:17.491,1.10668,1.10685,2.25,1.50
2011.08.30 15:03:17.613,1.10672,1.10685,1.50,1.50
2011.08.30 15:03:17.973,1.10674,1.10687,1.50,1.50
2011.08.30 15:03:18.333,1.10676,1.1069,1.50,2.25
2011.08.30 15:03:18.826,1.10678,1.10693,1.50,3.83
2011.08.30 15:03:19.855,1.10676,1.10691,1.50,3.00
2011.08.30 15:03:20.321,1.10675,1.10688,1.50,2.25
2011.08.30 15:03:20.444,1.10675,1.10688,1.50,1.13
2011.08.30 15:03:20.684,1.10676,1.10689,1.50,1.13
2011.08.30 15:03:21.039,1.10678,1.10694,1.50,3.00
2011.08.30 15:03:21.160,1.10677,1.10691,1.50,1.50
2011.08.30 15:03:21.281,1.10679,1.10694,1.50,3.00
2011.08.30 15:03:21.401,1.10677,1.10694,3.00,3.75
2011.08.30 15:03:21.989,1.10677,1.10691,1.50,1.50
2011.08.30 15:03:22.931,1.10677,1.10691,2.25,1.50
2011.08.30 15:03:23.304,1.10683,1.10699,1.50,1.58
2011.08.30 15:03:23.870,1.10681,1.10697,2.63,1.50
2011.08.30 15:03:23.997,1.10687,1.10699,1.13,2.33
2011.08.30 15:03:24.127,1.10682,1.10698,2.63,1.13
2011.08.30 15:03:24.723,1.10683,1.10699,1.50,1.13
2011.08.30 15:03:25.300,1.10683,1.10699,1.88,1.13
2011.08.30 15:03:25.533,1.10686,1.10702,1.50,1.58
2011.08.30 15:03:25.911,1.10689,1.10702,1.50,1.58
2011.08.30 15:03:26.509,1.10689,1.10702,1.50,1.58
2011.08.30 15:03:27.321,1.10691,1.10705,1.50,3.08
2011.08.30 15:03:27.550,1.10691,1.10705,1.50,3.08
2011.08.30 15:03:28.883,1.10688,1.10704,2.25,1.58
2011.08.30 15:03:29.241,1.10689,1.10705,1.50,1.50
2011.08.30 15:03:29.481,1.10692,1.10709,1.88,2.70
2011.08.30 15:03:29.601,1.10692,1.10709,1.88,1.20
2011.08.30 15:03:29.842,1.10696,1.10711,1.13,1.20
2011.08.30 15:03:29.965,1.10695,1.10712,1.50,1.58
2011.08.30 15:03:30.503,1.10699,1.1071,1.50,1.58
2011.08.30 15:03:30.630,1.10694,1.1071,2.25,2.33
2011.08.30 15:03:30.751,1.10694,1.1071,2.25,1.20
2011.08.30 15:03:31.325,1.10694,1.1071,4.50,1.20
2011.08.30 15:03:31.575,1.107,1.10714,1.50,1.20
2011.08.30 15:03:31.824,1.10703,1.10716,1.50,1.58
2011.08.30 15:03:32.181,1.10701,1.10716,1.50,1.50
2011.08.30 15:03:32.983,1.10702,1.10714,1.50,1.50
2011.08.30 15:03:33.107,1.10696,1.10711,2.63,1.13
2011.08.30 15:03:33.235,1.10696,1.10711,1.88,1.13
2011.08.30 15:03:33.846,1.10696,1.1071,2.63,1.13
2011.08.30 15:03:33.977,1.10696,1.10711,2.63,1.20
2011.08.30 15:03:34.562,1.10697,1.10713,1.13,1.58
2011.08.30 15:03:35.252,1.10697,1.10713,2.25,1.58
2011.08.30 15:03:35.971,1.10697,1.10713,1.50,1.58
2011.08.30 15:03:37.081,1.10697,1.10714,3.00,1.95
2011.08.30 15:03:37.322,1.10701,1.10716,1.50,1.58
2011.08.30 15:03:37.441,1.10701,1.10716,1.50,1.58
2011.08.30 15:03:37.904,1.10697,1.10711,2.25,1.20
2011.08.30 15:03:38.152,1.10698,1.10711,1.50,1.20
2011.08.30 15:03:38.511,1.10702,1.10716,2.25,2.25
2011.08.30 15:03:38.752,1.10702,1.10719,2.63,1.58
2011.08.30 15:03:39.299,1.10704,1.1072,1.88,1.95
2011.08.30 15:03:39.665,1.10702,1.10719,1.50,2.33
2011.08.30 15:03:42.404,1.10702,1.10717,1.50,1.20
2011.08.30 15:03:42.644,1.107,1.10716,2.63,1.50
2011.08.30 15:03:43.524,1.107,1.10715,2.25,1.50
2011.08.30 15:03:44.006,1.10703,1.10719,1.50,1.50
2011.08.30 15:03:44.494,1.10706,1.1072,1.13,1.95
2011.08.30 15:03:45.072,1.10705,1.1072,1.13,1.20
2011.08.30 15:03:45.194,1.10704,1.10719,1.13,1.13
2011.08.30 15:03:45.430,1.10704,1.1072,1.13,1.95
2011.08.30 15:03:46.127,1.10702,1.10719,1.50,1.13
2011.08.30 15:03:46.491,1.10704,1.10718,1.50,1.50
2011.08.30 15:03:46.960,1.10702,1.10718,1.50,1.50
2011.08.30 15:03:47.081,1.10704,1.1072,1.13,1.20
2011.08.30 15:03:47.325,1.10702,1.1072,2.25,1.20
2011.08.30 15:03:47.697,1.10709,1.10724,1.13,1.95
2011.08.30 15:03:48.280,1.1071,1.10724,1.13,1.20
2011.08.30 15:03:48.401,1.1071,1.10725,1.13,2.33
2011.08.30 15:03:49.022,1.1071,1.10725,1.13,1.95
2011.08.30 15:03:49.630,1.1071,1.10725,1.88,1.20
2011.08.30 15:03:50.218,1.1071,1.10725,1.13,1.95
2011.08.30 15:03:50.795,1.10709,1.10724,1.13,1.20
2011.08.30 15:03:52.381,1.1071,1.10725,1.13,1.95
2011.08.30 15:03:53.028,1.10708,1.10724,1.50,1.95
2011.08.30 15:03:53.551,1.10708,1.10724,2.25,1.95
2011.08.30 15:03:54.342,1.10708,1.10724,2.25,1.58
2011.08.30 15:03:54.920,1.1071,1.10726,1.13,2.33
2011.08.30 15:03:56.332,1.10709,1.10724,1.50,1.58
2011.08.30 15:03:58.024,1.10711,1.10726,1.13,1.58
2011.08.30 15:03:59.609,1.10712,1.10726,1.13,1.58
2011.08.30 15:04:01.174,1.10709,1.10723,1.50,2.63
2011.08.30 15:04:01.292,1.10709,1.10722,1.13,1.50
2011.08.30 15:04:01.890,1.10707,1.10723,1.50,1.58
2011.08.30 15:04:02.798,1.10707,1.10723,1.13,1.95
2011.08.30 15:04:03.046,1.10707,1.10721,1.13,1.20
2011.08.30 15:04:03.963,1.10704,1.1072,1.50,1.20
2011.08.30 15:04:04.314,1.10704,1.10719,1.50,1.58
2011.08.30 15:04:04.677,1.10696,1.1071,1.13,1.50
2011.08.30 15:04:04.805,1.10696,1.10711,1.13,1.88
2011.08.30 15:04:05.246,1.107,1.10713,1.50,1.58
2011.08.30 15:04:05.761,1.107,1.10714,1.50,1.58
2011.08.30 15:04:06.454,1.10695,1.10709,1.50,1.50
2011.08.30 15:04:07.040,1.10695,1.10711,2.25,2.33
2011.08.30 15:04:07.161,1.10697,1.10713,1.88,1.20
2011.08.30 15:04:07.679,1.10698,1.10714,1.13,3.83
2011.08.30 15:04:09.200,1.10698,1.10714,1.13,3.83
2011.08.30 15:04:09.762,1.10698,1.10714,1.13,4.20
2011.08.30 15:04:10.724,1.10698,1.10714,1.13,2.70
2011.08.30 15:04:12.670,1.10701,1.10714,1.13,2.33
2011.08.30 15:04:13.041,1.10698,1.10712,1.50,1.50
2011.08.30 15:04:13.166,1.10696,1.10713,1.50,3.75
2011.08.30 15:04:13.416,1.10702,1.10717,1.50,1.58
2011.08.30 15:04:13.547,1.10704,1.10718,1.13,1.95
2011.08.30 15:04:13.679,1.10706,1.10718,1.50,1.58
2011.08.30 15:04:13.811,1.10707,1.10721,1.88,1.95
2011.08.30 15:04:13.935,1.10707,1.10722,1.88,1.20
2011.08.30 15:04:14.308,1.10712,1.10724,1.50,2.33
2011.08.30 15:04:14.554,1.10712,1.10725,1.50,1.95
2011.08.30 15:04:17.603,1.10712,1.10725,1.13,1.20
2011.08.30 15:04:17.986,1.10709,1.10724,2.25,1.95
2011.08.30 15:04:18.132,1.10708,1.10721,1.13,1.50
2011.08.30 15:04:19.071,1.10705,1.10721,1.88,1.95
2011.08.30 15:04:19.661,1.10704,1.1072,1.88,3.08
2011.08.30 15:04:20.024,1.10702,1.10716,1.13,1.13
2011.08.30 15:04:20.568,1.10702,1.10716,1.13,1.13
2011.08.30 15:04:21.161,1.10702,1.10718,1.50,1.58
2011.08.30 15:04:21.524,1.10706,1.1072,1.13,1.58
2011.08.30 15:04:21.765,1.10706,1.10721,1.13,1.58
2011.08.30 15:04:22.014,1.10707,1.10723,1.13,1.20
2011.08.30 15:04:22.590,1.10707,1.10723,1.88,1.95
2011.08.30 15:04:24.634,1.10708,1.10723,1.13,1.58
2011.08.30 15:04:24.991,1.10708,1.10723,2.25,1.58
2011.08.30 15:04:25.348,1.1071,1.10725,1.50,1.58
2011.08.30 15:04:26.170,1.10711,1.10725,1.88,1.95
2011.08.30 15:04:26.411,1.10708,1.10723,2.25,1.20
2011.08.30 15:04:28.083,1.10709,1.10723,1.50,1.20
2011.08.30 15:04:28.310,1.10709,1.10723,1.50,1.95
2011.08.30 15:04:28.660,1.10711,1.10723,1.50,1.95
2011.08.30 15:04:29.610,1.10711,1.10719,1.50,1.13
2011.08.30 15:04:31.936,1.10722,1.10736,1.13,2.33
2011.08.30 15:04:32.424,1.10719,1.10735,1.13,1.95
2011.08.30 15:04:32.772,1.10721,1.10736,1.50,3.08
2011.08.30 15:04:33.131,1.10719,1.10734,1.50,1.88
2011.08.30 15:04:33.470,1.1072,1.10732,1.50,1.50
2011.08.30 15:04:34.640,1.10719,1.10732,1.50,1.50
2011.08.30 15:04:34.952,1.10719,1.1073,1.50,1.88
2011.08.30 15:04:35.077,1.10717,1.1073,1.50,1.88
2011.08.30 15:04:35.477,1.10716,1.1073,1.13,1.88
2011.08.30 15:04:38.119,1.10717,1.1073,1.13,1.50
2011.08.30 15:04:38.350,1.10717,1.10733,1.13,2.33
2011.08.30 15:04:39.153,1.10718,1.10734,1.88,1.20
2011.08.30 15:04:39.271,1.10718,1.10734,1.88,1.95
2011.08.30 15:04:39.390,1.10718,1.10734,2.25,1.58
2011.08.30 15:04:39.953,1.10723,1.10736,1.13,1.95
2011.08.30 15:04:40.081,1.10723,1.10737,1.88,1.20
2011.08.30 15:04:40.683,1.10723,1.10739,1.88,4.58
2011.08.30 15:04:41.279,1.10723,1.10736,1.13,1.80
2011.08.30 15:04:41.870,1.10722,1.10735,1.50,1.13
2011.08.30 15:04:41.994,1.10722,1.10732,1.50,1.13
2011.08.30 15:04:42.112,1.10716,1.10732,3.00,1.95
2011.08.30 15:04:42.472,1.10716,1.1073,1.13,1.95
2011.08.30 15:04:43.439,1.10716,1.1073,1.13,2.33
2011.08.30 15:04:44.031,1.10714,1.10728,2.25,1.58
2011.08.30 15:04:44.153,1.10714,1.10728,1.50,2.70
2011.08.30 15:04:44.634,1.10716,1.1073,1.13,2.33
2011.08.30 15:04:45.231,1.10716,1.10729,1.13,1.50
2011.08.30 15:04:45.835,1.10717,1.1073,1.50,1.58
2011.08.30 15:04:49.601,1.10713,1.10728,1.50,1.13
2011.08.30 15:04:49.724,1.10712,1.10727,1.88,2.25
2011.08.30 15:04:50.073,1.10712,1.10727,1.13,1.50
2011.08.30 15:04:50.430,1.10712,1.10728,1.13,2.70
2011.08.30 15:04:50.551,1.10712,1.10727,1.13,1.58
2011.08.30 15:04:51.291,1.10713,1.10728,1.13,2.33
2011.08.30 15:04:51.418,1.10713,1.10729,1.13,1.95
2011.08.30 15:04:51.952,1.10715,1.10729,2.25,1.20
2011.08.30 15:04:52.402,1.10714,1.1073,2.25,1.20
2011.08.30 15:04:52.989,1.10714,1.1073,1.50,1.20
2011.08.30 15:04:53.711,1.10713,1.1073,2.25,1.95
2011.08.30 15:04:54.310,1.10711,1.10727,1.50,1.88
2011.08.30 15:04:55.994,1.10711,1.10727,3.00,1.50
2011.08.30 15:04:56.551,1.10713,1.10728,1.50,1.13
2011.08.30 15:04:56.793,1.10714,1.1073,1.13,1.20
2011.08.30 15:04:56.910,1.10714,1.10728,1.13,1.13
2011.08.30 15:04:57.502,1.10715,1.1073,1.13,1.20
2011.08.30 15:04:57.962,1.10716,1.10732,1.50,2.33
2011.08.30 15:04:58.320,1.10717,1.10732,1.88,2.70
2011.08.30 15:04:58.579,1.10708,1.10723,2.25,1.88
2011.08.30 15:04:59.181,1.10707,1.10723,1.88,1.95
2011.08.30 15:04:59.651,1.10707,1.10722,1.50,1.20
2011.08.30 15:04:59.771,1.10708,1.10722,1.50,1.20
2011.08.30 15:04:59.894,1.10708,1.10719,1.50,1.13
2011.08.30 15:05:00.135,1.10701,1.10716,1.50,1.88
2011.08.30 15:05:00.267,1.107,1.10715,1.50,1.13
2011.08.30 15:05:00.512,1.10699,1.10713,1.88,1.13
2011.08.30 15:05:00.752,1.10699,1.10713,3.38,1.13
2011.08.30 15:05:01.089,1.10703,1.10716,2.25,1.58
2011.08.30 15:05:01.213,1.10709,1.10722,1.50,1.20
2011.08.30 15:05:01.333,1.10712,1.10722,1.50,1.20
2011.08.30 15:05:01.572,1.10707,1.10723,1.50,1.20
2011.08.30 15:05:03.431,1.10708,1.10723,2.25,1.20
2011.08.30 15:05:04.451,1.10708,1.10723,1.13,1.58
2011.08.30 15:05:04.573,1.10706,1.10721,2.25,1.50
2011.08.30 15:05:05.149,1.10709,1.10724,1.50,1.95
2011.08.30 15:05:05.512,1.10707,1.10723,2.63,1.20
2011.08.30 15:05:08.251,1.10707,1.10721,1.88,1.50
2011.08.30 15:05:08.378,1.10701,1.10717,2.63,1.13
2011.08.30 15:05:08.504,1.107,1.10712,1.50,1.13
2011.08.30 15:05:08.851,1.10698,1.10712,1.50,1.13
2011.08.30 15:05:09.742,1.10698,1.10713,1.50,1.13
2011.08.30 15:05:10.720,1.10699,1.10713,1.50,1.13
2011.08.30 15:05:15.143,1.10705,1.10719,1.50,2.33
2011.08.30 15:05:15.263,1.10704,1.10716,1.13,1.50
2011.08.30 15:05:15.625,1.10705,1.10718,1.50,1.50
2011.08.30 15:05:16.239,1.10705,1.1072,1.88,1.58
2011.08.30 15:05:17.390,1.10704,1.1072,2.25,1.58
2011.08.30 15:05:20.090,1.10705,1.10721,1.88,1.20
2011.08.30 15:05:23.413,1.10709,1.10722,2.25,1.58
2011.08.30 15:05:23.540,1.10709,1.10726,3.00,3.45
2011.08.30 15:05:24.109,1.10709,1.10726,3.00,2.70
2011.08.30 15:05:24.720,1.10709,1.10725,1.50,1.20
2011.08.30 15:05:25.602,1.10709,1.10726,3.00,2.70
2011.08.30 15:05:26.820,1.10708,1.10724,3.00,1.13
2011.08.30 15:05:27.051,1.10707,1.10722,1.50,1.88
2011.08.30 15:05:27.293,1.10704,1.10721,3.75,1.88
2011.08.30 15:05:28.004,1.10704,1.10721,3.00,1.95
2011.08.30 15:05:28.367,1.10707,1.10721,1.50,1.58
2011.08.30 15:05:28.491,1.10708,1.10723,1.50,1.20
2011.08.30 15:05:29.172,1.10707,1.10723,1.50,1.95
2011.08.30 15:05:29.291,1.10706,1.10721,1.50,1.20
2011.08.30 15:05:29.996,1.10706,1.1072,1.50,1.13
2011.08.30 15:05:30.589,1.10705,1.10719,1.50,1.13
2011.08.30 15:05:31.339,1.10705,1.1072,3.00,1.13
2011.08.30 15:05:31.574,1.10707,1.10722,1.50,1.58
2011.08.30 15:05:31.697,1.10708,1.10723,1.50,1.58
2011.08.30 15:05:31.821,1.10711,1.10725,1.50,1.20
2011.08.30 15:05:31.942,1.10709,1.10725,1.13,1.20
2011.08.30 15:05:35.369,1.10708,1.10724,2.63,1.20
2011.08.30 15:05:35.993,1.1071,1.10726,1.50,1.20
2011.08.30 15:05:37.492,1.10708,1.10724,1.13,1.95
2011.08.30 15:05:37.611,1.10707,1.10721,1.13,1.13
2011.08.30 15:05:39.229,1.10704,1.10718,1.13,1.88
2011.08.30 15:05:39.820,1.10702,1.10718,2.25,2.63
2011.08.30 15:05:40.184,1.10702,1.10716,1.50,1.95
2011.08.30 15:05:40.540,1.107,1.10715,1.13,1.50
2011.08.30 15:05:41.010,1.107,1.10716,1.13,1.20
2011.08.30 15:05:41.131,1.107,1.10716,1.88,1.20
2011.08.30 15:05:41.712,1.10701,1.10717,1.50,1.20
2011.08.30 15:05:41.832,1.10702,1.10718,1.50,1.20
2011.08.30 15:05:42.532,1.10703,1.10718,1.50,1.13
2011.08.30 15:05:43.110,1.10704,1.10719,1.13,1.13
2011.08.30 15:05:43.800,1.10703,1.10718,2.25,1.13
2011.08.30 15:05:44.164,1.10705,1.10721,1.50,1.20
2011.08.30 15:05:44.812,1.10706,1.10723,1.50,4.20
2011.08.30 15:05:45.042,1.10706,1.10723,1.50,3.38
2011.08.30 15:05:45.385,1.10702,1.10713,4.13,2.25
2011.08.30 15:05:45.514,1.10702,1.10711,1.50,2.25
2011.08.30 15:05:45.635,1.10693,1.10706,1.50,1.13
2011.08.30 15:05:46.140,1.10694,1.10709,1.50,2.25
2011.08.30 15:05:46.987,1.10693,1.10707,1.50,1.58
2011.08.30 15:05:47.114,1.10692,1.10707,1.50,1.58
2011.08.30 15:05:47.814,1.10693,1.10707,2.25,2.33
2011.08.30 15:05:48.054,1.10697,1.10712,3.00,1.50
2011.08.30 15:05:48.642,1.10696,1.10709,1.50,1.50
2011.08.30 15:05:48.882,1.10694,1.10709,2.25,1.50
2011.08.30 15:05:48.999,1.10694,1.10709,1.50,1.50
2011.08.30 15:05:50.190,1.10694,1.10709,1.50,1.47
2011.08.30 15:05:50.312,1.10693,1.10709,3.00,1.47
2011.08.30 15:05:51.121,1.10693,1.10709,1.50,1.47
2011.08.30 15:05:51.242,1.10693,1.10709,1.50,1.47
2011.08.30 15:05:51.725,1.10695,1.10707,1.13,1.50
2011.08.30 15:05:51.971,1.10695,1.10709,1.13,2.22
2011.08.30 15:05:53.380,1.10696,1.10712,3.00,1.58
2011.08.30 15:05:53.509,1.10697,1.10711,1.50,1.47
2011.08.30 15:05:53.755,1.10699,1.10715,3.75,1.50
2011.08.30 15:05:54.930,1.10702,1.10715,1.50,1.50
2011.08.30 15:05:56.063,1.10703,1.10715,2.25,1.50
2011.08.30 15:05:56.185,1.10706,1.1072,1.13,1.54
2011.08.30 15:05:56.317,1.10705,1.1072,1.50,1.47
2011.08.30 15:05:57.013,1.1071,1.10725,1.50,1.50
2011.08.30 15:05:57.134,1.10713,1.10729,1.50,1.88
2011.08.30 15:05:57.371,1.10713,1.10727,1.50,1.50
2011.08.30 15:05:57.492,1.10713,1.10727,1.50,1.50
2011.08.30 15:05:58.065,1.10713,1.10728,2.25,1.13
2011.08.30 15:06:00.480,1.10712,1.10727,2.63,1.50
2011.08.30 15:06:00.970,1.10714,1.10728,1.50,1.13
2011.08.30 15:06:01.094,1.10717,1.10731,2.25,1.50
2011.08.30 15:06:01.814,1.1072,1.10737,3.75,2.63
2011.08.30 15:06:02.291,1.10723,1.10737,2.25,1.50
2011.08.30 15:06:03.992,1.10727,1.10737,2.25,1.50
2011.08.30 15:06:04.114,1.10727,1.10737,2.25,1.50
2011.08.30 15:06:04.234,1.10727,1.1074,2.25,1.50
2011.08.30 15:06:04.716,1.10729,1.10745,1.50,1.13
2011.08.30 15:06:05.206,1.10729,1.10744,1.50,1.88
2011.08.30 15:06:06.476,1.10732,1.10747,1.88,1.50
2011.08.30 15:06:06.607,1.10738,1.10751,1.50,2.33
2011.08.30 15:06:06.859,1.10746,1.10759,1.13,2.25
2011.08.30 15:06:06.989,1.10751,1.10759,1.50,1.50
2011.08.30 15:06:07.232,1.10751,1.10762,1.50,1.13
2011.08.30 15:06:07.809,1.10751,1.10759,1.50,1.50
2011.08.30 15:06:07.936,1.10749,1.10759,1.50,1.50
2011.08.30 15:06:08.189,1.10745,1.10756,1.50,1.50
2011.08.30 15:06:08.432,1.10745,1.10758,1.50,1.50
2011.08.30 15:06:08.557,1.10745,1.10758,1.50,1.50
2011.08.30 15:06:08.804,1.10745,1.10759,1.50,1.58
2011.08.30 15:06:09.166,1.10745,1.10758,1.50,1.88
2011.08.30 15:06:09.786,1.10745,1.10758,1.50,1.13
2011.08.30 15:06:10.381,1.10745,1.10754,1.50,1.50
2011.08.30 15:06:10.622,1.10745,1.10758,1.50,1.13
2011.08.30 15:06:10.741,1.10745,1.10758,1.50,1.13
2011.08.30 15:06:11.425,1.10745,1.10757,1.50,1.13
2011.08.30 15:06:12.032,1.10737,1.10751,2.63,1.20
2011.08.30 15:06:12.505,1.10736,1.1075,1.50,1.95
2011.08.30 15:06:13.103,1.10736,1.1075,2.25,1.20
2011.08.30 15:06:13.581,1.10736,1.1075,2.25,3.08
2011.08.30 15:06:13.946,1.10738,1.1075,1.50,1.20
2011.08.30 15:06:14.074,1.10738,1.10748,2.25,2.33
2011.08.30 15:06:14.747,1.1073,1.10744,1.50,2.33
2011.08.30 15:06:16.245,1.10727,1.10738,1.50,3.75
2011.08.30 15:06:16.499,1.10723,1.10732,1.50,1.50
2011.08.30 15:06:16.749,1.10717,1.10727,1.50,1.13
2011.08.30 15:06:17.871,1.10717,1.1073,2.25,1.58
2011.08.30 15:06:18.116,1.10717,1.10733,2.25,1.20
2011.08.30 15:06:18.242,1.10719,1.10734,1.50,1.58
2011.08.30 15:06:18.483,1.1072,1.10734,1.13,1.13
2011.08.30 15:06:18.963,1.10722,1.10734,1.50,1.13
2011.08.30 15:06:19.327,1.10728,1.10744,1.88,1.58
2011.08.30 15:06:19.896,1.10729,1.10744,1.13,5.25
2011.08.30 15:06:20.751,1.10732,1.10744,1.50,1.50
2011.08.30 15:06:20.992,1.1073,1.10744,1.50,1.88
2011.08.30 15:06:21.890,1.10729,1.10744,1.13,1.88
2011.08.30 15:06:24.351,1.10729,1.10744,1.50,1.88
2011.08.30 15:06:24.471,1.10728,1.10743,2.63,1.50
2011.08.30 15:06:24.599,1.10728,1.10744,2.63,1.13
2011.08.30 15:06:25.083,1.1073,1.10746,2.63,1.95
2011.08.30 15:06:25.584,1.1073,1.10746,1.88,1.88
2011.08.30 15:06:26.450,1.1073,1.10746,2.25,1.88
2011.08.30 15:06:27.432,1.10731,1.10746,1.50,1.50
2011.08.30 15:06:27.792,1.10735,1.10751,1.88,1.20
2011.08.30 15:06:28.382,1.10736,1.10753,2.25,3.08
2011.08.30 15:06:28.849,1.10739,1.10753,1.50,1.58
2011.08.30 15:06:29.223,1.10745,1.10756,1.50,1.13
2011.08.30 15:06:29.584,1.10744,1.10761,1.50,3.45
2011.08.30 15:06:29.701,1.10744,1.10761,3.00,1.58
2011.08.30 15:06:30.500,1.10744,1.1076,1.50,1.50
2011.08.30 15:06:30.731,1.10744,1.10761,2.25,2.63
2011.08.30 15:06:31.214,1.10744,1.10759,1.50,1.13
2011.08.30 15:06:31.810,1.10744,1.1076,1.50,1.50
2011.08.30 15:06:32.371,1.10744,1.10761,2.25,2.25
2011.08.30 15:06:32.734,1.10747,1.10763,2.25,1.13
2011.08.30 15:06:33.104,1.10749,1.10764,1.50,1.43
2011.08.30 15:06:33.684,1.10749,1.10763,1.50,1.13
2011.08.30 15:06:34.047,1.1075,1.10763,1.50,1.13
2011.08.30 15:06:34.414,1.10759,1.1077,1.50,3.38
2011.08.30 15:06:34.540,1.10765,1.10777,1.13,1.50
2011.08.30 15:06:34.785,1.10765,1.10776,1.13,1.50
2011.08.30 15:06:34.913,1.10765,1.10781,2.63,1.50
2011.08.30 15:06:35.042,1.10774,1.10781,1.50,1.13
2011.08.30 15:06:35.165,1.10777,1.10784,1.13,1.50
2011.08.30 15:06:35.297,1.10777,1.1079,1.13,1.50
2011.08.30 15:06:35.548,1.10774,1.10788,3.38,1.13
2011.08.30 15:06:35.675,1.10774,1.10788,3.38,1.13
2011.08.30 15:06:36.307,1.10774,1.1079,1.50,3.00
2011.08.30 15:06:36.435,1.10773,1.10789,3.00,1.88
2011.08.30 15:06:36.569,1.10773,1.10787,1.50,2.25
2011.08.30 15:06:36.816,1.1077,1.10782,1.50,1.88
2011.08.30 15:06:36.949,1.10769,1.1078,1.50,1.13
2011.08.30 15:06:37.193,1.10767,1.10784,1.50,1.95
2011.08.30 15:06:37.313,1.10766,1.10782,2.25,1.50
2011.08.30 15:06:37.664,1.10766,1.10781,1.13,1.13
2011.08.30 15:06:38.022,1.10768,1.10785,1.50,1.58
2011.08.30 15:06:38.963,1.10769,1.10784,1.50,2.25
2011.08.30 15:06:39.084,1.10769,1.10785,1.88,1.20
2011.08.30 15:06:39.922,1.10768,1.10786,2.25,3.00
2011.08.30 15:06:40.636,1.10765,1.10781,3.00,1.50
2011.08.30 15:06:40.766,1.10764,1.1078,2.25,1.13
2011.08.30 15:06:41.261,1.10768,1.10783,1.13,1.58
2011.08.30 15:06:41.387,1.1077,1.10784,1.50,1.20
2011.08.30 15:06:41.518,1.10768,1.10784,2.63,1.20
2011.08.30 15:06:41.651,1.10771,1.10787,1.13,2.33
2011.08.30 15:06:42.013,1.10771,1.10787,1.88,1.20
2011.08.30 15:06:42.726,1.10772,1.10788,1.13,1.95
2011.08.30 15:06:42.972,1.10773,1.10789,1.88,1.58
2011.08.30 15:06:43.473,1.10777,1.10791,1.13,1.95
2011.08.30 15:06:43.821,1.10777,1.10791,1.88,1.50
2011.08.30 15:06:44.534,1.10777,1.10792,1.88,2.70
2011.08.30 15:06:45.012,1.10781,1.10793,1.50,1.20
2011.08.30 15:06:45.134,1.10781,1.10795,2.25,1.58
2011.08.30 15:06:45.259,1.10781,1.10794,2.25,1.13
2011.08.30 15:06:45.509,1.10783,1.10798,1.13,1.50
2011.08.30 15:06:45.907,1.10787,1.108,1.13,1.50
2011.08.30 15:06:46.044,1.1079,1.10803,1.50,1.13
2011.08.30 15:06:46.285,1.10789,1.10803,1.50,1.50
2011.08.30 15:06:46.417,1.1079,1.10803,2.25,3.38
2011.08.30 15:06:46.786,1.10784,1.10798,2.25,2.25
2011.08.30 15:06:47.274,1.10782,1.10793,1.50,2.25
2011.08.30 15:06:47.513,1.10777,1.10792,1.50,3.00
2011.08.30 15:06:47.634,1.10778,1.10792,1.13,1.13
2011.08.30 15:06:48.029,1.10783,1.108,1.50,3.83
2011.08.30 15:06:48.272,1.10782,1.10796,1.50,1.50
2011.08.30 15:06:48.850,1.1078,1.10794,3.00,1.13
2011.08.30 15:06:49.431,1.10782,1.10796,1.50,1.13
2011.08.30 15:06:50.272,1.1078,1.10796,1.88,2.63
2011.08.30 15:06:50.873,1.1078,1.10795,2.25,1.13
2011.08.30 15:06:51.355,1.1078,1.10792,1.50,2.25
2011.08.30 15:06:51.603,1.10777,1.10792,1.50,3.75
2011.08.30 15:06:51.727,1.10775,1.10788,3.00,1.50
2011.08.30 15:06:52.201,1.10775,1.10787,1.50,1.13
2011.08.30 15:06:52.320,1.10773,1.10787,1.88,1.13
2011.08.30 15:06:52.805,1.10771,1.10786,1.50,1.13
2011.08.30 15:06:52.926,1.10773,1.10789,1.50,4.95
2011.08.30 15:06:53.492,1.10775,1.1079,1.50,1.95
2011.08.30 15:06:53.624,1.10777,1.10795,2.25,3.08
2011.08.30 15:06:54.101,1.10779,1.10795,1.50,1.58
2011.08.30 15:06:55.272,1.10778,1.10795,1.50,1.50
2011.08.30 15:06:55.854,1.10778,1.10792,1.50,2.25
2011.08.30 15:06:56.080,1.10776,1.1079,3.00,1.50
2011.08.30 15:06:56.632,1.10773,1.10788,1.50,1.13
2011.08.30 15:06:56.756,1.10773,1.10786,2.25,3.00
2011.08.30 15:06:57.005,1.10771,1.10786,1.50,3.75
2011.08.30 15:06:57.496,1.10769,1.10782,1.50,1.50
2011.08.30 15:06:57.741,1.10766,1.1078,1.50,1.13
2011.08.30 15:06:57.862,1.10766,1.1078,1.50,1.20
2011.08.30 15:06:59.669,1.10763,1.10776,1.50,1.13
2011.08.30 15:06:59.798,1.10764,1.10778,1.50,1.58
2011.08.30 15:07:00.954,1.10766,1.1078,1.13,1.88
2011.08.30 15:07:01.079,1.10767,1.10783,1.50,6.83
2011.08.30 15:07:01.324,1.10772,1.10786,1.13,2.25
2011.08.30 15:07:02.292,1.10771,1.10785,1.88,1.13
2011.08.30 15:07:02.412,1.10771,1.10785,1.13,1.88
2011.08.30 15:07:02.760,1.10773,1.10785,1.50,1.13
2011.08.30 15:07:02.883,1.10773,1.10787,1.50,1.50
2011.08.30 15:07:03.000,1.10773,1.10787,1.50,1.50
2011.08.30 15:07:03.631,1.10774,1.10787,1.50,1.50
2011.08.30 15:07:04.112,1.10772,1.10788,1.88,1.95
2011.08.30 15:07:04.234,1.10774,1.10788,1.50,1.95
2011.08.30 15:07:04.856,1.10776,1.10788,1.50,1.88
2011.08.30 15:07:05.346,1.10776,1.10786,1.50,4.50
2011.08.30 15:07:05.474,1.10776,1.10788,1.50,1.13
2011.08.30 15:07:05.715,1.10775,1.10787,1.50,1.50
2011.08.30 15:07:05.963,1.10776,1.10789,1.50,1.50
2011.08.30 15:07:06.310,1.10775,1.10789,2.25,1.50
2011.08.30 15:07:06.672,1.10775,1.10789,2.25,1.50
2011.08.30 15:07:07.173,1.10775,1.10789,2.25,1.50
2011.08.30 15:07:07.834,1.10775,1.10789,2.25,1.50
2011.08.30 15:07:09.011,1.10775,1.10789,2.25,1.50
2011.08.30 15:07:09.532,1.10775,1.10784,1.50,1.13
2011.08.30 15:07:09.653,1.10771,1.10784,1.13,1.13
2011.08.30 15:07:09.772,1.1077,1.10784,2.63,1.13
2011.08.30 15:07:09.892,1.1077,1.10784,2.25,3.00
2011.08.30 15:07:10.483,1.10769,1.10782,1.88,1.50
2011.08.30 15:07:10.727,1.10772,1.10789,2.25,1.88
2011.08.30 15:07:11.330,1.10775,1.10789,2.63,1.13
2011.08.30 15:07:12.033,1.10776,1.10789,1.50,1.13
2011.08.30 15:07:12.602,1.10776,1.10791,2.25,1.88
2011.08.30 15:07:14.330,1.10776,1.10791,1.88,1.50
2011.08.30 15:07:14.573,1.10778,1.10793,1.50,1.20
2011.08.30 15:07:15.381,1.10777,1.10792,2.25,1.50
2011.08.30 15:07:15.940,1.10777,1.10792,1.50,1.50
2011.08.30 15:07:18.727,1.10777,1.10791,1.13,1.13
2011.08.30 15:07:19.323,1.10778,1.10793,2.25,1.50
2011.08.30 15:07:19.444,1.1078,1.10794,1.13,1.88
2011.08.30 15:07:20.380,1.1078,1.10794,1.13,1.13
2011.08.30 15:07:20.962,1.10778,1.10794,1.50,2.25
2011.08.30 15:07:21.552,1.10778,1.10794,1.50,1.50
2011.08.30 15:07:22.412,1.10778,1.10794,1.50,3.00
2011.08.30 15:07:22.981,1.10778,1.10792,1.50,1.50
2011.08.30 15:07:23.553,1.10776,1.1079,2.25,1.13
2011.08.30 15:07:23.675,1.10776,1.1079,1.50,1.13
2011.08.30 15:07:24.151,1.10777,1.10792,2.25,1.50
2011.08.30 15:07:25.071,1.10777,1.10793,1.50,1.50
2011.08.30 15:07:25.883,1.10776,1.10791,2.25,1.88
2011.08.30 15:07:26.469,1.10776,1.1079,2.25,1.13
2011.08.30 15:07:26.822,1.10776,1.10793,2.63,1.50
2011.08.30 15:07:27.401,1.10776,1.1079,2.25,1.50
2011.08.30 15:07:27.763,1.10774,1.10786,1.50,1.13
2011.08.30 15:07:28.005,1.10771,1.10786,2.63,1.13
2011.08.30 15:07:28.593,1.10771,1.10785,1.13,1.13
2011.08.30 15:07:29.441,1.10769,1.10785,3.75,1.13
2011.08.30 15:07:30.030,1.10769,1.10785,2.63,1.50
2011.08.30 15:07:30.606,1.10769,1.10785,1.88,1.50
2011.08.30 15:07:31.172,1.10769,1.10785,1.88,1.50
2011.08.30 15:07:31.732,1.10769,1.10785,3.00,1.13
2011.08.30 15:07:32.299,1.10769,1.10785,3.38,1.13
2011.08.30 15:07:32.765,1.10769,1.10785,1.50,3.00
2011.08.30 15:07:33.116,1.10764,1.10777,2.25,1.50
2011.08.30 15:07:33.666,1.10762,1.10776,1.50,1.13
2011.08.30 15:07:34.035,1.1076,1.10776,1.13,1.13
2011.08.30 15:07:34.631,1.1076,1.10777,3.00,2.25
2011.08.30 15:07:35.584,1.10759,1.10774,2.63,1.50
2011.08.30 15:07:35.704,1.10759,1.10774,1.50,1.50
2011.08.30 15:07:35.827,1.10757,1.10773,1.50,3.00
2011.08.30 15:07:36.498,1.10748,1.10761,2.25,1.20
2011.08.30 15:07:36.629,1.10745,1.10761,1.13,3.08
2011.08.30 15:07:36.881,1.10742,1.10758,2.63,1.13
2011.08.30 15:07:37.002,1.10742,1.10759,1.13,3.08
2011.08.30 15:07:37.715,1.10742,1.10759,1.88,3.90
2011.08.30 15:07:38.075,1.10744,1.1076,1.13,1.95
2011.08.30 15:07:38.619,1.10747,1.10761,1.13,1.50
2011.08.30 15:07:38.991,1.10753,1.10765,1.50,1.50
2011.08.30 15:07:39.460,1.1075,1.10767,2.63,3.00
2011.08.30 15:07:40.020,1.10751,1.10767,1.13,1.50
2011.08.30 15:07:40.596,1.10752,1.10767,1.50,1.50
2011.08.30 15:07:40.728,1.10755,1.10771,1.13,2.25
2011.08.30 15:07:40.978,1.10756,1.10772,1.13,1.13
2011.08.30 15:07:41.102,1.10756,1.10772,1.88,1.13
2011.08.30 15:07:41.574,1.10758,1.10774,1.50,1.58
2011.08.30 15:07:42.015,1.10756,1.10773,3.38,1.50
2011.08.30 15:07:42.373,1.10756,1.10771,2.25,2.25
2011.08.30 15:07:42.964,1.10755,1.10771,1.50,3.00
2011.08.30 15:07:43.203,1.10761,1.10778,2.63,1.50
2011.08.30 15:07:43.452,1.10768,1.10783,1.13,2.70
2011.08.30 15:07:43.577,1.10769,1.10785,1.88,2.25
2011.08.30 15:07:43.702,1.10771,1.10786,1.13,1.50
2011.08.30 15:07:43.829,1.10773,1.10788,1.50,4.50
2011.08.30 15:07:43.955,1.10771,1.10787,1.13,1.50
2011.08.30 15:07:44.267,1.1077,1.10786,1.50,2.25
2011.08.30 15:07:44.517,1.10767,1.10784,2.63,1.58
2011.08.30 15:07:45.123,1.10774,1.10787,1.50,3.00
2011.08.30 15:07:45.832,1.10776,1.1079,1.50,1.58
2011.08.30 15:07:45.954,1.10771,1.10788,1.88,2.25
2011.08.30 15:07:46.185,1.10771,1.10787,1.13,1.50
2011.08.30 15:07:46.918,1.10772,1.10786,1.50,1.50
2011.08.30 15:07:47.058,1.10768,1.10783,2.25,1.50
2011.08.30 15:07:47.192,1.10767,1.10783,1.88,1.13
2011.08.30 15:07:47.641,1.10767,1.10783,1.88,1.13
2011.08.30 15:07:51.542,1.10767,1.10783,1.88,1.20
2011.08.30 15:07:52.991,1.10765,1.10781,1.13,1.58
2011.08.30 15:07:53.530,1.10764,1.1078,1.13,1.20
2011.08.30 15:07:54.100,1.10762,1.10779,2.63,1.50
2011.08.30 15:07:54.972,1.10764,1.10779,1.13,1.50
2011.08.30 15:07:55.322,1.10763,1.10779,1.13,1.95
2011.08.30 15:07:55.681,1.10763,1.10779,1.88,1.20
2011.08.30 15:07:56.083,1.10765,1.1078,1.50,1.58
2011.08.30 15:07:56.791,1.10764,1.10781,1.88,1.50
2011.08.30 15:07:57.380,1.10764,1.1078,1.88,2.25
2011.08.30 15:07:57.990,1.10764,1.1078,1.88,1.88
2011.08.30 15:07:58.113,1.10766,1.10782,1.13,3.08
2011.08.30 15:07:58.232,1.10766,1.1078,1.13,1.13
2011.08.30 15:07:58.812,1.10764,1.1078,1.88,1.13
2011.08.30 15:07:59.541,1.10768,1.10781,1.13,1.58
2011.08.30 15:07:59.787,1.10769,1.10782,1.88,1.50
2011.08.30 15:08:00.204,1.10772,1.10789,1.50,4.35
2011.08.30 15:08:00.443,1.10777,1.10789,1.50,2.10
2011.08.30 15:08:00.802,1.10778,1.10794,1.50,2.25
2011.08.30 15:08:00.924,1.10778,1.10793,1.50,1.50
2011.08.30 15:08:01.621,1.10778,1.10793,1.88,1.50
2011.08.30 15:08:01.962,1.10779,1.10793,1.50,1.50
2011.08.30 15:08:02.550,1.10779,1.10793,2.25,1.50
2011.08.30 15:08:03.032,1.10779,1.1079,1.50,2.25
2011.08.30 15:08:03.162,1.10777,1.10793,2.63,1.50
2011.08.30 15:08:04.310,1.10778,1.10794,1.50,3.00
2011.08.30 15:08:05.286,1.10776,1.10791,3.00,2.25
2011.08.30 15:08:05.414,1.10774,1.1079,1.88,1.50
2011.08.30 15:08:05.654,1.10773,1.10788,1.13,1.13
2011.08.30 15:08:05.776,1.10778,1.10793,1.13,1.58
2011.08.30 15:08:06.498,1.10778,1.10794,1.13,1.20
2011.08.30 15:08:06.874,1.10785,1.108,1.13,1.95
2011.08.30 15:08:06.998,1.10786,1.10801,1.13,1.50
2011.08.30 15:08:07.247,1.10787,1.10803,1.88,1.50
2011.08.30 15:08:07.852,1.10786,1.10803,1.50,1.58
2011.08.30 15:08:09.003,1.10787,1.10803,1.50,1.58
2011.08.30 15:08:09.561,1.10788,1.10804,1.13,1.95
2011.08.30 15:08:09.686,1.10783,1.1079,2.25,1.50
2011.08.30 15:08:09.938,1.10778,1.10789,1.50,3.00
2011.08.30 15:08:10.066,1.10774,1.10788,1.13,1.14
2011.08.30 15:08:10.196,1.10776,1.10791,1.13,1.50
2011.08.30 15:08:10.324,1.10777,1.10791,1.50,1.50
2011.08.30 15:08:10.442,1.10776,1.10792,1.88,2.63
2011.08.30 15:08:11.023,1.10777,1.10792,1.50,1.13
2011.08.30 15:08:11.480,1.1078,1.10793,1.13,1.50
2011.08.30 15:08:12.064,1.10788,1.108,1.50,2.25
2011.08.30 15:08:12.191,1.10794,1.10807,1.13,1.50
2011.08.30 15:08:12.794,1.1079,1.10805,2.25,1.50
2011.08.30 15:08:13.151,1.10789,1.10801,1.13,1.50
2011.08.30 15:08:14.254,1.10788,1.10801,1.13,1.50
2011.08.30 15:08:14.616,1.10785,1.10799,1.88,1.13
2011.08.30 15:08:15.761,1.10785,1.108,1.13,1.50
2011.08.30 15:08:16.900,1.10786,1.108,1.88,1.13
2011.08.30 15:08:17.471,1.10785,1.108,1.13,1.50
2011.08.30 15:08:19.531,1.10784,1.108,1.88,1.13
2011.08.30 15:08:19.652,1.10784,1.10799,1.50,1.13
2011.08.30 15:08:19.777,1.10781,1.10796,3.00,1.13
2011.08.30 15:08:20.176,1.10779,1.10787,1.50,1.50
2011.08.30 15:08:20.313,1.10771,1.10786,1.50,1.95
2011.08.30 15:08:20.671,1.1077,1.10786,1.50,2.33
2011.08.30 15:08:21.157,1.10768,1.10784,1.13,1.95
2011.08.30 15:08:22.116,1.10769,1.10784,1.50,1.20
2011.08.30 15:08:24.234,1.10768,1.10784,1.13,1.20
2011.08.30 15:08:26.366,1.10767,1.10783,1.50,3.08
2011.08.30 15:08:26.495,1.10764,1.1078,1.50,1.88
2011.08.30 15:08:26.970,1.10764,1.1078,1.13,1.95
2011.08.30 15:08:27.782,1.10764,1.1078,1.13,1.95
2011.08.30 15:08:29.145,1.10766,1.10782,1.13,1.58
2011.08.30 15:08:29.773,1.10767,1.10782,1.13,1.58
2011.08.30 15:08:30.012,1.10767,1.10781,1.13,1.20
2011.08.30 15:08:31.232,1.10766,1.10781,1.13,1.58
2011.08.30 15:08:32.021,1.10765,1.10781,1.13,2.33
2011.08.30 15:08:32.601,1.10765,1.10781,1.88,1.20
2011.08.30 15:08:36.081,1.10766,1.10781,1.13,1.20
2011.08.30 15:08:37.742,1.10767,1.10781,1.88,1.20
2011.08.30 15:08:37.875,1.10767,1.10781,1.13,1.95
2011.08.30 15:08:38.012,1.10765,1.10779,1.50,2.70
2011.08.30 15:08:38.253,1.10762,1.10775,1.50,1.13
2011.08.30 15:08:38.374,1.10759,1.10774,1.88,1.20
2011.08.30 15:08:38.492,1.10758,1.10773,1.13,1.20
2011.08.30 15:08:39.451,1.10758,1.10774,1.50,1.95
2011.08.30 15:08:40.120,1.10758,1.10774,1.50,2.70
2011.08.30 15:08:42.027,1.10759,1.10774,1.50,1.95
2011.08.30 15:08:42.836,1.10759,1.10773,1.50,3.45
2011.08.30 15:08:42.967,1.10755,1.10768,1.13,1.13
2011.08.30 15:08:43.094,1.10754,1.10768,2.25,1.13
2011.08.30 15:08:43.672,1.10752,1.1077,1.88,2.33
2011.08.30 15:08:44.242,1.10752,1.1077,1.50,3.83
2011.08.30 15:08:45.369,1.10755,1.10768,1.50,1.20
2011.08.30 15:08:45.737,1.10758,1.10771,1.50,1.58
2011.08.30 15:08:45.868,1.10758,1.10771,1.50,1.58
2011.08.30 15:08:46.117,1.10759,1.10776,1.13,3.45
2011.08.30 15:08:46.244,1.10764,1.10777,1.50,1.20
2011.08.30 15:08:46.366,1.10764,1.10778,1.50,1.50
2011.08.30 15:08:46.493,1.10766,1.1078,1.88,1.20
2011.08.30 15:08:46.616,1.10766,1.10782,2.63,1.58
2011.08.30 15:08:47.222,1.10769,1.10783,1.50,2.25
2011.08.30 15:08:47.799,1.10769,1.10784,1.50,2.25
2011.08.30 15:08:48.056,1.10767,1.10784,1.13,2.25
2011.08.30 15:08:48.183,1.10767,1.10783,1.13,1.50
2011.08.30 15:08:48.302,1.10765,1.10782,3.38,3.75
2011.08.30 15:08:49.002,1.10767,1.10782,1.50,2.25
2011.08.30 15:08:49.351,1.10769,1.10782,1.50,2.25
2011.08.30 15:08:49.890,1.10766,1.10783,2.63,3.00
2011.08.30 15:08:50.017,1.10769,1.10785,1.50,1.58
2011.08.30 15:08:50.392,1.10779,1.1079,1.50,1.13
2011.08.30 15:08:50.990,1.10776,1.10791,1.50,2.25
2011.08.30 15:08:51.234,1.10774,1.10791,3.38,4.50
2011.08.30 15:08:51.351,1.10774,1.10789,3.38,1.50
2011.08.30 15:08:52.061,1.10774,1.10789,1.50,1.50
2011.08.30 15:08:52.514,1.10775,1.10789,2.63,1.13
2011.08.30 15:08:54.715,1.10775,1.10789,1.50,1.50
2011.08.30 15:08:56.381,1.10776,1.10791,1.50,3.00
2011.08.30 15:08:56.959,1.10778,1.10791,1.50,2.25
2011.08.30 15:08:57.418,1.10778,1.10793,1.50,2.33
2011.08.30 15:08:58.004,1.10776,1.10793,1.50,3.83
2011.08.30 15:08:58.242,1.10776,1.1079,1.50,1.13
2011.08.30 15:08:58.483,1.10774,1.10789,2.25,1.13
2011.08.30 15:08:58.909,1.10775,1.10791,1.50,1.50
2011.08.30 15:08:59.502,1.10778,1.10793,2.25,2.33
2011.08.30 15:09:00.510,1.10778,1.10795,2.25,3.83
2011.08.30 15:09:01.422,1.10777,1.10793,1.50,1.58
2011.08.30 15:09:01.541,1.10777,1.10793,1.50,3.08
2011.08.30 15:09:02.346,1.10777,1.10791,1.50,1.50
2011.08.30 15:09:02.594,1.10778,1.10793,1.50,1.20
2011.08.30 15:09:02.710,1.10777,1.10793,1.88,1.20
2011.08.30 15:09:03.292,1.10777,1.10792,1.13,1.58
2011.08.30 15:09:03.411,1.10779,1.10795,1.50,2.33
2011.08.30 15:09:03.864,1.10777,1.10793,1.50,1.58
2011.08.30 15:09:04.441,1.10776,1.10792,1.88,1.95
2011.08.30 15:09:05.625,1.10778,1.10792,1.13,1.58
2011.08.30 15:09:07.305,1.10775,1.10791,1.88,1.13
2011.08.30 15:09:07.544,1.10775,1.10791,1.13,1.88
2011.08.30 15:09:09.044,1.10773,1.10791,1.50,1.95
2011.08.30 15:09:10.640,1.10772,1.10789,1.88,1.20
2011.08.30 15:09:11.073,1.10772,1.10787,1.13,1.50
2011.08.30 15:09:12.416,1.10769,1.10786,1.50,1.58
2011.08.30 15:09:14.343,1.10766,1.10781,1.50,1.13
2011.08.30 15:09:14.902,1.10763,1.1078,4.13,2.25
2011.08.30 15:09:15.141,1.10765,1.1078,1.50,1.50
2011.08.30 15:09:15.710,1.10763,1.10779,2.63,1.50
2011.08.30 15:09:16.272,1.10765,1.1078,1.50,1.50
2011.08.30 15:09:17.012,1.10765,1.10782,2.25,3.08
2011.08.30 15:09:17.132,1.10766,1.10782,1.50,2.33
2011.08.30 15:09:17.492,1.10769,1.10784,2.25,1.58
2011.08.30 15:09:17.613,1.1077,1.10786,1.50,3.08
2011.08.30 15:09:18.211,1.10769,1.10784,3.75,1.58
2011.08.30 15:09:18.738,1.10771,1.10785,1.50,2.33
2011.08.30 15:09:20.551,1.10771,1.10786,1.50,1.58
2011.08.30 15:09:25.950,1.10769,1.10785,2.25,1.50
2011.08.30 15:09:26.529,1.10768,1.10785,3.00,2.25
2011.08.30 15:09:26.763,1.10773,1.10788,2.25,2.33
2011.08.30 15:09:27.014,1.10782,1.10794,1.13,1.50
2011.08.30 15:09:27.141,1.10782,1.10796,1.13,1.50
2011.08.30 15:09:27.263,1.10783,1.10798,1.50,1.20
2011.08.30 15:09:27.803,1.10782,1.10798,1.13,1.20
2011.08.30 15:09:28.274,1.10783,1.10799,1.88,1.20
2011.08.30 15:09:28.621,1.10783,1.10799,1.13,1.95
2011.08.30 15:09:30.072,1.10782,1.10799,1.88,1.50
2011.08.30 15:09:30.311,1.10781,1.10796,1.88,1.13
2011.08.30 15:09:30.432,1.10782,1.10796,1.13,1.13
2011.08.30 15:09:30.903,1.10788,1.10798,1.13,1.50
2011.08.30 15:09:31.023,1.10787,1.108,1.13,1.58
2011.08.30 15:09:31.142,1.10786,1.108,1.13,1.58
2011.08.30 15:09:31.862,1.1079,1.10805,1.50,2.33
2011.08.30 15:09:32.230,1.1081,1.10818,1.50,1.50
2011.08.30 15:09:32.477,1.10808,1.10819,1.50,1.13
2011.08.30 15:09:32.611,1.10806,1.1082,2.25,1.50
2011.08.30 15:09:32.852,1.10804,1.10816,2.63,1.50
2011.08.30 15:09:32.972,1.10804,1.10816,1.88,1.50
2011.08.30 15:09:33.097,1.10803,1.10818,1.13,1.13
2011.08.30 15:09:33.709,1.10803,1.10818,1.13,1.20
2011.08.30 15:09:34.300,1.10804,1.10819,1.13,1.20
2011.08.30 15:09:34.872,1.10804,1.10819,1.50,1.58
2011.08.30 15:09:34.998,1.10801,1.10816,1.50,1.95
2011.08.30 15:09:35.126,1.108,1.10814,1.13,1.58
2011.08.30 15:09:35.257,1.108,1.10813,1.13,2.25
2011.08.30 15:09:35.384,1.10799,1.10813,1.13,2.25
2011.08.30 15:09:35.501,1.10796,1.10813,1.50,3.00
2011.08.30 15:09:36.072,1.10797,1.10813,1.50,1.58
2011.08.30 15:09:36.641,1.10794,1.10812,3.38,1.58
2011.08.30 15:09:37.021,1.10794,1.10808,1.13,1.58
2011.08.30 15:09:37.387,1.1079,1.10804,1.50,1.50
2011.08.30 15:09:38.753,1.10792,1.10806,1.13,2.70
2011.08.30 15:09:39.111,1.10793,1.10807,1.88,1.58
2011.08.30 15:09:39.628,1.1079,1.10805,1.88,1.20
2011.08.30 15:09:39.762,1.10789,1.10803,1.50,1.50
2011.08.30 15:09:40.362,1.1079,1.10804,1.13,1.95
2011.08.30 15:09:42.664,1.10787,1.10803,1.13,1.95
2011.08.30 15:09:42.780,1.10787,1.10802,1.13,1.58
2011.08.30 15:09:42.900,1.10787,1.10802,1.13,2.70
2011.08.30 15:09:43.580,1.10785,1.10801,1.50,3.08
2011.08.30 15:09:44.181,1.10786,1.10801,1.13,2.33
2011.08.30 15:09:44.761,1.10784,1.108,1.50,1.58
2011.08.30 15:09:44.883,1.10784,1.10798,1.13,1.13
2011.08.30 15:09:45.231,1.10781,1.10797,3.75,1.50
2011.08.30 15:09:45.811,1.10781,1.10797,2.25,1.58
2011.08.30 15:09:47.062,1.10781,1.10797,4.50,1.58
2011.08.30 15:09:47.302,1.10784,1.108,1.13,1.20
2011.08.30 15:09:47.427,1.10786,1.10802,3.00,2.33
2011.08.30 15:09:48.510,1.10786,1.108,1.50,1.50
2011.08.30 15:09:49.560,1.10784,1.108,3.75,2.25
2011.08.30 15:09:50.099,1.10786,1.108,1.50,1.50
2011.08.30 15:09:51.282,1.10788,1.108,2.25,1.50
2011.08.30 15:09:51.643,1.10788,1.10804,3.00,1.58
2011.08.30 15:09:51.982,1.10788,1.10805,3.00,1.95
2011.08.30 15:09:53.869,1.10788,1.10804,1.13,1.95
2011.08.30 15:09:54.118,1.10784,1.10801,1.13,1.58
2011.08.30 15:09:54.364,1.10784,1.10798,1.13,1.58
2011.08.30 15:09:54.603,1.10784,1.10798,1.13,1.58
2011.08.30 15:09:54.954,1.10781,1.10797,3.75,1.50
2011.08.30 15:09:56.559,1.10781,1.10796,3.00,1.50
2011.08.30 15:09:58.354,1.10781,1.10797,3.75,1.58
2011.08.30 15:09:58.824,1.10785,1.108,1.50,1.58
2011.08.30 15:09:59.414,1.10784,1.10799,2.25,1.50
2011.08.30 15:10:00.568,1.10784,1.108,3.00,2.33
2011.08.30 15:10:00.933,1.10788,1.10803,3.00,1.50
2011.08.30 15:10:01.511,1.10787,1.10802,2.25,1.50
2011.08.30 15:10:02.084,1.10787,1.10801,2.25,1.50
2011.08.30 15:10:02.442,1.10787,1.10801,2.25,2.25
2011.08.30 15:10:02.690,1.10787,1.10801,2.25,2.25
2011.08.30 15:10:03.673,1.10787,1.10801,2.25,1.50
2011.08.30 15:10:04.384,1.10792,1.10806,1.13,2.18
2011.08.30 15:10:04.833,1.1079,1.10804,1.50,1.58
2011.08.30 15:10:04.954,1.10789,1.10802,1.13,1.50
2011.08.30 15:10:05.193,1.10786,1.10802,3.00,2.33
2011.08.30 15:10:05.432,1.10786,1.10802,3.75,2.33
2011.08.30 15:10:06.002,1.10787,1.10802,2.25,1.58
2011.08.30 15:10:06.804,1.10787,1.10802,3.00,1.50
2011.08.30 15:10:06.927,1.10787,1.10801,1.13,1.88
2011.08.30 15:10:08.110,1.10784,1.10801,1.50,2.70
2011.08.30 15:10:08.620,1.10784,1.108,1.50,1.50
2011.08.30 15:10:09.911,1.10784,1.108,1.50,1.50
2011.08.30 15:10:13.622,1.10786,1.108,1.13,1.50
2011.08.30 15:10:14.852,1.10786,1.10799,1.13,1.50
2011.08.30 15:10:15.470,1.10784,1.10799,1.50,1.50
2011.08.30 15:10:15.832,1.10785,1.10799,2.25,1.50
2011.08.30 15:10:16.534,1.10785,1.10798,2.25,2.25
2011.08.30 15:10:16.921,1.10784,1.10798,3.00,2.25
2011.08.30 15:10:18.517,1.10784,1.10798,1.50,1.50
2011.08.30 15:10:20.544,1.10784,1.10798,3.00,1.50
2011.08.30 15:10:21.134,1.10784,1.10798,3.00,2.25
2011.08.30 15:10:21.255,1.10781,1.10792,1.13,1.50
2011.08.30 15:10:21.374,1.10778,1.10791,2.25,2.25
2011.08.30 15:10:21.972,1.10777,1.1079,2.25,1.50
2011.08.30 15:10:22.217,1.10775,1.10787,1.50,1.50
2011.08.30 15:10:22.748,1.10773,1.10786,3.00,1.50
2011.08.30 15:10:23.227,1.10776,1.10787,2.25,1.50
2011.08.30 15:10:23.592,1.10776,1.10789,2.25,1.50
2011.08.30 15:10:25.478,1.10776,1.10787,2.25,1.50
2011.08.30 15:10:25.931,1.10774,1.10787,1.50,1.50
2011.08.30 15:10:26.511,1.10774,1.10789,1.50,2.25
2011.08.30 15:10:26.876,1.10771,1.10784,2.63,1.50
2011.08.30 15:10:27.005,1.10769,1.10781,1.50,1.50
2011.08.30 15:10:27.344,1.10772,1.10782,1.50,1.50
2011.08.30 15:10:27.821,1.10771,1.10784,1.13,1.50
2011.08.30 15:10:28.414,1.10769,1.10782,1.50,1.50
2011.08.30 15:10:29.212,1.10766,1.10782,2.25,1.50
2011.08.30 15:10:29.795,1.10764,1.10779,1.88,1.88
2011.08.30 15:10:29.918,1.10764,1.10777,1.50,1.88
2011.08.30 15:10:30.044,1.10759,1.10775,1.50,2.25
2011.08.30 15:10:30.287,1.10757,1.1077,2.25,1.13
2011.08.30 15:10:30.773,1.10757,1.10773,3.00,2.40
2011.08.30 15:10:31.458,1.10757,1.10773,3.00,1.65
2011.08.30 15:10:32.063,1.10755,1.10769,1.13,1.58
2011.08.30 15:10:32.185,1.10755,1.10768,1.13,1.20
2011.08.30 15:10:32.308,1.10755,1.10769,1.13,1.50
2011.08.30 15:10:32.556,1.10754,1.10768,1.50,1.50
2011.08.30 15:10:32.687,1.10757,1.10772,1.50,1.58
2011.08.30 15:10:33.282,1.10755,1.10769,1.88,1.50
2011.08.30 15:10:33.758,1.10755,1.10767,1.13,1.50
2011.08.30 15:10:34.342,1.10753,1.10766,1.13,1.50
2011.08.30 15:10:34.463,1.10753,1.10766,1.88,1.50
2011.08.30 15:10:34.590,1.1075,1.10764,1.88,1.13
2011.08.30 15:10:34.835,1.10748,1.10764,1.50,1.88
2011.08.30 15:10:35.410,1.10748,1.10764,1.50,1.95
2011.08.30 15:10:36.101,1.10749,1.10764,2.25,1.58
2011.08.30 15:10:36.346,1.1075,1.10764,1.50,1.58
2011.08.30 15:10:36.781,1.10752,1.10766,1.13,1.20
2011.08.30 15:10:37.153,1.10758,1.10775,2.25,1.58
2011.08.30 15:10:37.276,1.1076,1.10776,1.50,1.58
2011.08.30 15:10:37.871,1.10759,1.10776,1.50,2.33
2011.08.30 15:10:38.235,1.10763,1.10779,1.50,2.33
2011.08.30 15:10:38.472,1.10764,1.10779,1.88,1.50
2011.08.30 15:10:39.052,1.10763,1.10777,1.50,1.50
2011.08.30 15:10:39.889,1.10763,1.10776,1.50,1.50
2011.08.30 15:10:40.143,1.10762,1.10776,1.50,1.50
2011.08.30 15:10:40.931,1.10761,1.10777,3.00,3.00
2011.08.30 15:10:42.714,1.10764,1.10778,2.63,1.50
2011.08.30 15:10:42.835,1.10766,1.1078,2.25,1.50
2011.08.30 15:10:42.952,1.10768,1.10783,1.50,1.95
2011.08.30 15:10:44.080,1.10766,1.10781,2.25,1.50
2011.08.30 15:10:44.211,1.10766,1.10781,2.25,1.50
2011.08.30 15:10:44.711,1.10768,1.10782,1.50,2.25
2011.08.30 15:10:44.832,1.10768,1.10778,1.50,1.50
2011.08.30 15:10:45.943,1.10763,1.10778,3.00,1.50
2011.08.30 15:10:46.611,1.10763,1.10779,2.63,1.13
2011.08.30 15:10:47.191,1.10764,1.10779,1.13,1.13
2011.08.30 15:10:48.551,1.10764,1.10781,2.25,1.88
2011.08.30 15:10:48.913,1.10767,1.10784,1.88,3.00
2011.08.30 15:10:49.373,1.10768,1.10784,1.13,1.50
2011.08.30 15:10:49.494,1.10769,1.10785,1.13,1.13
2011.08.30 15:10:49.615,1.10768,1.10785,1.13,1.13
2011.08.30 15:10:49.733,1.10769,1.10786,1.88,1.20
2011.08.30 15:10:50.082,1.10769,1.10781,2.63,1.50
2011.08.30 15:10:50.204,1.10769,1.10782,2.63,1.50
2011.08.30 15:10:50.549,1.10769,1.10784,3.38,1.13
2011.08.30 15:10:50.679,1.1077,1.10786,1.50,1.20
2011.08.30 15:10:51.273,1.1077,1.10786,1.50,1.58
2011.08.30 15:10:51.624,1.10769,1.10784,1.50,1.13
2011.08.30 15:10:51.862,1.10767,1.10782,1.13,1.13
2011.08.30 15:10:52.992,1.10768,1.10784,1.13,1.88
2011.08.30 15:10:55.883,1.10769,1.10786,1.50,1.58
2011.08.30 15:10:56.007,1.10772,1.10786,1.13,1.50
2011.08.30 15:10:56.256,1.10773,1.10789,1.88,1.50
2011.08.30 15:10:57.999,1.10772,1.10787,1.13,1.13
2011.08.30 15:10:59.244,1.10773,1.10788,1.13,1.13
2011.08.30 15:10:59.493,1.10774,1.10791,3.00,1.58
2011.08.30 15:10:59.620,1.10778,1.10795,1.13,1.88
2011.08.30 15:10:59.865,1.1078,1.10795,1.50,1.13
2011.08.30 15:11:00.451,1.10781,1.10797,1.50,1.50
2011.08.30 15:11:01.022,1.10781,1.10797,1.13,1.88
2011.08.30 15:11:01.826,1.1078,1.10797,1.88,1.50
2011.08.30 15:11:02.516,1.10777,1.10794,1.50,1.20
2011.08.30 15:11:02.883,1.10773,1.1079,2.25,2.33
2011.08.30 15:11:03.485,1.10773,1.1079,1.88,2.33
2011.08.30 15:11:03.714,1.10774,1.1079,1.13,2.33
2011.08.30 15:11:04.173,1.10772,1.10789,1.13,1.58
2011.08.30 15:11:05.216,1.10771,1.10787,1.50,1.50
2011.08.30 15:11:05.824,1.10767,1.10784,1.13,1.50
2011.08.30 15:11:06.850,1.10768,1.10784,1.88,1.50
2011.08.30 15:11:07.843,1.10768,1.10784,1.50,1.50
2011.08.30 15:11:09.342,1.10768,1.10785,1.88,2.25
2011.08.30 15:11:09.704,1.1077,1.10786,1.13,1.58
2011.08.30 15:11:09.824,1.10771,1.10789,1.13,3.08
2011.08.30 15:11:10.915,1.10771,1.10789,1.88,1.58
2011.08.30 15:11:11.793,1.10773,1.1079,1.13,2.33
2011.08.30 15:11:12.152,1.10773,1.10789,1.13,1.58
2011.08.30 15:11:12.503,1.10775,1.10792,1.88,1.58
2011.08.30 15:11:12.744,1.10775,1.10794,2.63,1.58
2011.08.30 15:11:12.862,1.10775,1.10793,2.25,1.95
2011.08.30 15:11:12.992,1.10775,1.10791,1.50,1.50
2011.08.30 15:11:13.450,1.10775,1.10792,1.50,1.58
2011.08.30 15:11:17.842,1.10774,1.10791,1.13,3.08
2011.08.30 15:11:18.651,1.10774,1.10791,1.50,2.33
2011.08.30 15:11:20.629,1.10778,1.10792,1.50,1.58
2011.08.30 15:11:21.005,1.10778,1.10797,1.50,1.50
2011.08.30 15:11:21.132,1.10784,1.108,1.50,1.58
2011.08.30 15:11:23.681,1.10782,1.108,1.88,1.58
2011.08.30 15:11:24.037,1.10786,1.10799,1.50,1.58
2011.08.30 15:11:24.163,1.10789,1.10802,1.13,1.50
2011.08.30 15:11:24.285,1.10789,1.10804,1.13,1.58
2011.08.30 15:11:24.843,1.10787,1.10804,1.13,1.58
2011.08.30 15:11:25.303,1.10786,1.10802,1.88,1.50
2011.08.30 15:11:25.955,1.10786,1.10802,1.50,1.50
2011.08.30 15:11:26.195,1.10782,1.108,1.50,1.20
2011.08.30 15:11:26.314,1.10781,1.10796,1.88,1.50
2011.08.30 15:11:26.889,1.1078,1.10795,1.13,1.50
2011.08.30 15:11:27.380,1.10781,1.10794,1.88,1.50
2011.08.30 15:11:31.086,1.10779,1.10796,1.50,1.58
2011.08.30 15:11:31.552,1.10779,1.10791,1.50,1.50
2011.08.30 15:11:31.672,1.10775,1.10791,2.63,2.25
2011.08.30 15:11:32.039,1.10778,1.10794,2.25,1.58
2011.08.30 15:11:32.168,1.10778,1.10795,2.25,1.58
2011.08.30 15:11:32.299,1.10784,1.10798,1.50,2.33
2011.08.30 15:11:32.427,1.10783,1.108,1.13,2.33
2011.08.30 15:11:32.557,1.10783,1.108,1.88,1.50
2011.08.30 15:11:33.153,1.10784,1.10801,1.50,1.20
2011.08.30 15:11:33.280,1.1078,1.10796,1.88,1.50
2011.08.30 15:11:33.647,1.1078,1.108,2.63,1.58
2011.08.30 15:11:34.189,1.10781,1.10798,1.13,1.50
2011.08.30 15:11:34.554,1.10788,1.10802,1.50,1.58
2011.08.30 15:11:35.163,1.10787,1.10802,1.50,1.58
2011.08.30 15:11:35.291,1.10792,1.10806,1.13,1.58
2011.08.30 15:11:35.540,1.10793,1.10809,1.88,1.65
2011.08.30 15:11:35.667,1.10793,1.1081,1.13,2.48
2011.08.30 15:11:35.792,1.10792,1.1081,2.25,2.48
2011.08.30 15:11:36.035,1.10796,1.1081,1.50,1.65
2011.08.30 15:11:36.393,1.10797,1.10813,2.25,1.95
2011.08.30 15:11:36.727,1.10797,1.10813,1.50,1.20
2011.08.30 15:11:36.857,1.10795,1.10812,1.50,2.33
2011.08.30 15:11:37.452,1.10796,1.10813,2.25,1.95
2011.08.30 15:11:38.038,1.10795,1.10812,1.50,2.33
2011.08.30 15:11:38.169,1.10794,1.1081,1.50,1.50
2011.08.30 15:11:39.016,1.10797,1.10812,1.50,1.58
2011.08.30 15:11:39.493,1.10796,1.10812,2.25,1.50
2011.08.30 15:11:39.732,1.10796,1.10812,1.50,1.58
2011.08.30 15:11:40.089,1.108,1.10814,1.13,2.25
2011.08.30 15:11:40.335,1.10806,1.10822,1.50,2.33
2011.08.30 15:11:40.461,1.10807,1.10819,1.13,1.50
2011.08.30 15:11:40.830,1.10814,1.1083,1.50,3.08
2011.08.30 15:11:41.470,1.10814,1.1083,1.50,1.50
2011.08.30 15:11:41.623,1.10816,1.10831,1.13,1.58
2011.08.30 15:11:41.985,1.10818,1.10834,1.50,1.13
2011.08.30 15:11:42.104,1.1082,1.10833,1.50,1.13
2011.08.30 15:11:42.220,1.10817,1.10833,2.25,1.20
2011.08.30 15:11:42.682,1.10815,1.10832,1.50,2.33
2011.08.30 15:11:42.920,1.10815,1.10832,1.50,1.58
2011.08.30 15:11:43.161,1.10814,1.10832,2.25,2.70
2011.08.30 15:11:43.282,1.10813,1.10832,1.50,2.70
2011.08.30 15:11:43.404,1.10814,1.10832,1.50,2.70
2011.08.30 15:11:43.642,1.10814,1.10832,1.50,1.95
2011.08.30 15:11:44.053,1.10811,1.10825,1.50,1.13
2011.08.30 15:11:44.184,1.1081,1.10824,1.50,1.50
2011.08.30 15:11:44.551,1.10809,1.10821,1.50,1.50
2011.08.30 15:11:44.797,1.10802,1.10817,1.50,1.50
2011.08.30 15:11:44.922,1.10804,1.1082,1.50,1.20
2011.08.30 15:11:45.161,1.10803,1.1082,1.50,1.95
2011.08.30 15:11:45.762,1.10803,1.1082,3.00,1.13
2011.08.30 15:11:46.111,1.10803,1.10819,1.50,1.50
2011.08.30 15:11:46.663,1.10801,1.10816,2.25,1.13
2011.08.30 15:11:47.024,1.10799,1.10815,1.50,2.25
2011.08.30 15:11:47.492,1.10796,1.10813,1.50,2.33
2011.08.30 15:11:47.617,1.10797,1.10814,2.25,1.95
2011.08.30 15:11:48.083,1.108,1.10815,1.50,1.50
2011.08.30 15:11:48.441,1.10804,1.1082,1.50,2.70
2011.08.30 15:11:48.561,1.10802,1.10819,1.50,1.20
2011.08.30 15:11:49.845,1.10802,1.10818,1.50,2.33
2011.08.30 15:11:50.431,1.108,1.10816,2.25,1.13
2011.08.30 15:11:50.992,1.10801,1.10817,1.50,1.95
2011.08.30 15:11:51.233,1.108,1.10814,2.25,1.50
2011.08.30 15:11:51.840,1.10798,1.10811,1.50,1.50
2011.08.30 15:11:51.974,1.10793,1.10808,3.00,1.58
2011.08.30 15:11:52.327,1.1079,1.10804,2.35,2.63
2011.08.30 15:11:52.460,1.10785,1.108,1.50,1.50
2011.08.30 15:11:52.582,1.10785,1.108,1.50,1.50
2011.08.30 15:11:56.218,1.10783,1.10799,1.50,2.33
2011.08.30 15:11:56.463,1.10781,1.10798,2.25,2.33
2011.08.30 15:11:57.162,1.10779,1.10797,3.00,1.95
2011.08.30 15:11:57.635,1.1078,1.10797,1.50,1.95
2011.08.30 15:11:57.766,1.10781,1.10797,1.88,1.50
2011.08.30 15:11:58.239,1.10787,1.10803,1.50,5.25
2011.08.30 15:11:58.368,1.10788,1.10804,1.50,1.50
2011.08.30 15:11:58.500,1.10789,1.10806,1.50,1.95
2011.08.30 15:11:59.212,1.10789,1.10805,2.25,1.50
2011.08.30 15:11:59.574,1.10793,1.1081,2.25,1.13
2011.08.30 15:11:59.693,1.10798,1.10812,1.50,1.58
2011.08.30 15:12:00.174,1.10798,1.10814,1.50,1.13
2011.08.30 15:12:00.705,1.10802,1.10819,2.25,2.70
2011.08.30 15:12:00.833,1.10802,1.10819,1.50,1.95
2011.08.30 15:12:01.436,1.10804,1.10819,2.25,1.20
2011.08.30 15:12:02.694,1.10804,1.1082,1.50,1.20
2011.08.30 15:12:03.055,1.10794,1.10809,1.50,1.20
2011.08.30 15:12:03.178,1.10791,1.10806,1.50,1.50
2011.08.30 15:12:03.672,1.10788,1.10806,2.25,2.25
2011.08.30 15:12:03.796,1.10791,1.10807,1.50,1.50
2011.08.30 15:12:04.946,1.10791,1.10804,1.50,1.13
2011.08.30 15:12:05.095,1.10788,1.10802,1.50,1.13
2011.08.30 15:12:05.221,1.10785,1.10799,1.50,1.58
2011.08.30 15:12:05.351,1.10783,1.10797,1.50,1.13
2011.08.30 15:12:05.475,1.10781,1.10795,1.50,1.13
2011.08.30 15:12:06.064,1.10779,1.10794,1.50,1.20
2011.08.30 15:12:06.534,1.10776,1.10793,1.50,1.95
2011.08.30 15:12:06.899,1.10781,1.10796,1.13,1.88
2011.08.30 15:12:07.028,1.10782,1.10799,1.50,1.58
2011.08.30 15:12:07.156,1.10787,1.10802,1.50,3.08
2011.08.30 15:12:07.642,1.10788,1.10804,1.50,1.13
2011.08.30 15:12:08.476,1.10788,1.10805,1.88,1.50
2011.08.30 15:12:08.848,1.10791,1.10806,2.25,1.13
2011.08.30 15:12:09.221,1.1079,1.108,1.50,1.88
2011.08.30 15:12:09.357,1.10784,1.108,1.50,1.88
2011.08.30 15:12:09.492,1.10783,1.10798,1.50,1.50
2011.08.30 15:12:09.744,1.10779,1.10797,2.25,1.88
2011.08.30 15:12:10.524,1.1078,1.10796,2.25,1.50
2011.08.30 15:12:10.662,1.10775,1.1079,1.50,1.50
2011.08.30 15:12:10.784,1.10775,1.10791,1.50,1.13
2011.08.30 15:12:11.374,1.10775,1.10791,1.50,1.50
2011.08.30 15:12:11.497,1.10777,1.10793,1.13,1.58
2011.08.30 15:12:11.868,1.10779,1.10794,1.50,1.50
2011.08.30 15:12:11.995,1.1078,1.10795,1.50,1.13
2011.08.30 15:12:12.718,1.10781,1.10795,1.50,1.13
2011.08.30 15:12:13.855,1.1078,1.10795,1.50,1.13
2011.08.30 15:12:13.972,1.10779,1.10794,1.50,1.50
2011.08.30 15:12:14.325,1.10776,1.10794,1.50,1.50
2011.08.30 15:12:14.678,1.10775,1.10789,1.50,1.88
2011.08.30 15:12:15.045,1.10776,1.10786,1.50,1.50
2011.08.30 15:12:15.492,1.10772,1.10788,1.50,1.50
2011.08.30 15:12:16.606,1.10771,1.10785,2.25,1.88
2011.08.30 15:12:17.212,1.1077,1.10784,1.50,1.50
2011.08.30 15:12:17.574,1.10769,1.10785,2.25,1.13
2011.08.30 15:12:17.818,1.10769,1.10783,2.25,1.50
2011.08.30 15:12:17.944,1.10769,1.10785,2.25,1.88
2011.08.30 15:12:18.065,1.10772,1.10786,1.50,1.95
2011.08.30 15:12:19.053,1.10772,1.10786,1.50,1.13
2011.08.30 15:12:19.294,1.1077,1.10786,3.00,1.88
2011.08.30 15:12:20.002,1.10769,1.10786,2.25,2.70
2011.08.30 15:12:20.362,1.10769,1.10783,1.50,1.50
2011.08.30 15:12:21.264,1.10769,1.10784,1.50,1.13
2011.08.30 15:12:21.622,1.10768,1.10783,1.50,1.50
2011.08.30 15:12:22.068,1.10766,1.10782,1.50,1.50
2011.08.30 15:12:22.643,1.10766,1.10782,2.25,1.88
2011.08.30 15:12:23.551,1.10766,1.10781,1.50,1.13
2011.08.30 15:12:25.430,1.10766,1.10783,3.00,1.50
2011.08.30 15:12:26.011,1.10769,1.10785,1.50,1.13
2011.08.30 15:12:26.137,1.1077,1.10785,2.25,1.13
2011.08.30 15:12:26.718,1.10772,1.10788,1.50,3.45
2011.08.30 15:12:26.846,1.10772,1.10788,1.50,2.70
2011.08.30 15:12:28.013,1.10772,1.10787,1.50,1.58
2011.08.30 15:12:28.802,1.10771,1.10787,4.50,2.33
2011.08.30 15:12:29.146,1.10773,1.10787,1.50,1.58
2011.08.30 15:12:29.672,1.10774,1.10787,1.50,1.95
2011.08.30 15:12:30.414,1.10773,1.10787,1.50,1.95
2011.08.30 15:12:32.004,1.1077,1.10787,1.50,1.95
2011.08.30 15:12:32.241,1.1077,1.10786,1.50,1.58
2011.08.30 15:12:32.788,1.10766,1.10782,1.50,1.50
2011.08.30 15:12:34.242,1.10767,1.10782,1.50,1.50
2011.08.30 15:12:34.608,1.10769,1.10785,2.25,1.95
2011.08.30 15:12:34.973,1.10767,1.10783,1.50,1.58
2011.08.30 15:12:35.214,1.10768,1.10784,1.50,1.20
2011.08.30 15:12:35.690,1.1077,1.10787,1.50,1.58
2011.08.30 15:12:35.818,1.10769,1.10786,3.00,1.58
2011.08.30 15:12:36.542,1.10771,1.10787,1.50,2.33
2011.08.30 15:12:37.002,1.10768,1.10785,1.50,1.13
2011.08.30 15:12:37.804,1.10768,1.10783,1.50,1.13
2011.08.30 15:12:38.389,1.10767,1.10782,1.50,1.88
2011.08.30 15:12:38.960,1.10765,1.1078,1.50,1.88
2011.08.30 15:12:39.093,1.10764,1.10778,2.25,1.50
2011.08.30 15:12:39.458,1.10758,1.10773,1.50,1.50
2011.08.30 15:12:39.706,1.10757,1.10773,1.50,1.50
2011.08.30 15:12:40.185,1.10757,1.10773,1.50,1.58
2011.08.30 15:12:40.316,1.10759,1.10774,1.50,2.25
2011.08.30 15:12:40.448,1.1076,1.10777,1.50,1.50
2011.08.30 15:12:40.814,1.10762,1.10778,2.25,1.58
2011.08.30 15:12:40.934,1.10759,1.10774,2.25,1.50
2011.08.30 15:12:41.499,1.10759,1.10776,3.00,1.50
2011.08.30 15:12:42.542,1.10761,1.10777,2.25,1.13
2011.08.30 15:12:43.016,1.10761,1.10777,1.50,1.88
2011.08.30 15:12:44.478,1.10761,1.10777,1.88,2.63
2011.08.30 15:12:44.611,1.10763,1.10777,1.88,1.13
2011.08.30 15:12:44.733,1.10765,1.10778,1.13,1.50
2011.08.30 15:12:45.093,1.10766,1.10779,1.50,1.13
2011.08.30 15:12:45.216,1.10765,1.10779,1.88,1.13
2011.08.30 15:12:45.812,1.10763,1.10779,3.38,1.88
2011.08.30 15:12:46.293,1.10763,1.10778,2.63,2.25
2011.08.30 15:12:46.763,1.10762,1.10776,1.88,1.88
2011.08.30 15:12:47.394,1.10762,1.10776,1.88,1.13
2011.08.30 15:12:47.754,1.10764,1.10777,1.50,1.50
2011.08.30 15:12:48.221,1.10766,1.10778,1.50,1.13
2011.08.30 15:12:49.314,1.10764,1.10778,1.88,1.13
2011.08.30 15:12:49.760,1.10764,1.10776,1.13,1.50
2011.08.30 15:12:50.532,1.10764,1.10776,1.88,1.50
2011.08.30 15:12:50.663,1.10764,1.10778,1.88,1.13
2011.08.30 15:12:50.782,1.10762,1.10776,1.50,1.50
2011.08.30 15:12:51.360,1.10761,1.10775,1.13,1.13
2011.08.30 15:12:52.063,1.10761,1.10775,1.13,1.88
2011.08.30 15:12:53.490,1.10759,1.10774,1.50,1.13
2011.08.30 15:12:55.394,1.10758,1.10774,1.88,1.13
2011.08.30 15:12:56.041,1.10759,1.10774,1.50,1.13
2011.08.30 15:12:56.637,1.1076,1.10774,2.25,1.50
2011.08.30 15:12:57.002,1.10757,1.10772,2.25,1.50
2011.08.30 15:12:57.684,1.10756,1.10771,1.50,1.88
2011.08.30 15:12:58.034,1.10756,1.1077,1.50,1.50
2011.08.30 15:12:59.021,1.10756,1.1077,1.50,1.50
2011.08.30 15:13:00.289,1.10755,1.1077,2.25,1.50
2011.08.30 15:13:00.893,1.10756,1.10771,1.50,1.50
2011.08.30 15:13:01.014,1.10757,1.10771,1.50,1.50
2011.08.30 15:13:01.485,1.10766,1.10782,5.63,1.13
2011.08.30 15:13:01.737,1.10771,1.10788,1.88,3.75
2011.08.30 15:13:02.336,1.10772,1.10788,3.00,3.83
2011.08.30 15:13:03.045,1.10773,1.10788,1.50,1.50
2011.08.30 15:13:03.164,1.10775,1.10789,1.50,1.50
2011.08.30 15:13:03.285,1.10776,1.10791,1.50,1.50
2011.08.30 15:13:03.733,1.10781,1.10795,1.88,1.13
2011.08.30 15:13:03.973,1.10783,1.10798,1.50,3.00
2011.08.30 15:13:04.692,1.10785,1.10799,1.50,1.50
2011.08.30 15:13:05.271,1.10783,1.10796,1.50,1.13
2011.08.30 15:13:08.131,1.10784,1.10798,1.50,1.13
2011.08.30 15:13:09.051,1.10784,1.10798,1.50,1.50
2011.08.30 15:13:09.874,1.10783,1.10798,1.50,1.50
2011.08.30 15:13:10.593,1.10783,1.10798,1.50,3.00
2011.08.30 15:13:12.419,1.10783,1.10798,1.50,1.50
2011.08.30 15:13:12.990,1.10784,1.108,1.50,2.25
2011.08.30 15:13:13.223,1.10785,1.108,1.13,1.50
2011.08.30 15:13:13.345,1.10789,1.10803,1.13,1.58
2011.08.30 15:13:13.713,1.10791,1.10805,1.50,1.88
2011.08.30 15:13:13.832,1.10792,1.10805,1.50,1.88
2011.08.30 15:13:14.281,1.1079,1.10805,1.50,2.63
2011.08.30 15:13:14.403,1.10792,1.10805,1.88,1.50
2011.08.30 15:13:15.313,1.10791,1.10805,1.13,1.50
2011.08.30 15:13:16.552,1.10788,1.10803,2.25,1.13
2011.08.30 15:13:16.916,1.10784,1.10798,2.63,1.13
2011.08.30 15:13:17.512,1.10784,1.10798,1.13,1.13
2011.08.30 15:13:18.083,1.10784,1.108,1.13,1.95
2011.08.30 15:13:18.567,1.10786,1.10801,1.50,1.58
2011.08.30 15:13:20.346,1.10791,1.10802,2.25,1.20
2011.08.30 15:13:20.485,1.10795,1.10805,1.50,1.58
2011.08.30 15:13:20.616,1.10795,1.10807,1.50,1.88
2011.08.30 15:13:21.223,1.10793,1.10807,1.50,2.70
2011.08.30 15:13:21.344,1.10794,1.10807,1.50,2.63
2011.08.30 15:13:21.467,1.10791,1.10806,1.13,1.50
2011.08.30 15:13:21.593,1.10791,1.10807,1.13,1.88
2011.08.30 15:13:22.312,1.10793,1.10806,1.50,1.50
2011.08.30 15:13:25.542,1.10793,1.10806,1.50,1.88
2011.08.30 15:13:25.660,1.10792,1.10806,1.13,1.88
2011.08.30 15:13:26.270,1.10792,1.10806,1.13,2.63
2011.08.30 15:13:26.505,1.10792,1.10806,1.88,1.88
2011.08.30 15:13:26.972,1.10795,1.10806,1.50,1.13
2011.08.30 15:13:27.325,1.10795,1.10811,1.50,2.10
2011.08.30 15:13:27.445,1.10799,1.10813,1.13,1.35
2011.08.30 15:13:27.565,1.10799,1.10813,1.88,1.35
2011.08.30 15:13:28.702,1.10799,1.10812,1.13,1.35
2011.08.30 15:13:29.482,1.10799,1.10814,1.50,1.73
2011.08.30 15:13:29.712,1.10799,1.10814,1.50,1.13
2011.08.30 15:13:29.952,1.10798,1.10814,1.13,1.13
2011.08.30 15:13:30.772,1.10798,1.10814,1.13,1.50
2011.08.30 15:13:31.303,1.10796,1.10811,1.13,1.50
2011.08.30 15:13:31.425,1.10795,1.10811,2.63,1.88
2011.08.30 15:13:32.014,1.10794,1.10809,2.25,1.50
2011.08.30 15:13:32.734,1.10796,1.10811,1.88,1.50
2011.08.30 15:13:33.091,1.10796,1.10812,2.63,1.50
2011.08.30 15:13:33.684,1.10796,1.10812,1.13,1.50
2011.08.30 15:13:34.280,1.10795,1.1081,1.88,1.13
2011.08.30 15:13:34.896,1.10795,1.1081,1.50,1.13
2011.08.30 15:13:35.254,1.10795,1.10811,1.50,1.50
2011.08.30 15:13:35.612,1.10801,1.10814,1.50,2.25
2011.08.30 15:13:36.220,1.10801,1.10813,1.50,1.50
2011.08.30 15:13:37.257,1.10799,1.10813,1.88,1.50
2011.08.30 15:13:37.870,1.10801,1.10813,1.50,1.50
2011.08.30 15:13:38.340,1.10801,1.10813,1.50,1.50
2011.08.30 15:13:40.582,1.10801,1.10813,1.88,1.50
2011.08.30 15:13:41.330,1.10798,1.10813,1.13,1.50
2011.08.30 15:13:41.903,1.10799,1.10814,1.88,1.50
2011.08.30 15:13:42.458,1.10799,1.10813,1.88,1.50
2011.08.30 15:13:43.375,1.10801,1.10814,1.13,2.25
2011.08.30 15:13:43.734,1.10807,1.10818,1.50,2.63
2011.08.30 15:13:45.879,1.10805,1.10818,1.50,3.38
2011.08.30 15:13:46.952,1.10806,1.10817,1.50,1.50
2011.08.30 15:13:48.063,1.10804,1.10818,1.88,2.63
2011.08.30 15:13:48.615,1.10804,1.10815,1.50,1.13
2011.08.30 15:13:48.750,1.10801,1.10814,2.25,1.13
2011.08.30 15:13:48.872,1.10801,1.10814,1.50,1.13
2011.08.30 15:13:49.461,1.108,1.10814,1.50,2.25
2011.08.30 15:13:51.142,1.10799,1.10814,1.50,1.88
2011.08.30 15:13:52.498,1.10799,1.10812,1.50,1.13
2011.08.30 15:13:52.868,1.10788,1.10804,1.13,1.88
2011.08.30 15:13:53.005,1.10788,1.10804,1.88,1.88
2011.08.30 15:13:53.721,1.10789,1.10804,2.25,1.88
2011.08.30 15:13:54.986,1.1079,1.10804,1.50,1.13
2011.08.30 15:13:55.115,1.10793,1.10807,1.50,2.25
2011.08.30 15:13:55.232,1.1079,1.10807,2.25,2.25
2011.08.30 15:13:56.963,1.1079,1.10805,2.25,2.25
2011.08.30 15:14:00.243,1.10795,1.10808,1.13,1.58
2011.08.30 15:14:00.367,1.10798,1.10811,1.50,1.88
2011.08.30 15:14:00.823,1.10797,1.10811,1.50,2.25
2011.08.30 15:14:01.647,1.10799,1.10811,1.13,2.10
2011.08.30 15:14:02.019,1.10807,1.1082,1.88,1.50
2011.08.30 15:14:02.146,1.10807,1.10821,1.88,1.50
2011.08.30 15:14:02.279,1.10809,1.10824,1.50,1.88
2011.08.30 15:14:02.524,1.10809,1.10824,1.50,1.13
2011.08.30 15:14:03.249,1.10809,1.10824,1.13,2.63
2011.08.30 15:14:04.372,1.1081,1.10824,1.13,2.63
2011.08.30 15:14:04.843,1.10809,1.10823,1.50,3.00
2011.08.30 15:14:05.791,1.10807,1.1082,1.50,4.88
2011.08.30 15:14:06.249,1.10809,1.10818,1.13,1.50
2011.08.30 15:14:06.622,1.1081,1.10824,2.63,1.95
2011.08.30 15:14:07.217,1.10812,1.10826,1.50,1.50
2011.08.30 15:14:08.543,1.10809,1.10825,1.13,1.13
2011.08.30 15:14:08.785,1.10811,1.10826,1.13,1.50
2011.08.30 15:14:09.164,1.10817,1.10832,1.13,3.08
2011.08.30 15:14:09.291,1.10818,1.10833,1.50,1.88
2011.08.30 15:14:09.646,1.1082,1.10837,2.63,1.50
2011.08.30 15:14:10.017,1.10819,1.10832,1.50,2.25
2011.08.30 15:14:10.150,1.10813,1.10829,3.38,1.13
2011.08.30 15:14:10.744,1.10814,1.1083,1.50,2.25
2011.08.30 15:14:12.199,1.10817,1.10831,1.50,1.58
2011.08.30 15:14:12.570,1.10827,1.10841,1.13,1.50
2011.08.30 15:14:12.700,1.10831,1.10845,1.13,2.70
2011.08.30 15:14:12.825,1.10831,1.10845,1.13,1.13
2011.08.30 15:14:12.943,1.1083,1.10845,1.50,1.50
2011.08.30 15:14:13.183,1.10828,1.10844,1.50,2.25
2011.08.30 15:14:13.708,1.10816,1.10828,1.28,1.50
2011.08.30 15:14:13.855,1.10812,1.10824,1.50,1.50
2011.08.30 15:14:14.456,1.10811,1.10824,1.88,1.50
2011.08.30 15:14:14.822,1.10812,1.10824,1.13,1.50
2011.08.30 15:14:14.945,1.10811,1.10827,2.63,1.13
2011.08.30 15:14:15.541,1.10812,1.10827,1.50,1.95
2011.08.30 15:14:16.454,1.10812,1.10827,1.50,1.20
2011.08.30 15:14:16.819,1.10807,1.1082,1.50,1.50
2011.08.30 15:14:16.948,1.10805,1.1082,1.13,1.58
2011.08.30 15:14:17.555,1.10805,1.1082,1.13,1.95
2011.08.30 15:14:17.799,1.10802,1.10818,2.63,1.50
2011.08.30 15:14:18.167,1.10793,1.10803,2.25,1.50
2011.08.30 15:14:18.664,1.10786,1.108,1.50,1.13
2011.08.30 15:14:18.786,1.10785,1.10799,2.25,5.25
2011.08.30 15:14:19.038,1.10787,1.10801,1.13,2.63
2011.08.30 15:14:19.167,1.10787,1.10801,1.13,1.88
2011.08.30 15:14:19.656,1.10789,1.10805,1.88,2.70
2011.08.30 15:14:20.033,1.10791,1.10802,1.50,1.50
2011.08.30 15:14:20.644,1.10796,1.10803,1.13,1.50
2011.08.30 15:14:20.773,1.10796,1.10806,1.88,1.50
2011.08.30 15:14:21.374,1.10796,1.10806,1.88,1.50
2011.08.30 15:14:21.866,1.108,1.10813,2.63,1.50
2011.08.30 15:14:22.234,1.10805,1.10813,2.25,1.50
2011.08.30 15:14:22.353,1.10805,1.10813,1.50,1.50
2011.08.30 15:14:22.831,1.10805,1.10821,1.50,2.25
2011.08.30 15:14:23.453,1.10804,1.10814,1.50,3.00
2011.08.30 15:14:23.823,1.10797,1.10811,1.13,1.88
2011.08.30 15:14:23.950,1.10794,1.1081,1.88,1.88
2011.08.30 15:14:24.194,1.10796,1.10812,1.13,1.50
2011.08.30 15:14:24.313,1.10797,1.10813,1.13,1.20
2011.08.30 15:14:24.553,1.10797,1.10813,1.88,1.20
2011.08.30 15:14:25.024,1.10797,1.10815,1.88,3.83
2011.08.30 15:14:26.012,1.108,1.10814,1.13,1.88
2011.08.30 15:14:26.580,1.10801,1.10814,1.50,1.88
2011.08.30 15:14:26.934,1.10801,1.10815,1.50,1.50
2011.08.30 15:14:27.302,1.10799,1.10815,3.00,2.25
2011.08.30 15:14:27.861,1.108,1.10814,1.13,1.88
2011.08.30 15:14:28.472,1.108,1.10815,1.13,2.25
2011.08.30 15:14:28.815,1.10801,1.10814,1.50,1.13
2011.08.30 15:14:29.382,1.108,1.10814,2.63,1.13
2011.08.30 15:14:30.323,1.108,1.10814,1.88,1.88
2011.08.30 15:14:31.540,1.10799,1.10815,1.13,3.08
2011.08.30 15:14:32.072,1.10798,1.10813,2.63,1.13
2011.08.30 15:14:32.671,1.10799,1.10813,1.13,1.88
2011.08.30 15:14:33.241,1.10799,1.10813,1.13,1.13
2011.08.30 15:14:33.843,1.10798,1.10813,1.88,1.50
2011.08.30 15:14:34.357,1.10797,1.10808,1.50,1.13
2011.08.30 15:14:34.727,1.10794,1.10805,2.25,1.50
2011.08.30 15:14:36.095,1.10794,1.10805,1.50,1.50
2011.08.30 15:14:36.444,1.10796,1.10805,1.50,1.50
2011.08.30 15:14:38.610,1.10794,1.10805,1.50,1.88
2011.08.30 15:14:38.962,1.10792,1.10805,3.00,1.88
2011.08.30 15:14:39.206,1.10796,1.10806,1.50,1.50
2011.08.30 15:14:39.457,1.10801,1.10811,1.13,1.50
2011.08.30 15:14:39.586,1.10804,1.10811,1.50,1.50
2011.08.30 15:14:40.063,1.10805,1.10813,1.50,1.50
2011.08.30 15:14:40.696,1.10806,1.10815,1.50,1.50
2011.08.30 15:14:40.840,1.10809,1.10818,1.50,1.50
2011.08.30 15:14:41.556,1.10811,1.10819,1.50,1.50
2011.08.30 15:14:42.169,1.10816,1.10828,1.50,1.50
2011.08.30 15:14:42.298,1.10814,1.10829,1.50,3.08
2011.08.30 15:14:42.901,1.10813,1.10828,2.25,1.50
2011.08.30 15:14:43.502,1.10813,1.10827,1.50,1.50
2011.08.30 15:14:44.323,1.10812,1.10826,1.88,1.13
2011.08.30 15:14:44.448,1.1081,1.10823,2.25,1.13
2011.08.30 15:14:44.812,1.10806,1.1082,1.88,1.13
2011.08.30 15:14:45.272,1.10806,1.1082,2.63,1.13
2011.08.30 15:14:45.850,1.10807,1.10822,1.13,1.13
2011.08.30 15:14:45.972,1.10808,1.10823,1.13,1.50
2011.08.30 15:14:46.553,1.10806,1.10822,1.88,1.13
2011.08.30 15:14:46.898,1.10806,1.10819,1.50,1.13
2011.08.30 15:14:47.381,1.10807,1.10822,1.50,1.13
2011.08.30 15:14:47.831,1.10807,1.10822,1.50,1.50
2011.08.30 15:14:48.291,1.10807,1.10823,1.50,3.00
2011.08.30 15:14:49.041,1.10807,1.10823,1.50,3.00
2011.08.30 15:14:49.162,1.10806,1.10824,2.25,2.25
2011.08.30 15:14:50.366,1.10807,1.10823,2.63,1.50
2011.08.30 15:14:50.800,1.1081,1.10826,1.50,2.33
2011.08.30 15:14:51.700,1.1081,1.10825,1.50,1.13
2011.08.30 15:14:52.363,1.10808,1.10823,2.25,1.50
2011.08.30 15:14:52.602,1.10806,1.10822,1.88,1.88
2011.08.30 15:14:53.872,1.10806,1.10821,1.88,1.50
2011.08.30 15:14:54.881,1.10806,1.10823,1.88,2.25
2011.08.30 15:14:55.452,1.10807,1.10822,1.50,1.13
2011.08.30 15:14:55.571,1.10807,1.10822,2.25,1.13
2011.08.30 15:14:57.285,1.10805,1.10815,1.50,1.50
2011.08.30 15:14:57.406,1.108,1.10815,1.88,1.50
2011.08.30 15:14:57.536,1.108,1.10815,1.13,1.50
2011.08.30 15:14:57.904,1.108,1.10814,1.13,1.50
2011.08.30 15:14:58.137,1.108,1.10815,1.13,1.50
2011.08.30 15:14:58.382,1.10799,1.10814,1.13,1.50
2011.08.30 15:15:00.013,1.10799,1.10814,1.13,2.25
2011.08.30 15:15:00.783,1.10798,1.10813,2.63,1.13
2011.08.30 15:15:01.362,1.10798,1.10813,1.88,1.13
2011.08.30 15:15:01.933,1.10798,1.10814,1.50,3.75
2011.08.30 15:15:02.291,1.10799,1.10814,1.50,3.00
2011.08.30 15:15:02.522,1.10799,1.10814,1.50,3.00
2011.08.30 15:15:03.221,1.10798,1.10815,2.25,1.50
2011.08.30 15:15:03.824,1.10798,1.10813,2.25,1.88
2011.08.30 15:15:04.252,1.10798,1.10813,1.13,1.50
2011.08.30 15:15:04.375,1.10798,1.10814,1.13,1.88
2011.08.30 15:15:04.932,1.10799,1.10814,1.50,1.88
2011.08.30 15:15:05.183,1.10803,1.10817,1.13,1.50
2011.08.30 15:15:05.549,1.10807,1.10818,1.13,1.50
2011.08.30 15:15:05.675,1.10808,1.10821,1.50,1.88
2011.08.30 15:15:06.044,1.10808,1.10821,1.50,2.63
2011.08.30 15:15:07.420,1.1081,1.10825,1.13,1.88
2011.08.30 15:15:08.024,1.10812,1.10825,1.50,1.13
2011.08.30 15:15:11.065,1.10816,1.10826,1.50,1.50
2011.08.30 15:15:11.303,1.10818,1.10832,1.13,1.95
2011.08.30 15:15:11.544,1.10818,1.10832,1.13,1.13
2011.08.30 15:15:11.906,1.10816,1.10832,2.25,2.33
2011.08.30 15:15:12.415,1.1081,1.10824,1.50,1.13
2011.08.30 15:15:12.552,1.10809,1.10823,1.88,1.88
2011.08.30 15:15:13.141,1.10809,1.10823,1.88,1.13
2011.08.30 15:15:14.033,1.10811,1.10826,2.25,1.50
2011.08.30 15:15:14.155,1.10813,1.10828,1.50,1.58
2011.08.30 15:15:14.287,1.10814,1.10829,1.50,1.58
2011.08.30 15:15:14.986,1.10814,1.10829,1.13,1.50
2011.08.30 15:15:16.643,1.10815,1.10829,2.25,1.50
2011.08.30 15:15:16.765,1.10814,1.10829,1.50,2.25
2011.08.30 15:15:17.354,1.10814,1.10827,1.50,1.50
2011.08.30 15:15:17.704,1.10816,1.10826,2.25,1.50
2011.08.30 15:15:17.825,1.10816,1.10828,2.25,1.50
2011.08.30 15:15:18.240,1.1082,1.10832,1.50,1.50
2011.08.30 15:15:18.370,1.10822,1.10836,2.25,2.25
2011.08.30 15:15:18.494,1.10826,1.10838,1.13,1.58
2011.08.30 15:15:18.736,1.10824,1.10838,1.50,1.58
2011.08.30 15:15:18.862,1.10822,1.10839,3.00,1.58
2011.08.30 15:15:19.222,1.10822,1.1084,3.00,3.83
2011.08.30 15:15:19.685,1.10824,1.1084,1.13,1.58
2011.08.30 15:15:19.803,1.1082,1.10837,1.50,1.50
2011.08.30 15:15:20.141,1.1082,1.10834,1.50,1.50
2011.08.30 15:15:20.370,1.1082,1.10834,2.25,1.50
2011.08.30 15:15:20.892,1.1082,1.10834,1.13,1.50
2011.08.30 15:15:21.496,1.10821,1.10834,1.13,1.50
2011.08.30 15:15:22.094,1.10822,1.10836,1.13,1.50
2011.08.30 15:15:22.434,1.10822,1.10837,3.75,1.58
2011.08.30 15:15:22.783,1.10823,1.10839,2.25,2.46
2011.08.30 15:15:23.429,1.10823,1.10838,1.13,2.08
2011.08.30 15:15:24.802,1.10822,1.10838,1.13,2.83
2011.08.30 15:15:26.744,1.10823,1.10838,3.00,2.46
2011.08.30 15:15:27.351,1.10821,1.10837,1.13,2.16
2011.08.30 15:15:27.933,1.10822,1.10837,1.88,1.41
2011.08.30 15:15:28.392,1.10825,1.10839,1.13,2.91
2011.08.30 15:15:29.991,1.10826,1.10839,1.50,1.03
2011.08.30 15:15:30.599,1.10826,1.10842,1.13,1.95
2011.08.30 15:15:30.724,1.10826,1.10842,1.13,1.20
2011.08.30 15:15:33.075,1.10826,1.10842,1.50,3.08
2011.08.30 15:15:33.434,1.10823,1.1084,3.75,3.00
2011.08.30 15:15:33.553,1.10823,1.1084,3.00,3.00
2011.08.30 15:15:33.913,1.10823,1.1084,1.50,3.00
2011.08.30 15:15:34.574,1.10823,1.10838,1.50,1.13
2011.08.30 15:15:34.695,1.10822,1.10836,1.50,1.88
2011.08.30 15:15:34.815,1.1082,1.10833,1.88,1.50
2011.08.30 15:15:35.052,1.10817,1.10831,1.13,1.88
2011.08.30 15:15:35.176,1.10817,1.10831,1.13,2.63
2011.08.30 15:15:35.652,1.10817,1.1083,1.13,1.13
2011.08.30 15:15:35.896,1.10815,1.10829,1.50,2.63
2011.08.30 15:15:36.144,1.10814,1.10828,1.88,2.63
2011.08.30 15:15:36.263,1.10814,1.10827,1.13,1.50
2011.08.30 15:15:36.875,1.10814,1.10827,1.13,1.50
2011.08.30 15:15:37.352,1.10815,1.10827,1.50,1.88
2011.08.30 15:15:37.475,1.10814,1.10826,1.50,2.25
2011.08.30 15:15:38.071,1.10815,1.10827,1.13,1.50
2011.08.30 15:15:39.003,1.10815,1.10825,1.13,1.50
2011.08.30 15:15:39.792,1.10815,1.10826,1.13,1.57
2011.08.30 15:15:39.913,1.10812,1.10824,1.50,1.13
2011.08.30 15:15:40.393,1.10808,1.10818,1.13,1.50
2011.08.30 15:15:40.521,1.1081,1.10821,1.50,1.50
2011.08.30 15:15:41.002,1.10811,1.10826,1.88,1.13
2011.08.30 15:15:41.124,1.10808,1.10826,2.25,2.25
2011.08.30 15:15:41.932,1.1081,1.10826,2.25,1.50
2011.08.30 15:15:42.283,1.1081,1.10824,1.13,1.13
2011.08.30 15:15:42.753,1.1081,1.10824,1.13,2.70
2011.08.30 15:15:43.307,1.10808,1.10822,1.13,1.58
2011.08.30 15:15:43.657,1.1081,1.10824,1.50,1.95
2011.08.30 15:15:44.021,1.1081,1.10825,1.50,1.20
2011.08.30 15:15:44.508,1.10813,1.10827,1.88,1.58
2011.08.30 15:15:44.641,1.10814,1.10828,1.50,1.58
2011.08.30 15:15:44.885,1.10813,1.10828,1.13,1.50
2011.08.30 15:15:45.243,1.10812,1.10826,1.13,1.13
2011.08.30 15:15:45.923,1.10812,1.10825,1.13,1.50
2011.08.30 15:15:46.283,1.1081,1.10825,1.50,3.75
2011.08.30 15:15:46.538,1.10804,1.10817,1.50,1.20
2011.08.30 15:15:46.667,1.10803,1.10817,1.13,1.20
2011.08.30 15:15:47.272,1.10802,1.10816,1.13,1.58
2011.08.30 15:15:47.744,1.10803,1.10818,1.88,1.13
2011.08.30 15:15:48.595,1.10804,1.1082,1.88,1.13
2011.08.30 15:15:48.834,1.10804,1.10819,1.13,2.25
2011.08.30 15:15:49.313,1.10804,1.10819,1.13,1.50
2011.08.30 15:15:49.551,1.1081,1.10824,1.13,1.50
2011.08.30 15:15:49.913,1.10811,1.10826,1.88,1.13
2011.08.30 15:15:50.267,1.1081,1.10826,1.88,1.50
2011.08.30 15:15:50.515,1.10808,1.10824,1.50,1.13
2011.08.30 15:15:50.741,1.10809,1.10824,1.13,1.13
2011.08.30 15:15:51.572,1.10806,1.1082,2.63,1.13
2011.08.30 15:15:51.943,1.10804,1.10819,3.00,1.50
2011.08.30 15:15:52.541,1.10804,1.10819,1.50,1.50
2011.08.30 15:15:53.353,1.10804,1.10819,1.13,1.88
2011.08.30 15:15:54.272,1.10803,1.10819,1.13,1.88
2011.08.30 15:15:54.830,1.10802,1.10819,1.13,2.70
2011.08.30 15:15:55.194,1.10802,1.10816,1.50,1.88
2011.08.30 15:15:55.795,1.10799,1.10815,1.50,1.13
2011.08.30 15:15:56.393,1.10801,1.10816,1.13,1.58
2011.08.30 15:15:56.758,1.10799,1.10813,1.13,1.88
2011.08.30 15:15:57.115,1.108,1.10813,1.50,1.88
2011.08.30 15:15:57.703,1.10799,1.10813,1.13,1.88
2011.08.30 15:15:58.063,1.10798,1.10812,1.50,1.50
2011.08.30 15:15:58.924,1.10798,1.10812,1.50,1.13
2011.08.30 15:15:59.407,1.108,1.10814,1.13,1.88
2011.08.30 15:15:59.542,1.108,1.10814,1.88,1.88
2011.08.30 15:16:00.131,1.108,1.10814,2.25,1.88
2011.08.30 15:16:00.374,1.10802,1.10816,1.50,1.13
2011.08.30 15:16:00.495,1.10805,1.10819,1.13,1.20
2011.08.30 15:16:00.616,1.10806,1.1082,1.50,1.13
2011.08.30 15:16:01.511,1.10806,1.10821,1.88,1.13
2011.08.30 15:16:01.640,1.10807,1.10824,1.13,1.58
2011.08.30 15:16:02.005,1.10813,1.10824,1.50,1.13
2011.08.30 15:16:02.891,1.10811,1.10824,1.50,1.13
2011.08.30 15:16:03.018,1.10812,1.10827,1.13,1.95
2011.08.30 15:16:03.625,1.10813,1.10827,1.50,1.58
2011.08.30 15:16:04.204,1.10812,1.10827,1.50,1.58
2011.08.30 15:16:04.445,1.10812,1.10827,1.50,3.08
2011.08.30 15:16:05.397,1.10807,1.10822,1.13,1.50
2011.08.30 15:16:05.765,1.1081,1.10824,1.50,1.58
2011.08.30 15:16:06.341,1.10809,1.10826,2.25,2.25
2011.08.30 15:16:07.088,1.10809,1.10824,2.25,1.50
2011.08.30 15:16:07.217,1.10808,1.10822,1.50,1.13
2011.08.30 15:16:07.811,1.10809,1.10824,1.88,1.50
2011.08.30 15:16:07.933,1.1081,1.10826,1.13,1.88
2011.08.30 15:16:08.513,1.1081,1.10826,1.13,1.88
2011.08.30 15:16:09.787,1.10812,1.10826,2.25,1.50
2011.08.30 15:16:10.935,1.10812,1.10826,1.88,1.50
2011.08.30 15:16:13.002,1.1081,1.10826,1.50,1.50
2011.08.30 15:16:13.848,1.1081,1.10826,1.50,1.50
2011.08.30 15:16:14.204,1.1081,1.10823,1.50,1.50
2011.08.30 15:16:15.735,1.10808,1.10825,2.25,2.63
2011.08.30 15:16:16.322,1.10806,1.10822,2.25,1.50
2011.08.30 15:16:17.233,1.10808,1.10823,1.50,1.58
2011.08.30 15:16:17.813,1.10808,1.10823,1.13,1.58
2011.08.30 15:16:18.735,1.10807,1.10821,1.13,1.13
2011.08.30 15:16:19.093,1.10804,1.10819,1.50,1.50
2011.08.30 15:16:20.032,1.10804,1.1082,1.50,2.33
2011.08.30 15:16:20.503,1.10803,1.10818,1.13,1.50
2011.08.30 15:16:20.823,1.10801,1.10812,2.25,1.50
2011.08.30 15:16:21.196,1.108,1.10812,1.88,1.50
2011.08.30 15:16:21.682,1.108,1.10814,1.88,1.50
2011.08.30 15:16:22.043,1.108,1.10814,2.25,1.50
2011.08.30 15:16:22.273,1.108,1.10815,2.25,1.50
2011.08.30 15:16:22.843,1.10802,1.10818,1.50,2.70
2011.08.30 15:16:22.965,1.10802,1.10817,1.50,1.58
2011.08.30 15:16:23.084,1.10802,1.10817,1.50,1.58
2011.08.30 15:16:23.324,1.10803,1.1082,1.50,3.08
2011.08.30 15:16:24.062,1.10803,1.1082,1.13,2.70
2011.08.30 15:16:24.641,1.108,1.10818,3.75,1.50
2011.08.30 15:16:25.241,1.10803,1.10819,2.25,2.33
2011.08.30 15:16:25.472,1.10804,1.1082,1.13,2.33
2011.08.30 15:16:25.822,1.10803,1.10818,1.50,1.50
2011.08.30 15:16:26.282,1.10806,1.1082,1.13,1.58
2011.08.30 15:16:26.853,1.10804,1.10818,1.50,1.50
2011.08.30 15:16:27.219,1.10803,1.10817,1.50,1.50
2011.08.30 15:16:27.683,1.10805,1.10817,1.13,1.13
2011.08.30 15:16:27.808,1.10803,1.1082,1.50,1.95
2011.08.30 15:16:28.046,1.10806,1.1082,1.13,1.20
2011.08.30 15:16:28.177,1.10806,1.10821,1.13,1.20
2011.08.30 15:16:28.655,1.10803,1.10821,2.25,1.58
2011.08.30 15:16:29.125,1.10803,1.10821,3.00,1.58
2011.08.30 15:16:30.172,1.10803,1.1082,2.25,1.50
2011.08.30 15:16:30.593,1.10802,1.10817,2.63,1.50
2011.08.30 15:16:30.714,1.10802,1.10815,1.13,1.50
2011.08.30 15:16:31.182,1.108,1.10815,2.25,1.50
2011.08.30 15:16:31.872,1.10802,1.10818,1.13,1.50
2011.08.30 15:16:32.223,1.108,1.10816,3.75,1.58
2011.08.30 15:16:32.811,1.108,1.10816,3.38,1.58
2011.08.30 15:16:33.054,1.10798,1.10812,1.50,1.50
2011.08.30 15:16:33.793,1.10798,1.10812,1.50,2.25
2011.08.30 15:16:33.926,1.10795,1.10809,2.25,1.50
2011.08.30 15:16:34.167,1.10795,1.10808,1.13,1.50
2011.08.30 15:16:34.305,1.10793,1.10808,1.13,2.25
2011.08.30 15:16:34.786,1.10789,1.10802,1.50,1.50
2011.08.30 15:16:35.038,1.10789,1.10804,1.88,2.70
2011.08.30 15:16:36.764,1.10789,1.10804,1.13,1.58
2011.08.30 15:16:36.885,1.1079,1.10804,1.50,1.58
2011.08.30 15:16:37.007,1.10789,1.10805,1.13,1.20
2011.08.30 15:16:37.253,1.10793,1.10806,1.50,1.20
2011.08.30 15:16:37.374,1.10791,1.10806,1.13,1.95
2011.08.30 15:16:37.493,1.10789,1.10805,1.50,1.80
2011.08.30 15:16:37.737,1.10787,1.10804,1.88,2.70
2011.08.30 15:16:38.312,1.10787,1.10803,1.88,1.20
2011.08.30 15:16:38.981,1.10787,1.10802,1.88,1.13
2011.08.30 15:16:40.297,1.10787,1.10804,1.88,3.45
2011.08.30 15:16:40.423,1.10788,1.10804,1.50,3.08
2011.08.30 15:16:40.787,1.1079,1.10806,1.88,1.95
2011.08.30 15:16:41.372,1.1079,1.10806,1.88,1.20
2011.08.30 15:16:41.941,1.1079,1.10805,1.88,1.35
2011.08.30 15:16:43.045,1.10791,1.10807,1.13,4.05
2011.08.30 15:16:43.171,1.10794,1.10807,1.13,1.35
2011.08.30 15:16:44.003,1.10792,1.10807,1.50,1.35
2011.08.30 15:16:44.245,1.10788,1.10802,2.25,1.50
2011.08.30 15:16:44.367,1.10788,1.10802,1.50,1.50
2011.08.30 15:16:44.496,1.10786,1.10801,1.13,1.50
2011.08.30 15:16:45.773,1.10786,1.10799,1.13,1.50
2011.08.30 15:16:45.895,1.10784,1.10798,1.13,2.55
2011.08.30 15:16:46.184,1.10782,1.10798,1.50,2.55
2011.08.30 15:16:46.312,1.10784,1.10798,1.13,1.80
2011.08.30 15:16:47.472,1.10781,1.10797,2.25,1.58
2011.08.30 15:16:48.072,1.10779,1.10796,1.50,1.58
2011.08.30 15:16:48.653,1.10779,1.10796,3.75,1.58
2011.08.30 15:16:50.297,1.1078,1.10798,1.50,3.30
2011.08.30 15:16:50.938,1.10779,1.10796,3.75,1.50
2011.08.30 15:16:52.072,1.10781,1.10796,2.25,1.50
2011.08.30 15:16:52.434,1.10782,1.10796,1.50,1.50
2011.08.30 15:16:52.772,1.10783,1.10799,1.50,2.25
2011.08.30 15:16:53.012,1.10783,1.10797,1.50,1.50
2011.08.30 15:16:53.829,1.1079,1.10804,1.13,2.93
2011.08.30 15:16:53.954,1.10792,1.10806,1.13,2.33
2011.08.30 15:16:54.080,1.10793,1.10809,1.13,3.30
2011.08.30 15:16:54.592,1.10792,1.10807,1.88,1.35
2011.08.30 15:16:54.955,1.10791,1.10807,1.13,2.48
2011.08.30 15:16:55.074,1.10791,1.10807,2.63,1.73
2011.08.30 15:16:55.424,1.10791,1.10805,1.50,1.50
2011.08.30 15:16:55.787,1.10785,1.10802,2.63,1.50
2011.08.30 15:16:56.153,1.10787,1.10803,2.63,1.13
2011.08.30 15:16:56.272,1.10787,1.10804,2.63,1.80
2011.08.30 15:16:56.612,1.10787,1.10803,1.13,1.20
2011.08.30 15:16:57.063,1.10786,1.10802,1.13,1.13
2011.08.30 15:16:57.741,1.10785,1.10801,1.13,1.58
2011.08.30 15:16:58.250,1.10784,1.108,3.00,1.20
2011.08.30 15:16:58.854,1.10786,1.108,1.13,1.20
2011.08.30 15:16:59.215,1.10782,1.10793,1.50,1.50
2011.08.30 15:16:59.454,1.1078,1.10793,1.50,1.50
2011.08.30 15:16:59.916,1.10779,1.10795,1.88,1.13
2011.08.30 15:17:00.045,1.10784,1.10796,1.50,1.50
2011.08.30 15:17:00.170,1.10787,1.10801,1.88,1.58
2011.08.30 15:17:00.417,1.10787,1.10803,1.88,1.73
2011.08.30 15:17:00.978,1.10787,1.10803,2.63,1.13
2011.08.30 15:17:01.228,1.10789,1.10803,1.50,1.13
2011.08.30 15:17:01.476,1.10789,1.10804,1.13,1.73
2011.08.30 15:17:02.087,1.10787,1.10802,1.50,2.25
2011.08.30 15:17:02.462,1.10786,1.108,1.13,1.88
2011.08.30 15:17:02.590,1.10784,1.10799,1.50,1.50
2011.08.30 15:17:02.953,1.10781,1.10798,2.63,1.58
2011.08.30 15:17:04.003,1.10781,1.10798,2.25,1.58
2011.08.30 15:17:05.024,1.10781,1.10798,2.25,2.33
2011.08.30 15:17:06.274,1.10781,1.10795,2.25,1.13
2011.08.30 15:17:06.395,1.10779,1.10794,1.88,1.50
2011.08.30 15:17:06.513,1.10779,1.10794,1.88,1.50
2011.08.30 15:17:06.632,1.10778,1.10794,1.13,2.25
2011.08.30 15:17:07.244,1.10777,1.10785,1.13,1.35
2011.08.30 15:17:07.379,1.10764,1.10778,1.88,1.13
2011.08.30 15:17:07.626,1.10763,1.10778,1.88,1.13
2011.08.30 15:17:08.215,1.10764,1.10779,1.13,1.88
2011.08.30 15:17:09.572,1.10765,1.10779,1.13,1.13
2011.08.30 15:17:10.518,1.10765,1.1078,1.13,1.50
2011.08.30 15:17:11.007,1.10764,1.10778,1.88,1.13
2011.08.30 15:17:11.372,1.10761,1.10776,1.50,1.50
2011.08.30 15:17:11.721,1.10763,1.10777,1.13,1.50
2011.08.30 15:17:12.281,1.10762,1.10777,1.13,1.50
2011.08.30 15:17:12.404,1.10761,1.10776,1.13,1.35
2011.08.30 15:17:12.991,1.1076,1.10775,1.88,1.13
2011.08.30 15:17:14.251,1.10758,1.1077,1.50,1.50
2011.08.30 15:17:14.391,1.10755,1.10769,1.13,1.50
2011.08.30 15:17:14.527,1.10753,1.10768,1.88,1.13
2011.08.30 15:17:15.492,1.10753,1.10769,1.13,2.55
2011.08.30 15:17:15.617,1.10756,1.1077,2.25,2.33
2011.08.30 15:17:15.990,1.10765,1.10775,1.50,2.10
2011.08.30 15:17:16.602,1.10767,1.10778,1.50,1.35
2011.08.30 15:17:18.492,1.10769,1.1078,1.50,3.68
2011.08.30 15:17:18.737,1.10768,1.10781,1.50,1.20
2011.08.30 15:17:18.863,1.10768,1.10783,1.50,2.33
2011.08.30 15:17:19.453,1.10766,1.10781,1.50,1.13
2011.08.30 15:17:20.532,1.10767,1.10778,5.25,1.58
2011.08.30 15:17:20.670,1.10765,1.10778,1.50,2.55
2011.08.30 15:17:20.916,1.10762,1.10775,1.88,1.11
2011.08.30 15:17:21.496,1.10761,1.10776,1.13,1.95
2011.08.30 15:17:21.615,1.10762,1.10776,4.88,1.13
2011.08.30 15:17:21.858,1.10766,1.10783,1.50,1.95
2011.08.30 15:17:22.544,1.10766,1.10783,1.50,1.95
2011.08.30 15:17:24.154,1.10765,1.10782,2.25,1.58
2011.08.30 15:17:24.383,1.10767,1.10783,1.50,1.95
2011.08.30 15:17:25.193,1.10767,1.10783,1.50,1.13
2011.08.30 15:17:25.770,1.10769,1.10783,1.13,1.13
2011.08.30 15:17:25.890,1.10769,1.10785,1.13,1.20
2011.08.30 15:17:26.243,1.10771,1.10786,1.50,3.83
2011.08.30 15:17:26.701,1.1077,1.10786,1.50,1.50
2011.08.30 15:17:27.312,1.1077,1.10786,1.50,1.88
2011.08.30 15:17:28.214,1.1077,1.10786,2.25,1.50
2011.08.30 15:17:28.456,1.10772,1.10787,1.13,1.43
2011.08.30 15:17:28.577,1.10775,1.10787,1.13,1.43
2011.08.30 15:17:28.824,1.10775,1.10791,1.88,1.58
2011.08.30 15:17:28.945,1.10776,1.10793,1.50,2.33
2011.08.30 15:17:29.064,1.10778,1.10793,1.13,1.58
2011.08.30 15:17:29.185,1.10778,1.10794,1.13,2.70
2011.08.30 15:17:29.995,1.1078,1.10794,1.88,1.50
2011.08.30 15:17:30.433,1.10781,1.10796,1.50,1.43
2011.08.30 15:17:30.561,1.10781,1.10797,1.88,1.05
2011.08.30 15:17:30.808,1.10781,1.10795,1.50,1.58
2011.08.30 15:17:31.178,1.10777,1.10792,1.50,1.88
2011.08.30 15:17:31.305,1.10778,1.10794,1.50,1.58
2011.08.30 15:17:32.162,1.10777,1.10791,1.50,1.50
2011.08.30 15:17:32.283,1.10775,1.10789,1.13,1.13
2011.08.30 15:17:33.142,1.10774,1.10789,1.13,1.13
2011.08.30 15:17:33.284,1.10771,1.10786,1.13,1.13
2011.08.30 15:17:33.871,1.10769,1.10785,1.88,1.95
2011.08.30 15:17:34.451,1.1077,1.10785,1.50,1.20
2011.08.30 15:17:35.350,1.10772,1.10786,1.13,1.73
2011.08.30 15:17:35.920,1.10772,1.10786,1.13,1.35
2011.08.30 15:17:37.974,1.10767,1.1078,1.50,1.50
2011.08.30 15:17:38.216,1.10765,1.10779,1.13,1.50
2011.08.30 15:17:38.573,1.10765,1.10781,1.13,1.88
2011.08.30 15:17:38.692,1.10765,1.10778,1.13,1.50
2011.08.30 15:17:38.811,1.10765,1.10781,1.13,2.63
2011.08.30 15:17:40.331,1.10765,1.10781,1.88,1.88
2011.08.30 15:17:40.894,1.10769,1.10784,2.63,3.08
2011.08.30 15:17:41.137,1.10773,1.10785,1.88,1.50
2011.08.30 15:17:41.503,1.10776,1.10791,1.50,1.50
2011.08.30 15:17:41.632,1.10775,1.10791,1.13,1.88
2011.08.30 15:17:41.982,1.10774,1.10791,1.13,2.63
2011.08.30 15:17:42.560,1.10773,1.10789,1.50,1.50
2011.08.30 15:17:43.478,1.1078,1.10794,1.13,3.45
2011.08.30 15:17:43.728,1.10781,1.10797,1.13,3.30
2011.08.30 15:17:44.312,1.10781,1.10797,1.13,1.80
2011.08.30 15:17:44.764,1.10778,1.10795,2.25,1.58
2011.08.30 15:17:45.298,1.10778,1.10794,2.25,1.50
2011.08.30 15:17:45.669,1.10777,1.10792,1.13,1.13
2011.08.30 15:17:46.037,1.10776,1.1079,1.50,1.50
2011.08.30 15:17:46.170,1.10772,1.10789,1.88,1.13
2011.08.30 15:17:47.143,1.10768,1.10776,2.85,2.25
2011.08.30 15:17:47.398,1.10764,1.10778,1.13,1.58
2011.08.30 15:17:47.528,1.10764,1.10779,1.13,1.58
2011.08.30 15:17:47.653,1.10764,1.10779,1.50,1.58
2011.08.30 15:17:48.568,1.10766,1.10782,1.13,1.95
2011.08.30 15:17:49.247,1.10766,1.10782,1.50,1.20
2011.08.30 15:17:50.108,1.10769,1.10785,1.13,1.95
2011.08.30 15:17:50.351,1.1077,1.10786,1.13,1.95
2011.08.30 15:17:50.474,1.1077,1.10786,1.13,2.70
2011.08.30 15:17:50.594,1.10768,1.10785,1.88,2.33
2011.08.30 15:17:50.715,1.10767,1.1078,1.13,2.25
2011.08.30 15:17:51.629,1.10766,1.1078,3.00,2.25
2011.08.30 15:17:52.113,1.10771,1.10785,1.50,1.58
2011.08.30 15:17:52.244,1.10774,1.10788,1.13,1.95
2011.08.30 15:17:52.833,1.10773,1.10788,1.13,1.13
2011.08.30 15:17:53.183,1.10773,1.10789,1.50,1.50
2011.08.30 15:17:53.531,1.10773,1.1079,2.25,1.95
2011.08.30 15:17:54.235,1.10777,1.1079,1.13,1.50
2011.08.30 15:17:56.201,1.10777,1.1079,1.88,1.50
2011.08.30 15:17:56.673,1.10776,1.1079,1.50,1.50
2011.08.30 15:17:57.021,1.10774,1.10786,1.73,1.50
2011.08.30 15:17:57.610,1.10774,1.10786,1.73,1.50
2011.08.30 15:17:58.186,1.10773,1.10785,1.50,2.25
2011.08.30 15:17:58.435,1.10768,1.10782,1.50,1.13
2011.08.30 15:17:58.821,1.10766,1.10782,1.88,1.13
2011.08.30 15:17:59.391,1.10766,1.10782,2.63,1.13
2011.08.30 15:18:00.062,1.10767,1.10784,1.13,1.88
2011.08.30 15:18:00.182,1.10768,1.10784,1.13,1.88
2011.08.30 15:18:00.685,1.10768,1.10784,1.88,1.13
2011.08.30 15:18:00.804,1.1077,1.10785,1.88,1.43
2011.08.30 15:18:01.396,1.10774,1.10786,2.25,1.50
2011.08.30 15:18:01.524,1.10772,1.10786,1.50,1.50
2011.08.30 15:18:01.645,1.10773,1.10786,1.50,2.25
2011.08.30 15:18:01.765,1.1077,1.10786,1.88,2.85
2011.08.30 15:18:01.887,1.1077,1.10784,1.50,1.13
2011.08.30 15:18:02.334,1.10767,1.10783,1.13,1.20
2011.08.30 15:18:02.578,1.10766,1.10783,1.88,1.58
2011.08.30 15:18:03.183,1.10766,1.1078,1.13,1.20
2011.08.30 15:18:03.533,1.10763,1.1078,2.25,3.45
2011.08.30 15:18:03.773,1.10763,1.1078,1.88,3.45
2011.08.30 15:18:04.692,1.10764,1.1078,1.13,1.20
2011.08.30 15:18:05.027,1.10765,1.10781,1.13,1.95
2011.08.30 15:18:08.908,1.10767,1.10782,1.50,1.58
2011.08.30 15:18:09.499,1.10769,1.10784,1.13,1.58
2011.08.30 15:18:10.193,1.10766,1.10782,1.88,1.13
2011.08.30 15:18:10.437,1.10766,1.10782,1.13,1.88
2011.08.30 15:18:10.567,1.10765,1.10781,1.88,1.50
2011.08.30 15:18:11.461,1.10766,1.10781,1.13,1.58
2011.08.30 15:18:12.463,1.10763,1.10779,1.50,1.50
2011.08.30 15:18:13.712,1.10765,1.10781,1.13,2.70
2011.08.30 15:18:14.271,1.10765,1.10782,1.88,1.95
2011.08.30 15:18:14.613,1.10765,1.10781,1.50,1.58
2011.08.30 15:18:15.724,1.1077,1.10781,3.00,1.58
2011.08.30 15:18:16.093,1.10778,1.1079,1.50,1.35
2011.08.30 15:18:16.219,1.10778,1.10792,1.50,1.20
2011.08.30 15:18:16.773,1.10778,1.10793,1.50,1.50
2011.08.30 15:18:16.903,1.1078,1.10796,1.13,1.20
2011.08.30 15:18:17.471,1.1078,1.10796,1.13,2.70
2011.08.30 15:18:17.592,1.10779,1.10793,1.13,1.50
2011.08.30 15:18:17.713,1.10779,1.10794,1.50,1.58
2011.08.30 15:18:18.293,1.10781,1.10796,1.13,1.58
2011.08.30 15:18:18.886,1.10776,1.10791,1.13,2.25
2011.08.30 15:18:19.483,1.10776,1.10792,1.13,1.20
2011.08.30 15:18:19.607,1.10777,1.10794,3.38,2.33
2011.08.30 15:18:19.736,1.1078,1.10796,2.25,1.95
2011.08.30 15:18:20.502,1.10779,1.10796,1.50,2.70
2011.08.30 15:18:20.853,1.10782,1.10798,1.88,1.20
2011.08.30 15:18:21.216,1.10784,1.10799,1.50,1.58
2011.08.30 15:18:21.812,1.10783,1.10798,1.13,1.20
2011.08.30 15:18:22.413,1.10781,1.10798,1.50,1.95
2011.08.30 15:18:23.118,1.10782,1.10798,1.50,1.58
2011.08.30 15:18:23.728,1.10782,1.10796,1.13,1.13
2011.08.30 15:18:23.963,1.1078,1.10796,2.25,1.95
2011.08.30 15:18:24.991,1.10778,1.10793,2.85,1.50
2011.08.30 15:18:27.323,1.10777,1.10795,1.50,2.33
2011.08.30 15:18:28.803,1.10776,1.10793,2.25,1.50
2011.08.30 15:18:29.403,1.10778,1.10794,1.50,1.95
2011.08.30 15:18:30.001,1.10779,1.10794,1.13,1.13
2011.08.30 15:18:30.342,1.10778,1.10793,1.50,1.50
2011.08.30 15:18:30.828,1.10775,1.10788,1.13,1.50
2011.08.30 15:18:31.644,1.10775,1.10789,2.25,1.50
2011.08.30 15:18:31.765,1.10776,1.10792,1.50,1.13
2011.08.30 15:18:31.884,1.10775,1.1079,1.50,1.58
2011.08.30 15:18:32.453,1.10773,1.10789,3.75,1.50
2011.08.30 15:18:32.801,1.10773,1.10786,3.75,1.50
2011.08.30 15:18:33.511,1.10773,1.10786,1.50,1.50
2011.08.30 15:18:34.538,1.10774,1.10786,1.13,1.50
2011.08.30 15:18:35.236,1.10774,1.10787,1.13,1.50
2011.08.30 15:18:35.831,1.10774,1.10787,2.25,1.50
2011.08.30 15:18:36.884,1.10776,1.10789,1.13,1.50
2011.08.30 15:18:37.005,1.10776,1.1079,1.13,1.50
2011.08.30 15:18:37.124,1.10774,1.10787,1.50,1.73
2011.08.30 15:18:37.243,1.10772,1.10786,1.13,1.73
2011.08.30 15:18:37.366,1.10772,1.10786,1.50,1.35
2011.08.30 15:18:37.872,1.10771,1.10787,1.13,1.88
2011.08.30 15:18:38.475,1.10771,1.10787,1.13,1.95
2011.08.30 15:18:39.291,1.1077,1.10786,1.50,1.50
2011.08.30 15:18:39.538,1.10769,1.10783,1.13,1.13
2011.08.30 15:18:39.784,1.10768,1.10782,1.50,1.50
2011.08.30 15:18:39.912,1.10764,1.10777,2.25,1.13
2011.08.30 15:18:40.039,1.10764,1.10775,1.50,1.50
2011.08.30 15:18:40.403,1.1076,1.10776,1.13,1.73
2011.08.30 15:18:40.646,1.10762,1.10777,1.50,1.20
2011.08.30 15:18:40.883,1.1076,1.10774,1.13,1.50
2011.08.30 15:18:43.142,1.10755,1.1077,2.63,1.50
2011.08.30 15:18:43.267,1.10755,1.10769,1.13,1.13
2011.08.30 15:18:44.742,1.10756,1.10772,1.88,1.20
2011.08.30 15:18:44.866,1.10757,1.10773,1.50,1.95
2011.08.30 15:18:47.187,1.10757,1.10774,2.25,3.08
2011.08.30 15:18:47.432,1.10756,1.10772,1.50,1.20
2011.08.30 15:18:48.005,1.10755,1.10772,1.88,1.95
2011.08.30 15:18:48.586,1.10755,1.10772,1.50,2.33
2011.08.30 15:18:49.050,1.10756,1.10772,1.13,1.95
2011.08.30 15:18:51.131,1.10757,1.10772,1.50,1.20
2011.08.30 15:18:59.671,1.10757,1.10773,1.88,1.20
2011.08.30 15:19:00.401,1.10757,1.10773,1.88,1.58
2011.08.30 15:19:02.586,1.10758,1.10774,1.13,1.95
2011.08.30 15:19:03.527,1.10758,1.10775,3.75,2.33
2011.08.30 15:19:03.663,1.10763,1.10778,1.13,2.33
2011.08.30 15:19:03.791,1.10764,1.10779,1.50,2.70
2011.08.30 15:19:05.394,1.10766,1.10778,1.50,1.58
2011.08.30 15:19:05.843,1.10765,1.10778,1.13,1.58
2011.08.30 15:19:06.412,1.10763,1.10777,1.50,2.18
2011.08.30 15:19:06.531,1.1076,1.10776,3.00,1.50
2011.08.30 15:19:06.881,1.1076,1.10776,1.50,2.25
2011.08.30 15:19:07.004,1.10758,1.1077,3.75,1.13
2011.08.30 15:19:07.372,1.10749,1.1076,1.13,1.50
2011.08.30 15:19:07.501,1.10747,1.10761,2.63,1.88
2011.08.30 15:19:08.159,1.10743,1.1076,1.50,2.25
2011.08.30 15:19:08.408,1.10745,1.10761,1.50,1.13
2011.08.30 15:19:08.783,1.10749,1.10764,1.13,2.93
2011.08.30 15:19:09.148,1.10753,1.10764,1.13,2.10
2011.08.30 15:19:09.743,1.10753,1.10766,1.13,2.18
2011.08.30 15:19:10.453,1.10751,1.10766,1.50,2.18
2011.08.30 15:19:11.283,1.10753,1.10768,1.13,1.80
2011.08.30 15:19:14.793,1.10753,1.10767,1.13,1.20
2011.08.30 15:19:15.031,1.10755,1.10769,1.13,1.95
2011.08.30 15:19:15.711,1.10755,1.10769,1.13,1.58
2011.08.30 15:19:15.952,1.10756,1.10772,1.13,1.95
2011.08.30 15:19:16.073,1.10756,1.10772,1.88,1.20
2011.08.30 15:19:17.051,1.10756,1.10771,1.13,1.58
2011.08.30 15:19:18.281,1.10757,1.10771,1.13,1.58
2011.08.30 15:19:19.513,1.10757,1.10771,1.13,2.70
2011.08.30 15:19:19.963,1.10754,1.1077,2.85,2.25
2011.08.30 15:19:20.312,1.10754,1.10768,2.10,1.50
2011.08.30 15:19:20.554,1.10758,1.10772,1.13,1.58
2011.08.30 15:19:21.058,1.10758,1.10774,1.13,2.70
2011.08.30 15:19:21.522,1.10758,1.10774,1.50,1.95
2011.08.30 15:19:22.232,1.1076,1.10774,1.13,1.95
2011.08.30 15:19:23.457,1.1076,1.10776,1.50,3.08
2011.08.30 15:19:23.828,1.10767,1.10782,1.13,3.38
2011.08.30 15:19:23.957,1.10768,1.10783,1.13,1.95
2011.08.30 15:19:24.537,1.10769,1.10785,1.13,1.20
2011.08.30 15:19:25.614,1.10767,1.10784,2.25,2.25
2011.08.30 15:19:25.732,1.10768,1.10784,1.13,1.50
2011.08.30 15:19:25.961,1.10767,1.10783,1.50,1.50
2011.08.30 15:19:26.083,1.10768,1.10785,1.13,2.70
2011.08.30 15:19:26.843,1.10767,1.10785,2.25,2.70
2011.08.30 15:19:26.962,1.10768,1.10784,1.13,1.50
2011.08.30 15:19:27.193,1.10766,1.1078,2.63,1.13
2011.08.30 15:19:27.836,1.10761,1.10775,1.88,1.13
2011.08.30 15:19:28.219,1.10758,1.10774,1.50,2.25
2011.08.30 15:19:28.819,1.10757,1.10773,2.25,1.58
2011.08.30 15:19:29.417,1.10757,1.10772,2.25,1.50
2011.08.30 15:19:29.547,1.10757,1.10772,1.13,1.58
2011.08.30 15:19:29.915,1.10752,1.10769,1.50,1.95
2011.08.30 15:19:30.533,1.10747,1.10754,1.50,1.13
2011.08.30 15:19:30.666,1.1074,1.10755,1.13,1.50
2011.08.30 15:19:30.798,1.10737,1.10753,1.50,1.50
2011.08.30 15:19:31.045,1.10741,1.10753,1.50,1.50
2011.08.30 15:19:31.406,1.10745,1.10761,1.88,1.20
2011.08.30 15:19:31.996,1.10745,1.10762,1.88,2.70
2011.08.30 15:19:32.591,1.10745,1.10761,1.88,1.20
2011.08.30 15:19:33.320,1.10744,1.10761,1.50,1.95
2011.08.30 15:19:35.032,1.10744,1.1076,1.50,1.13
2011.08.30 15:19:35.261,1.10742,1.10756,1.88,1.13
2011.08.30 15:19:35.627,1.10729,1.10739,3.00,1.20
2011.08.30 15:19:35.874,1.10726,1.1074,1.50,1.58
2011.08.30 15:19:35.995,1.10724,1.10739,2.63,1.58
2011.08.30 15:19:36.432,1.10724,1.1074,2.63,1.58
2011.08.30 15:19:37.363,1.10728,1.10742,1.88,1.20
2011.08.30 15:19:38.387,1.10729,1.10743,1.13,1.20
2011.08.30 15:19:38.633,1.1073,1.10743,1.50,1.20
2011.08.30 15:19:40.742,1.1073,1.10745,1.50,1.58
2011.08.30 15:19:44.072,1.10729,1.10745,1.88,1.95
2011.08.30 15:19:44.312,1.10732,1.10746,1.13,1.58
2011.08.30 15:19:44.842,1.10736,1.10749,1.88,2.33
2011.08.30 15:19:44.986,1.1074,1.10755,1.88,2.18
2011.08.30 15:19:45.106,1.10742,1.10756,1.13,1.20
2011.08.30 15:19:45.236,1.10743,1.10758,1.13,1.58
2011.08.30 15:19:45.844,1.10743,1.10759,1.88,1.20
2011.08.30 15:19:46.436,1.10741,1.10756,1.50,1.13
2011.08.30 15:19:46.678,1.10745,1.10759,1.50,2.33
2011.08.30 15:19:47.001,1.10747,1.10763,1.13,2.70
2011.08.30 15:19:47.132,1.1075,1.10763,1.50,1.13
2011.08.30 15:19:47.529,1.10749,1.10763,1.50,2.33
2011.08.30 15:19:47.672,1.10738,1.10752,1.88,1.58
2011.08.30 15:19:47.917,1.1074,1.10752,1.13,1.58
2011.08.30 15:19:48.514,1.1074,1.10755,1.13,1.20
2011.08.30 15:19:51.884,1.10739,1.10755,1.13,1.20
2011.08.30 15:19:52.377,1.10738,1.10754,3.00,1.58
2011.08.30 15:19:56.330,1.10741,1.10757,1.50,1.95
2011.08.30 15:19:56.902,1.10741,1.10757,1.50,1.95
2011.08.30 15:19:59.292,1.10743,1.10759,1.50,3.30
2011.08.30 15:20:00.006,1.10741,1.10755,1.13,1.58
2011.08.30 15:20:01.801,1.10741,1.10755,1.50,1.58
2011.08.30 15:20:04.230,1.1074,1.10754,1.50,1.58
2011.08.30 15:20:07.324,1.10743,1.10758,1.13,1.58
2011.08.30 15:20:08.692,1.1074,1.10754,1.50,1.58
2011.08.30 15:20:10.291,1.1074,1.10754,1.50,1.58
2011.08.30 15:20:11.616,1.10742,1.10756,1.13,1.95
2011.08.30 15:20:13.561,1.1074,1.10756,1.50,1.58
2011.08.30 15:20:18.176,1.10739,1.10754,1.13,1.20
2011.08.30 15:20:18.303,1.10739,1.10754,1.50,1.58
2011.08.30 15:20:25.162,1.1074,1.10754,1.50,1.58
2011.08.30 15:20:26.026,1.10741,1.10751,1.50,1.13
2011.08.30 15:20:26.147,1.10734,1.10748,1.13,2.33
2011.08.30 15:20:27.166,1.10733,1.10747,1.13,2.33
2011.08.30 15:20:29.891,1.10734,1.10747,1.13,1.58
2011.08.30 15:20:30.445,1.10734,1.10747,1.13,1.58
2011.08.30 15:20:31.001,1.10735,1.10748,1.13,1.58
2011.08.30 15:20:31.353,1.10736,1.1075,1.13,1.20
2011.08.30 15:20:34.591,1.10735,1.10749,1.13,1.58
2011.08.30 15:20:38.623,1.10734,1.1075,1.88,1.58
2011.08.30 15:20:40.476,1.10737,1.10754,1.50,1.58
2011.08.30 15:20:40.598,1.10737,1.10754,1.50,1.58
2011.08.30 15:20:40.729,1.10741,1.10756,1.13,1.58
2011.08.30 15:20:40.861,1.10742,1.10757,1.50,1.95
2011.08.30 15:20:42.374,1.10743,1.10754,1.13,1.20
2011.08.30 15:20:42.617,1.10734,1.1075,1.50,2.63
2011.08.30 15:20:42.749,1.10733,1.10749,2.25,2.25
2011.08.30 15:20:44.822,1.10733,1.10749,1.50,1.58
2011.08.30 15:20:45.743,1.10736,1.10749,1.13,1.20
2011.08.30 15:20:46.314,1.10736,1.10749,1.13,1.20
2011.08.30 15:20:47.304,1.10735,1.10748,1.13,1.20
2011.08.30 15:20:47.872,1.1073,1.10746,2.25,2.33
2011.08.30 15:20:47.992,1.1073,1.10746,1.50,3.08
2011.08.30 15:20:48.812,1.10728,1.10743,2.25,2.33
2011.08.30 15:20:49.503,1.10727,1.10743,2.25,2.25
2011.08.30 15:20:49.733,1.10731,1.10744,1.13,1.58
2011.08.30 15:20:50.243,1.10732,1.10744,1.13,1.95
2011.08.30 15:20:50.619,1.10727,1.10741,2.25,2.33
2011.08.30 15:20:50.757,1.10725,1.10736,1.50,1.13
2011.08.30 15:20:50.888,1.10722,1.10736,1.13,1.95
2011.08.30 15:20:51.609,1.10722,1.10736,1.50,1.58
2011.08.30 15:20:51.736,1.10724,1.10738,1.13,3.08
2011.08.30 15:20:52.313,1.10724,1.10738,1.88,1.95
2011.08.30 15:20:53.385,1.10724,1.10737,1.88,1.58
2011.08.30 15:20:53.521,1.10716,1.10728,1.13,1.43
2011.08.30 15:20:53.645,1.10716,1.10731,1.88,1.58
2011.08.30 15:20:54.232,1.10719,1.10732,1.13,1.58
2011.08.30 15:20:56.616,1.10719,1.10736,3.00,2.33
2011.08.30 15:20:57.212,1.10722,1.10738,1.50,1.95
2011.08.30 15:20:57.758,1.10725,1.10738,1.13,1.58
2011.08.30 15:20:58.364,1.10725,1.10738,1.13,1.58
2011.08.30 15:20:59.052,1.10727,1.10743,1.13,2.70
2011.08.30 15:20:59.644,1.10722,1.10738,3.00,1.50
2011.08.30 15:20:59.765,1.10724,1.1074,1.13,1.88
2011.08.30 15:21:00.006,1.10722,1.1074,2.25,2.63
2011.08.30 15:21:00.474,1.10724,1.1074,1.13,1.88
2011.08.30 15:21:00.879,1.10723,1.10739,1.13,1.50
2011.08.30 15:21:01.473,1.10723,1.1074,1.50,3.00
2011.08.30 15:21:01.926,1.10722,1.10736,1.50,1.13
2011.08.30 15:21:02.284,1.10719,1.10734,1.13,1.20
2011.08.30 15:21:02.404,1.10719,1.10732,1.13,1.58
2011.08.30 15:21:03.082,1.10718,1.10732,1.13,2.33
2011.08.30 15:21:03.646,1.10715,1.10731,1.88,1.58
2011.08.30 15:21:03.765,1.10713,1.10729,1.50,1.20
2011.08.30 15:21:05.894,1.10715,1.1073,1.13,1.95
2011.08.30 15:21:06.131,1.10716,1.10731,1.13,2.33
2011.08.30 15:21:06.373,1.10719,1.10732,1.50,1.58
2011.08.30 15:21:06.613,1.10716,1.10731,1.50,1.35
2011.08.30 15:21:06.737,1.10719,1.10734,1.13,2.33
2011.08.30 15:21:06.864,1.10719,1.10735,1.13,2.70
2011.08.30 15:21:07.650,1.10719,1.10735,1.13,1.95
2011.08.30 15:21:07.774,1.10719,1.10735,1.50,1.58
2011.08.30 15:21:08.378,1.10722,1.10738,1.50,1.58
2011.08.30 15:21:08.733,1.10723,1.10738,2.25,1.50
2011.08.30 15:21:08.853,1.10723,1.10739,3.00,1.58
2011.08.30 15:21:09.534,1.10724,1.10739,2.25,1.58
2011.08.30 15:21:11.956,1.10727,1.10741,1.13,2.33
2011.08.30 15:21:12.207,1.10723,1.10739,2.25,1.58
2011.08.30 15:21:12.335,1.1072,1.10736,3.60,1.50
2011.08.30 15:21:13.324,1.1072,1.10736,2.85,1.50
2011.08.30 15:21:14.416,1.1072,1.10736,2.48,1.50
2011.08.30 15:21:14.911,1.10721,1.10737,1.13,1.95
2011.08.30 15:21:15.055,1.10721,1.10736,1.13,1.58
2011.08.30 15:21:17.141,1.1072,1.10735,2.85,1.58
2011.08.30 15:21:17.262,1.1072,1.10735,2.48,1.95
2011.08.30 15:21:17.385,1.1072,1.10734,1.88,1.58
2011.08.30 15:21:17.742,1.1072,1.10732,1.13,2.33
2011.08.30 15:21:18.320,1.10715,1.10731,1.50,1.58
2011.08.30 15:21:18.448,1.10715,1.10731,1.13,1.58
2011.08.30 15:21:19.834,1.10713,1.1073,1.50,2.70
2011.08.30 15:21:20.522,1.10715,1.1073,1.50,2.33
2011.08.30 15:21:20.882,1.10715,1.1073,1.50,1.58
2011.08.30 15:21:21.345,1.10717,1.10732,2.25,1.58
2011.08.30 15:21:21.572,1.10721,1.10735,1.13,2.93
2011.08.30 15:21:22.216,1.1072,1.10734,1.13,1.58
2011.08.30 15:21:28.406,1.10721,1.10735,1.13,1.58
2011.08.30 15:21:28.974,1.10721,1.10735,1.13,2.33
2011.08.30 15:21:31.766,1.10721,1.10736,1.13,1.43
2011.08.30 15:21:32.113,1.10721,1.10735,1.13,2.33
2011.08.30 15:21:32.673,1.10721,1.10735,1.13,2.33
2011.08.30 15:21:33.242,1.10719,1.10735,1.50,2.33
2011.08.30 15:21:33.597,1.10721,1.10735,2.25,1.58
2011.08.30 15:21:33.724,1.10723,1.10738,1.50,1.58
2011.08.30 15:21:34.085,1.10723,1.10737,1.13,2.63
2011.08.30 15:21:34.331,1.1072,1.10735,1.13,1.88
2011.08.30 15:21:35.616,1.1072,1.10734,1.50,1.50
2011.08.30 15:21:37.253,1.1072,1.10733,1.13,1.50
2011.08.30 15:21:37.944,1.10718,1.10729,1.35,1.50
2011.08.30 15:21:38.070,1.10716,1.10729,1.13,1.50
2011.08.30 15:21:38.315,1.10716,1.1073,1.13,1.58
2011.08.30 15:21:38.435,1.10713,1.1073,1.50,2.33
2011.08.30 15:21:38.936,1.10715,1.1073,1.50,1.58
2011.08.30 15:21:39.069,1.10717,1.10732,1.50,2.33
2011.08.30 15:21:39.673,1.10717,1.10732,1.50,1.58
2011.08.30 15:21:40.033,1.10721,1.10736,1.50,1.58
2011.08.30 15:21:40.156,1.10721,1.10736,1.50,1.58
2011.08.30 15:21:40.743,1.10721,1.10736,1.50,3.08
2011.08.30 15:21:41.322,1.10721,1.10736,1.50,2.33
2011.08.30 15:21:43.858,1.1072,1.10734,1.50,2.33
2011.08.30 15:21:43.983,1.1072,1.10734,1.50,2.33
2011.08.30 15:21:45.137,1.10718,1.1073,1.88,1.50
2011.08.30 15:21:45.389,1.10715,1.10729,1.50,1.50
2011.08.30 15:21:45.993,1.10713,1.10728,2.25,1.50
2011.08.30 15:21:46.613,1.10712,1.10728,3.75,1.50
2011.08.30 15:21:46.974,1.10715,1.10731,3.00,2.25
2011.08.30 15:21:47.333,1.10711,1.10727,1.50,1.35
2011.08.30 15:21:47.935,1.10711,1.10727,1.50,2.33
2011.08.30 15:21:48.174,1.1071,1.10726,1.13,2.70
2011.08.30 15:21:48.297,1.10709,1.10721,1.13,1.50
2011.08.30 15:21:48.994,1.10709,1.10723,1.13,1.50
2011.08.30 15:21:49.963,1.10709,1.10723,1.13,1.50
2011.08.30 15:21:50.342,1.10706,1.10722,1.13,1.50
2011.08.30 15:21:50.484,1.1071,1.10725,2.85,1.58
2011.08.30 15:21:50.608,1.1071,1.10726,2.10,2.33
2011.08.30 15:21:50.733,1.1071,1.10726,3.60,1.58
2011.08.30 15:21:51.322,1.10711,1.10728,1.50,1.58
2011.08.30 15:21:54.266,1.1071,1.10726,2.25,1.95
2011.08.30 15:21:54.404,1.10709,1.10724,1.13,1.95
2011.08.30 15:21:54.646,1.10709,1.10723,1.13,1.20
2011.08.30 15:21:55.585,1.10704,1.10721,3.75,1.58
2011.08.30 15:21:55.707,1.10704,1.10719,1.50,1.50
2011.08.30 15:21:56.527,1.10703,1.10719,1.50,1.50
2011.08.30 15:21:56.656,1.10703,1.10718,1.13,1.50
2011.08.30 15:21:56.773,1.10704,1.10719,1.50,1.58
2011.08.30 15:21:57.374,1.10706,1.10721,1.13,1.58
2011.08.30 15:21:57.723,1.10708,1.10723,1.13,1.95
2011.08.30 15:21:59.188,1.10707,1.1072,1.50,1.13
2011.08.30 15:21:59.436,1.10703,1.10718,1.50,1.20
2011.08.30 15:22:00.014,1.10704,1.10719,1.50,1.20
2011.08.30 15:22:00.727,1.10706,1.1072,2.25,2.33
2011.08.30 15:22:00.908,1.10708,1.10722,1.50,1.58
2011.08.30 15:22:01.987,1.10709,1.10725,1.13,2.93
2011.08.30 15:22:02.474,1.10712,1.10726,1.13,1.20
2011.08.30 15:22:03.978,1.10708,1.10724,1.13,1.20
2011.08.30 15:22:04.556,1.10708,1.10724,1.13,1.95
2011.08.30 15:22:05.834,1.10708,1.10724,1.13,1.20
2011.08.30 15:22:05.956,1.10709,1.10725,1.50,2.55
2011.08.30 15:22:08.693,1.1071,1.10725,1.50,2.55
2011.08.30 15:22:09.634,1.10712,1.10726,1.13,1.20
2011.08.30 15:22:10.232,1.10712,1.10727,1.13,1.20
2011.08.30 15:22:10.734,1.10712,1.10728,1.13,1.88
2011.08.30 15:22:12.302,1.10711,1.10728,1.50,2.63
2011.08.30 15:22:12.992,1.10713,1.10728,2.25,2.25
2011.08.30 15:22:13.113,1.10713,1.10728,2.25,1.50
2011.08.30 15:22:13.584,1.10715,1.10731,2.25,1.58
2011.08.30 15:22:13.823,1.10716,1.10732,1.13,1.20
2011.08.30 15:22:15.102,1.10716,1.10731,1.50,1.58
2011.08.30 15:22:15.693,1.10718,1.10733,1.13,1.95
2011.08.30 15:22:16.033,1.10719,1.10734,1.50,1.20
2011.08.30 15:22:16.732,1.10717,1.10733,3.00,1.58
2011.08.30 15:22:17.541,1.10719,1.10734,1.50,1.95
2011.08.30 15:22:18.386,1.10717,1.10733,3.75,1.58
2011.08.30 15:22:18.746,1.10717,1.10731,1.50,1.20
2011.08.30 15:22:18.866,1.10717,1.10731,2.25,1.58
2011.08.30 15:22:19.227,1.10719,1.10734,1.13,1.20
2011.08.30 15:22:19.832,1.10719,1.10734,1.13,1.95
2011.08.30 15:22:21.602,1.10719,1.10734,1.50,1.58
2011.08.30 15:22:22.613,1.10719,1.10734,3.00,1.58
2011.08.30 15:22:23.303,1.10719,1.10734,3.00,1.50
2011.08.30 15:22:23.880,1.10719,1.10735,1.50,1.88
2011.08.30 15:22:26.014,1.10718,1.10734,1.50,1.50
2011.08.30 15:22:26.134,1.10716,1.10732,2.25,1.50
2011.08.30 15:22:26.375,1.10715,1.10727,1.50,1.13
2011.08.30 15:22:26.883,1.10713,1.10727,1.13,1.13
2011.08.30 15:22:27.379,1.10713,1.10728,3.00,1.58
2011.08.30 15:22:27.860,1.10717,1.10732,1.50,1.43
2011.08.30 15:22:28.227,1.10723,1.10733,1.50,1.58
2011.08.30 15:22:28.593,1.10723,1.10739,1.50,1.58
2011.08.30 15:22:28.945,1.10722,1.10739,1.13,1.20
2011.08.30 15:22:29.574,1.10722,1.10738,1.88,1.95
2011.08.30 15:22:30.755,1.10722,1.10738,1.50,1.58
2011.08.30 15:22:32.055,1.10723,1.10738,2.25,1.50
2011.08.30 15:22:34.592,1.10724,1.1074,1.50,2.33
2011.08.30 15:22:36.482,1.10724,1.10739,1.13,1.20
2011.08.30 15:22:40.590,1.10723,1.10739,1.13,1.20
2011.08.30 15:22:41.076,1.10721,1.10737,1.88,2.33
2011.08.30 15:22:41.208,1.10718,1.10733,1.13,1.13
2011.08.30 15:22:42.049,1.10716,1.1073,1.50,1.50
2011.08.30 15:22:42.182,1.10713,1.10729,1.50,3.00
2011.08.30 15:22:42.308,1.10712,1.10728,1.13,1.43
2011.08.30 15:22:43.961,1.10711,1.10728,1.88,1.43
2011.08.30 15:22:45.693,1.10713,1.10729,1.13,2.18
2011.08.30 15:22:45.937,1.10714,1.1073,1.13,1.20
2011.08.30 15:22:46.544,1.10719,1.10734,1.50,2.33
2011.08.30 15:22:46.774,1.10718,1.10734,1.88,3.08
2011.08.30 15:22:47.268,1.10719,1.10734,1.50,2.33
2011.08.30 15:22:48.033,1.1072,1.10734,1.50,1.58
2011.08.30 15:22:48.762,1.10718,1.10734,2.63,2.33
2011.08.30 15:22:49.595,1.10721,1.10734,1.50,1.13
2011.08.30 15:22:50.163,1.1072,1.10735,1.50,1.58
2011.08.30 15:22:50.784,1.10719,1.10735,1.13,1.58
2011.08.30 15:22:51.381,1.10718,1.10735,2.63,1.58
2011.08.30 15:22:52.185,1.1072,1.10735,1.13,1.20
2011.08.30 15:22:52.426,1.10722,1.10737,1.13,2.33
2011.08.30 15:22:52.992,1.1072,1.10737,1.50,2.18
2011.08.30 15:22:53.679,1.10722,1.10737,1.13,1.58
2011.08.30 15:22:54.044,1.10724,1.1074,1.50,1.95
2011.08.30 15:22:54.162,1.10725,1.1074,1.13,1.58
2011.08.30 15:22:54.521,1.10725,1.10739,1.13,1.58
2011.08.30 15:22:55.216,1.10725,1.10741,1.13,2.55
2011.08.30 15:22:55.802,1.10723,1.10738,1.13,1.13
2011.08.30 15:22:56.384,1.10724,1.10739,1.13,1.13
2011.08.30 15:22:56.503,1.10724,1.1074,1.88,1.58
2011.08.30 15:22:57.211,1.10724,1.10741,1.88,2.55
2011.08.30 15:22:57.806,1.10727,1.10742,1.50,1.50
2011.08.30 15:22:57.927,1.10728,1.10743,1.13,1.13
2011.08.30 15:22:58.344,1.1073,1.10745,1.13,1.58
2011.08.30 15:22:58.472,1.1073,1.10745,1.88,1.58
2011.08.30 15:22:58.720,1.10731,1.10748,1.50,3.08
2011.08.30 15:23:00.653,1.10726,1.10742,1.13,1.20
2011.08.30 15:23:01.658,1.10725,1.1074,1.50,1.20
2011.08.30 15:23:01.793,1.10721,1.10737,1.50,1.13
2011.08.30 15:23:02.037,1.10719,1.10733,1.13,1.13
2011.08.30 15:23:02.404,1.10715,1.10731,1.13,1.58
2011.08.30 15:23:03.002,1.10714,1.10729,1.13,1.73
2011.08.30 15:23:04.130,1.10715,1.10731,1.50,3.08
2011.08.30 15:23:04.763,1.10717,1.10731,1.13,1.95
2011.08.30 15:23:05.577,1.1072,1.10734,1.13,2.33
2011.08.30 15:23:05.705,1.10722,1.10736,1.13,2.33
2011.08.30 15:23:05.948,1.10722,1.10737,1.13,2.93
2011.08.30 15:23:06.313,1.10722,1.10737,1.88,1.35
2011.08.30 15:23:08.392,1.10723,1.10738,1.13,1.80
2011.08.30 15:23:08.514,1.10724,1.10739,1.88,1.95
2011.08.30 15:23:09.109,1.10726,1.10741,1.50,2.93
2011.08.30 15:23:09.641,1.10725,1.1074,1.13,1.20
2011.08.30 15:23:09.997,1.10728,1.10741,1.13,1.43
2011.08.30 15:23:10.123,1.10729,1.10743,1.50,1.20
2011.08.30 15:23:10.696,1.10729,1.10745,1.50,2.33
2011.08.30 15:23:12.376,1.10731,1.10745,1.88,1.20
2011.08.30 15:23:12.507,1.10731,1.10745,1.88,1.20
2011.08.30 15:23:12.873,1.1073,1.10744,1.50,1.88
2011.08.30 15:23:13.434,1.10728,1.10744,1.88,4.13
2011.08.30 15:23:14.024,1.10728,1.10742,1.50,1.13
2011.08.30 15:23:14.606,1.1073,1.10745,1.13,2.33
2011.08.30 15:23:15.205,1.10731,1.10747,2.25,2.33
2011.08.30 15:23:15.796,1.1073,1.10745,1.50,1.50
2011.08.30 15:23:16.038,1.10728,1.10741,1.50,1.20
2011.08.30 15:23:16.883,1.10727,1.10739,1.50,2.70
2011.08.30 15:23:17.471,1.10727,1.10738,1.50,1.20
2011.08.30 15:23:18.606,1.10727,1.1074,1.88,1.58
2011.08.30 15:23:19.246,1.10729,1.10742,1.50,1.95
2011.08.30 15:23:20.240,1.10728,1.1074,1.50,1.58
2011.08.30 15:23:22.573,1.10728,1.1074,1.50,1.58
2011.08.30 15:23:23.640,1.10731,1.10744,1.13,1.58
2011.08.30 15:23:23.762,1.10731,1.10745,1.88,1.20
2011.08.30 15:23:24.922,1.10729,1.10745,1.88,1.20
2011.08.30 15:23:25.395,1.10731,1.10746,1.88,1.58
2011.08.30 15:23:25.976,1.10733,1.10746,1.13,1.50
2011.08.30 15:23:26.214,1.10733,1.10748,1.13,1.58
2011.08.30 15:23:27.038,1.10734,1.1075,1.88,1.95
2011.08.30 15:23:27.168,1.10734,1.10749,1.13,1.58
2011.08.30 15:23:27.521,1.10733,1.10747,1.13,1.58
2011.08.30 15:23:28.143,1.10735,1.10749,1.88,3.08
2011.08.30 15:23:28.736,1.10735,1.10751,2.63,1.80
2011.08.30 15:23:28.855,1.10735,1.10751,2.63,2.55
2011.08.30 15:23:36.688,1.10731,1.10743,1.50,1.13
2011.08.30 15:23:36.928,1.1073,1.10743,1.50,1.13
2011.08.30 15:23:37.059,1.10729,1.10742,1.50,1.13
2011.08.30 15:23:37.419,1.10734,1.10746,1.13,1.58
2011.08.30 15:23:37.664,1.10736,1.10751,1.50,1.58
2011.08.30 15:23:37.786,1.10738,1.10754,3.00,2.33
2011.08.30 15:23:37.907,1.10738,1.10756,1.13,2.18
2011.08.30 15:23:38.037,1.10736,1.10752,3.00,1.50
2011.08.30 15:23:38.164,1.10738,1.10754,1.13,3.38
2011.08.30 15:23:38.708,1.10736,1.10752,1.50,1.50
2011.08.30 15:23:39.255,1.10736,1.10752,1.13,1.50
2011.08.30 15:23:40.172,1.10737,1.10754,1.13,1.88
2011.08.30 15:23:40.402,1.10738,1.10754,1.13,1.13
2011.08.30 15:23:40.970,1.10738,1.10754,1.13,1.88
2011.08.30 15:23:41.531,1.10738,1.10754,1.13,1.50
2011.08.30 15:23:44.188,1.10737,1.10753,1.13,1.13
2011.08.30 15:23:44.547,1.10738,1.10754,1.50,1.50
2011.08.30 15:23:44.677,1.10736,1.10752,1.88,1.13
2011.08.30 15:23:45.734,1.10736,1.1075,1.50,1.95
2011.08.30 15:23:45.853,1.10736,1.10751,1.50,1.20
2011.08.30 15:23:48.684,1.10737,1.10753,1.88,1.58
2011.08.30 15:23:48.804,1.10738,1.10754,1.88,1.95
2011.08.30 15:23:50.324,1.10739,1.10754,1.50,1.20
2011.08.30 15:23:51.543,1.10742,1.10756,1.50,1.35
2011.08.30 15:23:51.790,1.10743,1.10759,1.50,1.58
2011.08.30 15:23:52.036,1.10746,1.1076,1.13,1.73
2011.08.30 15:23:52.746,1.10745,1.1076,1.13,2.48
2011.08.30 15:23:53.331,1.10746,1.10762,1.13,2.93
2011.08.30 15:23:53.943,1.10745,1.1076,1.13,1.73
2011.08.30 15:23:55.756,1.10745,1.1076,1.50,1.35
2011.08.30 15:23:56.946,1.10747,1.10761,1.13,1.73
2011.08.30 15:23:57.722,1.10747,1.10761,1.13,1.13
2011.08.30 15:23:58.206,1.10747,1.10762,1.50,1.58
2011.08.30 15:23:58.567,1.1075,1.10764,1.50,1.43
2011.08.30 15:23:58.970,1.10746,1.10761,1.50,1.58
2011.08.30 15:23:59.110,1.10739,1.10756,3.00,1.50
2011.08.30 15:23:59.237,1.10741,1.10757,1.13,1.20
2011.08.30 15:24:00.614,1.10741,1.10757,1.13,1.20
2011.08.30 15:24:00.737,1.1074,1.10757,1.88,1.20
2011.08.30 15:24:00.865,1.1074,1.10757,1.13,1.95
2011.08.30 15:24:01.228,1.10737,1.10753,1.50,1.58
2011.08.30 15:24:01.598,1.10736,1.10752,1.13,1.58
2011.08.30 15:24:01.728,1.10737,1.10753,1.50,1.58
2011.08.30 15:24:03.924,1.10738,1.10754,1.88,1.20
2011.08.30 15:24:04.164,1.10738,1.10753,1.13,1.58
2011.08.30 15:24:04.394,1.10739,1.10754,1.50,1.20
2011.08.30 15:24:04.981,1.1074,1.10756,1.13,2.55
2011.08.30 15:24:05.212,1.1074,1.10756,1.88,1.80
2011.08.30 15:24:05.573,1.10744,1.1076,1.13,3.45
2011.08.30 15:24:05.695,1.10744,1.1076,1.13,1.88
2011.08.30 15:24:05.922,1.10744,1.1076,1.13,1.88
2011.08.30 15:24:06.449,1.10742,1.10758,1.50,2.63
2011.08.30 15:24:06.576,1.10742,1.10758,3.75,1.50
2011.08.30 15:24:06.816,1.10744,1.1076,1.50,1.50
2011.08.30 15:24:07.736,1.10743,1.1076,1.88,1.50
2011.08.30 15:24:07.861,1.1074,1.10745,1.50,2.10
2011.08.30 15:24:07.985,1.10719,1.10733,1.50,1.35
2011.08.30 15:24:08.108,1.10723,1.10734,1.50,1.35
2011.08.30 15:24:08.363,1.10719,1.10737,1.73,1.50
2011.08.30 15:24:08.909,1.1073,1.10749,1.50,2.93
2011.08.30 15:24:09.976,1.10732,1.10748,1.50,1.43
2011.08.30 15:24:10.552,1.10733,1.10749,1.50,2.93
2011.08.30 15:24:11.330,1.10731,1.10749,1.50,3.68
2011.08.30 15:24:11.465,1.10729,1.10747,2.25,1.58
2011.08.30 15:24:12.044,1.1073,1.10748,2.25,1.58
2011.08.30 15:24:12.382,1.1073,1.10748,1.50,1.58
2011.08.30 15:24:12.614,1.10728,1.10747,1.50,3.45
2011.08.30 15:24:12.732,1.10726,1.10744,3.00,1.95
2011.08.30 15:24:13.194,1.10728,1.10746,1.50,1.58
2011.08.30 15:24:13.793,1.10728,1.10746,2.25,1.58
2011.08.30 15:24:14.315,1.10728,1.10748,3.38,2.33
2011.08.30 15:24:14.442,1.10732,1.10749,1.50,2.33
2011.08.30 15:24:15.273,1.10731,1.10747,1.50,1.95
2011.08.30 15:24:15.842,1.10729,1.10747,1.50,1.58
2011.08.30 15:24:16.453,1.10732,1.10748,1.50,1.20
2011.08.30 15:24:18.243,1.10731,1.10747,1.50,1.58
2011.08.30 15:24:18.693,1.10732,1.10749,1.50,2.18
2011.08.30 15:24:19.296,1.10735,1.10751,2.25,2.10
2011.08.30 15:24:19.654,1.10742,1.10758,1.50,1.58
2011.08.30 15:24:19.775,1.10742,1.10759,1.50,1.58
2011.08.30 15:24:20.018,1.10742,1.10759,1.13,1.58
2011.08.30 15:24:20.647,1.10747,1.10763,1.50,1.58
2011.08.30 15:24:20.770,1.10749,1.10766,1.50,2.33
2011.08.30 15:24:22.050,1.10749,1.10763,1.50,1.50
2011.08.30 15:24:22.297,1.10749,1.10767,3.00,2.33
2011.08.30 15:24:22.424,1.1075,1.10767,2.25,1.58
2011.08.30 15:24:22.763,1.1075,1.10767,1.50,1.58
2011.08.30 15:24:22.999,1.10758,1.10769,2.25,3.68
2011.08.30 15:24:23.128,1.1076,1.10775,1.50,1.58
2011.08.30 15:24:23.437,1.1076,1.10777,1.50,3.08
2011.08.30 15:24:23.577,1.10763,1.10777,1.50,1.58
2011.08.30 15:24:24.526,1.10763,1.10778,1.50,1.35
2011.08.30 15:24:25.115,1.10764,1.10779,1.50,2.93
2011.08.30 15:24:26.321,1.10763,1.10778,1.50,2.85
2011.08.30 15:24:26.684,1.10762,1.10776,1.50,1.50
2011.08.30 15:24:27.722,1.10762,1.10776,1.50,1.50
2011.08.30 15:24:28.974,1.10759,1.10775,1.50,1.58
2011.08.30 15:24:29.672,1.10757,1.10775,2.63,2.33
2011.08.30 15:24:30.122,1.10757,1.10775,2.25,2.33
2011.08.30 15:24:31.987,1.10756,1.10773,1.50,1.95
2011.08.30 15:24:32.117,1.10755,1.1077,1.50,1.20
2011.08.30 15:24:32.486,1.10753,1.10769,2.25,1.88
2011.08.30 15:24:32.722,1.10753,1.10768,1.50,1.58
2011.08.30 15:24:33.160,1.10743,1.10759,1.88,1.50
2011.08.30 15:24:33.757,1.10743,1.10759,1.88,1.58
2011.08.30 15:24:33.886,1.10744,1.1076,1.50,2.33
2011.08.30 15:24:36.274,1.10746,1.1076,1.50,1.58
2011.08.30 15:24:36.661,1.10754,1.10766,1.50,1.58
2011.08.30 15:24:36.793,1.10753,1.10767,1.50,1.20
2011.08.30 15:24:37.395,1.10752,1.10769,1.50,3.68
2011.08.30 15:24:37.964,1.10752,1.10769,1.50,3.68
2011.08.30 15:24:40.350,1.10752,1.10767,1.50,1.35
2011.08.30 15:24:40.484,1.10751,1.10765,1.50,1.43
2011.08.30 15:24:40.606,1.10749,1.10765,1.50,2.18
2011.08.30 15:24:40.727,1.10747,1.10764,1.50,1.50
2011.08.30 15:24:41.322,1.10747,1.10763,1.50,1.43
2011.08.30 15:24:41.905,1.10747,1.10762,1.50,1.58
2011.08.30 15:24:42.486,1.10745,1.10762,1.50,3.08
2011.08.30 15:24:44.904,1.10746,1.10762,1.50,1.58
2011.08.30 15:24:47.676,1.10743,1.10762,1.50,1.58
2011.08.30 15:24:47.795,1.10746,1.10762,1.13,1.95
2011.08.30 15:24:48.142,1.10746,1.10762,1.88,1.20
2011.08.30 15:24:50.674,1.10744,1.1076,1.50,1.95
2011.08.30 15:24:51.697,1.10745,1.10757,2.25,1.50
2011.08.30 15:24:52.056,1.1075,1.1076,1.13,1.50
2011.08.30 15:24:52.180,1.1075,1.10766,1.13,4.20
2011.08.30 15:24:52.424,1.10748,1.10765,2.25,3.08
2011.08.30 15:24:54.517,1.10749,1.10764,1.50,1.95
2011.08.30 15:24:54.958,1.10756,1.1077,1.50,1.50
2011.08.30 15:24:55.207,1.10758,1.10774,1.13,1.95
2011.08.30 15:24:55.453,1.10759,1.10774,1.50,1.13
2011.08.30 15:24:56.034,1.10759,1.10775,1.88,1.13
2011.08.30 15:24:56.154,1.10759,1.10774,1.13,1.50
2011.08.30 15:24:57.072,1.10757,1.10773,2.25,1.50
2011.08.30 15:24:57.631,1.10757,1.10773,2.25,1.50
2011.08.30 15:24:58.634,1.10757,1.10773,1.13,1.95
2011.08.30 15:24:58.753,1.10757,1.10773,1.13,1.95
2011.08.30 15:24:59.112,1.10756,1.10771,2.25,1.58
2011.08.30 15:24:59.933,1.10756,1.10771,2.25,1.50
2011.08.30 15:25:00.282,1.10757,1.10773,1.13,1.95
2011.08.30 15:25:03.255,1.10757,1.10773,1.50,1.58
2011.08.30 15:25:04.604,1.10756,1.10771,1.13,1.50
2011.08.30 15:25:04.987,1.10754,1.1077,3.00,1.50
2011.08.30 15:25:05.340,1.10755,1.1077,1.50,1.58
2011.08.30 15:25:05.693,1.10757,1.10772,2.25,2.33
2011.08.30 15:25:06.281,1.10758,1.10774,1.50,1.95
2011.08.30 15:25:09.604,1.10758,1.1077,1.50,1.50
2011.08.30 15:25:10.194,1.10757,1.10771,2.25,1.50
2011.08.30 15:25:10.773,1.10756,1.10771,3.00,1.50
2011.08.30 15:25:11.602,1.10756,1.10772,3.75,1.58
2011.08.30 15:25:12.732,1.10757,1.10772,2.25,1.58
2011.08.30 15:25:14.594,1.10754,1.1077,4.13,1.88
2011.08.30 15:25:14.720,1.10754,1.10769,1.88,1.13
2011.08.30 15:25:14.965,1.10754,1.1077,1.88,1.95
2011.08.30 15:25:15.412,1.10756,1.1077,1.50,1.58
2011.08.30 15:25:15.776,1.10757,1.10773,3.75,1.58
2011.08.30 15:25:16.014,1.10758,1.10774,1.50,1.88
2011.08.30 15:25:16.574,1.10759,1.10775,2.25,1.20
2011.08.30 15:25:17.154,1.10757,1.10773,3.00,1.50
2011.08.30 15:25:17.719,1.10758,1.10776,1.50,3.83
2011.08.30 15:25:22.743,1.10758,1.10772,1.50,1.50
2011.08.30 15:25:24.492,1.10758,1.10774,1.50,1.95
2011.08.30 15:25:27.014,1.10758,1.10774,1.50,2.70
2011.08.30 15:25:27.145,1.10756,1.10772,1.13,1.20
2011.08.30 15:25:27.267,1.10755,1.10769,1.88,1.13
2011.08.30 15:25:27.515,1.10751,1.10767,1.13,1.88
2011.08.30 15:25:27.635,1.10749,1.10764,1.35,1.50
2011.08.30 15:25:27.998,1.10748,1.1076,1.13,1.50
2011.08.30 15:25:28.245,1.10744,1.1076,2.63,1.13
2011.08.30 15:25:28.363,1.10745,1.10761,1.50,1.13
2011.08.30 15:25:29.063,1.10747,1.10761,1.13,1.20
2011.08.30 15:25:29.514,1.10749,1.10756,1.50,1.50
2011.08.30 15:25:30.116,1.10747,1.10756,1.88,1.50
2011.08.30 15:25:31.875,1.10747,1.10756,1.88,1.50
2011.08.30 15:25:32.113,1.10747,1.10758,1.88,1.50
2011.08.30 15:25:33.121,1.10745,1.10758,1.13,1.50
2011.08.30 15:25:33.612,1.10741,1.10756,2.25,2.25
2011.08.30 15:25:35.125,1.10741,1.10756,1.50,2.33
2011.08.30 15:25:36.104,1.1074,1.10755,1.50,1.58
2011.08.30 15:25:36.553,1.10741,1.10756,1.88,2.33
2011.08.30 15:25:37.131,1.10744,1.10756,1.13,1.58
2011.08.30 15:25:37.814,1.10746,1.10757,1.50,2.33
2011.08.30 15:25:38.391,1.10746,1.10757,1.50,1.58
2011.08.30 15:25:38.963,1.10747,1.10757,1.13,1.58
2011.08.30 15:25:39.270,1.10749,1.10757,1.13,1.50
2011.08.30 15:25:39.650,1.10755,1.10764,1.13,1.50
2011.08.30 15:25:39.778,1.10755,1.10768,1.13,1.43
2011.08.30 15:25:39.910,1.10757,1.10766,1.50,1.50
2011.08.30 15:25:40.276,1.10759,1.10768,1.50,1.50
2011.08.30 15:25:40.396,1.10758,1.10772,1.50,1.20
2011.08.30 15:25:40.633,1.10757,1.10772,1.13,1.20
2011.08.30 15:25:40.754,1.10757,1.10771,1.13,1.20
2011.08.30 15:25:40.872,1.10757,1.10772,2.25,1.50
2011.08.30 15:25:41.233,1.10759,1.10775,3.00,1.50
2011.08.30 15:25:42.167,1.10759,1.10774,3.75,1.50
2011.08.30 15:25:42.413,1.10759,1.10773,1.13,1.13
2011.08.30 15:25:43.015,1.10754,1.10771,2.25,1.50
2011.08.30 15:25:43.253,1.10754,1.1077,1.50,1.50
2011.08.30 15:25:43.944,1.10753,1.10768,3.00,1.13
2011.08.30 15:25:44.717,1.10752,1.10768,1.50,1.88
2011.08.30 15:25:44.860,1.10763,1.10771,2.25,1.50
2011.08.30 15:25:44.999,1.10763,1.10776,2.25,1.50
2011.08.30 15:25:45.131,1.10763,1.10777,2.25,1.35
2011.08.30 15:25:45.258,1.10766,1.10777,1.50,1.35
2011.08.30 15:25:45.509,1.10765,1.1078,1.13,2.33
2011.08.30 15:25:45.633,1.10765,1.10777,1.13,1.50
2011.08.30 15:25:45.762,1.10762,1.10778,1.50,1.20
2011.08.30 15:25:45.891,1.10761,1.10774,1.50,1.50
2011.08.30 15:25:46.017,1.10759,1.10775,1.50,1.95
2011.08.30 15:25:46.264,1.10758,1.10772,1.50,1.50
2011.08.30 15:25:47.456,1.10758,1.10774,1.50,1.20
2011.08.30 15:25:48.046,1.10758,1.10773,1.50,1.20
2011.08.30 15:25:52.240,1.10757,1.10774,3.00,1.20
2011.08.30 15:25:54.682,1.10759,1.10775,1.50,2.70
2011.08.30 15:25:55.378,1.10761,1.10777,2.25,2.33
2011.08.30 15:25:55.506,1.10761,1.10777,3.00,2.33
2011.08.30 15:25:56.185,1.10764,1.10777,1.50,1.58
2011.08.30 15:25:56.303,1.10765,1.10777,1.50,1.50
2011.08.30 15:25:56.783,1.10766,1.1078,1.13,3.08
2011.08.30 15:26:00.618,1.10766,1.1078,1.13,2.33
2011.08.30 15:26:00.751,1.1077,1.10783,1.50,1.58
2011.08.30 15:26:01.001,1.10771,1.10785,1.88,1.20
2011.08.30 15:26:01.133,1.10771,1.10782,2.63,1.50
2011.08.30 15:26:01.685,1.10771,1.10782,1.13,1.50
2011.08.30 15:26:02.643,1.10771,1.10785,1.13,1.95
2011.08.30 15:26:02.764,1.10771,1.10785,1.13,1.20
2011.08.30 15:26:04.123,1.10771,1.10785,1.13,1.20
2011.08.30 15:26:04.898,1.10769,1.10783,1.50,1.20
2011.08.30 15:26:05.302,1.10767,1.10778,1.50,1.13
2011.08.30 15:26:05.546,1.10763,1.10779,1.13,2.70
2011.08.30 15:26:07.942,1.10762,1.10777,1.50,1.20
2011.08.30 15:26:08.394,1.10762,1.10776,1.50,2.18
2011.08.30 15:26:12.716,1.10762,1.10772,1.13,1.58
2011.08.30 15:26:12.836,1.10764,1.10773,1.13,1.58
2011.08.30 15:26:13.399,1.10766,1.10778,1.13,1.80
2011.08.30 15:26:13.526,1.10769,1.10779,1.13,1.43
2011.08.30 15:26:13.765,1.10769,1.1078,1.88,1.43
2011.08.30 15:26:15.298,1.10771,1.10782,3.75,2.85
2011.08.30 15:26:15.668,1.10771,1.10779,2.25,1.50
2011.08.30 15:26:15.800,1.10774,1.10783,1.13,1.50
2011.08.30 15:26:15.927,1.10773,1.10783,1.50,1.50
2011.08.30 15:26:16.825,1.10775,1.10788,1.13,2.33
2011.08.30 15:26:16.945,1.10773,1.10787,1.50,1.58
2011.08.30 15:26:17.066,1.1077,1.10786,2.25,1.13
2011.08.30 15:26:17.654,1.10771,1.10786,2.25,1.13
2011.08.30 15:26:18.232,1.10769,1.10785,1.13,1.13
2011.08.30 15:26:18.353,1.10769,1.10785,1.13,1.20
2011.08.30 15:26:18.591,1.10769,1.10785,1.13,1.20
2011.08.30 15:26:19.384,1.10769,1.10784,1.50,1.20
2011.08.30 15:26:19.971,1.10768,1.10784,1.88,1.20
2011.08.30 15:26:20.667,1.10769,1.10784,1.50,1.20
2011.08.30 15:26:21.026,1.1077,1.10786,2.25,1.95
2011.08.30 15:26:21.385,1.1077,1.10786,2.25,1.13
2011.08.30 15:26:21.853,1.1077,1.10786,1.50,1.95
2011.08.30 15:26:22.542,1.1077,1.10785,1.13,1.20
2011.08.30 15:26:23.342,1.10768,1.10783,1.50,1.20
2011.08.30 15:26:23.593,1.10766,1.10782,1.13,1.95
2011.08.30 15:26:23.723,1.10766,1.1078,1.13,1.13
2011.08.30 15:26:23.856,1.10763,1.10778,1.50,2.18
2011.08.30 15:26:24.219,1.10763,1.10778,1.13,1.43
2011.08.30 15:26:24.351,1.10764,1.10778,1.88,1.43
2011.08.30 15:26:24.716,1.10774,1.10784,1.13,3.00
2011.08.30 15:26:25.220,1.10774,1.10786,1.13,2.10
2011.08.30 15:26:25.817,1.10772,1.10786,1.50,2.10
2011.08.30 15:26:26.513,1.10769,1.10785,1.50,1.88
2011.08.30 15:26:27.225,1.10769,1.10785,2.25,1.88
2011.08.30 15:26:27.685,1.10773,1.10786,1.88,1.35
2011.08.30 15:26:27.829,1.1078,1.10788,1.13,1.58
2011.08.30 15:26:27.959,1.1078,1.10791,1.13,1.50
2011.08.30 15:26:28.089,1.10783,1.10796,1.50,2.70
2011.08.30 15:26:28.215,1.1078,1.10796,1.13,3.45
2011.08.30 15:26:28.336,1.10777,1.10794,1.88,1.20
2011.08.30 15:26:28.461,1.10777,1.10792,1.13,1.50
2011.08.30 15:26:28.706,1.10775,1.10791,2.63,1.13
2011.08.30 15:26:29.175,1.10776,1.10792,1.50,1.88
2011.08.30 15:26:29.742,1.10776,1.10792,1.50,1.88
2011.08.30 15:26:30.416,1.10776,1.10792,1.50,1.13
2011.08.30 15:26:30.784,1.10778,1.10794,1.50,1.95
2011.08.30 15:26:30.911,1.10778,1.10792,1.13,1.13
2011.08.30 15:26:31.272,1.10774,1.10787,2.10,1.13
2011.08.30 15:26:32.172,1.10775,1.10789,1.50,1.50
2011.08.30 15:26:33.697,1.10774,1.10788,1.35,1.88
2011.08.30 15:26:34.492,1.10774,1.10789,1.35,1.50
2011.08.30 15:26:37.536,1.10776,1.1079,1.50,1.50
2011.08.30 15:26:39.242,1.10776,1.1079,1.50,1.50
2011.08.30 15:26:39.368,1.1078,1.10793,1.13,1.50
2011.08.30 15:26:39.496,1.1078,1.10795,1.88,1.50
2011.08.30 15:26:39.615,1.10781,1.10797,1.50,1.58
2011.08.30 15:26:39.732,1.10781,1.10796,1.50,1.13
2011.08.30 15:26:39.962,1.10781,1.10797,1.50,2.33
2011.08.30 15:26:40.317,1.10784,1.10794,1.50,1.50
2011.08.30 15:26:40.445,1.10784,1.10797,2.25,1.50
2011.08.30 15:26:41.006,1.10784,1.10796,1.50,1.50
2011.08.30 15:26:41.596,1.10783,1.10799,1.88,3.00
2011.08.30 15:26:41.715,1.10783,1.10797,1.13,1.13
2011.08.30 15:26:41.945,1.10781,1.10795,1.50,1.13
2011.08.30 15:26:42.185,1.10779,1.10795,2.63,1.13
2011.08.30 15:26:42.544,1.1078,1.10795,1.50,1.13
2011.08.30 15:26:44.513,1.10782,1.10796,1.50,1.50
2011.08.30 15:26:45.315,1.10782,1.10796,1.50,1.50
2011.08.30 15:26:45.560,1.10785,1.10799,1.50,1.58
2011.08.30 15:26:46.048,1.10784,1.10799,1.50,1.58
2011.08.30 15:26:46.295,1.10786,1.10799,1.50,1.50
2011.08.30 15:26:46.786,1.10792,1.10801,1.50,1.35
2011.08.30 15:26:47.028,1.10787,1.108,1.50,1.13
2011.08.30 15:26:47.280,1.10786,1.108,1.50,2.25
2011.08.30 15:26:47.871,1.10784,1.10799,1.50,2.25
2011.08.30 15:26:48.462,1.10784,1.10799,1.50,1.88
2011.08.30 15:26:50.565,1.10786,1.10799,1.13,1.50
2011.08.30 15:26:50.923,1.10792,1.10801,1.50,1.35
2011.08.30 15:26:51.404,1.10786,1.108,2.63,1.13
2011.08.30 15:26:51.973,1.10789,1.10802,1.88,1.35
2011.08.30 15:26:52.552,1.10788,1.10801,1.50,1.88
2011.08.30 15:26:52.782,1.10787,1.10801,1.13,1.88
2011.08.30 15:26:54.865,1.10789,1.10801,1.50,1.13
2011.08.30 15:26:55.225,1.10791,1.10803,1.88,1.35
2011.08.30 15:26:55.572,1.10791,1.10803,1.88,1.35
2011.08.30 15:26:57.197,1.10791,1.10802,1.50,1.13
2011.08.30 15:26:57.342,1.10787,1.10799,1.50,1.35
2011.08.30 15:26:57.594,1.10781,1.10799,1.50,3.23
2011.08.30 15:26:57.716,1.10781,1.10797,1.50,1.58
2011.08.30 15:26:58.305,1.10781,1.10797,1.88,1.58
2011.08.30 15:26:58.434,1.10791,1.10799,1.13,2.25
2011.08.30 15:26:58.558,1.10792,1.10804,1.13,1.50
2011.08.30 15:26:59.257,1.1079,1.10804,1.50,1.13
2011.08.30 15:26:59.396,1.10787,1.10802,1.13,1.50
2011.08.30 15:26:59.756,1.10785,1.108,1.35,1.13
2011.08.30 15:27:00.116,1.10789,1.10804,1.50,1.58
2011.08.30 15:27:00.467,1.10787,1.10801,1.50,1.20
2011.08.30 15:27:01.514,1.10787,1.10802,1.50,1.20
2011.08.30 15:27:02.642,1.10787,1.10801,1.50,2.33
2011.08.30 15:27:03.244,1.10781,1.10797,1.13,1.13
2011.08.30 15:27:03.844,1.10781,1.10797,1.88,1.13
2011.08.30 15:27:07.685,1.10781,1.10797,1.13,1.13
2011.08.30 15:27:07.804,1.1078,1.10797,1.88,1.50
2011.08.30 15:27:08.166,1.10773,1.10785,3.00,3.08
2011.08.30 15:27:08.288,1.10766,1.10783,3.00,1.13
2011.08.30 15:27:09.057,1.10766,1.10782,1.13,1.50
2011.08.30 15:27:10.176,1.10766,1.10782,2.25,1.50
2011.08.30 15:27:11.112,1.10768,1.10784,3.75,1.58
2011.08.30 15:27:11.354,1.10773,1.10787,1.50,1.35
2011.08.30 15:27:11.852,1.10772,1.10784,1.50,1.88
2011.08.30 15:27:11.985,1.1077,1.10784,1.50,1.88
2011.08.30 15:27:12.110,1.10768,1.10783,1.13,1.88
2011.08.30 15:27:12.712,1.10766,1.10781,1.88,1.88
2011.08.30 15:27:13.079,1.10766,1.10781,1.50,1.50
2011.08.30 15:27:13.330,1.10775,1.10788,1.13,1.50
2011.08.30 15:27:13.454,1.10775,1.10789,1.13,2.33
2011.08.30 15:27:14.049,1.10775,1.10789,1.13,1.50
2011.08.30 15:27:14.666,1.10775,1.10789,1.13,2.63
2011.08.30 15:27:14.791,1.10776,1.10789,1.50,1.50
2011.08.30 15:27:14.919,1.10779,1.10794,1.13,7.58
2011.08.30 15:27:15.053,1.1078,1.10796,1.50,3.45
2011.08.30 15:27:15.178,1.10782,1.10796,1.13,2.63
2011.08.30 15:27:15.308,1.10782,1.10796,1.13,1.88
2011.08.30 15:27:15.548,1.10781,1.10796,1.13,1.88
2011.08.30 15:27:15.793,1.1078,1.10795,2.25,1.50
2011.08.30 15:27:16.246,1.10777,1.10793,2.63,1.13
2011.08.30 15:27:16.472,1.10778,1.10793,1.50,1.13
2011.08.30 15:27:17.518,1.10778,1.10793,1.88,1.13
2011.08.30 15:27:18.628,1.10779,1.10793,1.13,1.13
2011.08.30 15:27:18.763,1.10775,1.10787,1.50,1.13
2011.08.30 15:27:19.008,1.1077,1.10784,1.50,1.13
2011.08.30 15:27:19.138,1.10769,1.10784,1.13,1.13
2011.08.30 15:27:20.023,1.10768,1.10784,1.13,2.25
2011.08.30 15:27:21.035,1.1077,1.10786,1.13,2.70
2011.08.30 15:27:21.276,1.1077,1.10786,1.88,1.95
2011.08.30 15:27:22.837,1.10771,1.10787,1.88,1.95
2011.08.30 15:27:23.304,1.10773,1.10787,1.50,1.88
2011.08.30 15:27:23.882,1.10771,1.10787,1.13,1.88
2011.08.30 15:27:24.733,1.10771,1.10787,1.88,1.88
2011.08.30 15:27:24.853,1.10772,1.10787,1.50,1.13
2011.08.30 15:27:25.444,1.10772,1.10787,1.50,1.13
2011.08.30 15:27:26.814,1.10774,1.10788,1.50,1.13
2011.08.30 15:27:27.381,1.10774,1.10788,1.50,1.13
2011.08.30 15:27:28.088,1.10776,1.1079,1.50,3.08
2011.08.30 15:27:28.332,1.10773,1.1079,2.25,2.33
2011.08.30 15:27:28.903,1.10773,1.10789,2.63,1.13
2011.08.30 15:27:30.373,1.10773,1.10789,1.13,2.70
2011.08.30 15:27:30.603,1.10771,1.10787,1.88,1.13
2011.08.30 15:27:31.054,1.10772,1.1079,2.25,2.70
2011.08.30 15:27:31.621,1.10774,1.1079,1.13,2.70
2011.08.30 15:27:32.634,1.10773,1.10787,1.50,2.85
2011.08.30 15:27:33.029,1.10771,1.10782,3.00,2.25
2011.08.30 15:27:33.166,1.10761,1.10774,2.25,1.13
2011.08.30 15:27:33.646,1.10757,1.10773,1.13,1.95
2011.08.30 15:27:34.234,1.10757,1.10773,1.13,1.95
2011.08.30 15:27:34.463,1.10757,1.10773,1.50,1.88
2011.08.30 15:27:36.624,1.10757,1.10773,1.13,1.88
2011.08.30 15:27:37.194,1.10757,1.10772,1.13,1.13
2011.08.30 15:27:37.552,1.1077,1.1078,1.13,1.58
2011.08.30 15:27:37.686,1.10773,1.10785,2.48,1.58
2011.08.30 15:27:37.809,1.10774,1.10786,1.50,2.25
2011.08.30 15:27:38.176,1.10777,1.10791,1.13,1.13
2011.08.30 15:27:38.636,1.10776,1.10791,1.13,5.63
2011.08.30 15:27:39.233,1.10777,1.10791,1.13,1.13
2011.08.30 15:27:39.925,1.10775,1.10791,1.50,5.63
2011.08.30 15:27:40.727,1.10775,1.1079,1.13,1.50
2011.08.30 15:27:41.096,1.10774,1.1079,2.25,3.00
2011.08.30 15:27:42.796,1.10772,1.10786,1.13,1.13
2011.08.30 15:27:46.274,1.10772,1.10789,1.50,1.58
2011.08.30 15:27:46.517,1.10775,1.1079,1.13,1.20
2011.08.30 15:27:47.093,1.10775,1.10791,1.50,2.33
2011.08.30 15:27:47.684,1.10774,1.10788,1.88,1.13
2011.08.30 15:27:47.805,1.10774,1.10787,1.13,1.50
2011.08.30 15:27:48.033,1.10771,1.10786,1.88,1.13
2011.08.30 15:27:50.809,1.10773,1.10788,2.63,1.95
2011.08.30 15:27:51.154,1.10773,1.10788,1.88,2.70
2011.08.30 15:27:52.542,1.10773,1.10786,1.13,5.18
2011.08.30 15:27:53.285,1.10775,1.10786,1.50,1.43
2011.08.30 15:27:53.866,1.10776,1.10786,1.50,1.43
2011.08.30 15:27:54.097,1.10774,1.10787,2.25,1.13
2011.08.30 15:27:54.218,1.10774,1.10791,1.50,2.18
2011.08.30 15:27:54.803,1.10775,1.10791,1.88,2.18
2011.08.30 15:27:57.076,1.10775,1.1079,1.50,2.33
2011.08.30 15:27:57.199,1.10776,1.10791,1.88,2.18
2011.08.30 15:27:57.568,1.10781,1.10794,1.50,2.33
2011.08.30 15:27:57.699,1.10778,1.10793,1.50,1.20
2011.08.30 15:27:57.945,1.10779,1.10794,1.50,1.58
2011.08.30 15:27:58.310,1.10779,1.10792,2.25,2.70
2011.08.30 15:27:58.437,1.10774,1.1079,2.25,2.63
2011.08.30 15:27:58.574,1.10774,1.10789,1.50,1.95
2011.08.30 15:27:58.697,1.1077,1.10787,2.63,1.20
2011.08.30 15:27:58.813,1.1077,1.10786,2.63,1.13
2011.08.30 15:27:58.934,1.1077,1.10786,1.88,1.95
2011.08.30 15:27:59.403,1.10771,1.10787,1.50,1.95
2011.08.30 15:28:00.315,1.1077,1.10786,2.63,1.20
2011.08.30 15:28:01.135,1.1077,1.10785,1.88,1.58
2011.08.30 15:28:02.187,1.10769,1.10785,2.48,1.95
2011.08.30 15:28:02.866,1.10769,1.10785,3.23,1.20
2011.08.30 15:28:03.693,1.1077,1.10786,1.50,1.20
2011.08.30 15:28:06.194,1.10773,1.10788,1.13,1.58
2011.08.30 15:28:06.445,1.10773,1.10789,1.50,1.58
2011.08.30 15:28:06.702,1.10772,1.10787,1.88,1.88
2011.08.30 15:28:07.070,1.10773,1.10787,1.50,1.58
2011.08.30 15:28:07.555,1.10775,1.10789,1.13,1.20
2011.08.30 15:28:10.297,1.1077,1.10787,3.38,1.20
2011.08.30 15:28:10.427,1.1077,1.10785,1.13,1.58
2011.08.30 15:28:11.284,1.10772,1.10786,1.13,1.58
2011.08.30 15:28:11.652,1.10772,1.10788,1.50,1.58
2011.08.30 15:28:12.253,1.10773,1.10789,1.13,2.18
2011.08.30 15:28:12.615,1.10768,1.10784,1.88,2.33
2011.08.30 15:28:13.414,1.10768,1.10784,1.50,1.95
2011.08.30 15:28:13.535,1.10766,1.10782,2.63,1.13
2011.08.30 15:28:15.743,1.10768,1.10782,1.13,1.13
2011.08.30 15:28:16.230,1.1077,1.10786,1.13,3.08
2011.08.30 15:28:17.332,1.1077,1.10784,1.13,1.20
2011.08.30 15:28:20.302,1.1077,1.10786,1.13,1.58
2011.08.30 15:28:21.233,1.10771,1.10787,2.25,1.95
2011.08.30 15:28:21.359,1.10768,1.10782,1.50,1.50
2011.08.30 15:28:21.727,1.10765,1.1078,1.50,2.25
2011.08.30 15:28:22.202,1.10767,1.10783,1.13,1.95
2011.08.30 15:28:22.782,1.10766,1.10783,1.13,1.95
2011.08.30 15:28:23.895,1.10766,1.10782,1.13,2.63
2011.08.30 15:28:26.323,1.10766,1.10782,1.88,1.88
2011.08.30 15:28:27.133,1.10765,1.10782,1.88,4.13
2011.08.30 15:28:27.593,1.10766,1.10782,1.13,1.88
2011.08.30 15:28:30.303,1.10765,1.10781,1.13,1.50
2011.08.30 15:28:30.864,1.10765,1.10779,1.13,1.50
2011.08.30 15:28:30.985,1.10765,1.10782,1.13,1.88
2011.08.30 15:28:31.912,1.10765,1.10781,1.50,1.50
2011.08.30 15:28:35.602,1.10785,1.10794,1.13,3.75
2011.08.30 15:28:36.207,1.10788,1.10794,1.50,2.25
2011.08.30 15:28:36.327,1.10788,1.10804,2.25,2.33
2011.08.30 15:28:36.844,1.10787,1.10803,1.50,1.88
2011.08.30 15:28:37.087,1.10789,1.10805,1.88,3.08
2011.08.30 15:28:37.826,1.10789,1.10805,1.88,1.95
2011.08.30 15:28:38.409,1.10791,1.10808,1.50,3.08
2011.08.30 15:28:38.774,1.10793,1.1081,2.25,2.33
2011.08.30 15:28:39.342,1.10795,1.10809,1.13,1.50
2011.08.30 15:28:39.694,1.10793,1.10809,1.50,3.00
2011.08.30 15:28:40.219,1.10794,1.10808,1.13,1.13
2011.08.30 15:28:40.351,1.10796,1.10811,1.88,3.08
2011.08.30 15:28:40.720,1.10794,1.10811,1.50,3.08
2011.08.30 15:28:40.845,1.10796,1.10812,1.13,3.45
2011.08.30 15:28:42.579,1.10796,1.10809,1.13,1.50
2011.08.30 15:28:42.944,1.10791,1.10807,2.25,2.25
2011.08.30 15:28:43.703,1.1079,1.10806,2.25,1.58
2011.08.30 15:28:44.274,1.1079,1.10804,1.50,1.13
2011.08.30 15:28:44.853,1.1079,1.10807,2.25,1.58
2011.08.30 15:28:44.978,1.10792,1.10808,1.88,2.70
2011.08.30 15:28:45.224,1.10792,1.10808,1.88,1.95
2011.08.30 15:28:46.715,1.10792,1.10808,1.88,3.45
2011.08.30 15:28:46.838,1.10794,1.10808,1.13,2.33
2011.08.30 15:28:47.206,1.10793,1.10808,1.50,2.33
2011.08.30 15:28:47.763,1.1079,1.10805,1.50,1.20
2011.08.30 15:28:48.347,1.10788,1.10804,1.88,1.50
2011.08.30 15:28:48.589,1.10783,1.108,2.25,2.25
2011.08.30 15:28:48.721,1.10782,1.10796,1.50,1.50
2011.08.30 15:28:49.316,1.1078,1.10797,1.13,3.83
2011.08.30 15:28:50.147,1.10781,1.10797,1.13,1.95
2011.08.30 15:28:52.733,1.10781,1.10797,1.13,2.33
2011.08.30 15:28:53.074,1.10784,1.10798,1.13,1.95
2011.08.30 15:28:53.191,1.10784,1.10798,1.13,1.20
2011.08.30 15:28:53.995,1.10782,1.10796,2.48,1.50
2011.08.30 15:28:54.113,1.10782,1.10798,1.88,1.95
2011.08.30 15:28:55.694,1.10782,1.10798,1.13,1.20
2011.08.30 15:28:56.229,1.1078,1.10796,1.13,1.58
2011.08.30 15:28:56.474,1.1078,1.10794,1.13,1.20
2011.08.30 15:28:56.596,1.10777,1.10791,1.50,1.13
2011.08.30 15:28:56.837,1.10772,1.10789,2.25,1.50
2011.08.30 15:28:57.433,1.10776,1.10791,1.13,2.70
2011.08.30 15:28:59.879,1.10783,1.10797,2.63,1.58
2011.08.30 15:29:00.012,1.10783,1.10797,1.88,1.58
2011.08.30 15:29:00.137,1.10785,1.108,1.13,1.20
2011.08.30 15:29:00.374,1.10783,1.10795,1.50,1.13
2011.08.30 15:29:00.614,1.10779,1.10795,1.50,1.20
2011.08.30 15:29:01.097,1.10782,1.10798,1.88,2.55
2011.08.30 15:29:01.227,1.10782,1.10798,1.88,2.55
2011.08.30 15:29:02.041,1.10787,1.10801,1.50,1.58
2011.08.30 15:29:02.177,1.10791,1.10807,1.88,2.70
2011.08.30 15:29:03.892,1.10791,1.10806,1.13,1.50
2011.08.30 15:29:04.534,1.10789,1.10806,2.25,1.50
2011.08.30 15:29:04.774,1.10787,1.10803,1.88,1.20
2011.08.30 15:29:05.381,1.10788,1.10804,1.50,1.20
2011.08.30 15:29:07.015,1.10788,1.10805,1.88,1.95
2011.08.30 15:29:07.838,1.1079,1.10805,1.50,1.20
2011.08.30 15:29:08.447,1.1079,1.10805,1.13,1.58
2011.08.30 15:29:08.576,1.1079,1.10807,2.63,1.20
2011.08.30 15:29:09.806,1.1079,1.10806,1.88,1.20
2011.08.30 15:29:10.037,1.1079,1.10806,1.50,1.58
2011.08.30 15:29:10.403,1.10788,1.10803,1.50,1.58
2011.08.30 15:29:10.766,1.10784,1.10799,1.73,1.50
2011.08.30 15:29:11.352,1.10783,1.10799,1.88,1.20
2011.08.30 15:29:11.713,1.10783,1.10799,1.88,1.20
2011.08.30 15:29:12.963,1.10783,1.10799,1.88,1.58
2011.08.30 15:29:13.675,1.10783,1.10798,1.13,1.13
2011.08.30 15:29:15.602,1.10783,1.10798,1.13,1.95
2011.08.30 15:29:16.165,1.10781,1.10798,2.25,2.33
2011.08.30 15:29:16.530,1.10776,1.10791,1.50,1.88
2011.08.30 15:29:16.776,1.10775,1.1079,1.13,1.50
2011.08.30 15:29:17.424,1.10775,1.1079,1.13,1.58
2011.08.30 15:29:24.313,1.10776,1.1079,1.13,1.20
2011.08.30 15:29:25.112,1.10776,1.1079,1.13,1.13
2011.08.30 15:29:28.165,1.10776,1.1079,1.13,1.13
2011.08.30 15:29:28.740,1.10775,1.1079,1.13,1.88
2011.08.30 15:29:30.273,1.10775,1.10791,1.13,1.20
2011.08.30 15:29:30.502,1.10775,1.10791,1.88,1.20
2011.08.30 15:29:31.565,1.10778,1.10792,1.50,1.20
2011.08.30 15:29:31.904,1.10775,1.10792,1.88,1.20
2011.08.30 15:29:34.053,1.10774,1.10791,1.13,1.95
2011.08.30 15:29:34.393,1.10775,1.10792,1.13,1.95
2011.08.30 15:29:38.193,1.10777,1.10792,2.25,1.58
2011.08.30 15:29:38.785,1.10776,1.10788,1.50,1.88
2011.08.30 15:29:38.911,1.10773,1.10787,3.75,1.80
2011.08.30 15:29:39.038,1.1077,1.10785,1.13,1.50
2011.08.30 15:29:39.502,1.10769,1.10785,1.13,1.58
2011.08.30 15:29:40.071,1.10768,1.10785,1.13,1.95
2011.08.30 15:29:40.906,1.10767,1.10783,1.13,1.95
2011.08.30 15:29:41.028,1.10765,1.10781,1.88,2.63
2011.08.30 15:29:41.839,1.10765,1.10781,1.13,3.45
2011.08.30 15:29:42.537,1.10762,1.10777,1.50,1.50
2011.08.30 15:29:42.666,1.1076,1.10776,1.50,2.33
2011.08.30 15:29:42.783,1.10759,1.10775,2.10,3.08
2011.08.30 15:29:43.030,1.10755,1.10771,1.13,1.20
2011.08.30 15:29:43.265,1.10753,1.10771,2.85,2.33
2011.08.30 15:29:43.625,1.10749,1.10765,1.13,1.58
2011.08.30 15:29:43.985,1.10746,1.10763,1.50,2.70
2011.08.30 15:29:44.875,1.10747,1.10763,1.13,1.95
2011.08.30 15:29:45.215,1.10747,1.10763,1.50,1.58
2011.08.30 15:29:45.576,1.10749,1.10765,1.50,1.58
2011.08.30 15:29:45.814,1.10753,1.10768,1.13,2.33
2011.08.30 15:29:46.952,1.10751,1.10767,1.13,1.58
2011.08.30 15:29:47.567,1.10761,1.10769,1.13,1.35
2011.08.30 15:29:47.924,1.10764,1.10775,1.50,5.33
2011.08.30 15:29:48.164,1.10762,1.10775,1.50,5.33
2011.08.30 15:29:49.543,1.10763,1.10774,1.50,1.58
2011.08.30 15:29:49.666,1.10762,1.10774,1.13,2.18
2011.08.30 15:29:49.908,1.10757,1.10772,1.50,1.95
2011.08.30 15:29:50.037,1.10756,1.10769,1.50,1.35
2011.08.30 15:29:50.392,1.10755,1.10769,1.88,2.18
2011.08.30 15:29:50.986,1.10757,1.10773,1.88,2.70
2011.08.30 15:29:51.349,1.10757,1.10772,1.50,2.33
2011.08.30 15:29:51.601,1.10759,1.10774,1.13,2.93
2011.08.30 15:29:53.366,1.10761,1.10776,1.50,2.55
2011.08.30 15:29:56.806,1.10758,1.10774,1.13,2.10
2011.08.30 15:29:57.605,1.10757,1.10773,1.13,1.95
2011.08.30 15:29:58.243,1.10755,1.10771,2.25,1.13
2011.08.30 15:29:58.487,1.10758,1.10774,1.88,2.55
2011.08.30 15:29:59.688,1.10755,1.10766,2.25,1.20
2011.08.30 15:29:59.822,1.10749,1.10764,1.50,1.13
2011.08.30 15:30:00.071,1.10748,1.10764,1.13,1.13
2011.08.30 15:30:00.319,1.10752,1.10766,1.13,1.95
2011.08.30 15:30:00.915,1.10752,1.10767,1.13,1.13
2011.08.30 15:30:01.278,1.10751,1.10768,1.50,3.45
2011.08.30 15:30:01.924,1.1075,1.10765,1.13,1.20
2011.08.30 15:30:02.427,1.10753,1.10767,1.13,1.20
2011.08.30 15:30:02.671,1.10752,1.10768,1.13,1.20
2011.08.30 15:30:02.796,1.10752,1.1077,1.50,3.45
2011.08.30 15:30:04.104,1.10754,1.1077,1.13,1.95
2011.08.30 15:30:04.720,1.10751,1.10768,3.00,1.58
2011.08.30 15:30:05.364,1.10753,1.1077,1.50,1.95
2011.08.30 15:30:06.053,1.10754,1.1077,1.13,1.95
2011.08.30 15:30:07.391,1.10753,1.10769,1.50,1.95
2011.08.30 15:30:08.622,1.10754,1.1077,1.88,1.95
2011.08.30 15:30:11.272,1.10753,1.10769,1.50,1.20
2011.08.30 15:30:11.945,1.10754,1.1077,1.13,3.30
2011.08.30 15:30:13.725,1.10754,1.10769,1.13,1.20
2011.08.30 15:30:14.282,1.10754,1.1077,1.13,1.95
2011.08.30 15:30:16.702,1.10753,1.10769,1.50,1.20
2011.08.30 15:30:17.046,1.10755,1.1077,1.13,1.95
2011.08.30 15:30:21.820,1.10755,1.1077,1.13,1.20
2011.08.30 15:30:22.163,1.10755,1.10772,1.88,1.95
2011.08.30 15:30:22.944,1.10757,1.10773,1.13,1.88
2011.08.30 15:30:23.634,1.10757,1.10773,1.88,1.13
2011.08.30 15:30:23.876,1.10761,1.10775,1.50,3.30
2011.08.30 15:30:24.453,1.10761,1.10775,1.50,1.73
2011.08.30 15:30:26.431,1.10761,1.10775,1.50,2.10
2011.08.30 15:30:28.714,1.10759,1.10775,1.13,2.48
2011.08.30 15:30:28.833,1.10758,1.10773,1.50,1.20
2011.08.30 15:30:30.180,1.10757,1.10772,1.50,1.73
2011.08.30 15:30:30.617,1.10754,1.1077,1.88,1.20
2011.08.30 15:30:31.204,1.10754,1.10769,1.13,1.95
2011.08.30 15:30:31.803,1.10753,1.10768,1.13,1.95
2011.08.30 15:30:32.383,1.10751,1.10766,1.13,1.95
2011.08.30 15:30:40.692,1.10752,1.10766,1.50,1.58
2011.08.30 15:30:41.056,1.10755,1.10771,1.88,1.20
2011.08.30 15:30:41.642,1.10755,1.10771,1.13,1.20
2011.08.30 15:30:42.093,1.10756,1.10772,1.50,1.80
2011.08.30 15:30:46.072,1.10757,1.10771,1.13,1.20
2011.08.30 15:30:46.432,1.10757,1.10772,1.13,1.05
2011.08.30 15:30:47.466,1.10754,1.10772,3.75,2.18
2011.08.30 15:30:48.072,1.10754,1.1077,1.13,1.95
2011.08.30 15:30:48.209,1.10752,1.10766,1.13,1.13
2011.08.30 15:30:48.793,1.1075,1.10763,1.50,1.50
2011.08.30 15:30:49.363,1.1075,1.10766,1.50,1.95
2011.08.30 15:30:52.192,1.10752,1.10766,1.13,1.20
2011.08.30 15:30:52.763,1.1075,1.10766,2.25,1.95
2011.08.30 15:30:53.424,1.10752,1.10766,1.13,1.20
2011.08.30 15:30:55.192,1.10751,1.10766,1.50,1.95
2011.08.30 15:30:55.895,1.10748,1.10765,3.00,3.08
2011.08.30 15:30:56.015,1.10748,1.1076,1.50,1.13
2011.08.30 15:30:56.136,1.10743,1.1076,3.98,1.13
2011.08.30 15:30:57.169,1.10746,1.10762,2.25,1.13
2011.08.30 15:30:57.515,1.10746,1.10758,1.50,1.50
2011.08.30 15:30:57.638,1.10745,1.10757,1.50,1.13
2011.08.30 15:30:58.113,1.1074,1.10756,1.50,1.58
2011.08.30 15:30:58.237,1.10737,1.10754,2.63,1.20
2011.08.30 15:30:58.596,1.10735,1.10752,1.50,3.08
2011.08.30 15:30:58.713,1.10734,1.1075,2.25,1.58
2011.08.30 15:30:59.512,1.10734,1.1075,1.88,1.58
2011.08.30 15:31:00.372,1.10736,1.10752,1.50,2.70
2011.08.30 15:31:01.064,1.10738,1.10751,1.50,1.20
2011.08.30 15:31:01.896,1.1074,1.10754,1.13,3.08
2011.08.30 15:31:02.028,1.10746,1.10761,1.50,1.95
2011.08.30 15:31:02.984,1.10746,1.10762,1.50,1.58
2011.08.30 15:31:04.123,1.10746,1.10762,1.50,1.58
2011.08.30 15:31:06.764,1.10746,1.10761,1.50,3.08
2011.08.30 15:31:06.994,1.10742,1.10756,1.50,1.13
2011.08.30 15:31:07.229,1.1074,1.10755,1.50,1.50
2011.08.30 15:31:07.477,1.10737,1.10751,1.50,1.50
2011.08.30 15:31:08.046,1.10735,1.10752,1.50,1.58
2011.08.30 15:31:09.039,1.10734,1.1075,1.88,1.50
2011.08.30 15:31:09.604,1.10734,1.1075,1.50,1.50
2011.08.30 15:31:09.726,1.10735,1.10751,1.50,1.50
2011.08.30 15:31:11.283,1.10735,1.10751,1.50,1.50
2011.08.30 15:31:13.611,1.10735,1.10751,1.50,1.13
2011.08.30 15:31:14.673,1.10735,1.10751,1.50,1.50
2011.08.30 15:31:17.589,1.10737,1.10753,1.13,3.08
2011.08.30 15:31:17.719,1.10742,1.10755,1.50,1.20
2011.08.30 15:31:18.086,1.10745,1.10759,1.50,4.43
2011.08.30 15:31:18.440,1.10743,1.10759,1.50,4.43
2011.08.30 15:31:18.706,1.10743,1.10759,1.50,2.93
2011.08.30 15:31:19.514,1.10741,1.10758,1.50,2.33
2011.08.30 15:31:20.206,1.10741,1.10758,1.50,3.08
2011.08.30 15:31:20.784,1.10739,1.10756,1.88,1.13
2011.08.30 15:31:21.313,1.10741,1.10758,1.50,3.08
2011.08.30 15:31:22.235,1.10739,1.10748,1.50,1.35
2011.08.30 15:31:22.359,1.10732,1.10748,1.50,2.10
2011.08.30 15:31:22.814,1.1073,1.10746,1.50,1.50
2011.08.30 15:31:22.947,1.10727,1.10744,1.88,1.20
2011.08.30 15:31:24.211,1.10728,1.10744,1.50,1.20
2011.08.30 15:31:24.774,1.10729,1.10745,1.50,2.33
2011.08.30 15:31:25.354,1.10727,1.10743,1.88,1.20
2011.08.30 15:31:26.254,1.10729,1.10744,1.13,1.20
2011.08.30 15:31:26.379,1.1073,1.10745,1.88,1.95
2011.08.30 15:31:26.507,1.1073,1.10746,1.13,1.50
2011.08.30 15:31:26.984,1.1073,1.10747,2.25,1.50
2011.08.30 15:31:29.963,1.10732,1.10747,1.13,1.50
2011.08.30 15:31:32.334,1.10736,1.10747,2.25,1.50
2011.08.30 15:31:32.463,1.1074,1.10756,1.13,1.20
2011.08.30 15:31:32.587,1.10741,1.10756,1.73,1.13
2011.08.30 15:31:33.174,1.10741,1.10756,1.88,1.13
2011.08.30 15:31:34.457,1.10741,1.10755,1.88,1.13
2011.08.30 15:31:35.757,1.10741,1.10757,3.23,1.13
2011.08.30 15:31:35.876,1.1075,1.10759,1.13,1.50
2011.08.30 15:31:35.994,1.1075,1.10764,1.13,1.20
2011.08.30 15:31:36.239,1.1075,1.10765,1.13,1.13
2011.08.30 15:31:38.028,1.10749,1.10765,1.88,1.50
2011.08.30 15:31:39.443,1.10749,1.10763,1.13,1.13
2011.08.30 15:31:40.001,1.10749,1.10765,1.13,1.50
2011.08.30 15:31:40.342,1.10749,1.10765,1.13,1.13
2011.08.30 15:31:42.621,1.10748,1.10765,3.38,1.13
2011.08.30 15:31:44.201,1.10748,1.10765,2.25,1.50
2011.08.30 15:31:46.284,1.10747,1.10763,2.63,1.13
2011.08.30 15:31:46.405,1.10747,1.10763,1.88,1.50
2011.08.30 15:31:46.989,1.10742,1.10758,2.63,1.35
2011.08.30 15:31:47.582,1.10742,1.10759,1.50,2.33
2011.08.30 15:31:51.663,1.10741,1.10757,1.13,1.50
2011.08.30 15:31:52.142,1.10742,1.10758,1.50,1.58
2011.08.30 15:31:52.883,1.10742,1.10758,1.50,1.58
2011.08.30 15:31:55.601,1.1074,1.10757,1.88,1.13
2011.08.30 15:31:56.285,1.10739,1.10757,1.50,2.18
2011.08.30 15:31:56.643,1.10737,1.10754,1.50,2.33
2011.08.30 15:31:57.018,1.10736,1.10753,1.50,1.50
2011.08.30 15:32:00.275,1.10735,1.1075,1.13,1.13
2011.08.30 15:32:00.395,1.10735,1.10751,1.13,1.50
2011.08.30 15:32:02.439,1.10734,1.1075,1.88,1.13
2011.08.30 15:32:04.215,1.10734,1.1075,1.50,1.13
2011.08.30 15:32:05.017,1.10734,1.1075,2.25,1.13
2011.08.30 15:32:05.590,1.10734,1.10752,1.88,1.50
2011.08.30 15:32:05.713,1.10735,1.10752,1.50,1.50
2011.08.30 15:32:07.073,1.10735,1.10752,1.50,1.50
2011.08.30 15:32:07.198,1.10737,1.10753,1.13,1.20
2011.08.30 15:32:08.363,1.10739,1.10755,2.63,1.13
2011.08.30 15:32:10.417,1.10741,1.10759,3.00,3.45
2011.08.30 15:32:10.790,1.10749,1.1076,1.50,1.13
2011.08.30 15:32:11.155,1.10747,1.10765,2.10,2.33
2011.08.30 15:32:11.535,1.10747,1.10762,1.50,1.50
2011.08.30 15:32:11.657,1.10745,1.10761,1.50,1.50
2011.08.30 15:32:13.604,1.10744,1.10761,1.50,1.58
2011.08.30 15:32:14.206,1.10743,1.10758,1.13,1.13
2011.08.30 15:32:14.953,1.10738,1.10754,1.50,2.25
2011.08.30 15:32:15.664,1.10735,1.10752,1.88,1.58
2011.08.30 15:32:16.232,1.10735,1.10752,1.50,1.58
2011.08.30 15:32:16.806,1.10733,1.10749,2.25,1.50
2011.08.30 15:32:16.924,1.10733,1.10749,1.50,1.50
2011.08.30 15:32:18.785,1.10731,1.10747,1.50,2.25
2011.08.30 15:32:18.904,1.10731,1.10745,1.50,1.50
2011.08.30 15:32:19.492,1.10728,1.10744,1.13,1.50
2011.08.30 15:32:20.172,1.10728,1.10745,1.13,2.33
2011.08.30 15:32:25.713,1.10727,1.10743,1.13,1.95
2011.08.30 15:32:26.323,1.10728,1.10743,1.13,1.20
2011.08.30 15:32:27.273,1.10728,1.10742,1.13,1.13
2011.08.30 15:32:27.830,1.10727,1.10742,1.13,1.88
2011.08.30 15:32:30.951,1.10726,1.10741,2.63,1.13
2011.08.30 15:32:31.735,1.10726,1.1074,1.88,1.88
2011.08.30 15:32:32.249,1.10722,1.10736,1.50,1.50
2011.08.30 15:32:32.496,1.10719,1.10734,1.13,1.13
2011.08.30 15:32:34.493,1.1072,1.10734,1.13,1.88
2011.08.30 15:32:35.089,1.10721,1.10737,1.13,1.88
2011.08.30 15:32:35.217,1.10724,1.10738,1.13,1.20
2011.08.30 15:32:35.574,1.10727,1.10742,1.13,1.20
2011.08.30 15:32:36.175,1.10725,1.10741,1.50,1.20
2011.08.30 15:32:36.561,1.10727,1.10743,1.88,3.08
2011.08.30 15:32:37.254,1.10729,1.10743,1.13,1.58
2011.08.30 15:32:37.376,1.10729,1.10745,1.13,1.50
2011.08.30 15:32:37.501,1.10731,1.10748,1.50,2.33
2011.08.30 15:32:37.749,1.10731,1.10747,1.50,2.33
2011.08.30 15:32:38.123,1.10734,1.10749,1.13,1.58
2011.08.30 15:32:38.367,1.10738,1.10753,1.50,1.58
2011.08.30 15:32:38.619,1.10743,1.10756,1.50,1.13
2011.08.30 15:32:39.187,1.10742,1.10757,1.13,1.13
2011.08.30 15:32:40.366,1.10742,1.10756,1.13,1.13
2011.08.30 15:32:40.484,1.10739,1.10755,1.50,1.50
2011.08.30 15:32:40.606,1.10736,1.1075,1.88,1.13
2011.08.30 15:32:41.172,1.10736,1.10753,2.63,1.50
2011.08.30 15:32:42.195,1.10736,1.10753,2.25,2.33
2011.08.30 15:32:43.603,1.10736,1.10753,1.50,1.58
2011.08.30 15:32:45.511,1.10736,1.10753,1.50,2.33
2011.08.30 15:32:48.171,1.10734,1.1075,2.63,1.13
2011.08.30 15:32:48.290,1.10734,1.1075,1.88,1.88
2011.08.30 15:32:49.220,1.10734,1.1075,1.88,1.50
2011.08.30 15:32:51.696,1.10735,1.10752,1.13,1.58
2011.08.30 15:32:52.159,1.1073,1.10745,1.50,1.50
2011.08.30 15:32:57.541,1.10731,1.10747,1.88,1.95
2011.08.30 15:32:57.786,1.10734,1.10749,1.88,1.88
2011.08.30 15:32:58.372,1.10735,1.1075,1.13,1.13
2011.08.30 15:32:58.953,1.10735,1.10751,1.13,1.20
2011.08.30 15:33:01.271,1.10735,1.10751,1.88,1.20
2011.08.30 15:33:02.932,1.10738,1.10753,1.50,1.58
2011.08.30 15:33:03.838,1.10739,1.10753,1.13,1.13
2011.08.30 15:33:04.335,1.10743,1.10756,1.13,1.58
2011.08.30 15:33:04.458,1.10743,1.10757,1.13,1.50
2011.08.30 15:33:05.275,1.10742,1.10756,1.88,1.88
2011.08.30 15:33:05.515,1.10742,1.10756,1.13,1.88
2011.08.30 15:33:05.753,1.10742,1.10756,1.13,1.88
2011.08.30 15:33:06.203,1.1074,1.10756,1.50,2.25
2011.08.30 15:33:06.666,1.10737,1.10752,1.50,1.13
2011.08.30 15:33:07.132,1.10737,1.10753,1.50,1.95
2011.08.30 15:33:07.852,1.10735,1.10749,1.13,1.13
2011.08.30 15:33:08.553,1.10731,1.10748,1.88,1.13
2011.08.30 15:33:08.675,1.10731,1.10748,1.50,2.33
2011.08.30 15:33:08.795,1.10731,1.10746,1.50,1.50
2011.08.30 15:33:08.916,1.10729,1.10744,1.13,1.13
2011.08.30 15:33:09.154,1.1073,1.10745,2.63,1.13
2011.08.30 15:33:09.648,1.10738,1.10752,1.50,1.13
2011.08.30 15:33:09.894,1.10736,1.10752,1.88,1.88
2011.08.30 15:33:10.123,1.10736,1.10752,1.13,2.63
2011.08.30 15:33:12.185,1.10733,1.10749,2.10,1.50
2011.08.30 15:33:12.548,1.1073,1.10746,1.50,1.13
2011.08.30 15:33:12.679,1.1073,1.10745,1.50,1.13
2011.08.30 15:33:13.314,1.10729,1.10745,1.13,1.95
2011.08.30 15:33:15.164,1.1073,1.10746,1.50,2.70
2011.08.30 15:33:15.723,1.10728,1.10744,1.13,1.20
2011.08.30 15:33:16.394,1.10728,1.10744,1.13,2.55
2011.08.30 15:33:16.747,1.10726,1.10743,1.13,1.20
2011.08.30 15:33:16.867,1.10725,1.1074,1.50,3.00
2011.08.30 15:33:17.268,1.1072,1.10734,1.73,1.50
2011.08.30 15:33:17.864,1.1072,1.10735,1.73,1.13
2011.08.30 15:33:18.452,1.10721,1.10736,1.13,1.13
2011.08.30 15:33:20.218,1.1072,1.10732,2.10,2.63
2011.08.30 15:33:20.586,1.10719,1.10731,1.13,3.00
2011.08.30 15:33:20.704,1.10719,1.10735,1.13,1.95
2011.08.30 15:33:20.934,1.1072,1.10736,1.50,1.20
2011.08.30 15:33:21.054,1.10719,1.10735,1.13,1.13
2011.08.30 15:33:21.173,1.1072,1.10737,1.50,1.58
2011.08.30 15:33:21.777,1.10722,1.10738,1.50,2.18
2011.08.30 15:33:22.385,1.10722,1.10738,1.50,2.18
2011.08.30 15:33:22.942,1.10722,1.10738,1.50,1.20
2011.08.30 15:33:23.067,1.10725,1.10739,1.13,1.13
2011.08.30 15:33:23.187,1.10726,1.10742,1.13,1.95
2011.08.30 15:33:24.315,1.10728,1.10743,1.13,3.30
2011.08.30 15:33:24.655,1.10728,1.10743,1.50,1.43
2011.08.30 15:33:25.048,1.10732,1.10744,1.50,1.35
2011.08.30 15:33:25.176,1.1073,1.10743,1.50,1.13
2011.08.30 15:33:25.626,1.1073,1.10743,1.50,1.13
2011.08.30 15:33:25.750,1.10729,1.10743,1.50,2.48
2011.08.30 15:33:26.331,1.10727,1.10741,1.88,1.13
2011.08.30 15:33:27.792,1.10727,1.10743,1.88,4.43
2011.08.30 15:33:28.464,1.10729,1.10743,1.13,1.80
2011.08.30 15:33:28.986,1.10726,1.10741,1.50,1.35
2011.08.30 15:33:29.334,1.10731,1.10743,1.50,1.73
2011.08.30 15:33:33.971,1.10732,1.10744,1.13,1.35
2011.08.30 15:33:34.335,1.10735,1.10748,1.88,1.50
2011.08.30 15:33:34.457,1.10736,1.10749,1.50,1.13
2011.08.30 15:33:34.573,1.10735,1.10749,1.88,1.13
2011.08.30 15:33:36.184,1.10736,1.10751,1.50,1.50
2011.08.30 15:33:37.850,1.10735,1.1075,1.13,1.13
2011.08.30 15:33:38.407,1.10737,1.10753,1.13,1.95
2011.08.30 15:33:38.528,1.10737,1.10754,1.50,1.58
2011.08.30 15:33:38.925,1.10742,1.10757,1.50,1.20
2011.08.30 15:33:39.168,1.10743,1.10757,1.50,1.13
2011.08.30 15:33:40.653,1.10743,1.10759,2.25,1.13
2011.08.30 15:33:41.112,1.10743,1.10758,1.50,1.13
2011.08.30 15:33:41.672,1.10744,1.1076,1.50,1.35
2011.08.30 15:33:42.018,1.10746,1.10761,1.13,1.88
2011.08.30 15:33:42.150,1.10751,1.10764,1.13,1.58
2011.08.30 15:33:42.517,1.10754,1.10767,1.50,2.10
2011.08.30 15:33:43.713,1.10752,1.10768,1.50,1.13
2011.08.30 15:33:43.834,1.10751,1.10767,1.13,1.13
2011.08.30 15:33:44.184,1.10752,1.10767,1.50,1.13
2011.08.30 15:33:44.535,1.10752,1.10767,1.50,1.50
2011.08.30 15:33:44.658,1.10749,1.10766,2.63,1.58
2011.08.30 15:33:45.232,1.10748,1.10763,1.88,1.13
2011.08.30 15:33:48.232,1.10748,1.10761,1.88,1.50
2011.08.30 15:33:49.012,1.10748,1.10761,1.88,1.50
2011.08.30 15:33:52.008,1.10747,1.10759,1.50,1.13
2011.08.30 15:33:52.553,1.10742,1.10758,1.13,1.88
2011.08.30 15:33:53.123,1.10744,1.10754,1.50,1.50
2011.08.30 15:33:53.868,1.10744,1.10755,1.50,1.50
2011.08.30 15:33:55.013,1.10744,1.10756,1.50,1.50
2011.08.30 15:33:55.612,1.10743,1.10755,1.88,1.50
2011.08.30 15:33:55.854,1.10743,1.10755,1.88,1.50
2011.08.30 15:33:58.277,1.10741,1.10754,2.25,1.50
2011.08.30 15:33:58.398,1.1074,1.10754,2.25,1.13
2011.08.30 15:33:58.527,1.10739,1.10755,1.50,1.13
2011.08.30 15:33:59.305,1.10739,1.10755,2.25,3.08
2011.08.30 15:33:59.642,1.1074,1.10756,1.13,2.33
2011.08.30 15:33:59.766,1.10745,1.10758,1.13,3.00
2011.08.30 15:34:00.123,1.10747,1.10758,1.50,1.50
2011.08.30 15:34:00.244,1.10746,1.10759,1.50,1.13
2011.08.30 15:34:00.364,1.10748,1.1076,1.13,1.50
2011.08.30 15:34:00.485,1.10749,1.10764,2.25,1.50
2011.08.30 15:34:01.121,1.10749,1.10764,1.50,1.50
2011.08.30 15:34:01.585,1.10752,1.10766,1.50,1.50
2011.08.30 15:34:02.166,1.10753,1.10764,1.50,1.50
2011.08.30 15:34:02.523,1.1076,1.10769,1.50,1.50
2011.08.30 15:34:02.876,1.10759,1.10767,1.88,1.50
2011.08.30 15:34:03.104,1.10761,1.10776,1.50,1.05
2011.08.30 15:34:03.225,1.10759,1.10776,1.88,1.20
2011.08.30 15:34:03.346,1.1076,1.10777,1.50,1.58
2011.08.30 15:34:03.587,1.10759,1.10775,1.13,1.13
2011.08.30 15:34:04.042,1.10758,1.10775,1.13,1.88
2011.08.30 15:34:04.623,1.10758,1.10775,1.50,1.50
2011.08.30 15:34:05.504,1.10758,1.10774,1.13,1.20
2011.08.30 15:34:06.269,1.10756,1.10773,1.13,1.58
2011.08.30 15:34:06.842,1.10755,1.10771,1.13,1.20
2011.08.30 15:34:07.503,1.10755,1.10771,1.13,1.58
2011.08.30 15:34:08.065,1.10754,1.10769,1.88,1.13
2011.08.30 15:34:09.546,1.10756,1.10772,1.50,1.50
2011.08.30 15:34:09.904,1.10763,1.10777,1.50,1.58
2011.08.30 15:34:10.025,1.10762,1.10775,1.88,1.58
2011.08.30 15:34:10.468,1.10762,1.10773,1.13,1.50
2011.08.30 15:34:10.717,1.10762,1.10777,1.13,1.58
2011.08.30 15:34:11.302,1.1076,1.10777,3.00,1.58
2011.08.30 15:34:11.833,1.10762,1.10778,1.13,1.95
2011.08.30 15:34:12.404,1.1076,1.10776,2.25,1.58
2011.08.30 15:34:13.252,1.1076,1.10776,1.88,1.95
2011.08.30 15:34:13.815,1.10762,1.10778,1.50,1.95
2011.08.30 15:34:14.395,1.10762,1.10778,1.50,1.20
2011.08.30 15:34:15.046,1.10763,1.10779,1.13,1.20
2011.08.30 15:34:15.523,1.10763,1.10778,1.13,1.88
2011.08.30 15:34:15.864,1.10763,1.10779,1.88,1.13
2011.08.30 15:34:16.423,1.10763,1.1078,1.88,1.13
2011.08.30 15:34:17.456,1.10764,1.10781,1.88,1.20
2011.08.30 15:34:18.136,1.10765,1.10781,1.13,1.20
2011.08.30 15:34:18.259,1.10765,1.10782,3.75,1.58
2011.08.30 15:34:18.852,1.10768,1.10784,1.50,1.95
2011.08.30 15:34:20.243,1.10767,1.10783,1.13,1.13
2011.08.30 15:34:20.703,1.10765,1.10781,2.63,1.50
2011.08.30 15:34:21.068,1.10763,1.10779,3.00,2.63
2011.08.30 15:34:21.565,1.10763,1.10777,3.00,1.50
2011.08.30 15:34:21.701,1.10765,1.10779,1.50,1.50
2011.08.30 15:34:21.828,1.10767,1.10779,1.13,1.50
2011.08.30 15:34:22.197,1.10767,1.10779,1.50,1.50
2011.08.30 15:34:22.795,1.10767,1.1078,2.25,1.50
2011.08.30 15:34:23.036,1.10767,1.1078,1.88,1.50
2011.08.30 15:34:24.056,1.10766,1.1078,2.25,1.50
2011.08.30 15:34:24.685,1.1077,1.10778,1.13,1.50
2011.08.30 15:34:24.808,1.1077,1.1078,1.13,1.50
2011.08.30 15:34:24.937,1.1077,1.10786,1.13,2.33
2011.08.30 15:34:25.060,1.10773,1.10787,1.50,1.58
2011.08.30 15:34:25.187,1.10775,1.1079,1.13,1.80
2011.08.30 15:34:25.784,1.10774,1.10788,1.88,2.25
2011.08.30 15:34:25.903,1.10774,1.10788,2.63,1.50
2011.08.30 15:34:26.148,1.10777,1.1079,1.88,1.58
2011.08.30 15:34:26.396,1.1078,1.10795,1.50,1.50
2011.08.30 15:34:27.378,1.10781,1.10791,5.48,1.50
2011.08.30 15:34:27.742,1.10781,1.10794,1.13,1.50
2011.08.30 15:34:28.322,1.10779,1.10793,1.88,1.50
2011.08.30 15:34:28.897,1.10778,1.10789,1.50,2.25
2011.08.30 15:34:29.136,1.10781,1.10791,1.73,1.50
2011.08.30 15:34:29.378,1.10779,1.10791,1.88,1.50
2011.08.30 15:34:29.954,1.10776,1.10788,1.50,1.50
2011.08.30 15:34:30.507,1.10776,1.10791,1.50,2.25
2011.08.30 15:34:30.875,1.10778,1.10791,1.13,1.50
2011.08.30 15:34:31.238,1.10777,1.10788,1.88,1.50
2011.08.30 15:34:31.726,1.10778,1.1079,1.50,1.50
2011.08.30 15:34:32.185,1.10777,1.10792,2.25,1.88
2011.08.30 15:34:32.309,1.10777,1.10792,2.25,2.25
2011.08.30 15:34:33.642,1.10779,1.10789,1.13,1.50
2011.08.30 15:34:34.103,1.10777,1.10789,2.10,1.50
2011.08.30 15:34:34.349,1.10779,1.10791,1.13,1.50
2011.08.30 15:34:34.475,1.10779,1.10791,1.13,2.25
2011.08.30 15:34:34.837,1.10773,1.10789,3.60,1.50
2011.08.30 15:34:35.077,1.10774,1.10786,1.35,1.50
2011.08.30 15:34:35.315,1.10771,1.10785,1.13,1.50
2011.08.30 15:34:35.436,1.10771,1.10784,1.13,1.50
2011.08.30 15:34:36.297,1.10769,1.10782,2.25,1.50
2011.08.30 15:34:36.442,1.10766,1.1078,1.88,1.50
2011.08.30 15:34:36.689,1.10766,1.10779,1.13,1.50
2011.08.30 15:34:37.166,1.10766,1.1078,1.88,1.50
2011.08.30 15:34:37.633,1.10766,1.1078,2.25,1.50
2011.08.30 15:34:38.456,1.10771,1.1078,1.50,1.50
2011.08.30 15:34:39.034,1.10768,1.10782,2.25,1.50
2011.08.30 15:34:40.040,1.10767,1.1078,1.13,1.50
2011.08.30 15:34:40.189,1.10772,1.10784,1.50,1.50
2011.08.30 15:34:40.316,1.10772,1.10787,2.25,1.50
2011.08.30 15:34:40.655,1.10777,1.10787,1.13,1.50
2011.08.30 15:34:40.897,1.10778,1.1079,1.35,1.50
2011.08.30 15:34:41.135,1.10781,1.10792,1.50,1.50
2011.08.30 15:34:41.615,1.10779,1.10792,1.50,1.50
2011.08.30 15:34:42.087,1.10777,1.10791,1.73,1.13
2011.08.30 15:34:42.637,1.10775,1.10784,1.35,1.50
2011.08.30 15:34:43.498,1.10773,1.10785,1.35,1.13
2011.08.30 15:34:44.213,1.10774,1.10787,1.35,1.13
2011.08.30 15:34:45.335,1.10776,1.10788,1.35,1.58
2011.08.30 15:34:45.866,1.10778,1.10792,1.13,1.50
2011.08.30 15:34:46.106,1.10777,1.10792,1.13,2.25
2011.08.30 15:34:46.574,1.10776,1.10789,1.88,1.50
2011.08.30 15:34:46.925,1.10787,1.10797,4.50,2.33
2011.08.30 15:34:47.165,1.10783,1.10795,1.13,1.50
2011.08.30 15:34:48.305,1.10782,1.10795,1.50,1.88
2011.08.30 15:34:48.425,1.1078,1.10795,1.35,1.88
2011.08.30 15:34:49.227,1.1078,1.10795,2.10,1.88
2011.08.30 15:34:49.357,1.1078,1.10795,2.10,1.50
2011.08.30 15:34:50.162,1.10787,1.10797,5.10,1.88
2011.08.30 15:34:50.753,1.10784,1.10796,1.13,1.50
2011.08.30 15:34:51.213,1.10785,1.10796,2.10,1.50
2011.08.30 15:34:51.563,1.10784,1.10798,1.73,1.13
2011.08.30 15:34:53.794,1.10785,1.10797,5.10,1.50
2011.08.30 15:34:54.224,1.10784,1.10796,2.85,1.50
2011.08.30 15:34:54.793,1.10784,1.10798,1.35,1.88
2011.08.30 15:34:55.772,1.10782,1.10797,1.88,1.50
2011.08.30 15:34:55.895,1.10782,1.10795,1.88,1.50
2011.08.30 15:34:57.833,1.10784,1.10798,1.50,2.63
2011.08.30 15:34:59.494,1.10784,1.10798,1.50,1.88
2011.08.30 15:35:01.176,1.10784,1.10798,1.13,1.13
2011.08.30 15:35:01.625,1.10785,1.10798,1.13,2.25
2011.08.30 15:35:01.865,1.10789,1.108,2.25,1.13
2011.08.30 15:35:01.984,1.10788,1.10795,1.50,1.50
2011.08.30 15:35:02.103,1.10788,1.10795,1.50,1.50
2011.08.30 15:35:02.343,1.10784,1.10795,1.88,1.50
2011.08.30 15:35:02.792,1.10782,1.10795,1.88,2.25
2011.08.30 15:35:03.156,1.1078,1.10793,1.13,2.25
2011.08.30 15:35:03.392,1.1078,1.10793,1.13,1.50
2011.08.30 15:35:03.517,1.10779,1.10793,1.50,2.25
2011.08.30 15:35:04.230,1.10772,1.10788,1.13,1.88
2011.08.30 15:35:04.594,1.10771,1.10785,1.35,1.88
2011.08.30 15:35:05.187,1.10771,1.10785,1.35,1.13
2011.08.30 15:35:05.305,1.10772,1.10785,1.35,1.13
2011.08.30 15:35:05.673,1.10773,1.10785,2.48,1.50
2011.08.30 15:35:05.798,1.10773,1.10787,1.88,1.50
2011.08.30 15:35:06.037,1.10772,1.10785,2.25,1.50
2011.08.30 15:35:06.156,1.10772,1.10787,2.25,1.50
2011.08.30 15:35:06.772,1.10774,1.10789,1.13,1.20
2011.08.30 15:35:08.557,1.10774,1.10789,5.63,1.20
2011.08.30 15:35:08.903,1.10776,1.10787,1.35,1.50
2011.08.30 15:35:09.245,1.10775,1.10788,1.35,1.50
2011.08.30 15:35:09.367,1.10775,1.1079,1.35,1.13
2011.08.30 15:35:09.931,1.10776,1.1079,1.35,1.13
2011.08.30 15:35:10.403,1.10776,1.1079,2.10,1.13
2011.08.30 15:35:10.973,1.10768,1.10782,1.13,1.88
2011.08.30 15:35:11.222,1.10764,1.1078,1.88,2.70
2011.08.30 15:35:12.646,1.10766,1.1078,1.13,1.58
2011.08.30 15:35:13.005,1.10764,1.1078,3.38,1.50
2011.08.30 15:35:13.123,1.10764,1.10779,1.88,1.13
2011.08.30 15:35:15.159,1.1077,1.10779,4.50,1.20
2011.08.30 15:35:15.397,1.10769,1.10782,1.88,1.50
2011.08.30 15:35:15.852,1.10768,1.10781,1.50,1.58
2011.08.30 15:35:18.503,1.1077,1.10781,5.63,1.58
2011.08.30 15:35:19.074,1.1077,1.10782,1.50,2.33
2011.08.30 15:35:19.423,1.10767,1.10782,1.13,1.58
2011.08.30 15:35:19.974,1.10767,1.10781,1.13,1.58
2011.08.30 15:35:20.203,1.10767,1.10783,1.13,3.08
2011.08.30 15:35:20.325,1.10772,1.10783,4.50,1.50
2011.08.30 15:35:20.683,1.10769,1.10783,1.50,1.95
2011.08.30 15:35:21.035,1.10768,1.10781,4.50,1.50
2011.08.30 15:35:22.874,1.10769,1.10781,1.13,1.50
2011.08.30 15:35:23.464,1.10769,1.10781,1.88,1.50
2011.08.30 15:35:23.695,1.10769,1.10783,1.13,1.13
2011.08.30 15:35:24.312,1.10769,1.10782,1.13,1.50
2011.08.30 15:35:25.265,1.10769,1.10782,1.50,1.50
2011.08.30 15:35:25.383,1.10773,1.10785,1.50,1.50
2011.08.30 15:35:25.853,1.1077,1.10781,2.85,1.50
2011.08.30 15:35:25.975,1.1077,1.10781,2.10,1.50
2011.08.30 15:35:27.712,1.1077,1.10781,2.10,1.50
2011.08.30 15:35:30.379,1.10766,1.10781,2.85,1.88
2011.08.30 15:35:30.518,1.1076,1.10774,2.48,1.88
2011.08.30 15:35:30.648,1.10758,1.10773,5.48,1.50
2011.08.30 15:35:31.905,1.10758,1.1077,1.73,1.50
2011.08.30 15:35:32.026,1.10755,1.1077,1.50,1.88
2011.08.30 15:35:32.145,1.10754,1.10767,1.13,1.50
2011.08.30 15:35:32.266,1.10754,1.10768,1.13,1.50
2011.08.30 15:35:33.333,1.10753,1.10768,1.50,1.13
2011.08.30 15:35:33.947,1.10753,1.10768,1.50,1.95
2011.08.30 15:35:34.525,1.10761,1.10768,4.50,1.20
2011.08.30 15:35:34.886,1.10763,1.1077,1.50,2.25
2011.08.30 15:35:35.009,1.10762,1.10768,1.50,1.13
2011.08.30 15:35:35.137,1.10755,1.10768,1.13,1.50
2011.08.30 15:35:35.725,1.10758,1.10771,1.13,1.58
2011.08.30 15:35:36.283,1.10756,1.1077,1.13,1.13
2011.08.30 15:35:37.118,1.10762,1.10771,4.50,1.95
2011.08.30 15:35:37.487,1.10763,1.10773,3.00,1.13
2011.08.30 15:35:37.606,1.10763,1.10776,3.00,1.13
2011.08.30 15:35:37.726,1.10761,1.10774,1.73,1.50
2011.08.30 15:35:37.967,1.10758,1.10772,1.50,1.58
2011.08.30 15:35:38.913,1.10758,1.10772,1.50,1.50
2011.08.30 15:35:39.147,1.10758,1.10773,1.50,1.50
2011.08.30 15:35:39.725,1.10756,1.10772,2.63,1.88
2011.08.30 15:35:39.847,1.10756,1.10769,1.50,1.88
2011.08.30 15:35:39.964,1.10753,1.10769,3.23,2.63
2011.08.30 15:35:40.085,1.10753,1.10767,1.73,1.50
2011.08.30 15:35:40.814,1.10752,1.10766,2.48,1.13
2011.08.30 15:35:41.183,1.10754,1.10768,1.50,1.50
2011.08.30 15:35:41.304,1.10754,1.10769,1.50,1.88
2011.08.30 15:35:42.163,1.10756,1.10769,1.50,1.13
2011.08.30 15:35:43.483,1.10758,1.1077,2.25,1.95
2011.08.30 15:35:43.850,1.10759,1.10771,1.88,1.58
2011.08.30 15:35:43.977,1.10758,1.10772,1.13,1.58
2011.08.30 15:35:44.579,1.10759,1.10772,1.88,1.50
2011.08.30 15:35:45.903,1.10759,1.10772,1.13,1.50
2011.08.30 15:35:46.375,1.10759,1.10771,1.13,1.50
2011.08.30 15:35:47.314,1.10758,1.10771,1.13,1.50
2011.08.30 15:35:47.434,1.10757,1.10771,1.13,1.50
2011.08.30 15:35:48.245,1.10756,1.10771,1.88,1.50
2011.08.30 15:35:48.672,1.10758,1.10771,1.50,1.50
2011.08.30 15:35:49.678,1.10765,1.10774,4.50,1.95
2011.08.30 15:35:49.918,1.10758,1.10772,1.13,1.50
2011.08.30 15:35:50.044,1.10757,1.10771,1.13,1.50
2011.08.30 15:35:50.649,1.10758,1.10772,1.88,1.58
2011.08.30 15:35:51.496,1.1076,1.10773,1.88,1.58
2011.08.30 15:35:52.282,1.10766,1.10774,4.50,1.13
2011.08.30 15:35:52.531,1.10766,1.10776,1.13,1.50
2011.08.30 15:35:52.775,1.10768,1.1078,1.13,1.50
2011.08.30 15:35:53.133,1.10771,1.10783,1.88,1.50
2011.08.30 15:35:53.254,1.10771,1.10783,2.63,1.50
2011.08.30 15:35:55.026,1.10774,1.10787,1.50,1.13
2011.08.30 15:35:55.266,1.10773,1.10785,1.13,1.50
2011.08.30 15:35:55.496,1.10771,1.10782,1.13,1.50
2011.08.30 15:35:55.736,1.10771,1.10782,1.88,1.50
2011.08.30 15:35:56.294,1.10772,1.10782,1.50,1.50
2011.08.30 15:35:57.282,1.10775,1.10786,1.88,1.50
2011.08.30 15:35:57.527,1.10777,1.10793,1.88,2.70
2011.08.30 15:35:57.768,1.10778,1.10794,2.25,2.63
2011.08.30 15:35:57.904,1.1078,1.10794,1.35,1.13
2011.08.30 15:35:58.415,1.10779,1.10793,2.48,1.13
2011.08.30 15:35:58.769,1.10778,1.10791,2.48,1.50
2011.08.30 15:35:59.359,1.10786,1.10794,4.50,1.50
2011.08.30 15:35:59.606,1.10782,1.1079,4.35,1.50
2011.08.30 15:35:59.729,1.10786,1.10795,1.13,1.50
2011.08.30 15:35:59.858,1.10788,1.10802,1.50,1.50
2011.08.30 15:35:59.975,1.10789,1.10804,1.88,1.13
2011.08.30 15:36:00.334,1.10787,1.108,1.13,1.50
2011.08.30 15:36:00.906,1.10787,1.10804,1.88,1.95
2011.08.30 15:36:01.503,1.10788,1.10804,1.13,1.88
2011.08.30 15:36:01.867,1.10787,1.10802,1.88,1.50
2011.08.30 15:36:02.633,1.10787,1.10802,1.88,1.50
2011.08.30 15:36:03.207,1.1079,1.10802,1.88,1.58
2011.08.30 15:36:03.327,1.1079,1.10802,1.88,1.58
2011.08.30 15:36:03.447,1.1079,1.10802,1.13,1.50
2011.08.30 15:36:03.903,1.10789,1.10802,2.10,1.88
2011.08.30 15:36:04.135,1.10786,1.10799,1.13,1.50
2011.08.30 15:36:04.726,1.10786,1.10802,1.88,2.63
2011.08.30 15:36:05.157,1.10788,1.108,2.63,1.50
2011.08.30 15:36:05.713,1.1079,1.10802,1.50,1.88
2011.08.30 15:36:06.934,1.10791,1.10802,1.50,1.88
2011.08.30 15:36:07.297,1.10793,1.10804,2.10,1.50
2011.08.30 15:36:07.430,1.10793,1.10806,1.35,1.50
2011.08.30 15:36:08.025,1.10795,1.10808,1.50,1.13
2011.08.30 15:36:08.477,1.10794,1.10806,3.00,1.88
2011.08.30 15:36:08.600,1.10794,1.10804,2.25,1.50
2011.08.30 15:36:08.955,1.10793,1.10806,3.98,1.50
2011.08.30 15:36:09.196,1.108,1.10807,1.35,1.50
2011.08.30 15:36:09.318,1.108,1.10811,1.35,1.58
2011.08.30 15:36:09.436,1.108,1.10813,2.10,1.50
2011.08.30 15:36:09.556,1.10801,1.10813,1.50,1.50
2011.08.30 15:36:10.122,1.108,1.10815,2.25,1.88
2011.08.30 15:36:10.693,1.108,1.10813,1.50,1.50
2011.08.30 15:36:11.262,1.108,1.10814,1.50,1.50
2011.08.30 15:36:11.493,1.10799,1.10811,1.13,1.50
2011.08.30 15:36:12.163,1.10797,1.10811,2.25,1.13
2011.08.30 15:36:12.287,1.10797,1.10809,1.50,1.50
2011.08.30 15:36:13.653,1.10796,1.10807,2.10,1.50
2011.08.30 15:36:15.573,1.10796,1.10809,2.10,1.50
2011.08.30 15:36:15.697,1.10796,1.1081,2.10,1.13
2011.08.30 15:36:16.047,1.10797,1.10812,1.50,1.20
2011.08.30 15:36:16.603,1.10799,1.10812,1.50,1.13
2011.08.30 15:36:17.226,1.10799,1.10813,1.50,1.50
2011.08.30 15:36:17.589,1.10805,1.10814,1.50,1.50
2011.08.30 15:36:17.941,1.10807,1.10815,1.50,1.50
2011.08.30 15:36:18.414,1.10805,1.10814,1.50,1.50
2011.08.30 15:36:19.083,1.10802,1.10814,1.13,1.50
2011.08.30 15:36:20.427,1.10802,1.10814,1.88,1.50
2011.08.30 15:36:21.673,1.10802,1.10814,1.13,1.50
2011.08.30 15:36:21.917,1.10798,1.10812,1.50,1.13
2011.08.30 15:36:22.036,1.10797,1.10811,2.25,1.50
2011.08.30 15:36:23.792,1.10798,1.10812,1.13,1.95
2011.08.30 15:36:24.363,1.10798,1.10812,1.13,1.95
2011.08.30 15:36:24.946,1.10797,1.10811,1.13,1.13
2011.08.30 15:36:26.634,1.10797,1.10811,1.13,1.13
2011.08.30 15:36:27.822,1.10797,1.10811,1.13,1.88
2011.08.30 15:36:28.682,1.10792,1.10805,1.50,1.50
2011.08.30 15:36:29.059,1.10784,1.10797,1.13,1.50
2011.08.30 15:36:29.190,1.10781,1.10796,1.88,1.50
2011.08.30 15:36:29.545,1.10782,1.10796,1.13,1.50
2011.08.30 15:36:29.908,1.10785,1.10796,1.50,1.50
2011.08.30 15:36:30.040,1.10783,1.10796,1.88,1.50
2011.08.30 15:36:30.283,1.10783,1.10796,1.13,1.50
2011.08.30 15:36:32.148,1.10782,1.10796,1.13,1.88
2011.08.30 15:36:32.867,1.10782,1.10796,1.13,2.63
2011.08.30 15:36:33.431,1.1078,1.10796,3.00,2.25
2011.08.30 15:36:34.308,1.1078,1.10794,1.50,1.50
2011.08.30 15:36:34.555,1.10778,1.10793,1.88,2.25
2011.08.30 15:36:34.899,1.10777,1.10791,1.13,1.88
2011.08.30 15:36:35.256,1.10776,1.10789,1.13,1.50
2011.08.30 15:36:36.073,1.10777,1.10789,1.88,1.50
2011.08.30 15:36:37.002,1.10776,1.10789,2.25,1.50
2011.08.30 15:36:37.635,1.10778,1.10789,1.13,1.50
2011.08.30 15:36:38.211,1.10777,1.1079,1.13,1.50
2011.08.30 15:36:38.829,1.10775,1.10788,1.50,2.25
2011.08.30 15:36:38.953,1.10775,1.10788,1.13,2.25
2011.08.30 15:36:39.074,1.10775,1.10788,1.13,2.25
2011.08.30 15:36:39.422,1.10777,1.1079,1.13,1.50
2011.08.30 15:36:40.570,1.10777,1.10786,1.73,1.50
2011.08.30 15:36:40.694,1.10777,1.1079,1.73,2.25
2011.08.30 15:36:41.276,1.10776,1.1079,2.85,1.50
2011.08.30 15:36:41.736,1.10776,1.10789,1.50,1.50
2011.08.30 15:36:44.303,1.10778,1.10789,1.88,1.50
2011.08.30 15:36:45.016,1.1078,1.10794,1.13,1.50
2011.08.30 15:36:45.577,1.10778,1.10792,1.88,1.13
2011.08.30 15:36:46.001,1.10777,1.1079,1.13,1.50
2011.08.30 15:36:46.582,1.10778,1.1079,1.13,1.50
2011.08.30 15:36:47.433,1.10778,1.1079,1.88,1.50
2011.08.30 15:36:48.632,1.10778,1.1079,1.13,1.50
2011.08.30 15:36:51.283,1.10776,1.1079,1.50,1.50
2011.08.30 15:36:53.543,1.10776,1.10791,2.25,3.00
2011.08.30 15:36:53.665,1.10777,1.10791,1.13,1.50
2011.08.30 15:36:53.794,1.10777,1.10791,1.88,1.50
2011.08.30 15:36:54.039,1.10779,1.10793,2.63,1.50
2011.08.30 15:36:54.872,1.10779,1.10793,1.13,1.50
2011.08.30 15:36:55.663,1.10779,1.10792,1.50,1.50
2011.08.30 15:36:57.095,1.10779,1.1079,2.10,1.50
2011.08.30 15:36:57.214,1.10783,1.10796,1.88,1.50
2011.08.30 15:36:57.597,1.10783,1.10795,2.25,1.50
2011.08.30 15:36:57.720,1.10782,1.10793,2.63,1.13
2011.08.30 15:36:58.207,1.10782,1.10795,1.50,1.50
2011.08.30 15:36:58.794,1.10782,1.10795,1.50,1.50
2011.08.30 15:36:58.921,1.10781,1.10792,2.25,1.50
2011.08.30 15:36:59.174,1.10775,1.10786,1.50,1.13
2011.08.30 15:36:59.541,1.10771,1.10786,1.50,1.13
2011.08.30 15:36:59.665,1.1077,1.10785,1.13,1.50
2011.08.30 15:37:00.171,1.1077,1.10783,1.13,1.50
2011.08.30 15:37:00.645,1.1077,1.10784,3.38,1.13
2011.08.30 15:37:00.996,1.1077,1.10784,2.63,1.13
2011.08.30 15:37:02.263,1.10771,1.10785,1.88,1.88
2011.08.30 15:37:02.388,1.10772,1.10785,1.50,1.50
2011.08.30 15:37:02.744,1.10775,1.1079,1.13,1.58
2011.08.30 15:37:03.817,1.10775,1.10791,2.48,1.95
2011.08.30 15:37:04.054,1.10777,1.10791,1.50,1.20
2011.08.30 15:37:05.016,1.10775,1.10791,1.73,1.95
2011.08.30 15:37:05.619,1.10777,1.10791,1.50,1.20
2011.08.30 15:37:05.754,1.10773,1.10787,1.50,1.13
2011.08.30 15:37:05.874,1.10773,1.10789,1.50,1.50
2011.08.30 15:37:06.566,1.10773,1.10787,2.85,1.13
2011.08.30 15:37:06.688,1.10777,1.10787,2.25,1.13
2011.08.30 15:37:06.935,1.10778,1.1079,2.10,1.13
2011.08.30 15:37:07.175,1.10778,1.1079,2.10,1.13
2011.08.30 15:37:07.298,1.10775,1.1079,1.50,1.13
2011.08.30 15:37:07.425,1.10775,1.10791,1.13,1.13
2011.08.30 15:37:07.545,1.10774,1.10791,2.63,1.50
2011.08.30 15:37:08.015,1.10776,1.10792,1.73,1.50
2011.08.30 15:37:08.365,1.10776,1.10789,3.00,1.13
2011.08.30 15:37:08.484,1.10776,1.10792,1.50,1.88
2011.08.30 15:37:08.604,1.10775,1.10791,1.88,1.13
2011.08.30 15:37:08.901,1.10776,1.10793,1.50,2.25
2011.08.30 15:37:09.029,1.10775,1.10792,2.63,1.13
2011.08.30 15:37:09.159,1.10775,1.10792,2.25,3.75
2011.08.30 15:37:09.531,1.10771,1.10785,1.50,1.13
2011.08.30 15:37:10.454,1.10771,1.10785,1.88,1.13
2011.08.30 15:37:11.055,1.10771,1.10786,1.88,1.88
2011.08.30 15:37:11.625,1.10771,1.10785,1.88,1.13
2011.08.30 15:37:12.413,1.10772,1.10785,1.50,1.13
2011.08.30 15:37:12.984,1.10771,1.10786,3.38,1.13
2011.08.30 15:37:13.960,1.10771,1.10785,2.63,1.88
2011.08.30 15:37:14.525,1.10774,1.10785,1.73,1.50
2011.08.30 15:37:14.882,1.10776,1.10788,1.50,1.13
2011.08.30 15:37:15.005,1.10775,1.10788,1.50,1.13
2011.08.30 15:37:17.003,1.10775,1.10788,1.50,1.13
2011.08.30 15:37:18.614,1.10775,1.10788,1.50,1.13
2011.08.30 15:37:18.855,1.10775,1.10788,1.50,1.13
2011.08.30 15:37:19.250,1.10775,1.10788,1.50,1.13
2011.08.30 15:37:19.614,1.10775,1.1079,1.50,1.13
2011.08.30 15:37:20.693,1.10775,1.1079,1.50,1.13
2011.08.30 15:37:21.253,1.10775,1.1079,1.50,1.13
2011.08.30 15:37:22.101,1.10775,1.1079,1.50,1.13
2011.08.30 15:37:22.769,1.10774,1.1079,3.23,1.13
2011.08.30 15:37:24.932,1.10774,1.1079,6.98,1.13
2011.08.30 15:37:25.276,1.10777,1.1079,5.10,1.13
2011.08.30 15:37:29.358,1.10779,1.10793,4.50,1.50
2011.08.30 15:37:29.478,1.10779,1.10794,4.50,1.88
2011.08.30 15:37:30.073,1.10781,1.10795,1.50,1.20
2011.08.30 15:37:30.665,1.10781,1.10796,3.38,1.13
2011.08.30 15:37:31.168,1.10785,1.10799,1.35,2.33
2011.08.30 15:37:31.295,1.10787,1.10801,1.13,1.13
2011.08.30 15:37:31.877,1.10787,1.10804,1.88,3.00
2011.08.30 15:37:31.998,1.10787,1.10802,2.63,1.13
2011.08.30 15:37:32.244,1.10787,1.10804,3.38,1.13
2011.08.30 15:37:32.936,1.10787,1.10802,1.50,1.13
2011.08.30 15:37:33.986,1.10788,1.10804,2.63,1.95
2011.08.30 15:37:35.091,1.1079,1.10804,1.50,1.58
2011.08.30 15:37:35.459,1.10799,1.10808,1.50,1.50
2011.08.30 15:37:35.590,1.10799,1.1081,1.50,1.13
2011.08.30 15:37:35.719,1.10799,1.10813,1.50,2.33
2011.08.30 15:37:36.083,1.10797,1.10813,1.50,1.58
2011.08.30 15:37:38.893,1.10795,1.10811,2.25,1.13
2011.08.30 15:37:39.499,1.10787,1.10802,2.25,1.13
2011.08.30 15:37:40.092,1.10787,1.10802,3.00,1.13
2011.08.30 15:37:40.709,1.10787,1.10802,3.00,1.13
2011.08.30 15:37:41.114,1.10787,1.10802,2.25,1.50
2011.08.30 15:37:41.685,1.10786,1.10802,2.25,2.25
2011.08.30 15:37:42.260,1.10788,1.10802,1.88,1.88
2011.08.30 15:37:42.384,1.10788,1.10802,1.88,1.13
2011.08.30 15:37:42.746,1.10789,1.10805,2.25,2.33
2011.08.30 15:37:42.982,1.10789,1.10804,1.50,1.58
2011.08.30 15:37:43.542,1.10789,1.10804,1.88,1.95
2011.08.30 15:37:44.224,1.10788,1.10803,2.48,1.13
2011.08.30 15:37:44.803,1.10788,1.10803,1.35,1.13
2011.08.30 15:37:46.566,1.10788,1.10803,2.48,1.50
2011.08.30 15:37:46.689,1.10789,1.10803,4.88,1.50
2011.08.30 15:37:47.264,1.10789,1.10802,1.50,1.13
2011.08.30 15:37:47.385,1.10788,1.10802,3.23,1.13
2011.08.30 15:37:47.503,1.1079,1.10805,1.50,1.58
2011.08.30 15:37:47.625,1.10788,1.10802,1.73,1.88
2011.08.30 15:37:47.975,1.10788,1.10803,2.48,1.13
2011.08.30 15:37:50.023,1.10788,1.10803,1.35,1.13
2011.08.30 15:37:51.110,1.10788,1.10804,2.48,2.63
2011.08.30 15:37:51.702,1.10792,1.10804,1.35,1.13
2011.08.30 15:37:52.844,1.10792,1.10804,1.73,1.13
2011.08.30 15:37:53.883,1.10792,1.10805,2.85,1.13
2011.08.30 15:37:54.575,1.10792,1.10805,2.10,1.20
2011.08.30 15:37:55.002,1.10789,1.10805,4.35,1.20
2011.08.30 15:37:55.133,1.10794,1.10806,1.35,2.70
2011.08.30 15:37:55.493,1.1079,1.10805,1.50,1.88
2011.08.30 15:37:56.022,1.10788,1.10804,2.25,1.88
2011.08.30 15:37:56.624,1.10789,1.10805,2.63,2.25
2011.08.30 15:37:56.744,1.10789,1.10805,2.63,1.88
2011.08.30 15:37:57.312,1.10789,1.10805,2.63,1.88
2011.08.30 15:37:58.700,1.10792,1.10806,2.85,1.50
2011.08.30 15:37:59.082,1.10798,1.10808,2.25,1.50
2011.08.30 15:37:59.211,1.10799,1.10812,2.25,1.50
2011.08.30 15:37:59.336,1.108,1.10813,1.50,1.13
2011.08.30 15:37:59.457,1.10802,1.10816,1.50,2.25
2011.08.30 15:38:00.537,1.10801,1.10815,2.25,1.13
2011.08.30 15:38:01.061,1.10801,1.10816,1.50,1.58
2011.08.30 15:38:01.189,1.108,1.10816,3.38,1.50
2011.08.30 15:38:01.920,1.10801,1.10816,1.13,2.33
2011.08.30 15:38:02.050,1.10801,1.10816,1.43,1.58
2011.08.30 15:38:02.177,1.10807,1.10817,1.07,1.58
2011.08.30 15:38:03.244,1.10804,1.10817,1.50,1.58
2011.08.30 15:38:03.607,1.10803,1.10813,1.88,1.50
2011.08.30 15:38:03.858,1.10802,1.10816,1.50,1.88
2011.08.30 15:38:03.983,1.108,1.10814,2.25,1.50
2011.08.30 15:38:04.109,1.10799,1.10814,1.50,1.58
2011.08.30 15:38:04.706,1.10798,1.10813,1.88,1.95
2011.08.30 15:38:05.298,1.10799,1.10813,2.25,1.20
2011.08.30 15:38:06.238,1.10798,1.10813,1.50,2.33
2011.08.30 15:38:06.374,1.10791,1.10806,1.13,1.58
2011.08.30 15:38:06.978,1.1079,1.10804,2.25,1.58
2011.08.30 15:38:07.106,1.10787,1.10803,3.00,1.95
2011.08.30 15:38:08.075,1.10788,1.10803,2.25,2.33
2011.08.30 15:38:10.492,1.10789,1.10803,1.50,2.33
2011.08.30 15:38:12.605,1.10789,1.10803,2.25,1.58
2011.08.30 15:38:12.725,1.10789,1.10803,2.25,1.20
2011.08.30 15:38:13.324,1.10788,1.10803,1.50,1.95
2011.08.30 15:38:14.585,1.10789,1.10803,1.88,1.13
2011.08.30 15:38:14.827,1.10791,1.10806,1.88,1.95
2011.08.30 15:38:15.186,1.10795,1.10806,1.13,1.58
2011.08.30 15:38:15.535,1.10799,1.10807,1.50,1.50
2011.08.30 15:38:15.897,1.10793,1.10805,1.50,1.13
2011.08.30 15:38:17.454,1.10791,1.10803,1.50,1.13
2011.08.30 15:38:17.695,1.10789,1.10803,1.50,1.13
2011.08.30 15:38:18.560,1.10789,1.10803,1.50,1.88
2011.08.30 15:38:18.806,1.10787,1.10803,3.98,1.88
2011.08.30 15:38:19.048,1.1079,1.10803,1.13,2.33
2011.08.30 15:38:19.657,1.10792,1.10806,1.13,1.50
2011.08.30 15:38:20.018,1.10795,1.10806,1.50,1.50
2011.08.30 15:38:20.375,1.10796,1.10806,1.50,1.50
2011.08.30 15:38:21.884,1.10799,1.10807,1.50,1.50
2011.08.30 15:38:23.129,1.10803,1.10812,1.50,1.13
2011.08.30 15:38:23.271,1.10806,1.10821,1.50,2.63
2011.08.30 15:38:23.868,1.10809,1.10821,1.35,1.50
2011.08.30 15:38:24.241,1.10813,1.10825,1.50,1.50
2011.08.30 15:38:24.849,1.10814,1.10825,1.50,1.50
2011.08.30 15:38:27.049,1.10813,1.10824,1.50,1.13
2011.08.30 15:38:27.657,1.10811,1.10824,1.50,1.13
2011.08.30 15:38:28.257,1.10811,1.10824,1.50,1.13
2011.08.30 15:38:28.376,1.10811,1.10824,1.50,1.13
2011.08.30 15:38:29.126,1.10811,1.10826,1.88,2.33
2011.08.30 15:38:30.514,1.10811,1.10826,1.88,1.58
2011.08.30 15:38:31.092,1.10813,1.10826,2.25,1.50
2011.08.30 15:38:31.863,1.10814,1.10826,1.88,1.50
2011.08.30 15:38:34.296,1.10815,1.10826,1.50,1.50
2011.08.30 15:38:34.657,1.10819,1.10827,1.50,1.50
2011.08.30 15:38:34.778,1.10819,1.10827,1.50,1.50
2011.08.30 15:38:35.028,1.10819,1.10831,2.25,1.88
2011.08.30 15:38:35.159,1.1082,1.10831,1.13,1.50
2011.08.30 15:38:35.819,1.10822,1.10838,1.50,1.58
2011.08.30 15:38:36.185,1.10823,1.10837,1.50,1.13
2011.08.30 15:38:36.555,1.10822,1.10836,1.50,1.50
2011.08.30 15:38:36.677,1.1082,1.10836,1.50,2.33
2011.08.30 15:38:37.276,1.10821,1.10837,1.50,2.33
2011.08.30 15:38:37.635,1.10823,1.10837,1.50,1.20
2011.08.30 15:38:38.100,1.10822,1.10836,2.25,1.58
2011.08.30 15:38:38.706,1.10821,1.10837,1.88,1.20
2011.08.30 15:38:41.192,1.10822,1.10838,1.50,2.03
2011.08.30 15:38:41.317,1.10822,1.10837,2.25,1.20
2011.08.30 15:38:41.434,1.10822,1.10837,1.50,1.20
2011.08.30 15:38:42.054,1.10822,1.10837,1.50,1.20
2011.08.30 15:38:42.418,1.1082,1.10834,1.13,1.13
2011.08.30 15:38:42.649,1.10819,1.10834,1.13,1.13
2011.08.30 15:38:43.013,1.1082,1.10834,1.13,1.88
2011.08.30 15:38:43.604,1.1082,1.10834,1.88,1.13
2011.08.30 15:38:44.184,1.1082,1.10834,1.50,1.13
2011.08.30 15:38:44.692,1.1082,1.10834,1.50,1.50
2011.08.30 15:38:46.347,1.10819,1.10836,1.50,3.08
2011.08.30 15:38:46.704,1.10821,1.10838,1.50,3.15
2011.08.30 15:38:47.283,1.10822,1.10835,1.50,1.13
2011.08.30 15:38:47.624,1.10822,1.10837,2.25,1.20
2011.08.30 15:38:48.156,1.10822,1.10836,1.50,1.58
2011.08.30 15:38:48.280,1.10821,1.10833,1.35,2.25
2011.08.30 15:38:48.416,1.10817,1.1083,1.50,2.25
2011.08.30 15:38:48.543,1.10815,1.1083,1.13,1.50
2011.08.30 15:38:48.668,1.10813,1.1083,1.50,2.25
2011.08.30 15:38:49.039,1.10818,1.10831,1.13,1.50
2011.08.30 15:38:49.407,1.10818,1.10831,1.13,1.50
2011.08.30 15:38:49.527,1.10818,1.10831,1.13,1.50
2011.08.30 15:38:50.059,1.10815,1.10827,1.50,1.50
2011.08.30 15:38:50.563,1.10815,1.10828,1.50,1.50
2011.08.30 15:38:51.627,1.10815,1.10825,1.50,1.13
2011.08.30 15:38:51.985,1.10809,1.10824,3.00,1.50
2011.08.30 15:38:52.107,1.1081,1.10824,1.50,1.50
2011.08.30 15:38:52.233,1.10811,1.10824,1.13,1.50
2011.08.30 15:38:52.355,1.10811,1.10826,2.25,2.33
2011.08.30 15:38:52.589,1.10814,1.10828,1.13,1.58
2011.08.30 15:38:52.957,1.10816,1.10828,1.50,1.50
2011.08.30 15:38:56.710,1.10818,1.10827,1.88,1.50
2011.08.30 15:38:57.180,1.10819,1.1083,1.13,1.50
2011.08.30 15:38:58.694,1.10819,1.1083,1.50,1.50
2011.08.30 15:38:59.267,1.10818,1.1083,1.50,1.50
2011.08.30 15:38:59.857,1.10816,1.1083,1.88,1.95
2011.08.30 15:38:59.981,1.10814,1.10829,2.25,1.13
2011.08.30 15:39:00.480,1.10814,1.10828,1.50,1.50
2011.08.30 15:39:02.345,1.10813,1.10828,1.50,1.50
2011.08.30 15:39:03.244,1.10812,1.10828,1.13,1.88
2011.08.30 15:39:04.257,1.10815,1.10828,1.13,1.50
2011.08.30 15:39:04.709,1.10816,1.10828,3.00,1.50
2011.08.30 15:39:05.081,1.10816,1.10831,2.63,1.58
2011.08.30 15:39:05.324,1.10816,1.10831,1.88,1.58
2011.08.30 15:39:05.566,1.10816,1.10831,1.88,1.50
2011.08.30 15:39:06.053,1.10815,1.1083,2.10,1.88
2011.08.30 15:39:06.756,1.10815,1.10829,1.35,1.50
2011.08.30 15:39:07.002,1.10813,1.10828,1.50,1.13
2011.08.30 15:39:07.130,1.10811,1.10825,1.35,1.88
2011.08.30 15:39:07.693,1.1081,1.10825,1.35,1.88
2011.08.30 15:39:08.285,1.10812,1.10828,3.38,1.13
2011.08.30 15:39:08.863,1.10812,1.10828,3.38,1.13
2011.08.30 15:39:08.984,1.10812,1.10827,2.25,1.50
2011.08.30 15:39:09.573,1.10812,1.10826,1.50,1.50
2011.08.30 15:39:10.428,1.10814,1.10826,1.50,1.50
2011.08.30 15:39:10.798,1.10821,1.10829,1.50,1.50
2011.08.30 15:39:10.924,1.10817,1.10833,1.50,2.33
2011.08.30 15:39:11.168,1.1082,1.10833,1.50,1.58
2011.08.30 15:39:11.514,1.10817,1.10833,1.50,1.58
2011.08.30 15:39:11.744,1.1082,1.10833,1.50,1.58
2011.08.30 15:39:12.099,1.10818,1.10833,1.50,1.58
2011.08.30 15:39:12.228,1.10818,1.10832,1.50,1.13
2011.08.30 15:39:12.589,1.1082,1.10833,1.50,1.20
2011.08.30 15:39:13.197,1.10826,1.10839,1.88,1.50
2011.08.30 15:39:13.331,1.10827,1.10843,2.10,2.25
2011.08.30 15:39:13.919,1.10826,1.10841,1.13,1.13
2011.08.30 15:39:14.493,1.10827,1.10842,1.13,1.13
2011.08.30 15:39:15.074,1.10828,1.10842,1.50,1.50
2011.08.30 15:39:15.318,1.10831,1.10845,1.88,1.20
2011.08.30 15:39:15.558,1.10834,1.10846,1.50,1.50
2011.08.30 15:39:15.679,1.10831,1.10845,1.13,1.50
2011.08.30 15:39:16.189,1.10831,1.10845,1.88,1.50
2011.08.30 15:39:16.340,1.10834,1.10846,1.50,1.50
2011.08.30 15:39:16.710,1.10838,1.10847,1.50,1.50
2011.08.30 15:39:17.317,1.10836,1.10846,1.50,1.50
2011.08.30 15:39:17.444,1.10833,1.10846,1.50,1.50
2011.08.30 15:39:17.689,1.10834,1.10846,1.13,1.50
2011.08.30 15:39:18.056,1.10837,1.10846,1.50,1.50
2011.08.30 15:39:18.584,1.1084,1.10849,1.50,1.88
2011.08.30 15:39:18.709,1.1084,1.10845,1.50,1.13
2011.08.30 15:39:18.841,1.10835,1.10844,1.50,3.00
2011.08.30 15:39:19.208,1.10824,1.10838,2.10,1.13
2011.08.30 15:39:19.459,1.10822,1.10834,1.73,1.50
2011.08.30 15:39:19.828,1.10822,1.10834,1.13,1.50
2011.08.30 15:39:19.946,1.1082,1.10836,1.88,1.50
2011.08.30 15:39:20.534,1.10822,1.10836,1.50,1.20
2011.08.30 15:39:20.653,1.10823,1.10838,1.50,1.58
2011.08.30 15:39:21.110,1.10822,1.10836,1.50,1.20
2011.08.30 15:39:23.067,1.10826,1.10838,1.13,1.50
2011.08.30 15:39:23.654,1.10826,1.10838,1.88,1.50
2011.08.30 15:39:24.007,1.10826,1.10838,1.13,1.50
2011.08.30 15:39:24.406,1.10827,1.10843,1.50,1.20
2011.08.30 15:39:24.528,1.10825,1.10842,1.13,1.95
2011.08.30 15:39:25.105,1.10829,1.10842,1.50,1.20
2011.08.30 15:39:25.463,1.10828,1.10841,1.35,2.63
2011.08.30 15:39:25.888,1.10828,1.10839,1.35,1.50
2011.08.30 15:39:26.355,1.10828,1.10841,1.35,2.63
2011.08.30 15:39:28.102,1.10828,1.1084,1.35,1.50
2011.08.30 15:39:28.684,1.10828,1.10838,1.35,1.13
2011.08.30 15:39:29.047,1.10828,1.10836,1.35,1.50
2011.08.30 15:39:29.287,1.10821,1.10835,1.73,1.13
2011.08.30 15:39:29.874,1.10823,1.10837,1.88,1.13
2011.08.30 15:39:30.246,1.10823,1.10838,1.88,1.20
2011.08.30 15:39:30.966,1.10826,1.10842,3.38,1.50
2011.08.30 15:39:31.535,1.10826,1.1084,1.50,1.13
2011.08.30 15:39:31.776,1.10824,1.1084,1.13,1.13
2011.08.30 15:39:31.897,1.10823,1.10836,1.50,1.13
2011.08.30 15:39:32.018,1.10822,1.10834,2.10,1.50
2011.08.30 15:39:32.366,1.1082,1.10835,1.73,1.13
2011.08.30 15:39:32.749,1.10819,1.10834,1.50,1.50
2011.08.30 15:39:33.328,1.10818,1.10834,1.50,2.70
2011.08.30 15:39:33.903,1.1082,1.10834,1.13,1.95
2011.08.30 15:39:34.502,1.10819,1.10833,1.88,1.20
2011.08.30 15:39:35.323,1.10819,1.10833,1.88,1.20
2011.08.30 15:39:35.776,1.10819,1.10834,1.13,2.33
2011.08.30 15:39:36.114,1.10819,1.10835,1.13,6.30
2011.08.30 15:39:37.637,1.10818,1.10833,1.50,3.83
2011.08.30 15:39:37.767,1.10816,1.1083,1.50,1.20
2011.08.30 15:39:37.893,1.10814,1.10829,1.13,2.63
2011.08.30 15:39:38.495,1.10815,1.10829,1.13,1.88
2011.08.30 15:39:38.858,1.10816,1.10829,1.50,1.50
2011.08.30 15:39:39.453,1.1082,1.1083,1.50,1.50
2011.08.30 15:39:40.045,1.10818,1.10831,1.50,1.50
2011.08.30 15:39:41.375,1.1082,1.10831,1.50,1.50
2011.08.30 15:39:42.444,1.10819,1.10831,1.50,1.50
2011.08.30 15:39:42.688,1.10813,1.10828,2.25,1.50
2011.08.30 15:39:42.930,1.10811,1.10824,1.50,1.88
2011.08.30 15:39:43.306,1.10806,1.10818,1.50,1.88
2011.08.30 15:39:43.439,1.10804,1.10818,1.13,2.63
2011.08.30 15:39:43.569,1.10804,1.10818,1.13,2.70
2011.08.30 15:39:43.818,1.10801,1.10817,1.13,2.25
2011.08.30 15:39:44.537,1.10801,1.10815,1.13,1.13
2011.08.30 15:39:44.900,1.10803,1.10817,1.13,1.58
2011.08.30 15:39:45.714,1.10802,1.10816,1.50,1.50
2011.08.30 15:39:46.086,1.10796,1.10812,1.50,2.33
2011.08.30 15:39:46.206,1.10795,1.10809,1.13,1.13
2011.08.30 15:39:46.554,1.10795,1.10811,1.50,1.50
2011.08.30 15:39:47.025,1.10798,1.10811,1.13,1.50
2011.08.30 15:39:47.374,1.10799,1.10811,1.50,1.50
2011.08.30 15:39:47.736,1.10808,1.10816,1.50,1.50
2011.08.30 15:39:47.860,1.10808,1.10818,1.50,2.33
2011.08.30 15:39:48.274,1.10801,1.10815,2.63,1.13
2011.08.30 15:39:48.397,1.10799,1.10815,2.25,2.63
2011.08.30 15:39:48.624,1.10801,1.10815,1.13,1.88
2011.08.30 15:39:49.436,1.10801,1.10814,1.13,4.50
2011.08.30 15:39:49.798,1.10795,1.1081,1.50,1.50
2011.08.30 15:39:50.045,1.10795,1.1081,1.13,1.50
2011.08.30 15:39:50.746,1.10795,1.10811,2.63,1.88
2011.08.30 15:39:51.312,1.10796,1.10813,1.50,5.85
2011.08.30 15:39:52.057,1.10795,1.10811,1.88,1.58
2011.08.30 15:39:52.922,1.10793,1.10809,1.88,2.25
2011.08.30 15:39:53.048,1.10793,1.10807,1.88,1.13
2011.08.30 15:39:53.180,1.10793,1.10805,1.50,1.13
2011.08.30 15:39:53.309,1.1079,1.10805,1.50,1.88
2011.08.30 15:39:53.894,1.10788,1.10805,3.38,2.63
2011.08.30 15:39:54.411,1.10788,1.10804,3.38,1.13
2011.08.30 15:39:54.685,1.1079,1.10805,2.25,1.50
2011.08.30 15:39:55.050,1.10792,1.10805,3.75,1.50
2011.08.30 15:39:55.295,1.10798,1.10813,1.50,1.05
2011.08.30 15:39:55.993,1.10797,1.10813,1.88,1.80
2011.08.30 15:39:56.114,1.10796,1.10812,1.13,1.43
2011.08.30 15:39:56.477,1.10795,1.1081,1.50,1.50
2011.08.30 15:39:56.596,1.10795,1.10811,1.50,4.58
2011.08.30 15:39:56.716,1.10795,1.10811,1.13,3.08
2011.08.30 15:39:56.955,1.10795,1.10811,1.13,1.58
2011.08.30 15:39:58.394,1.10795,1.10812,1.88,1.05
2011.08.30 15:39:59.072,1.10797,1.10812,1.13,1.05
2011.08.30 15:40:00.334,1.10795,1.10812,1.88,1.43
2011.08.30 15:40:01.403,1.10795,1.10812,1.88,1.05
2011.08.30 15:40:02.208,1.10799,1.10813,1.88,1.05
2011.08.30 15:40:02.577,1.10804,1.10816,1.13,2.18
2011.08.30 15:40:02.820,1.10806,1.1082,1.13,3.30
2011.08.30 15:40:03.070,1.10806,1.1082,1.13,1.80
2011.08.30 15:40:03.647,1.10806,1.1082,1.13,1.80
2011.08.30 15:40:08.069,1.10804,1.1082,1.13,1.95
2011.08.30 15:40:10.346,1.10804,1.10821,1.88,2.70
2011.08.30 15:40:10.708,1.10811,1.10826,1.88,1.20
2011.08.30 15:40:10.832,1.10812,1.10827,1.13,1.20
2011.08.30 15:40:11.426,1.10812,1.10826,1.73,1.20
2011.08.30 15:40:12.665,1.10812,1.10827,1.13,1.20
2011.08.30 15:40:13.234,1.10813,1.10829,1.50,1.95
2011.08.30 15:40:16.060,1.10815,1.10829,1.88,1.58
2011.08.30 15:40:16.304,1.10809,1.10826,3.38,1.58
2011.08.30 15:40:16.769,1.10809,1.10824,1.50,3.75
2011.08.30 15:40:17.022,1.10806,1.10822,1.50,1.58
2011.08.30 15:40:17.386,1.10805,1.10822,1.50,3.45
2011.08.30 15:40:17.735,1.10803,1.10819,2.10,1.20
2011.08.30 15:40:18.310,1.10803,1.10819,1.35,1.20
2011.08.30 15:40:18.686,1.10807,1.10824,3.38,1.50
2011.08.30 15:40:18.810,1.10811,1.10825,1.50,2.33
2011.08.30 15:40:19.298,1.10809,1.10825,2.25,3.08
2011.08.30 15:40:19.427,1.1081,1.10826,1.50,2.33
2011.08.30 15:40:21.259,1.1081,1.10824,1.50,1.13
2011.08.30 15:40:22.463,1.1081,1.10824,1.50,1.50
2011.08.30 15:40:24.348,1.1081,1.10826,1.50,3.00
2011.08.30 15:40:25.311,1.1081,1.10826,1.50,1.13
2011.08.30 15:40:25.974,1.1081,1.10819,1.50,1.50
2011.08.30 15:40:26.095,1.10809,1.10822,1.73,1.50
2011.08.30 15:40:26.324,1.10809,1.10825,1.73,1.88
2011.08.30 15:40:26.892,1.10809,1.10826,2.63,1.20
2011.08.30 15:40:27.455,1.10809,1.10825,1.13,1.13
2011.08.30 15:40:27.905,1.10811,1.10827,1.13,1.58
2011.08.30 15:40:28.985,1.10812,1.10828,1.88,1.95
2011.08.30 15:40:32.093,1.1081,1.10826,1.88,1.20
2011.08.30 15:40:32.653,1.1081,1.10826,1.50,1.20
2011.08.30 15:40:33.977,1.10809,1.10825,1.13,1.20
2011.08.30 15:40:34.995,1.10804,1.10819,1.50,1.13
2011.08.30 15:40:35.359,1.10803,1.10819,1.50,2.25
2011.08.30 15:40:35.828,1.10803,1.10817,1.50,3.08
2011.08.30 15:40:36.073,1.10798,1.10813,1.50,1.13
2011.08.30 15:40:36.196,1.10798,1.10813,1.50,1.50
2011.08.30 15:40:36.316,1.10797,1.10812,2.25,1.13
2011.08.30 15:40:36.546,1.10795,1.10811,2.63,1.20
2011.08.30 15:40:37.123,1.10795,1.10813,1.88,2.33
2011.08.30 15:40:37.727,1.10801,1.10816,1.88,1.58
2011.08.30 15:40:37.859,1.10805,1.10819,1.13,1.13
2011.08.30 15:40:38.468,1.10806,1.10821,1.50,1.58
2011.08.30 15:40:39.068,1.10806,1.10821,1.50,1.58
2011.08.30 15:40:39.855,1.10806,1.1082,1.50,1.58
2011.08.30 15:40:41.912,1.10806,1.1082,1.50,1.58
2011.08.30 15:40:44.025,1.10806,1.1082,1.50,1.20
2011.08.30 15:40:44.961,1.10806,1.1082,1.50,1.20
2011.08.30 15:40:45.094,1.10803,1.10819,1.88,1.13
2011.08.30 15:40:45.885,1.10804,1.1082,2.25,1.95
2011.08.30 15:40:46.114,1.10804,1.1082,2.25,1.95
2011.08.30 15:40:46.699,1.10804,1.1082,2.25,3.83
2011.08.30 15:40:47.057,1.10806,1.10821,1.50,1.58
2011.08.30 15:40:47.174,1.10806,1.10821,1.50,1.58
2011.08.30 15:40:48.391,1.10806,1.10821,1.50,1.20
2011.08.30 15:40:48.898,1.10805,1.10821,1.50,1.20
2011.08.30 15:40:49.725,1.10805,1.10821,1.50,1.58
2011.08.30 15:40:50.463,1.10804,1.1082,2.63,1.58
2011.08.30 15:40:50.696,1.10804,1.1082,2.63,1.58
2011.08.30 15:40:51.335,1.10811,1.10822,1.50,1.50
2011.08.30 15:40:51.478,1.10816,1.10823,1.13,1.50
2011.08.30 15:40:52.087,1.10816,1.10823,1.13,1.50
2011.08.30 15:40:52.329,1.10813,1.10822,2.25,1.50
2011.08.30 15:40:52.934,1.10812,1.10822,1.73,1.50
2011.08.30 15:40:53.386,1.10811,1.10822,1.35,1.50
2011.08.30 15:40:54.200,1.1081,1.10822,2.10,1.50
2011.08.30 15:40:56.115,1.10809,1.10825,2.85,1.20
2011.08.30 15:40:56.239,1.10811,1.10826,1.88,1.20
2011.08.30 15:40:56.356,1.10811,1.10826,1.88,1.20
2011.08.30 15:40:58.355,1.1081,1.10826,1.50,2.33
2011.08.30 15:40:58.933,1.10811,1.10826,1.50,1.20
2011.08.30 15:41:01.695,1.10814,1.10828,1.50,1.20
2011.08.30 15:41:02.506,1.10814,1.10828,1.13,1.58
2011.08.30 15:41:02.963,1.10815,1.10831,1.50,2.33
2011.08.30 15:41:03.325,1.10818,1.10834,1.88,3.68
2011.08.30 15:41:03.552,1.10818,1.10833,1.13,1.58
2011.08.30 15:41:05.303,1.10817,1.10831,1.13,1.20
2011.08.30 15:41:07.463,1.10816,1.1083,1.88,1.20
2011.08.30 15:41:07.912,1.10816,1.10831,1.88,1.20
2011.08.30 15:41:08.314,1.1081,1.10825,1.88,1.13
2011.08.30 15:41:08.799,1.10808,1.10821,1.50,1.20
2011.08.30 15:41:08.928,1.10805,1.10821,1.13,1.20
2011.08.30 15:41:09.168,1.10805,1.1082,1.13,1.50
2011.08.30 15:41:09.407,1.10806,1.10822,1.13,1.58
2011.08.30 15:41:09.989,1.10807,1.10821,2.25,1.58
2011.08.30 15:41:10.116,1.10809,1.10824,1.73,1.58
2011.08.30 15:41:10.244,1.10809,1.10825,3.75,1.58
2011.08.30 15:41:10.892,1.10814,1.10828,1.13,1.20
2011.08.30 15:41:11.253,1.10811,1.10827,1.13,1.20
2011.08.30 15:41:11.376,1.10809,1.10826,3.00,1.58
2011.08.30 15:41:11.956,1.1081,1.10825,1.13,1.58
2011.08.30 15:41:12.184,1.1081,1.10826,1.88,1.58
2011.08.30 15:41:12.524,1.1081,1.10824,1.13,1.58
2011.08.30 15:41:13.929,1.10812,1.10828,1.13,1.20
2011.08.30 15:41:14.179,1.10811,1.10828,2.63,1.20
2011.08.30 15:41:14.309,1.10812,1.10829,1.13,2.70
2011.08.30 15:41:14.657,1.10813,1.10826,1.88,1.58
2011.08.30 15:41:15.016,1.10814,1.10829,1.50,2.33
2011.08.30 15:41:15.137,1.10813,1.10828,1.13,1.20
2011.08.30 15:41:15.377,1.10808,1.10824,1.50,1.58
2011.08.30 15:41:15.737,1.10811,1.10826,1.13,1.95
2011.08.30 15:41:15.975,1.10811,1.10825,1.13,1.20
2011.08.30 15:41:17.165,1.10809,1.10825,1.50,2.33
2011.08.30 15:41:17.292,1.10807,1.10824,1.13,1.58
2011.08.30 15:41:17.889,1.10805,1.10819,1.50,1.20
2011.08.30 15:41:18.484,1.10805,1.1082,1.50,1.20
2011.08.30 15:41:19.053,1.10805,1.1082,1.13,1.95
2011.08.30 15:41:19.833,1.10804,1.10819,1.13,1.20
2011.08.30 15:41:20.173,1.10805,1.1082,1.13,1.20
2011.08.30 15:41:20.485,1.10806,1.1082,1.13,1.95
2011.08.30 15:41:20.727,1.10806,1.1082,1.13,1.95
2011.08.30 15:41:20.965,1.10803,1.10817,1.88,1.20
2011.08.30 15:41:21.844,1.10803,1.10817,1.88,1.20
2011.08.30 15:41:22.646,1.10804,1.10818,1.13,1.20
2011.08.30 15:41:23.007,1.108,1.10815,1.13,1.58
2011.08.30 15:41:23.124,1.10802,1.10816,1.50,1.20
2011.08.30 15:41:25.784,1.10804,1.10819,1.50,1.20
2011.08.30 15:41:26.353,1.10803,1.10819,1.88,1.95
2011.08.30 15:41:27.173,1.10803,1.10819,1.88,1.95
2011.08.30 15:41:31.385,1.10804,1.1082,1.13,2.33
2011.08.30 15:41:32.394,1.10803,1.10819,2.85,1.58
2011.08.30 15:41:33.666,1.10801,1.10815,2.25,1.58
2011.08.30 15:41:33.788,1.10799,1.10814,1.13,1.58
2011.08.30 15:41:33.911,1.10798,1.10814,1.50,1.95
2011.08.30 15:41:34.041,1.10797,1.10811,1.13,1.13
2011.08.30 15:41:34.287,1.10797,1.1081,1.13,1.50
2011.08.30 15:41:34.652,1.10798,1.10812,2.63,1.20
2011.08.30 15:41:37.189,1.10796,1.10811,1.35,1.20
2011.08.30 15:41:38.217,1.10795,1.10811,1.88,1.58
2011.08.30 15:41:39.197,1.10795,1.10809,1.13,1.20
2011.08.30 15:41:40.014,1.10792,1.10808,1.88,1.20
2011.08.30 15:41:40.954,1.10792,1.10809,1.88,1.95
2011.08.30 15:41:41.319,1.10791,1.10806,2.48,1.95
2011.08.30 15:41:41.683,1.10794,1.10808,1.13,1.20
2011.08.30 15:41:44.451,1.10794,1.10809,1.13,1.20
2011.08.30 15:41:50.024,1.10795,1.10811,1.13,1.95
2011.08.30 15:41:50.899,1.10798,1.10814,1.50,1.95
2011.08.30 15:41:51.148,1.108,1.10816,1.13,2.33
2011.08.30 15:41:52.214,1.10798,1.10814,1.88,1.58
2011.08.30 15:41:53.197,1.10796,1.10812,3.00,1.13
2011.08.30 15:41:54.359,1.10794,1.1081,1.35,2.33
2011.08.30 15:41:57.501,1.10794,1.1081,1.35,1.58
2011.08.30 15:41:59.722,1.10793,1.10809,1.73,1.20
2011.08.30 15:42:00.629,1.10792,1.10805,1.35,1.13
2011.08.30 15:42:00.757,1.10789,1.10805,2.10,1.50
2011.08.30 15:42:00.880,1.10788,1.10799,2.85,1.50
2011.08.30 15:42:01.561,1.10788,1.10799,2.10,1.50
2011.08.30 15:42:02.716,1.10788,1.108,2.10,1.13
2011.08.30 15:42:04.906,1.10788,1.108,1.35,1.50
2011.08.30 15:42:05.975,1.10788,1.10802,1.35,1.88
2011.08.30 15:42:13.235,1.10789,1.10802,1.35,1.13
2011.08.30 15:42:13.359,1.10789,1.10803,2.10,1.50
2011.08.30 15:42:13.483,1.10789,1.10804,2.10,1.50
2011.08.30 15:42:13.725,1.10789,1.10804,1.73,1.13
2011.08.30 15:42:13.850,1.10788,1.10804,2.10,1.88
2011.08.30 15:42:14.214,1.10786,1.10796,1.88,1.50
2011.08.30 15:42:14.576,1.10784,1.10798,1.13,2.33
2011.08.30 15:42:15.373,1.10784,1.10798,1.50,2.33
2011.08.30 15:42:15.737,1.10785,1.10801,1.50,1.58
2011.08.30 15:42:16.313,1.10787,1.10803,1.13,2.25
2011.08.30 15:42:23.574,1.10788,1.10805,1.88,1.88
2011.08.30 15:42:23.694,1.10788,1.10804,1.13,1.13
2011.08.30 15:42:28.113,1.10787,1.10803,1.50,2.25
2011.08.30 15:42:29.084,1.10787,1.10803,1.13,2.63
2011.08.30 15:42:29.427,1.10788,1.10803,1.50,1.13
2011.08.30 15:42:29.773,1.10791,1.10805,1.50,1.50
2011.08.30 15:42:29.894,1.10787,1.10804,2.63,1.13
2011.08.30 15:42:30.246,1.10789,1.10804,1.50,1.20
2011.08.30 15:42:32.393,1.10789,1.10805,1.50,1.88
2011.08.30 15:42:34.015,1.10791,1.10806,1.50,1.58
2011.08.30 15:42:34.135,1.1079,1.10806,1.13,2.33
2011.08.30 15:42:35.374,1.10789,1.10804,1.13,1.13
2011.08.30 15:42:35.954,1.10789,1.10804,1.13,2.70
2011.08.30 15:42:36.800,1.10787,1.10803,1.88,1.20
2011.08.30 15:42:42.355,1.10788,1.10804,1.50,1.20
2011.08.30 15:42:42.481,1.10793,1.10807,1.13,3.08
2011.08.30 15:42:42.611,1.10791,1.10807,2.25,1.13
2011.08.30 15:42:42.976,1.10795,1.1081,1.13,1.95
2011.08.30 15:42:43.104,1.10795,1.1081,1.13,1.95
2011.08.30 15:42:43.225,1.10795,1.1081,1.13,1.95
2011.08.30 15:42:43.455,1.10796,1.10812,1.13,4.95
2011.08.30 15:42:43.684,1.10796,1.1081,1.13,1.50
2011.08.30 15:42:44.266,1.10793,1.10809,1.50,1.88
2011.08.30 15:42:44.505,1.10792,1.10808,2.25,1.50
2011.08.30 15:42:44.965,1.10794,1.10809,1.13,1.88
2011.08.30 15:42:45.465,1.10792,1.10807,1.13,1.13
2011.08.30 15:42:48.840,1.10793,1.10807,1.13,1.13
2011.08.30 15:42:49.423,1.10792,1.10807,1.13,1.13
2011.08.30 15:42:49.669,1.10789,1.10805,1.13,1.13
2011.08.30 15:42:50.135,1.10787,1.10805,2.85,2.70
2011.08.30 15:42:50.726,1.10789,1.10804,1.13,1.20
2011.08.30 15:42:51.081,1.10786,1.108,1.13,2.63
2011.08.30 15:42:51.675,1.10785,1.108,3.23,2.63
2011.08.30 15:42:52.840,1.10789,1.10803,1.35,1.20
2011.08.30 15:42:53.088,1.1079,1.10805,3.60,1.58
2011.08.30 15:42:54.853,1.1079,1.10805,2.48,1.95
2011.08.30 15:42:57.042,1.1079,1.10805,2.10,1.95
2011.08.30 15:42:59.372,1.1079,1.10805,2.10,1.95
2011.08.30 15:43:00.756,1.1079,1.10802,2.10,1.13
2011.08.30 15:43:02.606,1.1079,1.10802,2.10,1.95
2011.08.30 15:43:02.971,1.10781,1.10793,1.35,1.13
2011.08.30 15:43:03.224,1.10774,1.10789,2.25,1.50
2011.08.30 15:43:03.468,1.10773,1.10786,2.48,1.58
2011.08.30 15:43:03.815,1.10773,1.10784,1.88,1.50
2011.08.30 15:43:05.621,1.10769,1.10785,1.50,2.25
2011.08.30 15:43:05.987,1.10772,1.10788,1.50,1.58
2011.08.30 15:43:06.225,1.10774,1.1079,1.50,1.20
2011.08.30 15:43:06.915,1.10772,1.10788,1.50,1.50
2011.08.30 15:43:09.308,1.10773,1.1079,1.50,1.58
2011.08.30 15:43:09.914,1.10778,1.10795,1.50,2.33
2011.08.30 15:43:10.256,1.10779,1.10796,1.50,3.30
2011.08.30 15:43:11.411,1.10782,1.10796,1.50,1.80
2011.08.30 15:43:12.095,1.10778,1.10796,3.00,3.30
2011.08.30 15:43:13.261,1.10778,1.10796,3.00,3.30
2011.08.30 15:43:16.349,1.10781,1.10798,1.50,1.58
2011.08.30 15:43:16.587,1.10783,1.108,1.13,1.50
2011.08.30 15:43:16.915,1.10783,1.10801,1.88,1.58
2011.08.30 15:43:17.043,1.10785,1.10802,1.50,2.33
2011.08.30 15:43:17.644,1.10785,1.10803,1.50,1.95
2011.08.30 15:43:21.173,1.10788,1.10803,1.50,1.20
2011.08.30 15:43:22.393,1.10788,1.10803,2.25,1.20
2011.08.30 15:43:23.122,1.10788,1.10804,2.25,1.20
2011.08.30 15:43:23.706,1.10788,1.10803,2.63,1.20
2011.08.30 15:43:24.513,1.10788,1.10803,2.63,1.20
2011.08.30 15:43:25.344,1.1079,1.10803,1.50,1.20
2011.08.30 15:43:26.468,1.1079,1.10803,1.50,1.58
2011.08.30 15:43:27.613,1.10786,1.10802,1.50,2.70
2011.08.30 15:43:27.856,1.10785,1.10801,1.13,1.95
2011.08.30 15:43:28.087,1.10786,1.10801,1.50,1.20
2011.08.30 15:43:28.425,1.10786,1.10799,1.50,1.50
2011.08.30 15:43:28.548,1.10786,1.10799,1.50,1.50
2011.08.30 15:43:28.665,1.10782,1.10798,1.50,1.58
2011.08.30 15:43:29.026,1.10782,1.10796,1.50,1.13
2011.08.30 15:43:29.495,1.1078,1.10797,1.35,1.58
2011.08.30 15:43:29.736,1.10779,1.10794,1.50,1.58
2011.08.30 15:43:30.655,1.10779,1.10796,1.88,2.33
2011.08.30 15:43:31.963,1.10788,1.10796,1.50,1.95
2011.08.30 15:43:32.096,1.10785,1.10797,1.50,1.20
2011.08.30 15:43:32.220,1.10783,1.10797,1.13,1.20
2011.08.30 15:43:32.347,1.10783,1.10798,1.13,1.13
2011.08.30 15:43:32.923,1.10781,1.10797,2.25,1.13
2011.08.30 15:43:33.495,1.10782,1.10798,1.50,1.13
2011.08.30 15:43:36.266,1.10781,1.10797,1.88,1.13
2011.08.30 15:43:36.390,1.10781,1.10799,1.13,3.08
2011.08.30 15:43:42.135,1.10781,1.10796,1.50,1.20
2011.08.30 15:43:42.495,1.10786,1.108,1.13,1.88
2011.08.30 15:43:43.063,1.10786,1.10803,2.63,2.33
2011.08.30 15:43:43.783,1.10787,1.10803,1.13,1.95
2011.08.30 15:43:45.005,1.10785,1.10802,1.88,1.95
2011.08.30 15:43:45.126,1.1079,1.10803,1.13,1.58
2011.08.30 15:43:45.488,1.10792,1.10802,1.88,1.50
2011.08.30 15:43:46.040,1.10792,1.10802,1.13,1.50
2011.08.30 15:43:46.413,1.10786,1.10799,2.25,1.50
2011.08.30 15:43:46.544,1.10783,1.10798,1.13,1.50
2011.08.30 15:43:46.666,1.10781,1.10797,3.00,1.50
2011.08.30 15:43:47.263,1.10781,1.10798,3.00,1.58
2011.08.30 15:43:47.386,1.10783,1.10798,1.13,1.58
2011.08.30 15:43:47.504,1.10783,1.10799,1.88,4.20
2011.08.30 15:43:50.647,1.10785,1.108,1.13,1.58
2011.08.30 15:43:50.996,1.10789,1.10802,1.13,1.50
2011.08.30 15:43:51.345,1.10791,1.10803,1.50,1.88
2011.08.30 15:43:52.627,1.1079,1.10803,1.88,1.50
2011.08.30 15:43:53.150,1.1079,1.10803,2.25,1.88
2011.08.30 15:43:53.278,1.1079,1.10801,2.25,1.50
2011.08.30 15:43:53.401,1.10788,1.10801,1.50,1.50
2011.08.30 15:43:53.984,1.10787,1.10801,2.63,1.50
2011.08.30 15:43:58.447,1.10788,1.10801,1.88,1.50
2011.08.30 15:43:58.565,1.10788,1.10801,1.88,1.50
2011.08.30 15:43:59.737,1.10791,1.10802,1.50,1.50
2011.08.30 15:44:00.096,1.10794,1.10802,1.88,1.50
2011.08.30 15:44:00.689,1.10794,1.10802,1.13,1.50
2011.08.30 15:44:02.225,1.10793,1.10802,1.13,1.50
2011.08.30 15:44:02.348,1.10791,1.10802,1.50,1.50
2011.08.30 15:44:02.825,1.10788,1.10804,1.50,1.13
2011.08.30 15:44:03.514,1.1079,1.10806,1.13,1.50
2011.08.30 15:44:04.333,1.1079,1.10807,1.88,2.25
2011.08.30 15:44:06.128,1.1079,1.10805,1.13,1.13
2011.08.30 15:44:07.953,1.10789,1.10805,1.50,2.33
2011.08.30 15:44:08.073,1.10788,1.10804,2.63,1.58
2011.08.30 15:44:08.744,1.1079,1.10805,1.13,1.20
2011.08.30 15:44:09.083,1.10791,1.10805,1.13,1.88
2011.08.30 15:44:09.442,1.10793,1.10805,1.50,1.88
2011.08.30 15:44:12.291,1.10795,1.10808,1.50,1.58
2011.08.30 15:44:12.534,1.10795,1.10808,1.50,1.13
2011.08.30 15:44:13.282,1.10793,1.10808,1.50,1.13
2011.08.30 15:44:14.733,1.10794,1.10809,1.50,1.20
2011.08.30 15:44:14.975,1.1079,1.10806,2.63,1.50
2011.08.30 15:44:15.097,1.1079,1.10806,1.13,2.25
2011.08.30 15:44:15.336,1.1079,1.10806,1.88,1.50
2011.08.30 15:44:15.684,1.10794,1.10808,1.50,2.93
2011.08.30 15:44:16.813,1.10799,1.1081,1.50,1.95
2011.08.30 15:44:17.417,1.10797,1.1081,1.50,1.88
2011.08.30 15:44:17.926,1.10799,1.1081,1.50,1.50
2011.08.30 15:44:18.165,1.10799,1.10811,1.50,3.23
2011.08.30 15:44:19.086,1.10799,1.10811,1.50,1.73
2011.08.30 15:44:19.326,1.10802,1.10813,1.50,1.58
2011.08.30 15:44:20.176,1.10801,1.10816,1.50,2.18
2011.08.30 15:44:20.311,1.10805,1.10816,1.50,1.58
2011.08.30 15:44:20.435,1.10803,1.10816,1.50,1.13
2011.08.30 15:44:20.669,1.10805,1.10816,1.50,1.13
2011.08.30 15:44:21.504,1.10803,1.10816,1.50,1.35
2011.08.30 15:44:25.258,1.108,1.10814,2.25,2.25
2011.08.30 15:44:25.379,1.10798,1.10811,1.50,1.13
2011.08.30 15:44:25.499,1.10793,1.1081,1.88,3.08
2011.08.30 15:44:25.628,1.10792,1.10807,3.75,1.13
2011.08.30 15:44:25.747,1.10792,1.10804,1.50,1.13
2011.08.30 15:44:25.868,1.10787,1.10803,3.98,1.50
2011.08.30 15:44:26.681,1.10788,1.10804,1.73,1.13
2011.08.30 15:44:26.811,1.10788,1.10804,1.73,1.50
2011.08.30 15:44:27.288,1.10789,1.10806,1.50,2.33
2011.08.30 15:44:30.037,1.10788,1.10803,1.73,1.13
2011.08.30 15:44:30.394,1.10786,1.108,3.00,1.13
2011.08.30 15:44:30.636,1.10783,1.10798,2.48,1.88
2011.08.30 15:44:31.345,1.10784,1.10798,1.13,1.13
2011.08.30 15:44:32.516,1.10784,1.108,1.88,1.58
2011.08.30 15:44:33.157,1.10785,1.108,1.88,1.13
2011.08.30 15:44:33.279,1.10787,1.10804,1.50,3.83
2011.08.30 15:44:33.876,1.10785,1.10801,2.63,1.50
2011.08.30 15:44:34.331,1.10785,1.10801,2.63,1.13
2011.08.30 15:44:34.578,1.10784,1.108,1.50,1.50
2011.08.30 15:44:36.221,1.10786,1.108,1.13,1.13
2011.08.30 15:44:36.947,1.10787,1.10803,2.25,2.25
2011.08.30 15:44:37.066,1.10787,1.10803,2.25,1.13
2011.08.30 15:44:37.657,1.10786,1.10802,1.13,1.88
2011.08.30 15:44:41.092,1.10785,1.10801,2.63,1.13
2011.08.30 15:44:41.326,1.10786,1.10803,1.50,1.58
2011.08.30 15:44:41.829,1.10787,1.10804,1.50,2.70
2011.08.30 15:44:42.200,1.10792,1.10808,1.50,1.20
2011.08.30 15:44:42.451,1.10795,1.10811,1.13,1.50
2011.08.30 15:44:43.764,1.10795,1.10812,1.50,1.88
2011.08.30 15:44:44.965,1.10795,1.10811,1.50,1.13
2011.08.30 15:44:48.284,1.10795,1.10811,1.13,1.88
2011.08.30 15:44:48.403,1.10794,1.10811,1.88,1.88
2011.08.30 15:44:48.754,1.10794,1.10808,1.13,1.88
2011.08.30 15:44:50.095,1.10794,1.1081,1.50,1.13
2011.08.30 15:44:50.446,1.10794,1.10809,1.50,1.50
2011.08.30 15:44:51.016,1.10793,1.10808,1.50,1.13
2011.08.30 15:44:51.495,1.10793,1.10808,1.50,1.13
2011.08.30 15:44:52.073,1.10792,1.10808,1.88,1.88
2011.08.30 15:44:52.578,1.1079,1.10805,2.25,1.88
2011.08.30 15:44:53.067,1.10791,1.10805,1.50,1.50
2011.08.30 15:44:53.633,1.10792,1.10808,1.13,2.33
2011.08.30 15:44:53.876,1.10792,1.10809,1.88,2.70
2011.08.30 15:44:54.235,1.10794,1.1081,2.63,1.13
2011.08.30 15:44:54.596,1.10797,1.10812,1.13,1.88
2011.08.30 15:44:55.153,1.10796,1.10811,1.13,1.13
2011.08.30 15:44:55.754,1.10796,1.10812,1.50,1.13
2011.08.30 15:44:59.056,1.10794,1.10811,2.25,1.50
2011.08.30 15:44:59.404,1.10794,1.10811,1.13,1.88
2011.08.30 15:44:59.646,1.10795,1.10811,1.13,1.13
2011.08.30 15:45:02.043,1.10795,1.10812,1.13,2.25
2011.08.30 15:45:02.698,1.10794,1.1081,1.13,1.13
2011.08.30 15:45:03.275,1.10794,1.1081,1.13,1.20
2011.08.30 15:45:03.636,1.10791,1.10805,1.13,1.50
2011.08.30 15:45:05.371,1.10791,1.10802,1.13,1.50
2011.08.30 15:45:05.966,1.10789,1.10804,1.13,1.50
2011.08.30 15:45:06.362,1.10785,1.10799,1.35,1.13
2011.08.30 15:45:06.495,1.10783,1.10796,3.60,1.88
2011.08.30 15:45:06.816,1.10783,1.10796,3.60,1.13
2011.08.30 15:45:07.416,1.10782,1.10796,1.73,1.50
2011.08.30 15:45:07.540,1.10782,1.10796,1.73,1.50
2011.08.30 15:45:08.136,1.10782,1.10797,1.73,1.50
2011.08.30 15:45:08.503,1.1078,1.10796,2.25,1.50
2011.08.30 15:45:08.990,1.10781,1.10793,1.13,1.50
2011.08.30 15:45:09.934,1.10781,1.10794,1.13,1.50
2011.08.30 15:45:12.406,1.1078,1.10794,1.13,1.50
2011.08.30 15:45:12.994,1.1078,1.10794,1.13,1.50
2011.08.30 15:45:15.944,1.10779,1.10793,1.88,1.50
2011.08.30 15:45:16.063,1.10779,1.10793,1.13,1.50
2011.08.30 15:45:16.633,1.10778,1.10793,1.13,1.50
2011.08.30 15:45:17.473,1.10778,1.10793,2.25,1.50
2011.08.30 15:45:18.729,1.10778,1.10793,1.13,1.50
2011.08.30 15:45:19.904,1.10778,1.10791,1.13,1.35
2011.08.30 15:45:20.504,1.10777,1.10791,1.13,2.18
2011.08.30 15:45:20.628,1.10772,1.10786,1.13,1.50
2011.08.30 15:45:20.992,1.10768,1.1078,3.00,1.50
2011.08.30 15:45:21.226,1.10769,1.10785,1.50,1.58
2011.08.30 15:45:21.345,1.10768,1.10781,2.25,1.50
2011.08.30 15:45:21.845,1.10774,1.1079,2.63,1.88
2011.08.30 15:45:22.523,1.10774,1.1079,2.63,1.13
2011.08.30 15:45:22.647,1.10778,1.10791,1.13,1.43
2011.08.30 15:45:23.106,1.10778,1.10792,1.13,2.93
2011.08.30 15:45:23.796,1.10777,1.10791,1.13,2.85
2011.08.30 15:45:24.635,1.10777,1.10791,2.25,1.35
2011.08.30 15:45:25.094,1.10777,1.10791,2.25,1.35
2011.08.30 15:45:26.753,1.10777,1.10791,2.25,1.35
2011.08.30 15:45:27.955,1.10777,1.1079,1.50,1.13
2011.08.30 15:45:28.298,1.10777,1.1079,1.50,1.50
2011.08.30 15:45:28.648,1.10774,1.1079,1.88,1.13
2011.08.30 15:45:29.453,1.10774,1.1079,1.88,2.70
2011.08.30 15:45:29.805,1.10778,1.1079,1.50,1.95
2011.08.30 15:45:30.169,1.10781,1.10792,1.50,2.70
2011.08.30 15:45:30.296,1.10781,1.10792,1.50,1.88
2011.08.30 15:45:31.015,1.10781,1.10792,1.50,1.13
2011.08.30 15:45:31.257,1.10779,1.10793,1.50,1.50
2011.08.30 15:45:31.496,1.10781,1.10795,1.50,2.18
2011.08.30 15:45:31.888,1.10779,1.10795,2.10,1.58
2011.08.30 15:45:32.013,1.1078,1.10797,2.25,1.50
2011.08.30 15:45:32.136,1.1078,1.10794,1.50,1.50
2011.08.30 15:45:32.375,1.10779,1.10794,1.73,1.50
2011.08.30 15:45:32.615,1.1078,1.10795,1.50,1.13
2011.08.30 15:45:33.208,1.10778,1.10794,1.13,1.50
2011.08.30 15:45:33.437,1.10779,1.10795,1.13,1.13
2011.08.30 15:45:33.676,1.10779,1.10795,1.13,1.95
2011.08.30 15:45:34.265,1.10778,1.10794,1.88,1.58
2011.08.30 15:45:34.798,1.10777,1.10792,1.13,1.50
2011.08.30 15:45:35.336,1.10776,1.10792,1.13,1.58
2011.08.30 15:45:35.824,1.10777,1.10792,1.88,1.20
2011.08.30 15:45:36.515,1.10779,1.10792,1.50,1.58
2011.08.30 15:45:36.877,1.10779,1.10795,1.50,1.50
2011.08.30 15:45:36.996,1.1078,1.10796,1.50,1.13
2011.08.30 15:45:37.115,1.10782,1.10798,1.13,1.58
2011.08.30 15:45:38.874,1.10781,1.10797,1.50,1.20
2011.08.30 15:45:39.384,1.10784,1.10798,1.13,1.58
2011.08.30 15:45:39.508,1.10784,1.108,1.13,1.95
2011.08.30 15:45:40.095,1.10781,1.10798,2.25,2.33
2011.08.30 15:45:40.324,1.10781,1.10798,1.88,2.70
2011.08.30 15:45:40.667,1.10781,1.10798,3.75,2.33
2011.08.30 15:45:41.144,1.10786,1.10802,1.13,1.20
2011.08.30 15:45:41.706,1.10786,1.10802,1.13,2.70
2011.08.30 15:45:42.296,1.10785,1.10801,1.13,2.93
2011.08.30 15:45:42.908,1.10785,1.10801,1.13,3.68
2011.08.30 15:45:43.495,1.10784,1.10799,1.13,1.13
2011.08.30 15:45:44.095,1.10784,1.108,1.50,1.20
2011.08.30 15:45:44.338,1.10784,1.10798,1.13,1.13
2011.08.30 15:45:44.469,1.10781,1.10797,1.50,1.50
2011.08.30 15:45:44.600,1.1078,1.10794,2.63,1.13
2011.08.30 15:45:44.725,1.10779,1.10794,1.13,1.88
2011.08.30 15:45:46.270,1.1078,1.10794,1.50,1.58
2011.08.30 15:45:46.645,1.10773,1.10787,1.13,1.88
2011.08.30 15:45:47.447,1.10773,1.10787,1.13,1.13
2011.08.30 15:45:48.366,1.10774,1.10788,1.13,1.50
2011.08.30 15:45:49.827,1.10771,1.10787,2.48,2.25
2011.08.30 15:45:50.405,1.10771,1.10785,1.73,1.13
2011.08.30 15:45:51.004,1.10772,1.10786,1.35,1.13
2011.08.30 15:45:51.604,1.10772,1.10787,1.35,1.88
2011.08.30 15:45:52.205,1.10772,1.10787,1.73,1.88
2011.08.30 15:45:53.005,1.10772,1.10788,2.10,2.33
2011.08.30 15:45:53.623,1.10773,1.1079,1.50,1.95
2011.08.30 15:45:54.217,1.10773,1.1079,2.25,1.13
2011.08.30 15:45:56.279,1.10776,1.1079,2.25,1.50
2011.08.30 15:45:56.407,1.10778,1.10792,2.25,1.58
2011.08.30 15:45:56.985,1.1078,1.10794,1.13,1.50
2011.08.30 15:46:00.964,1.1078,1.10795,1.13,1.13
2011.08.30 15:46:01.564,1.1078,1.10795,1.13,1.88
2011.08.30 15:46:03.042,1.1078,1.10797,1.50,2.10
2011.08.30 15:46:03.656,1.10782,1.10797,1.13,2.10
2011.08.30 15:46:04.134,1.10782,1.10797,1.50,1.35
2011.08.30 15:46:05.524,1.10782,1.10797,1.50,1.35
2011.08.30 15:46:06.547,1.10782,1.10799,1.50,1.50
2011.08.30 15:46:07.163,1.10784,1.10801,1.50,2.18
2011.08.30 15:46:07.524,1.10788,1.10803,1.13,1.50
2011.08.30 15:46:08.117,1.10785,1.10799,2.25,1.13
2011.08.30 15:46:08.475,1.10784,1.10798,1.13,1.13
2011.08.30 15:46:09.274,1.10782,1.10798,1.50,1.13
2011.08.30 15:46:09.504,1.10782,1.10797,1.13,1.13
2011.08.30 15:46:10.087,1.10782,1.10797,1.88,1.13
2011.08.30 15:46:10.446,1.10782,1.10795,1.50,1.50
2011.08.30 15:46:10.567,1.10782,1.10797,1.50,1.13
2011.08.30 15:46:12.446,1.10782,1.10795,1.50,1.50
2011.08.30 15:46:12.564,1.10782,1.10797,1.50,1.13
2011.08.30 15:46:14.175,1.10782,1.10797,1.50,1.13
2011.08.30 15:46:14.765,1.10782,1.10797,1.50,1.88
2011.08.30 15:46:16.311,1.10779,1.10796,2.25,1.50
2011.08.30 15:46:16.912,1.10779,1.10794,1.50,1.50
2011.08.30 15:46:17.158,1.10779,1.10794,1.13,1.50
2011.08.30 15:46:21.453,1.10779,1.10794,1.88,1.50
2011.08.30 15:46:22.361,1.10777,1.10792,2.85,2.25
2011.08.30 15:46:22.689,1.10776,1.10786,1.35,1.50
2011.08.30 15:46:23.070,1.10772,1.10786,1.73,1.50
2011.08.30 15:46:23.636,1.10772,1.10784,1.35,1.13
2011.08.30 15:46:23.863,1.1077,1.10784,1.13,1.13
2011.08.30 15:46:23.986,1.10769,1.10784,1.50,1.50
2011.08.30 15:46:24.344,1.10767,1.10782,2.48,1.13
2011.08.30 15:46:25.037,1.10768,1.10783,1.73,1.13
2011.08.30 15:46:25.604,1.10768,1.10783,1.35,1.50
2011.08.30 15:46:26.186,1.10765,1.1078,1.50,1.50
2011.08.30 15:46:26.582,1.10767,1.10783,1.13,2.33
2011.08.30 15:46:27.825,1.10767,1.10781,1.13,1.13
2011.08.30 15:46:27.948,1.10764,1.10779,1.50,1.50
2011.08.30 15:46:28.301,1.10764,1.10778,1.50,1.50
2011.08.30 15:46:28.432,1.10763,1.10776,1.50,1.88
2011.08.30 15:46:28.559,1.10762,1.10776,1.13,1.88
2011.08.30 15:46:29.171,1.1076,1.10776,2.10,1.50
2011.08.30 15:46:30.788,1.10761,1.10776,1.50,1.50
2011.08.30 15:46:31.125,1.10761,1.10773,1.50,1.50
2011.08.30 15:46:31.587,1.10759,1.10776,1.50,2.33
2011.08.30 15:46:31.934,1.10758,1.10773,1.50,1.50
2011.08.30 15:46:32.174,1.1076,1.10776,1.50,2.70
2011.08.30 15:46:32.967,1.1076,1.10776,1.50,1.88
2011.08.30 15:46:34.823,1.1076,1.10776,1.50,1.88
2011.08.30 15:46:36.053,1.1076,1.10776,1.13,1.88
2011.08.30 15:46:36.637,1.10757,1.10773,3.38,1.13
2011.08.30 15:46:36.878,1.10757,1.10773,1.88,1.13
2011.08.30 15:46:37.237,1.10758,1.10774,1.50,1.88
2011.08.30 15:46:38.139,1.1076,1.10775,1.13,2.25
2011.08.30 15:46:38.726,1.1076,1.10775,1.13,1.50
2011.08.30 15:46:39.500,1.1076,1.10775,1.88,1.50
2011.08.30 15:46:42.326,1.1076,1.10775,1.13,1.50
2011.08.30 15:46:42.784,1.1076,1.10774,1.13,1.50
2011.08.30 15:46:42.905,1.1076,1.10775,1.13,2.25
2011.08.30 15:46:44.163,1.10759,1.10772,1.50,1.13
2011.08.30 15:46:44.287,1.10757,1.10772,1.73,1.13
2011.08.30 15:46:44.528,1.10755,1.1077,1.73,1.13
2011.08.30 15:46:45.489,1.10754,1.10769,2.48,1.88
2011.08.30 15:46:47.395,1.10755,1.10767,2.48,1.50
2011.08.30 15:46:48.526,1.10755,1.1077,2.48,1.88
2011.08.30 15:46:49.208,1.10757,1.10772,1.35,1.95
2011.08.30 15:46:50.114,1.10757,1.10772,1.73,1.50
2011.08.30 15:46:50.344,1.10758,1.10774,1.13,1.95
2011.08.30 15:46:50.466,1.10758,1.10774,1.50,1.58
2011.08.30 15:46:51.034,1.1076,1.10774,1.50,2.33
2011.08.30 15:46:51.380,1.10763,1.10774,2.25,1.50
2011.08.30 15:46:51.627,1.10766,1.10779,1.50,3.00
2011.08.30 15:46:52.194,1.10767,1.10778,1.13,1.50
2011.08.30 15:46:53.553,1.10764,1.10778,1.50,1.50
2011.08.30 15:46:54.125,1.10764,1.10777,1.50,1.50
2011.08.30 15:46:54.588,1.10763,1.10776,1.13,1.50
2011.08.30 15:46:54.709,1.10762,1.10776,1.13,2.25
2011.08.30 15:46:54.955,1.10761,1.10774,1.13,1.50
2011.08.30 15:46:55.567,1.10758,1.10772,1.88,1.88
2011.08.30 15:46:55.920,1.10757,1.10772,1.50,2.25
2011.08.30 15:46:56.049,1.10754,1.10768,1.35,1.13
2011.08.30 15:46:56.180,1.10753,1.10769,2.25,1.50
2011.08.30 15:46:56.310,1.10757,1.10771,1.13,1.50
2011.08.30 15:46:56.439,1.10759,1.10773,1.88,2.25
2011.08.30 15:46:56.806,1.10765,1.10773,1.13,1.50
2011.08.30 15:46:58.080,1.10761,1.10773,2.25,1.50
2011.08.30 15:47:00.686,1.10761,1.10773,3.75,1.50
2011.08.30 15:47:00.931,1.10769,1.1078,1.13,1.50
2011.08.30 15:47:01.059,1.1077,1.1078,1.13,1.50
2011.08.30 15:47:01.427,1.10774,1.1078,1.13,1.50
2011.08.30 15:47:01.670,1.10774,1.10784,1.88,1.50
2011.08.30 15:47:01.795,1.10774,1.10784,2.63,1.50
2011.08.30 15:47:02.244,1.10774,1.10784,1.13,1.50
2011.08.30 15:47:03.015,1.10771,1.10783,1.13,1.50
2011.08.30 15:47:05.034,1.10769,1.10783,1.13,1.50
2011.08.30 15:47:06.443,1.10769,1.10783,1.13,1.50
2011.08.30 15:47:07.469,1.10766,1.10779,1.13,1.50
2011.08.30 15:47:09.998,1.10765,1.10779,2.25,1.50
2011.08.30 15:47:10.118,1.10765,1.1078,3.75,1.50
2011.08.30 15:47:11.426,1.10768,1.10782,1.50,1.50
2011.08.30 15:47:11.549,1.10768,1.10784,3.00,2.25
2011.08.30 15:47:12.124,1.1077,1.10784,1.50,2.25
2011.08.30 15:47:15.296,1.1077,1.1078,1.50,1.50
2011.08.30 15:47:15.924,1.1077,1.10779,1.50,1.50
2011.08.30 15:47:19.405,1.10772,1.1078,1.13,1.50
2011.08.30 15:47:20.223,1.10767,1.10774,1.13,2.25
2011.08.30 15:47:20.356,1.10764,1.10772,1.88,1.50
2011.08.30 15:47:20.718,1.10762,1.10772,1.13,1.50
2011.08.30 15:47:20.946,1.10764,1.10769,1.13,1.50
2011.08.30 15:47:21.295,1.10764,1.1078,1.88,1.50
2011.08.30 15:47:21.924,1.10764,1.10778,1.13,1.13
2011.08.30 15:47:22.857,1.10764,1.1078,1.13,1.50
2011.08.30 15:47:23.324,1.10766,1.10781,1.13,1.20
2011.08.30 15:47:23.675,1.10767,1.10783,1.50,2.33
2011.08.30 15:47:23.917,1.1077,1.10784,1.13,1.80
2011.08.30 15:47:24.463,1.1077,1.10786,1.13,1.50
2011.08.30 15:47:24.606,1.10772,1.10787,1.88,1.35
2011.08.30 15:47:25.196,1.10772,1.10787,1.13,2.10
2011.08.30 15:47:28.244,1.10772,1.10787,1.13,2.85
2011.08.30 15:47:28.802,1.10772,1.10787,1.13,2.85
2011.08.30 15:47:30.322,1.10772,1.10787,1.88,2.10
2011.08.30 15:47:32.964,1.10772,1.10787,1.88,1.35
2011.08.30 15:47:33.543,1.10773,1.10787,1.13,1.35
2011.08.30 15:47:34.515,1.10773,1.10787,1.13,1.73
2011.08.30 15:47:34.757,1.10773,1.10787,1.13,2.10
2011.08.30 15:47:35.335,1.10771,1.10785,1.50,1.13
2011.08.30 15:47:36.237,1.10772,1.10786,1.88,1.13
2011.08.30 15:47:42.720,1.10772,1.10785,2.25,1.13
2011.08.30 15:47:44.133,1.10769,1.10784,1.13,1.13
2011.08.30 15:47:45.195,1.10767,1.10783,3.38,1.13
2011.08.30 15:47:46.644,1.10769,1.10785,1.50,2.25
2011.08.30 15:47:50.177,1.10769,1.10781,1.50,1.13
2011.08.30 15:47:50.528,1.10766,1.1078,1.13,1.13
2011.08.30 15:47:51.567,1.10766,1.10779,1.13,1.50
2011.08.30 15:47:51.687,1.10766,1.10778,1.13,1.50
2011.08.30 15:47:52.357,1.10764,1.10779,1.88,1.50
2011.08.30 15:47:52.965,1.10764,1.10777,1.13,1.50
2011.08.30 15:47:53.093,1.10762,1.10776,1.50,2.63
2011.08.30 15:47:53.410,1.10755,1.10769,1.50,1.13
2011.08.30 15:47:53.549,1.10751,1.10766,2.48,1.13
2011.08.30 15:47:53.674,1.10751,1.10766,1.73,1.13
2011.08.30 15:47:53.799,1.10751,1.10764,1.73,1.50
2011.08.30 15:47:54.155,1.10751,1.10765,1.73,1.13
2011.08.30 15:47:54.744,1.1075,1.10765,1.35,1.13
2011.08.30 15:47:55.436,1.10751,1.10765,1.35,1.13
2011.08.30 15:47:56.186,1.10753,1.10767,1.13,2.25
2011.08.30 15:47:56.549,1.10755,1.10771,1.13,1.88
2011.08.30 15:47:56.682,1.10757,1.10773,1.13,1.88
2011.08.30 15:47:57.167,1.10757,1.10772,1.13,1.50
2011.08.30 15:47:57.525,1.10755,1.1077,1.13,1.50
2011.08.30 15:47:58.088,1.10755,1.1077,1.50,2.25
2011.08.30 15:47:58.211,1.10757,1.1077,1.50,1.50
2011.08.30 15:47:58.339,1.10758,1.10774,1.88,1.50
2011.08.30 15:47:58.459,1.10758,1.10775,2.63,2.25
2011.08.30 15:47:59.070,1.1076,1.10774,1.13,1.50
2011.08.30 15:47:59.670,1.10761,1.10776,1.13,1.50
2011.08.30 15:47:59.796,1.10761,1.10775,1.13,1.50
2011.08.30 15:48:04.797,1.1076,1.10773,1.13,1.50
2011.08.30 15:48:05.476,1.1076,1.10773,1.13,1.50
2011.08.30 15:48:07.226,1.10759,1.10772,1.13,1.35
2011.08.30 15:48:07.965,1.10756,1.10771,1.13,2.48
2011.08.30 15:48:08.090,1.10756,1.1077,1.13,1.50
2011.08.30 15:48:08.219,1.10756,1.10771,1.13,2.10
2011.08.30 15:48:08.348,1.10754,1.10769,1.50,1.50
2011.08.30 15:48:09.386,1.10754,1.10767,1.50,1.50
2011.08.30 15:48:09.506,1.10757,1.1077,1.13,1.50
2011.08.30 15:48:10.205,1.10757,1.1077,1.13,1.20
2011.08.30 15:48:13.855,1.10754,1.1077,1.13,1.20
2011.08.30 15:48:14.086,1.10754,1.10768,1.24,1.50
2011.08.30 15:48:14.205,1.10754,1.10769,1.24,1.58
2011.08.30 15:48:15.034,1.10753,1.10769,1.62,1.58
2011.08.30 15:48:16.284,1.10755,1.10769,1.13,1.58
2011.08.30 15:48:17.074,1.10755,1.10771,1.13,3.83
2011.08.30 15:48:18.379,1.10754,1.10769,1.88,1.20
2011.08.30 15:48:20.607,1.10753,1.10771,2.10,3.08
2011.08.30 15:48:21.195,1.10755,1.10769,1.13,1.58
2011.08.30 15:48:21.764,1.10755,1.10771,1.13,2.63
2011.08.30 15:48:22.116,1.10754,1.10769,1.50,1.50
2011.08.30 15:48:22.478,1.10752,1.10767,1.13,1.88
2011.08.30 15:48:23.038,1.10752,1.10766,1.13,1.50
2011.08.30 15:48:25.473,1.10752,1.10766,1.13,1.50
2011.08.30 15:48:25.825,1.10756,1.1077,1.13,2.33
2011.08.30 15:48:26.275,1.10753,1.10768,1.13,1.50
2011.08.30 15:48:27.264,1.10753,1.10768,1.13,1.88
2011.08.30 15:48:27.494,1.10753,1.10767,1.13,1.13
2011.08.30 15:48:28.188,1.10753,1.10767,1.13,1.13
2011.08.30 15:48:28.788,1.10753,1.10768,1.13,1.13
2011.08.30 15:48:31.544,1.10754,1.1077,1.13,1.88
2011.08.30 15:48:34.424,1.10756,1.10771,1.13,1.88
2011.08.30 15:48:35.146,1.10757,1.10772,1.88,1.13
2011.08.30 15:48:35.686,1.10764,1.10776,1.13,1.35
2011.08.30 15:48:36.278,1.10765,1.10779,1.13,1.95
2011.08.30 15:48:36.639,1.1076,1.10772,1.13,1.50
2011.08.30 15:48:37.226,1.10758,1.10772,1.35,1.50
2011.08.30 15:48:37.797,1.10757,1.10771,2.85,1.50
2011.08.30 15:48:38.391,1.10757,1.10771,2.10,1.50
2011.08.30 15:48:39.100,1.10758,1.10773,1.73,1.88
2011.08.30 15:48:39.334,1.10759,1.10773,2.10,1.50
2011.08.30 15:48:39.696,1.1076,1.10775,1.13,2.10
2011.08.30 15:48:40.038,1.1076,1.10775,1.50,2.10
2011.08.30 15:48:41.804,1.10762,1.10776,1.50,1.35
2011.08.30 15:48:46.044,1.10763,1.10776,1.13,1.35
2011.08.30 15:48:46.286,1.10763,1.10779,1.13,1.50
2011.08.30 15:48:46.623,1.10762,1.10779,2.25,1.50
2011.08.30 15:48:46.853,1.10764,1.10779,1.13,1.50
2011.08.30 15:48:47.413,1.10765,1.10779,1.13,1.50
2011.08.30 15:48:47.913,1.10765,1.10779,1.13,2.25
2011.08.30 15:48:48.036,1.10762,1.10778,1.50,1.50
2011.08.30 15:48:48.414,1.10763,1.10779,1.13,1.50
2011.08.30 15:48:49.474,1.10763,1.10778,1.13,1.13
2011.08.30 15:48:50.181,1.10762,1.10778,1.13,1.50
2011.08.30 15:48:52.055,1.10762,1.10778,1.50,1.88
2011.08.30 15:48:52.815,1.10762,1.10777,1.50,1.50
2011.08.30 15:48:52.934,1.10762,1.10778,2.25,1.50
2011.08.30 15:48:54.715,1.10762,1.10778,1.50,2.25
2011.08.30 15:48:57.885,1.10764,1.1078,1.50,1.88
2011.08.30 15:48:58.696,1.10765,1.10782,1.50,4.58
2011.08.30 15:48:59.045,1.10768,1.10782,1.13,1.88
2011.08.30 15:48:59.643,1.10768,1.10782,1.13,1.13
2011.08.30 15:49:01.164,1.10768,1.10782,1.88,1.13
2011.08.30 15:49:01.782,1.10769,1.10782,1.50,1.13
2011.08.30 15:49:02.346,1.10768,1.10782,1.13,1.13
2011.08.30 15:49:02.914,1.10768,1.10782,1.88,1.13
2011.08.30 15:49:05.094,1.10768,1.10779,1.50,1.50
2011.08.30 15:49:05.217,1.10764,1.10779,1.50,1.88
2011.08.30 15:49:05.336,1.10763,1.10777,1.13,1.13
2011.08.30 15:49:05.818,1.10762,1.10778,1.13,1.88
2011.08.30 15:49:06.405,1.10764,1.10778,1.13,1.13
2011.08.30 15:49:08.117,1.10765,1.10778,1.50,1.13
2011.08.30 15:49:11.814,1.10765,1.1078,1.13,1.50
2011.08.30 15:49:13.007,1.10765,1.10779,1.13,1.13
2011.08.30 15:49:16.206,1.10764,1.1078,1.88,1.13
2011.08.30 15:49:16.775,1.10765,1.10781,1.13,1.95
2011.08.30 15:49:17.354,1.10765,1.10781,1.13,1.95
2011.08.30 15:49:20.069,1.10763,1.10778,1.13,1.50
2011.08.30 15:49:20.197,1.10761,1.10775,1.13,1.50
2011.08.30 15:49:20.315,1.10761,1.10774,1.13,1.50
2011.08.30 15:49:21.385,1.1076,1.10777,1.13,1.95
2011.08.30 15:49:21.949,1.10761,1.10777,1.88,1.58
2011.08.30 15:49:22.394,1.10762,1.10778,1.88,1.95
2011.08.30 15:49:23.284,1.10764,1.10778,1.13,1.20
2011.08.30 15:49:26.048,1.10765,1.1078,1.50,1.95
2011.08.30 15:49:26.398,1.10763,1.10777,2.25,1.50
2011.08.30 15:49:26.517,1.10766,1.1078,1.88,1.20
2011.08.30 15:49:26.636,1.10766,1.1078,1.13,1.20
2011.08.30 15:49:27.437,1.10764,1.10779,1.13,1.13
2011.08.30 15:49:30.184,1.10763,1.10778,1.50,1.88
2011.08.30 15:49:30.544,1.10763,1.10776,1.50,1.50
2011.08.30 15:49:38.684,1.10763,1.10776,1.88,1.50
2011.08.30 15:49:40.510,1.10764,1.10776,1.50,1.50
2011.08.30 15:49:40.879,1.10768,1.10779,1.50,1.50
2011.08.30 15:49:41.460,1.10767,1.10777,1.13,1.50
2011.08.30 15:49:41.815,1.10767,1.10777,1.88,1.50
2011.08.30 15:49:42.373,1.10766,1.10777,1.13,1.50
2011.08.30 15:49:42.925,1.10766,1.10777,1.50,1.50
2011.08.30 15:49:43.045,1.1077,1.10777,1.50,1.50
2011.08.30 15:49:43.274,1.10768,1.10777,1.88,1.50
2011.08.30 15:49:43.643,1.1077,1.10777,1.50,1.50
2011.08.30 15:49:43.874,1.10768,1.10777,1.13,1.50
2011.08.30 15:49:44.220,1.10767,1.10777,1.13,1.50
2011.08.30 15:49:44.808,1.10767,1.10777,2.63,1.50
2011.08.30 15:49:45.556,1.10767,1.10777,1.13,1.50
2011.08.30 15:49:55.355,1.10764,1.10777,1.13,2.25
2011.08.30 15:49:56.175,1.10764,1.10776,1.13,1.50
2011.08.30 15:49:56.526,1.1076,1.10772,1.88,1.50
2011.08.30 15:49:56.875,1.10759,1.10775,3.00,1.88
2011.08.30 15:49:57.422,1.10759,1.10774,2.25,2.63
2011.08.30 15:49:57.667,1.10759,1.10774,3.00,1.13
2011.08.30 15:49:57.788,1.10759,1.10773,2.25,1.50
2011.08.30 15:49:59.408,1.10759,1.10774,2.25,2.63
2011.08.30 15:49:59.755,1.10758,1.10771,2.63,1.50
2011.08.30 15:50:00.335,1.10757,1.10771,1.73,1.88
2011.08.30 15:50:01.096,1.10756,1.10771,2.48,1.88
2011.08.30 15:50:01.565,1.10755,1.10767,1.73,1.50
2011.08.30 15:50:02.049,1.10755,1.10771,3.23,1.13
2011.08.30 15:50:02.168,1.10756,1.10771,1.35,1.13
2011.08.30 15:50:02.736,1.10758,1.10772,1.13,1.13
2011.08.30 15:50:04.035,1.10758,1.10773,1.13,1.13
2011.08.30 15:50:04.711,1.10757,1.10772,2.10,1.50
2011.08.30 15:50:06.634,1.10756,1.10772,3.60,1.88
2011.08.30 15:50:06.987,1.10756,1.10772,3.60,1.13
2011.08.30 15:50:07.216,1.10756,1.10771,2.85,1.50
2011.08.30 15:50:07.776,1.10756,1.10771,2.48,1.88
2011.08.30 15:50:08.365,1.10756,1.10771,1.73,1.88
2011.08.30 15:50:08.954,1.10756,1.10768,1.73,1.50
2011.08.30 15:50:09.316,1.10757,1.10768,2.10,1.50
2011.08.30 15:50:09.436,1.10757,1.10771,2.10,1.50
2011.08.30 15:50:10.007,1.10759,1.10774,1.13,2.25
2011.08.30 15:50:10.127,1.10759,1.10774,1.13,2.25
2011.08.30 15:50:11.434,1.10759,1.10774,1.50,2.25
2011.08.30 15:50:11.907,1.10763,1.10774,1.13,1.50
2011.08.30 15:50:12.150,1.10763,1.10777,1.13,3.00
2011.08.30 15:50:12.517,1.10764,1.10777,2.25,2.25
2011.08.30 15:50:13.314,1.10766,1.10777,1.13,1.50
2011.08.30 15:50:14.146,1.10764,1.10777,1.88,1.50
2011.08.30 15:50:15.516,1.10764,1.10777,3.00,1.50
2011.08.30 15:50:15.876,1.10768,1.10782,1.13,1.13
2011.08.30 15:50:15.995,1.10767,1.10782,1.88,1.13
2011.08.30 15:50:18.654,1.10767,1.10781,1.13,2.25
2011.08.30 15:50:19.182,1.10767,1.10781,1.88,1.50
2011.08.30 15:50:20.155,1.10768,1.10783,1.50,1.88
2011.08.30 15:50:22.238,1.10769,1.10783,1.13,1.50
2011.08.30 15:50:22.805,1.1077,1.10783,1.13,1.50
2011.08.30 15:50:23.364,1.10768,1.10783,2.25,1.50
2011.08.30 15:50:23.613,1.10768,1.10782,1.88,1.13
2011.08.30 15:50:25.855,1.10768,1.10783,2.25,1.50
2011.08.30 15:50:26.666,1.10771,1.10783,1.50,1.50
2011.08.30 15:50:26.791,1.10771,1.10785,3.75,1.50
2011.08.30 15:50:27.155,1.10774,1.10786,1.13,1.50
2011.08.30 15:50:27.278,1.10774,1.10786,1.88,1.50
2011.08.30 15:50:27.517,1.10775,1.10786,1.50,1.50
2011.08.30 15:50:28.826,1.10774,1.10786,1.13,1.50
2011.08.30 15:50:29.780,1.10775,1.10786,1.13,1.50
2011.08.30 15:50:32.223,1.10774,1.10786,1.13,1.50
2011.08.30 15:50:32.565,1.10775,1.10785,1.88,1.50
2011.08.30 15:50:33.026,1.10775,1.10791,1.13,2.63
2011.08.30 15:50:33.256,1.10774,1.10785,1.13,1.50
2011.08.30 15:50:34.475,1.10775,1.10785,1.13,1.50
2011.08.30 15:50:37.403,1.10774,1.10785,1.13,1.50
2011.08.30 15:50:38.765,1.10774,1.10788,1.13,1.35
2011.08.30 15:50:39.005,1.10774,1.10783,1.13,1.50
2011.08.30 15:50:39.885,1.10774,1.10783,1.13,1.50
2011.08.30 15:50:41.268,1.10774,1.10783,1.13,1.50
2011.08.30 15:50:41.629,1.10776,1.10791,2.85,1.50
2011.08.30 15:50:42.315,1.10777,1.10791,1.50,1.50
2011.08.30 15:50:43.062,1.10777,1.10792,1.50,1.50
2011.08.30 15:50:43.187,1.10778,1.10794,2.10,1.50
2011.08.30 15:50:44.294,1.10779,1.10794,1.50,1.50
2011.08.30 15:50:44.636,1.10779,1.10793,1.50,2.25
2011.08.30 15:50:44.976,1.10779,1.10793,1.50,2.25
2011.08.30 15:50:46.085,1.1078,1.10793,2.25,1.50
2011.08.30 15:50:46.997,1.10779,1.10793,1.50,2.25
2011.08.30 15:50:47.797,1.10778,1.10789,1.13,1.50
2011.08.30 15:50:48.405,1.10778,1.10788,1.13,1.50
2011.08.30 15:50:48.965,1.10775,1.10786,2.85,1.50
2011.08.30 15:50:49.644,1.10775,1.10788,2.10,1.50
2011.08.30 15:50:50.756,1.10776,1.10788,2.10,1.50
2011.08.30 15:50:50.984,1.10777,1.10789,2.10,1.50
2011.08.30 15:50:51.548,1.10777,1.10787,1.50,1.50
2011.08.30 15:50:52.020,1.10777,1.10787,1.13,1.50
2011.08.30 15:50:55.000,1.10773,1.10787,1.35,1.50
2011.08.30 15:50:55.132,1.10773,1.10785,1.35,1.50
2011.08.30 15:50:55.617,1.10771,1.10787,1.73,1.50
2011.08.30 15:50:55.964,1.10771,1.10785,1.35,1.50
2011.08.30 15:50:56.556,1.10771,1.10783,1.73,1.50
2011.08.30 15:50:59.609,1.10767,1.10783,7.88,1.88
2011.08.30 15:50:59.728,1.10768,1.10778,1.50,1.50
2011.08.30 15:51:00.085,1.10765,1.10779,1.50,1.50
2011.08.30 15:51:00.317,1.10762,1.1078,3.00,2.63
2011.08.30 15:51:00.787,1.10764,1.1078,1.50,1.50
2011.08.30 15:51:01.347,1.10767,1.10783,1.88,3.45
2011.08.30 15:51:02.078,1.10767,1.1078,1.50,1.13
2011.08.30 15:51:02.433,1.10762,1.10777,1.50,1.50
2011.08.30 15:51:03.235,1.10762,1.10776,1.50,1.50
2011.08.30 15:51:03.464,1.10762,1.10777,1.13,2.63
2011.08.30 15:51:05.140,1.10761,1.10775,1.50,1.50
2011.08.30 15:51:05.619,1.10761,1.10776,1.50,1.50
2011.08.30 15:51:08.393,1.10761,1.10775,1.50,1.50
2011.08.30 15:51:09.307,1.10762,1.10775,1.50,1.50
2011.08.30 15:51:09.668,1.10763,1.10779,1.50,1.50
2011.08.30 15:51:10.546,1.10763,1.10778,2.25,1.50
2011.08.30 15:51:10.666,1.10763,1.10779,2.25,1.50
2011.08.30 15:51:11.586,1.10765,1.10777,1.35,1.50
2011.08.30 15:51:13.045,1.10763,1.10779,2.25,1.13
2011.08.30 15:51:13.635,1.10763,1.10778,1.50,1.50
2011.08.30 15:51:14.210,1.10763,1.10778,1.50,1.50
2011.08.30 15:51:16.594,1.10763,1.10779,1.50,1.50
2011.08.30 15:51:16.936,1.10762,1.10777,2.48,1.13
2011.08.30 15:51:17.175,1.10762,1.10777,1.73,1.13
2011.08.30 15:51:17.405,1.10762,1.10777,1.73,1.13
2011.08.30 15:51:22.475,1.10761,1.10775,2.10,1.50
2011.08.30 15:51:24.224,1.10764,1.10777,2.25,1.50
2011.08.30 15:51:27.786,1.10764,1.10777,2.25,1.50
2011.08.30 15:51:28.454,1.10764,1.1078,2.25,1.50
2011.08.30 15:51:31.934,1.10764,1.10777,2.25,1.50
2011.08.30 15:51:32.610,1.10764,1.1078,1.13,1.88
2011.08.30 15:51:32.737,1.10764,1.10778,1.13,1.50
2011.08.30 15:51:33.204,1.10764,1.10778,1.13,1.50
2011.08.30 15:51:33.763,1.10764,1.10777,1.13,1.50
2011.08.30 15:51:34.435,1.10764,1.10777,1.13,1.50
2011.08.30 15:51:34.927,1.10764,1.10775,1.13,1.50
2011.08.30 15:51:35.986,1.10763,1.10775,1.13,1.50
2011.08.30 15:51:45.487,1.10763,1.10775,1.13,1.50
2011.08.30 15:51:46.054,1.10761,1.10777,2.85,1.88
2011.08.30 15:51:46.284,1.10763,1.10778,1.13,1.13
2011.08.30 15:51:46.854,1.10763,1.10778,1.13,1.13
2011.08.30 15:51:48.084,1.10763,1.10778,1.13,1.13
2011.08.30 15:51:48.314,1.10763,1.10777,1.13,1.88
2011.08.30 15:51:50.418,1.10763,1.10773,1.13,1.50
2011.08.30 15:51:50.820,1.10763,1.10779,2.25,1.88
2011.08.30 15:51:51.287,1.10763,1.10779,2.25,1.50
2011.08.30 15:51:51.407,1.10767,1.10783,1.50,3.83
2011.08.30 15:51:51.643,1.1077,1.10784,1.13,2.70
2011.08.30 15:51:52.665,1.10768,1.10784,2.10,1.13
2011.08.30 15:51:53.235,1.10768,1.10784,2.10,1.13
2011.08.30 15:51:53.804,1.10769,1.10783,1.13,1.50
2011.08.30 15:51:54.257,1.10768,1.10784,2.85,1.13
2011.08.30 15:51:56.328,1.10768,1.10784,2.85,1.50
2011.08.30 15:51:56.920,1.10772,1.10787,2.25,1.58
2011.08.30 15:51:57.047,1.10772,1.10787,3.00,1.50
2011.08.30 15:51:57.286,1.10775,1.10786,1.50,1.50
2011.08.30 15:51:57.855,1.10774,1.10785,1.50,1.50
2011.08.30 15:51:58.669,1.10773,1.10785,2.25,1.50
2011.08.30 15:51:58.787,1.10773,1.10783,1.50,1.50
2011.08.30 15:51:59.025,1.10772,1.10784,2.85,1.50
2011.08.30 15:51:59.945,1.10772,1.10787,2.85,1.50
2011.08.30 15:52:00.066,1.10772,1.10784,2.85,1.50
2011.08.30 15:52:07.064,1.10773,1.10784,3.00,1.50
2011.08.30 15:52:07.185,1.10773,1.10789,3.00,1.50
2011.08.30 15:52:07.546,1.10776,1.10786,1.50,1.50
2011.08.30 15:52:07.896,1.10775,1.10784,1.50,1.50
2011.08.30 15:52:08.018,1.10774,1.10789,1.50,1.50
2011.08.30 15:52:08.258,1.10774,1.10787,1.50,1.50
2011.08.30 15:52:08.486,1.10774,1.10788,1.50,1.50
2011.08.30 15:52:08.605,1.10773,1.10788,3.00,1.50
2011.08.30 15:52:08.725,1.10773,1.10784,3.00,1.50
2011.08.30 15:52:10.811,1.10773,1.10784,3.00,1.50
2011.08.30 15:52:11.405,1.10773,1.10784,3.00,1.50
2011.08.30 15:52:13.594,1.10773,1.10784,4.50,1.50
2011.08.30 15:52:13.714,1.10773,1.10789,4.50,1.50
2011.08.30 15:52:13.949,1.10776,1.10789,1.35,1.50
2011.08.30 15:52:14.070,1.10777,1.10791,1.50,1.20
2011.08.30 15:52:14.319,1.10776,1.10791,1.35,2.25
2011.08.30 15:52:14.447,1.10776,1.10791,1.35,2.93
2011.08.30 15:52:14.808,1.10773,1.10785,2.48,1.50
2011.08.30 15:52:15.322,1.10773,1.10783,2.48,1.50
2011.08.30 15:52:16.115,1.10773,1.10783,1.73,1.50
2011.08.30 15:52:21.044,1.10771,1.10783,1.73,1.50
2011.08.30 15:52:22.165,1.10772,1.10783,1.73,1.50
2011.08.30 15:52:22.286,1.10772,1.10785,1.73,1.50
2011.08.30 15:52:22.624,1.10772,1.10783,1.73,1.50
2011.08.30 15:52:24.589,1.10772,1.10784,1.73,1.50
2011.08.30 15:52:31.563,1.10773,1.10784,2.10,1.50
2011.08.30 15:52:38.295,1.10774,1.10787,1.88,1.50
2011.08.30 15:52:38.798,1.10774,1.10784,1.88,1.50
2011.08.30 15:52:39.365,1.10774,1.10786,1.88,1.50
2011.08.30 15:52:39.934,1.10774,1.10787,1.88,1.50
2011.08.30 15:52:40.324,1.10774,1.10785,1.88,1.50
2011.08.30 15:52:40.557,1.10774,1.10787,1.88,1.50
2011.08.30 15:52:40.680,1.10777,1.10787,1.13,1.50
2011.08.30 15:52:40.811,1.10777,1.10793,1.73,1.20
2011.08.30 15:52:41.300,1.10778,1.10794,2.25,1.20
2011.08.30 15:52:43.646,1.10778,1.10793,1.13,1.20
2011.08.30 15:52:44.204,1.10779,1.10793,1.13,1.20
2011.08.30 15:52:45.095,1.10778,1.10793,1.13,1.95
2011.08.30 15:52:45.215,1.10778,1.10793,1.88,1.20
2011.08.30 15:52:47.945,1.10778,1.10792,1.13,1.58
2011.08.30 15:52:48.175,1.10778,1.10793,1.13,1.20
2011.08.30 15:52:49.734,1.10778,1.10793,1.13,1.20
2011.08.30 15:52:50.304,1.10778,1.10793,1.88,1.20
2011.08.30 15:52:51.041,1.10774,1.10784,1.50,1.50
2011.08.30 15:52:51.736,1.10772,1.10784,1.88,2.25
2011.08.30 15:52:52.333,1.10773,1.10784,1.13,1.50
2011.08.30 15:52:52.788,1.10773,1.10789,1.13,1.95
2011.08.30 15:52:53.267,1.10772,1.10787,1.13,1.50
2011.08.30 15:52:57.435,1.10772,1.10787,1.50,1.88
2011.08.30 15:52:58.013,1.10772,1.10787,1.50,1.88
2011.08.30 15:52:58.945,1.10772,1.10785,1.50,1.50
2011.08.30 15:52:59.515,1.10772,1.10788,1.88,1.88
2011.08.30 15:52:59.855,1.10772,1.10784,1.88,1.50
2011.08.30 15:53:00.445,1.10772,1.10783,1.13,1.50
2011.08.30 15:53:00.947,1.10772,1.10785,1.13,1.50
2011.08.30 15:53:01.187,1.10772,1.10788,1.13,1.50
2011.08.30 15:53:02.444,1.10772,1.10786,1.13,1.50
2011.08.30 15:53:02.566,1.10772,1.10787,1.13,1.50
2011.08.30 15:53:02.806,1.10773,1.10789,1.35,2.33
2011.08.30 15:53:03.047,1.10773,1.10789,2.85,1.58
2011.08.30 15:53:03.396,1.10773,1.10789,2.10,1.58
2011.08.30 15:53:04.196,1.10774,1.10789,1.13,1.20
2011.08.30 15:53:04.767,1.10773,1.10787,2.10,1.50
2011.08.30 15:53:04.885,1.10773,1.1079,2.25,1.58
2011.08.30 15:53:09.784,1.10773,1.10787,1.50,1.50
2011.08.30 15:53:10.354,1.10773,1.10785,2.48,1.50
2011.08.30 15:53:10.476,1.10773,1.10786,1.73,1.50
2011.08.30 15:53:10.604,1.10773,1.10786,1.73,1.50
2011.08.30 15:53:11.134,1.10773,1.10784,1.73,1.50
2011.08.30 15:53:11.730,1.10773,1.10783,1.73,1.50
2011.08.30 15:53:11.854,1.10772,1.10787,2.48,1.88
2011.08.30 15:53:12.086,1.10775,1.10791,1.13,2.70
2011.08.30 15:53:12.204,1.10773,1.10788,2.10,1.50
2011.08.30 15:53:12.784,1.10775,1.10791,1.88,1.20
2011.08.30 15:53:13.149,1.10782,1.10794,1.50,1.20
2011.08.30 15:53:13.267,1.10778,1.10793,1.88,1.58
2011.08.30 15:53:13.628,1.10776,1.10787,1.13,1.50
2011.08.30 15:53:13.746,1.10777,1.10791,1.50,1.20
2011.08.30 15:53:14.546,1.10776,1.10791,1.88,1.20
2011.08.30 15:53:14.945,1.10777,1.10793,1.13,1.58
2011.08.30 15:53:15.529,1.10778,1.10791,1.35,1.88
2011.08.30 15:53:15.650,1.10779,1.10794,1.35,1.58
2011.08.30 15:53:18.743,1.10779,1.10795,2.10,1.20
2011.08.30 15:53:20.620,1.1078,1.10796,2.85,2.33
2011.08.30 15:53:21.247,1.1078,1.10796,2.10,1.58
2011.08.30 15:53:21.804,1.1078,1.10796,2.10,1.95
2011.08.30 15:53:23.534,1.1078,1.10794,2.10,1.58
2011.08.30 15:53:23.653,1.1078,1.10795,2.10,1.58
2011.08.30 15:53:24.585,1.1078,1.10795,2.10,1.58
2011.08.30 15:53:24.924,1.1078,1.10794,2.10,1.58
2011.08.30 15:53:25.155,1.10781,1.10796,1.50,1.50
2011.08.30 15:53:27.287,1.10782,1.10798,1.73,1.58
2011.08.30 15:53:27.808,1.10782,1.10799,1.73,1.20
2011.08.30 15:53:28.258,1.10783,1.10799,1.13,1.20
2011.08.30 15:53:28.617,1.1079,1.10803,1.13,1.50
2011.08.30 15:53:29.326,1.1079,1.10802,1.13,1.50
2011.08.30 15:53:29.675,1.1079,1.10801,1.13,1.50
2011.08.30 15:53:30.135,1.10786,1.10801,1.50,1.50
2011.08.30 15:53:30.843,1.10786,1.108,1.50,1.50
2011.08.30 15:53:31.085,1.10786,1.10801,1.50,1.50
2011.08.30 15:53:31.207,1.10786,1.10799,1.50,1.50
2011.08.30 15:53:31.668,1.10785,1.10799,1.50,1.88
2011.08.30 15:53:31.914,1.10784,1.10797,1.50,1.50
2011.08.30 15:53:32.036,1.10783,1.10796,1.13,1.50
2011.08.30 15:53:32.156,1.10783,1.10796,1.88,1.50
2011.08.30 15:53:32.384,1.10783,1.10799,2.63,1.95
2011.08.30 15:53:32.954,1.10783,1.10797,1.88,1.50
2011.08.30 15:53:37.346,1.10782,1.10796,2.25,1.50
2011.08.30 15:53:37.465,1.10782,1.10796,1.88,1.50
2011.08.30 15:53:38.046,1.10782,1.10793,1.13,1.50
2011.08.30 15:53:38.170,1.10782,1.10795,1.13,1.50
2011.08.30 15:53:38.624,1.10782,1.10795,1.50,1.50
2011.08.30 15:53:38.859,1.10784,1.108,1.13,2.33
2011.08.30 15:53:39.305,1.10784,1.108,2.63,2.33
2011.08.30 15:53:40.635,1.10784,1.108,1.88,1.95
2011.08.30 15:53:40.758,1.10782,1.10798,1.50,3.45
2011.08.30 15:53:41.404,1.10779,1.10793,1.88,1.13
2011.08.30 15:53:41.659,1.10779,1.10793,1.13,1.95
2011.08.30 15:53:42.037,1.1078,1.10793,1.50,1.20
2011.08.30 15:53:43.054,1.1078,1.10798,2.63,3.08
2011.08.30 15:53:43.956,1.10781,1.10798,1.50,3.08
2011.08.30 15:53:44.847,1.10781,1.10798,2.25,1.58
2011.08.30 15:53:45.088,1.10783,1.10799,1.13,1.20
2011.08.30 15:53:45.664,1.10784,1.108,1.50,1.20
2011.08.30 15:53:46.483,1.10785,1.10802,1.50,2.33
2011.08.30 15:53:47.795,1.10785,1.10801,1.13,1.58
2011.08.30 15:53:50.007,1.10785,1.10799,1.13,1.13
2011.08.30 15:53:50.504,1.10785,1.10801,1.88,1.58
2011.08.30 15:53:53.089,1.10787,1.10802,1.13,2.33
2011.08.30 15:53:53.325,1.10788,1.10803,1.13,1.58
2011.08.30 15:53:53.785,1.10787,1.10801,1.88,1.50
2011.08.30 15:53:54.344,1.10787,1.10801,1.88,1.50
2011.08.30 15:53:55.234,1.10787,1.10801,1.88,1.50
2011.08.30 15:53:57.116,1.10788,1.10801,2.85,1.50
2011.08.30 15:53:57.676,1.10788,1.10801,2.85,1.50
2011.08.30 15:54:08.264,1.1079,1.10804,1.13,1.88
2011.08.30 15:54:10.627,1.10788,1.10803,1.88,1.13
2011.08.30 15:54:10.751,1.10787,1.10801,1.50,1.50
2011.08.30 15:54:11.121,1.10783,1.10796,5.10,1.13
2011.08.30 15:54:11.487,1.10782,1.10796,1.73,1.13
2011.08.30 15:54:11.829,1.10781,1.10796,2.48,1.13
2011.08.30 15:54:11.949,1.10781,1.10795,2.10,1.50
2011.08.30 15:54:15.514,1.10782,1.10796,2.85,2.25
2011.08.30 15:54:15.640,1.10785,1.10797,1.50,1.13
2011.08.30 15:54:16.250,1.10785,1.10797,1.50,1.88
2011.08.30 15:54:16.834,1.10783,1.10795,1.50,1.13
2011.08.30 15:54:19.618,1.10783,1.10796,1.88,1.13
2011.08.30 15:54:19.980,1.1079,1.10806,1.13,1.50
2011.08.30 15:54:20.107,1.10789,1.10801,1.13,1.50
2011.08.30 15:54:20.230,1.10792,1.10805,1.50,1.50
2011.08.30 15:54:20.476,1.10792,1.10805,1.50,1.50
2011.08.30 15:54:21.277,1.10792,1.10806,2.25,1.50
2011.08.30 15:54:21.750,1.10793,1.10807,1.13,1.13
2011.08.30 15:54:21.876,1.10796,1.10812,1.88,3.08
2011.08.30 15:54:22.465,1.10796,1.1081,1.88,1.13
2011.08.30 15:54:23.012,1.10797,1.10814,1.50,1.58
2011.08.30 15:54:25.204,1.10796,1.1081,1.88,1.13
2011.08.30 15:54:26.475,1.10797,1.10813,1.50,2.33
2011.08.30 15:54:26.595,1.10797,1.10813,2.63,1.20
2011.08.30 15:54:26.838,1.10799,1.10815,1.50,3.08
2011.08.30 15:54:26.960,1.108,1.10816,1.50,1.95
2011.08.30 15:54:27.206,1.10802,1.10816,1.13,1.95
2011.08.30 15:54:27.565,1.10802,1.10811,1.13,1.50
2011.08.30 15:54:28.134,1.10802,1.10812,1.13,1.50
2011.08.30 15:54:28.365,1.10802,1.10812,1.13,1.50
2011.08.30 15:54:28.924,1.10802,1.10814,1.13,1.50
2011.08.30 15:54:29.505,1.10799,1.10815,1.13,1.88
2011.08.30 15:54:29.735,1.10798,1.10815,2.63,1.88
2011.08.30 15:54:30.343,1.10798,1.10811,2.25,1.50
2011.08.30 15:54:33.136,1.10796,1.1081,1.88,1.13
2011.08.30 15:54:33.705,1.10796,1.10811,1.88,1.13
2011.08.30 15:54:34.529,1.10797,1.10813,1.13,1.58
2011.08.30 15:54:35.259,1.10799,1.10815,1.13,1.95
2011.08.30 15:54:35.849,1.10798,1.10814,1.88,1.58
2011.08.30 15:54:37.723,1.10801,1.10817,1.50,2.55
2011.08.30 15:54:47.266,1.10801,1.10813,1.50,1.13
2011.08.30 15:54:47.747,1.10802,1.10817,1.50,1.50
2011.08.30 15:54:48.315,1.10801,1.10817,1.88,1.88
2011.08.30 15:54:50.269,1.10802,1.10817,1.50,1.13
2011.08.30 15:54:50.510,1.10802,1.10817,1.50,1.88
2011.08.30 15:54:50.640,1.10803,1.10819,1.50,1.58
2011.08.30 15:54:50.768,1.10801,1.10816,1.13,1.50
2011.08.30 15:54:51.428,1.108,1.10814,1.50,1.13
2011.08.30 15:54:51.677,1.10798,1.10814,1.50,3.47
2011.08.30 15:54:51.921,1.1079,1.10803,1.50,1.13
2011.08.30 15:54:52.515,1.10789,1.10805,1.13,2.18
2011.08.30 15:54:52.640,1.10788,1.10803,1.13,2.63
2011.08.30 15:54:53.236,1.10788,1.10802,1.13,1.13
2011.08.30 15:54:53.925,1.10788,1.10804,1.88,1.58
2011.08.30 15:55:00.296,1.10788,1.10804,1.50,1.58
2011.08.30 15:55:02.351,1.10789,1.10805,1.13,1.80
2011.08.30 15:55:02.719,1.10791,1.10806,1.50,1.73
2011.08.30 15:55:03.259,1.1079,1.10806,1.50,2.48
2011.08.30 15:55:05.954,1.10792,1.10806,1.50,1.73
2011.08.30 15:55:06.338,1.10794,1.10808,1.88,1.20
2011.08.30 15:55:12.015,1.10794,1.10802,1.50,1.13
2011.08.30 15:55:12.262,1.10788,1.108,1.88,1.50
2011.08.30 15:55:12.508,1.10788,1.10801,1.88,1.50
2011.08.30 15:55:12.629,1.10788,1.10803,1.88,1.88
2011.08.30 15:55:12.867,1.10788,1.10802,1.88,1.88
2011.08.30 15:55:13.097,1.10788,1.10802,2.63,1.13
2011.08.30 15:55:13.685,1.10788,1.10802,1.88,1.88
2011.08.30 15:55:15.580,1.10786,1.10802,3.98,1.88
2011.08.30 15:55:19.994,1.10786,1.10801,3.60,3.00
2011.08.30 15:55:20.559,1.10783,1.10793,1.50,1.13
2011.08.30 15:55:20.699,1.10776,1.1079,2.63,1.13
2011.08.30 15:55:20.826,1.10776,1.1079,1.88,1.13
2011.08.30 15:55:21.175,1.10776,1.10792,1.88,2.25
2011.08.30 15:55:22.676,1.10776,1.10792,2.63,1.50
2011.08.30 15:55:22.905,1.10776,1.10792,2.63,2.25
2011.08.30 15:55:24.356,1.10776,1.10791,1.88,3.38
2011.08.30 15:55:25.065,1.10776,1.10791,1.88,1.50
2011.08.30 15:55:26.555,1.10776,1.10791,1.88,1.88
2011.08.30 15:55:27.124,1.10776,1.1079,1.13,1.13
2011.08.30 15:55:29.228,1.10776,1.10793,2.63,1.95
2011.08.30 15:55:29.588,1.10776,1.1079,1.13,1.50
2011.08.30 15:55:29.815,1.10776,1.10792,1.13,1.88
2011.08.30 15:55:30.386,1.10776,1.10789,1.13,1.50
2011.08.30 15:55:30.507,1.10776,1.10792,1.13,2.63
2011.08.30 15:55:30.746,1.10776,1.10792,1.88,1.88
2011.08.30 15:55:31.205,1.10776,1.10792,1.13,1.88
2011.08.30 15:55:31.672,1.10776,1.10789,1.13,1.50
2011.08.30 15:55:33.317,1.10776,1.10789,1.13,1.50
2011.08.30 15:55:33.746,1.10776,1.1079,1.50,1.50
2011.08.30 15:55:35.241,1.10776,1.10792,2.25,3.38
2011.08.30 15:55:36.603,1.10777,1.10792,1.13,1.13
2011.08.30 15:55:37.536,1.10777,1.10793,3.00,1.50
2011.08.30 15:55:38.066,1.10779,1.10793,1.50,1.50
2011.08.30 15:55:38.734,1.10779,1.10793,1.13,1.50
2011.08.30 15:55:39.868,1.10777,1.10791,1.13,2.25
2011.08.30 15:55:40.229,1.10787,1.10801,1.50,1.50
2011.08.30 15:55:40.356,1.10782,1.10799,2.25,1.88
2011.08.30 15:55:40.597,1.10784,1.10801,2.25,2.25
2011.08.30 15:55:40.838,1.10787,1.10803,1.13,1.95
2011.08.30 15:55:41.437,1.10786,1.10803,1.13,4.05
2011.08.30 15:55:42.037,1.10786,1.10802,1.13,1.13
2011.08.30 15:55:42.163,1.10784,1.10802,2.25,1.88
2011.08.30 15:55:43.596,1.10786,1.10802,1.13,1.13
2011.08.30 15:55:43.954,1.10788,1.10805,1.13,1.95
2011.08.30 15:55:47.787,1.10788,1.10805,1.50,2.33
2011.08.30 15:55:47.907,1.10788,1.10805,1.50,1.58
2011.08.30 15:55:48.273,1.1079,1.10807,2.25,2.63
2011.08.30 15:55:48.752,1.10791,1.10805,1.50,1.50
2011.08.30 15:55:50.038,1.10791,1.10804,1.50,1.88
2011.08.30 15:55:50.398,1.10789,1.10803,1.13,1.50
2011.08.30 15:55:50.638,1.10789,1.10804,2.25,1.88
2011.08.30 15:55:51.198,1.1079,1.10807,1.88,1.88
2011.08.30 15:55:52.184,1.10791,1.10807,1.88,1.13
2011.08.30 15:55:52.744,1.10791,1.10807,3.38,1.13
2011.08.30 15:55:53.396,1.10791,1.10807,2.25,1.50
2011.08.30 15:55:53.761,1.10791,1.10803,1.50,1.50
2011.08.30 15:55:53.893,1.10791,1.10804,1.50,1.50
2011.08.30 15:55:54.143,1.10797,1.10806,2.25,1.50
2011.08.30 15:55:54.275,1.10799,1.10812,1.50,1.50
2011.08.30 15:55:54.511,1.10801,1.10816,1.50,1.50
2011.08.30 15:55:54.830,1.10802,1.10818,1.88,2.10
2011.08.30 15:55:55.432,1.10803,1.10818,1.88,1.50
2011.08.30 15:55:56.282,1.10802,1.10818,1.13,2.25
2011.08.30 15:55:56.647,1.10801,1.10816,1.13,1.50
2011.08.30 15:55:57.188,1.10801,1.10814,1.13,1.50
2011.08.30 15:55:57.926,1.10799,1.10814,1.13,1.88
2011.08.30 15:55:59.157,1.108,1.10814,1.88,1.13
2011.08.30 15:55:59.277,1.108,1.10814,1.13,1.88
2011.08.30 15:55:59.399,1.108,1.10815,1.13,1.13
2011.08.30 15:56:01.166,1.108,1.10817,1.88,1.50
2011.08.30 15:56:01.882,1.10801,1.10817,1.13,1.50
2011.08.30 15:56:02.430,1.10803,1.10819,1.13,1.13
2011.08.30 15:56:02.803,1.1081,1.10824,1.88,1.58
2011.08.30 15:56:03.167,1.1081,1.10825,1.88,2.25
2011.08.30 15:56:03.747,1.10811,1.10825,1.13,3.00
2011.08.30 15:56:04.322,1.10811,1.10825,1.50,1.50
2011.08.30 15:56:04.688,1.10811,1.10825,1.13,2.25
2011.08.30 15:56:05.232,1.10799,1.1081,1.50,1.13
2011.08.30 15:56:05.367,1.10794,1.1081,1.50,1.88
2011.08.30 15:56:06.067,1.10794,1.1081,1.13,1.13
2011.08.30 15:56:06.646,1.10794,1.10809,1.13,1.13
2011.08.30 15:56:06.765,1.10792,1.10808,3.00,1.50
2011.08.30 15:56:08.766,1.10793,1.10809,1.50,1.50
2011.08.30 15:56:09.368,1.10793,1.1081,2.25,1.88
2011.08.30 15:56:11.238,1.10793,1.1081,1.88,1.88
2011.08.30 15:56:11.828,1.10794,1.1081,1.13,1.13
2011.08.30 15:56:12.180,1.10793,1.10809,1.88,1.13
2011.08.30 15:56:12.416,1.10793,1.10809,1.88,1.88
2011.08.30 15:56:12.976,1.10796,1.10809,1.50,1.13
2011.08.30 15:56:13.394,1.10797,1.10812,1.50,1.20
2011.08.30 15:56:13.519,1.10798,1.10814,1.13,2.70
2011.08.30 15:56:13.757,1.10801,1.10816,1.13,1.50
2011.08.30 15:56:14.346,1.108,1.10815,1.50,1.50
2011.08.30 15:56:15.289,1.10801,1.10815,1.50,1.50
2011.08.30 15:56:16.478,1.10799,1.10812,1.50,1.50
2011.08.30 15:56:16.836,1.10799,1.10809,1.50,1.50
2011.08.30 15:56:17.393,1.10796,1.10809,2.63,1.50
2011.08.30 15:56:17.845,1.10797,1.1081,1.50,1.13
2011.08.30 15:56:19.489,1.10797,1.1081,1.50,1.13
2011.08.30 15:56:20.737,1.10798,1.10813,2.25,1.88
2011.08.30 15:56:21.131,1.10804,1.10818,1.50,1.50
2011.08.30 15:56:21.262,1.10809,1.10822,1.50,1.50
2011.08.30 15:56:21.387,1.10809,1.10822,1.50,1.50
2011.08.30 15:56:21.626,1.10804,1.10817,1.50,1.13
2011.08.30 15:56:22.196,1.10803,1.10818,1.50,1.88
2011.08.30 15:56:22.556,1.10802,1.10816,1.50,1.50
2011.08.30 15:56:23.127,1.10803,1.10818,1.50,2.25
2011.08.30 15:56:23.477,1.10803,1.10818,1.50,1.50
2011.08.30 15:56:24.216,1.10803,1.10821,1.50,4.58
2011.08.30 15:56:24.795,1.10803,1.10818,1.50,1.50
2011.08.30 15:56:25.417,1.10802,1.10815,1.88,1.50
2011.08.30 15:56:26.736,1.10801,1.10817,1.50,2.10
2011.08.30 15:56:27.088,1.10797,1.10813,1.50,1.50
2011.08.30 15:56:28.875,1.10796,1.1081,1.50,1.50
2011.08.30 15:56:30.847,1.10798,1.10812,1.50,2.25
2011.08.30 15:56:30.971,1.10798,1.10813,1.50,1.50
2011.08.30 15:56:31.549,1.10797,1.10812,1.50,1.50
2011.08.30 15:56:31.667,1.10798,1.10814,2.25,1.13
2011.08.30 15:56:31.790,1.10801,1.10817,1.13,2.18
2011.08.30 15:56:32.146,1.10803,1.10819,1.50,1.58
2011.08.30 15:56:35.377,1.10806,1.10821,1.88,1.13
2011.08.30 15:56:35.861,1.10808,1.10823,1.50,2.25
2011.08.30 15:56:36.216,1.1081,1.10823,1.50,1.50
2011.08.30 15:56:36.570,1.10806,1.10821,3.00,2.25
2011.08.30 15:56:36.698,1.10806,1.1082,1.50,1.50
2011.08.30 15:56:37.467,1.10806,1.1082,1.50,1.50
2011.08.30 15:56:37.830,1.10805,1.10818,1.50,3.00
2011.08.30 15:56:38.217,1.108,1.10816,2.25,1.50
2011.08.30 15:56:41.285,1.108,1.10816,1.50,1.50
2011.08.30 15:56:41.525,1.108,1.10816,1.50,1.50
2011.08.30 15:56:42.336,1.108,1.10816,1.50,1.50
2011.08.30 15:56:43.056,1.10799,1.10813,3.00,1.50
2011.08.30 15:56:45.929,1.10796,1.10809,1.50,1.50
2011.08.30 15:56:46.051,1.10791,1.10806,1.35,1.13
2011.08.30 15:56:46.179,1.10791,1.10806,2.10,1.13
2011.08.30 15:56:46.540,1.1079,1.10804,2.63,1.50
2011.08.30 15:56:47.020,1.10793,1.10808,1.50,1.13
2011.08.30 15:56:47.606,1.10792,1.10807,1.50,1.13
2011.08.30 15:56:48.196,1.10792,1.10806,1.50,1.13
2011.08.30 15:56:50.805,1.10792,1.10806,2.25,1.13
2011.08.30 15:56:52.375,1.10792,1.10806,2.25,1.50
2011.08.30 15:56:53.460,1.10791,1.10808,2.63,2.18
2011.08.30 15:56:54.178,1.10794,1.10808,1.50,3.00
2011.08.30 15:56:54.416,1.10793,1.10803,1.50,1.13
2011.08.30 15:56:55.817,1.10793,1.10808,1.50,2.25
2011.08.30 15:56:56.652,1.10793,1.10808,2.63,1.13
2011.08.30 15:56:56.897,1.10794,1.1081,1.88,1.35
2011.08.30 15:56:58.331,1.10795,1.10808,1.50,1.13
2011.08.30 15:56:58.699,1.108,1.10811,1.50,1.50
2011.08.30 15:56:59.285,1.108,1.10811,2.25,1.13
2011.08.30 15:57:01.686,1.108,1.10811,2.25,1.13
2011.08.30 15:57:06.334,1.108,1.10813,1.50,1.13
2011.08.30 15:57:07.445,1.108,1.10815,1.50,1.88
2011.08.30 15:57:08.451,1.108,1.10812,1.50,1.50
2011.08.30 15:57:08.706,1.10794,1.10808,2.25,1.50
2011.08.30 15:57:09.192,1.10794,1.10809,1.13,1.50
2011.08.30 15:57:11.255,1.10794,1.1081,1.88,2.63
2011.08.30 15:57:12.055,1.10794,1.1081,1.88,1.88
2011.08.30 15:57:12.175,1.10794,1.1081,1.88,1.88
2011.08.30 15:57:12.295,1.10794,1.10808,1.13,1.50
2011.08.30 15:57:12.986,1.10792,1.10808,2.25,2.10
2011.08.30 15:57:13.685,1.10792,1.10807,1.50,1.50
2011.08.30 15:57:13.915,1.10792,1.10806,1.13,1.13
2011.08.30 15:57:14.406,1.1079,1.10803,1.50,1.13
2011.08.30 15:57:14.974,1.10789,1.10803,1.13,1.13
2011.08.30 15:57:15.574,1.10788,1.10803,1.13,1.13
2011.08.30 15:57:18.021,1.10787,1.108,1.50,1.13
2011.08.30 15:57:18.147,1.10787,1.10799,1.50,1.13
2011.08.30 15:57:18.267,1.10783,1.10799,1.88,1.13
2011.08.30 15:57:18.836,1.10783,1.10799,1.88,1.13
2011.08.30 15:57:21.101,1.10783,1.10801,1.88,3.00
2011.08.30 15:57:22.446,1.10783,1.10799,1.13,1.88
2011.08.30 15:57:25.108,1.10783,1.10798,1.50,1.50
2011.08.30 15:57:26.245,1.10782,1.10798,1.50,1.50
2011.08.30 15:57:28.896,1.10782,1.10798,1.50,2.25
2011.08.30 15:57:29.138,1.1078,1.10794,1.50,1.88
2011.08.30 15:57:29.538,1.10781,1.10796,1.88,1.13
2011.08.30 15:57:30.124,1.10781,1.10795,1.13,1.13
2011.08.30 15:57:30.695,1.10781,1.10796,1.13,1.13
2011.08.30 15:57:31.265,1.10781,1.10796,1.13,1.13
2011.08.30 15:57:36.356,1.10782,1.10798,1.13,1.50
2011.08.30 15:57:37.894,1.10783,1.10799,1.88,2.48
2011.08.30 15:57:39.787,1.10786,1.108,1.50,2.85
2011.08.30 15:57:40.260,1.10785,1.10802,2.63,1.50
2011.08.30 15:57:40.796,1.10786,1.108,1.50,1.13
2011.08.30 15:57:41.376,1.10785,1.10799,1.50,1.13
2011.08.30 15:57:41.839,1.10786,1.10801,1.13,1.13
2011.08.30 15:57:43.524,1.10788,1.10803,1.88,1.50
2011.08.30 15:57:43.788,1.10799,1.10813,1.50,2.25
2011.08.30 15:57:44.031,1.10801,1.10815,1.88,1.13
2011.08.30 15:57:44.399,1.10801,1.10814,1.13,1.50
2011.08.30 15:57:47.788,1.10798,1.10813,1.50,1.88
2011.08.30 15:57:48.137,1.10797,1.10809,1.13,1.50
2011.08.30 15:57:48.377,1.10796,1.1081,1.50,1.13
2011.08.30 15:57:48.726,1.10795,1.10809,2.25,1.50
2011.08.30 15:57:50.021,1.10795,1.10806,1.50,1.50
2011.08.30 15:57:50.152,1.10794,1.10806,1.13,1.50
2011.08.30 15:57:50.516,1.10794,1.10807,1.50,1.13
2011.08.30 15:57:51.000,1.10792,1.10806,2.85,1.50
2011.08.30 15:57:51.255,1.1079,1.10804,1.50,1.88
2011.08.30 15:57:51.378,1.10789,1.10803,1.88,1.88
2011.08.30 15:57:51.499,1.10789,1.10803,1.13,1.88
2011.08.30 15:57:51.618,1.10789,1.10803,1.88,1.88
2011.08.30 15:57:51.859,1.10789,1.10805,2.63,1.50
2011.08.30 15:57:52.207,1.10791,1.10805,1.13,1.13
2011.08.30 15:57:54.339,1.10791,1.10806,1.13,1.35
2011.08.30 15:57:54.584,1.10792,1.10808,2.63,1.05
2011.08.30 15:57:57.237,1.10793,1.10807,1.13,1.35
2011.08.30 15:58:02.839,1.10791,1.10806,1.88,1.35
2011.08.30 15:58:03.540,1.1079,1.10806,1.13,1.73
2011.08.30 15:58:03.667,1.10789,1.10805,1.88,1.50
2011.08.30 15:58:04.537,1.10789,1.10803,1.88,1.13
2011.08.30 15:58:05.231,1.10789,1.10803,1.13,1.13
2011.08.30 15:58:06.926,1.10788,1.10802,1.13,1.13
2011.08.30 15:58:09.215,1.1079,1.10804,1.13,1.50
2011.08.30 15:58:09.578,1.10795,1.10809,1.13,1.13
2011.08.30 15:58:10.084,1.10795,1.10809,1.13,1.13
2011.08.30 15:58:12.555,1.10794,1.10809,1.50,2.48
2011.08.30 15:58:13.114,1.10794,1.1081,1.50,3.23
2011.08.30 15:58:13.868,1.10794,1.10809,2.25,1.35
2011.08.30 15:58:15.006,1.10796,1.10812,1.13,1.80
2011.08.30 15:58:15.585,1.10798,1.10813,1.13,1.50
2011.08.30 15:58:15.707,1.10799,1.10813,1.50,1.50
2011.08.30 15:58:16.074,1.10804,1.10816,3.00,1.35
2011.08.30 15:58:16.797,1.10807,1.1082,1.13,1.20
2011.08.30 15:58:16.916,1.10807,1.10821,1.13,2.48
2011.08.30 15:58:17.146,1.10807,1.10821,2.63,1.73
2011.08.30 15:58:17.505,1.10807,1.10821,1.13,1.73
2011.08.30 15:58:18.292,1.10807,1.1082,1.13,2.10
2011.08.30 15:58:18.965,1.10805,1.10819,1.88,1.13
2011.08.30 15:58:19.511,1.10805,1.10818,1.50,2.25
2011.08.30 15:58:19.643,1.10803,1.10816,1.50,1.50
2011.08.30 15:58:19.889,1.108,1.10814,1.13,1.13
2011.08.30 15:58:20.127,1.10801,1.10816,1.13,1.50
2011.08.30 15:58:20.253,1.108,1.10815,1.50,1.50
2011.08.30 15:58:20.497,1.10804,1.1082,1.13,3.23
2011.08.30 15:58:21.427,1.10804,1.1082,1.50,2.85
2011.08.30 15:58:22.062,1.10804,1.1082,1.50,2.25
2011.08.30 15:58:22.669,1.10804,1.10819,1.13,1.50
2011.08.30 15:58:23.246,1.10804,1.10817,1.13,1.50
2011.08.30 15:58:23.608,1.10802,1.10816,1.88,1.13
2011.08.30 15:58:23.732,1.10802,1.10814,1.13,1.50
2011.08.30 15:58:25.096,1.108,1.10813,1.13,1.50
2011.08.30 15:58:25.968,1.10799,1.1081,1.50,1.50
2011.08.30 15:58:26.090,1.10797,1.1081,1.88,1.50
2011.08.30 15:58:26.339,1.10797,1.10812,1.88,1.13
2011.08.30 15:58:27.711,1.10797,1.10808,1.50,1.50
2011.08.30 15:58:27.956,1.10795,1.1081,1.13,1.50
2011.08.30 15:58:30.377,1.10794,1.10808,1.13,1.50
2011.08.30 15:58:32.350,1.10793,1.10805,1.50,1.13
2011.08.30 15:58:32.483,1.10789,1.10803,2.63,2.25
2011.08.30 15:58:32.610,1.10789,1.10802,1.50,2.25
2011.08.30 15:58:32.726,1.10786,1.108,1.13,1.50
2011.08.30 15:58:32.966,1.10785,1.10802,2.25,2.25
2011.08.30 15:58:34.072,1.10785,1.10799,1.88,1.13
2011.08.30 15:58:34.208,1.10785,1.10798,1.13,1.50
2011.08.30 15:58:36.646,1.10786,1.10798,1.13,1.50
2011.08.30 15:58:36.771,1.10787,1.10802,1.50,2.25
2011.08.30 15:58:37.571,1.10787,1.108,1.50,1.13
2011.08.30 15:58:37.816,1.10789,1.10803,1.50,1.50
2011.08.30 15:58:39.518,1.10789,1.10802,1.13,1.50
2011.08.30 15:58:39.636,1.10789,1.10802,1.13,1.50
2011.08.30 15:58:42.244,1.10789,1.10802,1.13,2.25
2011.08.30 15:58:42.727,1.10782,1.10798,1.88,1.88
2011.08.30 15:58:42.858,1.10782,1.10799,1.88,3.23
2011.08.30 15:58:42.983,1.10782,1.10799,1.50,2.85
2011.08.30 15:58:43.110,1.10781,1.10795,1.50,1.13
2011.08.30 15:58:46.624,1.10781,1.10795,1.50,1.13
2011.08.30 15:58:53.530,1.10781,1.10797,1.88,1.88
2011.08.30 15:58:53.767,1.10782,1.10797,1.50,1.13
2011.08.30 15:58:57.596,1.10781,1.10796,2.25,1.13
2011.08.30 15:58:58.287,1.10782,1.10799,1.50,2.93
2011.08.30 15:59:01.809,1.10782,1.10799,1.50,5.18
2011.08.30 15:59:02.366,1.10782,1.10796,1.50,1.50
2011.08.30 15:59:04.546,1.1078,1.10795,1.13,1.13
2011.08.30 15:59:05.117,1.10782,1.10796,1.50,1.58
2011.08.30 15:59:08.849,1.10782,1.10798,1.88,1.20
2011.08.30 15:59:09.087,1.10783,1.10799,1.50,1.13
2011.08.30 15:59:09.207,1.10783,1.10799,2.25,2.48
2011.08.30 15:59:09.572,1.10787,1.10803,1.13,2.18
2011.08.30 15:59:09.926,1.10786,1.10801,1.88,1.13
2011.08.30 15:59:10.046,1.10787,1.10803,1.13,2.10
2011.08.30 15:59:10.387,1.10787,1.10802,1.13,1.13
2011.08.30 15:59:10.507,1.10787,1.108,1.13,1.50
2011.08.30 15:59:11.075,1.10787,1.108,2.25,1.88
2011.08.30 15:59:11.636,1.10786,1.108,2.63,1.13
2011.08.30 15:59:21.861,1.10787,1.10802,1.50,3.75
2011.08.30 15:59:22.537,1.10786,1.108,2.25,1.13
2011.08.30 15:59:23.283,1.10791,1.10804,1.50,1.50
2011.08.30 15:59:23.649,1.10792,1.10806,1.13,1.50
2011.08.30 15:59:23.888,1.10793,1.10807,1.13,1.13
2011.08.30 15:59:25.157,1.10794,1.10807,1.13,1.50
2011.08.30 15:59:25.518,1.10792,1.10805,1.88,1.50
2011.08.30 15:59:25.933,1.10792,1.10807,1.13,1.50
2011.08.30 15:59:26.861,1.10795,1.10807,2.25,1.50
2011.08.30 15:59:26.993,1.10802,1.10814,1.50,2.33
2011.08.30 15:59:27.241,1.10802,1.10818,1.50,1.13
2011.08.30 15:59:27.488,1.108,1.10814,1.50,1.50
2011.08.30 15:59:28.065,1.10799,1.10811,2.25,1.50
2011.08.30 15:59:29.226,1.10799,1.10813,2.25,1.50
2011.08.30 15:59:31.947,1.10799,1.10812,2.25,1.50
2011.08.30 15:59:32.416,1.10799,1.10813,2.25,1.50
2011.08.30 15:59:34.237,1.10799,1.10813,2.25,1.50
2011.08.30 15:59:36.068,1.10801,1.10817,2.25,2.25
2011.08.30 15:59:36.432,1.10802,1.10819,1.13,2.70
2011.08.30 15:59:36.563,1.10803,1.1082,2.25,1.88
2011.08.30 15:59:37.477,1.10804,1.10819,1.13,1.13
2011.08.30 15:59:37.597,1.10804,1.10817,1.13,1.50
2011.08.30 15:59:40.450,1.10805,1.10821,1.88,1.13
2011.08.30 15:59:40.571,1.10803,1.10819,2.25,1.50
2011.08.30 15:59:41.049,1.10805,1.10821,1.88,1.88
2011.08.30 15:59:41.169,1.10805,1.10819,1.50,1.35
2011.08.30 15:59:41.289,1.10803,1.10817,1.13,1.13
2011.08.30 15:59:41.694,1.10803,1.10815,1.13,1.50
2011.08.30 15:59:42.056,1.10803,1.10814,1.13,1.50
2011.08.30 15:59:42.837,1.10802,1.10817,1.13,1.88
2011.08.30 15:59:42.956,1.10802,1.10817,1.88,1.88
2011.08.30 15:59:43.077,1.10802,1.10814,1.13,1.50
2011.08.30 15:59:43.416,1.10802,1.10817,1.13,2.63
2011.08.30 15:59:45.362,1.10801,1.10816,1.88,1.13
2011.08.30 15:59:47.760,1.10799,1.10812,2.25,1.13
2011.08.30 15:59:48.325,1.10798,1.10812,1.88,1.88
2011.08.30 15:59:48.937,1.10799,1.10813,1.50,1.13
2011.08.30 15:59:49.651,1.10799,1.10813,1.50,1.50
2011.08.30 15:59:49.907,1.10794,1.1081,1.50,1.88
2011.08.30 15:59:50.257,1.10794,1.10807,1.50,1.50
2011.08.30 15:59:50.497,1.10794,1.10809,1.50,1.50
2011.08.30 15:59:51.996,1.10794,1.10808,1.13,1.13
2011.08.30 15:59:52.227,1.10793,1.10807,2.48,1.50
2011.08.30 15:59:52.746,1.10793,1.10808,2.48,1.13
2011.08.30 15:59:53.509,1.10797,1.10808,1.50,1.13
2011.08.30 15:59:54.694,1.10797,1.10808,1.50,1.13
2011.08.30 15:59:55.681,1.10797,1.10807,1.50,1.13
2011.08.30 15:59:55.930,1.1079,1.108,1.50,1.13
2011.08.30 15:59:56.726,1.10788,1.108,1.50,1.13
