2010.06.15 01:00:01.310,1.1205,1.1207,1.40,5.60
2010.06.15 01:00:01.597,1.1205,1.1207,1.40,8.00
2010.06.15 01:00:03.939,1.1205,1.12065,1.40,2.40
2010.06.15 01:00:04.171,1.1205,1.12065,1.00,3.20
2010.06.15 01:00:04.630,1.1205,1.12065,1.00,4.00
2010.06.15 01:00:06.181,1.1205,1.12065,1.00,2.40
2010.06.15 01:00:07.383,1.1205,1.1206,1.00,1.00
2010.06.15 01:00:07.727,1.12045,1.1206,1.40,1.60
2010.06.15 01:00:10.552,1.12045,1.1206,2.20,1.00
2010.06.15 01:00:11.299,1.12045,1.12065,2.20,4.00
2010.06.15 01:00:12.128,1.1205,1.12065,1.00,4.00
2010.06.15 01:00:12.390,1.1205,1.12065,1.00,3.20
2010.06.15 01:00:12.548,1.1205,1.12065,1.00,1.60
2010.06.15 01:00:22.878,1.1205,1.12065,1.00,1.00
2010.06.15 01:00:23.162,1.1205,1.1207,1.40,4.00
2010.06.15 01:00:23.979,1.1205,1.1207,1.40,3.20
2010.06.15 01:00:27.648,1.1205,1.1207,1.40,2.40
2010.06.15 01:00:27.801,1.1205,1.1207,2.20,1.00
2010.06.15 01:00:28.122,1.12055,1.12075,1.40,3.20
2010.06.15 01:00:28.276,1.12055,1.1207,1.40,1.00
2010.06.15 01:00:28.423,1.12055,1.12075,1.40,2.40
2010.06.15 01:00:28.698,1.12055,1.12075,1.40,1.00
2010.06.15 01:00:32.240,1.12055,1.1207,1.40,1.00
2010.06.15 01:00:32.471,1.12055,1.1207,1.40,2.40
2010.06.15 01:00:32.724,1.1205,1.1207,1.40,3.20
2010.06.15 01:00:32.842,1.1205,1.12065,1.40,1.00
2010.06.15 01:00:32.961,1.1205,1.1207,1.40,10.30
2010.06.15 01:00:33.350,1.1205,1.1207,1.40,3.20
2010.06.15 01:00:33.697,1.1205,1.1207,5.40,1.00
2010.06.15 01:00:35.790,1.1205,1.12075,7.40,8.30
2010.06.15 01:00:35.919,1.1205,1.12075,11.40,2.70
2010.06.15 01:00:36.196,1.12055,1.12075,1.40,1.00
2010.06.15 01:00:41.418,1.12055,1.12075,3.00,1.00
2010.06.15 01:00:41.609,1.12055,1.12075,13.40,1.00
2010.06.15 01:00:42.600,1.12055,1.12065,8.00,4.80
2010.06.15 01:00:42.729,1.12055,1.12065,10.40,1.00
2010.06.15 01:00:42.929,1.12055,1.12075,8.00,2.80
2010.06.15 01:00:42.998,1.12055,1.12075,9.40,2.80
2010.06.15 01:00:43.071,1.12055,1.1207,5.40,1.60
2010.06.15 01:00:43.293,1.12055,1.1207,1.00,2.40
2010.06.15 01:00:43.366,1.12055,1.1206,1.00,3.10
2010.06.15 01:00:43.502,1.12045,1.12055,1.00,1.00
2010.06.15 01:00:43.723,1.1204,1.1206,3.00,9.10
2010.06.15 01:00:44.061,1.1204,1.1206,4.60,1.60
2010.06.15 01:00:44.405,1.1204,1.12055,1.40,1.00
2010.06.15 01:00:45.093,1.1204,1.1205,1.40,1.00
2010.06.15 01:00:45.433,1.12035,1.1205,1.60,1.60
2010.06.15 01:00:45.783,1.1204,1.12055,1.60,1.00
2010.06.15 01:00:46.010,1.1204,1.1206,3.00,1.60
2010.06.15 01:00:46.750,1.1204,1.1206,3.00,2.40
2010.06.15 01:00:47.091,1.12035,1.1205,5.40,1.00
2010.06.15 01:00:47.460,1.12035,1.1205,1.40,1.00
2010.06.15 01:00:47.805,1.12035,1.12055,3.00,6.70
2010.06.15 01:00:48.123,1.12035,1.1205,1.40,1.00
2010.06.15 01:00:48.749,1.12035,1.1205,1.40,2.40
2010.06.15 01:00:49.279,1.12035,1.1205,1.40,3.20
2010.06.15 01:00:50.180,1.1203,1.12035,3.80,1.60
2010.06.15 01:00:50.416,1.12025,1.12035,7.80,1.20
2010.06.15 01:00:50.643,1.12025,1.1204,5.40,1.60
2010.06.15 01:00:50.875,1.1203,1.1205,1.00,6.80
2010.06.15 01:00:51.105,1.12035,1.1205,1.60,1.60
2010.06.15 01:00:51.457,1.12035,1.1205,1.00,1.00
2010.06.15 01:00:51.806,1.12035,1.1205,6.40,1.00
2010.06.15 01:00:52.493,1.12035,1.1204,2.40,15.10
2010.06.15 01:00:52.843,1.12035,1.1204,1.00,8.80
2010.06.15 01:00:53.184,1.12035,1.1205,4.00,1.00
2010.06.15 01:00:53.462,1.1203,1.1205,11.20,1.60
2010.06.15 01:00:53.741,1.1203,1.1205,13.40,1.60
2010.06.15 01:00:54.084,1.1203,1.1205,12.60,3.20
2010.06.15 01:00:54.430,1.12035,1.1205,1.00,3.20
2010.06.15 01:00:55.108,1.12035,1.1205,1.00,1.60
2010.06.15 01:00:56.459,1.12035,1.1205,1.00,3.20
2010.06.15 01:00:56.521,1.12035,1.12045,1.00,1.00
2010.06.15 01:00:56.732,1.1203,1.12045,1.00,1.00
2010.06.15 01:00:56.759,1.1203,1.12045,1.00,2.40
2010.06.15 01:00:56.916,1.1203,1.12045,1.00,3.20
2010.06.15 01:00:56.946,1.12025,1.12045,1.00,4.00
2010.06.15 01:00:57.301,1.12025,1.1204,1.00,1.00
2010.06.15 01:00:57.328,1.12025,1.1204,1.00,1.60
2010.06.15 01:00:58.350,1.12025,1.1204,2.20,1.60
2010.06.15 01:00:58.520,1.12025,1.12045,2.60,2.40
2010.06.15 01:00:58.689,1.12025,1.12045,2.60,1.60
2010.06.15 01:00:59.820,1.12025,1.1204,1.00,1.60
2010.06.15 01:01:01.169,1.12025,1.1204,1.00,2.40
2010.06.15 01:01:02.839,1.12025,1.1204,1.00,1.60
2010.06.15 01:01:03.009,1.12025,1.1204,1.40,1.00
2010.06.15 01:01:03.107,1.12025,1.12045,7.00,3.20
2010.06.15 01:01:03.312,1.1203,1.12045,1.40,2.40
2010.06.15 01:01:03.522,1.1203,1.12045,1.40,1.00
2010.06.15 01:01:09.520,1.12025,1.12045,8.60,1.00
2010.06.15 01:01:09.936,1.12025,1.12045,4.60,1.60
2010.06.15 01:01:10.139,1.12025,1.12045,3.00,1.60
2010.06.15 01:01:11.348,1.12025,1.1203,1.40,1.00
2010.06.15 01:01:11.560,1.12025,1.1203,1.40,3.20
2010.06.15 01:01:11.880,1.12025,1.12035,1.40,1.60
2010.06.15 01:01:12.005,1.12025,1.12045,3.00,3.60
2010.06.15 01:01:12.123,1.12025,1.12045,3.00,3.20
2010.06.15 01:01:12.482,1.1203,1.12045,1.00,2.40
2010.06.15 01:01:13.410,1.1203,1.12045,1.40,1.00
2010.06.15 01:01:13.754,1.1203,1.12045,2.20,1.00
2010.06.15 01:01:14.859,1.1203,1.12045,1.40,1.00
2010.06.15 01:01:15.040,1.1203,1.1205,1.40,4.00
2010.06.15 01:01:15.579,1.1203,1.12045,1.40,1.00
2010.06.15 01:01:16.120,1.1203,1.12045,1.00,1.00
2010.06.15 01:01:16.560,1.1203,1.12045,1.00,1.60
2010.06.15 01:01:16.670,1.1203,1.12045,1.00,3.20
2010.06.15 01:01:17.710,1.1203,1.12045,1.00,1.60
2010.06.15 01:01:18.402,1.1203,1.12045,1.00,2.40
2010.06.15 01:01:18.632,1.12025,1.12045,1.00,4.00
2010.06.15 01:01:23.000,1.12025,1.1204,1.00,1.00
2010.06.15 01:01:23.048,1.12025,1.1204,1.00,1.60
2010.06.15 01:01:23.350,1.12025,1.1204,1.00,3.20
2010.06.15 01:01:23.399,1.12025,1.1204,1.00,6.40
2010.06.15 01:01:23.603,1.1202,1.12035,1.40,1.60
2010.06.15 01:01:23.803,1.1201,1.12035,13.40,3.50
2010.06.15 01:01:24.000,1.1201,1.12035,15.00,3.50
2010.06.15 01:01:24.198,1.1201,1.12035,15.00,3.20
2010.06.15 01:01:24.399,1.12015,1.12035,1.00,2.40
2010.06.15 01:01:24.600,1.12015,1.12035,2.20,2.40
2010.06.15 01:01:26.723,1.12015,1.12035,1.40,4.00
2010.06.15 01:01:26.971,1.12015,1.12035,1.40,5.50
2010.06.15 01:01:27.372,1.12015,1.12035,1.40,6.30
2010.06.15 01:01:27.573,1.12015,1.12025,1.00,1.60
2010.06.15 01:01:27.869,1.12015,1.12025,1.00,3.20
2010.06.15 01:01:28.083,1.1201,1.12025,1.00,5.60
2010.06.15 01:01:28.437,1.12,1.12015,1.00,4.00
2010.06.15 01:01:28.787,1.12,1.12015,1.00,4.80
2010.06.15 01:01:30.908,1.11995,1.12015,1.40,4.80
2010.06.15 01:01:33.970,1.11995,1.12015,1.40,4.00
2010.06.15 01:01:36.839,1.11995,1.12015,1.40,3.20
2010.06.15 01:01:39.758,1.11995,1.12015,2.20,1.60
2010.06.15 01:01:39.972,1.11995,1.1202,2.20,5.10
2010.06.15 01:01:40.602,1.12,1.12005,1.40,1.00
2010.06.15 01:01:40.950,1.1198,1.11985,2.80,13.60
2010.06.15 01:01:41.297,1.11975,1.11995,5.40,5.50
2010.06.15 01:01:41.789,1.11975,1.1199,1.00,3.20
2010.06.15 01:01:42.085,1.11975,1.1199,1.00,4.00
2010.06.15 01:01:43.473,1.11975,1.1199,1.40,1.60
2010.06.15 01:01:43.821,1.11975,1.11995,1.40,6.30
2010.06.15 01:01:44.433,1.11965,1.1197,11.80,2.80
2010.06.15 01:01:44.841,1.11925,1.1194,4.00,1.00
2010.06.15 01:01:45.177,1.119,1.11915,1.00,1.00
2010.06.15 01:01:45.520,1.1188,1.11915,3.20,1.60
2010.06.15 01:01:45.861,1.1189,1.11895,2.40,7.20
2010.06.15 01:01:46.207,1.1188,1.11895,2.40,2.00
2010.06.15 01:01:46.556,1.1188,1.1189,1.60,1.00
2010.06.15 01:01:46.907,1.11895,1.119,1.00,3.20
2010.06.15 01:01:47.255,1.1189,1.11895,16.80,1.00
2010.06.15 01:01:47.741,1.119,1.11915,1.00,1.00
2010.06.15 01:01:48.089,1.119,1.1192,13.40,2.40
2010.06.15 01:01:48.436,1.11905,1.1192,1.40,1.00
2010.06.15 01:01:49.122,1.11905,1.1192,4.60,1.00
2010.06.15 01:01:49.460,1.11905,1.11925,4.60,1.60
2010.06.15 01:01:50.258,1.11905,1.11925,1.40,8.00
2010.06.15 01:01:50.603,1.11905,1.1192,1.00,1.00
2010.06.15 01:01:50.957,1.11905,1.1192,1.00,14.90
2010.06.15 01:01:51.359,1.119,1.1192,3.80,9.60
2010.06.15 01:01:51.646,1.11895,1.119,6.60,1.60
2010.06.15 01:01:51.938,1.11885,1.1189,4.80,8.00
2010.06.15 01:01:52.283,1.1187,1.1189,3.00,13.60
2010.06.15 01:01:52.622,1.1187,1.1188,1.00,1.00
2010.06.15 01:01:52.962,1.1187,1.1188,1.60,1.60
2010.06.15 01:01:53.303,1.11875,1.1188,1.60,1.00
2010.06.15 01:01:53.653,1.11875,1.11895,1.60,5.20
2010.06.15 01:01:54.082,1.1188,1.11895,2.40,1.60
2010.06.15 01:01:54.424,1.11875,1.11895,1.40,5.20
2010.06.15 01:01:54.774,1.1188,1.11895,1.00,2.00
2010.06.15 01:01:55.122,1.11875,1.1188,3.00,1.00
2010.06.15 01:01:55.461,1.11875,1.11895,1.00,3.20
2010.06.15 01:01:55.802,1.1188,1.1189,1.00,1.00
2010.06.15 01:01:56.562,1.1188,1.1189,2.20,1.00
2010.06.15 01:01:56.965,1.1188,1.119,3.80,9.20
2010.06.15 01:01:57.126,1.1188,1.119,4.60,1.60
2010.06.15 01:01:57.811,1.1189,1.119,1.60,1.60
2010.06.15 01:01:58.268,1.1188,1.119,4.60,2.40
2010.06.15 01:01:58.582,1.11885,1.119,1.00,1.60
2010.06.15 01:01:58.893,1.1189,1.11905,1.00,2.40
2010.06.15 01:01:59.200,1.1189,1.11905,1.00,1.60
2010.06.15 01:01:59.542,1.1189,1.11905,1.40,1.00
2010.06.15 01:02:00.223,1.11895,1.1191,1.00,7.60
2010.06.15 01:02:00.855,1.119,1.1191,1.00,1.00
2010.06.15 01:02:01.177,1.119,1.11925,4.60,2.40
2010.06.15 01:02:02.177,1.1191,1.11925,1.00,1.60
2010.06.15 01:02:02.464,1.1191,1.11935,3.40,10.40
2010.06.15 01:02:02.942,1.1191,1.11935,15.40,1.00
2010.06.15 01:02:03.287,1.11915,1.1194,3.40,3.20
2010.06.15 01:02:03.631,1.11915,1.1194,3.40,2.40
2010.06.15 01:02:03.969,1.11915,1.11935,3.40,1.00
2010.06.15 01:02:04.649,1.11915,1.1194,3.40,1.00
2010.06.15 01:02:04.990,1.11915,1.1194,3.40,1.20
2010.06.15 01:02:05.329,1.11915,1.1194,7.40,1.20
2010.06.15 01:02:05.931,1.1192,1.1194,6.00,1.00
2010.06.15 01:02:06.233,1.1192,1.1194,3.00,2.00
2010.06.15 01:02:06.582,1.1192,1.1194,2.20,2.00
2010.06.15 01:02:07.820,1.1192,1.1194,2.20,1.60
2010.06.15 01:02:08.842,1.11925,1.11945,1.60,7.10
2010.06.15 01:02:09.132,1.1193,1.11945,1.00,1.60
2010.06.15 01:02:09.712,1.1193,1.11945,2.20,6.40
2010.06.15 01:02:09.992,1.11935,1.1195,1.40,2.40
2010.06.15 01:02:10.270,1.11935,1.1195,1.40,3.20
2010.06.15 01:02:10.549,1.11935,1.1194,1.40,1.00
2010.06.15 01:02:10.830,1.1192,1.1194,2.20,1.00
2010.06.15 01:02:11.099,1.1192,1.1194,1.40,1.00
2010.06.15 01:02:12.040,1.1192,1.11935,3.00,1.00
2010.06.15 01:02:12.211,1.1192,1.11935,1.60,1.00
2010.06.15 01:02:12.382,1.1192,1.11935,4.00,1.00
2010.06.15 01:02:13.940,1.11925,1.1194,2.20,3.60
2010.06.15 01:02:14.189,1.1193,1.1194,1.60,1.00
2010.06.15 01:02:14.441,1.11935,1.11945,1.00,1.00
2010.06.15 01:02:14.691,1.1194,1.1195,1.00,4.00
2010.06.15 01:02:14.940,1.1194,1.11955,1.00,2.40
2010.06.15 01:02:15.259,1.1194,1.11955,1.40,2.40
2010.06.15 01:02:15.581,1.1193,1.1195,1.40,1.00
2010.06.15 01:02:16.119,1.1193,1.1195,1.40,1.90
2010.06.15 01:02:16.344,1.11925,1.11935,6.40,1.00
2010.06.15 01:02:16.573,1.1192,1.11935,1.60,1.00
2010.06.15 01:02:17.579,1.11925,1.1194,1.60,7.50
2010.06.15 01:02:18.080,1.1193,1.1194,1.40,1.00
2010.06.15 01:02:18.285,1.1193,1.1195,1.40,1.90
2010.06.15 01:02:19.741,1.11925,1.11945,7.00,1.00
2010.06.15 01:02:21.266,1.11925,1.1195,8.60,5.90
2010.06.15 01:02:21.377,1.1193,1.1195,1.00,3.50
2010.06.15 01:02:21.449,1.1193,1.1195,1.40,3.50
2010.06.15 01:02:21.518,1.1193,1.1195,1.40,2.00
2010.06.15 01:02:21.588,1.1193,1.1195,1.40,1.60
2010.06.15 01:02:26.863,1.1193,1.1194,1.40,2.80
2010.06.15 01:02:27.210,1.1192,1.11935,1.40,1.00
2010.06.15 01:02:27.559,1.1192,1.1194,1.40,3.10
2010.06.15 01:02:28.240,1.1192,1.1194,1.40,4.70
2010.06.15 01:02:28.920,1.1192,1.1194,1.40,5.10
2010.06.15 01:02:29.209,1.1192,1.1194,1.40,5.50
2010.06.15 01:02:29.498,1.1192,1.1194,1.40,6.70
2010.06.15 01:02:31.047,1.1192,1.1194,1.40,6.40
2010.06.15 01:02:31.268,1.1192,1.1194,1.40,6.70
2010.06.15 01:02:34.613,1.1192,1.1194,1.40,5.90
2010.06.15 01:02:35.249,1.1192,1.1194,1.40,5.60
2010.06.15 01:02:36.592,1.1192,1.11935,1.40,1.00
2010.06.15 01:02:38.641,1.1192,1.1193,1.40,1.60
2010.06.15 01:02:38.780,1.1191,1.1193,1.40,3.10
2010.06.15 01:02:39.509,1.1191,1.1193,1.40,4.70
2010.06.15 01:02:41.398,1.1191,1.1193,3.00,3.10
2010.06.15 01:02:41.640,1.1191,1.1193,8.60,1.50
2010.06.15 01:02:41.699,1.1191,1.11935,8.60,3.50
2010.06.15 01:02:41.759,1.1191,1.11935,4.60,1.10
2010.06.15 01:02:41.949,1.1191,1.11935,3.80,1.90
2010.06.15 01:02:43.772,1.1191,1.1193,3.00,1.60
2010.06.15 01:02:44.060,1.1191,1.1193,1.40,4.70
2010.06.15 01:02:44.344,1.1191,1.1192,1.00,3.10
2010.06.15 01:02:44.623,1.11905,1.11915,1.00,1.90
2010.06.15 01:02:44.989,1.11895,1.1191,3.80,1.00
2010.06.15 01:02:45.336,1.119,1.11915,1.00,3.50
2010.06.15 01:02:45.690,1.11895,1.1191,2.20,6.00
2010.06.15 01:02:46.136,1.119,1.11915,1.00,3.20
2010.06.15 01:02:46.820,1.119,1.1191,1.00,3.10
2010.06.15 01:02:47.081,1.11895,1.1191,1.00,7.50
2010.06.15 01:02:48.751,1.1189,1.1191,3.00,6.30
2010.06.15 01:02:48.868,1.1189,1.1191,2.20,6.30
2010.06.15 01:02:48.989,1.1189,1.1191,2.20,7.10
2010.06.15 01:02:49.109,1.1189,1.1191,1.00,7.10
2010.06.15 01:02:49.350,1.1189,1.1191,1.00,7.50
2010.06.15 01:02:49.590,1.11895,1.1191,1.00,8.70
2010.06.15 01:02:49.830,1.11895,1.1191,1.00,4.80
2010.06.15 01:02:50.117,1.11895,1.11905,1.00,4.00
2010.06.15 01:02:50.412,1.11895,1.1191,1.00,8.30
2010.06.15 01:02:51.280,1.1191,1.11915,1.00,8.40
2010.06.15 01:02:51.572,1.1191,1.1192,1.00,1.00
2010.06.15 01:02:52.559,1.1191,1.11925,1.00,1.60
2010.06.15 01:02:53.441,1.11915,1.1193,1.00,5.10
2010.06.15 01:02:53.947,1.11915,1.1193,1.00,6.30
2010.06.15 01:02:55.088,1.11915,1.1193,1.00,5.50
2010.06.15 01:03:00.739,1.11915,1.11925,1.00,1.00
2010.06.15 01:03:00.830,1.1191,1.11925,1.40,2.40
2010.06.15 01:03:00.918,1.1191,1.11925,1.00,2.40
2010.06.15 01:03:02.232,1.1191,1.11925,1.00,1.60
2010.06.15 01:03:03.118,1.1191,1.1193,1.00,4.70
2010.06.15 01:03:03.404,1.11915,1.1193,1.00,4.30
2010.06.15 01:03:03.879,1.11915,1.1193,1.00,5.50
2010.06.15 01:03:11.357,1.11915,1.1193,1.00,2.40
2010.06.15 01:03:13.125,1.11915,1.1193,1.00,7.10
2010.06.15 01:03:13.202,1.1191,1.1193,1.40,7.10
2010.06.15 01:03:13.269,1.1191,1.1193,1.00,7.10
2010.06.15 01:03:13.381,1.1191,1.11925,1.00,1.00
2010.06.15 01:03:14.150,1.1191,1.11925,1.00,1.00
2010.06.15 01:03:14.481,1.1191,1.1192,1.00,1.00
2010.06.15 01:03:14.811,1.1191,1.11925,1.00,1.00
2010.06.15 01:03:20.378,1.1191,1.11925,1.40,1.00
2010.06.15 01:03:20.498,1.1191,1.1193,1.40,7.10
2010.06.15 01:03:21.569,1.1191,1.1193,1.40,6.30
2010.06.15 01:03:21.659,1.1191,1.1193,3.00,4.70
2010.06.15 01:03:21.842,1.1191,1.1193,3.00,3.90
2010.06.15 01:03:21.930,1.1191,1.1193,3.80,1.90
2010.06.15 01:03:22.021,1.1192,1.1193,1.00,1.90
2010.06.15 01:03:22.300,1.1192,1.1193,1.00,1.10
2010.06.15 01:03:23.098,1.1192,1.1193,1.00,1.00
2010.06.15 01:03:25.591,1.11925,1.1194,1.00,10.00
2010.06.15 01:03:25.782,1.11925,1.1194,1.00,3.20
2010.06.15 01:03:25.969,1.11925,1.1194,1.00,1.60
2010.06.15 01:03:26.928,1.11925,1.1194,1.40,1.60
2010.06.15 01:03:28.132,1.11925,1.1194,1.00,1.60
2010.06.15 01:03:30.919,1.11925,1.11945,1.40,16.40
2010.06.15 01:03:31.025,1.11925,1.11945,1.40,9.20
2010.06.15 01:03:31.119,1.11925,1.11945,1.40,5.20
2010.06.15 01:03:31.420,1.11925,1.11945,2.20,5.20
2010.06.15 01:03:32.129,1.11925,1.11945,2.20,3.60
2010.06.15 01:03:34.158,1.11925,1.11945,2.20,3.20
2010.06.15 01:03:34.499,1.11925,1.11945,2.20,2.40
2010.06.15 01:03:36.267,1.1193,1.11945,1.00,2.40
2010.06.15 01:03:36.443,1.1193,1.11945,1.60,1.00
2010.06.15 01:03:36.489,1.1193,1.11945,2.20,1.00
2010.06.15 01:03:41.269,1.1193,1.1195,2.20,9.50
2010.06.15 01:03:49.670,1.1193,1.1195,2.20,7.90
2010.06.15 01:03:50.250,1.1193,1.1195,2.20,2.30
2010.06.15 01:03:50.533,1.1193,1.1195,2.20,1.00
2010.06.15 01:03:50.812,1.1193,1.1195,3.00,1.00
2010.06.15 01:03:51.090,1.11935,1.1195,1.40,1.00
2010.06.15 01:03:51.651,1.11935,1.1195,1.00,1.90
2010.06.15 01:03:51.931,1.1193,1.1195,2.20,4.70
2010.06.15 01:03:52.030,1.1193,1.1195,2.20,3.10
2010.06.15 01:03:52.292,1.1193,1.1195,2.20,2.70
2010.06.15 01:03:53.329,1.1193,1.1195,2.20,3.50
2010.06.15 01:03:53.561,1.1193,1.11945,1.00,1.60
2010.06.15 01:03:54.573,1.1193,1.11945,1.60,1.60
2010.06.15 01:03:54.856,1.1193,1.1195,3.20,1.60
2010.06.15 01:03:55.255,1.1193,1.1195,1.60,1.60
2010.06.15 01:03:55.441,1.11935,1.1195,1.00,1.60
2010.06.15 01:03:56.061,1.11935,1.1195,1.40,1.00
2010.06.15 01:03:57.490,1.11935,1.1195,1.00,1.10
2010.06.15 01:03:59.985,1.11935,1.1195,1.00,1.90
2010.06.15 01:04:00.140,1.1193,1.1195,2.20,1.90
2010.06.15 01:04:00.823,1.1193,1.11945,1.40,1.00
2010.06.15 01:04:02.250,1.11935,1.11945,1.00,1.00
2010.06.15 01:04:02.441,1.1193,1.11945,6.60,1.00
2010.06.15 01:04:02.541,1.1193,1.11945,6.20,1.00
2010.06.15 01:04:02.728,1.1193,1.11945,3.80,1.00
2010.06.15 01:04:03.000,1.1193,1.11945,3.00,1.00
2010.06.15 01:04:03.190,1.1193,1.11945,1.00,1.60
2010.06.15 01:04:03.289,1.1193,1.11945,1.00,1.90
2010.06.15 01:04:05.949,1.11925,1.11945,4.20,1.90
2010.06.15 01:04:06.119,1.11925,1.11945,2.60,1.60
2010.06.15 01:04:06.458,1.11925,1.11945,2.20,1.60
2010.06.15 01:04:06.879,1.11925,1.1194,1.40,3.20
2010.06.15 01:04:06.990,1.11925,1.1194,1.40,5.10
2010.06.15 01:04:07.158,1.1192,1.1194,1.00,10.70
2010.06.15 01:04:07.274,1.1192,1.11935,1.00,1.60
2010.06.15 01:04:07.389,1.1192,1.11935,1.00,4.80
2010.06.15 01:04:07.632,1.11915,1.11935,1.00,4.80
2010.06.15 01:04:07.873,1.11915,1.1193,1.00,1.00
2010.06.15 01:04:11.410,1.11915,1.1193,1.00,3.20
2010.06.15 01:04:11.651,1.11915,1.1193,1.00,4.40
2010.06.15 01:04:12.090,1.1191,1.1192,1.00,1.00
2010.06.15 01:04:12.492,1.11905,1.1192,7.80,1.00
2010.06.15 01:04:12.691,1.11905,1.1192,3.80,1.00
2010.06.15 01:04:14.581,1.11905,1.1192,2.20,1.00
2010.06.15 01:04:16.470,1.11905,1.1192,7.80,1.00
2010.06.15 01:04:18.579,1.11905,1.1192,6.20,1.00
2010.06.15 01:04:18.750,1.11905,1.1192,2.20,1.00
2010.06.15 01:04:19.088,1.11905,1.11925,2.20,1.60
2010.06.15 01:04:19.666,1.1191,1.11925,1.00,1.60
2010.06.15 01:04:19.945,1.1191,1.11925,1.40,1.00
2010.06.15 01:04:20.560,1.1191,1.1193,1.40,2.40
2010.06.15 01:04:20.916,1.1191,1.1193,2.20,1.60
2010.06.15 01:04:25.229,1.1191,1.1193,2.20,2.40
2010.06.15 01:04:26.520,1.1191,1.11925,1.60,1.00
2010.06.15 01:04:26.699,1.1191,1.11925,1.00,1.60
2010.06.15 01:04:30.155,1.1191,1.1193,2.20,2.40
2010.06.15 01:04:30.475,1.1191,1.1193,2.20,4.00
2010.06.15 01:04:31.250,1.1191,1.11925,1.00,1.60
2010.06.15 01:04:32.489,1.1191,1.11925,1.00,3.20
2010.06.15 01:04:42.830,1.11905,1.11925,15.40,3.20
2010.06.15 01:04:43.091,1.11905,1.1192,1.40,1.00
2010.06.15 01:04:43.350,1.11905,1.11915,1.00,1.00
2010.06.15 01:04:44.401,1.11905,1.1192,1.40,1.00
2010.06.15 01:04:44.743,1.11905,1.1192,1.00,1.10
2010.06.15 01:04:45.093,1.11905,1.11915,1.00,1.00
2010.06.15 01:04:45.445,1.11905,1.11915,1.40,1.00
2010.06.15 01:04:45.762,1.1191,1.1192,1.00,1.00
2010.06.15 01:04:46.081,1.1191,1.11925,1.00,1.60
2010.06.15 01:04:46.528,1.1191,1.11925,1.00,3.20
2010.06.15 01:04:46.842,1.1191,1.1192,1.00,1.60
2010.06.15 01:04:47.091,1.1191,1.11925,1.00,1.60
2010.06.15 01:04:47.341,1.11905,1.1192,2.20,1.00
2010.06.15 01:04:47.590,1.11905,1.11925,2.20,3.20
2010.06.15 01:04:47.869,1.11905,1.1192,2.20,1.00
2010.06.15 01:05:00.879,1.11905,1.1192,1.40,1.10
2010.06.15 01:05:06.019,1.11905,1.1192,1.00,1.10
2010.06.15 01:05:06.229,1.11905,1.11915,1.00,1.00
2010.06.15 01:05:06.840,1.119,1.11915,12.60,1.00
2010.06.15 01:05:07.569,1.119,1.1192,12.60,1.60
2010.06.15 01:05:08.318,1.119,1.1192,12.60,2.40
2010.06.15 01:05:08.494,1.119,1.1192,10.20,2.40
2010.06.15 01:05:08.580,1.119,1.1192,10.20,4.00
2010.06.15 01:05:08.797,1.119,1.11915,1.00,1.60
2010.06.15 01:05:08.841,1.11895,1.11915,5.40,2.40
2010.06.15 01:05:09.239,1.11895,1.1191,5.40,1.00
2010.06.15 01:05:10.041,1.11895,1.1191,1.40,1.00
2010.06.15 01:05:10.955,1.1189,1.1191,2.20,2.40
2010.06.15 01:05:13.001,1.1189,1.1191,2.20,3.20
2010.06.15 01:05:14.901,1.1189,1.1191,1.40,12.00
2010.06.15 01:05:15.201,1.1189,1.11905,1.40,1.00
2010.06.15 01:05:20.599,1.11895,1.11905,1.00,1.00
2010.06.15 01:05:20.733,1.11895,1.1191,1.00,2.40
2010.06.15 01:05:21.042,1.11895,1.1191,1.00,1.60
2010.06.15 01:05:22.169,1.1189,1.1191,6.60,2.70
2010.06.15 01:05:22.462,1.11895,1.1191,1.00,3.50
2010.06.15 01:05:22.852,1.11895,1.11905,4.80,1.00
2010.06.15 01:05:24.901,1.11895,1.11905,1.00,1.00
2010.06.15 01:05:25.110,1.11895,1.11905,1.00,1.60
2010.06.15 01:05:29.198,1.1189,1.11905,6.00,1.60
2010.06.15 01:05:29.731,1.1189,1.11905,1.00,1.60
2010.06.15 01:05:30.055,1.11885,1.119,2.40,1.60
2010.06.15 01:05:30.380,1.1188,1.119,2.60,1.60
2010.06.15 01:05:31.818,1.11885,1.119,1.00,1.60
2010.06.15 01:05:33.897,1.1188,1.119,15.40,1.60
2010.06.15 01:05:33.949,1.1188,1.119,13.00,1.60
2010.06.15 01:05:34.001,1.1188,1.119,5.00,1.60
2010.06.15 01:05:34.050,1.1188,1.119,3.40,1.60
2010.06.15 01:05:43.727,1.11875,1.1189,16.40,1.60
2010.06.15 01:05:43.813,1.11875,1.1189,13.20,1.60
2010.06.15 01:05:43.901,1.11875,1.1189,4.00,1.60
2010.06.15 01:05:43.990,1.1187,1.1189,12.20,1.60
2010.06.15 01:05:44.227,1.1187,1.1189,11.80,4.00
2010.06.15 01:05:44.575,1.1187,1.11885,1.00,2.40
2010.06.15 01:05:44.922,1.11865,1.11885,2.20,2.40
2010.06.15 01:05:45.265,1.11865,1.11885,2.20,4.00
2010.06.15 01:05:45.554,1.11865,1.11885,3.00,3.20
2010.06.15 01:05:45.846,1.11865,1.11885,1.40,4.00
2010.06.15 01:05:46.131,1.11865,1.11885,1.00,4.00
2010.06.15 01:05:48.142,1.11865,1.1188,1.00,1.00
2010.06.15 01:05:48.200,1.11865,1.1188,1.00,1.60
2010.06.15 01:05:48.260,1.11865,1.1188,1.40,1.60
2010.06.15 01:05:48.380,1.11865,1.11875,1.40,1.00
2010.06.15 01:05:48.442,1.1186,1.11875,1.00,1.60
2010.06.15 01:05:48.502,1.1186,1.11875,4.00,1.60
2010.06.15 01:05:48.732,1.1186,1.11875,4.00,2.40
2010.06.15 01:05:49.081,1.11855,1.1186,2.40,1.00
2010.06.15 01:05:49.580,1.11835,1.1185,5.20,1.00
2010.06.15 01:05:49.932,1.11825,1.11845,2.60,1.00
2010.06.15 01:05:50.273,1.11825,1.11845,3.60,1.60
2010.06.15 01:05:50.954,1.11825,1.1184,1.00,1.60
2010.06.15 01:05:51.781,1.11815,1.11825,5.60,2.40
2010.06.15 01:05:52.076,1.11805,1.1182,1.00,1.60
2010.06.15 01:05:52.370,1.11805,1.11815,1.00,1.60
2010.06.15 01:05:52.654,1.11795,1.1182,12.20,2.40
2010.06.15 01:05:52.932,1.11795,1.1182,11.40,3.20
2010.06.15 01:05:53.861,1.118,1.11825,5.60,4.70
2010.06.15 01:05:54.172,1.118,1.11825,6.00,4.30
2010.06.15 01:05:54.713,1.118,1.11825,2.80,6.70
2010.06.15 01:05:54.987,1.118,1.1182,1.00,4.00
2010.06.15 01:05:55.335,1.11805,1.11825,1.00,10.40
2010.06.15 01:05:55.684,1.11805,1.11825,2.60,1.60
2010.06.15 01:05:56.163,1.1181,1.1183,1.40,8.40
2010.06.15 01:05:56.503,1.11805,1.1183,4.60,12.20
2010.06.15 01:05:56.840,1.11805,1.1183,2.20,16.20
2010.06.15 01:05:57.184,1.118,1.1181,1.80,1.60
2010.06.15 01:05:57.462,1.11795,1.11805,1.00,1.00
2010.06.15 01:05:57.735,1.11795,1.11815,2.20,9.60
2010.06.15 01:05:58.141,1.11795,1.11815,2.20,4.80
2010.06.15 01:05:58.483,1.11805,1.11825,1.00,4.40
2010.06.15 01:05:58.821,1.11805,1.1183,6.20,6.70
2010.06.15 01:05:59.162,1.1181,1.1183,1.40,12.20
2010.06.15 01:05:59.841,1.11805,1.1183,7.80,8.20
2010.06.15 01:06:00.186,1.1181,1.11835,1.40,18.20
2010.06.15 01:06:00.531,1.1181,1.1183,1.00,4.00
2010.06.15 01:06:00.872,1.1181,1.11825,1.40,1.00
2010.06.15 01:06:01.333,1.1181,1.1183,3.40,1.60
2010.06.15 01:06:01.688,1.11815,1.1183,1.40,1.60
2010.06.15 01:06:02.035,1.1181,1.1183,2.20,5.60
2010.06.15 01:06:02.383,1.1181,1.1182,1.00,1.00
2010.06.15 01:06:02.723,1.11815,1.11825,1.00,1.00
2010.06.15 01:06:03.019,1.11815,1.1183,1.40,2.40
2010.06.15 01:06:04.314,1.11815,1.11825,1.40,1.00
2010.06.15 01:06:04.663,1.1181,1.11815,2.20,1.00
2010.06.15 01:06:05.003,1.11795,1.11815,1.00,30.40
2010.06.15 01:06:05.352,1.11795,1.11815,1.00,36.00
2010.06.15 01:06:05.690,1.11795,1.11815,1.00,36.70
2010.06.15 01:06:06.373,1.11795,1.11805,1.00,6.40
2010.06.15 01:06:06.673,1.1179,1.1181,1.00,35.10
2010.06.15 01:06:06.972,1.11795,1.1181,1.00,13.20
2010.06.15 01:06:07.273,1.11795,1.11815,2.20,3.30
2010.06.15 01:06:07.572,1.11795,1.11815,2.20,2.40
2010.06.15 01:06:08.142,1.11795,1.1181,1.40,1.60
2010.06.15 01:06:08.335,1.11795,1.11815,2.20,4.70
2010.06.15 01:06:08.533,1.11795,1.1181,1.00,1.60
2010.06.15 01:06:08.884,1.118,1.1181,2.20,1.00
2010.06.15 01:06:09.232,1.11805,1.1182,1.00,1.10
2010.06.15 01:06:09.573,1.11815,1.11825,1.00,1.90
2010.06.15 01:06:09.913,1.11815,1.11825,1.00,1.60
2010.06.15 01:06:11.591,1.11795,1.1181,2.40,4.00
2010.06.15 01:06:11.798,1.11795,1.11815,1.00,24.40
2010.06.15 01:06:11.991,1.11795,1.11815,1.00,28.30
2010.06.15 01:06:12.189,1.11795,1.11815,1.00,26.70
2010.06.15 01:06:12.391,1.11795,1.11815,1.00,24.00
2010.06.15 01:06:12.900,1.11795,1.11815,1.00,28.70
2010.06.15 01:06:13.166,1.11795,1.1181,1.00,14.30
2010.06.15 01:06:13.425,1.118,1.1181,1.00,11.20
2010.06.15 01:06:13.700,1.118,1.11815,2.20,16.40
2010.06.15 01:06:13.969,1.118,1.1182,6.20,4.90
2010.06.15 01:06:14.311,1.118,1.11825,6.20,7.50
2010.06.15 01:06:14.651,1.11805,1.11825,1.00,5.90
2010.06.15 01:06:15.028,1.11805,1.11825,4.80,4.00
2010.06.15 01:06:15.285,1.11805,1.11825,4.00,6.30
2010.06.15 01:06:15.542,1.11805,1.11825,4.80,4.00
2010.06.15 01:06:15.804,1.11805,1.11825,4.00,13.10
2010.06.15 01:06:16.400,1.11805,1.1182,4.00,7.50
2010.06.15 01:06:16.743,1.118,1.1181,1.40,10.30
2010.06.15 01:06:17.083,1.1179,1.11815,1.40,25.50
2010.06.15 01:06:17.563,1.1179,1.11815,1.40,25.50
2010.06.15 01:06:19.293,1.1179,1.11815,1.40,26.30
2010.06.15 01:06:19.469,1.1179,1.11815,1.00,26.30
2010.06.15 01:06:19.655,1.11795,1.11805,4.00,3.20
2010.06.15 01:06:19.838,1.11785,1.11795,1.00,14.80
2010.06.15 01:06:20.019,1.11775,1.11795,3.00,12.00
2010.06.15 01:06:20.204,1.1178,1.11805,1.00,21.60
2010.06.15 01:06:20.685,1.1178,1.11795,5.40,1.50
2010.06.15 01:06:21.032,1.1178,1.11795,5.40,1.60
2010.06.15 01:06:21.372,1.1178,1.1179,4.00,9.50
2010.06.15 01:06:21.717,1.1177,1.1179,1.40,23.10
2010.06.15 01:06:22.064,1.1177,1.1179,1.40,23.90
2010.06.15 01:06:22.412,1.1178,1.1179,1.00,16.80
2010.06.15 01:06:22.863,1.1178,1.11795,1.00,2.80
2010.06.15 01:06:23.206,1.1178,1.11795,1.00,1.00
2010.06.15 01:06:23.484,1.1178,1.118,1.40,6.30
2010.06.15 01:06:23.760,1.1178,1.118,1.40,5.50
2010.06.15 01:06:24.665,1.1178,1.118,6.20,2.40
2010.06.15 01:06:25.015,1.1178,1.118,12.60,1.00
2010.06.15 01:06:25.362,1.1178,1.118,7.80,6.30
2010.06.15 01:06:25.683,1.1178,1.118,1.40,7.10
2010.06.15 01:06:26.683,1.1178,1.11795,1.00,2.40
2010.06.15 01:06:27.024,1.11775,1.11795,2.20,1.60
2010.06.15 01:06:27.370,1.1178,1.11795,1.00,1.60
2010.06.15 01:06:27.712,1.11775,1.11795,1.00,3.20
2010.06.15 01:06:28.053,1.11765,1.1178,1.00,1.00
2010.06.15 01:06:28.394,1.11765,1.1178,2.80,1.60
2010.06.15 01:06:28.744,1.1177,1.1178,1.00,1.60
2010.06.15 01:06:29.091,1.11765,1.1178,1.80,1.60
2010.06.15 01:06:29.432,1.1176,1.1178,3.80,3.60
2010.06.15 01:06:29.753,1.1176,1.1178,1.40,6.00
2010.06.15 01:06:30.711,1.11755,1.1176,3.80,1.00
2010.06.15 01:06:31.034,1.11745,1.1176,2.20,12.80
2010.06.15 01:06:31.362,1.11745,1.1176,1.00,13.60
2010.06.15 01:06:31.684,1.11745,1.1176,2.20,12.80
2010.06.15 01:06:32.016,1.11755,1.1176,1.00,1.00
2010.06.15 01:06:32.349,1.1176,1.11775,4.00,4.00
2010.06.15 01:06:32.686,1.11765,1.1178,4.80,2.00
2010.06.15 01:06:32.962,1.11765,1.1178,6.20,1.00
2010.06.15 01:06:33.234,1.11765,1.11785,10.20,2.80
2010.06.15 01:06:33.510,1.11765,1.11785,10.20,2.40
2010.06.15 01:06:34.339,1.11765,1.11785,10.20,3.20
2010.06.15 01:06:34.835,1.1177,1.11785,1.00,3.20
2010.06.15 01:06:35.189,1.11765,1.11785,1.80,2.40
2010.06.15 01:06:35.534,1.11765,1.11785,1.40,4.00
2010.06.15 01:06:36.004,1.11765,1.11785,1.40,4.80
2010.06.15 01:06:36.356,1.11765,1.11775,1.40,2.80
2010.06.15 01:06:36.703,1.11765,1.1178,1.00,6.80
2010.06.15 01:06:37.042,1.11765,1.1178,1.00,1.60
2010.06.15 01:06:37.232,1.11765,1.1178,1.00,4.00
2010.06.15 01:06:37.441,1.11765,1.1178,1.00,6.40
2010.06.15 01:06:37.641,1.1176,1.11775,1.00,1.00
2010.06.15 01:06:38.337,1.11755,1.11765,1.00,8.00
2010.06.15 01:06:38.649,1.11745,1.11765,3.00,12.00
2010.06.15 01:06:38.965,1.11745,1.11765,3.00,13.60
2010.06.15 01:06:39.274,1.1174,1.11755,6.00,1.60
2010.06.15 01:06:39.626,1.11735,1.11755,1.00,5.90
2010.06.15 01:06:39.973,1.11735,1.11755,2.20,3.60
2010.06.15 01:06:40.312,1.11735,1.11755,2.20,2.40
2010.06.15 01:06:40.821,1.11745,1.11755,1.00,1.60
2010.06.15 01:06:41.084,1.11745,1.1176,1.00,2.00
2010.06.15 01:06:41.340,1.1174,1.1176,6.80,1.00
2010.06.15 01:06:41.645,1.1174,1.1175,2.90,1.00
2010.06.15 01:06:41.943,1.1173,1.11745,1.20,1.00
2010.06.15 01:06:42.298,1.1173,1.11745,1.00,1.00
2010.06.15 01:06:42.622,1.1173,1.1175,1.40,4.80
2010.06.15 01:06:42.937,1.1173,1.1175,1.40,3.20
2010.06.15 01:06:43.377,1.11735,1.1175,1.00,3.20
2010.06.15 01:06:44.315,1.11735,1.1175,1.40,2.40
2010.06.15 01:06:44.648,1.1174,1.1175,1.00,1.00
2010.06.15 01:06:44.978,1.11735,1.1176,4.60,6.00
2010.06.15 01:06:45.305,1.1174,1.1176,3.00,2.40
2010.06.15 01:06:45.783,1.1174,1.1176,1.80,2.40
2010.06.15 01:06:46.126,1.1174,1.1176,3.40,1.60
2010.06.15 01:06:46.472,1.1174,1.1176,3.00,1.60
2010.06.15 01:06:46.773,1.1174,1.1176,5.00,1.00
2010.06.15 01:06:47.070,1.1174,1.1176,3.40,1.00
2010.06.15 01:06:47.910,1.1174,1.1176,1.80,2.40
2010.06.15 01:06:48.162,1.1174,1.1176,3.40,1.00
2010.06.15 01:06:48.412,1.11745,1.1176,1.40,1.00
2010.06.15 01:06:48.661,1.11745,1.1176,1.00,1.00
2010.06.15 01:06:50.644,1.1174,1.11755,4.20,1.00
2010.06.15 01:06:51.660,1.1174,1.1176,4.20,1.60
2010.06.15 01:06:51.891,1.11745,1.1176,1.00,1.60
2010.06.15 01:06:51.999,1.11745,1.1176,1.00,1.00
2010.06.15 01:06:52.400,1.11745,1.1176,1.40,1.00
2010.06.15 01:06:52.511,1.11745,1.11765,1.40,4.00
2010.06.15 01:06:52.743,1.1175,1.11765,1.00,1.60
2010.06.15 01:06:52.902,1.1175,1.1177,1.40,14.00
2010.06.15 01:06:53.064,1.1176,1.1177,1.00,5.20
2010.06.15 01:06:53.220,1.1176,1.1177,1.00,1.60
2010.06.15 01:06:53.506,1.1176,1.1177,1.00,2.40
2010.06.15 01:06:53.706,1.1176,1.11765,1.00,1.00
2010.06.15 01:06:53.874,1.11755,1.1177,1.00,5.20
2010.06.15 01:06:54.363,1.11765,1.1177,4.00,1.00
2010.06.15 01:06:54.708,1.11755,1.1177,1.80,2.40
2010.06.15 01:06:55.054,1.11755,1.1177,1.40,2.40
2010.06.15 01:06:55.741,1.11755,1.1177,1.00,4.80
2010.06.15 01:06:56.410,1.11755,1.1177,1.00,4.00
2010.06.15 01:06:56.741,1.1176,1.1177,1.00,2.40
2010.06.15 01:06:57.074,1.1176,1.1177,1.00,2.80
2010.06.15 01:06:57.357,1.1176,1.1177,1.00,1.20
2010.06.15 01:06:57.527,1.1176,1.1177,1.00,1.00
2010.06.15 01:06:58.543,1.1176,1.1177,1.00,1.60
2010.06.15 01:06:58.888,1.11775,1.1178,1.00,10.40
2010.06.15 01:06:59.359,1.11775,1.1178,1.00,1.60
2010.06.15 01:06:59.709,1.1178,1.11785,1.00,1.00
2010.06.15 01:07:00.055,1.1178,1.11785,1.00,1.00
2010.06.15 01:07:00.400,1.1178,1.11795,1.00,4.80
2010.06.15 01:07:00.733,1.1178,1.1179,1.00,4.40
2010.06.15 01:07:01.062,1.1178,1.1179,1.00,4.80
2010.06.15 01:07:01.392,1.11775,1.1178,1.40,1.00
2010.06.15 01:07:01.866,1.11775,1.1179,2.20,5.20
2010.06.15 01:07:02.215,1.1178,1.1179,1.40,3.60
2010.06.15 01:07:03.081,1.1178,1.11785,1.40,1.00
2010.06.15 01:07:03.473,1.11765,1.11775,3.10,1.00
2010.06.15 01:07:03.686,1.11775,1.11785,2.20,3.20
2010.06.15 01:07:03.892,1.1178,1.1179,1.40,2.00
2010.06.15 01:07:04.230,1.1178,1.11795,1.40,3.90
2010.06.15 01:07:04.437,1.11785,1.11795,1.40,1.00
2010.06.15 01:07:05.464,1.11785,1.11795,1.40,2.40
2010.06.15 01:07:05.815,1.1177,1.11775,2.00,1.00
2010.06.15 01:07:06.164,1.11765,1.11775,1.40,1.00
2010.06.15 01:07:06.623,1.11765,1.1178,1.40,5.90
2010.06.15 01:07:06.911,1.1177,1.11775,1.00,4.00
2010.06.15 01:07:07.203,1.1178,1.11785,1.00,4.40
2010.06.15 01:07:07.500,1.1178,1.11785,1.00,2.00
2010.06.15 01:07:07.933,1.1178,1.1179,1.00,1.00
2010.06.15 01:07:08.615,1.1178,1.11795,1.40,2.40
2010.06.15 01:07:08.854,1.11785,1.11795,1.00,2.40
2010.06.15 01:07:09.380,1.11785,1.11795,1.40,2.40
2010.06.15 01:07:10.291,1.11785,1.11795,1.40,3.20
2010.06.15 01:07:10.634,1.11775,1.1179,1.40,2.40
2010.06.15 01:07:11.064,1.11775,1.1179,2.20,1.00
2010.06.15 01:07:11.281,1.11785,1.11795,1.00,2.00
2010.06.15 01:07:11.499,1.11785,1.11795,1.00,1.60
2010.06.15 01:07:12.241,1.11785,1.118,1.00,5.50
2010.06.15 01:07:13.071,1.11785,1.118,1.00,3.20
2010.06.15 01:07:14.550,1.11785,1.11795,1.00,1.00
2010.06.15 01:07:16.933,1.11785,1.118,1.00,16.00
2010.06.15 01:07:17.158,1.1178,1.11795,1.40,4.40
2010.06.15 01:07:17.387,1.1178,1.11795,1.00,1.60
2010.06.15 01:07:18.294,1.1178,1.118,1.00,10.40
2010.06.15 01:07:18.643,1.11785,1.11795,1.00,1.60
2010.06.15 01:07:18.984,1.1178,1.118,1.40,4.00
2010.06.15 01:07:19.170,1.1178,1.118,1.40,3.20
2010.06.15 01:07:19.359,1.1178,1.118,1.40,4.00
2010.06.15 01:07:21.141,1.1178,1.1179,1.00,1.70
2010.06.15 01:07:21.484,1.1177,1.1178,1.00,5.60
2010.06.15 01:07:21.835,1.11765,1.1178,1.00,14.80
2010.06.15 01:07:23.554,1.1176,1.1178,1.00,15.20
2010.06.15 01:07:23.681,1.11755,1.1178,2.20,8.40
2010.06.15 01:07:23.799,1.11755,1.1178,2.20,6.00
2010.06.15 01:07:24.039,1.11755,1.1178,3.00,6.00
2010.06.15 01:07:24.160,1.1176,1.11775,1.40,1.00
2010.06.15 01:07:24.281,1.1176,1.11775,1.40,2.40
2010.06.15 01:07:24.654,1.1176,1.11775,1.40,1.00
2010.06.15 01:07:25.233,1.1176,1.1177,1.40,1.00
2010.06.15 01:07:25.526,1.1176,1.1177,1.00,1.00
2010.06.15 01:07:28.387,1.11765,1.1178,11.40,1.00
2010.06.15 01:07:28.589,1.11765,1.1178,1.40,1.00
2010.06.15 01:07:30.472,1.1176,1.1178,1.40,2.40
2010.06.15 01:07:31.430,1.1176,1.1177,1.40,1.00
2010.06.15 01:07:31.693,1.1176,1.1177,1.00,1.00
2010.06.15 01:07:33.303,1.1176,1.1177,1.00,3.20
2010.06.15 01:07:33.583,1.11745,1.1177,12.80,5.10
2010.06.15 01:07:33.848,1.1175,1.1177,1.40,7.20
2010.06.15 01:07:34.111,1.1175,1.1177,1.40,9.60
2010.06.15 01:07:35.189,1.1175,1.1177,1.40,7.20
2010.06.15 01:07:35.633,1.1175,1.1177,2.20,6.40
2010.06.15 01:07:35.770,1.1175,1.1177,2.20,4.80
2010.06.15 01:07:35.911,1.1175,1.1177,6.20,3.20
2010.06.15 01:07:36.374,1.1175,1.1177,6.20,2.40
2010.06.15 01:07:38.002,1.1175,1.1177,1.40,5.90
2010.06.15 01:07:38.691,1.1175,1.1177,1.40,7.50
2010.06.15 01:07:39.033,1.1175,1.11765,1.40,1.60
2010.06.15 01:07:39.372,1.1175,1.11765,1.00,2.40
2010.06.15 01:07:39.713,1.1174,1.11745,7.00,4.00
2010.06.15 01:07:40.021,1.1174,1.1175,5.40,3.20
2010.06.15 01:07:40.333,1.1174,1.11755,2.20,1.00
2010.06.15 01:07:40.642,1.1174,1.1176,1.60,3.20
2010.06.15 01:07:41.096,1.11735,1.11745,1.00,4.00
2010.06.15 01:07:41.442,1.1174,1.11755,1.40,3.60
2010.06.15 01:07:41.783,1.1174,1.11755,1.40,1.00
2010.06.15 01:07:42.484,1.1174,1.1175,1.40,3.20
2010.06.15 01:07:42.728,1.11725,1.11745,3.80,4.00
2010.06.15 01:07:43.162,1.1173,1.11745,1.70,4.00
2010.06.15 01:07:43.382,1.1173,1.11745,3.20,4.00
2010.06.15 01:07:43.602,1.1173,1.11745,1.60,7.20
2010.06.15 01:07:43.823,1.11725,1.1174,1.60,4.00
2010.06.15 01:07:43.991,1.1172,1.1174,3.80,7.20
2010.06.15 01:07:44.272,1.1172,1.1174,2.20,7.20
2010.06.15 01:07:44.446,1.1172,1.1174,6.20,12.00
2010.06.15 01:07:44.620,1.1172,1.1174,6.20,4.00
2010.06.15 01:07:44.795,1.1172,1.1174,11.80,2.40
2010.06.15 01:07:45.144,1.1172,1.11735,9.60,1.00
2010.06.15 01:07:45.493,1.11715,1.1174,10.20,8.00
2010.06.15 01:07:45.844,1.1172,1.11735,7.20,4.40
2010.06.15 01:07:48.007,1.1172,1.11735,6.40,4.80
2010.06.15 01:07:48.050,1.11715,1.1173,7.80,1.00
2010.06.15 01:07:48.225,1.11715,1.1173,5.40,1.00
2010.06.15 01:07:50.870,1.1172,1.1173,8.00,1.00
2010.06.15 01:07:51.049,1.1172,1.1173,10.40,1.00
2010.06.15 01:07:51.230,1.1172,1.1173,4.00,1.00
2010.06.15 01:07:51.480,1.1171,1.1173,3.00,1.00
2010.06.15 01:07:51.729,1.1171,1.1173,3.00,1.60
2010.06.15 01:07:51.980,1.11715,1.1173,1.00,1.60
2010.06.15 01:07:52.231,1.1171,1.1173,3.00,1.60
2010.06.15 01:07:52.430,1.1171,1.11715,3.00,1.00
2010.06.15 01:07:52.630,1.1171,1.11715,1.40,1.00
2010.06.15 01:07:52.830,1.1171,1.1172,1.40,1.00
2010.06.15 01:07:52.930,1.1171,1.11725,1.40,1.00
2010.06.15 01:07:53.031,1.1171,1.11725,3.80,1.00
2010.06.15 01:07:53.130,1.1171,1.11725,3.80,1.20
2010.06.15 01:07:53.519,1.1171,1.11725,1.40,1.20
2010.06.15 01:07:53.785,1.1171,1.11725,1.40,1.00
2010.06.15 01:07:54.307,1.1171,1.11725,1.40,1.60
2010.06.15 01:07:54.655,1.11715,1.11725,1.40,1.60
2010.06.15 01:07:56.315,1.11715,1.1172,1.00,1.60
2010.06.15 01:07:56.642,1.1171,1.11725,1.40,1.00
2010.06.15 01:07:56.984,1.11715,1.1173,1.40,13.60
2010.06.15 01:07:57.337,1.11715,1.1173,1.40,12.80
2010.06.15 01:07:57.602,1.11715,1.1173,1.40,1.00
2010.06.15 01:07:58.131,1.11715,1.1173,1.40,2.40
2010.06.15 01:08:02.151,1.1171,1.11725,1.40,1.00
2010.06.15 01:08:02.971,1.1171,1.1173,1.40,4.00
2010.06.15 01:08:03.120,1.1171,1.1173,1.40,1.00
2010.06.15 01:08:04.101,1.1171,1.1173,1.40,4.40
2010.06.15 01:08:04.361,1.1171,1.1173,1.40,3.60
2010.06.15 01:08:04.621,1.1171,1.1173,1.40,1.00
2010.06.15 01:08:04.951,1.11715,1.1173,1.00,1.00
2010.06.15 01:08:05.280,1.11715,1.1173,1.40,1.00
2010.06.15 01:08:06.260,1.11715,1.1173,1.40,2.40
2010.06.15 01:08:06.600,1.11715,1.1173,1.40,1.00
2010.06.15 01:08:08.703,1.11715,1.11735,1.40,5.50
2010.06.15 01:08:09.103,1.11715,1.11735,2.20,3.90
2010.06.15 01:08:09.490,1.1172,1.11735,1.40,1.90
2010.06.15 01:08:10.275,1.1172,1.11735,1.40,1.00
2010.06.15 01:08:10.566,1.1172,1.11735,1.40,1.00
2010.06.15 01:08:11.171,1.1172,1.11735,1.40,1.00
2010.06.15 01:08:11.492,1.11715,1.11735,1.40,2.50
2010.06.15 01:08:11.809,1.11715,1.11735,1.40,1.00
2010.06.15 01:08:12.132,1.11715,1.11735,11.00,1.00
2010.06.15 01:08:12.437,1.1172,1.1174,11.20,4.40
2010.06.15 01:08:12.581,1.1172,1.1174,12.80,3.60
2010.06.15 01:08:12.733,1.11725,1.1174,10.40,3.60
2010.06.15 01:08:13.252,1.1173,1.1174,1.00,3.60
2010.06.15 01:08:13.597,1.11735,1.1174,1.00,1.00
2010.06.15 01:08:13.836,1.1173,1.11745,9.80,1.00
2010.06.15 01:08:14.078,1.1174,1.1175,10.40,1.20
2010.06.15 01:08:14.447,1.1174,1.11755,6.40,7.20
2010.06.15 01:08:14.683,1.1174,1.11755,4.00,7.20
2010.06.15 01:08:15.830,1.1174,1.1175,4.00,1.00
2010.06.15 01:08:17.251,1.1174,1.11755,4.00,5.60
2010.06.15 01:08:17.470,1.1174,1.11755,6.40,2.00
2010.06.15 01:08:17.690,1.11745,1.11755,4.00,2.00
2010.06.15 01:08:17.911,1.1175,1.11755,1.00,1.00
2010.06.15 01:08:18.131,1.1175,1.1176,1.00,3.20
2010.06.15 01:08:18.367,1.1175,1.1176,1.00,1.00
2010.06.15 01:08:18.496,1.1175,1.11765,1.00,1.60
2010.06.15 01:08:18.627,1.11755,1.11765,1.00,1.60
2010.06.15 01:08:18.753,1.11755,1.1177,1.00,1.60
2010.06.15 01:08:18.993,1.11755,1.11775,1.00,1.60
2010.06.15 01:08:19.221,1.1176,1.11775,1.00,1.60
2010.06.15 01:08:19.570,1.1176,1.1178,9.00,2.40
2010.06.15 01:08:19.916,1.11765,1.11785,6.20,3.20
2010.06.15 01:08:20.267,1.1177,1.11785,10.20,1.00
2010.06.15 01:08:20.606,1.1178,1.11795,1.00,4.00
2010.06.15 01:08:20.948,1.11775,1.1179,8.60,1.00
2010.06.15 01:08:21.286,1.11775,1.11795,1.00,4.40
2010.06.15 01:08:21.631,1.1177,1.11775,6.20,1.00
2010.06.15 01:08:21.974,1.1177,1.11785,1.40,2.00
2010.06.15 01:08:22.460,1.11765,1.11785,1.00,3.20
2010.06.15 01:08:22.666,1.1176,1.1178,1.00,4.80
2010.06.15 01:08:23.069,1.1176,1.1178,1.00,5.60
2010.06.15 01:08:24.061,1.1176,1.11775,1.00,3.20
2010.06.15 01:08:24.250,1.11755,1.11775,12.60,3.60
2010.06.15 01:08:24.440,1.11755,1.11775,3.00,3.60
2010.06.15 01:08:24.630,1.11755,1.11775,1.00,5.20
2010.06.15 01:08:24.819,1.11755,1.1177,1.00,1.00
2010.06.15 01:08:33.541,1.1176,1.1177,1.00,1.00
2010.06.15 01:08:33.880,1.1176,1.11775,1.00,3.10
2010.06.15 01:08:39.345,1.1176,1.11775,1.00,4.70
2010.06.15 01:08:40.030,1.1176,1.11765,1.00,1.00
2010.06.15 01:08:40.374,1.1175,1.1176,8.00,2.40
2010.06.15 01:08:40.724,1.11745,1.1176,11.80,1.00
2010.06.15 01:08:41.073,1.1175,1.11765,1.00,1.00
2010.06.15 01:08:41.270,1.1175,1.1177,1.00,6.40
2010.06.15 01:08:42.841,1.1175,1.1177,1.00,7.20
2010.06.15 01:08:43.890,1.1175,1.1177,1.40,5.60
2010.06.15 01:08:44.232,1.1175,1.1177,11.80,3.60
2010.06.15 01:08:44.572,1.1175,1.1177,12.60,3.60
2010.06.15 01:08:44.610,1.11755,1.1177,1.00,2.40
2010.06.15 01:08:45.490,1.11755,1.1177,1.00,1.00
2010.06.15 01:08:46.172,1.1176,1.1177,1.00,1.00
2010.06.15 01:08:46.340,1.1176,1.11775,1.00,4.80
2010.06.15 01:08:46.684,1.1176,1.11775,1.00,1.60
2010.06.15 01:08:46.851,1.1176,1.11775,1.00,5.60
2010.06.15 01:08:48.199,1.1176,1.11775,1.00,7.20
2010.06.15 01:08:48.290,1.1176,1.11775,1.00,3.20
2010.06.15 01:08:48.381,1.1176,1.11775,1.00,4.80
2010.06.15 01:08:49.228,1.1177,1.1178,1.00,5.20
2010.06.15 01:08:49.465,1.1177,1.1178,1.00,1.00
2010.06.15 01:08:49.700,1.1177,1.11785,1.00,3.20
2010.06.15 01:08:58.000,1.1177,1.1178,1.00,1.00
2010.06.15 01:08:58.139,1.1177,1.11785,1.00,18.40
2010.06.15 01:08:58.209,1.1177,1.11785,1.00,13.20
2010.06.15 01:08:58.279,1.1177,1.11785,1.00,16.80
2010.06.15 01:08:58.591,1.11765,1.11785,1.00,6.40
2010.06.15 01:08:58.831,1.11765,1.11785,1.40,2.40
2010.06.15 01:08:59.072,1.1177,1.11785,1.00,2.40
2010.06.15 01:08:59.309,1.1177,1.11785,1.00,1.00
2010.06.15 01:09:03.913,1.1177,1.11785,1.40,1.00
2010.06.15 01:09:04.091,1.1177,1.1179,1.40,4.80
2010.06.15 01:09:05.479,1.1177,1.1179,1.40,8.80
2010.06.15 01:09:05.970,1.1177,1.1179,1.40,8.00
2010.06.15 01:09:06.230,1.1177,1.11785,1.00,1.00
2010.06.15 01:09:06.492,1.1177,1.11785,1.00,5.20
2010.06.15 01:09:06.751,1.1177,1.1178,1.00,1.60
2010.06.15 01:09:07.016,1.1176,1.1178,5.60,1.20
2010.06.15 01:09:07.184,1.11765,1.1178,5.40,1.20
2010.06.15 01:09:07.457,1.11765,1.11785,5.40,1.00
2010.06.15 01:09:07.940,1.11765,1.1178,4.00,1.00
2010.06.15 01:09:09.151,1.1176,1.1178,8.60,1.00
2010.06.15 01:09:10.119,1.1176,1.1178,7.00,1.00
2010.06.15 01:09:11.132,1.1176,1.1178,6.20,5.40
2010.06.15 01:09:11.342,1.1176,1.11775,1.60,14.80
2010.06.15 01:09:11.593,1.11755,1.11765,1.00,1.00
2010.06.15 01:09:11.850,1.1175,1.11765,1.40,1.00
2010.06.15 01:09:12.892,1.11745,1.1176,1.40,1.00
2010.06.15 01:09:16.552,1.11745,1.11765,2.20,1.60
2010.06.15 01:09:16.792,1.11755,1.1177,1.40,1.00
2010.06.15 01:09:17.032,1.11755,1.1177,1.40,2.80
2010.06.15 01:09:17.273,1.1175,1.11765,1.40,1.00
2010.06.15 01:09:17.993,1.11755,1.1177,1.40,1.00
2010.06.15 01:09:18.761,1.1175,1.11765,1.40,1.00
2010.06.15 01:09:19.073,1.1175,1.1177,1.40,3.60
2010.06.15 01:09:19.381,1.1175,1.1177,1.40,11.20
2010.06.15 01:09:19.570,1.1175,1.1177,1.40,13.60
2010.06.15 01:09:19.764,1.1175,1.1177,1.40,12.80
2010.06.15 01:09:19.960,1.1175,1.1177,1.40,3.20
2010.06.15 01:09:20.212,1.1175,1.1177,1.40,1.00
2010.06.15 01:09:20.401,1.11755,1.1177,1.40,1.00
2010.06.15 01:09:21.883,1.11755,1.1177,1.40,1.60
2010.06.15 01:09:22.060,1.11755,1.1177,1.40,10.80
2010.06.15 01:09:22.239,1.11755,1.1177,1.40,14.80
2010.06.15 01:09:22.990,1.1175,1.11755,2.20,1.00
2010.06.15 01:09:23.261,1.1175,1.11755,1.00,1.00
2010.06.15 01:09:23.530,1.1174,1.11755,3.00,1.00
2010.06.15 01:09:24.418,1.1174,1.11755,1.40,1.00
2010.06.15 01:09:25.169,1.1174,1.11745,1.40,1.00
2010.06.15 01:09:25.676,1.1173,1.11745,3.00,1.00
2010.06.15 01:09:26.223,1.1173,1.11745,7.00,1.00
2010.06.15 01:09:27.502,1.11745,1.1175,1.00,2.80
2010.06.15 01:09:27.825,1.11755,1.11765,1.40,1.00
2010.06.15 01:09:28.144,1.11755,1.11775,1.40,3.00
2010.06.15 01:09:28.302,1.11755,1.11775,1.40,2.50
2010.06.15 01:09:28.461,1.1176,1.11775,1.40,2.50
2010.06.15 01:09:29.219,1.1176,1.11775,1.00,2.50
2010.06.15 01:09:29.551,1.11755,1.1177,1.40,1.60
2010.06.15 01:09:29.882,1.11745,1.1177,11.20,6.00
2010.06.15 01:09:30.324,1.11745,1.1176,1.40,1.00
2010.06.15 01:09:30.771,1.11755,1.1177,1.40,6.40
2010.06.15 01:09:31.000,1.11755,1.1177,1.40,4.00
2010.06.15 01:09:31.229,1.11755,1.1177,1.40,3.20
2010.06.15 01:09:31.460,1.11755,1.1177,1.40,4.80
2010.06.15 01:09:32.011,1.11755,1.1176,1.40,1.00
2010.06.15 01:09:32.290,1.11745,1.1176,1.40,1.00
2010.06.15 01:09:32.570,1.11745,1.11765,2.20,2.80
2010.06.15 01:09:32.659,1.11755,1.11765,1.00,2.80
2010.06.15 01:09:32.750,1.11755,1.11765,1.00,1.20
2010.06.15 01:09:32.930,1.1175,1.11755,1.00,1.00
2010.06.15 01:09:33.151,1.1174,1.11755,12.60,1.00
2010.06.15 01:09:33.329,1.1174,1.11755,11.80,1.00
2010.06.15 01:09:34.039,1.1174,1.11755,11.20,1.00
2010.06.15 01:09:34.149,1.1174,1.11755,10.40,1.00
2010.06.15 01:09:34.472,1.11735,1.11755,7.80,1.00
2010.06.15 01:09:35.404,1.1174,1.11755,2.20,1.00
2010.06.15 01:09:35.735,1.11745,1.11755,2.40,1.00
2010.06.15 01:09:36.064,1.11745,1.1176,2.40,2.80
2010.06.15 01:09:36.354,1.1174,1.1176,12.60,1.20
2010.06.15 01:09:36.641,1.11745,1.1176,4.00,1.20
2010.06.15 01:09:37.027,1.11745,1.1176,4.00,2.80
2010.06.15 01:09:37.133,1.11745,1.11755,6.40,1.00
2010.06.15 01:09:37.246,1.11745,1.11755,4.00,2.80
2010.06.15 01:09:37.356,1.11745,1.11755,4.00,2.40
2010.06.15 01:09:37.465,1.1174,1.1175,4.00,1.00
2010.06.15 01:09:37.684,1.1174,1.11755,11.80,1.00
2010.06.15 01:09:37.796,1.1174,1.11755,1.40,1.00
2010.06.15 01:09:38.581,1.1174,1.11755,11.80,1.00
2010.06.15 01:09:39.260,1.1174,1.11755,10.40,1.00
2010.06.15 01:09:39.794,1.11745,1.11755,8.00,1.00
2010.06.15 01:09:40.254,1.1174,1.11755,11.80,1.00
2010.06.15 01:09:40.533,1.1174,1.11755,10.40,1.00
2010.06.15 01:09:41.507,1.11735,1.1175,9.40,1.00
2010.06.15 01:09:41.791,1.11735,1.1175,5.40,1.00
2010.06.15 01:09:42.889,1.11745,1.11755,1.60,1.00
2010.06.15 01:09:43.072,1.1174,1.11755,1.50,1.00
2010.06.15 01:09:43.339,1.1175,1.11755,8.00,1.00
2010.06.15 01:09:43.475,1.1174,1.11755,10.40,1.00
2010.06.15 01:09:43.730,1.1174,1.11755,11.80,1.00
2010.06.15 01:09:43.860,1.1174,1.11755,10.40,1.00
2010.06.15 01:09:44.231,1.1174,1.11755,12.80,1.00
2010.06.15 01:09:44.359,1.1174,1.11755,13.40,1.00
2010.06.15 01:09:46.619,1.11745,1.11755,1.60,1.00
2010.06.15 01:09:46.890,1.1175,1.1176,1.40,2.00
2010.06.15 01:09:47.063,1.1175,1.11765,1.40,1.20
2010.06.15 01:09:47.565,1.1175,1.11765,1.40,1.00
2010.06.15 01:09:52.409,1.1175,1.11765,3.00,1.00
2010.06.15 01:09:52.501,1.1175,1.1177,3.80,2.80
2010.06.15 01:09:52.590,1.1175,1.1177,3.80,1.20
2010.06.15 01:09:52.680,1.1175,1.1177,10.20,1.00
2010.06.15 01:09:52.770,1.1176,1.1177,1.40,1.00
2010.06.15 01:09:52.859,1.1176,1.11775,1.40,2.00
2010.06.15 01:09:53.061,1.1176,1.11775,1.40,1.20
2010.06.15 01:09:53.153,1.1176,1.11775,1.40,1.00
2010.06.15 01:09:54.899,1.1176,1.1177,1.40,4.00
2010.06.15 01:09:54.962,1.1176,1.11765,1.40,4.80
2010.06.15 01:09:55.161,1.1175,1.11765,1.40,7.20
2010.06.15 01:09:55.282,1.1175,1.11765,1.00,7.20
2010.06.15 01:09:55.629,1.1174,1.11755,1.40,2.40
2010.06.15 01:09:55.974,1.11735,1.11755,1.40,2.40
2010.06.15 01:09:58.030,1.11735,1.1175,1.40,2.40
2010.06.15 01:09:58.362,1.11735,1.1175,1.00,2.40
2010.06.15 01:09:58.490,1.11735,1.11745,1.00,1.00
2010.06.15 01:10:01.023,1.11735,1.1175,1.00,5.60
2010.06.15 01:10:02.492,1.11735,1.1175,1.00,4.00
2010.06.15 01:10:02.701,1.11735,1.1175,1.00,2.40
2010.06.15 01:10:02.911,1.11735,1.1175,1.40,1.00
2010.06.15 01:10:03.251,1.11735,1.11755,3.80,2.80
2010.06.15 01:10:03.597,1.1174,1.11755,1.40,2.80
2010.06.15 01:10:03.940,1.1174,1.11755,1.40,1.60
2010.06.15 01:10:11.209,1.1174,1.11755,1.40,1.00
2010.06.15 01:10:12.102,1.1175,1.11765,1.40,1.00
2010.06.15 01:10:12.322,1.11755,1.1177,1.60,3.60
2010.06.15 01:10:12.543,1.1176,1.11775,1.40,2.40
2010.06.15 01:10:12.766,1.11765,1.1178,1.00,1.60
2010.06.15 01:10:12.989,1.1177,1.11785,1.40,2.00
2010.06.15 01:10:13.336,1.1177,1.1179,1.40,5.60
2010.06.15 01:10:13.687,1.1177,1.11785,1.40,2.40
2010.06.15 01:10:14.374,1.11765,1.1178,1.40,1.00
2010.06.15 01:10:15.051,1.11765,1.1178,1.40,2.40
2010.06.15 01:10:15.821,1.11765,1.11775,1.40,1.00
2010.06.15 01:10:16.083,1.11765,1.1177,1.00,1.00
2010.06.15 01:10:16.408,1.11755,1.11775,3.00,2.80
2010.06.15 01:10:16.735,1.1176,1.11775,1.40,1.00
2010.06.15 01:10:18.813,1.1176,1.1178,1.40,18.00
2010.06.15 01:10:19.050,1.1176,1.11775,1.00,1.60
2010.06.15 01:10:19.430,1.11755,1.11775,1.40,4.80
2010.06.15 01:10:19.703,1.11755,1.1177,1.40,1.00
2010.06.15 01:10:20.920,1.11755,1.1177,1.40,2.40
2010.06.15 01:10:21.451,1.1176,1.1178,1.40,4.00
2010.06.15 01:10:21.642,1.1176,1.1178,3.00,2.40
2010.06.15 01:10:21.831,1.1176,1.1178,4.60,1.00
2010.06.15 01:10:22.021,1.11765,1.11785,1.00,4.00
2010.06.15 01:10:22.263,1.11765,1.11785,1.40,5.20
2010.06.15 01:10:22.594,1.11765,1.11785,1.40,4.80
2010.06.15 01:10:22.921,1.11765,1.11785,1.40,6.40
2010.06.15 01:10:23.253,1.1176,1.1178,1.40,4.00
2010.06.15 01:10:23.585,1.1175,1.11765,4.80,4.80
2010.06.15 01:10:23.822,1.11745,1.11765,6.60,6.00
2010.06.15 01:10:24.052,1.1175,1.11765,1.00,4.00
2010.06.15 01:10:24.283,1.11755,1.11765,1.00,2.40
2010.06.15 01:10:24.561,1.11755,1.1177,1.00,2.40
2010.06.15 01:10:24.842,1.11755,1.11775,6.20,2.40
2010.06.15 01:10:25.121,1.11755,1.11775,7.00,1.00
2010.06.15 01:10:25.425,1.1176,1.11775,1.00,1.00
2010.06.15 01:10:25.707,1.1176,1.11775,1.00,1.60
2010.06.15 01:10:25.992,1.1176,1.11775,1.00,3.20
2010.06.15 01:10:26.275,1.1176,1.11775,1.40,1.00
2010.06.15 01:10:26.551,1.1176,1.11775,1.00,1.00
2010.06.15 01:10:26.891,1.1176,1.11775,1.40,2.40
2010.06.15 01:10:29.085,1.11765,1.1178,1.40,5.60
2010.06.15 01:10:30.996,1.11765,1.1178,1.40,4.00
2010.06.15 01:10:31.271,1.11765,1.1178,5.40,1.00
2010.06.15 01:10:31.511,1.11765,1.1178,1.40,1.00
2010.06.15 01:10:34.202,1.11765,1.11785,1.40,7.60
2010.06.15 01:10:34.413,1.11765,1.11785,5.40,3.20
2010.06.15 01:10:34.781,1.11765,1.1178,5.40,1.00
2010.06.15 01:10:35.183,1.11765,1.1178,1.40,1.00
2010.06.15 01:10:36.871,1.1177,1.11785,2.40,4.40
2010.06.15 01:10:37.122,1.1176,1.11785,8.60,7.60
2010.06.15 01:10:37.374,1.11765,1.11785,5.40,2.40
2010.06.15 01:10:37.622,1.1177,1.11785,1.40,1.00
2010.06.15 01:10:45.172,1.1177,1.11785,3.00,1.00
2010.06.15 01:10:45.584,1.11775,1.1179,1.40,1.00
2010.06.15 01:10:49.888,1.11775,1.11795,2.20,9.20
2010.06.15 01:10:50.130,1.11775,1.11795,2.20,5.20
2010.06.15 01:10:50.310,1.11775,1.11795,2.20,4.80
2010.06.15 01:10:50.493,1.11775,1.1179,1.40,1.00
2010.06.15 01:10:50.675,1.11775,1.1179,1.00,3.20
2010.06.15 01:10:50.855,1.11775,1.1179,1.00,1.60
2010.06.15 01:10:51.035,1.11775,1.1179,1.40,1.00
2010.06.15 01:10:52.354,1.1178,1.11795,1.40,2.00
2010.06.15 01:10:52.511,1.1178,1.11795,1.40,1.60
2010.06.15 01:10:54.674,1.1178,1.1179,1.40,1.00
2010.06.15 01:10:54.901,1.1178,1.1179,1.00,3.60
2010.06.15 01:10:55.121,1.11775,1.1179,1.40,3.60
2010.06.15 01:10:55.590,1.11775,1.1179,1.40,4.40
2010.06.15 01:10:56.273,1.11775,1.1178,1.40,1.00
2010.06.15 01:10:56.614,1.1177,1.11785,2.20,8.40
2010.06.15 01:10:56.813,1.1177,1.1178,1.00,1.00
2010.06.15 01:10:57.010,1.1176,1.1178,3.40,1.00
2010.06.15 01:10:57.210,1.1176,1.1178,3.80,1.00
2010.06.15 01:10:57.410,1.11765,1.1178,1.40,1.00
2010.06.15 01:11:00.754,1.11765,1.11785,3.00,1.00
2010.06.15 01:11:01.041,1.1177,1.11785,1.40,1.00
2010.06.15 01:11:04.873,1.1177,1.1178,1.40,1.00
2010.06.15 01:11:05.043,1.11765,1.1178,1.40,1.00
2010.06.15 01:11:05.753,1.1177,1.11785,1.00,6.00
2010.06.15 01:11:06.023,1.1177,1.11785,1.40,1.00
2010.06.15 01:11:06.292,1.11775,1.11785,1.40,1.00
2010.06.15 01:11:07.222,1.11775,1.11785,1.00,1.60
2010.06.15 01:11:07.537,1.11765,1.11785,2.40,2.40
2010.06.15 01:11:07.813,1.1177,1.11785,1.00,1.60
2010.06.15 01:11:09.323,1.1177,1.1179,1.00,1.60
2010.06.15 01:11:09.660,1.1177,1.1179,1.60,1.60
2010.06.15 01:11:09.982,1.1177,1.11785,1.00,2.80
2010.06.15 01:11:10.140,1.1177,1.1178,1.00,1.60
2010.06.15 01:11:10.300,1.1176,1.1178,4.20,2.40
2010.06.15 01:11:10.460,1.1176,1.11775,3.80,1.00
2010.06.15 01:11:12.382,1.1176,1.11775,1.60,1.00
2010.06.15 01:11:12.895,1.1176,1.11775,1.60,1.60
2010.06.15 01:11:13.403,1.1176,1.11775,1.60,2.40
2010.06.15 01:11:13.500,1.11755,1.1177,2.40,1.60
2010.06.15 01:11:14.931,1.11755,1.1177,1.60,1.60
2010.06.15 01:11:16.961,1.11755,1.1177,2.20,1.00
2010.06.15 01:11:18.781,1.11755,1.1177,1.00,1.60
2010.06.15 01:11:19.355,1.1175,1.1177,3.00,2.40
2010.06.15 01:11:19.808,1.11755,1.1177,1.60,1.60
2010.06.15 01:11:20.033,1.11755,1.1177,1.00,1.60
2010.06.15 01:11:21.564,1.11755,1.1177,1.40,1.00
2010.06.15 01:11:24.748,1.1175,1.11755,6.60,1.00
2010.06.15 01:11:24.833,1.11755,1.11765,1.00,2.40
2010.06.15 01:11:24.880,1.1175,1.1176,2.80,1.00
2010.06.15 01:11:24.930,1.1175,1.1176,1.00,1.20
2010.06.15 01:11:25.154,1.1175,1.1177,2.40,3.20
2010.06.15 01:11:25.202,1.1175,1.11765,1.60,1.00
2010.06.15 01:11:25.304,1.1175,1.11765,1.60,2.40
2010.06.15 01:11:25.470,1.11745,1.11765,6.20,2.40
2010.06.15 01:11:25.811,1.11745,1.11765,2.20,2.40
2010.06.15 01:11:26.150,1.11745,1.1176,2.20,1.00
2010.06.15 01:11:27.064,1.11745,1.11755,3.20,1.00
2010.06.15 01:11:27.302,1.11745,1.1176,2.40,1.00
2010.06.15 01:11:27.531,1.1175,1.11765,1.60,3.20
2010.06.15 01:11:27.760,1.11745,1.11765,3.00,3.20
2010.06.15 01:11:29.687,1.11745,1.1176,2.20,1.00
2010.06.15 01:11:29.924,1.1174,1.1176,3.00,2.40
2010.06.15 01:11:30.382,1.1174,1.11755,3.00,1.00
2010.06.15 01:11:34.099,1.1174,1.11755,3.80,1.00
2010.06.15 01:11:34.150,1.1174,1.11755,2.20,1.00
2010.06.15 01:11:34.241,1.1174,1.11755,2.20,2.40
2010.06.15 01:11:34.290,1.1174,1.11755,1.00,2.40
2010.06.15 01:11:34.392,1.11735,1.11755,10.20,2.40
2010.06.15 01:11:34.441,1.11735,1.11755,14.20,2.40
2010.06.15 01:11:34.606,1.11735,1.11755,10.20,2.40
2010.06.15 01:11:34.670,1.11735,1.11755,3.00,2.40
2010.06.15 01:11:34.761,1.11735,1.1175,3.00,1.00
2010.06.15 01:11:36.161,1.11735,1.1175,2.20,1.00
2010.06.15 01:11:36.500,1.11735,1.1175,2.20,1.60
2010.06.15 01:11:36.670,1.11735,1.1175,1.00,1.60
2010.06.15 01:11:36.841,1.1173,1.1175,3.00,2.40
2010.06.15 01:11:38.790,1.1173,1.1175,8.60,1.60
2010.06.15 01:11:38.840,1.1173,1.1175,9.00,1.60
2010.06.15 01:11:38.989,1.1173,1.1175,11.40,1.60
2010.06.15 01:11:40.282,1.11735,1.1175,1.00,1.00
2010.06.15 01:11:42.442,1.11735,1.1175,1.00,1.60
2010.06.15 01:11:42.740,1.11735,1.11745,1.00,1.50
2010.06.15 01:11:42.840,1.1173,1.1174,1.60,1.00
2010.06.15 01:11:43.040,1.11725,1.1174,13.80,1.00
2010.06.15 01:11:43.139,1.11725,1.1174,13.40,1.00
2010.06.15 01:11:43.240,1.11725,1.11745,15.00,1.90
2010.06.15 01:11:43.560,1.11735,1.11745,1.40,1.50
2010.06.15 01:11:43.758,1.11735,1.1175,1.40,1.00
2010.06.15 01:11:45.704,1.11735,1.11755,1.40,8.00
2010.06.15 01:11:45.975,1.11735,1.1175,1.00,1.60
2010.06.15 01:11:49.709,1.11735,1.1175,1.00,2.40
2010.06.15 01:11:51.290,1.11735,1.1175,2.20,1.60
2010.06.15 01:11:51.453,1.11735,1.1175,2.20,2.40
2010.06.15 01:11:51.611,1.11735,1.1175,3.00,1.00
2010.06.15 01:11:51.772,1.11735,1.11745,1.00,1.00
2010.06.15 01:11:52.112,1.1173,1.1175,3.00,2.40
2010.06.15 01:11:57.568,1.1173,1.1175,1.40,2.40
2010.06.15 01:11:57.731,1.1173,1.11745,1.40,1.00
2010.06.15 01:11:58.061,1.1173,1.11735,1.40,1.00
2010.06.15 01:11:58.170,1.11725,1.1173,3.20,1.00
2010.06.15 01:11:58.283,1.1172,1.1173,3.60,1.00
2010.06.15 01:11:58.391,1.11725,1.11735,1.00,1.60
2010.06.15 01:11:58.636,1.11725,1.11745,1.40,3.10
2010.06.15 01:11:58.744,1.11725,1.11745,1.40,2.80
2010.06.15 01:11:59.361,1.11725,1.11745,1.40,4.00
2010.06.15 01:12:00.020,1.1173,1.11745,1.00,2.40
2010.06.15 01:12:00.300,1.1173,1.11745,1.00,1.60
2010.06.15 01:12:00.553,1.1173,1.1175,6.20,5.20
2010.06.15 01:12:00.693,1.1173,1.1175,9.00,1.60
2010.06.15 01:12:00.831,1.1173,1.11755,9.00,5.60
2010.06.15 01:12:00.970,1.11735,1.11755,1.00,4.80
2010.06.15 01:12:01.111,1.11735,1.11755,2.20,3.20
2010.06.15 01:12:01.250,1.11735,1.11755,2.20,4.80
2010.06.15 01:12:01.570,1.11735,1.11755,2.20,3.20
2010.06.15 01:12:02.512,1.11735,1.1175,1.40,1.00
2010.06.15 01:12:02.959,1.11735,1.1175,1.00,1.00
2010.06.15 01:12:06.134,1.11735,1.1175,1.00,2.40
2010.06.15 01:12:06.350,1.11735,1.1175,1.00,1.60
2010.06.15 01:12:08.255,1.11735,1.1175,1.00,1.00
2010.06.15 01:12:08.391,1.11735,1.11755,1.40,4.00
2010.06.15 01:12:08.463,1.11735,1.11755,1.40,2.40
2010.06.15 01:12:08.600,1.11735,1.11755,3.00,1.60
2010.06.15 01:12:08.670,1.11735,1.11755,4.60,1.60
2010.06.15 01:12:09.195,1.1174,1.11755,1.40,1.00
2010.06.15 01:12:13.271,1.1174,1.11755,1.40,1.60
2010.06.15 01:12:13.529,1.1174,1.11755,1.40,3.60
2010.06.15 01:12:13.920,1.1174,1.11755,1.40,4.40
2010.06.15 01:12:14.049,1.1174,1.11755,1.00,4.40
2010.06.15 01:12:15.279,1.1174,1.11755,1.00,4.70
2010.06.15 01:12:15.940,1.1174,1.11755,1.00,3.90
2010.06.15 01:12:16.161,1.1174,1.11755,1.00,3.10
2010.06.15 01:12:16.472,1.1174,1.11755,1.00,1.60
2010.06.15 01:12:16.691,1.1174,1.11755,1.40,1.00
2010.06.15 01:12:17.343,1.1174,1.1176,1.40,2.40
2010.06.15 01:12:17.515,1.11745,1.1176,1.00,1.60
2010.06.15 01:12:19.001,1.1174,1.1176,2.20,2.40
2010.06.15 01:12:22.031,1.1174,1.1176,1.40,12.80
2010.06.15 01:12:22.209,1.1174,1.11755,1.40,1.00
2010.06.15 01:12:22.390,1.1174,1.11755,1.00,1.00
2010.06.15 01:12:24.079,1.1174,1.11755,1.00,2.40
2010.06.15 01:12:24.160,1.1174,1.11755,1.00,3.20
2010.06.15 01:12:24.310,1.1174,1.11755,1.00,11.20
2010.06.15 01:12:24.460,1.1174,1.11755,1.00,13.60
2010.06.15 01:12:25.443,1.1174,1.11755,1.00,12.00
2010.06.15 01:12:26.923,1.11735,1.11755,3.00,12.80
2010.06.15 01:12:27.244,1.11735,1.11755,2.20,12.80
2010.06.15 01:12:27.482,1.11735,1.1175,2.20,1.00
2010.06.15 01:12:27.715,1.11735,1.1175,3.00,1.00
2010.06.15 01:12:27.956,1.11735,1.11755,3.00,2.40
2010.06.15 01:12:28.474,1.11735,1.11755,3.80,2.40
2010.06.15 01:12:28.753,1.1174,1.11755,1.60,1.60
2010.06.15 01:12:29.031,1.1174,1.1176,2.20,4.70
2010.06.15 01:12:29.311,1.1174,1.1176,3.00,4.70
2010.06.15 01:12:31.137,1.1174,1.1176,1.40,5.10
2010.06.15 01:12:32.810,1.1174,1.1176,3.00,4.70
2010.06.15 01:12:34.721,1.1174,1.1176,3.80,3.10
2010.06.15 01:12:34.871,1.1174,1.1176,3.80,1.60
2010.06.15 01:12:34.977,1.1174,1.1176,3.80,1.00
2010.06.15 01:12:35.073,1.1174,1.11765,3.80,10.30
2010.06.15 01:12:35.172,1.1174,1.11765,3.80,6.30
2010.06.15 01:12:36.553,1.11745,1.11765,3.00,4.70
2010.06.15 01:12:39.050,1.11745,1.11765,2.20,6.30
2010.06.15 01:12:39.460,1.11745,1.11765,1.00,6.30
2010.06.15 01:12:45.489,1.1174,1.11755,1.60,3.10
2010.06.15 01:12:45.671,1.11745,1.11755,1.40,3.10
2010.06.15 01:12:46.041,1.11745,1.11755,1.60,1.60
2010.06.15 01:12:46.230,1.1174,1.11755,3.00,1.60
2010.06.15 01:12:47.890,1.1174,1.11755,1.60,3.10
2010.06.15 01:12:48.122,1.11745,1.11755,1.00,2.30
2010.06.15 01:12:48.271,1.11745,1.11755,1.00,1.00
2010.06.15 01:12:48.571,1.11745,1.1176,2.20,1.60
2010.06.15 01:12:48.720,1.11745,1.11765,2.20,6.30
2010.06.15 01:12:49.780,1.11745,1.11755,2.20,3.10
2010.06.15 01:12:50.014,1.11745,1.1176,1.00,2.80
2010.06.15 01:12:50.226,1.11745,1.1176,2.20,1.00
2010.06.15 01:12:50.433,1.11745,1.11765,2.20,6.30
2010.06.15 01:12:52.111,1.11745,1.11755,2.20,1.60
2010.06.15 01:12:52.314,1.1174,1.11755,6.40,2.30
2010.06.15 01:12:52.521,1.11745,1.1176,2.20,1.60
2010.06.15 01:12:52.720,1.11745,1.11755,2.20,1.00
2010.06.15 01:12:53.120,1.11745,1.11765,2.20,6.30
2010.06.15 01:12:53.781,1.11745,1.11755,1.60,1.60
2010.06.15 01:12:53.922,1.1174,1.1175,1.60,4.00
2010.06.15 01:12:54.060,1.1174,1.1175,1.60,6.50
2010.06.15 01:12:54.742,1.11735,1.1175,2.20,6.50
2010.06.15 01:12:55.012,1.1174,1.1175,1.00,6.50
2010.06.15 01:12:55.284,1.11745,1.11755,1.00,4.40
2010.06.15 01:12:55.580,1.11745,1.11755,1.00,1.00
2010.06.15 01:12:55.741,1.11745,1.1176,1.00,1.00
2010.06.15 01:13:02.020,1.11745,1.1176,2.20,1.00
2010.06.15 01:13:03.974,1.11745,1.1176,2.20,1.60
2010.06.15 01:13:04.280,1.11745,1.1176,1.00,1.60
2010.06.15 01:13:04.640,1.11745,1.11755,1.00,2.40
2010.06.15 01:13:04.761,1.1174,1.1175,1.60,3.10
2010.06.15 01:13:04.880,1.1174,1.1175,1.60,10.30
2010.06.15 01:13:05.123,1.11735,1.1175,2.20,10.30
2010.06.15 01:13:05.805,1.1174,1.11755,2.20,4.40
2010.06.15 01:13:06.154,1.1174,1.11755,3.00,1.00
2010.06.15 01:13:06.451,1.1174,1.1176,3.00,4.30
2010.06.15 01:13:08.201,1.1174,1.1176,3.00,3.90
2010.06.15 01:13:09.791,1.1174,1.1176,4.60,2.30
2010.06.15 01:13:09.951,1.1174,1.1176,4.60,1.90
2010.06.15 01:13:09.990,1.1175,1.1176,1.60,1.90
2010.06.15 01:13:10.071,1.1175,1.1176,2.20,1.10
2010.06.15 01:13:10.385,1.1175,1.11765,1.00,1.90
2010.06.15 01:13:10.675,1.1175,1.1176,1.00,1.00
2010.06.15 01:13:13.181,1.11745,1.1175,3.00,1.00
2010.06.15 01:13:13.524,1.1174,1.1175,1.60,8.00
2010.06.15 01:13:13.629,1.11735,1.1175,2.20,8.00
2010.06.15 01:13:13.928,1.1173,1.1174,1.60,5.60
2010.06.15 01:13:14.037,1.11725,1.1174,4.80,4.00
2010.06.15 01:13:14.279,1.1173,1.1174,2.20,6.40
2010.06.15 01:13:14.396,1.11735,1.1175,1.00,2.00
2010.06.15 01:13:14.743,1.11735,1.1175,1.40,1.00
2010.06.15 01:13:16.104,1.11735,1.1175,2.20,1.00
2010.06.15 01:13:16.732,1.1174,1.11755,1.60,2.40
2010.06.15 01:13:18.530,1.11735,1.11755,3.80,2.40
2010.06.15 01:13:18.711,1.11735,1.11755,3.00,2.40
2010.06.15 01:13:19.011,1.11735,1.1175,3.00,1.00
2010.06.15 01:13:19.310,1.11735,1.1175,2.20,1.00
2010.06.15 01:13:20.981,1.11735,1.11755,3.00,2.40
2010.06.15 01:13:21.402,1.1174,1.11755,1.60,1.60
2010.06.15 01:13:21.616,1.1174,1.1176,3.00,3.10
2010.06.15 01:13:22.157,1.1175,1.1176,1.00,1.00
2010.06.15 01:13:22.483,1.1175,1.11765,2.20,2.70
2010.06.15 01:13:22.805,1.11755,1.11765,1.00,1.00
2010.06.15 01:13:23.133,1.1176,1.1177,1.00,1.00
2010.06.15 01:13:23.474,1.1176,1.11765,1.00,1.00
2010.06.15 01:13:23.815,1.11755,1.11765,1.00,1.00
2010.06.15 01:13:25.975,1.11755,1.1176,1.00,1.00
2010.06.15 01:13:26.305,1.1175,1.1176,2.20,1.00
2010.06.15 01:13:26.974,1.1175,1.1176,1.00,1.00
2010.06.15 01:13:27.990,1.1175,1.1176,1.00,2.00
2010.06.15 01:13:28.466,1.1175,1.1176,1.00,13.10
2010.06.15 01:13:28.573,1.11745,1.1176,1.60,1.00
2010.06.15 01:13:29.241,1.1175,1.1176,1.60,1.00
2010.06.15 01:13:29.442,1.11755,1.1177,1.60,4.40
2010.06.15 01:13:29.642,1.11755,1.1177,2.40,1.00
2010.06.15 01:13:29.841,1.11755,1.11775,3.00,2.00
2010.06.15 01:13:30.039,1.11755,1.11775,1.40,2.00
2010.06.15 01:13:30.272,1.11755,1.11775,3.00,1.60
2010.06.15 01:13:30.941,1.1176,1.11775,1.00,1.00
2010.06.15 01:13:31.172,1.1176,1.11775,2.40,1.00
2010.06.15 01:13:31.350,1.1176,1.11775,3.80,1.00
2010.06.15 01:13:32.416,1.1176,1.11775,1.40,1.00
2010.06.15 01:13:32.704,1.1176,1.11775,1.00,1.00
2010.06.15 01:13:33.553,1.11755,1.1177,1.80,1.00
2010.06.15 01:13:33.682,1.11755,1.1177,1.40,1.00
2010.06.15 01:13:35.633,1.11755,1.11775,3.00,2.40
2010.06.15 01:13:38.850,1.11755,1.11765,3.00,1.00
2010.06.15 01:13:39.114,1.1175,1.11765,2.40,1.00
2010.06.15 01:13:39.310,1.1175,1.11765,1.60,1.00
2010.06.15 01:13:40.820,1.11755,1.1177,1.00,2.00
2010.06.15 01:13:40.970,1.11755,1.1177,3.00,1.00
2010.06.15 01:13:41.230,1.11755,1.11775,3.00,2.80
2010.06.15 01:13:41.619,1.11755,1.11775,3.00,2.40
2010.06.15 01:13:42.546,1.1176,1.1178,1.00,3.20
2010.06.15 01:13:43.280,1.1176,1.11775,1.00,3.10
2010.06.15 01:13:43.622,1.1176,1.1178,1.00,16.00
2010.06.15 01:13:43.961,1.1176,1.1178,1.00,3.20
2010.06.15 01:13:45.310,1.1176,1.1178,1.00,1.60
2010.06.15 01:13:45.671,1.11765,1.1178,1.00,1.60
2010.06.15 01:13:58.461,1.11765,1.1178,1.00,1.00
2010.06.15 01:13:58.786,1.11765,1.1178,10.20,1.00
2010.06.15 01:13:58.855,1.11765,1.1178,11.00,1.60
2010.06.15 01:13:59.064,1.11765,1.1178,8.00,1.00
2010.06.15 01:13:59.259,1.1176,1.1178,3.00,1.00
2010.06.15 01:14:01.323,1.1176,1.1178,7.00,1.00
2010.06.15 01:14:02.453,1.11765,1.11785,1.40,3.50
2010.06.15 01:14:02.730,1.11765,1.11785,3.00,1.00
2010.06.15 01:14:05.603,1.11765,1.11785,1.60,4.80
2010.06.15 01:14:05.765,1.1176,1.1178,7.00,1.00
2010.06.15 01:14:05.920,1.1176,1.1178,3.00,1.00
2010.06.15 01:14:07.080,1.1176,1.11785,4.60,7.50
2010.06.15 01:14:07.372,1.11765,1.11785,1.00,1.90
2010.06.15 01:14:07.491,1.11765,1.11785,2.40,1.10
2010.06.15 01:14:07.610,1.11765,1.11785,3.80,1.00
2010.06.15 01:14:07.777,1.11765,1.11785,4.60,1.00
2010.06.15 01:14:07.892,1.1177,1.1179,3.00,5.60
2010.06.15 01:14:08.201,1.1177,1.1179,1.40,5.60
2010.06.15 01:14:08.541,1.1177,1.1179,1.40,5.90
2010.06.15 01:14:08.761,1.1177,1.11785,1.00,1.00
2010.06.15 01:14:11.311,1.1177,1.11785,1.00,2.40
2010.06.15 01:14:11.452,1.11765,1.11785,1.40,5.10
2010.06.15 01:14:11.850,1.11765,1.1178,1.00,1.00
2010.06.15 01:14:14.171,1.11765,1.1178,1.00,1.60
2010.06.15 01:14:21.980,1.11765,1.1178,2.20,1.00
2010.06.15 01:14:22.221,1.11765,1.11785,3.00,5.50
2010.06.15 01:14:22.531,1.11765,1.11785,3.00,4.70
2010.06.15 01:14:28.781,1.11765,1.11785,3.80,1.60
2010.06.15 01:14:35.212,1.11765,1.11785,3.80,1.00
2010.06.15 01:14:35.249,1.1177,1.11785,1.00,1.00
2010.06.15 01:14:47.748,1.1177,1.11785,1.40,1.00
2010.06.15 01:14:47.891,1.1177,1.1179,1.40,4.70
2010.06.15 01:14:49.102,1.1177,1.1179,1.00,4.70
2010.06.15 01:14:49.250,1.11765,1.1179,3.80,4.70
2010.06.15 01:14:49.790,1.1177,1.1179,1.60,4.70
2010.06.15 01:14:51.220,1.11765,1.1179,3.80,4.70
2010.06.15 01:14:51.510,1.11765,1.11785,3.80,1.00
2010.06.15 01:14:51.800,1.11765,1.11785,3.80,1.60
2010.06.15 01:14:52.761,1.1177,1.11785,1.00,1.60
2010.06.15 01:14:53.163,1.1177,1.1179,3.80,1.60
2010.06.15 01:14:53.481,1.1177,1.1179,3.80,1.00
2010.06.15 01:14:53.802,1.11775,1.1179,1.00,1.00
2010.06.15 01:14:57.081,1.11775,1.1179,1.00,2.40
2010.06.15 01:14:57.264,1.11775,1.1179,1.00,3.90
2010.06.15 01:14:58.045,1.1177,1.1179,3.00,4.70
2010.06.15 01:14:58.874,1.1177,1.1179,3.80,3.10
2010.06.15 01:14:58.982,1.1177,1.1179,3.80,1.60
2010.06.15 01:14:59.542,1.11775,1.1179,1.00,1.00
2010.06.15 01:14:59.740,1.11775,1.11795,1.00,5.40
2010.06.15 01:15:00.041,1.11775,1.11795,1.00,3.10
2010.06.15 01:15:00.343,1.11775,1.11795,1.40,3.10
2010.06.15 01:15:00.643,1.11775,1.11795,3.80,3.10
2010.06.15 01:15:01.271,1.11775,1.11795,3.80,2.40
2010.06.15 01:15:01.602,1.1178,1.11795,1.40,1.60
2010.06.15 01:15:12.568,1.1178,1.11795,3.00,1.60
2010.06.15 01:15:12.772,1.1178,1.11795,3.80,1.00
2010.06.15 01:15:13.070,1.11785,1.118,1.00,3.20
2010.06.15 01:15:13.405,1.11785,1.118,1.00,2.40
2010.06.15 01:15:13.514,1.11785,1.118,1.00,1.60
2010.06.15 01:15:14.670,1.11785,1.118,1.00,1.00
2010.06.15 01:15:15.011,1.11785,1.11805,1.00,6.30
2010.06.15 01:15:15.404,1.1179,1.118,1.00,1.00
2010.06.15 01:15:17.490,1.1179,1.11805,1.00,3.20
2010.06.15 01:15:17.740,1.1179,1.11805,1.00,1.60
2010.06.15 01:15:18.290,1.1179,1.118,1.00,1.00
2010.06.15 01:15:20.639,1.11785,1.118,1.40,1.00
2010.06.15 01:15:20.981,1.11785,1.118,2.20,1.00
2010.06.15 01:15:21.281,1.1179,1.118,1.00,1.00
2010.06.15 01:15:24.199,1.11785,1.118,3.80,1.00
2010.06.15 01:15:24.370,1.11785,1.118,2.20,1.00
2010.06.15 01:15:25.161,1.1179,1.11805,1.00,1.20
2010.06.15 01:15:25.432,1.11795,1.1181,2.20,12.70
2010.06.15 01:15:25.581,1.11795,1.1181,2.20,7.90
2010.06.15 01:15:25.730,1.11795,1.1181,1.00,5.60
2010.06.15 01:15:25.882,1.11795,1.118,1.00,4.00
2010.06.15 01:15:26.117,1.11795,1.1181,1.00,10.30
2010.06.15 01:15:26.270,1.118,1.1181,1.00,1.10
2010.06.15 01:15:26.614,1.118,1.11815,1.40,2.80
2010.06.15 01:15:26.951,1.118,1.11815,1.40,1.00
2010.06.15 01:15:27.294,1.11805,1.1182,1.00,4.60
2010.06.15 01:15:27.563,1.11805,1.1182,1.00,3.00
2010.06.15 01:15:28.489,1.11805,1.1182,1.00,3.00
2010.06.15 01:15:31.970,1.11805,1.1182,1.00,3.80
2010.06.15 01:15:32.069,1.11805,1.1182,1.00,4.60
2010.06.15 01:15:33.869,1.11805,1.11815,1.00,2.70
2010.06.15 01:15:34.234,1.118,1.11815,1.40,3.50
2010.06.15 01:15:34.456,1.118,1.11815,1.00,3.50
2010.06.15 01:15:37.212,1.118,1.11815,1.00,1.90
2010.06.15 01:15:37.320,1.118,1.11815,1.00,1.00
2010.06.15 01:15:37.574,1.118,1.1182,2.20,3.80
2010.06.15 01:15:37.692,1.11805,1.1182,1.40,1.00
2010.06.15 01:15:45.930,1.11805,1.11825,2.20,2.00
2010.06.15 01:15:46.150,1.11805,1.11825,6.20,1.60
2010.06.15 01:15:46.248,1.11805,1.11825,14.20,1.60
2010.06.15 01:15:46.341,1.11805,1.11825,14.20,1.00
2010.06.15 01:15:47.530,1.11825,1.1184,1.00,3.20
2010.06.15 01:15:47.835,1.1182,1.1183,7.20,1.00
2010.06.15 01:15:48.144,1.11825,1.11835,1.00,1.00
2010.06.15 01:15:49.083,1.1182,1.11835,1.00,1.00
2010.06.15 01:15:49.427,1.11825,1.1184,1.00,2.40
2010.06.15 01:15:49.776,1.1182,1.1184,2.20,2.40
2010.06.15 01:15:50.260,1.11835,1.1184,1.00,1.00
2010.06.15 01:15:50.610,1.11825,1.1184,1.00,1.00
2010.06.15 01:15:55.430,1.1183,1.1184,1.00,1.00
2010.06.15 01:15:55.850,1.1183,1.11845,1.00,1.90
2010.06.15 01:15:56.992,1.1183,1.1184,1.00,1.00
2010.06.15 01:15:57.480,1.1183,1.1184,1.00,1.60
2010.06.15 01:15:57.871,1.11825,1.11835,10.40,1.00
2010.06.15 01:15:58.137,1.11825,1.1184,4.80,1.60
2010.06.15 01:15:58.370,1.1183,1.11845,1.40,2.80
2010.06.15 01:15:58.845,1.11825,1.11845,3.00,1.60
2010.06.15 01:15:59.633,1.11825,1.11845,3.00,2.40
2010.06.15 01:16:00.312,1.1183,1.11845,8.80,1.60
2010.06.15 01:16:00.574,1.1183,1.11845,12.80,1.00
2010.06.15 01:16:00.831,1.1183,1.11845,13.40,1.00
2010.06.15 01:16:01.352,1.11835,1.11845,1.00,1.00
2010.06.15 01:16:01.612,1.11835,1.11855,13.40,2.70
2010.06.15 01:16:01.945,1.11835,1.11855,14.20,2.70
2010.06.15 01:16:02.224,1.11845,1.11855,1.00,1.00
2010.06.15 01:16:02.570,1.1184,1.1186,3.80,1.60
2010.06.15 01:16:02.978,1.11845,1.1186,1.00,1.60
2010.06.15 01:16:03.327,1.1184,1.1186,11.80,2.40
2010.06.15 01:16:03.675,1.11835,1.11855,3.00,2.40
2010.06.15 01:16:04.082,1.1183,1.1185,5.80,1.60
2010.06.15 01:16:04.424,1.1183,1.1185,5.00,1.60
2010.06.15 01:16:04.716,1.1183,1.11845,5.00,1.00
2010.06.15 01:16:05.584,1.1183,1.11845,3.40,1.00
2010.06.15 01:16:05.863,1.1183,1.11845,3.00,1.00
2010.06.15 01:16:07.093,1.1183,1.11845,3.60,1.60
2010.06.15 01:16:07.432,1.1183,1.1185,15.40,1.60
2010.06.15 01:16:08.430,1.11835,1.1185,1.00,1.00
2010.06.15 01:16:09.086,1.11835,1.1185,1.00,1.60
2010.06.15 01:16:09.222,1.1183,1.1185,5.40,2.40
2010.06.15 01:16:09.344,1.1183,1.1185,1.60,2.40
2010.06.15 01:16:09.947,1.1183,1.11845,7.00,1.00
2010.06.15 01:16:10.637,1.11835,1.1185,5.20,1.60
2010.06.15 01:16:10.923,1.1183,1.1185,4.60,1.60
2010.06.15 01:16:11.210,1.1183,1.1185,12.60,2.40
2010.06.15 01:16:11.497,1.1184,1.1185,2.40,1.60
2010.06.15 01:16:11.844,1.1184,1.11855,7.00,1.10
2010.06.15 01:16:12.182,1.1184,1.1186,11.00,4.00
2010.06.15 01:16:12.522,1.1184,1.1186,14.20,3.20
2010.06.15 01:16:12.780,1.11845,1.1186,1.60,3.20
2010.06.15 01:16:13.041,1.11845,1.1186,1.60,2.40
2010.06.15 01:16:14.856,1.11845,1.1186,1.60,3.20
2010.06.15 01:16:15.043,1.1184,1.1186,11.80,3.20
2010.06.15 01:16:15.253,1.1184,1.1186,3.80,3.20
2010.06.15 01:16:17.420,1.1184,1.1186,3.00,3.20
2010.06.15 01:16:18.201,1.1184,1.11855,3.00,1.00
2010.06.15 01:16:19.420,1.1184,1.11855,2.40,1.00
2010.06.15 01:16:19.460,1.1184,1.11855,1.60,1.60
2010.06.15 01:16:19.500,1.11835,1.11855,14.60,1.60
2010.06.15 01:16:19.555,1.11835,1.11855,14.20,1.60
2010.06.15 01:16:22.764,1.1184,1.11855,1.00,1.00
2010.06.15 01:16:23.232,1.1184,1.1185,1.60,1.00
2010.06.15 01:16:23.464,1.11835,1.1185,12.00,1.50
2010.06.15 01:16:23.720,1.11835,1.1185,9.60,1.50
2010.06.15 01:16:23.960,1.11835,1.11855,6.20,1.60
2010.06.15 01:16:24.196,1.1184,1.11855,1.00,1.60
2010.06.15 01:16:26.234,1.11835,1.11855,7.80,2.40
2010.06.15 01:16:26.442,1.11835,1.11855,3.80,2.40
2010.06.15 01:16:26.651,1.11835,1.1185,2.40,1.60
2010.06.15 01:16:29.040,1.1184,1.1185,1.00,1.60
2010.06.15 01:16:29.481,1.11835,1.1185,6.40,1.60
2010.06.15 01:16:29.689,1.11835,1.1185,2.40,1.60
2010.06.15 01:16:30.301,1.11835,1.1185,1.60,1.60
2010.06.15 01:16:30.513,1.1183,1.1185,11.80,1.60
2010.06.15 01:16:30.855,1.1183,1.1185,3.80,1.60
2010.06.15 01:16:31.690,1.1183,1.11845,3.00,1.00
2010.06.15 01:16:31.962,1.1183,1.11845,2.20,2.40
2010.06.15 01:16:32.232,1.11825,1.1184,3.80,1.00
2010.06.15 01:16:35.344,1.11825,1.1184,7.80,1.00
2010.06.15 01:16:35.700,1.11825,1.11845,7.80,3.20
2010.06.15 01:16:35.822,1.1183,1.11845,1.00,1.60
2010.06.15 01:16:36.284,1.1183,1.11845,1.40,1.60
2010.06.15 01:16:36.627,1.11825,1.11845,2.20,2.40
2010.06.15 01:16:36.974,1.11825,1.1184,1.40,1.00
2010.06.15 01:16:38.284,1.1182,1.11825,4.20,4.80
2010.06.15 01:16:38.443,1.11815,1.1182,2.40,1.00
2010.06.15 01:16:38.678,1.1181,1.1182,1.00,1.00
2010.06.15 01:16:38.861,1.118,1.11805,1.60,1.00
2010.06.15 01:16:39.031,1.1179,1.11795,2.40,1.00
2010.06.15 01:16:39.206,1.1179,1.11795,1.60,1.00
2010.06.15 01:16:39.560,1.11785,1.118,1.00,4.40
2010.06.15 01:16:40.068,1.11785,1.118,1.00,1.00
2010.06.15 01:16:40.416,1.1178,1.118,3.00,1.00
2010.06.15 01:16:42.362,1.1179,1.11805,1.00,2.80
2010.06.15 01:16:42.591,1.1179,1.11805,1.00,1.90
2010.06.15 01:16:43.849,1.11795,1.11805,3.20,1.90
2010.06.15 01:16:43.987,1.11795,1.11815,10.00,1.90
2010.06.15 01:16:44.130,1.118,1.11815,1.00,1.10
2010.06.15 01:16:45.004,1.118,1.11815,1.00,1.00
2010.06.15 01:16:45.457,1.118,1.1182,1.40,2.40
2010.06.15 01:16:46.615,1.11805,1.1182,1.00,1.00
2010.06.15 01:16:46.823,1.11805,1.11825,1.00,2.70
2010.06.15 01:16:47.033,1.11805,1.1182,1.00,1.00
2010.06.15 01:16:47.243,1.1181,1.11825,1.00,11.50
2010.06.15 01:16:47.452,1.1181,1.11825,1.00,5.90
2010.06.15 01:16:47.665,1.11815,1.11825,1.00,1.00
2010.06.15 01:16:48.015,1.1181,1.11825,1.00,1.00
2010.06.15 01:16:48.365,1.11805,1.11825,14.60,1.60
2010.06.15 01:16:48.838,1.11805,1.1182,1.40,1.00
2010.06.15 01:16:49.081,1.11805,1.1182,1.00,2.40
2010.06.15 01:16:49.571,1.118,1.1182,2.20,2.40
2010.06.15 01:16:49.820,1.118,1.1182,1.40,2.40
2010.06.15 01:16:54.604,1.11805,1.11825,1.40,10.70
2010.06.15 01:16:54.762,1.11805,1.11825,1.40,2.70
2010.06.15 01:16:56.521,1.11805,1.11825,5.40,2.70
2010.06.15 01:16:56.782,1.1181,1.11825,1.40,1.10
2010.06.15 01:16:57.040,1.11805,1.11825,1.40,1.00
2010.06.15 01:16:59.588,1.11805,1.11825,1.40,1.60
2010.06.15 01:17:01.002,1.11805,1.1182,1.40,1.00
2010.06.15 01:17:01.213,1.118,1.1182,3.80,1.00
2010.06.15 01:17:01.422,1.118,1.1182,3.00,1.00
2010.06.15 01:17:01.730,1.118,1.11825,4.60,6.30
2010.06.15 01:17:01.890,1.118,1.11825,5.40,3.10
2010.06.15 01:17:02.050,1.11805,1.11825,1.00,1.90
2010.06.15 01:17:02.209,1.11805,1.11825,1.40,1.90
2010.06.15 01:17:04.529,1.11805,1.11815,1.40,1.00
2010.06.15 01:17:04.731,1.11805,1.11815,1.00,1.00
2010.06.15 01:17:04.931,1.11805,1.1182,1.00,20.40
2010.06.15 01:17:05.132,1.1181,1.1182,1.00,4.80
2010.06.15 01:17:05.331,1.1181,1.11825,1.00,2.30
2010.06.15 01:17:05.675,1.1181,1.11825,1.00,1.00
2010.06.15 01:17:06.700,1.1181,1.1183,1.00,6.40
2010.06.15 01:17:10.941,1.11815,1.1183,1.00,4.00
2010.06.15 01:17:11.084,1.1182,1.1183,1.00,1.60
2010.06.15 01:17:11.719,1.11825,1.1183,1.00,1.00
2010.06.15 01:17:12.046,1.1182,1.11835,1.00,1.00
2010.06.15 01:17:13.012,1.1182,1.11835,1.00,1.60
2010.06.15 01:17:13.336,1.1182,1.11835,1.00,2.80
2010.06.15 01:17:13.902,1.1182,1.1183,1.00,1.00
2010.06.15 01:17:14.182,1.11815,1.1183,1.00,1.00
2010.06.15 01:17:17.911,1.1182,1.1183,1.00,1.00
2010.06.15 01:17:21.599,1.11805,1.11815,8.60,4.80
2010.06.15 01:17:21.816,1.11805,1.11815,3.80,8.00
2010.06.15 01:17:22.034,1.1181,1.1182,1.00,1.60
2010.06.15 01:17:22.373,1.1181,1.11825,1.00,1.20
2010.06.15 01:17:22.712,1.1181,1.11825,1.40,1.00
2010.06.15 01:17:25.459,1.1181,1.11825,1.00,1.00
2010.06.15 01:17:25.919,1.1181,1.11825,1.00,1.60
2010.06.15 01:17:27.841,1.1181,1.11825,2.20,1.60
2010.06.15 01:17:28.011,1.11815,1.11825,1.00,1.00
2010.06.15 01:17:28.185,1.1181,1.11825,7.00,1.00
2010.06.15 01:17:28.433,1.11815,1.11825,1.00,1.00
2010.06.15 01:17:28.930,1.1181,1.11825,1.00,1.00
2010.06.15 01:17:32.373,1.1181,1.1182,1.00,1.00
2010.06.15 01:17:32.852,1.11805,1.1182,1.00,1.00
2010.06.15 01:17:36.982,1.11805,1.11825,1.00,2.80
2010.06.15 01:17:37.312,1.1181,1.11825,1.00,1.00
2010.06.15 01:17:37.644,1.11815,1.1183,1.00,4.00
2010.06.15 01:17:37.852,1.11815,1.1183,1.00,1.60
2010.06.15 01:17:38.583,1.11815,1.1183,1.00,1.00
2010.06.15 01:17:47.731,1.11815,1.11825,1.00,1.00
2010.06.15 01:17:48.075,1.1181,1.11825,1.40,1.00
2010.06.15 01:17:48.421,1.1181,1.11825,1.40,1.60
2010.06.15 01:17:50.191,1.1181,1.11825,2.20,1.00
2010.06.15 01:17:50.436,1.1181,1.11825,1.40,1.60
2010.06.15 01:17:50.471,1.1181,1.1182,1.40,1.00
2010.06.15 01:17:50.509,1.1181,1.1182,1.00,1.00
2010.06.15 01:17:50.549,1.11805,1.1182,2.20,1.00
2010.06.15 01:17:50.769,1.11805,1.1182,1.40,1.00
2010.06.15 01:17:50.931,1.11805,1.11825,1.40,6.40
2010.06.15 01:17:50.969,1.11805,1.11825,1.40,4.00
2010.06.15 01:17:51.045,1.11805,1.11825,1.40,2.80
2010.06.15 01:17:51.394,1.11805,1.11825,1.40,2.40
2010.06.15 01:17:56.172,1.11805,1.1182,1.40,1.00
2010.06.15 01:17:56.384,1.11805,1.1182,1.00,1.60
2010.06.15 01:17:56.599,1.118,1.1182,3.80,2.40
2010.06.15 01:17:57.542,1.118,1.11815,1.00,2.40
2010.06.15 01:17:57.882,1.118,1.1182,3.00,3.20
2010.06.15 01:17:58.221,1.118,1.1182,3.80,2.40
2010.06.15 01:18:00.042,1.118,1.1182,3.80,4.40
2010.06.15 01:18:00.333,1.118,1.11815,1.00,2.40
2010.06.15 01:18:00.675,1.1179,1.118,1.40,2.40
2010.06.15 01:18:01.027,1.11785,1.118,1.60,2.00
2010.06.15 01:18:01.372,1.11785,1.118,1.60,2.40
2010.06.15 01:18:02.529,1.11785,1.118,1.60,4.00
2010.06.15 01:18:02.878,1.1178,1.11795,1.60,2.40
2010.06.15 01:18:03.225,1.1178,1.11795,3.80,1.00
2010.06.15 01:18:07.221,1.1178,1.11795,1.40,1.60
2010.06.15 01:18:08.043,1.1178,1.118,3.80,13.60
2010.06.15 01:18:08.303,1.1178,1.118,3.80,3.20
2010.06.15 01:18:11.644,1.1178,1.11795,3.00,1.00
2010.06.15 01:18:12.494,1.11785,1.118,1.00,1.00
2010.06.15 01:18:12.847,1.1178,1.11795,7.40,1.00
2010.06.15 01:18:13.110,1.11775,1.11795,3.80,2.00
2010.06.15 01:18:13.366,1.11775,1.11795,3.00,1.60
2010.06.15 01:18:13.612,1.11775,1.11795,3.00,2.40
2010.06.15 01:18:16.161,1.1178,1.11795,1.60,2.40
2010.06.15 01:18:16.419,1.11775,1.11795,1.40,2.40
2010.06.15 01:18:16.673,1.11775,1.1179,3.00,1.00
2010.06.15 01:18:18.680,1.11775,1.11795,3.80,2.00
2010.06.15 01:18:19.199,1.1178,1.11795,2.40,1.20
2010.06.15 01:18:19.416,1.1178,1.118,3.00,1.60
2010.06.15 01:18:20.570,1.1178,1.1179,3.00,1.00
2010.06.15 01:18:20.886,1.1178,1.11795,3.00,4.80
2010.06.15 01:18:21.205,1.11775,1.1179,1.40,1.00
2010.06.15 01:18:21.525,1.1177,1.1179,3.00,2.40
2010.06.15 01:18:22.131,1.1177,1.11785,1.00,1.60
2010.06.15 01:18:23.992,1.1177,1.11785,1.00,2.40
2010.06.15 01:18:24.294,1.1177,1.11775,1.00,1.00
2010.06.15 01:18:24.445,1.11765,1.1178,1.40,2.40
2010.06.15 01:18:24.793,1.11765,1.1178,1.40,1.60
2010.06.15 01:18:26.454,1.11765,1.11775,1.40,1.00
2010.06.15 01:18:26.784,1.11765,1.11775,1.00,1.00
2010.06.15 01:18:27.813,1.1176,1.11775,2.20,1.60
2010.06.15 01:18:28.792,1.1176,1.11765,1.60,1.20
2010.06.15 01:18:29.051,1.1175,1.11765,3.00,1.20
2010.06.15 01:18:31.389,1.11755,1.11765,1.00,1.00
2010.06.15 01:18:31.582,1.11755,1.1177,2.40,1.20
2010.06.15 01:18:31.771,1.1176,1.1177,3.00,1.00
2010.06.15 01:18:32.112,1.11755,1.11775,3.80,1.20
2010.06.15 01:18:32.451,1.11755,1.11775,3.00,1.00
2010.06.15 01:18:35.089,1.1176,1.11775,4.00,1.00
2010.06.15 01:18:35.296,1.11755,1.11775,6.20,1.00
2010.06.15 01:18:35.403,1.11755,1.11775,3.00,1.00
2010.06.15 01:18:35.504,1.11755,1.11775,3.80,1.00
2010.06.15 01:18:35.775,1.1176,1.11775,1.00,1.00
2010.06.15 01:18:35.887,1.1176,1.11775,3.00,1.00
2010.06.15 01:18:37.111,1.1176,1.1178,3.00,2.80
2010.06.15 01:18:37.387,1.1176,1.1178,7.00,2.40
2010.06.15 01:18:37.599,1.1176,1.1178,11.00,1.60
2010.06.15 01:18:37.804,1.1176,1.1178,13.40,1.00
2010.06.15 01:18:41.047,1.1176,1.1178,5.40,1.00
2010.06.15 01:18:41.292,1.1176,1.1178,3.00,1.00
2010.06.15 01:18:41.544,1.11755,1.1178,16.20,1.00
2010.06.15 01:18:41.790,1.11755,1.1178,15.40,1.00
2010.06.15 01:18:42.040,1.11755,1.1178,15.40,1.60
2010.06.15 01:18:42.290,1.11755,1.1178,14.80,2.00
2010.06.15 01:18:42.572,1.11755,1.1178,15.40,1.60
2010.06.15 01:18:42.852,1.11755,1.1178,15.40,2.40
2010.06.15 01:18:43.133,1.1176,1.1178,1.60,1.60
2010.06.15 01:18:43.413,1.1176,1.1178,2.00,3.20
2010.06.15 01:18:43.756,1.11755,1.1177,1.00,1.60
2010.06.15 01:18:44.103,1.1175,1.1176,1.40,1.00
2010.06.15 01:18:44.564,1.11745,1.1176,1.40,1.00
2010.06.15 01:18:45.247,1.11745,1.1176,3.00,1.00
2010.06.15 01:18:45.735,1.1174,1.1176,1.40,1.00
2010.06.15 01:18:46.769,1.1174,1.11765,15.00,2.80
2010.06.15 01:18:47.115,1.1174,1.11765,15.00,3.60
2010.06.15 01:18:47.466,1.1174,1.11765,4.60,3.60
2010.06.15 01:18:48.344,1.11745,1.1176,1.40,3.20
2010.06.15 01:18:49.626,1.11745,1.11755,1.40,1.00
2010.06.15 01:18:49.744,1.11745,1.11755,1.00,1.00
2010.06.15 01:18:50.015,1.1174,1.11755,1.40,1.00
2010.06.15 01:18:50.571,1.1174,1.11755,1.00,1.00
2010.06.15 01:18:51.677,1.1174,1.1176,1.40,12.80
2010.06.15 01:18:51.934,1.1174,1.1176,1.40,4.80
2010.06.15 01:18:53.281,1.1174,1.1176,1.40,3.20
2010.06.15 01:18:53.978,1.1174,1.1176,3.00,2.40
2010.06.15 01:18:54.313,1.1174,1.1176,3.00,1.00
2010.06.15 01:18:57.719,1.1174,1.11765,3.80,10.70
2010.06.15 01:18:58.041,1.1174,1.11765,3.80,7.10
2010.06.15 01:18:58.387,1.1174,1.1176,1.40,3.20
2010.06.15 01:19:01.571,1.11745,1.1176,5.60,1.60
2010.06.15 01:19:01.814,1.11745,1.11765,4.00,3.50
2010.06.15 01:19:01.995,1.11745,1.11765,4.00,1.00
2010.06.15 01:19:02.179,1.1175,1.1177,11.20,2.80
2010.06.15 01:19:02.473,1.1175,1.1177,13.40,1.60
2010.06.15 01:19:02.754,1.11755,1.1177,4.00,1.00
2010.06.15 01:19:03.033,1.11755,1.1178,15.40,4.40
2010.06.15 01:19:03.651,1.11755,1.1178,15.40,2.40
2010.06.15 01:19:04.720,1.11755,1.1178,14.00,2.40
2010.06.15 01:19:04.981,1.11755,1.1178,15.40,2.40
2010.06.15 01:19:05.240,1.11755,1.11775,13.40,1.00
2010.06.15 01:19:05.568,1.11755,1.11775,5.40,1.00
2010.06.15 01:19:05.901,1.11755,1.11765,1.40,1.00
2010.06.15 01:19:06.370,1.11755,1.11765,1.00,1.60
2010.06.15 01:19:06.702,1.1175,1.11765,1.00,3.60
2010.06.15 01:19:07.721,1.1175,1.11765,1.00,4.00
2010.06.15 01:19:08.101,1.11745,1.1176,1.00,1.00
2010.06.15 01:19:08.852,1.11745,1.11765,1.40,6.40
2010.06.15 01:19:09.115,1.1174,1.11765,3.80,6.40
2010.06.15 01:19:09.381,1.1174,1.1176,3.80,1.00
2010.06.15 01:19:09.510,1.1174,1.1176,3.80,1.20
2010.06.15 01:19:09.641,1.1174,1.1176,3.00,2.80
2010.06.15 01:19:09.804,1.1174,1.1176,1.40,4.40
2010.06.15 01:19:09.962,1.1174,1.1176,2.20,2.80
2010.06.15 01:19:10.122,1.1174,1.1176,3.80,1.00
2010.06.15 01:19:10.730,1.1174,1.1176,3.80,1.20
2010.06.15 01:19:11.042,1.1174,1.1176,1.40,4.40
2010.06.15 01:19:11.660,1.1174,1.1176,1.00,4.40
2010.06.15 01:19:11.972,1.1174,1.11755,1.40,1.00
2010.06.15 01:19:12.290,1.1174,1.11755,3.00,1.00
2010.06.15 01:19:12.561,1.1174,1.1176,3.80,2.40
2010.06.15 01:19:12.832,1.1174,1.1176,3.80,1.60
2010.06.15 01:19:14.227,1.1174,1.11755,1.40,2.00
2010.06.15 01:19:14.471,1.1174,1.1176,1.40,6.80
2010.06.15 01:19:15.476,1.1174,1.1176,1.40,7.60
2010.06.15 01:19:15.730,1.1174,1.11755,1.00,2.40
2010.06.15 01:19:15.994,1.1174,1.1175,1.00,1.00
2010.06.15 01:19:16.254,1.1173,1.1175,3.00,1.00
2010.06.15 01:19:16.593,1.1173,1.1175,3.00,1.60
2010.06.15 01:19:17.752,1.1173,1.1174,1.40,1.00
2010.06.15 01:19:18.095,1.11725,1.1174,3.00,1.60
2010.06.15 01:19:18.449,1.1172,1.1174,2.40,8.30
2010.06.15 01:19:18.896,1.11715,1.11735,5.60,1.60
2010.06.15 01:19:19.248,1.1172,1.1174,1.60,5.20
2010.06.15 01:19:19.575,1.11725,1.1174,1.00,1.60
2010.06.15 01:19:19.905,1.1172,1.1174,3.00,4.70
2010.06.15 01:19:20.234,1.1172,1.1174,3.80,5.50
2010.06.15 01:19:20.521,1.1172,1.1174,1.40,5.60
2010.06.15 01:19:20.812,1.1172,1.1174,1.40,4.70
2010.06.15 01:19:21.101,1.1172,1.11735,1.00,1.00
2010.06.15 01:19:23.207,1.11715,1.11735,3.80,1.60
2010.06.15 01:19:23.569,1.11715,1.1172,1.00,1.00
2010.06.15 01:19:23.811,1.11705,1.1172,3.00,1.00
2010.06.15 01:19:24.061,1.11705,1.1172,1.40,1.00
2010.06.15 01:19:26.255,1.11705,1.1171,1.40,1.60
2010.06.15 01:19:26.485,1.117,1.1171,1.60,2.40
2010.06.15 01:19:26.715,1.11695,1.1171,12.00,4.30
2010.06.15 01:19:27.003,1.11695,1.1171,4.00,5.10
2010.06.15 01:19:27.294,1.1169,1.1171,13.40,5.10
2010.06.15 01:19:27.581,1.1169,1.1171,11.00,5.10
2010.06.15 01:19:27.871,1.1169,1.1171,7.00,5.10
2010.06.15 01:19:28.101,1.1169,1.1171,3.00,5.50
2010.06.15 01:19:28.770,1.1169,1.1171,3.00,5.90
2010.06.15 01:19:29.002,1.1169,1.1171,1.60,7.10
2010.06.15 01:19:29.161,1.1169,1.1171,5.60,3.60
2010.06.15 01:19:29.482,1.117,1.1171,1.00,2.80
2010.06.15 01:19:29.704,1.117,1.1171,1.00,1.00
2010.06.15 01:19:29.860,1.117,1.11715,1.00,3.60
2010.06.15 01:19:30.020,1.117,1.11715,1.00,3.20
2010.06.15 01:19:30.430,1.11695,1.11715,2.20,3.20
2010.06.15 01:19:30.574,1.11695,1.11705,1.40,1.00
2010.06.15 01:19:30.712,1.11695,1.1171,4.00,2.30
2010.06.15 01:19:30.852,1.1169,1.1171,2.20,1.00
2010.06.15 01:19:31.355,1.11695,1.1171,1.40,1.00
2010.06.15 01:19:31.701,1.11695,1.11715,3.80,1.00
2010.06.15 01:19:32.036,1.117,1.11715,1.40,1.00
2010.06.15 01:19:33.702,1.117,1.1172,3.80,1.60
2010.06.15 01:19:33.974,1.117,1.1172,3.00,3.10
2010.06.15 01:19:34.243,1.11705,1.1172,1.00,1.50
2010.06.15 01:19:34.492,1.11705,1.11725,2.20,2.80
2010.06.15 01:19:34.743,1.11705,1.11725,1.40,4.40
2010.06.15 01:19:35.016,1.117,1.11725,5.00,7.60
2010.06.15 01:19:35.272,1.117,1.11725,3.80,7.90
2010.06.15 01:19:36.204,1.117,1.11725,3.80,6.30
2010.06.15 01:19:36.383,1.117,1.11725,14.20,6.30
2010.06.15 01:19:36.562,1.11705,1.1172,4.00,1.60
2010.06.15 01:19:36.743,1.11705,1.11725,1.40,3.10
2010.06.15 01:19:36.926,1.11705,1.11725,2.20,1.20
2010.06.15 01:19:37.108,1.11705,1.1172,4.80,3.10
2010.06.15 01:19:37.284,1.11705,1.11715,4.00,1.60
2010.06.15 01:19:37.763,1.117,1.11715,4.00,3.10
2010.06.15 01:19:38.444,1.11695,1.11715,13.40,3.10
2010.06.15 01:19:40.031,1.117,1.11715,4.00,3.10
2010.06.15 01:19:41.791,1.117,1.11715,4.00,5.50
2010.06.15 01:19:42.052,1.117,1.1171,4.00,3.90
2010.06.15 01:19:42.312,1.117,1.11715,4.00,6.30
2010.06.15 01:19:42.571,1.117,1.11715,4.00,3.50
2010.06.15 01:19:43.090,1.117,1.11715,4.00,3.10
2010.06.15 01:19:44.670,1.117,1.11715,4.00,1.50
2010.06.15 01:19:44.832,1.117,1.1172,1.40,3.90
2010.06.15 01:19:45.140,1.117,1.1172,1.40,3.10
2010.06.15 01:19:46.920,1.117,1.1172,5.40,3.10
2010.06.15 01:19:49.357,1.117,1.1172,6.20,2.30
2010.06.15 01:19:49.399,1.117,1.1172,7.80,2.30
2010.06.15 01:19:49.522,1.117,1.1172,7.00,3.10
2010.06.15 01:19:49.679,1.11705,1.1172,1.00,3.10
2010.06.15 01:19:49.725,1.117,1.1172,7.80,2.80
2010.06.15 01:19:49.809,1.117,1.1172,7.80,3.10
2010.06.15 01:19:49.866,1.117,1.1172,7.00,3.10
2010.06.15 01:19:50.524,1.117,1.11715,1.40,7.20
2010.06.15 01:19:50.862,1.11695,1.11715,2.20,12.00
2010.06.15 01:19:51.204,1.11695,1.1171,1.00,6.30
2010.06.15 01:19:51.531,1.11695,1.1171,1.00,5.50
2010.06.15 01:19:51.850,1.11695,1.1171,1.00,3.90
2010.06.15 01:19:52.171,1.11695,1.1171,1.00,2.30
2010.06.15 01:19:52.493,1.11695,1.1171,1.40,1.00
2010.06.15 01:19:52.682,1.11695,1.11715,1.40,5.90
2010.06.15 01:19:52.870,1.11695,1.11715,1.40,4.30
2010.06.15 01:19:53.061,1.11695,1.11715,1.40,3.50
2010.06.15 01:19:56.137,1.11705,1.1172,1.00,9.60
2010.06.15 01:19:56.355,1.11715,1.11725,1.40,1.60
2010.06.15 01:19:56.577,1.1173,1.11735,1.00,10.50
2010.06.15 01:19:56.924,1.1173,1.11735,1.00,1.60
2010.06.15 01:19:57.144,1.11735,1.1175,1.40,1.60
2010.06.15 01:19:57.782,1.11725,1.11745,3.00,1.00
2010.06.15 01:19:59.539,1.11725,1.11745,1.40,1.00
2010.06.15 01:19:59.792,1.1173,1.11745,1.00,1.00
2010.06.15 01:19:59.923,1.1173,1.1174,1.00,1.00
2010.06.15 01:20:00.051,1.11725,1.1174,1.40,1.00
2010.06.15 01:20:00.745,1.11725,1.1174,1.00,1.60
2010.06.15 01:20:01.760,1.11725,1.1174,1.00,3.20
2010.06.15 01:20:02.491,1.11725,1.1174,1.00,1.00
2010.06.15 01:20:02.656,1.11725,1.1174,1.00,1.60
2010.06.15 01:20:02.813,1.11725,1.1174,1.00,1.00
2010.06.15 01:20:04.990,1.11725,1.11745,1.00,6.50
2010.06.15 01:20:05.230,1.11725,1.11745,1.40,6.50
2010.06.15 01:20:05.910,1.11725,1.11745,1.40,5.70
2010.06.15 01:20:06.110,1.11725,1.11745,1.40,4.00
2010.06.15 01:20:06.161,1.11725,1.11745,1.40,3.20
2010.06.15 01:20:06.322,1.11725,1.11745,1.40,2.40
2010.06.15 01:20:06.718,1.11725,1.11745,1.40,1.00
2010.06.15 01:20:07.650,1.11725,1.11745,1.40,1.60
2010.06.15 01:20:07.903,1.11725,1.11745,1.40,14.30
2010.06.15 01:20:08.151,1.11725,1.11745,1.40,17.30
2010.06.15 01:20:08.405,1.11725,1.1174,1.00,9.60
2010.06.15 01:20:08.684,1.11725,1.1174,1.00,2.40
2010.06.15 01:20:08.952,1.11725,1.1174,1.00,4.80
2010.06.15 01:20:09.221,1.11725,1.1174,1.00,2.40
2010.06.15 01:20:11.664,1.11725,1.1174,1.00,3.20
2010.06.15 01:20:12.031,1.11725,1.1174,1.00,3.10
2010.06.15 01:20:12.335,1.11725,1.1174,1.00,3.20
2010.06.15 01:20:13.842,1.11725,1.1173,1.00,1.60
2010.06.15 01:20:14.141,1.11715,1.11735,3.00,3.10
2010.06.15 01:20:14.281,1.11715,1.11735,1.40,3.20
2010.06.15 01:20:14.413,1.11715,1.11735,1.40,4.70
2010.06.15 01:20:17.250,1.11715,1.1173,1.40,2.40
2010.06.15 01:20:17.864,1.11715,1.11735,1.40,18.90
2010.06.15 01:20:18.061,1.11715,1.11735,1.40,5.70
2010.06.15 01:20:18.260,1.11715,1.11735,1.40,12.10
2010.06.15 01:20:18.540,1.11715,1.1173,1.40,4.00
2010.06.15 01:20:21.973,1.1171,1.1173,2.20,6.40
2010.06.15 01:20:22.182,1.1171,1.1173,1.40,6.40
2010.06.15 01:20:24.114,1.1171,1.1173,1.40,2.40
2010.06.15 01:20:25.632,1.1171,1.11725,1.00,1.00
2010.06.15 01:20:25.976,1.11705,1.11725,3.00,1.60
2010.06.15 01:20:26.391,1.11705,1.1173,3.00,12.30
2010.06.15 01:20:26.736,1.11705,1.1173,3.00,9.90
2010.06.15 01:20:27.083,1.11705,1.1173,11.00,9.90
2010.06.15 01:20:27.421,1.11705,1.1173,13.40,9.90
2010.06.15 01:20:27.764,1.11705,1.11725,7.00,1.60
2010.06.15 01:20:28.083,1.11705,1.1173,5.40,9.90
2010.06.15 01:20:28.401,1.11705,1.1173,13.40,9.90
2010.06.15 01:20:29.531,1.11705,1.1173,11.00,9.90
2010.06.15 01:20:29.810,1.11705,1.11725,7.00,5.60
2010.06.15 01:20:30.040,1.11705,1.11725,3.00,5.60
2010.06.15 01:20:31.068,1.11705,1.11725,1.40,13.10
2010.06.15 01:20:31.296,1.11705,1.1172,1.40,4.80
2010.06.15 01:20:31.963,1.11705,1.1172,3.00,4.80
2010.06.15 01:20:32.367,1.11705,1.11725,3.00,4.40
2010.06.15 01:20:32.714,1.11705,1.1173,3.00,12.30
2010.06.15 01:20:33.064,1.11705,1.1173,4.60,4.70
2010.06.15 01:20:33.324,1.11705,1.1173,3.80,5.50
2010.06.15 01:20:34.174,1.11715,1.1173,2.20,1.20
2010.06.15 01:20:34.508,1.11725,1.11735,1.00,11.60
2010.06.15 01:20:34.832,1.11725,1.11735,1.00,12.80
2010.06.15 01:20:35.162,1.11715,1.11735,1.40,12.80
2010.06.15 01:20:35.477,1.11715,1.11725,1.40,1.00
2010.06.15 01:20:35.796,1.1171,1.1172,1.40,1.00
2010.06.15 01:20:36.118,1.117,1.1172,2.20,6.40
2010.06.15 01:20:36.416,1.11705,1.1172,1.40,6.40
2010.06.15 01:20:36.714,1.11705,1.1172,1.40,6.70
2010.06.15 01:20:37.012,1.11705,1.1172,1.40,2.70
2010.06.15 01:20:37.351,1.11705,1.1172,1.40,1.00
2010.06.15 01:20:39.404,1.11705,1.11715,1.40,1.00
2010.06.15 01:20:39.624,1.11705,1.11715,1.00,1.00
2010.06.15 01:20:40.261,1.117,1.11715,1.40,2.40
2010.06.15 01:20:41.226,1.117,1.11705,1.40,1.00
2010.06.15 01:20:41.455,1.117,1.11705,1.00,1.00
2010.06.15 01:20:41.685,1.11695,1.11705,1.40,1.00
2010.06.15 01:20:42.134,1.11695,1.11705,1.40,1.60
2010.06.15 01:20:42.352,1.1169,1.117,2.20,1.00
2010.06.15 01:20:42.783,1.1169,1.117,1.00,1.00
2010.06.15 01:20:43.127,1.11685,1.117,1.00,1.00
2010.06.15 01:20:43.478,1.11685,1.11705,1.00,10.30
2010.06.15 01:20:43.775,1.1169,1.117,1.00,1.00
2010.06.15 01:20:44.071,1.11685,1.117,1.60,1.00
2010.06.15 01:20:44.366,1.1169,1.117,1.00,1.00
2010.06.15 01:20:44.580,1.1169,1.11705,1.00,2.70
2010.06.15 01:20:44.793,1.1169,1.117,1.00,1.60
2010.06.15 01:20:45.115,1.11685,1.117,1.60,3.20
2010.06.15 01:20:45.335,1.11685,1.117,1.00,3.20
2010.06.15 01:20:47.127,1.1169,1.117,1.00,1.00
2010.06.15 01:20:47.443,1.1169,1.11705,1.00,3.20
2010.06.15 01:20:48.081,1.1169,1.11705,1.40,2.40
2010.06.15 01:20:48.923,1.11685,1.117,2.20,2.40
2010.06.15 01:20:49.134,1.11685,1.11705,2.20,3.90
2010.06.15 01:20:49.343,1.1169,1.117,1.40,1.00
2010.06.15 01:20:49.555,1.11685,1.11705,2.20,4.70
2010.06.15 01:20:49.902,1.11685,1.11705,1.40,5.40
2010.06.15 01:20:50.246,1.11685,1.117,3.00,1.00
2010.06.15 01:20:50.723,1.1169,1.1171,1.00,6.30
2010.06.15 01:20:50.933,1.11685,1.11705,2.20,1.60
2010.06.15 01:20:51.611,1.1169,1.11705,1.40,1.00
2010.06.15 01:20:52.044,1.11685,1.117,1.40,2.70
2010.06.15 01:20:52.384,1.11685,1.117,1.40,4.30
2010.06.15 01:20:52.723,1.11685,1.11705,1.40,12.80
2010.06.15 01:20:52.973,1.11685,1.11705,1.40,2.40
2010.06.15 01:20:53.221,1.11685,1.117,1.40,1.00
2010.06.15 01:20:53.602,1.11685,1.117,1.40,2.40
2010.06.15 01:20:53.874,1.11685,1.1169,1.40,1.00
2010.06.15 01:20:54.144,1.11685,1.11695,1.40,3.10
2010.06.15 01:20:54.412,1.11685,1.11695,1.40,1.00
2010.06.15 01:20:54.683,1.11685,1.117,1.40,14.00
2010.06.15 01:20:55.002,1.11685,1.117,1.40,14.60
2010.06.15 01:20:55.300,1.11685,1.117,1.40,13.60
2010.06.15 01:20:55.462,1.11685,1.117,1.40,3.20
2010.06.15 01:20:55.616,1.11685,1.117,1.40,2.40
2010.06.15 01:20:55.763,1.11685,1.117,1.40,1.00
2010.06.15 01:20:57.686,1.11685,1.117,1.40,2.00
2010.06.15 01:20:58.194,1.11685,1.11705,1.40,3.60
2010.06.15 01:20:58.462,1.11685,1.11705,1.40,3.90
2010.06.15 01:21:01.419,1.11685,1.11705,2.20,2.30
2010.06.15 01:21:01.464,1.1169,1.11705,1.00,2.30
2010.06.15 01:21:01.639,1.1169,1.11705,1.40,2.30
2010.06.15 01:21:01.810,1.1169,1.11705,1.40,1.90
2010.06.15 01:21:05.332,1.11695,1.1171,1.00,3.10
2010.06.15 01:21:05.646,1.11695,1.1171,1.40,1.00
2010.06.15 01:21:06.272,1.11695,1.1171,1.40,1.60
2010.06.15 01:21:09.651,1.11695,1.1171,1.40,2.40
2010.06.15 01:21:09.962,1.11695,1.11705,1.40,1.00
2010.06.15 01:21:10.274,1.1169,1.117,1.60,1.00
2010.06.15 01:21:10.540,1.11685,1.117,1.40,1.00
2010.06.15 01:21:11.202,1.11685,1.117,1.40,2.40
2010.06.15 01:21:11.891,1.11685,1.117,2.20,1.60
2010.06.15 01:21:12.235,1.11685,1.11705,2.20,3.20
2010.06.15 01:21:12.582,1.11685,1.11705,1.40,5.10
2010.06.15 01:21:13.993,1.11685,1.11705,3.00,1.90
2010.06.15 01:21:14.251,1.1169,1.1171,1.40,9.40
2010.06.15 01:21:14.511,1.1169,1.1171,1.40,6.60
2010.06.15 01:21:16.423,1.1169,1.11705,1.40,2.40
2010.06.15 01:21:17.691,1.1169,1.11705,1.40,1.60
2010.06.15 01:21:18.112,1.1169,1.1171,1.40,5.90
2010.06.15 01:21:20.163,1.11695,1.1171,1.00,2.40
2010.06.15 01:21:20.329,1.11695,1.1171,1.40,1.60
2010.06.15 01:21:20.654,1.11695,1.11715,1.40,2.70
2010.06.15 01:21:21.782,1.11695,1.11715,2.20,3.40
2010.06.15 01:21:22.125,1.117,1.11715,1.00,3.40
2010.06.15 01:21:22.535,1.11695,1.11715,1.40,5.00
2010.06.15 01:21:25.102,1.11695,1.11715,1.40,7.40
2010.06.15 01:21:25.190,1.11695,1.1171,1.40,1.60
2010.06.15 01:21:25.431,1.1169,1.1171,3.00,3.10
2010.06.15 01:21:25.670,1.1169,1.1171,3.00,3.90
2010.06.15 01:21:26.892,1.11695,1.1171,1.00,1.00
2010.06.15 01:21:27.142,1.11695,1.11715,3.80,1.00
2010.06.15 01:21:27.392,1.117,1.11715,4.00,1.00
2010.06.15 01:21:27.631,1.117,1.11715,4.00,2.40
2010.06.15 01:21:27.873,1.117,1.11715,10.40,2.40
2010.06.15 01:21:28.110,1.117,1.11715,10.40,1.00
2010.06.15 01:21:28.702,1.11705,1.1172,2.20,3.20
2010.06.15 01:21:29.043,1.1171,1.11725,1.40,1.00
2010.06.15 01:21:29.383,1.1171,1.1173,1.40,5.20
2010.06.15 01:21:30.036,1.1171,1.1173,2.20,4.00
2010.06.15 01:21:30.193,1.11715,1.1173,2.20,1.20
2010.06.15 01:21:30.353,1.11715,1.11735,2.20,3.50
2010.06.15 01:21:30.617,1.11715,1.1173,1.40,1.00
2010.06.15 01:21:31.017,1.11715,1.1173,1.40,3.20
2010.06.15 01:21:31.293,1.11715,1.1173,1.40,2.40
2010.06.15 01:21:36.643,1.11715,1.1173,2.20,1.00
2010.06.15 01:21:39.840,1.11715,1.1173,2.80,1.00
2010.06.15 01:21:39.972,1.11725,1.11735,1.00,1.60
2010.06.15 01:21:40.293,1.11725,1.1174,1.40,1.00
2010.06.15 01:21:40.594,1.1172,1.1174,1.40,2.40
2010.06.15 01:21:41.214,1.1172,1.1174,1.40,5.20
2010.06.15 01:21:41.513,1.1172,1.11735,1.40,1.60
2010.06.15 01:21:45.114,1.1172,1.1174,1.40,3.20
2010.06.15 01:21:45.603,1.1172,1.1174,1.40,5.20
2010.06.15 01:21:47.182,1.1172,1.1174,1.40,3.20
2010.06.15 01:21:50.074,1.1172,1.1174,1.40,4.00
2010.06.15 01:21:50.151,1.1172,1.1174,1.40,5.60
2010.06.15 01:21:55.627,1.1172,1.1174,1.40,3.60
2010.06.15 01:21:55.806,1.1172,1.1174,1.40,3.20
2010.06.15 01:21:57.993,1.1172,1.1174,1.40,1.00
2010.06.15 01:21:58.671,1.1172,1.11745,7.00,8.40
2010.06.15 01:21:58.893,1.11725,1.11745,1.40,2.90
2010.06.15 01:21:59.124,1.11725,1.11745,1.40,2.40
2010.06.15 01:22:01.705,1.11725,1.11745,1.40,3.20
2010.06.15 01:22:02.282,1.11725,1.1174,1.40,1.00
2010.06.15 01:22:03.820,1.11725,1.1174,1.40,4.80
2010.06.15 01:22:04.583,1.1173,1.1174,1.00,4.00
2010.06.15 01:22:04.842,1.11725,1.11745,2.60,1.00
2010.06.15 01:22:05.103,1.1173,1.1175,1.00,6.40
2010.06.15 01:22:05.332,1.1173,1.1175,1.00,2.40
2010.06.15 01:22:05.782,1.1173,1.1175,1.00,1.00
2010.06.15 01:22:09.072,1.11725,1.1175,12.20,2.40
2010.06.15 01:22:09.352,1.11725,1.1175,4.20,2.40
2010.06.15 01:22:11.352,1.1173,1.1175,1.00,2.40
2010.06.15 01:22:11.592,1.1173,1.1175,1.40,6.40
2010.06.15 01:22:11.831,1.1173,1.1175,1.00,6.40
2010.06.15 01:22:12.802,1.1172,1.1174,3.60,1.00
2010.06.15 01:22:13.053,1.1172,1.1174,2.60,3.20
2010.06.15 01:22:13.304,1.1171,1.11735,4.60,2.40
2010.06.15 01:22:13.514,1.1171,1.1172,2.40,6.40
2010.06.15 01:22:13.722,1.117,1.11715,1.60,4.00
2010.06.15 01:22:14.016,1.117,1.1171,1.60,4.00
2010.06.15 01:22:14.232,1.11695,1.1172,5.40,6.40
2010.06.15 01:22:14.439,1.117,1.1172,1.60,6.40
2010.06.15 01:22:14.781,1.11695,1.1172,5.40,6.40
2010.06.15 01:22:15.123,1.117,1.1172,3.80,1.20
2010.06.15 01:22:15.461,1.117,1.11725,7.80,7.70
2010.06.15 01:22:16.660,1.11705,1.11725,1.00,3.70
2010.06.15 01:22:16.941,1.11705,1.11725,3.80,1.00
2010.06.15 01:22:17.601,1.11705,1.11725,1.60,1.00
2010.06.15 01:22:17.831,1.117,1.11725,8.60,1.00
2010.06.15 01:22:18.061,1.11705,1.1172,1.00,1.00
2010.06.15 01:22:18.291,1.11705,1.1172,1.60,1.00
2010.06.15 01:22:18.853,1.117,1.1172,7.80,1.00
2010.06.15 01:22:19.150,1.117,1.1172,3.80,1.00
2010.06.15 01:22:19.451,1.117,1.1172,7.80,1.00
2010.06.15 01:22:19.601,1.11705,1.1172,1.60,1.00
2010.06.15 01:22:19.932,1.11705,1.1172,3.20,1.00
2010.06.15 01:22:20.261,1.11705,1.11725,1.60,1.00
2010.06.15 01:22:20.592,1.11705,1.11725,1.40,2.40
2010.06.15 01:22:20.752,1.11705,1.11725,1.00,3.60
2010.06.15 01:22:20.910,1.117,1.11725,3.80,4.80
2010.06.15 01:22:21.070,1.117,1.1172,3.80,1.00
2010.06.15 01:22:21.846,1.11705,1.1172,1.00,1.00
2010.06.15 01:22:22.175,1.117,1.1172,2.20,1.00
2010.06.15 01:22:23.121,1.117,1.1172,3.80,1.00
2010.06.15 01:22:23.421,1.117,1.1172,7.80,1.00
2010.06.15 01:22:24.290,1.117,1.1172,3.80,1.00
2010.06.15 01:22:24.480,1.117,1.1172,7.80,1.00
2010.06.15 01:22:24.670,1.117,1.1172,3.80,1.00
2010.06.15 01:22:24.860,1.117,1.1172,7.80,1.00
2010.06.15 01:22:25.071,1.117,1.1171,5.60,1.60
2010.06.15 01:22:25.286,1.117,1.1171,4.00,2.40
2010.06.15 01:22:25.492,1.117,1.1171,2.20,1.00
2010.06.15 01:22:25.702,1.117,1.1172,3.00,2.40
2010.06.15 01:22:26.042,1.117,1.1172,4.00,4.00
2010.06.15 01:22:30.161,1.11695,1.1172,10.20,4.00
2010.06.15 01:22:30.351,1.117,1.1172,4.00,4.00
2010.06.15 01:22:31.250,1.11695,1.1172,11.80,4.00
2010.06.15 01:22:31.480,1.117,1.1172,4.00,4.00
2010.06.15 01:22:33.429,1.11695,1.1172,7.80,4.00
2010.06.15 01:22:35.489,1.117,1.1172,1.60,4.00
2010.06.15 01:22:35.550,1.117,1.1172,2.40,2.40
2010.06.15 01:22:35.610,1.117,1.1172,2.40,1.00
2010.06.15 01:22:35.670,1.117,1.1172,6.40,1.00
2010.06.15 01:22:35.731,1.117,1.1171,5.60,1.60
2010.06.15 01:22:35.793,1.117,1.1171,11.00,3.20
2010.06.15 01:22:35.852,1.11705,1.1171,1.00,1.60
2010.06.15 01:22:36.106,1.11705,1.11715,3.80,1.00
2010.06.15 01:22:36.181,1.11705,1.1172,4.60,1.20
2010.06.15 01:22:36.242,1.1171,1.1172,5.60,1.00
2010.06.15 01:22:36.302,1.1171,1.1172,7.20,1.00
2010.06.15 01:22:36.361,1.1171,1.1173,8.60,1.20
2010.06.15 01:22:37.042,1.1171,1.1173,13.40,1.00
2010.06.15 01:22:38.210,1.11715,1.1173,12.60,1.00
2010.06.15 01:22:38.410,1.11715,1.11735,12.60,1.00
2010.06.15 01:22:39.742,1.11715,1.11735,10.20,1.00
2010.06.15 01:22:39.993,1.11715,1.11735,6.20,1.00
2010.06.15 01:22:40.081,1.11715,1.11735,3.80,1.00
2010.06.15 01:22:44.137,1.11715,1.11735,4.60,1.00
2010.06.15 01:22:44.364,1.1172,1.11735,1.00,1.00
2010.06.15 01:22:44.460,1.1172,1.11735,1.40,1.00
2010.06.15 01:22:49.430,1.1172,1.11735,1.40,2.40
2010.06.15 01:22:50.710,1.1172,1.1173,1.40,1.00
2010.06.15 01:22:50.952,1.11715,1.1173,1.40,1.00
2010.06.15 01:22:51.190,1.11715,1.1173,1.40,1.60
2010.06.15 01:22:54.770,1.11715,1.1173,2.20,1.00
2010.06.15 01:22:54.900,1.11715,1.1173,3.00,1.00
2010.06.15 01:22:55.032,1.1172,1.1173,1.40,1.00
2010.06.15 01:22:55.400,1.1172,1.11735,1.40,1.00
2010.06.15 01:22:59.509,1.1172,1.11735,1.40,2.40
2010.06.15 01:23:01.170,1.1172,1.1173,1.40,1.00
2010.06.15 01:23:01.516,1.11715,1.11725,1.40,1.00
2010.06.15 01:23:01.641,1.11715,1.11725,1.00,1.00
2010.06.15 01:23:01.761,1.1171,1.11725,2.20,1.00
2010.06.15 01:23:01.880,1.1171,1.11725,1.40,1.00
2010.06.15 01:23:02.120,1.1171,1.1173,2.20,3.20
2010.06.15 01:23:02.240,1.11715,1.1173,1.00,3.20
2010.06.15 01:23:02.532,1.11715,1.1173,1.40,1.00
2010.06.15 01:23:03.992,1.11715,1.11735,1.40,4.40
2010.06.15 01:23:04.170,1.11715,1.11735,2.20,1.60
2010.06.15 01:23:04.354,1.1172,1.11735,1.40,1.00
2010.06.15 01:23:04.490,1.1172,1.1174,1.40,6.40
2010.06.15 01:23:04.630,1.1172,1.1174,1.40,5.60
2010.06.15 01:23:04.770,1.1172,1.1174,1.40,5.20
2010.06.15 01:23:12.392,1.1172,1.1174,3.80,2.80
2010.06.15 01:23:12.546,1.11725,1.11745,1.00,10.80
2010.06.15 01:23:12.692,1.11725,1.11745,1.60,2.80
2010.06.15 01:23:12.840,1.11725,1.11745,2.20,1.20
2010.06.15 01:23:12.991,1.11725,1.11745,2.20,1.00
2010.06.15 01:23:16.237,1.11725,1.1175,5.00,9.60
2010.06.15 01:23:16.496,1.1173,1.1175,1.40,2.40
2010.06.15 01:23:16.759,1.1173,1.1175,1.40,2.40
2010.06.15 01:23:19.120,1.1173,1.1175,2.20,2.40
2010.06.15 01:23:19.371,1.1173,1.1175,2.20,1.00
2010.06.15 01:23:19.502,1.1173,1.11755,3.00,9.40
2010.06.15 01:23:19.670,1.11735,1.11755,1.40,6.20
2010.06.15 01:23:19.809,1.11735,1.11755,1.40,4.00
2010.06.15 01:23:20.622,1.11735,1.11755,1.40,2.40
2010.06.15 01:23:21.501,1.1173,1.11755,9.00,2.40
2010.06.15 01:23:31.371,1.11735,1.11755,1.60,2.40
2010.06.15 01:23:31.713,1.11735,1.11755,3.00,2.40
2010.06.15 01:23:35.629,1.11735,1.11755,1.40,2.40
2010.06.15 01:23:36.514,1.11735,1.11755,1.40,1.00
2010.06.15 01:23:40.203,1.11735,1.11755,3.00,1.00
2010.06.15 01:23:40.400,1.11735,1.11755,1.40,2.40
2010.06.15 01:23:40.842,1.11735,1.11755,1.40,1.00
2010.06.15 01:23:41.060,1.11735,1.11755,3.00,1.00
2010.06.15 01:23:42.170,1.11745,1.1176,1.00,7.60
2010.06.15 01:23:42.514,1.11745,1.1176,1.00,1.60
2010.06.15 01:23:42.682,1.11745,1.1176,1.00,1.00
2010.06.15 01:23:42.970,1.11745,1.1176,4.60,1.00
2010.06.15 01:23:46.586,1.11745,1.11765,11.80,1.60
2010.06.15 01:23:46.806,1.1175,1.11765,4.80,1.00
2010.06.15 01:23:47.026,1.1175,1.1177,7.80,2.40
2010.06.15 01:23:47.244,1.1175,1.1177,7.80,1.00
2010.06.15 01:23:47.453,1.1175,1.1177,2.20,1.00
2010.06.15 01:23:49.384,1.1175,1.1177,1.40,3.60
2010.06.15 01:23:49.553,1.1175,1.1177,1.40,10.00
2010.06.15 01:23:49.881,1.1175,1.1177,1.40,10.80
2010.06.15 01:23:51.091,1.11745,1.1177,4.60,10.80
2010.06.15 01:23:51.271,1.11745,1.1177,2.20,10.80
2010.06.15 01:23:51.451,1.11745,1.1177,2.20,11.60
2010.06.15 01:23:57.370,1.1175,1.1177,1.40,11.60
2010.06.15 01:23:57.530,1.1175,1.1177,1.40,10.80
2010.06.15 01:23:57.691,1.1175,1.1177,1.40,10.00
2010.06.15 01:23:59.280,1.1175,1.1177,3.00,8.40
2010.06.15 01:23:59.510,1.1175,1.1177,3.00,4.40
2010.06.15 01:23:59.663,1.1175,1.1177,1.40,4.40
2010.06.15 01:23:59.962,1.1175,1.1177,1.40,3.60
2010.06.15 01:24:00.250,1.1175,1.1177,3.00,3.60
2010.06.15 01:24:02.411,1.1175,1.1177,1.40,9.20
2010.06.15 01:24:02.630,1.1175,1.1177,1.00,9.20
2010.06.15 01:24:02.810,1.11745,1.1177,3.80,9.20
2010.06.15 01:24:02.921,1.11745,1.1177,3.80,10.00
2010.06.15 01:24:03.743,1.1175,1.1177,1.40,10.00
2010.06.15 01:24:06.450,1.1175,1.11765,1.40,1.60
2010.06.15 01:24:06.744,1.1175,1.11765,1.40,2.80
2010.06.15 01:24:06.931,1.11745,1.11765,2.20,3.20
2010.06.15 01:24:07.033,1.11745,1.11765,1.40,3.20
2010.06.15 01:24:09.734,1.11745,1.11765,2.20,1.60
2010.06.15 01:24:09.961,1.11745,1.1177,2.20,17.20
2010.06.15 01:24:10.149,1.11745,1.1177,2.20,10.80
2010.06.15 01:24:12.411,1.11745,1.1177,2.20,6.80
2010.06.15 01:24:15.770,1.11745,1.1177,2.20,10.80
2010.06.15 01:24:35.837,1.11745,1.1177,3.80,10.80
2010.06.15 01:24:37.261,1.1175,1.1177,1.40,10.80
2010.06.15 01:24:46.340,1.1175,1.11765,1.40,1.60
2010.06.15 01:24:46.536,1.1175,1.11765,1.40,3.20
2010.06.15 01:24:46.716,1.1175,1.11765,1.00,3.20
2010.06.15 01:24:52.762,1.1175,1.11765,1.00,4.00
2010.06.15 01:24:53.532,1.1175,1.11765,1.00,2.40
2010.06.15 01:24:53.753,1.1175,1.11765,1.00,1.00
2010.06.15 01:24:53.973,1.1175,1.11765,1.40,1.00
2010.06.15 01:24:57.601,1.1175,1.11765,2.20,1.00
2010.06.15 01:24:58.204,1.1175,1.1177,2.20,5.60
2010.06.15 01:25:03.200,1.1175,1.1177,1.40,10.80
2010.06.15 01:25:03.400,1.1175,1.1177,1.40,14.80
2010.06.15 01:25:07.820,1.1175,1.1177,1.40,15.20
2010.06.15 01:25:09.030,1.1175,1.1177,1.40,15.60
2010.06.15 01:25:12.354,1.11755,1.1177,1.00,14.00
2010.06.15 01:25:12.478,1.11755,1.1177,1.00,8.80
2010.06.15 01:25:12.753,1.11755,1.1177,1.00,4.80
2010.06.15 01:25:13.034,1.11755,1.1177,1.40,4.00
2010.06.15 01:25:14.952,1.11755,1.1177,1.40,4.80
2010.06.15 01:25:15.025,1.1176,1.11775,1.00,4.90
2010.06.15 01:25:15.167,1.1176,1.11775,1.00,1.00
2010.06.15 01:25:15.254,1.1176,1.1178,2.20,4.40
2010.06.15 01:25:15.325,1.1176,1.1178,2.20,2.00
2010.06.15 01:25:16.034,1.1176,1.11775,1.40,1.00
2010.06.15 01:25:17.390,1.11755,1.11775,4.60,1.00
2010.06.15 01:25:17.732,1.11755,1.11775,3.80,1.00
2010.06.15 01:25:19.120,1.1176,1.1178,1.00,11.60
2010.06.15 01:25:19.242,1.11765,1.1178,1.00,7.20
2010.06.15 01:25:19.363,1.11765,1.1178,1.00,12.00
2010.06.15 01:25:19.555,1.11765,1.11775,1.00,4.00
2010.06.15 01:25:19.674,1.11765,1.1178,2.40,1.60
2010.06.15 01:25:20.032,1.11765,1.1178,2.20,1.60
2010.06.15 01:25:20.151,1.11765,1.1178,1.60,1.60
2010.06.15 01:25:20.546,1.1176,1.1178,12.60,1.60
2010.06.15 01:25:20.891,1.1176,1.1178,15.00,1.60
2010.06.15 01:25:21.231,1.1176,1.1178,12.60,1.60
2010.06.15 01:25:21.432,1.1176,1.1178,7.00,1.60
2010.06.15 01:25:21.632,1.1176,1.1178,5.40,3.20
2010.06.15 01:25:21.834,1.1176,1.1178,9.40,4.40
2010.06.15 01:25:22.052,1.1176,1.1178,5.40,4.40
2010.06.15 01:25:22.261,1.1176,1.1178,1.40,5.20
2010.06.15 01:25:22.945,1.11755,1.1177,6.40,1.00
2010.06.15 01:25:23.285,1.1175,1.1177,7.80,1.00
2010.06.15 01:25:24.075,1.11755,1.11775,1.00,3.70
2010.06.15 01:25:24.409,1.1175,1.1177,3.00,2.80
2010.06.15 01:25:24.671,1.11755,1.1177,1.00,1.60
2010.06.15 01:25:24.802,1.11755,1.11775,3.00,5.30
2010.06.15 01:25:25.191,1.11755,1.11775,1.40,5.30
2010.06.15 01:25:25.333,1.11755,1.11775,3.00,5.30
2010.06.15 01:25:25.676,1.11755,1.11775,3.80,1.70
2010.06.15 01:25:28.253,1.1176,1.1177,3.00,4.00
2010.06.15 01:25:28.516,1.11765,1.1178,1.00,1.00
2010.06.15 01:25:28.742,1.11765,1.11785,1.00,1.20
2010.06.15 01:25:28.962,1.1177,1.11785,1.00,3.60
2010.06.15 01:25:29.204,1.1176,1.11785,14.20,3.60
2010.06.15 01:25:30.410,1.11765,1.11785,1.00,3.60
2010.06.15 01:25:30.541,1.11765,1.11785,1.40,3.60
2010.06.15 01:25:30.850,1.1176,1.11785,14.20,3.60
2010.06.15 01:25:31.399,1.1176,1.11785,14.20,5.20
2010.06.15 01:25:31.802,1.1176,1.11785,10.20,6.80
2010.06.15 01:25:32.072,1.1176,1.11785,2.20,7.60
2010.06.15 01:25:33.141,1.1176,1.11785,2.20,7.70
2010.06.15 01:25:33.380,1.1176,1.1178,2.20,1.00
2010.06.15 01:25:33.852,1.1176,1.11775,1.00,1.00
2010.06.15 01:25:34.092,1.11755,1.11775,1.40,2.40
2010.06.15 01:25:34.571,1.11755,1.1177,1.40,1.60
2010.06.15 01:25:37.561,1.11755,1.1177,1.00,1.60
2010.06.15 01:25:38.032,1.1175,1.1177,3.80,1.60
2010.06.15 01:25:38.650,1.1175,1.11765,3.80,1.00
2010.06.15 01:25:39.581,1.11755,1.11765,2.40,1.00
2010.06.15 01:25:39.876,1.11755,1.1177,3.00,1.60
2010.06.15 01:25:40.274,1.1176,1.11775,1.00,2.40
2010.06.15 01:25:40.619,1.1176,1.11775,1.00,1.60
2010.06.15 01:25:40.962,1.1176,1.1178,1.00,6.40
2010.06.15 01:25:41.301,1.1176,1.1178,1.40,6.40
2010.06.15 01:25:46.117,1.1176,1.1178,2.20,4.80
2010.06.15 01:25:46.282,1.1176,1.1178,2.20,3.20
2010.06.15 01:25:46.340,1.1176,1.1178,2.20,1.60
2010.06.15 01:25:46.537,1.1176,1.1178,6.20,1.60
2010.06.15 01:25:46.983,1.1176,1.1178,1.40,6.00
2010.06.15 01:25:49.481,1.1176,1.1178,1.40,6.40
2010.06.15 01:25:52.950,1.1176,1.1178,1.40,10.40
2010.06.15 01:25:55.255,1.1176,1.11775,1.40,4.40
2010.06.15 01:25:55.426,1.1176,1.11775,1.00,9.60
2010.06.15 01:25:55.562,1.1176,1.11775,1.00,10.80
2010.06.15 01:25:55.691,1.11755,1.11775,1.00,10.80
2010.06.15 01:25:55.951,1.11755,1.1177,1.00,1.00
2010.06.15 01:25:58.270,1.11755,1.11775,1.00,10.80
2010.06.15 01:25:58.420,1.11755,1.11775,1.40,10.80
2010.06.15 01:25:59.433,1.11755,1.11775,1.40,10.00
2010.06.15 01:25:59.831,1.11755,1.1177,1.40,5.60
2010.06.15 01:25:59.910,1.11755,1.1177,1.40,6.40
2010.06.15 01:25:59.991,1.11755,1.1177,1.00,6.40
2010.06.15 01:26:00.071,1.11755,1.1177,1.00,5.60
2010.06.15 01:26:00.150,1.11755,1.1177,1.00,4.80
2010.06.15 01:26:00.231,1.11755,1.1177,1.00,4.80
2010.06.15 01:26:00.546,1.11755,1.1177,1.00,1.60
2010.06.15 01:26:04.131,1.11755,1.1177,1.40,1.00
2010.06.15 01:26:05.484,1.11755,1.1177,1.40,8.00
2010.06.15 01:26:05.648,1.11755,1.1177,1.00,6.40
2010.06.15 01:26:05.805,1.11755,1.11775,1.00,2.40
2010.06.15 01:26:05.964,1.11755,1.1177,1.00,1.00
2010.06.15 01:26:06.123,1.1176,1.1177,1.00,1.00
2010.06.15 01:26:06.470,1.1176,1.11775,1.00,2.40
2010.06.15 01:26:06.814,1.1176,1.1178,2.20,4.00
2010.06.15 01:26:15.763,1.1176,1.1178,1.40,4.80
2010.06.15 01:26:15.941,1.1176,1.1178,1.40,5.20
2010.06.15 01:26:16.031,1.1176,1.1178,1.40,6.40
2010.06.15 01:26:16.211,1.11755,1.11775,4.60,1.60
2010.06.15 01:26:16.552,1.11755,1.11775,3.80,1.60
2010.06.15 01:26:27.762,1.11755,1.11775,2.20,1.60
2010.06.15 01:26:27.904,1.11755,1.1177,2.20,1.00
2010.06.15 01:26:28.880,1.11755,1.11775,2.20,1.60
2010.06.15 01:26:30.309,1.11755,1.11775,1.40,3.60
2010.06.15 01:26:30.391,1.11755,1.11775,1.40,6.40
2010.06.15 01:26:30.706,1.11755,1.11775,1.40,8.80
2010.06.15 01:26:32.773,1.11755,1.1177,1.00,1.00
2010.06.15 01:26:32.974,1.11755,1.1177,1.00,4.80
2010.06.15 01:26:33.174,1.1175,1.1177,5.00,5.60
2010.06.15 01:26:33.376,1.1175,1.1177,1.40,6.00
2010.06.15 01:26:33.575,1.1175,1.11765,1.00,4.00
2010.06.15 01:26:33.925,1.1175,1.11765,1.40,5.60
2010.06.15 01:26:34.272,1.1175,1.11765,1.40,1.60
2010.06.15 01:26:34.912,1.1175,1.1177,1.40,6.40
2010.06.15 01:26:35.601,1.1175,1.11765,1.00,3.20
2010.06.15 01:26:35.889,1.11745,1.1176,2.20,4.00
2010.06.15 01:26:37.744,1.1175,1.1176,1.00,4.00
2010.06.15 01:26:37.923,1.1175,1.11765,1.40,4.80
2010.06.15 01:26:38.512,1.1175,1.11765,1.00,4.80
2010.06.15 01:26:38.763,1.1175,1.11765,1.00,8.80
2010.06.15 01:26:39.109,1.11745,1.1176,1.40,1.00
2010.06.15 01:26:39.793,1.11745,1.1176,1.40,1.60
2010.06.15 01:26:40.157,1.11745,1.1176,1.40,3.20
2010.06.15 01:26:40.251,1.11745,1.11755,1.40,1.00
2010.06.15 01:26:46.981,1.11745,1.1176,1.40,4.80
2010.06.15 01:26:47.320,1.11745,1.1176,1.40,3.20
2010.06.15 01:26:54.986,1.1175,1.11765,1.00,10.00
2010.06.15 01:26:55.213,1.1175,1.11765,1.00,1.00
2010.06.15 01:26:55.443,1.1175,1.11765,2.20,1.00
2010.06.15 01:26:55.675,1.1175,1.1177,2.20,1.60
2010.06.15 01:26:55.903,1.11755,1.11775,1.40,6.80
2010.06.15 01:27:00.571,1.11755,1.11775,2.20,4.00
2010.06.15 01:27:00.730,1.11755,1.11775,2.20,3.60
2010.06.15 01:27:00.810,1.11755,1.11775,2.20,3.20
2010.06.15 01:27:04.350,1.11755,1.11775,1.40,6.00
2010.06.15 01:27:04.510,1.11755,1.11775,1.40,6.40
2010.06.15 01:27:08.511,1.11755,1.11775,1.00,6.40
2010.06.15 01:27:08.681,1.11755,1.1177,1.00,1.00
2010.06.15 01:27:09.523,1.11755,1.1177,1.00,4.40
2010.06.15 01:27:09.738,1.1175,1.11765,1.00,4.80
2010.06.15 01:27:09.954,1.11745,1.11765,2.20,6.40
2010.06.15 01:27:10.515,1.11745,1.11765,1.40,6.40
2010.06.15 01:27:11.572,1.11745,1.1176,1.40,1.60
2010.06.15 01:27:11.831,1.11745,1.1176,1.40,7.20
2010.06.15 01:27:12.142,1.1174,1.1176,1.40,10.40
2010.06.15 01:27:12.451,1.1174,1.1176,1.40,6.40
2010.06.15 01:27:13.062,1.1174,1.1176,2.20,1.60
2010.06.15 01:27:13.373,1.11745,1.1176,1.00,1.60
2010.06.15 01:27:13.730,1.11745,1.1176,1.00,3.20
2010.06.15 01:27:14.481,1.11745,1.1176,1.40,3.20
2010.06.15 01:27:14.703,1.1175,1.1176,1.00,1.60
2010.06.15 01:27:14.922,1.1175,1.1177,1.60,5.60
2010.06.15 01:27:15.142,1.1175,1.1177,2.00,2.00
2010.06.15 01:27:15.361,1.1175,1.1177,3.40,1.60
2010.06.15 01:27:16.247,1.1175,1.1177,1.80,2.40
2010.06.15 01:27:16.416,1.1175,1.1177,1.40,4.00
2010.06.15 01:27:16.904,1.1175,1.1177,1.40,2.40
2010.06.15 01:27:17.801,1.1175,1.1177,1.40,5.20
2010.06.15 01:27:18.094,1.1175,1.11765,1.40,1.00
2010.06.15 01:27:18.942,1.1175,1.11765,1.40,8.80
2010.06.15 01:27:19.226,1.1175,1.1176,1.00,2.80
2010.06.15 01:27:19.482,1.11745,1.1176,2.20,3.20
2010.06.15 01:27:19.744,1.11745,1.1176,1.40,4.00
2010.06.15 01:27:20.544,1.11745,1.11755,1.00,2.80
2010.06.15 01:27:20.831,1.1174,1.11755,1.40,2.80
2010.06.15 01:27:21.121,1.1174,1.11755,1.00,2.80
2010.06.15 01:27:21.702,1.1174,1.11755,2.40,2.80
2010.06.15 01:27:21.964,1.1174,1.1176,2.40,12.00
2010.06.15 01:27:22.223,1.1174,1.1176,2.40,1.60
2010.06.15 01:27:26.937,1.11745,1.1176,1.40,1.00
2010.06.15 01:27:27.266,1.1175,1.11765,1.00,2.40
2010.06.15 01:27:35.530,1.1175,1.11765,1.40,1.60
2010.06.15 01:27:35.766,1.1175,1.11765,2.20,1.00
2010.06.15 01:27:35.837,1.1175,1.1177,3.80,2.40
2010.06.15 01:27:35.901,1.1175,1.1177,3.80,1.60
2010.06.15 01:27:36.213,1.1175,1.1177,4.60,1.60
2010.06.15 01:27:36.283,1.11755,1.1177,1.00,1.00
2010.06.15 01:27:36.625,1.11755,1.1177,1.40,1.00
2010.06.15 01:27:39.216,1.11755,1.11775,2.20,13.20
2010.06.15 01:27:39.488,1.1176,1.11775,1.00,5.20
2010.06.15 01:27:39.802,1.1176,1.11775,1.00,4.40
2010.06.15 01:27:39.961,1.1176,1.11775,1.40,2.80
2010.06.15 01:27:40.122,1.11765,1.11775,1.00,1.00
2010.06.15 01:27:44.512,1.11765,1.1177,1.00,1.00
2010.06.15 01:27:44.681,1.1176,1.1177,2.20,1.00
2010.06.15 01:27:44.854,1.1176,1.1177,1.00,1.00
2010.06.15 01:27:45.023,1.11755,1.1177,1.40,1.00
2010.06.15 01:27:55.281,1.11755,1.11775,1.40,15.60
2010.06.15 01:27:55.351,1.11755,1.11775,1.40,11.60
2010.06.15 01:27:55.421,1.11755,1.11775,1.40,5.20
2010.06.15 01:27:58.193,1.11755,1.11775,2.20,4.40
2010.06.15 01:27:58.343,1.11765,1.11775,1.00,1.20
2010.06.15 01:27:58.503,1.11765,1.11775,1.00,1.00
2010.06.15 01:27:59.940,1.11765,1.11775,1.00,1.60
2010.06.15 01:28:00.183,1.1176,1.11775,1.00,1.60
2010.06.15 01:28:00.422,1.1176,1.11775,1.00,3.20
2010.06.15 01:28:00.993,1.1176,1.1177,1.00,1.00
2010.06.15 01:28:02.052,1.11755,1.1177,1.40,1.00
2010.06.15 01:28:14.535,1.11755,1.11765,1.40,1.00
2010.06.15 01:28:14.613,1.11755,1.1176,1.40,1.60
2010.06.15 01:28:14.693,1.1175,1.1176,2.20,1.60
2010.06.15 01:28:14.852,1.1175,1.1176,1.00,2.80
2010.06.15 01:28:14.932,1.11745,1.1176,1.40,2.80
2010.06.15 01:28:15.011,1.11745,1.1176,1.40,3.20
2010.06.15 01:28:15.091,1.11745,1.1176,1.00,3.20
2010.06.15 01:28:15.493,1.11745,1.1176,2.20,1.60
2010.06.15 01:28:15.742,1.1175,1.11765,1.00,2.40
2010.06.15 01:28:16.922,1.1175,1.11765,1.00,1.60
2010.06.15 01:28:18.771,1.1175,1.11765,1.40,1.60
2010.06.15 01:28:18.971,1.1175,1.11765,1.40,1.00
2010.06.15 01:28:20.151,1.11755,1.1177,1.00,10.40
2010.06.15 01:28:20.342,1.11755,1.1177,1.00,6.40
2010.06.15 01:28:20.532,1.11755,1.1177,1.00,1.60
2010.06.15 01:28:21.302,1.1176,1.11775,1.00,14.40
2010.06.15 01:28:21.532,1.1176,1.11775,1.00,10.40
2010.06.15 01:28:21.738,1.11765,1.11775,1.40,4.00
2010.06.15 01:28:22.004,1.11765,1.11785,1.40,7.20
2010.06.15 01:28:23.494,1.11765,1.1178,1.40,3.20
2010.06.15 01:28:25.812,1.11765,1.1178,1.40,1.60
2010.06.15 01:28:26.048,1.11765,1.11785,1.40,16.00
2010.06.15 01:28:26.168,1.11765,1.11785,1.40,8.00
2010.06.15 01:28:27.173,1.11765,1.1178,1.40,3.20
2010.06.15 01:28:34.381,1.11765,1.1178,1.40,1.60
2010.06.15 01:28:34.481,1.11765,1.11785,1.40,2.80
2010.06.15 01:28:34.583,1.1177,1.1178,1.00,1.00
2010.06.15 01:28:36.970,1.1177,1.1178,1.00,3.20
2010.06.15 01:28:37.337,1.11765,1.11775,1.40,1.00
2010.06.15 01:28:37.486,1.11765,1.11775,1.00,7.20
2010.06.15 01:28:37.631,1.1176,1.11775,1.40,13.60
2010.06.15 01:28:37.772,1.1176,1.1177,1.00,1.00
2010.06.15 01:28:38.932,1.1176,1.11775,1.00,11.20
2010.06.15 01:28:39.271,1.1176,1.11775,1.00,1.00
2010.06.15 01:28:50.792,1.1176,1.1178,1.00,13.60
2010.06.15 01:28:50.862,1.1176,1.1178,1.00,7.80
2010.06.15 01:28:50.994,1.11765,1.1178,1.00,7.00
2010.06.15 01:28:51.062,1.11765,1.1178,1.00,2.40
2010.06.15 01:28:51.264,1.1177,1.11785,1.00,8.00
2010.06.15 01:28:51.614,1.11775,1.1179,1.00,8.40
2010.06.15 01:28:51.822,1.11775,1.1179,1.00,6.00
2010.06.15 01:28:52.023,1.11775,1.1179,1.00,3.20
2010.06.15 01:28:52.222,1.11775,1.1179,1.00,1.60
2010.06.15 01:28:52.901,1.11775,1.1179,1.00,1.00
2010.06.15 01:28:53.245,1.11775,1.11795,1.40,6.40
2010.06.15 01:28:54.022,1.11775,1.1179,1.40,1.00
2010.06.15 01:28:56.721,1.11775,1.1179,1.40,4.40
2010.06.15 01:28:56.873,1.11775,1.1179,1.00,14.00
2010.06.15 01:28:57.040,1.1177,1.11785,2.20,4.00
2010.06.15 01:28:57.211,1.1177,1.11785,1.40,4.80
2010.06.15 01:28:58.382,1.11775,1.11785,1.00,4.80
2010.06.15 01:29:00.481,1.11775,1.11785,1.00,4.00
2010.06.15 01:29:00.699,1.11775,1.11785,1.40,4.00
2010.06.15 01:29:00.927,1.1178,1.1179,1.00,4.80
2010.06.15 01:29:01.029,1.1178,1.1179,1.00,4.00
2010.06.15 01:29:01.122,1.1178,1.11795,1.00,12.40
2010.06.15 01:29:01.301,1.1178,1.11795,1.00,11.60
2010.06.15 01:29:01.500,1.1178,1.11795,1.00,10.00
2010.06.15 01:29:01.933,1.11785,1.11795,1.00,4.80
2010.06.15 01:29:02.373,1.1178,1.11785,2.20,1.00
2010.06.15 01:29:02.723,1.11775,1.1179,1.00,15.50
2010.06.15 01:29:05.201,1.11775,1.1179,1.00,16.30
2010.06.15 01:29:08.781,1.11775,1.1179,1.00,15.50
2010.06.15 01:29:08.870,1.11775,1.1179,1.00,14.00
2010.06.15 01:29:08.961,1.11775,1.1179,1.00,10.40
2010.06.15 01:29:09.051,1.11775,1.1179,1.00,8.80
2010.06.15 01:29:09.437,1.11775,1.1179,1.00,1.00
2010.06.15 01:29:19.253,1.11775,1.1179,1.00,4.00
2010.06.15 01:29:19.470,1.11775,1.1179,1.00,2.00
2010.06.15 01:29:19.673,1.11775,1.1179,1.00,1.00
2010.06.15 01:29:39.670,1.1178,1.11795,1.00,12.70
2010.06.15 01:29:47.792,1.1178,1.1179,1.00,1.00
2010.06.15 01:29:48.137,1.11775,1.1179,1.00,4.00
2010.06.15 01:29:48.484,1.11775,1.1179,1.00,1.00
2010.06.15 01:29:48.684,1.11775,1.1179,1.00,1.60
2010.06.15 01:29:51.432,1.11775,1.1179,1.00,2.00
2010.06.15 01:29:51.562,1.1177,1.11785,1.00,1.00
2010.06.15 01:29:52.127,1.1177,1.11785,1.00,2.40
2010.06.15 01:29:52.244,1.1177,1.11785,1.00,4.40
2010.06.15 01:29:52.351,1.1177,1.11785,1.00,4.80
2010.06.15 01:29:52.462,1.1177,1.11785,1.00,5.60
2010.06.15 01:29:52.573,1.11765,1.11785,3.80,3.20
2010.06.15 01:29:52.684,1.11765,1.11785,5.40,3.20
2010.06.15 01:29:52.902,1.11765,1.11785,4.60,3.20
2010.06.15 01:29:54.841,1.1177,1.11785,1.40,2.40
2010.06.15 01:29:54.982,1.1177,1.11785,2.20,2.40
2010.06.15 01:29:55.125,1.11765,1.11775,6.40,1.00
2010.06.15 01:29:55.223,1.11765,1.11775,4.80,1.00
2010.06.15 01:29:55.323,1.11765,1.1177,4.00,1.00
2010.06.15 01:29:55.422,1.11765,1.1177,4.80,1.00
2010.06.15 01:29:55.524,1.11765,1.1178,1.40,1.00
2010.06.15 01:29:55.779,1.1176,1.1178,3.80,4.80
2010.06.15 01:29:55.870,1.1176,1.1178,2.20,4.40
2010.06.15 01:29:55.971,1.1176,1.1178,2.20,4.70
2010.06.15 01:29:56.072,1.1176,1.1178,3.00,3.10
2010.06.15 01:29:56.171,1.1176,1.1178,4.60,3.10
2010.06.15 01:29:56.513,1.1176,1.1178,4.60,1.60
2010.06.15 01:29:59.598,1.1176,1.1178,3.80,3.20
2010.06.15 01:29:59.673,1.1176,1.1178,2.20,3.20
2010.06.15 01:30:00.200,1.1176,1.1178,2.20,4.70
2010.06.15 01:30:03.643,1.1176,1.1178,2.20,8.30
2010.06.15 01:30:03.731,1.1176,1.1178,1.40,9.10
2010.06.15 01:30:03.821,1.1176,1.1178,1.40,9.90
2010.06.15 01:30:03.915,1.11755,1.11775,2.20,1.00
2010.06.15 01:30:04.002,1.11755,1.11775,2.20,3.90
2010.06.15 01:30:04.092,1.11755,1.1177,1.00,1.60
2010.06.15 01:30:08.503,1.11755,1.11765,1.00,1.00
2010.06.15 01:30:10.052,1.1175,1.11765,1.40,1.00
2010.06.15 01:30:14.392,1.1175,1.11765,1.40,1.60
2010.06.15 01:30:14.542,1.1175,1.1176,1.40,1.00
2010.06.15 01:30:14.715,1.1175,1.1176,1.00,1.00
2010.06.15 01:30:14.885,1.11745,1.1176,2.20,1.00
2010.06.15 01:30:15.056,1.11745,1.1176,1.00,3.20
2010.06.15 01:30:15.228,1.11745,1.1176,1.00,8.00
2010.06.15 01:30:15.398,1.11745,1.1176,1.00,12.00
2010.06.15 01:30:15.856,1.1174,1.11755,1.40,11.20
2010.06.15 01:30:23.203,1.1174,1.11755,1.40,1.00
2010.06.15 01:30:23.522,1.11745,1.11755,1.00,1.00
2010.06.15 01:30:24.533,1.11745,1.11755,1.00,4.70
2010.06.15 01:30:24.743,1.1174,1.11755,1.00,5.10
2010.06.15 01:30:27.580,1.1174,1.11755,1.00,3.50
2010.06.15 01:30:27.733,1.1174,1.1175,1.00,1.00
2010.06.15 01:30:28.015,1.11735,1.1175,1.40,1.00
2010.06.15 01:30:28.176,1.11735,1.1175,1.00,1.00
2010.06.15 01:30:28.332,1.1174,1.11755,1.00,5.10
2010.06.15 01:30:34.612,1.1174,1.11755,1.00,3.50
2010.06.15 01:30:34.703,1.1174,1.11755,1.00,3.10
2010.06.15 01:30:34.790,1.1174,1.11755,1.00,1.60
2010.06.15 01:30:34.880,1.1174,1.1176,1.00,10.30
2010.06.15 01:30:36.223,1.1174,1.1176,1.00,9.50
2010.06.15 01:30:36.381,1.1174,1.1176,1.00,8.70
2010.06.15 01:30:39.781,1.1174,1.1176,1.40,5.50
2010.06.15 01:30:39.984,1.1174,1.1176,3.80,1.00
2010.06.15 01:30:40.061,1.11745,1.1176,1.00,1.00
2010.06.15 01:30:40.223,1.11745,1.1176,1.40,1.00
2010.06.15 01:30:40.300,1.11745,1.11765,1.40,6.70
2010.06.15 01:30:40.560,1.11745,1.11765,1.40,6.30
2010.06.15 01:30:47.741,1.11745,1.11765,1.40,6.00
2010.06.15 01:30:48.021,1.11745,1.11765,1.40,6.40
2010.06.15 01:30:48.941,1.11745,1.11765,2.20,3.90
2010.06.15 01:30:49.173,1.1175,1.11765,1.40,1.00
2010.06.15 01:30:57.000,1.1175,1.1176,1.40,1.00
2010.06.15 01:30:57.111,1.1175,1.1176,1.00,1.00
2010.06.15 01:30:57.242,1.11745,1.1176,1.00,1.00
2010.06.15 01:31:04.444,1.1175,1.1176,1.00,1.00
2010.06.15 01:31:07.651,1.1175,1.11765,1.00,2.00
2010.06.15 01:31:07.741,1.1175,1.11765,1.00,1.20
2010.06.15 01:31:07.910,1.1175,1.11765,1.40,1.00
2010.06.15 01:31:08.267,1.1175,1.1177,1.40,6.30
2010.06.15 01:31:08.565,1.11755,1.1177,1.40,3.90
2010.06.15 01:31:11.852,1.11755,1.1177,1.40,5.50
2010.06.15 01:31:21.086,1.11755,1.1177,1.40,4.70
2010.06.15 01:31:21.283,1.11755,1.1177,1.40,3.20
2010.06.15 01:31:21.353,1.11755,1.1177,2.20,1.00
2010.06.15 01:31:24.210,1.11755,1.11775,2.20,4.00
2010.06.15 01:31:27.426,1.1176,1.11775,1.00,4.00
2010.06.15 01:31:27.779,1.1176,1.11775,1.00,1.00
2010.06.15 01:31:28.128,1.11765,1.1178,1.00,1.00
2010.06.15 01:31:28.476,1.11755,1.1177,1.40,3.10
2010.06.15 01:31:28.784,1.1175,1.11765,1.40,3.50
2010.06.15 01:31:29.384,1.1175,1.11765,1.40,4.30
2010.06.15 01:31:30.418,1.1174,1.11755,3.80,2.00
2010.06.15 01:31:30.599,1.1174,1.11755,1.40,3.50
2010.06.15 01:31:30.775,1.1174,1.11755,1.00,4.30
2010.06.15 01:31:31.006,1.11735,1.11755,3.00,4.30
2010.06.15 01:31:31.180,1.11735,1.1175,1.40,1.50
2010.06.15 01:31:31.354,1.11735,1.1175,1.40,9.90
2010.06.15 01:31:31.527,1.1173,1.11745,1.40,6.40
2010.06.15 01:31:31.875,1.11725,1.11745,1.40,14.40
2010.06.15 01:31:33.353,1.11725,1.11745,3.00,13.60
2010.06.15 01:31:33.693,1.11725,1.11745,5.00,12.00
2010.06.15 01:31:36.652,1.1173,1.11745,1.00,12.00
2010.06.15 01:31:36.895,1.1173,1.11745,1.00,3.20
2010.06.15 01:31:37.135,1.11735,1.1174,1.00,8.00
2010.06.15 01:31:37.377,1.11735,1.1175,1.40,1.60
2010.06.15 01:31:37.628,1.1173,1.11735,1.00,1.00
2010.06.15 01:31:37.876,1.1172,1.11735,3.00,1.00
2010.06.15 01:31:38.224,1.1172,1.11735,1.00,1.00
2010.06.15 01:31:38.959,1.1172,1.1174,1.00,7.90
2010.06.15 01:31:39.192,1.1172,1.1174,2.20,6.30
2010.06.15 01:31:39.968,1.11725,1.1174,1.60,6.00
2010.06.15 01:31:40.316,1.11725,1.1174,1.60,6.40
2010.06.15 01:31:40.803,1.1172,1.1174,1.00,6.40
2010.06.15 01:31:41.146,1.11715,1.1174,3.20,10.30
2010.06.15 01:31:41.487,1.11715,1.11735,4.00,3.60
2010.06.15 01:31:41.966,1.11715,1.11735,3.10,3.60
2010.06.15 01:31:42.316,1.11715,1.11735,5.50,3.60
2010.06.15 01:31:43.346,1.11715,1.11735,1.00,5.20
2010.06.15 01:31:43.700,1.1171,1.11735,7.80,7.60
2010.06.15 01:31:44.047,1.11715,1.11735,1.00,3.20
2010.06.15 01:31:44.397,1.11715,1.11735,3.00,3.50
2010.06.15 01:31:45.085,1.11715,1.1173,1.40,1.00
2010.06.15 01:31:49.462,1.11715,1.1173,3.00,1.00
2010.06.15 01:31:49.692,1.11715,1.1173,5.40,1.00
2010.06.15 01:31:49.831,1.11715,1.11735,5.40,3.50
2010.06.15 01:31:49.971,1.11715,1.11735,3.00,3.50
2010.06.15 01:31:50.110,1.11715,1.11735,1.40,3.50
2010.06.15 01:31:51.514,1.11715,1.11735,1.40,5.90
2010.06.15 01:31:51.741,1.11715,1.1173,1.40,4.80
2010.06.15 01:31:51.815,1.11715,1.1173,1.00,7.20
2010.06.15 01:31:51.882,1.1171,1.1173,2.20,8.00
2010.06.15 01:31:51.952,1.1171,1.1173,1.40,8.00
2010.06.15 01:31:52.092,1.1171,1.1173,3.00,6.40
2010.06.15 01:31:52.597,1.11715,1.1173,1.00,1.60
2010.06.15 01:31:54.724,1.1171,1.1173,2.20,7.20
2010.06.15 01:31:54.922,1.1171,1.1173,2.20,8.00
2010.06.15 01:31:55.122,1.1171,1.1173,1.40,8.00
2010.06.15 01:31:57.542,1.11715,1.1173,1.00,7.20
2010.06.15 01:31:57.754,1.11715,1.1173,1.40,1.00
2010.06.15 01:31:57.963,1.1172,1.11735,1.00,6.40
2010.06.15 01:31:58.171,1.1172,1.11735,1.00,2.40
2010.06.15 01:31:58.383,1.1172,1.1173,1.40,1.60
2010.06.15 01:31:58.593,1.1172,1.1173,1.00,1.60
2010.06.15 01:31:58.925,1.1172,1.11735,1.00,1.00
2010.06.15 01:31:59.255,1.1172,1.1173,1.00,1.00
2010.06.15 01:31:59.594,1.11715,1.1173,1.40,1.60
2010.06.15 01:32:03.541,1.11715,1.1173,1.40,3.20
2010.06.15 01:32:03.722,1.11715,1.1173,1.40,7.20
2010.06.15 01:32:04.263,1.11715,1.11725,1.40,1.00
2010.06.15 01:32:04.635,1.1171,1.11725,1.40,1.00
2010.06.15 01:32:04.936,1.1171,1.11725,1.40,2.40
2010.06.15 01:32:05.233,1.1171,1.1173,1.40,12.70
2010.06.15 01:32:05.432,1.1171,1.1173,1.40,6.30
2010.06.15 01:32:06.109,1.1171,1.11725,1.40,1.60
2010.06.15 01:32:07.064,1.1171,1.11725,1.40,8.00
2010.06.15 01:32:07.318,1.11705,1.1172,2.20,6.40
2010.06.15 01:32:07.645,1.11705,1.1172,1.40,1.60
2010.06.15 01:32:07.962,1.1171,1.1172,1.00,1.60
2010.06.15 01:32:08.282,1.1171,1.1172,1.40,1.60
2010.06.15 01:32:08.923,1.1171,1.11725,1.40,3.20
2010.06.15 01:32:09.261,1.1171,1.11725,1.40,1.60
2010.06.15 01:32:09.894,1.1171,1.11725,1.00,2.40
2010.06.15 01:32:10.071,1.11705,1.11725,1.40,2.40
2010.06.15 01:32:11.945,1.11705,1.11725,1.40,4.40
2010.06.15 01:32:15.055,1.11705,1.11725,1.00,4.40
2010.06.15 01:32:15.303,1.117,1.11725,6.20,6.30
2010.06.15 01:32:17.031,1.11705,1.11725,1.00,4.70
2010.06.15 01:32:17.132,1.11705,1.11725,1.60,2.70
2010.06.15 01:32:17.222,1.11705,1.11725,2.20,2.70
2010.06.15 01:32:17.311,1.1171,1.11725,1.00,1.00
2010.06.15 01:32:17.401,1.1171,1.11725,1.40,1.00
2010.06.15 01:32:17.812,1.11715,1.1173,1.00,1.60
2010.06.15 01:32:17.902,1.11715,1.1173,1.60,1.20
2010.06.15 01:32:18.146,1.11715,1.11735,3.40,1.60
2010.06.15 01:32:18.396,1.1172,1.1174,8.20,2.40
2010.06.15 01:32:18.644,1.11725,1.1174,1.40,1.60
2010.06.15 01:32:21.771,1.11725,1.1174,1.00,2.40
2010.06.15 01:32:21.831,1.1172,1.1174,6.20,2.40
2010.06.15 01:32:21.951,1.1172,1.1174,5.40,2.40
2010.06.15 01:32:22.011,1.1172,1.11735,5.40,1.60
2010.06.15 01:32:24.040,1.1172,1.1174,5.40,2.40
2010.06.15 01:32:24.711,1.1172,1.11735,5.40,1.60
2010.06.15 01:32:25.264,1.11715,1.11735,3.40,1.60
2010.06.15 01:32:28.773,1.11715,1.1173,1.40,1.60
2010.06.15 01:32:29.145,1.11715,1.1173,6.20,1.60
2010.06.15 01:32:29.335,1.1172,1.11735,1.00,2.40
2010.06.15 01:32:29.603,1.1172,1.11735,1.40,2.40
2010.06.15 01:32:30.832,1.1172,1.11735,1.40,1.00
2010.06.15 01:32:31.673,1.1172,1.1174,1.40,5.10
2010.06.15 01:32:31.711,1.1172,1.1174,1.40,3.60
2010.06.15 01:32:31.771,1.1172,1.1174,1.40,3.20
2010.06.15 01:32:31.795,1.1172,1.1174,5.40,3.20
2010.06.15 01:32:32.108,1.1172,1.11735,5.40,1.00
2010.06.15 01:32:32.171,1.1172,1.11735,4.80,1.00
2010.06.15 01:32:32.192,1.1172,1.11735,4.00,1.00
2010.06.15 01:32:32.340,1.1172,1.11735,4.00,2.40
2010.06.15 01:32:35.961,1.1172,1.1173,4.00,1.00
2010.06.15 01:32:36.333,1.11715,1.1173,1.40,1.00
2010.06.15 01:32:36.646,1.11715,1.1173,3.80,1.00
2010.06.15 01:32:36.755,1.11715,1.1173,11.80,1.00
2010.06.15 01:32:37.965,1.11715,1.11725,4.00,2.40
2010.06.15 01:32:38.308,1.1171,1.1173,1.40,2.40
2010.06.15 01:32:39.708,1.11715,1.1173,1.40,2.40
2010.06.15 01:32:39.876,1.11715,1.11735,1.40,2.40
2010.06.15 01:32:40.042,1.11715,1.1173,1.40,1.60
2010.06.15 01:32:40.203,1.1171,1.1173,13.80,1.60
2010.06.15 01:32:45.039,1.1172,1.11735,4.00,1.00
2010.06.15 01:32:45.174,1.1172,1.11735,4.00,2.40
2010.06.15 01:32:45.431,1.1172,1.11735,4.00,1.00
2010.06.15 01:32:50.655,1.1172,1.1174,4.00,9.90
2010.06.15 01:32:50.906,1.11725,1.1174,8.80,3.20
2010.06.15 01:32:51.151,1.11725,1.11745,3.00,1.90
2010.06.15 01:32:51.470,1.11735,1.1175,1.40,10.40
2010.06.15 01:32:51.786,1.11735,1.1175,1.40,8.80
2010.06.15 01:32:54.242,1.11735,1.1175,1.40,6.40
2010.06.15 01:32:54.583,1.11735,1.1175,1.40,2.40
2010.06.15 01:32:54.824,1.11735,1.1175,1.40,4.00
2010.06.15 01:32:55.039,1.11735,1.1175,1.40,8.80
2010.06.15 01:32:59.962,1.1173,1.11745,1.40,1.00
2010.06.15 01:33:13.012,1.1173,1.1175,2.20,7.20
2010.06.15 01:33:13.227,1.1173,1.1175,2.20,1.60
2010.06.15 01:33:13.566,1.11735,1.11755,1.40,5.10
2010.06.15 01:33:19.072,1.11735,1.11755,2.20,1.60
2010.06.15 01:33:19.296,1.11745,1.1176,1.40,5.10
2010.06.15 01:33:22.824,1.11745,1.1176,1.40,3.90
2010.06.15 01:33:23.090,1.11745,1.1176,1.40,2.30
2010.06.15 01:33:23.224,1.11745,1.1176,1.40,1.00
2010.06.15 01:33:23.571,1.1176,1.11765,1.40,1.50
2010.06.15 01:33:24.042,1.1176,1.1178,1.40,1.00
2010.06.15 01:33:24.388,1.1176,1.1178,2.20,1.00
2010.06.15 01:33:25.073,1.11765,1.1178,1.40,1.00
2010.06.15 01:33:39.352,1.11765,1.11785,3.00,5.10
2010.06.15 01:33:39.563,1.11775,1.11785,1.40,1.00
2010.06.15 01:33:39.774,1.11775,1.1179,1.40,1.60
2010.06.15 01:33:39.985,1.1178,1.11795,1.40,1.00
2010.06.15 01:33:40.404,1.1178,1.11795,1.00,3.90
2010.06.15 01:33:40.643,1.1178,1.1179,1.00,1.00
2010.06.15 01:33:40.882,1.11775,1.1179,1.40,1.00
2010.06.15 01:33:41.583,1.11775,1.11795,1.40,6.70
2010.06.15 01:33:41.901,1.1177,1.11795,12.60,6.70
2010.06.15 01:33:42.165,1.1177,1.1179,8.60,1.00
2010.06.15 01:33:42.426,1.1177,1.1179,2.20,1.00
2010.06.15 01:33:43.245,1.1177,1.1179,2.20,1.60
2010.06.15 01:33:43.515,1.1177,1.1179,2.20,1.70
2010.06.15 01:33:43.822,1.1177,1.1179,2.20,1.60
2010.06.15 01:33:44.843,1.1177,1.11785,1.40,1.00
2010.06.15 01:33:45.043,1.1177,1.11785,1.00,2.40
2010.06.15 01:33:45.317,1.11765,1.11785,1.40,4.00
2010.06.15 01:33:45.524,1.11765,1.1178,1.40,1.60
2010.06.15 01:33:52.570,1.11765,1.11775,1.40,1.60
2010.06.15 01:33:52.661,1.11765,1.11775,1.00,3.20
2010.06.15 01:33:52.752,1.1176,1.11765,4.80,1.00
2010.06.15 01:33:52.955,1.1176,1.11765,4.00,1.00
2010.06.15 01:33:53.295,1.11755,1.1176,1.00,4.00
2010.06.15 01:33:53.492,1.11745,1.11765,3.80,4.80
2010.06.15 01:33:53.692,1.11745,1.11765,3.20,1.00
2010.06.15 01:33:54.989,1.11745,1.11765,1.60,1.00
2010.06.15 01:33:55.292,1.1174,1.1176,2.40,2.40
2010.06.15 01:33:55.600,1.1173,1.1174,1.00,1.00
2010.06.15 01:33:55.997,1.11725,1.11745,6.80,2.70
2010.06.15 01:33:56.326,1.1173,1.11745,1.00,1.00
2010.06.15 01:33:59.732,1.1173,1.1175,4.80,2.40
2010.06.15 01:33:59.935,1.1173,1.1175,6.40,2.40
2010.06.15 01:34:00.154,1.1173,1.1175,4.80,2.40
2010.06.15 01:34:01.876,1.1173,1.1175,6.20,2.40
2010.06.15 01:34:02.424,1.11735,1.1175,1.00,1.60
2010.06.15 01:34:02.716,1.1173,1.1175,1.20,9.50
2010.06.15 01:34:03.004,1.11735,1.1175,1.00,7.50
2010.06.15 01:34:03.294,1.1173,1.1175,2.20,5.90
2010.06.15 01:34:03.635,1.1173,1.1175,1.00,7.10
2010.06.15 01:34:04.105,1.11725,1.1174,5.40,1.00
2010.06.15 01:34:04.451,1.1172,1.1174,1.40,2.40
2010.06.15 01:34:04.794,1.1172,1.1174,1.40,4.00
2010.06.15 01:34:05.135,1.1172,1.11735,3.00,1.00
2010.06.15 01:34:05.477,1.1172,1.1174,7.00,1.60
2010.06.15 01:34:05.823,1.11725,1.1174,1.00,1.00
2010.06.15 01:34:06.788,1.11725,1.1174,1.00,1.60
2010.06.15 01:34:08.368,1.11725,1.1174,1.40,1.00
2010.06.15 01:34:08.716,1.11725,1.1174,5.40,1.00
2010.06.15 01:34:09.861,1.11725,1.11745,9.40,2.00
2010.06.15 01:34:10.053,1.11725,1.11745,11.00,2.00
2010.06.15 01:34:10.278,1.11725,1.11745,11.40,1.60
2010.06.15 01:34:12.810,1.1173,1.11745,1.60,1.60
2010.06.15 01:34:13.034,1.1173,1.11745,10.20,1.00
2010.06.15 01:34:13.202,1.1173,1.1175,9.80,3.20
2010.06.15 01:34:13.366,1.11735,1.1175,1.40,1.60
2010.06.15 01:34:13.682,1.11735,1.11755,1.40,4.00
2010.06.15 01:34:15.162,1.11735,1.1175,1.40,1.00
2010.06.15 01:34:17.282,1.11735,1.11745,1.40,1.00
2010.06.15 01:34:17.503,1.11725,1.11745,11.40,1.00
2010.06.15 01:34:17.610,1.11725,1.11745,11.00,1.00
2010.06.15 01:34:20.073,1.11725,1.11745,11.80,1.00
2010.06.15 01:34:20.731,1.1173,1.11745,1.00,1.00
2010.06.15 01:34:31.152,1.1173,1.11745,1.00,3.20
2010.06.15 01:34:31.251,1.1173,1.1174,1.00,1.00
2010.06.15 01:34:31.352,1.11725,1.1174,4.60,1.60
2010.06.15 01:34:32.965,1.11725,1.1174,7.00,1.60
2010.06.15 01:34:33.212,1.11725,1.1174,11.00,1.60
2010.06.15 01:34:33.467,1.11735,1.11745,1.00,2.00
2010.06.15 01:34:33.743,1.11735,1.11745,1.00,1.00
2010.06.15 01:34:34.291,1.11735,1.1175,1.00,2.40
2010.06.15 01:34:40.571,1.11735,1.1175,1.00,4.00
2010.06.15 01:34:46.522,1.11735,1.1175,1.00,3.20
2010.06.15 01:34:46.601,1.11735,1.1175,1.00,1.60
2010.06.15 01:34:46.711,1.11735,1.1175,1.00,1.00
2010.06.15 01:34:48.801,1.11735,1.1175,1.00,1.60
2010.06.15 01:34:53.243,1.11735,1.1175,1.00,1.00
2010.06.15 01:34:53.412,1.11735,1.11745,1.00,1.60
2010.06.15 01:34:53.586,1.11735,1.11745,1.00,3.50
2010.06.15 01:34:53.753,1.1173,1.11745,1.40,3.50
2010.06.15 01:34:54.094,1.1173,1.11745,1.40,4.30
2010.06.15 01:34:54.439,1.1173,1.11745,1.00,5.10
2010.06.15 01:34:57.965,1.1173,1.11745,1.00,2.40
2010.06.15 01:34:58.212,1.1173,1.11745,1.00,1.60
2010.06.15 01:34:59.392,1.1173,1.1175,1.00,7.50
2010.06.15 01:34:59.687,1.1173,1.1175,3.00,5.50
2010.06.15 01:34:59.910,1.1173,1.1175,3.00,3.90
2010.06.15 01:35:00.132,1.11735,1.1175,1.40,3.90
2010.06.15 01:35:06.542,1.1173,1.1175,3.00,4.70
2010.06.15 01:35:06.691,1.1173,1.1175,1.40,4.70
2010.06.15 01:35:08.132,1.1173,1.11745,1.40,1.00
2010.06.15 01:35:08.415,1.1173,1.11745,1.40,1.60
2010.06.15 01:35:13.716,1.1173,1.11745,1.40,1.00
2010.06.15 01:35:17.275,1.1173,1.11745,5.40,1.00
2010.06.15 01:35:17.454,1.1173,1.11745,1.40,1.00
2010.06.15 01:35:17.632,1.1173,1.11735,1.40,1.00
2010.06.15 01:35:17.879,1.11725,1.11735,3.20,1.00
2010.06.15 01:35:18.058,1.1172,1.11735,3.20,1.00
2010.06.15 01:35:18.234,1.1172,1.11735,3.00,1.00
2010.06.15 01:35:19.252,1.11725,1.1174,1.00,2.80
2010.06.15 01:35:19.372,1.11725,1.11745,3.20,6.80
2010.06.15 01:35:19.492,1.1173,1.11745,1.40,1.20
2010.06.15 01:35:19.905,1.1173,1.11745,1.40,1.00
2010.06.15 01:35:22.981,1.1173,1.1175,1.40,6.70
2010.06.15 01:35:23.113,1.1173,1.1175,1.40,6.30
2010.06.15 01:35:23.242,1.1173,1.1175,1.40,4.80
2010.06.15 01:35:23.972,1.1173,1.11745,1.40,1.00
2010.06.15 01:35:24.450,1.1173,1.1175,1.40,7.20
2010.06.15 01:35:24.802,1.1173,1.1175,1.40,5.10
2010.06.15 01:35:25.751,1.1173,1.11745,1.40,1.00
2010.06.15 01:35:25.972,1.1173,1.11745,1.40,2.00
2010.06.15 01:35:26.193,1.1173,1.11745,1.40,3.50
2010.06.15 01:35:26.412,1.1173,1.11745,1.00,5.90
2010.06.15 01:35:29.553,1.1173,1.11735,1.00,1.00
2010.06.15 01:35:29.793,1.1172,1.11735,1.40,1.00
2010.06.15 01:35:31.506,1.1172,1.1174,2.20,2.80
2010.06.15 01:35:31.636,1.11725,1.1174,1.60,2.40
2010.06.15 01:35:31.768,1.1173,1.1174,1.40,2.40
2010.06.15 01:35:31.895,1.1173,1.11745,1.40,3.50
2010.06.15 01:35:32.364,1.1173,1.1174,1.40,2.80
2010.06.15 01:35:32.707,1.1173,1.11745,1.40,5.10
2010.06.15 01:35:33.055,1.1173,1.11745,1.00,5.10
2010.06.15 01:35:33.399,1.11725,1.11745,1.40,6.70
2010.06.15 01:35:33.734,1.11725,1.11745,1.40,5.10
2010.06.15 01:35:34.073,1.11725,1.11745,1.40,3.50
2010.06.15 01:35:34.542,1.11725,1.1174,1.40,2.80
2010.06.15 01:35:34.784,1.11725,1.1174,1.00,3.10
2010.06.15 01:35:35.035,1.1172,1.1173,3.00,1.00
2010.06.15 01:35:35.277,1.11715,1.1173,5.60,1.00
2010.06.15 01:35:35.622,1.11715,1.1173,4.00,1.60
2010.06.15 01:35:36.305,1.1171,1.1173,7.80,1.60
2010.06.15 01:35:36.884,1.1171,1.1173,6.20,1.60
2010.06.15 01:35:37.892,1.1172,1.1173,1.00,1.00
2010.06.15 01:35:38.233,1.1172,1.1173,1.40,1.00
2010.06.15 01:35:38.565,1.11715,1.11735,1.40,3.10
2010.06.15 01:35:38.762,1.11715,1.11735,1.40,4.70
2010.06.15 01:35:40.423,1.11715,1.11725,1.40,1.00
2010.06.15 01:35:40.731,1.1171,1.11725,4.00,1.00
2010.06.15 01:35:42.232,1.1171,1.1172,4.00,1.00
2010.06.15 01:35:42.271,1.11705,1.1172,9.40,1.00
2010.06.15 01:35:42.524,1.11705,1.1172,7.80,1.00
2010.06.15 01:35:42.566,1.11705,1.1172,5.40,1.00
2010.06.15 01:35:44.146,1.11705,1.1172,1.40,1.00
2010.06.15 01:35:45.090,1.11695,1.1171,4.60,1.60
2010.06.15 01:35:45.436,1.11705,1.1171,1.00,1.60
2010.06.15 01:35:45.784,1.11705,1.1171,1.00,1.00
2010.06.15 01:35:46.044,1.11695,1.1171,5.00,1.60
2010.06.15 01:35:46.449,1.11695,1.1171,4.60,2.40
2010.06.15 01:35:47.220,1.11695,1.11705,1.00,1.00
2010.06.15 01:35:47.607,1.1169,1.117,8.00,1.00
2010.06.15 01:35:47.845,1.1169,1.117,1.00,1.00
2010.06.15 01:35:48.197,1.11695,1.11705,1.00,4.00
2010.06.15 01:35:48.628,1.11705,1.11715,1.00,10.00
2010.06.15 01:35:48.983,1.11705,1.11715,4.60,1.00
2010.06.15 01:35:49.325,1.11705,1.1172,1.00,2.80
2010.06.15 01:35:49.667,1.11705,1.1172,1.40,1.00
2010.06.15 01:35:50.355,1.117,1.1172,1.40,2.40
2010.06.15 01:35:50.694,1.117,1.11715,2.20,2.40
2010.06.15 01:35:51.035,1.1169,1.117,3.20,16.80
2010.06.15 01:35:51.284,1.1168,1.1169,1.40,1.00
2010.06.15 01:35:51.535,1.11685,1.117,1.40,8.80
2010.06.15 01:35:51.781,1.11685,1.117,1.40,1.00
2010.06.15 01:35:52.273,1.1168,1.11695,1.40,1.00
2010.06.15 01:35:52.613,1.1168,1.117,1.40,6.00
2010.06.15 01:35:52.956,1.11685,1.117,1.40,1.60
2010.06.15 01:35:53.310,1.1169,1.11705,1.00,2.80
2010.06.15 01:35:53.657,1.1169,1.11705,1.40,1.20
2010.06.15 01:35:54.006,1.1169,1.117,1.40,1.00
2010.06.15 01:35:54.352,1.1169,1.11705,1.40,1.00
2010.06.15 01:35:54.918,1.1169,1.1171,1.40,4.80
2010.06.15 01:35:55.157,1.1169,1.1171,5.40,3.60
2010.06.15 01:35:57.212,1.1169,1.1171,13.40,2.00
2010.06.15 01:35:57.663,1.11695,1.11705,1.40,1.00
2010.06.15 01:35:58.012,1.1169,1.11705,5.40,1.00
2010.06.15 01:35:58.703,1.1169,1.11705,1.40,1.00
2010.06.15 01:36:00.625,1.1169,1.11705,1.40,1.60
2010.06.15 01:36:00.849,1.11685,1.117,1.40,1.00
2010.06.15 01:36:01.196,1.11685,1.11705,1.40,7.60
2010.06.15 01:36:01.673,1.11685,1.11705,1.40,2.40
2010.06.15 01:36:02.016,1.11685,1.1171,3.40,5.20
2010.06.15 01:36:02.365,1.11685,1.11705,3.40,1.60
2010.06.15 01:36:03.026,1.11685,1.11695,1.40,8.80
2010.06.15 01:36:03.348,1.1168,1.11695,2.20,8.80
2010.06.15 01:36:03.666,1.1168,1.1169,1.40,1.00
2010.06.15 01:36:04.139,1.1168,1.11695,1.00,6.80
2010.06.15 01:36:04.491,1.11675,1.1169,1.40,1.00
2010.06.15 01:36:05.173,1.11675,1.1169,1.00,1.00
2010.06.15 01:36:05.851,1.11675,1.1169,1.00,1.60
2010.06.15 01:36:06.345,1.1167,1.11685,2.20,1.20
2010.06.15 01:36:06.595,1.11665,1.1168,2.20,1.20
2010.06.15 01:36:06.844,1.11665,1.1168,1.40,1.20
2010.06.15 01:36:09.344,1.11665,1.1168,1.40,1.00
2010.06.15 01:36:09.804,1.11665,1.11685,1.40,4.40
2010.06.15 01:36:10.032,1.11665,1.11685,1.40,3.60
2010.06.15 01:36:10.465,1.1166,1.11675,2.20,1.00
2010.06.15 01:36:10.805,1.1166,1.11675,1.40,1.20
2010.06.15 01:36:11.376,1.1166,1.11675,9.40,1.20
2010.06.15 01:36:11.597,1.1166,1.11675,9.40,2.80
2010.06.15 01:36:11.949,1.1166,1.11675,1.40,2.80
2010.06.15 01:36:12.163,1.1166,1.11675,1.00,4.00
2010.06.15 01:36:12.443,1.11655,1.1167,1.40,1.00
2010.06.15 01:36:12.723,1.11655,1.1167,5.40,1.00
2010.06.15 01:36:13.005,1.11655,1.11675,6.20,2.00
2010.06.15 01:36:13.283,1.1166,1.1168,10.40,6.80
2010.06.15 01:36:13.961,1.1166,1.1168,10.40,4.40
2010.06.15 01:36:14.302,1.1166,1.1168,10.40,5.20
2010.06.15 01:36:14.530,1.1166,1.1168,10.40,6.40
2010.06.15 01:36:15.256,1.1166,1.1168,10.40,5.20
2010.06.15 01:36:15.423,1.1166,1.1168,10.40,4.40
2010.06.15 01:36:16.232,1.11665,1.1168,1.00,2.80
2010.06.15 01:36:16.581,1.11665,1.1168,1.40,2.00
2010.06.15 01:36:16.854,1.11665,1.11685,1.40,2.40
2010.06.15 01:36:17.713,1.11665,1.1168,1.40,1.00
2010.06.15 01:36:18.057,1.11665,1.11685,1.40,6.40
2010.06.15 01:36:18.406,1.11665,1.11685,1.40,2.40
2010.06.15 01:36:20.012,1.11665,1.1168,1.40,1.00
2010.06.15 01:36:20.222,1.11655,1.1167,9.40,1.00
2010.06.15 01:36:20.624,1.11655,1.1167,1.40,1.00
2010.06.15 01:36:21.334,1.11655,1.1167,3.00,1.00
2010.06.15 01:36:21.674,1.11655,1.1167,4.60,1.00
2010.06.15 01:36:21.958,1.11655,1.1168,4.60,7.60
2010.06.15 01:36:22.243,1.11655,1.1168,5.00,7.60
2010.06.15 01:36:22.643,1.11655,1.1167,1.40,1.00
2010.06.15 01:36:23.562,1.11655,1.1167,3.00,1.00
2010.06.15 01:36:24.473,1.11655,1.1167,3.00,1.20
2010.06.15 01:36:24.814,1.11655,1.1167,1.40,1.20
2010.06.15 01:36:30.337,1.1166,1.1168,1.60,9.20
2010.06.15 01:36:30.687,1.1167,1.1168,1.40,1.20
2010.06.15 01:36:31.036,1.11665,1.1168,1.40,1.00
2010.06.15 01:36:35.935,1.11665,1.1168,3.00,1.00
2010.06.15 01:36:37.912,1.11665,1.11675,1.00,1.80
2010.06.15 01:36:38.113,1.1166,1.1167,7.20,10.80
2010.06.15 01:36:38.509,1.1164,1.1165,3.00,1.00
2010.06.15 01:36:38.867,1.11635,1.1165,1.40,1.20
2010.06.15 01:36:39.216,1.11635,1.1165,1.00,1.00
2010.06.15 01:36:41.081,1.11635,1.1165,1.60,1.00
2010.06.15 01:36:41.252,1.11635,1.11655,1.60,2.40
2010.06.15 01:36:41.424,1.11635,1.1165,2.40,1.00
2010.06.15 01:36:41.658,1.11635,1.1165,1.00,1.00
2010.06.15 01:36:41.893,1.1163,1.1165,3.20,1.00
2010.06.15 01:36:42.711,1.1163,1.11645,2.40,4.00
2010.06.15 01:36:43.026,1.1163,1.11645,1.60,4.00
2010.06.15 01:36:43.346,1.11625,1.1165,7.80,5.60
2010.06.15 01:36:43.663,1.1163,1.11645,1.00,1.00
2010.06.15 01:36:44.130,1.11625,1.1165,7.80,4.80
2010.06.15 01:36:44.475,1.11625,1.1165,6.20,6.80
2010.06.15 01:36:44.816,1.11625,1.11645,2.20,1.00
2010.06.15 01:36:45.124,1.11625,1.11645,2.60,1.60
2010.06.15 01:36:45.275,1.11625,1.11645,2.30,1.60
2010.06.15 01:36:45.846,1.11625,1.11645,3.80,2.00
2010.06.15 01:36:46.399,1.1162,1.1164,6.20,1.60
2010.06.15 01:36:46.675,1.11615,1.11635,4.20,1.00
2010.06.15 01:36:46.874,1.11615,1.11635,3.00,2.40
2010.06.15 01:36:47.073,1.11615,1.11635,1.40,2.40
2010.06.15 01:36:47.273,1.11615,1.1163,1.40,1.00
2010.06.15 01:36:47.475,1.11615,1.1163,1.40,1.60
2010.06.15 01:36:47.674,1.11615,1.1163,2.00,1.00
2010.06.15 01:36:47.973,1.1162,1.1163,1.60,1.00
2010.06.15 01:36:48.276,1.1162,1.11635,6.00,1.60
2010.06.15 01:36:48.573,1.1162,1.11635,6.60,1.00
2010.06.15 01:36:49.963,1.1163,1.11635,1.00,1.00
2010.06.15 01:36:50.254,1.1163,1.11645,1.00,3.20
2010.06.15 01:36:50.823,1.11625,1.1164,1.00,1.60
2010.06.15 01:36:51.042,1.1162,1.1164,7.40,1.60
2010.06.15 01:36:52.391,1.11625,1.1164,1.00,1.00
2010.06.15 01:36:52.683,1.1163,1.1164,1.00,1.00
2010.06.15 01:36:52.878,1.1163,1.11645,1.00,2.00
2010.06.15 01:36:55.641,1.1163,1.11645,1.00,1.20
2010.06.15 01:36:56.133,1.1163,1.11645,1.00,2.40
2010.06.15 01:36:56.374,1.11625,1.1164,2.20,1.00
2010.06.15 01:36:56.616,1.1162,1.11635,4.60,1.00
2010.06.15 01:36:56.853,1.1162,1.1163,1.00,1.20
2010.06.15 01:36:57.332,1.11615,1.1163,3.00,1.20
2010.06.15 01:36:57.813,1.11615,1.11625,1.00,1.00
2010.06.15 01:36:58.733,1.11615,1.1163,3.00,1.00
2010.06.15 01:36:59.075,1.1162,1.1163,1.00,4.00
2010.06.15 01:36:59.299,1.1162,1.1163,1.00,4.40
2010.06.15 01:37:01.962,1.1162,1.1163,1.00,1.00
2010.06.15 01:37:04.632,1.1162,1.1164,1.00,9.60
2010.06.15 01:37:05.201,1.1162,1.1164,1.00,10.40
2010.06.15 01:37:05.770,1.1162,1.1164,1.00,12.00
2010.06.15 01:37:07.491,1.1162,1.1164,1.00,9.60
2010.06.15 01:37:07.561,1.1162,1.1164,2.20,8.00
2010.06.15 01:37:07.700,1.1162,1.1164,3.80,6.00
2010.06.15 01:37:07.771,1.1162,1.1164,4.60,4.00
2010.06.15 01:37:07.841,1.1162,1.1164,4.60,2.40
2010.06.15 01:37:07.981,1.1162,1.1164,4.60,1.60
2010.06.15 01:37:10.372,1.1162,1.1164,3.00,1.60
2010.06.15 01:37:11.431,1.1162,1.1164,3.00,3.20
2010.06.15 01:37:11.501,1.1162,1.11635,3.00,2.40
2010.06.15 01:37:11.571,1.1162,1.11635,1.40,4.00
2010.06.15 01:37:11.643,1.1162,1.11635,1.00,4.80
2010.06.15 01:37:11.713,1.1162,1.11635,1.00,2.80
2010.06.15 01:37:11.782,1.1162,1.11635,1.00,5.60
2010.06.15 01:37:12.032,1.1162,1.11635,1.00,1.00
2010.06.15 01:37:12.662,1.1162,1.11635,1.00,1.60
2010.06.15 01:37:13.423,1.1162,1.1163,1.00,1.00
2010.06.15 01:37:13.843,1.11615,1.1163,1.40,1.00
2010.06.15 01:37:14.052,1.11615,1.1163,1.00,1.00
2010.06.15 01:37:14.262,1.11615,1.1163,1.00,1.60
2010.06.15 01:37:14.922,1.11615,1.1163,1.40,1.00
2010.06.15 01:37:21.225,1.11615,1.11635,1.40,12.40
2010.06.15 01:37:21.452,1.11615,1.11635,1.40,10.40
2010.06.15 01:37:21.483,1.11615,1.11635,2.20,10.40
2010.06.15 01:37:21.578,1.11615,1.11635,2.20,4.00
2010.06.15 01:37:21.771,1.1162,1.11635,1.00,4.00
2010.06.15 01:37:21.801,1.1162,1.11635,1.00,3.20
2010.06.15 01:37:21.891,1.1162,1.11635,1.00,1.60
2010.06.15 01:37:23.406,1.11625,1.1164,1.60,1.00
2010.06.15 01:37:23.706,1.11635,1.1165,1.00,3.60
2010.06.15 01:37:24.108,1.11635,1.1165,1.00,2.40
2010.06.15 01:37:24.364,1.11635,1.11645,1.00,5.60
2010.06.15 01:37:24.614,1.11625,1.1164,1.40,1.60
2010.06.15 01:37:24.862,1.11625,1.11645,1.40,10.00
2010.06.15 01:37:25.112,1.11625,1.11645,1.40,10.80
2010.06.15 01:37:26.617,1.11625,1.1164,1.40,1.60
2010.06.15 01:37:27.879,1.11625,1.11645,2.20,2.40
2010.06.15 01:37:29.981,1.1163,1.11645,1.40,1.60
2010.06.15 01:37:30.307,1.1163,1.1165,1.40,6.80
2010.06.15 01:37:30.317,1.1163,1.1165,1.40,6.00
2010.06.15 01:37:30.417,1.1163,1.11655,12.60,6.80
2010.06.15 01:37:30.606,1.1164,1.11655,1.40,1.00
2010.06.15 01:37:30.792,1.1164,1.1166,1.40,6.80
2010.06.15 01:37:30.973,1.1164,1.11655,1.40,1.00
2010.06.15 01:37:31.943,1.1164,1.1166,1.40,8.00
2010.06.15 01:37:32.202,1.1164,1.1166,5.40,5.60
2010.06.15 01:37:32.464,1.1164,1.1166,5.40,5.20
2010.06.15 01:37:32.723,1.1164,1.1166,1.40,5.20
2010.06.15 01:37:32.934,1.1164,1.1166,5.40,5.20
2010.06.15 01:37:36.454,1.1164,1.1166,6.20,3.60
2010.06.15 01:37:36.543,1.1164,1.1166,7.00,3.60
2010.06.15 01:37:36.561,1.11645,1.1166,1.00,3.60
2010.06.15 01:37:36.609,1.11645,1.1166,1.40,3.60
2010.06.15 01:37:36.753,1.11645,1.1166,1.40,2.40
2010.06.15 01:37:42.538,1.11645,1.1166,2.20,1.00
2010.06.15 01:37:43.054,1.11645,1.11665,2.20,2.40
2010.06.15 01:37:43.394,1.11645,1.11665,1.40,3.20
2010.06.15 01:37:43.735,1.11645,1.1166,1.40,1.00
2010.06.15 01:37:44.620,1.11645,1.1166,1.40,2.40
2010.06.15 01:37:44.893,1.11645,1.1166,1.40,3.20
2010.06.15 01:37:46.792,1.11645,1.1166,2.20,2.40
2010.06.15 01:37:47.331,1.1165,1.11655,1.00,1.60
2010.06.15 01:37:47.677,1.11645,1.11655,1.00,3.00
2010.06.15 01:37:48.031,1.1165,1.1166,1.00,7.20
2010.06.15 01:37:48.376,1.1165,1.11665,1.00,8.90
2010.06.15 01:37:48.726,1.1165,1.1166,1.00,1.00
2010.06.15 01:37:49.384,1.1165,1.1166,1.00,1.60
2010.06.15 01:37:49.695,1.11645,1.11655,1.40,1.00
2010.06.15 01:37:50.004,1.11645,1.11655,1.00,1.00
2010.06.15 01:37:50.317,1.11645,1.1166,1.00,14.10
2010.06.15 01:37:50.645,1.11645,1.1166,1.00,4.00
2010.06.15 01:37:53.893,1.11645,1.1166,1.00,2.40
2010.06.15 01:37:54.132,1.11645,1.1166,1.00,1.60
2010.06.15 01:37:56.562,1.11645,1.1166,1.00,2.40
2010.06.15 01:37:56.804,1.11645,1.11655,1.00,1.00
2010.06.15 01:37:57.023,1.1164,1.11655,1.40,1.00
2010.06.15 01:37:57.381,1.1164,1.11655,1.40,1.60
2010.06.15 01:37:58.063,1.11635,1.1165,2.20,1.00
2010.06.15 01:37:58.563,1.11635,1.1165,1.40,1.00
2010.06.15 01:38:00.355,1.11635,1.11655,2.20,3.20
2010.06.15 01:38:00.616,1.11635,1.11655,4.60,1.00
2010.06.15 01:38:00.874,1.1164,1.11655,1.40,1.00
2010.06.15 01:38:01.042,1.1164,1.1166,1.40,2.40
2010.06.15 01:38:01.346,1.11645,1.1166,1.00,2.40
2010.06.15 01:38:02.543,1.11645,1.1166,1.00,1.60
2010.06.15 01:38:02.773,1.11645,1.1166,1.00,1.00
2010.06.15 01:38:03.492,1.11645,1.1166,1.40,1.00
2010.06.15 01:38:04.016,1.11645,1.11665,2.20,15.60
2010.06.15 01:38:04.287,1.11645,1.11665,2.20,12.00
2010.06.15 01:38:05.183,1.11645,1.1166,1.00,1.60
2010.06.15 01:38:05.411,1.11645,1.1166,1.00,3.20
2010.06.15 01:38:05.640,1.11645,1.1166,1.00,1.60
2010.06.15 01:38:06.492,1.11645,1.1166,1.00,3.20
2010.06.15 01:38:10.974,1.11645,1.1166,1.00,4.00
2010.06.15 01:38:11.103,1.1164,1.1166,1.40,4.00
2010.06.15 01:38:11.361,1.11645,1.1166,1.00,4.00
2010.06.15 01:38:12.062,1.11645,1.1166,1.00,3.20
2010.06.15 01:38:12.691,1.11645,1.1166,1.00,1.60
2010.06.15 01:38:13.212,1.11645,1.11665,1.40,8.80
2010.06.15 01:38:13.616,1.11645,1.11665,1.40,4.00
2010.06.15 01:38:16.200,1.11645,1.11665,1.40,4.40
2010.06.15 01:38:16.315,1.11645,1.1166,1.40,1.00
2010.06.15 01:38:18.823,1.11645,1.1166,1.00,2.40
2010.06.15 01:38:19.732,1.11645,1.1166,1.00,1.60
2010.06.15 01:38:19.902,1.11645,1.11665,1.40,9.10
2010.06.15 01:38:20.125,1.11645,1.11665,1.40,5.90
2010.06.15 01:38:21.146,1.1164,1.1166,3.80,1.60
2010.06.15 01:38:21.492,1.1164,1.1166,4.60,1.60
2010.06.15 01:38:21.961,1.11645,1.11665,1.40,5.90
2010.06.15 01:38:23.531,1.11645,1.11665,1.40,8.30
2010.06.15 01:38:23.661,1.11645,1.1166,1.40,1.00
2010.06.15 01:38:25.074,1.11645,1.1166,1.00,3.20
2010.06.15 01:38:25.288,1.11645,1.1166,1.00,5.80
2010.06.15 01:38:27.712,1.11645,1.11655,1.00,1.00
2010.06.15 01:38:27.853,1.1164,1.11655,1.00,1.00
2010.06.15 01:38:29.791,1.11645,1.11655,1.00,1.00
2010.06.15 01:38:32.472,1.11645,1.11655,1.00,1.60
2010.06.15 01:38:32.521,1.1164,1.11655,1.00,1.60
2010.06.15 01:38:32.752,1.1164,1.11655,1.00,2.70
2010.06.15 01:38:35.383,1.1164,1.11655,1.00,3.50
2010.06.15 01:38:35.901,1.1164,1.11655,1.00,5.10
2010.06.15 01:38:36.809,1.1164,1.1165,1.00,1.00
2010.06.15 01:38:37.059,1.11635,1.1165,1.40,1.00
2010.06.15 01:38:37.304,1.11635,1.1165,1.40,1.60
2010.06.15 01:38:38.033,1.1163,1.1165,2.20,7.20
2010.06.15 01:38:38.420,1.1163,1.1165,1.40,8.70
2010.06.15 01:38:38.675,1.1163,1.1165,1.40,16.70
2010.06.15 01:38:40.362,1.1163,1.1165,2.20,15.10
2010.06.15 01:38:40.592,1.11635,1.1165,1.00,12.80
2010.06.15 01:38:40.812,1.11635,1.11655,1.40,6.40
2010.06.15 01:38:41.027,1.1164,1.11655,1.00,6.40
2010.06.15 01:38:42.744,1.1164,1.11655,1.00,8.00
2010.06.15 01:38:45.634,1.1164,1.1165,1.00,2.40
2010.06.15 01:38:48.382,1.1164,1.1165,1.00,1.00
2010.06.15 01:38:49.064,1.1164,1.11655,1.00,17.90
2010.06.15 01:38:49.402,1.1164,1.11655,1.00,7.50
2010.06.15 01:38:51.421,1.1164,1.11655,1.00,5.90
2010.06.15 01:38:51.632,1.1164,1.11655,1.00,4.00
2010.06.15 01:38:52.052,1.1164,1.11655,1.00,2.40
2010.06.15 01:38:52.307,1.1164,1.11655,1.00,1.60
2010.06.15 01:38:52.461,1.1164,1.11655,1.40,1.00
2010.06.15 01:38:53.445,1.11645,1.11655,1.00,1.00
2010.06.15 01:38:54.593,1.1164,1.11655,1.00,1.00
2010.06.15 01:38:55.273,1.1164,1.11655,1.00,1.60
2010.06.15 01:38:55.618,1.1164,1.11655,1.40,2.70
2010.06.15 01:38:55.854,1.1164,1.11655,1.00,2.70
2010.06.15 01:39:03.094,1.11635,1.11655,1.00,5.90
2010.06.15 01:39:03.435,1.1164,1.1165,1.00,1.00
2010.06.15 01:39:03.777,1.1164,1.11655,1.00,4.30
2010.06.15 01:39:04.123,1.1164,1.11655,1.00,2.70
2010.06.15 01:39:04.611,1.11635,1.1165,1.00,1.10
2010.06.15 01:39:04.929,1.11635,1.1165,1.00,1.60
2010.06.15 01:39:06.314,1.11635,1.11645,1.40,1.00
2010.06.15 01:39:06.975,1.11635,1.11645,1.00,1.00
2010.06.15 01:39:09.174,1.11625,1.1163,2.20,1.00
2010.06.15 01:39:09.444,1.11625,1.11635,1.40,5.60
2010.06.15 01:39:09.714,1.11625,1.1163,1.40,1.00
2010.06.15 01:39:09.983,1.1162,1.11635,2.20,1.00
2010.06.15 01:39:10.323,1.1162,1.1164,1.40,6.40
2010.06.15 01:39:10.663,1.1162,1.1164,2.20,3.20
2010.06.15 01:39:11.004,1.1162,1.1164,2.20,1.00
2010.06.15 01:39:11.582,1.11625,1.1164,2.20,1.00
2010.06.15 01:39:12.998,1.11625,1.11645,2.20,7.20
2010.06.15 01:39:13.304,1.11625,1.11645,2.20,3.20
2010.06.15 01:39:13.923,1.11625,1.11645,2.20,7.20
2010.06.15 01:39:14.601,1.11625,1.1164,1.40,1.00
2010.06.15 01:39:14.944,1.11625,1.11635,1.40,8.80
2010.06.15 01:39:15.265,1.1161,1.1163,3.80,1.60
2010.06.15 01:39:15.584,1.1161,1.1163,1.40,2.40
2010.06.15 01:39:16.224,1.1161,1.1163,1.00,2.40
2010.06.15 01:39:16.622,1.11605,1.11625,5.10,1.60
2010.06.15 01:39:17.581,1.11605,1.11625,7.50,1.60
2010.06.15 01:39:17.642,1.1161,1.11625,1.60,1.60
2010.06.15 01:39:17.932,1.11605,1.11625,8.30,1.60
2010.06.15 01:39:17.997,1.11605,1.11625,3.90,1.60
2010.06.15 01:39:18.065,1.11605,1.11625,1.50,3.20
2010.06.15 01:39:18.123,1.11605,1.11625,1.50,4.00
2010.06.15 01:39:18.464,1.11595,1.11615,8.70,1.00
2010.06.15 01:39:18.805,1.11595,1.11615,1.00,7.60
2010.06.15 01:39:19.144,1.1159,1.11605,2.20,1.00
2010.06.15 01:39:19.528,1.116,1.1161,1.00,4.00
2010.06.15 01:39:19.879,1.116,1.11615,2.20,1.00
2010.06.15 01:39:20.225,1.11605,1.11615,1.00,1.00
2010.06.15 01:39:20.575,1.11615,1.1162,1.00,2.00
2010.06.15 01:39:20.917,1.11615,1.11625,1.40,1.00
2010.06.15 01:39:21.265,1.11615,1.11625,1.40,1.00
2010.06.15 01:39:21.687,1.11615,1.11625,1.40,2.40
2010.06.15 01:39:22.038,1.1161,1.11625,1.40,2.40
2010.06.15 01:39:23.205,1.1161,1.11625,1.00,2.40
2010.06.15 01:39:23.552,1.11605,1.1162,1.00,1.60
2010.06.15 01:39:23.903,1.1161,1.11625,1.40,3.20
2010.06.15 01:39:24.247,1.11605,1.1161,1.00,1.60
2010.06.15 01:39:24.596,1.116,1.1161,1.00,3.20
2010.06.15 01:39:24.947,1.116,1.1162,1.40,10.80
2010.06.15 01:39:25.297,1.11605,1.1162,1.40,4.80
2010.06.15 01:39:25.624,1.11605,1.1162,1.40,2.40
2010.06.15 01:39:25.945,1.11605,1.11625,1.40,4.80
2010.06.15 01:39:26.263,1.11605,1.11625,1.40,10.80
2010.06.15 01:39:26.583,1.1161,1.11625,1.00,7.60
2010.06.15 01:39:26.854,1.1161,1.11625,1.00,14.00
2010.06.15 01:39:27.122,1.1161,1.11625,1.00,11.60
2010.06.15 01:39:27.393,1.1161,1.11625,1.00,3.60
2010.06.15 01:39:27.791,1.1161,1.11625,1.00,2.40
2010.06.15 01:39:27.984,1.11615,1.11625,1.00,4.00
2010.06.15 01:39:28.175,1.11615,1.11625,1.00,8.00
2010.06.15 01:39:28.362,1.11615,1.11625,1.00,9.60
2010.06.15 01:39:28.705,1.11615,1.11625,1.00,5.20
2010.06.15 01:39:29.043,1.11615,1.11625,1.00,2.80
2010.06.15 01:39:30.287,1.11615,1.11625,1.00,1.00
2010.06.15 01:39:31.597,1.11615,1.1163,1.40,3.60
2010.06.15 01:39:32.106,1.11615,1.1163,1.40,2.00
2010.06.15 01:39:32.276,1.11615,1.1163,1.40,1.20
2010.06.15 01:39:32.548,1.11615,1.1163,1.40,2.00
2010.06.15 01:39:34.607,1.11615,1.1162,1.40,4.80
2010.06.15 01:39:34.945,1.1161,1.11625,1.40,2.40
2010.06.15 01:39:35.283,1.1161,1.11625,1.40,1.00
2010.06.15 01:39:35.622,1.1161,1.11625,1.40,1.00
2010.06.15 01:39:36.949,1.1162,1.1163,5.60,1.60
2010.06.15 01:39:37.090,1.1163,1.11635,1.00,5.20
2010.06.15 01:39:37.387,1.1163,1.11635,1.40,1.00
2010.06.15 01:39:37.714,1.1163,1.11635,2.20,1.00
2010.06.15 01:39:38.075,1.11625,1.11635,11.20,3.00
2010.06.15 01:39:38.422,1.11615,1.1163,1.40,8.80
2010.06.15 01:39:38.771,1.11615,1.1163,1.40,4.00
2010.06.15 01:39:39.118,1.11615,1.11635,1.40,5.60
2010.06.15 01:39:39.803,1.11615,1.11635,1.40,4.80
2010.06.15 01:39:40.106,1.1162,1.11635,1.00,1.60
2010.06.15 01:39:40.415,1.1162,1.1164,1.40,9.20
2010.06.15 01:39:40.719,1.1162,1.1164,2.20,1.00
2010.06.15 01:39:41.155,1.1162,1.1164,6.20,1.00
2010.06.15 01:39:41.498,1.11625,1.1164,2.20,1.00
2010.06.15 01:39:41.847,1.1163,1.1165,1.60,4.40
2010.06.15 01:39:42.534,1.1163,1.1165,2.20,2.40
2010.06.15 01:39:42.870,1.1162,1.11635,1.00,3.20
2010.06.15 01:39:43.192,1.1162,1.11635,1.00,4.00
2010.06.15 01:39:43.510,1.1162,1.11635,1.00,2.40
2010.06.15 01:39:43.833,1.1162,1.11635,1.00,3.20
2010.06.15 01:39:44.936,1.1162,1.11635,1.40,2.40
2010.06.15 01:39:45.394,1.11625,1.1164,1.00,2.00
2010.06.15 01:39:45.696,1.11625,1.1164,1.40,1.60
2010.06.15 01:39:47.165,1.11625,1.1164,3.00,1.60
2010.06.15 01:39:47.344,1.1163,1.11645,1.40,2.40
2010.06.15 01:39:47.883,1.1163,1.11645,1.40,3.20
2010.06.15 01:39:49.604,1.1163,1.11635,1.40,1.60
2010.06.15 01:39:49.906,1.11625,1.11635,1.40,1.60
2010.06.15 01:39:50.209,1.1162,1.1164,1.40,6.00
2010.06.15 01:39:51.237,1.1162,1.11635,1.00,2.40
2010.06.15 01:39:51.585,1.1162,1.11635,1.00,1.00
2010.06.15 01:39:51.927,1.1162,1.1164,1.00,4.40
2010.06.15 01:39:52.414,1.1162,1.1164,2.20,1.60
2010.06.15 01:39:53.555,1.1162,1.11635,1.40,1.60
2010.06.15 01:39:53.997,1.11615,1.11635,1.40,4.80
2010.06.15 01:39:54.308,1.11615,1.11635,1.40,4.00
2010.06.15 01:39:54.659,1.11615,1.11635,2.20,8.00
2010.06.15 01:39:55.010,1.11615,1.11635,1.40,1.60
2010.06.15 01:39:55.354,1.11615,1.11635,3.00,1.60
2010.06.15 01:39:55.694,1.1162,1.11635,1.00,5.60
2010.06.15 01:39:56.144,1.1162,1.11635,1.40,5.60
2010.06.15 01:39:56.946,1.1162,1.11635,1.40,11.20
2010.06.15 01:39:57.324,1.1162,1.11635,1.40,13.60
2010.06.15 01:39:58.003,1.1162,1.1163,1.40,1.00
2010.06.15 01:39:58.344,1.11615,1.1163,1.40,1.00
2010.06.15 01:39:59.884,1.11615,1.1163,1.00,1.60
2010.06.15 01:40:00.153,1.11615,1.11625,1.00,1.00
2010.06.15 01:40:01.015,1.11615,1.1163,1.40,8.80
2010.06.15 01:40:01.476,1.11615,1.1163,1.00,1.60
2010.06.15 01:40:01.713,1.1161,1.1163,1.40,1.60
2010.06.15 01:40:02.056,1.1161,1.1163,1.40,2.40
2010.06.15 01:40:02.837,1.1161,1.11625,1.40,1.00
2010.06.15 01:40:03.182,1.1161,1.11625,1.00,1.00
2010.06.15 01:40:03.524,1.1161,1.11625,1.00,1.60
2010.06.15 01:40:04.135,1.11605,1.11625,3.00,2.40
2010.06.15 01:40:04.665,1.11605,1.1162,3.00,1.00
2010.06.15 01:40:04.937,1.1161,1.11625,1.00,2.00
2010.06.15 01:40:05.362,1.1161,1.11625,1.00,3.60
2010.06.15 01:40:05.968,1.1161,1.11625,1.00,1.60
2010.06.15 01:40:06.319,1.11615,1.1163,1.60,1.60
2010.06.15 01:40:06.667,1.11615,1.11635,7.00,2.00
2010.06.15 01:40:07.844,1.11615,1.11635,2.20,2.00
2010.06.15 01:40:08.329,1.1162,1.11635,1.00,1.20
2010.06.15 01:40:08.689,1.1162,1.11635,1.00,1.00
2010.06.15 01:40:09.281,1.11625,1.11635,1.00,1.00
2010.06.15 01:40:09.763,1.1162,1.11635,5.40,1.00
2010.06.15 01:40:10.111,1.11615,1.11635,11.00,1.00
2010.06.15 01:40:10.385,1.11615,1.1163,1.40,1.00
2010.06.15 01:40:10.661,1.11615,1.11625,1.40,1.00
2010.06.15 01:40:10.937,1.1161,1.11625,1.40,1.00
2010.06.15 01:40:11.286,1.1161,1.11625,1.00,7.60
2010.06.15 01:40:11.755,1.11605,1.11625,2.20,8.40
2010.06.15 01:40:12.103,1.1161,1.11625,1.00,1.00
2010.06.15 01:40:12.444,1.1161,1.1163,2.40,2.40
2010.06.15 01:40:13.743,1.1161,1.1163,3.20,1.00
2010.06.15 01:40:14.363,1.11615,1.1163,1.00,1.00
2010.06.15 01:40:14.801,1.1161,1.11635,17.00,3.20
2010.06.15 01:40:15.102,1.1161,1.1163,3.80,1.00
2010.06.15 01:40:15.427,1.11615,1.1163,1.00,1.60
2010.06.15 01:40:15.749,1.11615,1.11635,2.20,1.00
2010.06.15 01:40:16.068,1.11615,1.11635,3.40,1.00
2010.06.15 01:40:16.392,1.1162,1.1164,1.40,8.80
2010.06.15 01:40:16.746,1.11625,1.1164,7.40,3.20
2010.06.15 01:40:17.098,1.11625,1.11645,5.40,4.00
2010.06.15 01:40:17.446,1.11625,1.11645,1.40,3.20
2010.06.15 01:40:17.795,1.11625,1.1164,1.00,1.60
2010.06.15 01:40:18.136,1.11625,1.1164,1.00,2.40
2010.06.15 01:40:19.226,1.11625,1.11645,1.40,4.00
2010.06.15 01:40:19.573,1.11625,1.1164,1.40,1.60
2010.06.15 01:40:19.908,1.11625,1.1164,1.00,2.40
2010.06.15 01:40:21.882,1.11625,1.1164,1.00,3.20
2010.06.15 01:40:22.226,1.1162,1.1164,1.40,4.00
2010.06.15 01:40:22.365,1.1162,1.1164,1.40,4.80
2010.06.15 01:40:22.502,1.1162,1.1164,1.40,6.00
2010.06.15 01:40:22.846,1.1162,1.1164,1.40,6.40
2010.06.15 01:40:23.529,1.11625,1.11645,2.20,4.00
2010.06.15 01:40:23.873,1.11625,1.11645,1.40,5.60
2010.06.15 01:40:24.215,1.11625,1.1164,1.40,1.60
2010.06.15 01:40:25.374,1.11625,1.11645,1.40,8.80
2010.06.15 01:40:25.714,1.11625,1.11645,1.40,4.00
2010.06.15 01:40:26.043,1.11625,1.11645,1.40,3.20
2010.06.15 01:40:26.374,1.11625,1.11645,1.40,4.00
2010.06.15 01:40:26.704,1.11625,1.11645,1.40,4.80
2010.06.15 01:40:28.534,1.1162,1.1164,4.60,1.00
2010.06.15 01:40:28.784,1.1162,1.1164,3.80,1.00
2010.06.15 01:40:29.033,1.1162,1.1164,3.80,1.60
2010.06.15 01:40:29.375,1.1162,1.1164,1.40,14.40
2010.06.15 01:40:29.839,1.1162,1.1164,1.40,7.20
2010.06.15 01:40:34.129,1.1162,1.1164,1.40,7.60
2010.06.15 01:40:34.446,1.1162,1.11635,4.40,1.00
2010.06.15 01:40:34.764,1.1163,1.11635,1.00,1.00
2010.06.15 01:40:35.073,1.11625,1.1164,1.00,1.00
2010.06.15 01:40:35.384,1.1162,1.1164,3.30,1.60
2010.06.15 01:40:38.192,1.1162,1.1164,1.40,2.40
2010.06.15 01:40:38.292,1.1162,1.1164,1.40,4.00
2010.06.15 01:40:38.784,1.11625,1.1164,1.90,1.60
2010.06.15 01:40:39.632,1.11625,1.1164,7.50,1.60
2010.06.15 01:40:39.974,1.11625,1.1164,8.10,1.00
2010.06.15 01:40:42.012,1.11625,1.1164,7.70,1.00
2010.06.15 01:40:42.102,1.11625,1.1164,6.90,1.00
2010.06.15 01:40:42.272,1.11625,1.1164,6.50,1.00
2010.06.15 01:40:42.512,1.11625,1.1164,2.50,1.00
2010.06.15 01:40:42.602,1.11625,1.1164,1.70,1.00
2010.06.15 01:40:42.693,1.11625,1.1164,1.00,1.00
2010.06.15 01:40:43.037,1.11625,1.1164,2.50,1.00
2010.06.15 01:40:44.316,1.11625,1.1164,4.10,1.00
2010.06.15 01:40:44.576,1.11625,1.1164,6.20,1.00
2010.06.15 01:40:44.836,1.11625,1.1164,1.00,1.00
2010.06.15 01:40:45.095,1.11625,1.1164,1.00,1.60
2010.06.15 01:40:45.389,1.1162,1.1163,2.20,1.00
2010.06.15 01:40:45.685,1.11615,1.1163,1.40,1.00
2010.06.15 01:40:46.716,1.11615,1.11635,3.80,12.00
2010.06.15 01:40:47.049,1.11615,1.11635,3.80,1.60
2010.06.15 01:40:57.476,1.11615,1.11635,3.00,2.40
2010.06.15 01:40:57.614,1.11615,1.11635,1.40,4.00
2010.06.15 01:40:57.882,1.11615,1.11635,1.00,4.80
2010.06.15 01:40:58.025,1.1162,1.1163,1.00,1.00
2010.06.15 01:40:58.301,1.1162,1.11635,1.00,1.60
2010.06.15 01:40:58.652,1.1162,1.1164,1.00,2.40
2010.06.15 01:40:58.998,1.1161,1.1163,3.60,1.00
2010.06.15 01:40:59.346,1.1161,1.1163,5.80,1.60
2010.06.15 01:40:59.685,1.1161,1.11625,5.80,1.00
2010.06.15 01:41:04.521,1.1161,1.11625,5.00,1.00
2010.06.15 01:41:05.005,1.11615,1.11625,1.00,1.00
2010.06.15 01:41:05.247,1.11615,1.11625,2.40,1.00
2010.06.15 01:41:06.672,1.1161,1.11625,6.40,1.60
2010.06.15 01:41:06.838,1.1161,1.11625,4.80,1.60
2010.06.15 01:41:07.096,1.1161,1.11625,1.00,1.60
2010.06.15 01:41:07.266,1.116,1.11625,3.80,6.40
2010.06.15 01:41:07.667,1.11595,1.11615,4.60,2.40
2010.06.15 01:41:08.021,1.11595,1.11615,2.20,4.80
2010.06.15 01:41:08.366,1.11595,1.11615,3.00,3.20
2010.06.15 01:41:08.720,1.116,1.11615,1.00,3.60
2010.06.15 01:41:09.073,1.116,1.1162,1.40,4.40
2010.06.15 01:41:09.536,1.11605,1.1162,1.00,1.00
2010.06.15 01:41:09.886,1.11605,1.11625,1.00,13.60
2010.06.15 01:41:10.904,1.11605,1.1162,1.00,1.60
2010.06.15 01:41:12.394,1.11605,1.1162,1.40,1.60
2010.06.15 01:41:12.645,1.11605,1.1162,1.40,1.00
2010.06.15 01:41:13.134,1.11605,1.1162,1.00,4.00
2010.06.15 01:41:13.389,1.11605,1.1162,1.00,10.00
2010.06.15 01:41:13.642,1.116,1.1162,1.40,7.20
2010.06.15 01:41:13.989,1.116,1.11615,1.40,1.00
2010.06.15 01:41:15.016,1.116,1.1161,1.00,1.00
2010.06.15 01:41:15.365,1.1159,1.11615,13.40,10.00
2010.06.15 01:41:15.709,1.1159,1.11615,15.00,6.00
2010.06.15 01:41:15.978,1.11595,1.11615,1.00,6.00
2010.06.15 01:41:17.502,1.11595,1.11615,2.20,4.40
2010.06.15 01:41:17.664,1.116,1.1162,1.40,6.40
2010.06.15 01:41:17.764,1.116,1.1162,5.40,2.40
2010.06.15 01:41:19.233,1.116,1.1161,4.60,2.40
2010.06.15 01:41:19.536,1.1159,1.11605,3.00,4.00
2010.06.15 01:41:20.432,1.11595,1.1161,3.00,2.40
2010.06.15 01:41:20.688,1.11595,1.11615,1.40,4.40
2010.06.15 01:41:21.033,1.11595,1.11615,1.40,5.60
2010.06.15 01:41:21.712,1.11595,1.11615,1.40,4.00
2010.06.15 01:41:22.374,1.11595,1.11615,1.40,6.40
2010.06.15 01:41:22.718,1.11595,1.11615,1.40,4.80
2010.06.15 01:41:23.064,1.11595,1.11615,1.40,5.20
2010.06.15 01:41:23.404,1.11595,1.11615,7.00,1.60
2010.06.15 01:41:23.746,1.116,1.11615,1.40,1.00
2010.06.15 01:41:24.096,1.116,1.11615,3.80,1.00
2010.06.15 01:41:26.151,1.116,1.11615,2.20,1.00
2010.06.15 01:41:27.032,1.116,1.11615,1.60,1.00
2010.06.15 01:41:28.052,1.116,1.11615,2.20,1.00
2010.06.15 01:41:30.693,1.116,1.11615,2.20,1.60
2010.06.15 01:41:30.852,1.116,1.1162,1.40,4.00
2010.06.15 01:41:31.017,1.116,1.1162,3.00,2.40
2010.06.15 01:41:31.187,1.116,1.1162,3.00,1.60
2010.06.15 01:41:31.447,1.116,1.1162,2.20,1.60
2010.06.15 01:41:32.241,1.116,1.1162,3.80,5.60
2010.06.15 01:41:32.540,1.116,1.1162,2.20,1.60
2010.06.15 01:41:33.210,1.116,1.1162,4.60,1.60
2010.06.15 01:41:35.517,1.11605,1.1162,1.00,1.60
2010.06.15 01:41:35.686,1.11605,1.1162,1.00,1.00
2010.06.15 01:41:38.273,1.11605,1.11625,1.40,8.80
2010.06.15 01:41:38.507,1.11605,1.11625,1.40,6.40
2010.06.15 01:41:38.865,1.11615,1.1163,1.00,7.60
2010.06.15 01:41:39.215,1.11615,1.11635,1.60,4.00
2010.06.15 01:41:39.558,1.11615,1.1163,1.40,1.00
2010.06.15 01:41:39.917,1.11615,1.1163,1.00,5.20
2010.06.15 01:41:40.270,1.1161,1.1163,1.00,10.80
2010.06.15 01:41:40.621,1.11605,1.11625,1.40,5.20
2010.06.15 01:41:40.972,1.116,1.1162,5.40,1.60
2010.06.15 01:41:41.315,1.116,1.1162,4.60,1.60
2010.06.15 01:41:42.065,1.11605,1.11625,1.00,13.60
2010.06.15 01:41:43.253,1.116,1.1162,5.00,1.00
2010.06.15 01:41:43.554,1.116,1.1162,3.40,3.20
2010.06.15 01:41:43.852,1.116,1.1162,3.00,3.20
2010.06.15 01:41:44.774,1.11605,1.1162,1.00,3.20
2010.06.15 01:41:46.644,1.116,1.11615,1.40,5.60
2010.06.15 01:41:46.885,1.11595,1.11615,2.20,6.00
2010.06.15 01:41:47.125,1.116,1.11615,1.00,3.20
2010.06.15 01:41:48.463,1.11595,1.11615,2.60,3.20
2010.06.15 01:41:48.809,1.1159,1.116,3.00,1.00
2010.06.15 01:41:49.157,1.1159,1.1161,1.00,12.40
2010.06.15 01:41:49.483,1.1159,1.1161,1.40,12.00
2010.06.15 01:41:50.284,1.1159,1.11605,1.00,1.60
2010.06.15 01:41:50.894,1.116,1.11605,1.00,1.60
2010.06.15 01:41:51.054,1.116,1.1161,1.00,6.40
2010.06.15 01:41:51.213,1.116,1.1161,1.00,1.00
2010.06.15 01:41:51.468,1.116,1.11615,1.00,3.20
2010.06.15 01:41:54.951,1.11595,1.11615,1.20,3.20
2010.06.15 01:41:55.122,1.11595,1.11615,1.00,3.20
2010.06.15 01:41:55.292,1.11595,1.11615,5.60,3.20
2010.06.15 01:41:55.755,1.11595,1.1161,5.40,4.00
2010.06.15 01:41:56.045,1.11595,1.1161,1.00,12.00
2010.06.15 01:41:56.728,1.1159,1.116,2.40,1.00
2010.06.15 01:41:57.024,1.1158,1.116,2.60,4.00
2010.06.15 01:41:58.075,1.1158,1.116,2.20,8.00
2010.06.15 01:41:58.756,1.1158,1.116,2.20,4.00
2010.06.15 01:41:59.241,1.1158,1.116,2.20,2.40
2010.06.15 01:41:59.588,1.1158,1.1159,1.40,1.00
2010.06.15 01:41:59.873,1.1158,1.116,2.20,4.80
2010.06.15 01:42:00.166,1.1158,1.116,2.20,9.20
2010.06.15 01:42:00.457,1.1158,1.11595,1.40,1.00
2010.06.15 01:42:04.493,1.1158,1.116,3.80,4.00
2010.06.15 01:42:04.722,1.1158,1.116,3.80,2.40
2010.06.15 01:42:04.952,1.11585,1.116,1.00,1.60
2010.06.15 01:42:05.413,1.11585,1.116,1.00,1.00
2010.06.15 01:42:05.632,1.11585,1.116,1.40,1.00
2010.06.15 01:42:08.057,1.1158,1.116,4.60,2.40
2010.06.15 01:42:09.387,1.1159,1.116,1.60,1.00
2010.06.15 01:42:09.721,1.11595,1.11605,1.00,10.40
2010.06.15 01:42:10.070,1.11595,1.1161,1.00,13.60
2010.06.15 01:42:10.295,1.11595,1.1161,1.00,12.00
2010.06.15 01:42:11.562,1.11595,1.11605,1.00,1.00
2010.06.15 01:42:13.238,1.11595,1.1161,1.00,4.00
2010.06.15 01:42:15.393,1.11595,1.1161,3.00,4.00
2010.06.15 01:42:15.704,1.116,1.11615,1.40,1.00
2010.06.15 01:42:16.013,1.116,1.1162,2.20,3.20
2010.06.15 01:42:16.293,1.11605,1.1162,1.00,3.20
2010.06.15 01:42:16.572,1.11605,1.1162,1.00,1.60
2010.06.15 01:42:18.345,1.11605,1.11615,1.00,4.00
2010.06.15 01:42:18.596,1.116,1.11615,1.40,4.00
2010.06.15 01:42:18.819,1.11595,1.1161,1.40,4.00
2010.06.15 01:42:19.381,1.116,1.1161,1.00,4.00
2010.06.15 01:42:19.842,1.116,1.11615,1.00,12.00
2010.06.15 01:42:20.653,1.11595,1.11615,2.20,13.60
2010.06.15 01:42:21.030,1.116,1.1161,1.00,4.00
2010.06.15 01:42:21.267,1.116,1.11615,1.00,12.00
2010.06.15 01:42:21.959,1.116,1.11615,1.00,1.00
2010.06.15 01:42:22.303,1.116,1.11615,1.40,1.00
2010.06.15 01:42:22.614,1.116,1.1162,2.20,6.40
2010.06.15 01:42:22.923,1.116,1.1162,3.00,6.40
2010.06.15 01:42:24.187,1.11605,1.1162,2.20,1.00
2010.06.15 01:42:24.509,1.1161,1.11625,2.20,1.60
2010.06.15 01:42:24.815,1.11615,1.1163,1.40,3.60
2010.06.15 01:42:25.437,1.11615,1.1163,1.40,11.60
2010.06.15 01:42:25.675,1.11615,1.1163,1.40,3.60
2010.06.15 01:42:25.916,1.11615,1.11635,1.40,7.00
2010.06.15 01:42:26.154,1.1162,1.11635,1.00,6.40
2010.06.15 01:42:26.624,1.1162,1.11635,1.00,1.00
2010.06.15 01:42:26.834,1.1162,1.1164,2.20,5.20
2010.06.15 01:42:27.046,1.11625,1.1164,1.40,1.60
2010.06.15 01:42:27.254,1.11625,1.1164,1.00,6.40
2010.06.15 01:42:27.594,1.11625,1.1164,1.00,8.00
2010.06.15 01:42:27.940,1.1162,1.1164,2.20,8.00
2010.06.15 01:42:29.102,1.11625,1.1164,1.00,3.60
2010.06.15 01:42:29.449,1.11625,1.1164,1.00,2.80
2010.06.15 01:42:29.800,1.11625,1.1164,1.00,3.20
2010.06.15 01:42:30.071,1.11625,1.1164,1.00,4.40
2010.06.15 01:42:30.762,1.11625,1.1164,1.00,1.60
2010.06.15 01:42:31.786,1.11625,1.1164,1.40,1.00
2010.06.15 01:42:32.086,1.11625,1.11645,4.60,4.80
2010.06.15 01:42:32.524,1.1164,1.1165,1.00,1.00
2010.06.15 01:42:32.835,1.1165,1.1166,2.20,1.60
2010.06.15 01:42:33.258,1.1165,1.11665,1.40,1.00
2010.06.15 01:42:33.613,1.1165,1.11665,1.00,2.40
2010.06.15 01:42:33.961,1.1165,1.11665,1.00,4.00
2010.06.15 01:42:34.306,1.1165,1.11665,1.40,1.00
2010.06.15 01:42:34.650,1.1165,1.1167,2.20,2.40
2010.06.15 01:42:34.996,1.1165,1.1167,2.20,3.20
2010.06.15 01:42:35.392,1.1165,1.1167,6.20,3.20
2010.06.15 01:42:35.692,1.11655,1.1167,1.00,4.00
2010.06.15 01:42:35.989,1.1165,1.1167,1.40,4.80
2010.06.15 01:42:36.480,1.1165,1.1167,1.40,5.60
2010.06.15 01:42:36.833,1.11645,1.11665,1.00,2.40
2010.06.15 01:42:37.186,1.11645,1.1166,1.40,1.00
2010.06.15 01:42:37.495,1.11645,1.1166,1.00,1.00
2010.06.15 01:42:37.806,1.11645,1.1166,1.00,3.60
2010.06.15 01:42:38.128,1.1164,1.1166,3.00,4.80
2010.06.15 01:42:38.476,1.1164,1.11655,2.20,1.00
2010.06.15 01:42:39.156,1.11645,1.1166,1.00,3.20
2010.06.15 01:42:39.506,1.11645,1.11665,1.00,3.20
2010.06.15 01:42:39.936,1.1165,1.11665,1.00,1.60
2010.06.15 01:42:40.280,1.1165,1.11665,2.40,1.00
2010.06.15 01:42:40.577,1.1165,1.11665,1.40,1.00
2010.06.15 01:42:42.323,1.1165,1.11665,2.20,1.00
2010.06.15 01:42:43.036,1.1166,1.1167,1.00,1.00
2010.06.15 01:42:43.276,1.1166,1.11675,1.40,1.00
2010.06.15 01:42:44.303,1.1166,1.11675,1.00,1.00
2010.06.15 01:42:46.033,1.11655,1.11675,3.80,1.00
2010.06.15 01:42:48.062,1.1166,1.11675,1.00,1.00
2010.06.15 01:42:48.215,1.1166,1.11675,2.40,1.00
2010.06.15 01:42:48.522,1.1166,1.11675,3.80,1.00
2010.06.15 01:42:49.205,1.11665,1.11675,1.00,1.00
2010.06.15 01:42:49.549,1.11665,1.11685,3.00,2.40
2010.06.15 01:42:50.110,1.1167,1.11685,2.40,1.60
2010.06.15 01:42:50.390,1.1167,1.11685,1.00,1.60
2010.06.15 01:42:52.112,1.1167,1.1168,1.00,1.00
2010.06.15 01:42:52.570,1.1166,1.1168,3.00,1.60
2010.06.15 01:42:52.878,1.1166,1.11675,3.00,1.60
2010.06.15 01:42:53.481,1.1166,1.1168,3.80,1.60
2010.06.15 01:43:00.256,1.11665,1.1168,1.00,1.00
2010.06.15 01:43:01.637,1.11665,1.11675,1.00,1.00
2010.06.15 01:43:01.958,1.1166,1.1167,1.40,1.00
2010.06.15 01:43:02.275,1.1165,1.11665,3.00,1.60
2010.06.15 01:43:02.664,1.11645,1.1166,3.60,6.80
2010.06.15 01:43:03.008,1.1164,1.1166,3.80,7.20
2010.06.15 01:43:03.345,1.1164,1.11655,2.40,1.00
2010.06.15 01:43:03.614,1.11635,1.11655,4.40,1.60
2010.06.15 01:43:04.037,1.1164,1.11655,1.00,1.60
2010.06.15 01:43:04.314,1.1164,1.11655,1.40,1.60
2010.06.15 01:43:04.924,1.1164,1.11655,3.00,1.60
2010.06.15 01:43:05.395,1.1164,1.11655,1.40,2.40
2010.06.15 01:43:05.743,1.1164,1.11655,3.00,1.00
2010.06.15 01:43:06.567,1.11645,1.1166,4.60,1.00
2010.06.15 01:43:06.807,1.1165,1.1167,4.00,1.60
2010.06.15 01:43:07.054,1.1165,1.1167,3.80,1.60
2010.06.15 01:43:07.297,1.1165,1.1167,5.40,1.00
2010.06.15 01:43:07.543,1.11655,1.1167,1.40,1.00
2010.06.15 01:43:08.710,1.11655,1.11675,1.40,2.40
2010.06.15 01:43:08.963,1.1166,1.11675,1.00,2.40
2010.06.15 01:43:09.463,1.1166,1.11675,1.00,1.60
2010.06.15 01:43:10.717,1.11665,1.11675,1.00,1.00
2010.06.15 01:43:10.937,1.1167,1.11685,1.00,5.60
2010.06.15 01:43:11.283,1.11675,1.11685,1.00,2.40
2010.06.15 01:43:11.500,1.11675,1.1169,1.00,3.20
2010.06.15 01:43:11.717,1.11675,1.1169,1.00,1.00
2010.06.15 01:43:12.065,1.1168,1.11685,1.00,1.00
2010.06.15 01:43:12.543,1.11675,1.1169,1.00,7.20
2010.06.15 01:43:12.885,1.11675,1.1169,1.00,1.60
2010.06.15 01:43:15.823,1.11675,1.1169,1.40,1.60
2010.06.15 01:43:16.055,1.1168,1.11695,1.00,2.80
2010.06.15 01:43:16.308,1.11685,1.117,1.00,19.20
2010.06.15 01:43:16.541,1.11685,1.117,1.00,2.40
2010.06.15 01:43:17.333,1.11685,1.117,1.00,3.20
2010.06.15 01:43:17.808,1.11685,1.117,1.00,4.00
2010.06.15 01:43:19.413,1.11685,1.11695,1.00,1.00
2010.06.15 01:43:19.684,1.1168,1.11695,1.40,2.30
2010.06.15 01:43:19.956,1.1168,1.11695,1.00,1.00
2010.06.15 01:43:20.224,1.1168,1.11695,1.00,1.60
2010.06.15 01:43:20.414,1.1168,1.1169,1.00,1.00
2010.06.15 01:43:22.733,1.11675,1.1169,1.40,1.00
2010.06.15 01:43:23.573,1.11675,1.1169,1.40,1.60
2010.06.15 01:43:23.911,1.11675,1.1169,1.40,1.00
2010.06.15 01:43:24.191,1.11675,1.1169,1.40,1.60
2010.06.15 01:43:24.807,1.11675,1.1169,1.40,1.00
2010.06.15 01:43:30.504,1.11675,1.1169,1.40,1.60
2010.06.15 01:43:31.564,1.1167,1.1169,3.80,1.60
2010.06.15 01:43:33.043,1.1167,1.1169,4.60,1.60
2010.06.15 01:43:33.304,1.11675,1.1169,1.40,1.60
2010.06.15 01:43:35.160,1.11675,1.1169,2.20,1.00
2010.06.15 01:43:35.482,1.11675,1.1169,3.00,1.00
2010.06.15 01:43:36.121,1.11675,1.1169,2.20,1.00
2010.06.15 01:43:37.772,1.11675,1.11695,2.20,2.40
2010.06.15 01:43:38.732,1.11675,1.11695,3.00,2.40
2010.06.15 01:43:42.301,1.11675,1.11695,3.00,1.60
2010.06.15 01:43:43.473,1.1168,1.11695,1.00,1.60
2010.06.15 01:43:43.723,1.1168,1.11695,1.00,1.00
2010.06.15 01:43:43.974,1.1168,1.117,1.40,1.60
2010.06.15 01:43:44.222,1.1168,1.117,2.20,1.60
2010.06.15 01:43:45.487,1.1168,1.117,5.40,1.60
2010.06.15 01:43:47.391,1.1168,1.117,2.20,5.20
2010.06.15 01:43:47.565,1.1168,1.117,2.20,15.10
2010.06.15 01:43:47.746,1.1168,1.11695,2.20,1.00
2010.06.15 01:43:48.105,1.1168,1.11695,1.00,1.00
2010.06.15 01:43:48.284,1.1168,1.11695,1.60,1.00
2010.06.15 01:43:49.784,1.1168,1.11695,1.00,4.00
2010.06.15 01:43:50.006,1.1168,1.11695,1.00,1.60
2010.06.15 01:43:53.933,1.1168,1.11695,1.40,1.00
2010.06.15 01:43:54.823,1.1168,1.11695,1.00,1.60
2010.06.15 01:43:55.365,1.1168,1.11695,1.00,3.20
2010.06.15 01:43:56.592,1.11675,1.11695,2.20,4.00
2010.06.15 01:43:57.184,1.11675,1.11695,2.20,6.00
2010.06.15 01:43:57.347,1.1167,1.1169,6.20,9.60
2010.06.15 01:43:57.516,1.1167,1.1169,4.00,12.80
2010.06.15 01:43:57.783,1.1167,1.1169,3.20,15.20
2010.06.15 01:43:58.130,1.1167,1.11685,2.40,1.60
2010.06.15 01:43:58.480,1.11665,1.1168,1.00,1.60
2010.06.15 01:43:58.827,1.11665,1.1168,1.00,1.00
2010.06.15 01:43:59.174,1.11665,1.1168,1.40,1.00
2010.06.15 01:43:59.854,1.11665,1.11685,3.80,2.80
2010.06.15 01:44:00.096,1.1167,1.11685,1.00,1.60
2010.06.15 01:44:02.494,1.11665,1.11685,3.80,2.40
2010.06.15 01:44:05.912,1.11665,1.11685,3.00,3.20
2010.06.15 01:44:06.012,1.11665,1.11685,1.40,3.20
2010.06.15 01:44:06.112,1.11665,1.11685,1.40,6.70
2010.06.15 01:44:06.553,1.11665,1.1168,1.00,1.00
2010.06.15 01:44:07.914,1.1167,1.1169,2.20,20.10
2010.06.15 01:44:07.954,1.1167,1.1169,2.20,16.90
2010.06.15 01:44:07.992,1.11675,1.1169,1.00,12.80
2010.06.15 01:44:08.032,1.11675,1.1169,1.00,9.60
2010.06.15 01:44:08.071,1.11675,1.1169,1.00,8.80
2010.06.15 01:44:08.125,1.11675,1.1169,1.00,4.80
2010.06.15 01:44:08.168,1.11675,1.1169,1.00,1.00
2010.06.15 01:44:09.405,1.11675,1.11685,1.00,1.90
2010.06.15 01:44:09.748,1.11675,1.1169,1.00,2.40
2010.06.15 01:44:09.937,1.11675,1.1169,1.00,1.60
2010.06.15 01:44:10.305,1.1167,1.1169,4.60,1.60
2010.06.15 01:44:10.489,1.1167,1.11685,1.40,1.00
2010.06.15 01:44:10.807,1.1166,1.11675,4.60,1.60
2010.06.15 01:44:11.161,1.11655,1.11675,3.80,1.60
2010.06.15 01:44:11.971,1.11655,1.11675,2.20,1.60
2010.06.15 01:44:13.411,1.11655,1.11675,3.80,1.60
2010.06.15 01:44:13.593,1.1166,1.11675,1.00,1.60
2010.06.15 01:44:14.087,1.1166,1.11675,3.00,1.60
2010.06.15 01:44:14.376,1.1166,1.1168,3.80,1.60
2010.06.15 01:44:15.504,1.1166,1.1168,3.80,1.00
2010.06.15 01:44:15.784,1.11665,1.1168,1.00,1.00
2010.06.15 01:44:16.063,1.11665,1.11685,3.80,2.40
2010.06.15 01:44:16.314,1.11665,1.11685,5.00,1.60
2010.06.15 01:44:18.802,1.11665,1.11685,5.80,1.60
2010.06.15 01:44:18.972,1.11665,1.11685,5.80,1.00
2010.06.15 01:44:20.732,1.11665,1.11685,9.80,1.00
2010.06.15 01:44:22.751,1.1167,1.11685,1.00,1.00
2010.06.15 01:44:22.915,1.1167,1.11685,1.40,1.00
2010.06.15 01:44:25.813,1.1167,1.11685,1.40,1.60
2010.06.15 01:44:26.145,1.1167,1.11685,1.00,1.60
2010.06.15 01:44:28.321,1.1167,1.11685,1.00,2.40
2010.06.15 01:44:28.411,1.11665,1.11685,3.80,2.40
2010.06.15 01:44:28.646,1.11665,1.11685,3.00,2.40
2010.06.15 01:44:32.224,1.11665,1.1168,1.00,1.00
2010.06.15 01:44:32.396,1.1166,1.1168,4.20,1.60
2010.06.15 01:44:32.567,1.1166,1.1168,2.20,2.40
2010.06.15 01:44:32.746,1.11655,1.11675,4.80,1.60
2010.06.15 01:44:33.440,1.11655,1.1167,2.60,1.00
2010.06.15 01:44:33.791,1.1165,1.1167,1.60,8.70
2010.06.15 01:44:34.136,1.11645,1.11665,3.20,2.40
2010.06.15 01:44:34.478,1.11645,1.11665,2.40,5.60
2010.06.15 01:44:34.823,1.11645,1.11665,2.40,3.30
2010.06.15 01:44:35.535,1.11645,1.11665,3.20,3.20
2010.06.15 01:44:35.875,1.11645,1.11665,3.20,5.60
2010.06.15 01:44:36.218,1.1164,1.11645,1.00,1.00
2010.06.15 01:44:36.536,1.11635,1.11645,1.00,4.80
2010.06.15 01:44:36.854,1.11625,1.11645,2.20,16.40
2010.06.15 01:44:37.185,1.11625,1.11645,2.20,15.20
2010.06.15 01:44:37.512,1.1162,1.1164,4.60,1.60
2010.06.15 01:44:39.525,1.11625,1.1164,1.40,1.00
2010.06.15 01:44:40.202,1.11625,1.1164,1.00,1.00
2010.06.15 01:44:40.543,1.1162,1.1164,4.60,1.60
2010.06.15 01:44:40.932,1.11625,1.1164,1.00,1.00
2010.06.15 01:44:41.189,1.11625,1.11645,1.40,5.60
2010.06.15 01:44:41.327,1.11625,1.11645,1.40,4.80
2010.06.15 01:44:42.147,1.11625,1.11645,2.20,4.00
2010.06.15 01:44:42.570,1.1163,1.11645,2.40,1.00
2010.06.15 01:44:42.721,1.11635,1.1165,1.40,1.00
2010.06.15 01:44:42.865,1.11635,1.11655,1.40,4.80
2010.06.15 01:44:43.394,1.11635,1.11655,1.40,6.40
2010.06.15 01:44:46.864,1.11635,1.1165,1.40,1.00
2010.06.15 01:44:47.832,1.1163,1.1165,3.80,1.00
2010.06.15 01:44:48.466,1.1163,1.11645,3.00,1.60
2010.06.15 01:44:48.586,1.1163,1.1164,3.00,9.60
2010.06.15 01:44:48.716,1.1163,1.1164,1.00,18.40
2010.06.15 01:44:48.842,1.1162,1.11635,3.00,1.00
2010.06.15 01:44:48.964,1.1162,1.11635,1.40,1.00
2010.06.15 01:44:50.783,1.11615,1.11635,1.00,1.60
2010.06.15 01:44:51.040,1.11615,1.11635,3.20,3.60
2010.06.15 01:44:52.703,1.11615,1.11635,1.00,5.20
2010.06.15 01:44:52.842,1.11615,1.11635,1.00,5.20
2010.06.15 01:44:53.483,1.11615,1.11635,3.20,5.20
2010.06.15 01:44:53.692,1.11615,1.11635,1.60,3.60
2010.06.15 01:44:53.902,1.11615,1.11635,1.00,3.60
2010.06.15 01:44:54.112,1.11615,1.11635,1.00,6.00
2010.06.15 01:44:54.324,1.11615,1.1162,1.00,1.00
2010.06.15 01:44:54.697,1.11605,1.11615,6.40,1.00
2010.06.15 01:44:55.050,1.11595,1.1161,3.00,1.00
2010.06.15 01:44:56.485,1.11595,1.11605,3.00,1.00
2010.06.15 01:44:56.803,1.1159,1.11605,13.60,1.00
2010.06.15 01:44:57.475,1.1159,1.1161,13.60,1.60
2010.06.15 01:44:57.727,1.11595,1.1161,10.40,4.00
2010.06.15 01:44:57.990,1.116,1.1161,8.00,1.00
2010.06.15 01:44:58.372,1.116,1.11615,8.00,1.20
2010.06.15 01:44:58.563,1.116,1.11615,8.00,1.00
2010.06.15 01:44:59.283,1.116,1.1162,8.00,7.60
2010.06.15 01:44:59.625,1.11605,1.11615,8.00,1.00
2010.06.15 01:44:59.964,1.116,1.11615,10.40,1.00
2010.06.15 01:45:02.103,1.116,1.1161,10.40,1.60
2010.06.15 01:45:02.254,1.116,1.1161,10.40,4.00
2010.06.15 01:45:03.153,1.116,1.1161,10.40,2.40
2010.06.15 01:45:03.414,1.116,1.11615,10.40,4.40
2010.06.15 01:45:03.674,1.116,1.11615,11.00,1.20
2010.06.15 01:45:03.932,1.116,1.11615,11.00,1.00
2010.06.15 01:45:04.193,1.116,1.11615,7.00,1.00
2010.06.15 01:45:04.563,1.116,1.11615,1.00,1.00
2010.06.15 01:45:09.765,1.116,1.11615,1.00,1.60
2010.06.15 01:45:09.956,1.11605,1.1162,1.00,4.00
2010.06.15 01:45:10.144,1.11605,1.1162,1.00,1.60
2010.06.15 01:45:11.606,1.11605,1.1162,1.00,1.00
2010.06.15 01:45:11.834,1.11605,1.11625,2.20,4.00
2010.06.15 01:45:12.064,1.11605,1.11625,2.20,2.40
2010.06.15 01:45:12.371,1.11605,1.11625,2.20,1.60
2010.06.15 01:45:12.594,1.1161,1.11625,1.00,1.60
2010.06.15 01:45:13.430,1.1161,1.1162,1.00,1.00
2010.06.15 01:45:13.737,1.11605,1.1162,1.00,1.00
2010.06.15 01:45:14.087,1.11605,1.11625,1.40,4.30
2010.06.15 01:45:14.434,1.1161,1.11625,1.00,1.60
2010.06.15 01:45:14.776,1.1161,1.11625,2.20,1.00
2010.06.15 01:45:15.004,1.1161,1.1163,2.20,1.60
2010.06.15 01:45:15.234,1.1161,1.1163,3.00,4.70
2010.06.15 01:45:15.465,1.1161,1.1162,1.00,1.00
2010.06.15 01:45:16.035,1.11605,1.1162,1.00,1.60
2010.06.15 01:45:17.054,1.116,1.1162,1.00,4.00
2010.06.15 01:45:17.274,1.116,1.11615,1.00,1.60
2010.06.15 01:45:17.913,1.116,1.1162,2.20,4.80
2010.06.15 01:45:18.333,1.116,1.1162,2.20,4.00
2010.06.15 01:45:18.951,1.11605,1.1162,1.00,3.20
2010.06.15 01:45:20.602,1.11605,1.1162,1.00,1.60
2010.06.15 01:45:26.962,1.11605,1.1162,1.40,1.00
2010.06.15 01:45:27.271,1.11605,1.1162,1.00,1.60
2010.06.15 01:45:29.133,1.11605,1.1162,1.40,1.00
2010.06.15 01:45:29.661,1.116,1.1162,2.20,2.40
2010.06.15 01:45:30.006,1.11605,1.1162,1.00,1.00
2010.06.15 01:45:30.824,1.11605,1.1162,2.20,1.00
2010.06.15 01:45:31.163,1.11605,1.11625,2.20,4.00
2010.06.15 01:45:31.504,1.1161,1.11625,1.00,4.00
2010.06.15 01:45:31.842,1.1161,1.11625,1.00,2.40
2010.06.15 01:45:36.283,1.1161,1.11625,1.40,1.60
2010.06.15 01:45:40.638,1.11615,1.11625,1.00,1.00
2010.06.15 01:45:40.993,1.11615,1.1163,1.00,1.00
2010.06.15 01:45:42.199,1.1162,1.1163,1.00,1.00
2010.06.15 01:45:42.688,1.11625,1.11635,1.00,1.60
2010.06.15 01:45:42.926,1.11625,1.11645,1.40,4.00
2010.06.15 01:45:43.166,1.1163,1.11645,1.00,2.40
2010.06.15 01:45:43.425,1.1163,1.1165,1.40,5.20
2010.06.15 01:45:43.674,1.11635,1.1165,1.00,3.20
2010.06.15 01:45:45.377,1.11635,1.1165,1.40,2.40
2010.06.15 01:45:45.728,1.11635,1.11655,2.20,7.20
2010.06.15 01:45:45.964,1.1164,1.11655,1.00,9.50
2010.06.15 01:45:46.204,1.1164,1.1165,1.00,1.60
2010.06.15 01:45:46.445,1.11635,1.11655,3.00,3.60
2010.06.15 01:45:46.683,1.11635,1.11655,2.20,3.20
2010.06.15 01:45:47.367,1.1163,1.1164,1.00,1.60
2010.06.15 01:45:47.776,1.11625,1.1164,1.00,1.00
2010.06.15 01:45:48.117,1.11625,1.1164,1.40,1.00
2010.06.15 01:45:48.457,1.11625,1.1164,1.40,5.20
2010.06.15 01:45:48.795,1.11625,1.11635,1.00,1.20
2010.06.15 01:45:49.136,1.1162,1.11635,1.40,3.10
2010.06.15 01:45:49.474,1.1162,1.11635,1.40,2.30
2010.06.15 01:45:49.815,1.11625,1.1164,1.00,9.50
2010.06.15 01:45:50.266,1.11625,1.1164,1.00,7.10
2010.06.15 01:45:50.606,1.11625,1.1164,1.00,2.40
2010.06.15 01:45:51.293,1.11625,1.11635,1.00,1.00
2010.06.15 01:45:51.771,1.1162,1.11635,1.00,1.00
2010.06.15 01:45:52.116,1.11625,1.1164,1.00,5.10
2010.06.15 01:45:53.906,1.11625,1.1164,1.00,6.70
2010.06.15 01:45:58.118,1.11625,1.11635,1.00,1.60
2010.06.15 01:46:10.323,1.1162,1.11635,1.40,1.60
2010.06.15 01:46:15.465,1.1162,1.11635,1.40,3.20
2010.06.15 01:46:15.536,1.1162,1.11635,1.40,3.60
2010.06.15 01:46:15.603,1.1162,1.11635,1.40,5.10
2010.06.15 01:46:15.673,1.1162,1.11635,1.40,9.90
2010.06.15 01:46:15.812,1.1162,1.11635,1.00,9.90
2010.06.15 01:46:16.071,1.11615,1.11635,1.40,10.70
2010.06.15 01:46:16.142,1.11615,1.11635,1.00,9.90
2010.06.15 01:46:17.004,1.11615,1.1163,1.00,1.60
2010.06.15 01:46:23.652,1.11615,1.1163,1.00,2.40
2010.06.15 01:46:24.342,1.11615,1.1163,1.00,1.00
2010.06.15 01:46:25.723,1.11615,1.1163,1.40,1.00
2010.06.15 01:46:27.171,1.11615,1.11635,2.20,8.80
2010.06.15 01:46:27.291,1.11615,1.11635,2.20,8.40
2010.06.15 01:46:27.411,1.11615,1.11635,2.20,7.20
2010.06.15 01:46:27.721,1.11615,1.11635,2.20,3.20
2010.06.15 01:46:31.092,1.1162,1.11635,1.00,3.20
2010.06.15 01:46:31.363,1.1162,1.1164,1.00,12.00
2010.06.15 01:46:31.483,1.1162,1.1164,1.00,4.00
2010.06.15 01:46:31.724,1.11625,1.1164,1.00,4.00
2010.06.15 01:46:36.287,1.11625,1.11635,1.00,1.60
2010.06.15 01:46:49.614,1.11625,1.1164,1.00,5.60
2010.06.15 01:46:49.773,1.11625,1.1164,1.00,4.00
2010.06.15 01:46:59.535,1.11625,1.1164,1.00,3.40
2010.06.15 01:46:59.913,1.11625,1.1164,1.00,3.90
2010.06.15 01:47:02.769,1.11625,1.1164,1.00,4.00
2010.06.15 01:47:10.692,1.11625,1.1164,1.00,3.20
2010.06.15 01:47:11.091,1.11625,1.1164,1.00,3.40
2010.06.15 01:47:11.616,1.11625,1.1164,1.00,2.60
2010.06.15 01:47:14.135,1.11625,1.1164,1.00,1.80
2010.06.15 01:47:17.602,1.11625,1.1164,1.00,1.00
2010.06.15 01:47:21.763,1.11625,1.1164,1.00,1.00
2010.06.15 01:47:21.942,1.1162,1.1164,4.60,4.20
2010.06.15 01:47:22.123,1.1162,1.11635,4.60,1.00
2010.06.15 01:47:23.586,1.11625,1.11635,1.60,1.00
2010.06.15 01:47:23.839,1.1163,1.1164,1.40,1.00
2010.06.15 01:47:24.017,1.1163,1.1164,1.40,1.80
2010.06.15 01:47:24.197,1.1163,1.1164,2.20,1.00
2010.06.15 01:47:24.377,1.11635,1.1164,1.60,1.00
2010.06.15 01:47:24.555,1.11635,1.1165,1.60,1.20
2010.06.15 01:47:24.735,1.11635,1.1165,2.60,1.60
2010.06.15 01:47:25.753,1.11635,1.1164,2.60,1.00
2010.06.15 01:47:26.645,1.11635,1.1164,3.40,1.00
2010.06.15 01:47:26.812,1.11635,1.1164,4.20,1.00
2010.06.15 01:47:26.983,1.11635,1.1164,4.20,1.00
2010.06.15 01:47:27.534,1.11635,1.1164,4.20,1.00
2010.06.15 01:47:27.822,1.1164,1.11655,2.20,1.00
2010.06.15 01:47:27.934,1.1164,1.11655,3.00,1.00
2010.06.15 01:47:28.123,1.11645,1.1166,1.00,2.40
2010.06.15 01:47:28.314,1.11635,1.1164,8.20,1.00
2010.06.15 01:47:29.595,1.1164,1.11655,2.20,1.61
2010.06.15 01:47:29.855,1.11635,1.1164,4.20,1.00
2010.06.15 01:47:33.235,1.1165,1.1166,8.00,1.61
2010.06.15 01:47:33.354,1.11635,1.1164,16.60,1.00
2010.06.15 01:47:33.594,1.11655,1.1166,4.00,1.61
2010.06.15 01:47:33.855,1.1166,1.11665,4.00,5.60
2010.06.15 01:47:33.973,1.1165,1.1166,4.00,4.00
2010.06.15 01:47:34.095,1.11645,1.1166,1.40,12.80
2010.06.15 01:47:34.216,1.11645,1.11655,1.40,1.00
2010.06.15 01:47:34.555,1.11645,1.11655,1.00,2.40
2010.06.15 01:47:34.897,1.11645,1.1166,1.40,3.60
2010.06.15 01:47:35.243,1.11645,1.1166,1.40,2.40
2010.06.15 01:47:45.102,1.1165,1.1166,1.00,2.40
2010.06.15 01:47:48.236,1.1165,1.1166,1.00,1.60
2010.06.15 01:47:48.481,1.1165,1.11665,1.00,5.60
2010.06.15 01:47:48.555,1.1165,1.1166,1.00,1.00
2010.06.15 01:47:51.989,1.1165,1.11665,2.20,1.20
2010.06.15 01:47:52.140,1.11655,1.1167,1.40,1.00
2010.06.15 01:47:52.285,1.11655,1.11675,2.20,2.80
2010.06.15 01:47:52.439,1.1166,1.1167,1.40,1.00
2010.06.15 01:47:52.585,1.1166,1.1167,1.40,2.40
2010.06.15 01:47:52.806,1.11655,1.1167,1.40,1.00
2010.06.15 01:47:59.551,1.11655,1.1167,1.00,2.40
2010.06.15 01:47:59.642,1.1165,1.1167,3.00,2.40
2010.06.15 01:47:59.831,1.1165,1.1167,2.20,2.40
2010.06.15 01:48:00.113,1.1165,1.1167,1.40,2.40
2010.06.15 01:48:00.302,1.1165,1.1167,1.40,1.00
2010.06.15 01:48:00.494,1.1165,1.1167,5.40,1.00
2010.06.15 01:48:00.683,1.11655,1.11675,4.80,2.40
2010.06.15 01:48:01.364,1.11655,1.11675,8.80,1.00
2010.06.15 01:48:01.664,1.11665,1.11685,1.40,6.30
2010.06.15 01:48:02.453,1.11665,1.1168,1.40,1.00
2010.06.15 01:48:02.652,1.1166,1.1168,4.60,1.00
2010.06.15 01:48:02.853,1.1166,1.1168,2.20,2.40
2010.06.15 01:48:05.953,1.1166,1.1167,1.40,1.00
2010.06.15 01:48:06.584,1.11655,1.1167,1.00,1.00
2010.06.15 01:48:06.854,1.11655,1.1167,1.00,1.60
2010.06.15 01:48:08.724,1.11655,1.1167,1.00,1.00
2010.06.15 01:48:09.454,1.11665,1.1167,1.00,1.00
2010.06.15 01:48:10.074,1.11665,1.11675,1.00,10.00
2010.06.15 01:48:10.273,1.11665,1.11675,1.00,9.90
2010.06.15 01:48:11.523,1.11665,1.11675,1.00,7.50
2010.06.15 01:48:11.722,1.11665,1.11675,1.00,6.70
2010.06.15 01:48:13.042,1.11665,1.11675,1.00,8.30
2010.06.15 01:48:13.512,1.11665,1.11675,1.60,6.70
2010.06.15 01:48:13.604,1.11665,1.11675,1.60,6.00
2010.06.15 01:48:13.945,1.11665,1.1168,1.00,8.00
2010.06.15 01:48:14.285,1.11665,1.1168,1.50,1.60
2010.06.15 01:48:14.725,1.11665,1.1168,1.50,2.60
2010.06.15 01:48:15.072,1.11665,1.1168,1.00,2.60
2010.06.15 01:48:15.760,1.1167,1.1168,1.40,1.00
2010.06.15 01:48:15.894,1.1167,1.11685,1.40,5.60
2010.06.15 01:48:16.176,1.1167,1.11685,2.20,5.60
2010.06.15 01:48:16.313,1.1167,1.11685,3.00,5.60
2010.06.15 01:48:16.452,1.1167,1.11685,3.00,4.00
2010.06.15 01:48:16.744,1.1167,1.11685,1.40,4.80
2010.06.15 01:48:16.883,1.1167,1.11685,2.20,6.40
2010.06.15 01:48:17.123,1.1167,1.11685,1.40,6.40
2010.06.15 01:48:17.363,1.1167,1.11685,1.40,7.20
2010.06.15 01:48:17.604,1.11665,1.11685,1.50,8.40
2010.06.15 01:48:18.083,1.11665,1.11685,1.50,9.20
2010.06.15 01:48:20.013,1.11675,1.11685,1.00,7.60
2010.06.15 01:48:20.326,1.1167,1.11685,3.40,1.20
2010.06.15 01:48:20.515,1.1167,1.11685,2.80,5.00
2010.06.15 01:48:20.704,1.1167,1.11685,1.00,5.40
2010.06.15 01:48:20.894,1.11665,1.11685,2.70,7.80
2010.06.15 01:48:21.084,1.11665,1.11685,2.70,6.80
2010.06.15 01:48:21.275,1.11665,1.11685,2.30,6.40
2010.06.15 01:48:25.682,1.11665,1.11685,2.30,7.20
2010.06.15 01:48:25.984,1.11665,1.11685,1.50,9.80
2010.06.15 01:48:26.113,1.11665,1.1168,1.50,1.60
2010.06.15 01:48:26.243,1.11665,1.1168,1.00,7.20
2010.06.15 01:48:33.098,1.11665,1.1168,1.00,5.60
2010.06.15 01:48:33.384,1.11665,1.1168,1.00,1.60
2010.06.15 01:48:33.752,1.11665,1.1168,1.00,1.60
2010.06.15 01:48:33.943,1.11665,1.1168,2.30,1.00
2010.06.15 01:48:34.957,1.11665,1.1168,1.50,1.00
2010.06.15 01:48:35.228,1.11665,1.1168,2.30,1.00
2010.06.15 01:48:35.773,1.11665,1.1168,3.90,1.00
2010.06.15 01:48:35.953,1.11665,1.11685,3.90,1.60
2010.06.15 01:48:37.276,1.1167,1.1169,6.20,2.40
2010.06.15 01:48:37.894,1.1167,1.1169,7.80,1.00
2010.06.15 01:48:38.194,1.1167,1.1169,6.20,2.40
2010.06.15 01:48:38.494,1.1167,1.1169,6.20,1.00
2010.06.15 01:48:39.413,1.1167,1.11695,6.20,7.60
2010.06.15 01:48:40.244,1.1167,1.11695,2.20,7.60
2010.06.15 01:48:41.111,1.1167,1.1169,2.20,1.00
2010.06.15 01:48:43.416,1.1167,1.1169,2.20,2.40
2010.06.15 01:48:43.456,1.1167,1.1169,1.40,4.00
2010.06.15 01:48:43.478,1.1167,1.1169,1.40,4.90
2010.06.15 01:48:43.682,1.1167,1.1169,1.40,5.30
2010.06.15 01:48:44.105,1.1167,1.1169,1.40,6.10
2010.06.15 01:48:45.852,1.1167,1.11685,1.40,1.60
2010.06.15 01:48:45.943,1.11665,1.11685,3.80,1.60
2010.06.15 01:48:46.033,1.11665,1.11685,1.60,4.10
2010.06.15 01:48:46.122,1.11665,1.11685,2.40,2.90
2010.06.15 01:48:46.212,1.11665,1.11685,2.40,2.00
2010.06.15 01:48:46.302,1.11665,1.11685,2.40,1.00
2010.06.15 01:48:46.633,1.1167,1.1169,1.40,6.10
2010.06.15 01:48:49.062,1.1167,1.11685,1.40,1.00
2010.06.15 01:48:49.163,1.1167,1.11685,1.40,2.40
2010.06.15 01:48:50.587,1.1167,1.1169,1.40,12.00
2010.06.15 01:48:50.929,1.1168,1.1169,1.00,3.20
2010.06.15 01:48:51.038,1.1168,1.1169,1.00,1.00
2010.06.15 01:48:51.145,1.1168,1.11695,1.00,9.60
2010.06.15 01:48:51.368,1.1168,1.11695,5.60,5.60
2010.06.15 01:48:51.484,1.1168,1.1169,2.20,1.00
2010.06.15 01:48:51.599,1.1168,1.11695,2.20,4.80
2010.06.15 01:48:51.705,1.1168,1.11695,6.20,4.80
2010.06.15 01:48:51.954,1.1168,1.11695,1.40,2.40
2010.06.15 01:48:52.974,1.11675,1.11695,2.20,4.30
2010.06.15 01:48:53.337,1.11675,1.11695,1.40,4.70
2010.06.15 01:48:53.779,1.11685,1.117,2.20,6.40
2010.06.15 01:48:53.955,1.11685,1.117,2.20,4.00
2010.06.15 01:48:54.298,1.11685,1.117,1.00,8.30
2010.06.15 01:48:54.648,1.1168,1.11695,1.40,1.00
2010.06.15 01:48:54.995,1.1168,1.11695,1.40,2.40
2010.06.15 01:48:56.274,1.11685,1.11695,1.40,2.40
2010.06.15 01:48:56.614,1.11685,1.11695,1.40,1.00
2010.06.15 01:49:00.021,1.1168,1.1169,1.40,1.00
2010.06.15 01:49:00.654,1.1168,1.11695,1.40,12.40
2010.06.15 01:49:01.087,1.1168,1.117,2.40,16.70
2010.06.15 01:49:01.393,1.1169,1.11705,1.00,5.60
2010.06.15 01:49:01.741,1.1169,1.11705,1.00,1.60
2010.06.15 01:49:02.193,1.1169,1.11705,1.00,4.00
2010.06.15 01:49:02.536,1.1169,1.11705,1.00,2.40
2010.06.15 01:49:03.526,1.1169,1.11705,1.00,4.80
2010.06.15 01:49:03.954,1.1169,1.117,1.00,1.00
2010.06.15 01:49:04.190,1.11685,1.117,1.40,2.40
2010.06.15 01:49:04.534,1.11685,1.117,1.00,3.20
2010.06.15 01:49:04.876,1.11685,1.117,1.00,5.60
2010.06.15 01:49:08.413,1.11685,1.11695,1.00,1.60
2010.06.15 01:49:08.693,1.11685,1.117,1.00,3.20
2010.06.15 01:49:09.372,1.11685,1.117,1.40,1.00
2010.06.15 01:49:09.515,1.11685,1.117,2.20,1.00
2010.06.15 01:49:09.783,1.11685,1.11705,2.20,5.60
2010.06.15 01:49:10.123,1.11685,1.11705,2.20,4.80
2010.06.15 01:49:23.253,1.11685,1.11705,2.20,4.00
2010.06.15 01:49:23.443,1.11685,1.11705,6.20,4.00
2010.06.15 01:49:24.322,1.11685,1.11705,6.20,3.20
2010.06.15 01:49:24.582,1.1169,1.11705,1.00,1.60
2010.06.15 01:49:24.792,1.11695,1.11705,1.00,1.60
2010.06.15 01:49:25.005,1.1169,1.11705,1.40,2.40
2010.06.15 01:49:25.510,1.1169,1.11705,1.00,2.40
2010.06.15 01:49:25.630,1.1169,1.11705,1.00,1.00
2010.06.15 01:49:27.673,1.1169,1.11705,1.00,2.00
2010.06.15 01:49:27.926,1.1169,1.117,1.00,1.00
2010.06.15 01:49:28.044,1.11685,1.117,1.40,1.00
2010.06.15 01:49:28.283,1.11685,1.117,1.00,1.00
2010.06.15 01:49:29.858,1.117,1.1171,1.40,2.70
2010.06.15 01:49:30.200,1.11715,1.1172,1.00,1.60
2010.06.15 01:49:30.471,1.11715,1.1173,1.40,3.10
2010.06.15 01:49:30.743,1.1173,1.1174,1.00,1.50
2010.06.15 01:49:31.133,1.1173,1.1174,1.00,1.00
2010.06.15 01:49:31.481,1.11725,1.1174,1.00,1.00
2010.06.15 01:49:33.159,1.11725,1.1174,1.00,4.40
2010.06.15 01:49:33.509,1.11725,1.1174,1.00,1.00
2010.06.15 01:49:33.860,1.11725,1.11745,1.00,2.40
2010.06.15 01:49:34.207,1.1173,1.11745,4.00,2.40
2010.06.15 01:49:34.895,1.1173,1.11745,4.00,1.00
2010.06.15 01:49:35.235,1.1173,1.11745,5.40,1.00
2010.06.15 01:49:35.567,1.11735,1.1175,1.00,2.40
2010.06.15 01:49:36.564,1.11735,1.1175,1.00,3.20
2010.06.15 01:49:36.905,1.1173,1.1175,2.20,6.40
2010.06.15 01:49:37.245,1.1173,1.1175,1.40,6.80
2010.06.15 01:49:37.476,1.1173,1.1175,1.00,6.80
2010.06.15 01:49:37.994,1.1173,1.11745,1.00,1.60
2010.06.15 01:49:38.232,1.1173,1.11745,1.00,2.40
2010.06.15 01:49:38.554,1.11725,1.1174,1.40,1.00
2010.06.15 01:49:39.550,1.1172,1.1174,1.00,4.80
2010.06.15 01:49:39.895,1.1172,1.11735,1.00,1.60
2010.06.15 01:49:40.845,1.11715,1.1173,3.00,1.00
2010.06.15 01:49:41.087,1.11715,1.11735,1.40,4.40
2010.06.15 01:49:41.336,1.11715,1.1173,2.20,1.00
2010.06.15 01:49:44.323,1.11715,1.1173,1.60,1.60
2010.06.15 01:49:44.483,1.1171,1.1173,9.20,1.60
2010.06.15 01:49:44.945,1.1171,1.1173,4.60,1.60
2010.06.15 01:49:45.246,1.1171,1.1173,3.80,1.60
2010.06.15 01:49:46.084,1.1171,1.1173,3.00,2.40
2010.06.15 01:49:46.296,1.1171,1.11725,1.00,1.00
2010.06.15 01:49:46.504,1.11705,1.11725,11.20,1.00
2010.06.15 01:49:46.804,1.11705,1.11725,7.20,1.60
2010.06.15 01:49:49.281,1.11705,1.11725,1.60,4.00
2010.06.15 01:49:50.506,1.11705,1.11725,3.20,3.20
2010.06.15 01:49:50.844,1.11705,1.11725,7.20,1.60
2010.06.15 01:49:51.270,1.11705,1.11725,7.60,1.60
2010.06.15 01:49:51.370,1.1171,1.11725,1.40,1.00
2010.06.15 01:49:51.553,1.1171,1.1173,1.40,3.20
2010.06.15 01:49:52.074,1.1171,1.1173,2.20,3.20
2010.06.15 01:49:52.413,1.1171,1.1173,2.20,4.00
2010.06.15 01:49:53.953,1.1171,1.1173,1.40,4.00
2010.06.15 01:49:54.243,1.1171,1.1173,3.80,1.60
2010.06.15 01:49:54.393,1.1171,1.1173,10.20,1.60
2010.06.15 01:49:54.674,1.1171,1.1173,11.40,1.60
2010.06.15 01:49:54.826,1.1171,1.1173,12.20,1.00
2010.06.15 01:49:55.688,1.1171,1.1173,3.00,1.60
2010.06.15 01:49:55.980,1.1171,1.1173,1.00,2.40
2010.06.15 01:49:56.213,1.1171,1.1173,1.00,4.00
2010.06.15 01:49:56.450,1.1171,1.11725,1.00,1.60
2010.06.15 01:49:57.925,1.1171,1.11725,1.00,2.40
2010.06.15 01:49:58.013,1.11705,1.11725,3.20,4.00
2010.06.15 01:49:58.106,1.11705,1.1172,1.00,1.00
2010.06.15 01:49:58.194,1.117,1.1172,8.00,2.40
2010.06.15 01:49:58.284,1.117,1.11715,4.80,1.00
2010.06.15 01:49:58.517,1.117,1.11715,1.00,2.40
2010.06.15 01:49:58.609,1.11695,1.11715,6.60,4.00
2010.06.15 01:49:58.694,1.117,1.11715,2.80,2.40
2010.06.15 01:49:58.783,1.117,1.1172,4.40,3.20
2010.06.15 01:49:59.020,1.117,1.1172,2.00,3.20
2010.06.15 01:49:59.370,1.117,1.1172,4.40,3.20
2010.06.15 01:50:01.505,1.117,1.1172,2.80,4.00
2010.06.15 01:50:01.622,1.11695,1.1172,8.60,8.00
2010.06.15 01:50:02.422,1.11695,1.1171,7.00,1.00
2010.06.15 01:50:02.543,1.11695,1.1171,3.00,1.00
2010.06.15 01:50:02.704,1.11695,1.1171,1.00,1.60
2010.06.15 01:50:02.838,1.1169,1.1171,1.80,4.00
2010.06.15 01:50:02.975,1.1169,1.11705,1.80,1.00
2010.06.15 01:50:03.107,1.1169,1.11705,1.00,2.40
2010.06.15 01:50:03.245,1.11685,1.11705,5.40,1.60
2010.06.15 01:50:03.395,1.11685,1.11705,7.00,1.60
2010.06.15 01:50:04.585,1.11685,1.117,1.40,1.00
2010.06.15 01:50:04.848,1.1168,1.1169,3.80,1.60
2010.06.15 01:50:05.108,1.1167,1.1169,1.00,3.20
2010.06.15 01:50:05.365,1.1168,1.1169,1.00,2.40
2010.06.15 01:50:05.624,1.1168,1.11695,1.00,1.60
2010.06.15 01:50:06.747,1.11675,1.11685,1.00,1.00
2010.06.15 01:50:06.973,1.1167,1.11685,1.40,1.00
2010.06.15 01:50:07.320,1.1167,1.11685,3.00,1.00
2010.06.15 01:50:08.434,1.1167,1.11685,1.40,1.00
2010.06.15 01:50:11.203,1.1167,1.11685,1.00,1.60
2010.06.15 01:50:11.304,1.1167,1.11685,1.00,2.40
2010.06.15 01:50:11.506,1.1167,1.11685,1.00,6.40
2010.06.15 01:50:11.734,1.1167,1.11685,1.00,6.00
2010.06.15 01:50:11.858,1.1166,1.1168,3.00,1.60
2010.06.15 01:50:12.064,1.1166,1.1168,1.40,1.60
2010.06.15 01:50:12.607,1.11665,1.1168,1.00,1.60
2010.06.15 01:50:16.286,1.1167,1.1168,1.00,1.00
2010.06.15 01:50:16.397,1.1167,1.11685,1.00,2.40
2010.06.15 01:50:16.514,1.1167,1.11685,1.00,1.60
2010.06.15 01:50:16.980,1.1167,1.11685,1.40,1.00
2010.06.15 01:50:22.343,1.1167,1.11685,1.00,1.00
2010.06.15 01:50:26.842,1.11665,1.11685,2.20,1.00
2010.06.15 01:50:27.044,1.11665,1.11685,1.40,1.60
2010.06.15 01:50:27.243,1.11665,1.11685,1.40,4.40
2010.06.15 01:50:27.442,1.11665,1.1168,1.40,1.00
2010.06.15 01:50:41.272,1.11665,1.1168,3.80,1.00
2010.06.15 01:50:41.504,1.11665,1.11685,6.60,1.60
2010.06.15 01:50:41.734,1.11665,1.11685,7.40,1.60
2010.06.15 01:50:41.964,1.11665,1.11685,7.40,1.00
2010.06.15 01:50:42.194,1.1167,1.11685,1.40,1.00
2010.06.15 01:50:42.424,1.1167,1.1169,1.40,3.20
2010.06.15 01:50:42.874,1.11675,1.1169,1.00,3.20
2010.06.15 01:50:43.325,1.1167,1.11685,1.00,1.00
2010.06.15 01:50:44.643,1.11665,1.11685,7.40,1.60
2010.06.15 01:50:45.573,1.11675,1.11685,3.20,1.60
2010.06.15 01:50:45.845,1.11675,1.1169,9.60,2.40
2010.06.15 01:50:46.116,1.11675,1.1169,11.00,1.00
2010.06.15 01:50:46.654,1.1168,1.1169,1.00,1.00
2010.06.15 01:50:47.133,1.1168,1.1169,1.40,1.00
2010.06.15 01:50:47.345,1.1168,1.1169,3.00,1.00
2010.06.15 01:50:50.344,1.1168,1.1169,1.40,1.00
2010.06.15 01:50:54.943,1.1168,1.1169,1.00,1.00
2010.06.15 01:50:55.183,1.1168,1.1169,2.20,1.00
2010.06.15 01:50:57.372,1.1168,1.1169,3.00,1.00
2010.06.15 01:50:57.583,1.1168,1.117,3.00,2.40
2010.06.15 01:50:57.822,1.1168,1.117,1.40,4.00
2010.06.15 01:50:57.942,1.1168,1.117,1.40,4.40
2010.06.15 01:50:58.183,1.1168,1.117,3.00,2.80
2010.06.15 01:50:59.203,1.1168,1.117,3.80,2.00
2010.06.15 01:50:59.465,1.1168,1.117,4.60,2.00
2010.06.15 01:51:03.176,1.1168,1.117,3.80,2.00
2010.06.15 01:51:05.222,1.11685,1.117,1.00,2.00
2010.06.15 01:51:11.093,1.11685,1.117,1.00,1.20
2010.06.15 01:51:11.343,1.11685,1.117,1.00,1.00
2010.06.15 01:51:14.640,1.1168,1.117,7.00,1.60
2010.06.15 01:51:16.722,1.1168,1.117,5.60,1.60
2010.06.15 01:51:17.312,1.1168,1.117,4.00,1.60
2010.06.15 01:51:18.592,1.11675,1.117,6.10,2.40
2010.06.15 01:51:18.753,1.11675,1.11695,3.90,1.60
2010.06.15 01:51:18.913,1.11675,1.11695,3.20,1.60
2010.06.15 01:51:19.075,1.1168,1.11695,7.10,1.60
2010.06.15 01:51:19.360,1.11685,1.1169,1.00,1.00
2010.06.15 01:51:19.617,1.1167,1.1169,1.40,3.20
2010.06.15 01:51:19.874,1.1167,1.1169,6.10,1.60
2010.06.15 01:51:20.546,1.11675,1.1169,1.60,1.60
2010.06.15 01:51:20.887,1.1167,1.1169,6.90,1.60
2010.06.15 01:51:22.017,1.1167,1.1169,6.60,1.60
2010.06.15 01:51:22.466,1.11675,1.1169,1.00,1.60
2010.06.15 01:51:22.703,1.11675,1.1169,1.40,1.60
2010.06.15 01:51:25.014,1.11675,1.1169,3.80,1.00
2010.06.15 01:51:25.213,1.11675,1.11695,10.60,1.60
2010.06.15 01:51:26.085,1.11675,1.11695,11.40,1.00
2010.06.15 01:51:26.296,1.1168,1.11695,2.40,1.00
2010.06.15 01:51:26.508,1.1168,1.11695,3.20,1.00
2010.06.15 01:51:26.714,1.1168,1.11695,4.00,1.00
2010.06.15 01:51:26.925,1.1168,1.11695,2.40,1.00
2010.06.15 01:51:27.793,1.1168,1.11695,1.00,1.00
2010.06.15 01:51:29.114,1.1168,1.11695,2.20,1.00
2010.06.15 01:51:29.642,1.11685,1.11695,1.00,1.00
2010.06.15 01:51:29.746,1.1168,1.11695,3.80,1.00
2010.06.15 01:51:29.864,1.1168,1.11695,4.20,1.00
2010.06.15 01:51:29.977,1.1168,1.11695,8.40,1.00
2010.06.15 01:51:30.227,1.11685,1.11695,1.00,1.00
2010.06.15 01:51:31.264,1.11685,1.117,1.00,1.60
2010.06.15 01:51:32.306,1.11685,1.117,1.60,1.00
2010.06.15 01:51:32.613,1.11685,1.11705,2.20,3.20
2010.06.15 01:51:33.073,1.11685,1.117,1.40,1.00
2010.06.15 01:51:33.176,1.11685,1.117,1.00,1.00
2010.06.15 01:51:33.272,1.1168,1.117,6.00,2.40
2010.06.15 01:51:33.322,1.1168,1.117,5.60,2.40
2010.06.15 01:51:33.928,1.1168,1.117,5.40,2.40
2010.06.15 01:51:34.122,1.1168,1.117,5.40,1.00
2010.06.15 01:51:34.193,1.1168,1.117,1.40,1.00
2010.06.15 01:51:34.461,1.11685,1.117,1.00,1.00
2010.06.15 01:51:34.522,1.11685,1.11705,2.20,4.40
2010.06.15 01:51:34.914,1.11685,1.11705,3.80,1.60
2010.06.15 01:51:35.184,1.11685,1.11705,3.00,2.40
2010.06.15 01:51:35.723,1.11685,1.11705,1.40,1.60
2010.06.15 01:51:36.462,1.11685,1.11705,1.40,2.40
2010.06.15 01:51:36.652,1.11685,1.11705,1.40,4.00
2010.06.15 01:51:36.885,1.11685,1.11705,1.40,6.00
2010.06.15 01:51:37.804,1.11685,1.11705,1.40,6.80
2010.06.15 01:51:45.583,1.11685,1.11705,1.00,6.80
2010.06.15 01:51:45.803,1.11685,1.117,1.00,1.00
2010.06.15 01:51:50.072,1.11685,1.117,2.20,1.00
2010.06.15 01:51:50.283,1.11685,1.117,3.80,1.00
2010.06.15 01:52:19.791,1.11685,1.117,2.20,1.00
2010.06.15 01:52:20.705,1.11685,1.117,1.00,1.00
2010.06.15 01:52:28.602,1.11685,1.117,2.20,1.00
2010.06.15 01:52:28.766,1.11685,1.117,3.80,1.00
2010.06.15 01:52:39.113,1.11685,1.117,3.20,1.00
2010.06.15 01:52:47.134,1.11685,1.117,1.60,1.00
2010.06.15 01:52:51.428,1.1168,1.117,10.00,1.00
2010.06.15 01:52:51.627,1.1168,1.117,7.60,1.00
2010.06.15 01:52:51.816,1.11685,1.117,1.60,1.00
2010.06.15 01:52:53.273,1.11685,1.117,2.40,1.00
2010.06.15 01:52:53.493,1.11685,1.117,3.00,1.00
2010.06.15 01:52:59.784,1.11685,1.117,1.40,1.00
2010.06.15 01:53:00.543,1.11685,1.117,3.00,1.00
2010.06.15 01:53:10.383,1.11685,1.11705,3.00,3.20
2010.06.15 01:53:12.322,1.11685,1.11705,3.00,1.60
2010.06.15 01:53:25.043,1.11685,1.11705,4.60,1.00
2010.06.15 01:53:25.249,1.11685,1.1171,6.20,12.80
2010.06.15 01:53:25.374,1.11685,1.1171,6.20,4.80
2010.06.15 01:53:25.504,1.11685,1.1171,7.00,4.00
2010.06.15 01:53:26.525,1.11685,1.1171,6.40,4.00
2010.06.15 01:53:27.643,1.1169,1.1171,3.00,1.60
2010.06.15 01:53:30.528,1.1169,1.1171,3.80,1.60
2010.06.15 01:53:30.724,1.1169,1.1171,9.40,1.60
2010.06.15 01:53:30.914,1.11695,1.1171,1.40,1.00
2010.06.15 01:53:31.113,1.11695,1.11715,1.40,2.40
2010.06.15 01:53:31.433,1.11695,1.11715,2.20,2.40
2010.06.15 01:53:33.925,1.11695,1.11715,3.00,1.60
2010.06.15 01:53:34.143,1.11695,1.11715,4.60,1.60
2010.06.15 01:53:34.233,1.11695,1.11715,5.00,1.60
2010.06.15 01:53:34.413,1.11695,1.11715,2.60,2.40
2010.06.15 01:53:34.692,1.11695,1.11715,2.20,2.40
2010.06.15 01:53:35.043,1.11695,1.11715,4.20,1.60
2010.06.15 01:53:35.384,1.11695,1.1171,3.00,1.00
2010.06.15 01:53:35.729,1.11695,1.11715,10.80,2.40
2010.06.15 01:53:35.946,1.11695,1.11715,4.40,1.60
2010.06.15 01:53:38.397,1.117,1.11715,1.00,1.60
2010.06.15 01:53:41.064,1.11695,1.11715,11.60,1.60
2010.06.15 01:53:41.224,1.11695,1.11715,9.20,1.60
2010.06.15 01:53:41.385,1.11695,1.11715,3.60,2.40
2010.06.15 01:53:41.624,1.11695,1.11715,3.20,2.40
2010.06.15 01:53:41.870,1.11695,1.11715,1.40,4.00
2010.06.15 01:53:42.109,1.1169,1.1171,5.20,1.60
2010.06.15 01:53:43.257,1.11695,1.1171,1.60,1.60
2010.06.15 01:53:43.565,1.11695,1.1171,3.20,1.60
2010.06.15 01:53:46.434,1.117,1.1171,1.00,1.60
2010.06.15 01:53:46.574,1.117,1.11715,1.00,2.40
2010.06.15 01:53:46.662,1.117,1.11715,1.00,1.60
2010.06.15 01:53:46.969,1.11695,1.11715,10.00,1.60
2010.06.15 01:53:47.547,1.1169,1.1171,4.80,2.40
2010.06.15 01:53:47.892,1.1169,1.1171,1.60,2.40
2010.06.15 01:53:48.240,1.11685,1.1171,3.70,2.40
2010.06.15 01:53:48.925,1.11685,1.117,3.70,1.60
2010.06.15 01:53:50.544,1.1169,1.117,1.60,1.60
2010.06.15 01:53:50.898,1.1169,1.117,3.20,1.00
2010.06.15 01:53:51.049,1.1169,1.11705,3.20,1.60
2010.06.15 01:53:53.434,1.11695,1.11705,1.60,1.00
2010.06.15 01:53:53.651,1.11695,1.1171,3.20,1.60
2010.06.15 01:53:53.867,1.11695,1.1171,7.60,1.60
2010.06.15 01:53:54.086,1.11695,1.1171,5.60,1.60
2010.06.15 01:53:54.604,1.11695,1.1171,1.60,1.60
2010.06.15 01:53:56.514,1.11695,1.1171,1.00,1.60
2010.06.15 01:53:57.775,1.1169,1.1171,11.60,1.60
2010.06.15 01:53:57.822,1.1169,1.1171,7.60,1.60
2010.06.15 01:53:58.037,1.1169,1.1171,5.20,1.60
2010.06.15 01:53:58.154,1.11695,1.1171,1.60,1.60
2010.06.15 01:53:58.352,1.11695,1.1171,3.20,1.60
2010.06.15 01:53:58.784,1.11695,1.11715,3.20,2.40
2010.06.15 01:53:59.125,1.11695,1.11715,3.20,1.60
2010.06.15 01:53:59.464,1.11695,1.11715,3.60,1.60
2010.06.15 01:53:59.806,1.117,1.1172,1.60,2.40
2010.06.15 01:54:00.603,1.11695,1.11715,10.00,1.60
2010.06.15 01:54:00.803,1.11695,1.11715,8.40,1.60
2010.06.15 01:54:01.006,1.11695,1.11715,8.20,1.60
2010.06.15 01:54:01.216,1.11695,1.11715,4.00,4.00
2010.06.15 01:54:01.430,1.1169,1.11715,24.60,4.00
2010.06.15 01:54:02.528,1.117,1.11715,1.00,3.20
2010.06.15 01:54:02.884,1.117,1.1171,1.00,3.20
2010.06.15 01:54:02.954,1.117,1.1171,1.00,2.40
2010.06.15 01:54:03.026,1.117,1.1171,1.00,1.60
2010.06.15 01:54:03.093,1.117,1.11715,1.60,4.00
2010.06.15 01:54:03.163,1.117,1.11715,1.60,3.20
2010.06.15 01:54:03.350,1.117,1.11715,2.00,2.40
2010.06.15 01:54:03.421,1.117,1.1172,2.00,3.20
2010.06.15 01:54:04.256,1.117,1.1172,2.00,1.60
2010.06.15 01:54:06.697,1.117,1.1172,1.00,4.00
2010.06.15 01:54:06.850,1.11695,1.1172,10.80,4.00
2010.06.15 01:54:08.233,1.11695,1.1172,10.00,4.00
2010.06.15 01:54:11.313,1.11705,1.1172,1.60,3.20
2010.06.15 01:54:11.424,1.1171,1.1172,5.60,3.20
2010.06.15 01:54:11.535,1.1171,1.1172,5.60,1.60
2010.06.15 01:54:11.644,1.1171,1.1172,1.60,2.40
2010.06.15 01:54:11.754,1.117,1.11715,2.40,1.60
2010.06.15 01:54:11.963,1.117,1.11715,1.60,1.60
2010.06.15 01:54:12.174,1.117,1.1172,1.60,4.00
2010.06.15 01:54:12.384,1.117,1.11715,1.60,1.00
2010.06.15 01:54:12.596,1.11695,1.11715,3.70,3.20
2010.06.15 01:54:12.802,1.11695,1.11715,5.30,1.60
2010.06.15 01:54:15.443,1.11695,1.11715,10.00,1.60
2010.06.15 01:54:16.245,1.117,1.1172,1.60,1.60
2010.06.15 01:54:16.424,1.117,1.11725,3.20,8.40
2010.06.15 01:54:16.604,1.117,1.11725,6.80,4.00
2010.06.15 01:54:16.782,1.117,1.11725,7.60,4.00
2010.06.15 01:54:17.133,1.117,1.11725,8.20,4.00
2010.06.15 01:54:17.332,1.117,1.11725,8.40,4.00
2010.06.15 01:54:19.753,1.11705,1.11725,1.60,3.20
2010.06.15 01:54:19.883,1.11705,1.11725,2.00,3.20
2010.06.15 01:54:20.133,1.11705,1.11725,1.00,4.00
2010.06.15 01:54:20.403,1.117,1.1172,6.00,1.60
2010.06.15 01:54:22.235,1.117,1.1172,4.00,2.40
2010.06.15 01:54:22.524,1.117,1.1172,3.20,2.40
2010.06.15 01:54:23.913,1.117,1.1172,3.00,2.40
2010.06.15 01:54:24.053,1.117,1.1172,2.40,2.40
2010.06.15 01:54:26.707,1.117,1.1172,4.00,1.60
2010.06.15 01:54:26.752,1.117,1.1172,4.80,1.60
2010.06.15 01:54:26.772,1.117,1.1172,4.80,1.00
2010.06.15 01:54:26.805,1.117,1.11725,4.80,8.40
2010.06.15 01:54:26.945,1.117,1.11725,5.20,8.00
2010.06.15 01:54:27.061,1.117,1.11725,6.80,8.00
2010.06.15 01:54:27.374,1.11705,1.11725,2.00,7.20
2010.06.15 01:54:27.963,1.11705,1.11725,2.00,3.20
2010.06.15 01:54:28.244,1.1171,1.11725,1.00,1.60
2010.06.15 01:54:28.525,1.11715,1.11725,1.00,1.00
2010.06.15 01:54:28.784,1.11715,1.11735,1.00,15.20
2010.06.15 01:54:29.044,1.11715,1.1173,1.00,1.60
2010.06.15 01:54:29.305,1.1171,1.1173,2.00,4.00
2010.06.15 01:54:29.565,1.1171,1.1173,1.00,4.00
2010.06.15 01:54:29.785,1.1171,1.11725,1.00,1.60
2010.06.15 01:54:30.634,1.11715,1.11725,1.00,1.60
2010.06.15 01:54:32.614,1.1171,1.11725,1.20,1.60
2010.06.15 01:54:32.653,1.1171,1.11725,1.00,1.60
2010.06.15 01:54:32.774,1.1171,1.1172,1.00,1.60
2010.06.15 01:54:32.816,1.11705,1.1172,6.40,1.60
2010.06.15 01:54:32.898,1.11705,1.1172,4.00,1.60
2010.06.15 01:54:33.125,1.11705,1.11725,4.00,2.40
2010.06.15 01:54:33.163,1.1171,1.11725,1.00,2.40
2010.06.15 01:54:33.207,1.1171,1.11725,1.00,1.60
2010.06.15 01:54:33.372,1.11705,1.11725,4.40,1.60
2010.06.15 01:54:33.417,1.1171,1.11725,1.60,2.40
2010.06.15 01:54:33.535,1.1171,1.1172,1.60,1.00
2010.06.15 01:54:33.915,1.1171,1.11725,1.60,2.40
2010.06.15 01:54:34.255,1.1171,1.11725,1.60,1.60
2010.06.15 01:54:38.424,1.11705,1.11725,16.40,1.60
2010.06.15 01:54:38.442,1.11705,1.11725,14.00,1.60
2010.06.15 01:54:38.475,1.11705,1.11725,10.00,1.60
2010.06.15 01:54:38.532,1.11705,1.11725,5.60,1.60
2010.06.15 01:54:38.691,1.11705,1.11725,3.20,1.60
2010.06.15 01:54:39.909,1.11705,1.11725,1.70,2.40
2010.06.15 01:54:40.231,1.1171,1.11725,1.00,1.60
2010.06.15 01:54:40.774,1.11705,1.1172,2.80,1.60
2010.06.15 01:54:41.003,1.11705,1.1172,2.40,1.60
2010.06.15 01:54:50.872,1.11705,1.1171,1.60,1.00
2010.06.15 01:54:51.225,1.117,1.1171,8.00,2.40
2010.06.15 01:54:51.436,1.117,1.1171,8.80,1.00
2010.06.15 01:54:51.749,1.117,1.11715,1.00,1.60
2010.06.15 01:54:51.853,1.117,1.11715,2.40,1.60
2010.06.15 01:54:54.084,1.117,1.11715,1.60,1.60
2010.06.15 01:54:54.307,1.11695,1.11715,12.00,1.60
2010.06.15 01:54:54.514,1.11695,1.11715,4.00,1.60
2010.06.15 01:54:55.133,1.117,1.1172,1.60,2.40
2010.06.15 01:54:56.465,1.11695,1.1172,6.00,2.40
2010.06.15 01:54:56.734,1.11695,1.11715,6.00,1.60
2010.06.15 01:55:00.823,1.11695,1.11715,4.40,1.60
2010.06.15 01:55:02.991,1.11695,1.11715,4.00,1.60
2010.06.15 01:55:03.113,1.11695,1.11715,4.00,2.40
2010.06.15 01:55:03.172,1.11695,1.1171,4.00,1.00
2010.06.15 01:55:03.292,1.11695,1.1171,3.80,1.00
2010.06.15 01:55:06.693,1.117,1.1171,1.60,1.00
2010.06.15 01:55:11.572,1.117,1.1171,3.20,1.00
2010.06.15 01:55:11.842,1.117,1.1172,3.30,2.40
2010.06.15 01:55:11.933,1.117,1.1172,3.70,2.40
2010.06.15 01:55:12.024,1.117,1.11715,4.50,1.60
2010.06.15 01:55:20.823,1.117,1.1171,2.50,1.00
2010.06.15 01:55:21.083,1.117,1.1171,1.00,1.00
2010.06.15 01:55:21.343,1.11695,1.1171,14.60,1.00
2010.06.15 01:55:23.772,1.117,1.1171,1.60,1.00
2010.06.15 01:55:39.993,1.117,1.11715,2.40,2.40
2010.06.15 01:55:40.082,1.117,1.11715,2.40,1.60
2010.06.15 01:55:40.515,1.11695,1.1171,10.40,1.60
2010.06.15 01:55:40.854,1.11695,1.1171,2.40,1.60
2010.06.15 01:55:46.256,1.11695,1.1171,1.60,1.60
2010.06.15 01:55:48.833,1.11695,1.1171,1.60,2.40
2010.06.15 01:55:49.073,1.1169,1.1171,13.40,2.40
2010.06.15 01:55:53.932,1.1169,1.1171,11.00,2.40
2010.06.15 01:55:54.474,1.1169,1.1171,3.00,2.40
2010.06.15 01:55:54.774,1.1169,1.1171,9.40,2.40
2010.06.15 01:55:54.873,1.1169,1.1171,13.40,2.40
2010.06.15 01:55:56.754,1.1169,1.11705,13.40,1.00
2010.06.15 01:55:56.976,1.1169,1.11705,8.60,1.60
2010.06.15 01:55:57.109,1.1169,1.11705,8.60,1.00
2010.06.15 01:55:57.235,1.1169,1.11705,5.60,1.60
2010.06.15 01:55:57.413,1.1169,1.11705,1.60,1.60
2010.06.15 01:55:58.735,1.11685,1.11705,3.20,1.60
2010.06.15 01:55:59.077,1.1169,1.11705,1.60,1.60
2010.06.15 01:56:00.055,1.1169,1.11705,1.60,2.40
2010.06.15 01:56:00.734,1.11685,1.11705,13.40,2.40
2010.06.15 01:56:01.075,1.11685,1.11705,2.20,2.40
2010.06.15 01:56:01.414,1.11685,1.117,2.20,1.00
2010.06.15 01:56:01.714,1.11685,1.117,3.80,1.00
2010.06.15 01:56:02.171,1.11685,1.117,14.20,1.00
2010.06.15 01:56:03.466,1.11685,1.117,12.60,1.00
2010.06.15 01:56:04.102,1.1169,1.11705,4.80,1.60
2010.06.15 01:56:04.177,1.11695,1.11705,6.40,1.60
2010.06.15 01:56:04.517,1.11695,1.11705,5.60,1.60
2010.06.15 01:56:05.021,1.11685,1.11705,1.60,2.40
2010.06.15 01:56:05.371,1.11685,1.117,1.00,1.60
2010.06.15 01:56:07.505,1.1168,1.117,3.00,2.40
2010.06.15 01:56:07.774,1.1168,1.117,4.60,1.60
2010.06.15 01:56:10.503,1.1168,1.117,3.00,2.40
2010.06.15 01:56:10.593,1.1168,1.117,1.40,2.40
2010.06.15 01:56:10.763,1.1168,1.11695,1.40,1.00
2010.06.15 01:56:11.444,1.1168,1.117,1.40,2.40
2010.06.15 01:56:11.784,1.1168,1.117,3.00,1.60
2010.06.15 01:56:11.943,1.1168,1.117,4.60,1.60
2010.06.15 01:56:12.103,1.11685,1.117,1.00,1.60
2010.06.15 01:56:12.264,1.11685,1.117,1.00,1.00
2010.06.15 01:56:15.685,1.11685,1.117,1.00,1.60
2010.06.15 01:56:29.223,1.11685,1.117,2.20,1.60
2010.06.15 01:56:30.955,1.11685,1.117,2.20,1.00
2010.06.15 01:56:31.724,1.11685,1.117,1.00,1.00
2010.06.15 01:56:33.085,1.11685,1.117,2.20,1.00
2010.06.15 01:56:33.213,1.11685,1.117,4.20,1.00
2010.06.15 01:56:33.832,1.11685,1.117,4.60,1.00
2010.06.15 01:56:34.615,1.11685,1.117,5.40,1.00
2010.06.15 01:56:35.713,1.11685,1.117,2.20,1.60
2010.06.15 01:56:35.956,1.11685,1.117,1.00,1.60
2010.06.15 01:56:36.053,1.1168,1.117,1.00,2.40
2010.06.15 01:56:36.153,1.1168,1.117,2.20,1.60
2010.06.15 01:56:36.254,1.11685,1.117,1.00,1.00
2010.06.15 01:56:42.292,1.11685,1.117,1.00,1.60
2010.06.15 01:56:42.413,1.11685,1.117,1.00,2.40
2010.06.15 01:56:42.483,1.1168,1.117,3.80,2.40
2010.06.15 01:56:42.693,1.1168,1.117,3.00,2.40
2010.06.15 01:56:43.622,1.1168,1.117,7.00,2.40
2010.06.15 01:56:43.832,1.1168,1.117,13.40,1.60
2010.06.15 01:56:43.940,1.11685,1.117,1.00,1.60
2010.06.15 01:56:44.143,1.11685,1.117,1.00,1.00
2010.06.15 01:56:44.442,1.11685,1.117,1.40,1.00
2010.06.15 01:56:46.293,1.11685,1.11705,1.40,2.40
2010.06.15 01:56:46.373,1.11685,1.11705,1.40,1.60
2010.06.15 01:56:46.538,1.11685,1.11705,3.00,1.60
2010.06.15 01:56:46.634,1.1169,1.11705,1.40,1.00
2010.06.15 01:56:52.672,1.1169,1.117,1.40,1.00
2010.06.15 01:56:53.067,1.11685,1.117,1.00,1.00
2010.06.15 01:56:53.663,1.11685,1.117,1.00,1.60
2010.06.15 01:56:54.264,1.1168,1.117,3.00,1.60
2010.06.15 01:56:54.486,1.1168,1.117,3.00,2.40
2010.06.15 01:56:55.724,1.1168,1.11695,3.00,1.00
2010.06.15 01:56:56.027,1.1168,1.11695,2.20,1.00
2010.06.15 01:56:56.204,1.1168,1.11695,1.00,1.60
2010.06.15 01:56:56.505,1.11685,1.11695,1.60,1.00
2010.06.15 01:56:56.697,1.1168,1.1169,2.60,1.00
2010.06.15 01:56:56.880,1.11675,1.1169,5.40,1.00
2010.06.15 01:56:57.212,1.11675,1.11695,1.40,3.20
2010.06.15 01:56:57.558,1.1168,1.11695,3.00,1.00
2010.06.15 01:56:57.905,1.1168,1.11695,3.00,1.60
2010.06.15 01:56:58.247,1.1168,1.11695,1.40,1.60
2010.06.15 01:56:58.977,1.1168,1.11695,7.00,1.60
2010.06.15 01:56:59.277,1.1168,1.11695,1.40,1.60
2010.06.15 01:57:00.138,1.1168,1.11695,1.00,1.60
2010.06.15 01:57:23.034,1.1168,1.11695,1.00,1.00
2010.06.15 01:57:23.257,1.11685,1.117,1.40,1.60
2010.06.15 01:57:23.478,1.11685,1.11705,1.40,8.00
2010.06.15 01:57:23.707,1.11685,1.11705,3.80,2.40
2010.06.15 01:57:24.846,1.11685,1.117,2.20,1.00
2010.06.15 01:57:25.185,1.11685,1.117,1.00,1.00
2010.06.15 01:57:35.673,1.11685,1.117,1.40,1.00
2010.06.15 01:57:35.833,1.1169,1.117,1.00,1.00
2010.06.15 01:57:41.256,1.11685,1.117,1.40,1.60
2010.06.15 01:57:41.429,1.1168,1.11695,5.60,1.00
2010.06.15 01:57:41.754,1.11675,1.11695,5.80,1.60
2010.06.15 01:57:41.931,1.11675,1.1169,1.40,1.00
2010.06.15 01:57:44.483,1.1168,1.1169,1.00,1.00
2010.06.15 01:57:44.693,1.1168,1.11695,1.00,3.20
2010.06.15 01:57:47.133,1.1168,1.11695,1.00,1.60
2010.06.15 01:57:48.719,1.1168,1.11695,1.40,1.60
2010.06.15 01:57:48.923,1.1168,1.11695,1.40,1.00
2010.06.15 01:57:52.444,1.1168,1.11695,1.00,1.60
2010.06.15 01:57:55.023,1.11675,1.11695,3.00,1.60
2010.06.15 01:57:55.132,1.11675,1.11695,3.00,2.40
2010.06.15 01:57:56.265,1.1168,1.11695,2.40,1.60
2010.06.15 01:57:56.604,1.11675,1.11695,5.40,2.40
2010.06.15 01:57:56.943,1.11675,1.11695,3.00,2.40
2010.06.15 01:58:08.995,1.11675,1.1169,2.20,1.00
2010.06.15 01:58:09.073,1.11675,1.1169,1.00,1.00
2010.06.15 01:58:09.457,1.1167,1.1169,3.20,3.60
2010.06.15 01:58:09.647,1.11665,1.11685,9.80,1.00
2010.06.15 01:58:09.835,1.11665,1.11685,5.80,1.00
2010.06.15 01:58:10.915,1.11665,1.11685,5.00,1.00
2010.06.15 01:58:11.594,1.11665,1.11685,5.80,1.00
2010.06.15 01:58:14.564,1.11665,1.11685,4.20,5.60
2010.06.15 01:58:14.800,1.11665,1.1168,2.00,1.60
2010.06.15 01:58:15.031,1.11665,1.11675,2.00,1.00
2010.06.15 01:58:15.255,1.11665,1.11675,2.00,1.60
2010.06.15 01:58:15.823,1.11665,1.11675,1.80,1.60
2010.06.15 01:58:17.749,1.11665,1.11675,1.70,1.60
2010.06.15 01:58:18.036,1.11665,1.1168,1.70,4.00
2010.06.15 01:58:18.316,1.11665,1.1168,1.70,3.20
2010.06.15 01:58:18.618,1.11665,1.1168,1.70,13.60
2010.06.15 01:58:19.186,1.11665,1.1168,1.60,13.60
2010.06.15 01:58:19.745,1.11665,1.1168,1.60,3.20
2010.06.15 01:58:21.676,1.11665,1.1168,1.60,11.60
2010.06.15 01:58:21.935,1.11665,1.1168,1.60,3.20
2010.06.15 01:58:22.545,1.11665,1.11675,1.60,1.60
2010.06.15 01:58:22.807,1.11665,1.11675,1.00,13.20
2010.06.15 01:58:23.066,1.11665,1.11675,1.00,9.20
2010.06.15 01:58:23.405,1.11665,1.1168,1.00,12.80
2010.06.15 01:58:24.095,1.11665,1.1168,1.00,2.40
2010.06.15 01:58:26.467,1.11665,1.1168,1.00,8.80
2010.06.15 01:58:26.653,1.11665,1.1168,1.00,10.40
2010.06.15 01:58:26.844,1.11665,1.11675,1.00,1.00
2010.06.15 01:58:27.035,1.1166,1.11675,1.00,1.00
2010.06.15 01:58:27.630,1.1166,1.1168,1.40,15.60
2010.06.15 01:58:27.978,1.1166,1.1168,2.20,6.40
2010.06.15 01:58:40.616,1.1166,1.1168,1.40,6.40
2010.06.15 01:58:41.673,1.1166,1.1168,1.40,5.60
2010.06.15 01:58:41.934,1.1166,1.1168,3.00,5.60
2010.06.15 01:58:42.194,1.1166,1.1168,3.00,1.60
2010.06.15 01:58:43.904,1.1166,1.1168,3.00,2.40
2010.06.15 01:58:44.043,1.1166,1.1168,1.40,2.40
2010.06.15 01:58:44.866,1.11665,1.1168,1.60,1.60
2010.06.15 01:58:45.143,1.11675,1.11685,1.00,1.60
2010.06.15 01:58:45.419,1.11675,1.11695,1.00,4.80
2010.06.15 01:58:45.884,1.11675,1.11695,2.20,2.40
2010.06.15 01:58:46.216,1.1168,1.11695,1.00,2.40
2010.06.15 01:58:49.473,1.11675,1.11695,2.20,2.40
2010.06.15 01:58:52.323,1.11675,1.11695,2.20,4.00
2010.06.15 01:58:58.724,1.11675,1.1169,1.40,1.00
2010.06.15 01:58:59.664,1.11675,1.11695,2.20,6.00
2010.06.15 01:58:59.713,1.11675,1.11695,2.20,5.60
2010.06.15 01:59:00.078,1.1168,1.11695,1.00,2.40
2010.06.15 01:59:00.397,1.1168,1.11695,1.00,1.00
2010.06.15 01:59:00.717,1.1168,1.11695,1.40,1.00
2010.06.15 01:59:07.184,1.1168,1.1169,1.40,1.00
2010.06.15 01:59:07.451,1.11675,1.1169,1.00,2.40
2010.06.15 01:59:07.569,1.11675,1.1169,1.00,11.20
2010.06.15 01:59:07.690,1.11675,1.1169,1.00,7.20
2010.06.15 01:59:07.805,1.11675,1.1169,1.00,1.60
2010.06.15 01:59:07.924,1.1167,1.11685,3.00,1.00
2010.06.15 01:59:08.050,1.1167,1.11685,7.00,1.00
2010.06.15 01:59:08.170,1.1167,1.11685,1.00,4.00
2010.06.15 01:59:08.855,1.1167,1.11685,1.00,4.80
2010.06.15 01:59:09.973,1.1167,1.11685,1.00,3.20
2010.06.15 01:59:10.478,1.11675,1.11685,1.00,1.00
2010.06.15 01:59:10.687,1.11665,1.11685,8.80,2.40
2010.06.15 01:59:10.888,1.11665,1.1168,1.00,1.60
2010.06.15 01:59:11.685,1.1166,1.1168,4.60,1.60
2010.06.15 01:59:15.793,1.1166,1.1168,4.60,2.40
2010.06.15 01:59:16.475,1.1166,1.11675,3.80,1.60
2010.06.15 01:59:16.814,1.11665,1.11675,1.00,1.60
2010.06.15 01:59:16.925,1.1166,1.11675,6.20,1.60
2010.06.15 01:59:17.036,1.1166,1.11675,8.60,1.60
2010.06.15 01:59:17.268,1.1166,1.11675,4.60,1.60
2010.06.15 01:59:17.381,1.1166,1.1168,3.00,1.60
2010.06.15 01:59:18.164,1.1166,1.11675,2.20,1.00
2010.06.15 01:59:19.867,1.1166,1.11675,3.80,1.00
2010.06.15 01:59:20.127,1.1166,1.1168,4.60,1.00
2010.06.15 01:59:20.389,1.1166,1.1168,3.00,1.60
2010.06.15 01:59:20.703,1.1166,1.1168,3.00,3.60
2010.06.15 01:59:21.018,1.1166,1.1168,3.00,4.40
2010.06.15 01:59:26.794,1.1166,1.1168,4.60,1.60
2010.06.15 01:59:27.377,1.11665,1.1168,1.00,1.00
2010.06.15 01:59:27.758,1.11665,1.1168,1.40,1.00
2010.06.15 01:59:30.917,1.11665,1.1168,2.20,1.00
2010.06.15 01:59:31.238,1.11665,1.1168,1.40,1.00
2010.06.15 01:59:33.287,1.11665,1.1168,1.40,2.40
2010.06.15 01:59:33.373,1.11665,1.1168,1.40,1.60
2010.06.15 01:59:33.615,1.11665,1.1168,1.00,1.60
2010.06.15 01:59:33.712,1.11665,1.1168,1.00,2.40
2010.06.15 01:59:34.793,1.11665,1.11685,1.40,2.40
2010.06.15 01:59:36.156,1.11665,1.11685,3.80,1.60
2010.06.15 01:59:36.497,1.11675,1.1169,1.60,3.20
2010.06.15 01:59:36.958,1.11675,1.11695,2.20,2.40
2010.06.15 01:59:37.252,1.11675,1.11695,2.40,1.60
2010.06.15 01:59:40.895,1.11675,1.11695,2.40,2.40
2010.06.15 01:59:43.103,1.11675,1.1169,1.00,4.00
2010.06.15 01:59:43.447,1.11665,1.1169,3.80,4.80
2010.06.15 01:59:43.787,1.1167,1.11685,2.40,1.00
2010.06.15 01:59:44.123,1.1167,1.11685,2.40,1.60
2010.06.15 01:59:44.805,1.11675,1.11685,1.00,1.60
2010.06.15 01:59:45.047,1.1167,1.1169,4.00,3.20
2010.06.15 01:59:45.288,1.1167,1.1169,1.00,5.20
2010.06.15 01:59:45.534,1.1167,1.11685,7.00,1.00
2010.06.15 01:59:45.780,1.1167,1.11685,3.00,1.00
2010.06.15 01:59:46.111,1.1167,1.11685,1.00,1.00
2010.06.15 01:59:48.883,1.1167,1.1169,1.40,7.20
2010.06.15 01:59:49.085,1.1167,1.1169,2.20,3.20
2010.06.15 01:59:49.235,1.1167,1.1169,3.80,1.60
2010.06.15 01:59:49.385,1.11675,1.1169,1.00,1.60
2010.06.15 01:59:49.533,1.11675,1.1169,1.40,1.00
2010.06.15 01:59:51.904,1.11675,1.1169,2.20,1.00
2010.06.15 01:59:52.234,1.1168,1.11695,1.60,1.60
2010.06.15 01:59:52.303,1.1168,1.11695,3.20,1.60
2010.06.15 01:59:52.374,1.1168,1.11695,2.40,1.60
2010.06.15 01:59:52.832,1.1168,1.11695,1.00,1.60
2010.06.15 01:59:52.908,1.1168,1.11695,1.60,1.60
2010.06.15 01:59:53.053,1.1168,1.11695,2.00,1.60
2010.06.15 01:59:53.398,1.1168,1.117,5.00,1.60
2010.06.15 01:59:56.358,1.11685,1.117,2.00,1.60
2010.06.15 01:59:56.586,1.11685,1.117,11.40,1.00
2010.06.15 01:59:56.811,1.1169,1.11705,6.20,1.60
2010.06.15 01:59:57.171,1.1169,1.11705,14.60,1.00
2010.06.15 01:59:57.521,1.1169,1.1171,4.20,2.40
2010.06.15 01:59:57.870,1.1169,1.1171,1.00,12.80
2010.06.15 01:59:58.217,1.1169,1.11705,1.00,1.00
