2010.06.29 15:00:00.120,1.07685,1.07695,1.30,2.40
2010.06.29 15:00:00.757,1.0768,1.0769,1.60,1.00
2010.06.29 15:00:01.475,1.0768,1.07695,1.00,1.00
2010.06.29 15:00:01.823,1.0768,1.077,4.60,4.00
2010.06.29 15:00:02.175,1.07685,1.077,2.40,4.00
2010.06.29 15:00:02.532,1.07685,1.07705,3.80,2.40
2010.06.29 15:00:02.899,1.07685,1.07705,5.40,2.40
2010.06.29 15:00:03.257,1.0769,1.077,3.60,1.00
2010.06.29 15:00:03.927,1.07685,1.07695,3.20,5.60
2010.06.29 15:00:03.977,1.07685,1.0769,1.60,1.00
2010.06.29 15:00:04.326,1.0768,1.077,1.70,5.60
2010.06.29 15:00:04.899,1.07685,1.077,1.00,4.00
2010.06.29 15:00:05.250,1.07685,1.07705,4.40,2.40
2010.06.29 15:00:05.922,1.0769,1.07705,1.20,1.00
2010.06.29 15:00:06.275,1.0769,1.07705,1.20,3.20
2010.06.29 15:00:06.937,1.0769,1.07705,1.00,3.70
2010.06.29 15:00:07.287,1.07695,1.0771,3.00,3.60
2010.06.29 15:00:07.776,1.0769,1.0771,3.80,4.80
2010.06.29 15:00:08.072,1.0769,1.07705,7.90,1.00
2010.06.29 15:00:08.372,1.0769,1.0771,7.80,3.20
2010.06.29 15:00:08.739,1.0769,1.0771,6.40,1.60
2010.06.29 15:00:09.086,1.0769,1.0771,7.20,1.00
2010.06.29 15:00:09.613,1.0769,1.07705,2.00,1.60
2010.06.29 15:00:09.957,1.07685,1.07705,1.00,2.40
2010.06.29 15:00:10.305,1.0769,1.0771,2.60,2.40
2010.06.29 15:00:10.651,1.0769,1.0771,4.00,3.20
2010.06.29 15:00:10.999,1.07695,1.0771,1.00,2.40
2010.06.29 15:00:12.560,1.07695,1.0771,3.00,1.60
2010.06.29 15:00:12.886,1.07695,1.0771,1.80,1.60
2010.06.29 15:00:13.552,1.07695,1.0771,1.00,1.00
2010.06.29 15:00:13.868,1.07695,1.07715,1.00,2.40
2010.06.29 15:00:14.199,1.07695,1.07715,1.00,4.80
2010.06.29 15:00:14.519,1.0769,1.07705,9.60,1.00
2010.06.29 15:00:15.112,1.0769,1.07705,8.80,1.00
2010.06.29 15:00:15.466,1.077,1.0772,2.00,3.20
2010.06.29 15:00:15.965,1.077,1.0772,2.00,4.80
2010.06.29 15:00:16.318,1.07705,1.0772,1.00,4.00
2010.06.29 15:00:16.857,1.07695,1.0772,2.40,2.90
2010.06.29 15:00:17.207,1.07705,1.0772,1.00,1.00
2010.06.29 15:00:17.835,1.0771,1.0773,1.60,2.40
2010.06.29 15:00:18.185,1.0771,1.0773,2.00,1.60
2010.06.29 15:00:18.780,1.0771,1.0772,1.00,1.00
2010.06.29 15:00:19.125,1.07705,1.07725,1.20,8.00
2010.06.29 15:00:19.822,1.07705,1.07725,1.20,7.20
2010.06.29 15:00:20.177,1.0771,1.0773,2.00,2.40
2010.06.29 15:00:20.794,1.0771,1.07725,1.60,1.00
2010.06.29 15:00:21.161,1.0771,1.0773,2.80,2.40
2010.06.29 15:00:21.830,1.07715,1.0773,1.00,1.00
2010.06.29 15:00:22.169,1.07715,1.0774,4.40,1.60
2010.06.29 15:00:22.755,1.0772,1.07745,4.40,4.80
2010.06.29 15:00:23.097,1.0773,1.07745,1.00,1.60
2010.06.29 15:00:23.772,1.07745,1.0775,1.20,2.40
2010.06.29 15:00:24.119,1.07745,1.07765,1.20,4.40
2010.06.29 15:00:24.834,1.07745,1.07765,1.20,5.20
2010.06.29 15:00:25.886,1.0775,1.07765,1.20,2.40
2010.06.29 15:00:26.232,1.0775,1.0777,2.80,2.40
2010.06.29 15:00:26.926,1.0775,1.0777,6.00,1.00
2010.06.29 15:00:27.272,1.0775,1.0777,7.60,1.00
2010.06.29 15:00:27.633,1.0775,1.0777,5.20,1.00
2010.06.29 15:00:27.984,1.0775,1.0777,2.80,1.00
2010.06.29 15:00:28.644,1.07755,1.07775,1.00,3.20
2010.06.29 15:00:28.957,1.0776,1.07775,2.80,1.60
2010.06.29 15:00:29.505,1.0776,1.07765,1.60,1.60
2010.06.29 15:00:29.857,1.0775,1.0776,1.00,1.00
2010.06.29 15:00:30.545,1.07745,1.0776,1.10,1.00
2010.06.29 15:00:31.210,1.07745,1.0776,1.00,1.00
2010.06.29 15:00:31.559,1.0774,1.0776,1.20,3.20
2010.06.29 15:00:31.902,1.0774,1.0776,2.00,3.20
2010.06.29 15:00:32.607,1.07735,1.07755,6.20,1.00
2010.06.29 15:00:33.254,1.07735,1.07755,3.80,1.00
2010.06.29 15:00:33.608,1.07735,1.07755,2.20,3.20
2010.06.29 15:00:34.282,1.07735,1.07755,2.20,2.40
2010.06.29 15:00:34.636,1.0774,1.0776,2.00,1.60
2010.06.29 15:00:35.486,1.0774,1.0776,3.50,3.20
2010.06.29 15:00:35.762,1.0774,1.0776,4.30,1.00
2010.06.29 15:00:36.471,1.07745,1.0776,1.00,1.00
2010.06.29 15:00:37.509,1.0774,1.0776,6.80,1.00
2010.06.29 15:00:38.139,1.07745,1.07765,1.00,6.40
2010.06.29 15:00:38.764,1.07745,1.0776,1.00,1.00
2010.06.29 15:00:39.052,1.07745,1.07765,1.20,6.40
2010.06.29 15:00:39.741,1.07745,1.07765,1.20,4.00
2010.06.29 15:00:40.389,1.07745,1.0776,1.00,1.00
2010.06.29 15:00:41.055,1.0775,1.07765,1.00,1.60
2010.06.29 15:00:41.405,1.0775,1.07765,1.00,1.00
2010.06.29 15:00:41.778,1.07745,1.07765,2.00,1.00
2010.06.29 15:00:42.950,1.07745,1.07765,1.20,2.40
2010.06.29 15:00:43.295,1.07745,1.07765,1.00,3.20
2010.06.29 15:00:43.609,1.07745,1.07765,2.00,3.20
2010.06.29 15:00:45.752,1.0774,1.0776,4.10,4.00
2010.06.29 15:00:46.007,1.0774,1.0776,3.60,1.60
2010.06.29 15:00:46.605,1.0774,1.0776,1.20,1.60
2010.06.29 15:00:47.645,1.0774,1.0776,2.00,1.60
2010.06.29 15:00:47.943,1.0774,1.0776,1.60,1.00
2010.06.29 15:00:48.243,1.0774,1.07765,6.00,2.40
2010.06.29 15:00:48.863,1.0774,1.0776,5.20,1.60
2010.06.29 15:00:49.097,1.0774,1.07755,3.20,1.00
2010.06.29 15:00:49.337,1.0775,1.0776,1.00,1.00
2010.06.29 15:00:49.799,1.07755,1.07765,1.00,3.60
2010.06.29 15:00:50.036,1.0776,1.0777,1.00,1.60
2010.06.29 15:00:50.683,1.07755,1.0777,1.60,1.60
2010.06.29 15:00:51.385,1.07755,1.0777,1.00,1.60
2010.06.29 15:00:51.738,1.0775,1.0777,2.00,1.60
2010.06.29 15:00:52.083,1.0775,1.0777,2.00,3.20
2010.06.29 15:00:52.772,1.0775,1.0777,1.20,3.20
2010.06.29 15:00:53.124,1.0775,1.0777,1.00,4.00
2010.06.29 15:00:53.343,1.0775,1.07765,1.00,1.60
2010.06.29 15:00:54.000,1.07745,1.07765,1.20,2.40
2010.06.29 15:00:54.226,1.0774,1.07765,5.60,2.40
2010.06.29 15:00:54.576,1.0774,1.07765,6.40,4.00
2010.06.29 15:00:55.424,1.0774,1.0776,4.40,4.00
2010.06.29 15:00:56.466,1.0774,1.0776,1.00,4.00
2010.06.29 15:00:57.762,1.0774,1.0776,2.80,4.00
2010.06.29 15:00:58.031,1.0774,1.0776,4.40,1.00
2010.06.29 15:00:58.631,1.0774,1.0776,4.40,2.40
2010.06.29 15:00:59.324,1.0774,1.0776,2.00,3.20
2010.06.29 15:00:59.918,1.0774,1.0776,2.00,2.40
2010.06.29 15:01:01.023,1.0774,1.0776,2.00,3.20
2010.06.29 15:01:01.374,1.0774,1.0776,2.00,2.40
2010.06.29 15:01:01.945,1.0774,1.0776,1.60,2.40
2010.06.29 15:01:02.298,1.0774,1.0776,2.80,1.00
2010.06.29 15:01:02.603,1.0774,1.0776,2.80,1.60
2010.06.29 15:01:03.224,1.0774,1.0776,1.00,4.00
2010.06.29 15:01:04.225,1.07745,1.07765,1.00,2.40
2010.06.29 15:01:04.572,1.0775,1.0777,1.20,4.80
2010.06.29 15:01:04.958,1.0775,1.0777,1.20,5.60
2010.06.29 15:01:05.308,1.0774,1.0776,1.20,1.00
2010.06.29 15:01:05.927,1.07735,1.0776,2.00,2.40
2010.06.29 15:01:06.276,1.0774,1.0776,1.00,1.00
2010.06.29 15:01:06.620,1.0774,1.0776,1.00,1.60
2010.06.29 15:01:06.959,1.07745,1.07765,4.20,4.00
2010.06.29 15:01:07.294,1.07745,1.07765,4.40,1.00
2010.06.29 15:01:07.640,1.0775,1.0777,1.00,1.60
2010.06.29 15:01:08.384,1.0775,1.07765,1.00,1.00
2010.06.29 15:01:08.601,1.07745,1.07765,2.00,1.00
2010.06.29 15:01:08.978,1.07745,1.07765,1.00,1.00
2010.06.29 15:01:09.329,1.07735,1.07755,1.20,1.00
2010.06.29 15:01:09.753,1.07735,1.07755,1.00,1.00
2010.06.29 15:01:10.108,1.0773,1.07755,2.80,1.60
2010.06.29 15:01:10.716,1.07735,1.07755,2.00,1.00
2010.06.29 15:01:11.066,1.07735,1.07755,1.20,1.00
2010.06.29 15:01:11.717,1.07735,1.07755,2.00,2.00
2010.06.29 15:01:11.766,1.07735,1.0776,1.20,12.00
2010.06.29 15:01:12.116,1.07735,1.07755,1.20,2.80
2010.06.29 15:01:12.722,1.07735,1.07755,1.00,4.00
2010.06.29 15:01:13.079,1.0773,1.0775,1.60,1.00
2010.06.29 15:01:13.420,1.07735,1.0775,1.20,1.00
2010.06.29 15:01:13.762,1.07735,1.07755,1.20,2.80
2010.06.29 15:01:14.344,1.07735,1.07755,2.80,1.00
2010.06.29 15:01:16.283,1.07735,1.07755,3.60,1.00
2010.06.29 15:01:16.640,1.0775,1.0776,1.00,1.00
2010.06.29 15:01:16.988,1.0775,1.0776,1.20,1.00
2010.06.29 15:01:17.337,1.0775,1.0777,2.80,1.60
2010.06.29 15:01:18.392,1.0775,1.0777,2.00,1.60
2010.06.29 15:01:18.669,1.0775,1.0777,1.20,1.60
2010.06.29 15:01:19.201,1.0775,1.0777,1.20,2.40
2010.06.29 15:01:19.505,1.0775,1.0776,1.00,1.00
2010.06.29 15:01:19.805,1.07745,1.0777,2.00,3.60
2010.06.29 15:01:20.418,1.07745,1.0777,2.00,2.80
2010.06.29 15:01:20.732,1.07745,1.0777,1.20,2.80
2010.06.29 15:01:22.500,1.0775,1.0777,1.00,2.40
2010.06.29 15:01:23.088,1.0776,1.07775,1.60,1.60
2010.06.29 15:01:23.379,1.0776,1.0778,2.00,2.80
2010.06.29 15:01:24.088,1.0776,1.07775,1.20,1.00
2010.06.29 15:01:24.433,1.0776,1.07775,1.00,1.00
2010.06.29 15:01:24.802,1.07755,1.07775,1.60,1.00
2010.06.29 15:01:25.160,1.0776,1.0777,2.80,1.00
2010.06.29 15:01:25.849,1.07775,1.0778,1.00,5.60
2010.06.29 15:01:26.199,1.07775,1.0779,1.00,1.00
2010.06.29 15:01:26.577,1.07775,1.07795,1.00,1.60
2010.06.29 15:01:26.929,1.07775,1.07795,1.20,1.60
2010.06.29 15:01:27.271,1.07775,1.07795,1.20,2.00
2010.06.29 15:01:27.627,1.0778,1.07795,1.00,2.00
2010.06.29 15:01:27.969,1.0777,1.0779,2.00,2.80
2010.06.29 15:01:28.313,1.0777,1.0779,1.20,1.20
2010.06.29 15:01:28.971,1.0777,1.0779,2.00,2.80
2010.06.29 15:01:29.873,1.0777,1.0779,1.00,4.40
2010.06.29 15:01:30.226,1.07765,1.07785,1.00,1.60
2010.06.29 15:01:30.891,1.07755,1.0778,8.40,1.60
2010.06.29 15:01:31.189,1.0776,1.0778,1.00,1.60
2010.06.29 15:01:31.812,1.0776,1.0778,2.80,1.00
2010.06.29 15:01:32.156,1.07765,1.07785,1.20,1.00
2010.06.29 15:01:32.727,1.0777,1.07785,1.00,1.00
2010.06.29 15:01:33.065,1.0777,1.0779,1.20,1.60
2010.06.29 15:01:33.412,1.0777,1.0779,1.20,3.20
2010.06.29 15:01:34.102,1.0777,1.0779,1.20,5.20
2010.06.29 15:01:34.453,1.0777,1.0779,1.00,4.40
2010.06.29 15:01:35.427,1.0776,1.0778,2.00,1.00
2010.06.29 15:01:35.771,1.0776,1.0778,3.60,1.00
2010.06.29 15:01:36.321,1.0776,1.0778,2.80,1.60
2010.06.29 15:01:36.530,1.0776,1.0778,2.80,1.00
2010.06.29 15:01:37.067,1.0777,1.0779,1.20,6.40
2010.06.29 15:01:37.290,1.07775,1.07795,1.00,2.00
2010.06.29 15:01:37.631,1.07775,1.07795,1.00,2.40
2010.06.29 15:01:37.986,1.0777,1.0779,2.80,2.40
2010.06.29 15:01:38.333,1.0777,1.0779,2.80,3.60
2010.06.29 15:01:38.971,1.0777,1.0779,1.20,3.60
2010.06.29 15:01:39.284,1.0777,1.0779,1.00,3.60
2010.06.29 15:01:40.602,1.0777,1.0779,1.20,3.60
2010.06.29 15:01:40.875,1.0777,1.0779,2.00,2.00
2010.06.29 15:01:41.140,1.0777,1.0779,2.00,3.60
2010.06.29 15:01:42.121,1.0777,1.0779,2.80,3.60
2010.06.29 15:01:42.473,1.0777,1.0779,2.00,3.60
2010.06.29 15:01:43.360,1.0777,1.0779,1.00,3.60
2010.06.29 15:01:43.628,1.0777,1.0779,1.20,3.60
2010.06.29 15:01:44.229,1.0777,1.0779,1.00,3.60
2010.06.29 15:01:45.898,1.07775,1.0779,1.00,1.20
2010.06.29 15:01:46.245,1.07775,1.07795,1.20,4.40
2010.06.29 15:01:46.965,1.07775,1.07795,1.20,5.20
2010.06.29 15:01:47.313,1.07775,1.07795,1.20,1.20
2010.06.29 15:01:47.992,1.07775,1.07795,2.80,1.00
2010.06.29 15:01:48.920,1.0778,1.078,1.00,2.40
2010.06.29 15:01:49.458,1.0778,1.078,1.20,1.60
2010.06.29 15:01:49.705,1.0778,1.078,1.20,1.00
2010.06.29 15:01:52.144,1.07785,1.078,1.00,1.00
2010.06.29 15:01:52.464,1.07785,1.078,1.20,1.00
2010.06.29 15:01:53.395,1.07785,1.07805,1.20,1.60
2010.06.29 15:01:53.698,1.0779,1.07805,1.00,1.60
2010.06.29 15:01:53.997,1.07795,1.07815,2.00,4.80
2010.06.29 15:01:54.344,1.07795,1.07815,1.20,3.20
2010.06.29 15:01:54.695,1.07795,1.0781,4.20,1.00
2010.06.29 15:01:55.036,1.0779,1.07805,1.60,1.00
2010.06.29 15:01:55.708,1.0779,1.0781,1.20,3.20
2010.06.29 15:01:56.346,1.0779,1.07805,1.00,1.00
2010.06.29 15:01:56.685,1.07785,1.07795,2.80,1.00
2010.06.29 15:01:57.374,1.07785,1.078,1.60,1.60
2010.06.29 15:01:57.728,1.0778,1.078,3.00,1.20
2010.06.29 15:01:58.074,1.0778,1.078,4.40,1.20
2010.06.29 15:01:58.493,1.0778,1.078,4.30,1.20
2010.06.29 15:01:58.742,1.0778,1.078,4.30,2.00
2010.06.29 15:01:59.003,1.0778,1.07795,2.00,2.00
2010.06.29 15:01:59.506,1.0778,1.07795,1.00,1.00
2010.06.29 15:01:59.856,1.0778,1.078,1.00,2.00
2010.06.29 15:02:00.527,1.0778,1.07795,1.00,1.00
2010.06.29 15:02:00.861,1.07775,1.07795,1.00,3.60
2010.06.29 15:02:01.526,1.07775,1.0779,1.00,1.00
2010.06.29 15:02:01.878,1.0777,1.07785,1.00,2.00
2010.06.29 15:02:02.755,1.07765,1.07785,1.20,2.40
2010.06.29 15:02:03.744,1.07765,1.07785,2.00,2.40
2010.06.29 15:02:04.094,1.07765,1.07785,2.00,2.00
2010.06.29 15:02:04.757,1.07765,1.07785,1.20,2.00
2010.06.29 15:02:05.321,1.07765,1.07785,2.00,2.00
2010.06.29 15:02:05.604,1.07775,1.07785,1.00,1.20
2010.06.29 15:02:05.959,1.07775,1.07785,1.60,1.00
2010.06.29 15:02:06.273,1.07765,1.07785,2.00,1.60
2010.06.29 15:02:06.593,1.07765,1.07785,1.20,1.60
2010.06.29 15:02:07.879,1.07765,1.07785,2.00,1.60
2010.06.29 15:02:08.691,1.07765,1.0778,1.20,1.20
2010.06.29 15:02:08.960,1.07765,1.0778,1.20,1.00
2010.06.29 15:02:09.670,1.0776,1.0778,5.30,1.20
2010.06.29 15:02:10.011,1.0776,1.0778,6.10,1.00
2010.06.29 15:02:10.373,1.0776,1.0778,5.30,1.00
2010.06.29 15:02:10.709,1.0776,1.0778,1.00,3.20
2010.06.29 15:02:11.034,1.07755,1.0778,4.00,4.00
2010.06.29 15:02:11.703,1.07755,1.07775,4.10,1.00
2010.06.29 15:02:13.348,1.07755,1.07775,3.70,1.00
2010.06.29 15:02:14.606,1.07755,1.07775,3.70,5.30
2010.06.29 15:02:14.837,1.07745,1.07765,2.10,1.60
2010.06.29 15:02:15.202,1.07745,1.07765,1.20,1.60
2010.06.29 15:02:15.434,1.07745,1.07765,1.00,1.60
2010.06.29 15:02:15.784,1.07745,1.07765,1.20,1.60
2010.06.29 15:02:16.297,1.0775,1.0777,1.00,1.60
2010.06.29 15:02:16.648,1.0775,1.0777,1.00,1.00
2010.06.29 15:02:17.028,1.0775,1.0777,1.20,1.00
2010.06.29 15:02:17.713,1.0774,1.07765,6.30,4.00
2010.06.29 15:02:17.999,1.0774,1.07765,2.60,4.00
2010.06.29 15:02:18.376,1.0774,1.0776,2.00,2.40
2010.06.29 15:02:19.281,1.0774,1.0776,2.00,1.60
2010.06.29 15:02:19.627,1.0774,1.0776,1.20,2.40
2010.06.29 15:02:20.618,1.0774,1.0776,1.20,3.20
2010.06.29 15:02:20.959,1.07735,1.07755,1.20,1.00
2010.06.29 15:02:21.271,1.07735,1.07755,2.00,1.00
2010.06.29 15:02:21.912,1.0774,1.0776,1.00,1.60
2010.06.29 15:02:22.288,1.0774,1.0776,1.00,2.40
2010.06.29 15:02:22.984,1.0774,1.0776,1.00,3.60
2010.06.29 15:02:23.396,1.0774,1.07755,1.00,1.00
2010.06.29 15:02:23.673,1.07745,1.07765,1.00,1.60
2010.06.29 15:02:23.949,1.07745,1.0777,4.40,6.40
2010.06.29 15:02:24.564,1.07745,1.07765,1.20,4.00
2010.06.29 15:02:24.916,1.07745,1.07765,1.20,1.00
2010.06.29 15:02:25.263,1.07745,1.0777,1.20,5.60
2010.06.29 15:02:25.959,1.0775,1.07775,1.00,6.40
2010.06.29 15:02:26.307,1.07755,1.0777,1.00,1.60
2010.06.29 15:02:26.652,1.07755,1.0777,1.00,1.00
2010.06.29 15:02:26.999,1.07755,1.0777,1.00,1.60
2010.06.29 15:02:28.065,1.07755,1.0777,1.00,1.00
2010.06.29 15:02:28.564,1.0775,1.0777,1.00,3.20
2010.06.29 15:02:28.757,1.0775,1.0777,1.20,3.20
2010.06.29 15:02:29.702,1.07755,1.07775,1.60,8.00
2010.06.29 15:02:30.369,1.0775,1.07775,2.00,7.20
2010.06.29 15:02:30.717,1.0775,1.07765,2.80,2.40
2010.06.29 15:02:31.065,1.07745,1.07765,2.00,1.00
2010.06.29 15:02:31.416,1.07745,1.07765,1.20,1.00
2010.06.29 15:02:31.766,1.07745,1.07765,1.20,3.20
2010.06.29 15:02:32.743,1.07745,1.07765,1.20,1.00
2010.06.29 15:02:32.953,1.0775,1.0777,1.00,5.60
2010.06.29 15:02:33.166,1.0775,1.0777,2.00,2.40
2010.06.29 15:02:33.702,1.0775,1.0777,2.00,4.80
2010.06.29 15:02:33.912,1.0775,1.0777,1.00,4.80
2010.06.29 15:02:34.602,1.0775,1.0777,1.00,2.40
2010.06.29 15:02:34.953,1.0775,1.0777,2.00,2.40
2010.06.29 15:02:35.956,1.0775,1.0777,1.20,5.60
2010.06.29 15:02:36.293,1.0775,1.0777,1.00,4.80
2010.06.29 15:02:38.602,1.0775,1.0777,1.20,4.80
2010.06.29 15:02:38.919,1.0776,1.0777,1.20,1.00
2010.06.29 15:02:39.284,1.0776,1.0778,1.20,5.60
2010.06.29 15:02:39.644,1.07765,1.07785,1.20,6.40
2010.06.29 15:02:40.649,1.07765,1.0778,1.20,2.40
2010.06.29 15:02:40.997,1.0776,1.0778,2.80,1.60
2010.06.29 15:02:41.373,1.0776,1.0778,2.00,2.50
2010.06.29 15:02:41.724,1.07755,1.07775,1.20,1.00
2010.06.29 15:02:43.791,1.0776,1.0778,2.00,2.40
2010.06.29 15:02:44.042,1.0776,1.0778,2.80,4.80
2010.06.29 15:02:44.619,1.0776,1.0778,1.20,3.20
2010.06.29 15:02:44.907,1.0776,1.0778,2.80,2.40
2010.06.29 15:02:47.860,1.0776,1.0778,1.00,3.20
2010.06.29 15:02:48.032,1.07755,1.07775,1.20,1.00
2010.06.29 15:02:48.670,1.07755,1.07775,1.00,4.00
2010.06.29 15:02:49.668,1.0776,1.0778,1.20,2.80
2010.06.29 15:02:50.016,1.0776,1.0778,1.20,2.40
2010.06.29 15:02:50.616,1.07765,1.0778,1.00,2.40
2010.06.29 15:02:53.501,1.07765,1.0778,1.20,2.40
2010.06.29 15:02:53.697,1.07765,1.0778,1.00,2.40
2010.06.29 15:02:55.839,1.07765,1.07785,2.00,6.80
2010.06.29 15:02:56.181,1.07765,1.07785,2.00,6.00
2010.06.29 15:02:56.728,1.07765,1.07785,1.20,6.00
2010.06.29 15:02:57.113,1.07765,1.07785,1.00,6.00
2010.06.29 15:02:57.332,1.07765,1.0778,1.00,2.40
2010.06.29 15:02:59.140,1.07765,1.07785,1.00,6.00
2010.06.29 15:02:59.501,1.07765,1.07785,1.20,6.80
2010.06.29 15:02:59.704,1.0777,1.07785,1.00,6.40
2010.06.29 15:02:59.901,1.0777,1.07785,1.60,6.40
2010.06.29 15:03:03.805,1.0777,1.07785,1.60,4.80
2010.06.29 15:03:04.734,1.07785,1.0779,1.00,5.00
2010.06.29 15:03:05.425,1.0779,1.07795,2.00,4.00
2010.06.29 15:03:05.777,1.0779,1.078,1.20,1.00
2010.06.29 15:03:06.446,1.0779,1.0781,1.20,4.80
2010.06.29 15:03:06.793,1.0779,1.0781,1.20,4.00
2010.06.29 15:03:08.773,1.0779,1.07805,1.20,2.40
2010.06.29 15:03:09.965,1.07795,1.07805,1.00,1.00
2010.06.29 15:03:10.351,1.07795,1.0781,1.00,5.60
2010.06.29 15:03:10.707,1.0779,1.07805,2.00,4.80
2010.06.29 15:03:11.320,1.0779,1.07805,1.20,4.80
2010.06.29 15:03:11.639,1.0779,1.07805,1.20,1.60
2010.06.29 15:03:12.290,1.0779,1.07805,2.00,1.60
2010.06.29 15:03:12.630,1.0779,1.07805,1.20,1.60
2010.06.29 15:03:13.462,1.0779,1.0781,2.00,3.60
2010.06.29 15:03:13.812,1.0779,1.0781,2.00,2.80
2010.06.29 15:03:14.025,1.0779,1.078,1.00,1.00
2010.06.29 15:03:14.233,1.0779,1.078,1.00,1.20
2010.06.29 15:03:14.442,1.07785,1.078,2.00,2.80
2010.06.29 15:03:16.371,1.07795,1.078,1.60,1.00
2010.06.29 15:03:16.893,1.0779,1.078,1.20,1.00
2010.06.29 15:03:17.214,1.07785,1.078,1.00,1.60
2010.06.29 15:03:18.624,1.0779,1.07805,1.00,2.00
2010.06.29 15:03:18.972,1.0779,1.07805,1.20,1.00
2010.06.29 15:03:19.548,1.07795,1.07805,1.60,1.00
2010.06.29 15:03:20.693,1.07795,1.0781,1.60,3.60
2010.06.29 15:03:20.912,1.07795,1.0781,1.60,2.80
2010.06.29 15:03:21.361,1.07795,1.0781,1.60,2.00
2010.06.29 15:03:21.832,1.07795,1.0781,2.80,1.60
2010.06.29 15:03:22.177,1.078,1.07815,1.60,6.80
2010.06.29 15:03:22.526,1.078,1.07815,1.60,3.60
2010.06.29 15:03:23.355,1.078,1.0781,1.60,1.00
2010.06.29 15:03:23.760,1.078,1.0781,1.00,4.00
2010.06.29 15:03:24.075,1.0779,1.07795,1.60,1.00
2010.06.29 15:03:24.716,1.0778,1.07795,1.20,1.00
2010.06.29 15:03:25.684,1.0778,1.07795,2.00,1.00
2010.06.29 15:03:26.340,1.0778,1.07795,1.20,1.00
2010.06.29 15:03:27.758,1.07785,1.07795,1.60,1.00
2010.06.29 15:03:28.038,1.0778,1.07795,2.00,1.00
2010.06.29 15:03:28.317,1.0778,1.07795,1.20,1.00
2010.06.29 15:03:28.960,1.0778,1.07795,2.00,1.00
2010.06.29 15:03:29.418,1.0778,1.07795,4.40,1.00
2010.06.29 15:03:30.809,1.0778,1.07795,3.60,1.00
2010.06.29 15:03:32.107,1.0778,1.07795,2.80,1.00
2010.06.29 15:03:32.587,1.0778,1.07795,1.00,1.00
2010.06.29 15:03:35.864,1.07775,1.07795,5.20,1.60
2010.06.29 15:03:36.220,1.07775,1.0778,1.60,3.00
2010.06.29 15:03:36.885,1.0776,1.0778,4.40,2.00
2010.06.29 15:03:37.205,1.0776,1.0778,3.60,4.40
2010.06.29 15:03:37.819,1.0776,1.0778,3.60,4.80
2010.06.29 15:03:38.114,1.0776,1.07775,2.80,1.00
2010.06.29 15:03:38.407,1.0776,1.07775,2.00,1.00
2010.06.29 15:03:38.752,1.0776,1.07775,1.20,1.00
2010.06.29 15:03:39.398,1.0777,1.07785,2.80,1.20
2010.06.29 15:03:39.747,1.0777,1.0778,2.40,2.40
2010.06.29 15:03:40.398,1.0777,1.07785,2.00,1.60
2010.06.29 15:03:40.725,1.0777,1.0779,2.80,3.20
2010.06.29 15:03:41.050,1.0777,1.0779,2.80,3.60
2010.06.29 15:03:42.389,1.0777,1.07785,1.00,4.00
2010.06.29 15:03:42.642,1.0776,1.07775,1.20,1.00
2010.06.29 15:03:43.172,1.0776,1.07775,1.20,4.00
2010.06.29 15:03:43.447,1.0776,1.07775,1.00,5.20
2010.06.29 15:03:44.034,1.0776,1.07775,1.20,3.20
2010.06.29 15:03:44.313,1.07765,1.0778,1.20,1.20
2010.06.29 15:03:45.111,1.07765,1.0778,1.20,1.00
2010.06.29 15:03:45.440,1.0776,1.0778,1.00,7.20
2010.06.29 15:03:46.091,1.0776,1.07775,1.00,1.00
2010.06.29 15:03:48.618,1.0776,1.07775,2.80,1.00
2010.06.29 15:03:48.898,1.07765,1.0778,1.00,1.00
2010.06.29 15:03:49.419,1.0777,1.0778,1.60,1.00
2010.06.29 15:03:49.596,1.07765,1.0778,1.00,1.00
2010.06.29 15:03:50.607,1.07765,1.07785,5.20,2.80
2010.06.29 15:03:51.411,1.07765,1.07785,1.20,2.80
2010.06.29 15:03:53.019,1.07765,1.07785,1.00,3.60
2010.06.29 15:03:53.654,1.0777,1.07785,1.20,1.00
2010.06.29 15:03:53.927,1.0777,1.07785,2.00,1.00
2010.06.29 15:03:54.474,1.0777,1.07785,2.80,1.00
2010.06.29 15:03:55.400,1.0777,1.07785,2.00,1.00
2010.06.29 15:03:57.489,1.0777,1.07785,2.80,1.00
2010.06.29 15:03:57.678,1.0777,1.07785,4.40,1.00
2010.06.29 15:03:58.128,1.07775,1.0779,1.20,2.40
2010.06.29 15:03:58.410,1.07775,1.07795,2.80,1.60
2010.06.29 15:03:59.230,1.07775,1.0779,2.80,1.00
2010.06.29 15:03:59.516,1.0777,1.07785,1.00,1.00
2010.06.29 15:04:00.035,1.07775,1.07785,1.00,1.00
2010.06.29 15:04:00.317,1.07775,1.07795,1.20,1.60
2010.06.29 15:04:01.402,1.07775,1.07795,1.20,2.40
2010.06.29 15:04:02.764,1.07775,1.0779,1.00,1.00
2010.06.29 15:04:03.081,1.0778,1.07795,1.00,1.00
2010.06.29 15:04:03.382,1.0778,1.07795,1.00,1.60
2010.06.29 15:04:03.982,1.0778,1.07795,1.00,1.00
2010.06.29 15:04:04.256,1.0778,1.07795,1.00,1.60
2010.06.29 15:04:04.524,1.07775,1.07795,1.20,4.80
2010.06.29 15:04:05.112,1.07775,1.07795,1.20,4.00
2010.06.29 15:04:05.337,1.07775,1.07795,1.20,2.40
2010.06.29 15:04:05.964,1.07775,1.07795,1.20,4.80
2010.06.29 15:04:08.120,1.07775,1.0779,1.20,1.00
2010.06.29 15:04:08.671,1.07775,1.07795,1.20,4.80
2010.06.29 15:04:09.029,1.07775,1.0779,1.20,1.00
2010.06.29 15:04:09.555,1.07775,1.0779,1.00,4.80
2010.06.29 15:04:09.904,1.07775,1.0779,1.00,3.20
2010.06.29 15:04:11.266,1.07775,1.0779,1.00,2.40
2010.06.29 15:04:12.276,1.07775,1.07795,1.00,7.20
2010.06.29 15:04:12.886,1.07775,1.0779,1.00,2.40
2010.06.29 15:04:14.831,1.07775,1.0779,1.00,3.20
2010.06.29 15:04:15.414,1.0777,1.07785,1.00,1.60
2010.06.29 15:04:15.755,1.0777,1.07785,1.60,2.40
2010.06.29 15:04:16.456,1.0777,1.07785,1.00,2.40
2010.06.29 15:04:16.803,1.0777,1.07785,1.60,1.60
2010.06.29 15:04:17.495,1.0777,1.0779,1.20,1.60
2010.06.29 15:04:18.912,1.07775,1.0779,2.00,1.60
2010.06.29 15:04:19.325,1.07775,1.0779,2.80,1.60
2010.06.29 15:04:19.603,1.07775,1.0779,1.20,1.60
2010.06.29 15:04:19.874,1.07775,1.0779,1.20,1.00
2010.06.29 15:04:20.253,1.0778,1.07795,1.00,5.60
2010.06.29 15:04:20.606,1.07785,1.07805,4.40,6.00
2010.06.29 15:04:21.240,1.07785,1.07805,5.20,2.00
2010.06.29 15:04:21.550,1.07785,1.078,1.20,1.60
2010.06.29 15:04:21.839,1.07785,1.078,2.00,1.60
2010.06.29 15:04:22.528,1.0779,1.078,2.40,1.60
2010.06.29 15:04:22.871,1.07785,1.078,1.00,1.60
2010.06.29 15:04:23.585,1.0779,1.078,1.00,1.60
2010.06.29 15:04:27.828,1.0779,1.078,1.00,1.00
2010.06.29 15:04:28.156,1.0779,1.0781,1.20,3.60
2010.06.29 15:04:28.799,1.0779,1.07805,2.00,1.00
2010.06.29 15:04:29.150,1.0779,1.07805,1.00,4.00
2010.06.29 15:04:29.453,1.0779,1.07805,1.00,3.20
2010.06.29 15:04:30.058,1.0779,1.07805,1.00,1.60
2010.06.29 15:04:30.384,1.0779,1.0781,1.20,4.00
2010.06.29 15:04:30.709,1.07795,1.0781,1.00,4.00
2010.06.29 15:04:32.015,1.07795,1.07815,1.00,6.70
2010.06.29 15:04:32.541,1.07795,1.07815,1.00,5.60
2010.06.29 15:04:34.623,1.078,1.07815,1.00,4.80
2010.06.29 15:04:35.538,1.078,1.07815,1.00,5.60
2010.06.29 15:04:35.885,1.078,1.07815,1.00,6.40
2010.06.29 15:04:36.145,1.078,1.07815,1.00,4.00
2010.06.29 15:04:36.715,1.078,1.07815,1.00,3.20
2010.06.29 15:04:36.975,1.078,1.07815,1.20,2.40
2010.06.29 15:04:37.899,1.078,1.07815,1.20,1.00
2010.06.29 15:04:38.242,1.07805,1.0782,2.00,4.80
2010.06.29 15:04:38.547,1.07805,1.0782,2.00,4.00
2010.06.29 15:04:39.162,1.07805,1.0782,2.00,4.80
2010.06.29 15:04:39.461,1.07805,1.0782,1.00,7.20
2010.06.29 15:04:39.805,1.0781,1.0782,1.00,2.40
2010.06.29 15:04:40.156,1.0781,1.07825,2.00,2.00
2010.06.29 15:04:40.643,1.0781,1.07825,2.80,1.60
2010.06.29 15:04:40.973,1.0782,1.07835,2.00,1.00
2010.06.29 15:04:41.490,1.0782,1.07835,1.00,1.00
2010.06.29 15:04:42.674,1.0782,1.07835,2.80,1.00
2010.06.29 15:04:43.038,1.0784,1.0785,1.00,1.00
2010.06.29 15:04:43.315,1.0784,1.07855,1.00,2.40
2010.06.29 15:04:43.666,1.07835,1.07855,2.00,1.00
2010.06.29 15:04:43.950,1.07845,1.0786,1.00,1.60
2010.06.29 15:04:45.584,1.07845,1.0786,1.00,2.40
2010.06.29 15:04:45.841,1.07845,1.0786,1.00,1.00
2010.06.29 15:04:46.180,1.07845,1.0786,1.20,1.00
2010.06.29 15:04:46.452,1.0786,1.0787,1.00,1.60
2010.06.29 15:04:47.390,1.0786,1.07875,1.60,1.60
2010.06.29 15:04:47.946,1.0786,1.0788,2.00,4.80
2010.06.29 15:04:48.303,1.0786,1.0788,2.00,1.60
2010.06.29 15:04:48.874,1.0786,1.0788,4.40,1.60
2010.06.29 15:04:49.214,1.0786,1.0788,2.00,1.60
2010.06.29 15:04:50.255,1.0786,1.0788,2.00,2.40
2010.06.29 15:04:50.546,1.0786,1.07875,1.20,4.00
2010.06.29 15:04:51.158,1.0785,1.07865,1.00,1.60
2010.06.29 15:04:51.804,1.07845,1.07865,1.20,1.00
2010.06.29 15:04:52.499,1.0784,1.0786,2.00,1.00
2010.06.29 15:04:53.140,1.0784,1.0786,1.20,1.60
2010.06.29 15:04:53.484,1.0784,1.0786,1.20,3.60
2010.06.29 15:04:53.835,1.0784,1.07855,1.00,1.00
2010.06.29 15:04:54.479,1.07835,1.0785,1.00,1.60
2010.06.29 15:04:55.152,1.07835,1.0785,1.00,2.00
2010.06.29 15:04:55.479,1.07835,1.0785,1.00,2.40
2010.06.29 15:04:56.119,1.0783,1.0785,2.00,2.40
2010.06.29 15:04:57.465,1.0783,1.07845,2.00,2.80
2010.06.29 15:04:57.814,1.07825,1.07835,2.00,3.60
2010.06.29 15:04:58.138,1.0782,1.07835,2.00,3.60
2010.06.29 15:04:58.818,1.0782,1.07835,1.00,5.60
2010.06.29 15:04:59.098,1.07815,1.07835,1.20,6.00
2010.06.29 15:04:59.776,1.07815,1.0783,2.00,1.20
2010.06.29 15:05:00.866,1.07815,1.07835,2.80,5.60
2010.06.29 15:05:01.065,1.0781,1.07825,4.40,1.00
2010.06.29 15:05:01.422,1.0781,1.07825,3.60,1.60
2010.06.29 15:05:01.631,1.07815,1.0783,1.00,2.80
2010.06.29 15:05:01.828,1.07815,1.0783,1.60,2.80
2010.06.29 15:05:02.252,1.0781,1.0783,5.20,2.80
2010.06.29 15:05:02.606,1.0781,1.07825,1.60,1.20
2010.06.29 15:05:05.762,1.0781,1.07825,1.60,2.00
2010.06.29 15:05:06.782,1.0781,1.07825,1.60,5.20
2010.06.29 15:05:07.120,1.0781,1.07825,1.00,4.40
2010.06.29 15:05:07.863,1.0781,1.0782,1.00,1.00
2010.06.29 15:05:09.511,1.0781,1.0782,1.00,3.20
2010.06.29 15:05:09.880,1.078,1.07815,3.20,1.20
2010.06.29 15:05:10.158,1.07805,1.0782,2.00,5.60
2010.06.29 15:05:10.741,1.07805,1.07815,1.00,1.00
2010.06.29 15:05:11.018,1.078,1.0782,2.80,4.00
2010.06.29 15:05:11.365,1.078,1.0782,2.80,1.60
2010.06.29 15:05:11.723,1.07805,1.0782,1.60,1.00
2010.06.29 15:05:13.051,1.078,1.0782,1.20,4.00
2010.06.29 15:05:13.431,1.078,1.0782,1.20,4.80
2010.06.29 15:05:13.782,1.078,1.07815,1.60,1.60
2010.06.29 15:05:14.133,1.07795,1.07815,6.00,1.60
2010.06.29 15:05:14.738,1.07795,1.0781,2.00,2.00
2010.06.29 15:05:15.051,1.07795,1.0781,1.00,6.00
2010.06.29 15:05:15.779,1.0779,1.07805,1.20,1.60
2010.06.29 15:05:16.127,1.0779,1.078,1.20,1.00
2010.06.29 15:05:16.493,1.0779,1.078,1.00,1.00
2010.06.29 15:05:16.800,1.07785,1.078,2.80,1.60
2010.06.29 15:05:17.108,1.0779,1.07805,1.00,1.20
2010.06.29 15:05:17.888,1.0779,1.0781,2.80,8.80
2010.06.29 15:05:18.232,1.0779,1.0781,2.80,6.40
2010.06.29 15:05:18.993,1.0779,1.0781,2.00,6.00
2010.06.29 15:05:19.212,1.0779,1.07805,1.00,1.60
2010.06.29 15:05:19.758,1.0779,1.07805,1.00,1.00
2010.06.29 15:05:20.105,1.0779,1.07805,1.00,1.00
2010.06.29 15:05:20.456,1.0779,1.0781,1.20,6.40
2010.06.29 15:05:21.032,1.0779,1.0781,2.00,6.40
2010.06.29 15:05:21.660,1.0779,1.0781,1.20,6.40
2010.06.29 15:05:22.003,1.0779,1.07805,1.00,1.00
2010.06.29 15:05:22.359,1.0779,1.07805,1.20,1.60
2010.06.29 15:05:22.898,1.078,1.0781,1.00,2.40
2010.06.29 15:05:23.135,1.07795,1.07815,2.00,4.80
2010.06.29 15:05:23.371,1.07795,1.0781,2.00,1.60
2010.06.29 15:05:23.681,1.078,1.0781,1.00,1.00
2010.06.29 15:05:24.811,1.078,1.0781,1.00,1.60
2010.06.29 15:05:24.991,1.07795,1.07815,2.00,2.40
2010.06.29 15:05:25.376,1.078,1.07815,1.00,2.40
2010.06.29 15:05:25.714,1.07795,1.0781,2.00,1.00
2010.06.29 15:05:26.049,1.07795,1.0781,1.00,1.60
2010.06.29 15:05:26.733,1.07795,1.0781,1.20,1.00
2010.06.29 15:05:27.334,1.07795,1.0781,2.00,1.00
2010.06.29 15:05:27.684,1.07795,1.0781,1.20,1.60
2010.06.29 15:05:28.032,1.07795,1.0781,1.00,1.60
2010.06.29 15:05:30.039,1.0779,1.078,1.20,1.00
2010.06.29 15:05:31.457,1.0779,1.07805,1.00,2.40
2010.06.29 15:05:33.071,1.0779,1.07805,1.00,1.60
2010.06.29 15:05:34.660,1.0779,1.07805,1.00,2.00
2010.06.29 15:05:34.831,1.0779,1.07805,1.00,5.20
2010.06.29 15:05:35.621,1.07785,1.07805,1.00,8.00
2010.06.29 15:05:35.911,1.07785,1.078,1.00,1.60
2010.06.29 15:05:36.204,1.07785,1.078,1.00,2.40
2010.06.29 15:05:36.551,1.07785,1.078,1.00,5.60
2010.06.29 15:05:36.854,1.0778,1.07795,1.20,1.00
2010.06.29 15:05:37.467,1.0778,1.07795,1.20,2.80
2010.06.29 15:05:37.811,1.0778,1.07795,1.20,4.40
2010.06.29 15:05:38.848,1.0778,1.07795,2.00,4.00
2010.06.29 15:05:39.203,1.07775,1.0779,1.20,4.00
2010.06.29 15:05:39.710,1.07775,1.0779,1.00,4.00
2010.06.29 15:05:40.033,1.0777,1.0779,1.20,9.60
2010.06.29 15:05:40.351,1.0777,1.0779,1.20,8.40
2010.06.29 15:05:41.034,1.0777,1.0779,1.20,8.80
2010.06.29 15:05:41.743,1.0777,1.0779,1.20,7.60
2010.06.29 15:05:42.094,1.0777,1.0779,1.20,4.80
2010.06.29 15:05:42.654,1.07775,1.0779,1.00,4.00
2010.06.29 15:05:43.012,1.0778,1.07795,1.00,2.40
2010.06.29 15:05:43.359,1.0777,1.07785,2.00,1.00
2010.06.29 15:05:44.070,1.07765,1.0778,1.00,1.00
2010.06.29 15:05:44.701,1.07765,1.0778,1.00,1.60
2010.06.29 15:05:45.042,1.07775,1.07785,1.00,1.00
2010.06.29 15:05:45.397,1.0777,1.07785,1.20,1.00
2010.06.29 15:05:46.051,1.0777,1.07785,2.00,1.00
2010.06.29 15:05:46.405,1.07775,1.0779,2.00,1.60
2010.06.29 15:05:47.105,1.07775,1.0779,2.00,2.40
2010.06.29 15:05:47.457,1.0777,1.0778,1.60,1.00
2010.06.29 15:05:48.076,1.0777,1.0778,1.00,1.00
2010.06.29 15:05:49.110,1.0777,1.0778,1.00,6.00
2010.06.29 15:05:49.434,1.0776,1.07775,1.20,1.00
2010.06.29 15:05:50.415,1.0776,1.0778,2.00,4.00
2010.06.29 15:05:51.443,1.0776,1.0778,1.20,4.00
2010.06.29 15:05:51.798,1.0776,1.0778,3.60,2.40
2010.06.29 15:05:52.459,1.0776,1.0778,3.60,1.60
2010.06.29 15:05:53.113,1.07765,1.0778,4.40,1.00
2010.06.29 15:05:53.405,1.07765,1.0778,5.20,1.00
2010.06.29 15:05:54.045,1.0777,1.0778,1.00,1.00
2010.06.29 15:05:56.920,1.0776,1.0778,4.40,1.60
2010.06.29 15:05:57.146,1.0776,1.0778,3.60,3.20
2010.06.29 15:05:57.363,1.0776,1.0778,1.20,3.20
2010.06.29 15:05:58.068,1.0776,1.0778,1.20,4.00
2010.06.29 15:05:58.415,1.0776,1.0778,2.80,4.80
2010.06.29 15:05:58.602,1.0776,1.07775,2.00,1.00
2010.06.29 15:05:58.985,1.0776,1.07775,1.00,1.00
2010.06.29 15:05:59.181,1.0776,1.07775,1.20,1.00
2010.06.29 15:06:00.501,1.0776,1.0778,1.20,4.00
2010.06.29 15:06:00.656,1.07765,1.0778,4.00,1.60
2010.06.29 15:06:02.626,1.07765,1.07775,3.20,1.00
2010.06.29 15:06:02.808,1.0775,1.07765,1.20,1.00
2010.06.29 15:06:03.261,1.0775,1.07765,1.00,4.00
2010.06.29 15:06:03.443,1.07745,1.07765,1.20,4.20
2010.06.29 15:06:03.623,1.07745,1.07765,2.00,3.20
2010.06.29 15:06:04.302,1.0775,1.0777,2.00,1.60
2010.06.29 15:06:04.655,1.07755,1.0777,1.60,1.60
2010.06.29 15:06:05.643,1.0775,1.07765,1.00,1.60
2010.06.29 15:06:06.695,1.0775,1.07765,1.20,1.60
2010.06.29 15:06:07.042,1.0775,1.07765,1.00,1.60
2010.06.29 15:06:07.708,1.07755,1.07765,1.00,1.60
2010.06.29 15:06:08.269,1.07755,1.07765,1.60,1.60
2010.06.29 15:06:08.903,1.0775,1.0776,1.00,1.60
2010.06.29 15:06:09.214,1.0774,1.0776,2.00,8.20
2010.06.29 15:06:09.822,1.0774,1.0776,1.20,7.40
2010.06.29 15:06:10.417,1.0774,1.0776,2.80,7.40
2010.06.29 15:06:10.675,1.0774,1.0776,5.20,5.00
2010.06.29 15:06:10.932,1.07745,1.0776,1.20,1.60
2010.06.29 15:06:11.512,1.07745,1.0776,1.20,1.00
2010.06.29 15:06:12.192,1.07745,1.07765,1.20,7.20
2010.06.29 15:06:12.854,1.0775,1.07765,1.20,4.30
2010.06.29 15:06:13.206,1.07745,1.0776,1.20,1.00
2010.06.29 15:06:13.382,1.07745,1.0776,1.00,1.00
2010.06.29 15:06:13.887,1.07745,1.0776,1.00,4.00
2010.06.29 15:06:14.925,1.07745,1.0776,1.00,3.20
2010.06.29 15:06:17.317,1.0775,1.07765,1.00,4.00
2010.06.29 15:06:17.613,1.0775,1.07765,1.20,1.60
2010.06.29 15:06:18.256,1.07755,1.0777,1.00,5.60
2010.06.29 15:06:18.606,1.07755,1.0777,1.00,3.20
2010.06.29 15:06:19.250,1.07755,1.07775,1.20,7.20
2010.06.29 15:06:19.593,1.07755,1.0777,1.20,2.40
2010.06.29 15:06:19.941,1.07755,1.0777,1.20,5.60
2010.06.29 15:06:20.651,1.07755,1.0777,1.20,2.40
2010.06.29 15:06:20.991,1.07755,1.0777,1.20,1.60
2010.06.29 15:06:21.342,1.07755,1.0777,1.20,3.20
2010.06.29 15:06:21.668,1.07755,1.0777,1.00,4.80
2010.06.29 15:06:22.666,1.07755,1.0777,1.00,7.20
2010.06.29 15:06:23.016,1.07755,1.0777,1.00,6.40
2010.06.29 15:06:23.252,1.07755,1.0777,1.00,7.20
2010.06.29 15:06:25.118,1.07755,1.0777,1.00,8.80
2010.06.29 15:06:25.364,1.07755,1.07765,1.00,3.50
2010.06.29 15:06:25.610,1.0775,1.07765,1.20,5.10
2010.06.29 15:06:26.217,1.0775,1.07765,1.20,3.50
2010.06.29 15:06:26.568,1.07755,1.0777,1.20,4.00
2010.06.29 15:06:26.940,1.07755,1.0777,1.20,2.40
2010.06.29 15:06:27.302,1.07755,1.0777,1.00,4.80
2010.06.29 15:06:28.303,1.07745,1.0776,5.20,2.40
2010.06.29 15:06:28.506,1.0774,1.07755,1.00,6.90
2010.06.29 15:06:29.083,1.0774,1.07755,1.00,7.20
2010.06.29 15:06:29.284,1.0774,1.07755,1.00,7.70
2010.06.29 15:06:29.930,1.0773,1.07745,2.80,1.60
2010.06.29 15:06:30.275,1.0773,1.0775,2.80,8.00
2010.06.29 15:06:30.550,1.0773,1.0775,2.00,5.60
2010.06.29 15:06:30.915,1.0773,1.0775,1.20,5.60
2010.06.29 15:06:31.460,1.0773,1.0775,1.20,2.40
2010.06.29 15:06:32.691,1.0773,1.0775,1.20,1.60
2010.06.29 15:06:32.928,1.0773,1.0775,2.00,1.60
2010.06.29 15:06:33.170,1.0773,1.0775,1.20,1.60
2010.06.29 15:06:33.409,1.0773,1.0775,1.20,3.10
2010.06.29 15:06:33.998,1.07735,1.0775,1.00,3.10
2010.06.29 15:06:34.180,1.07735,1.07755,1.00,8.20
2010.06.29 15:06:34.349,1.07735,1.07755,1.00,8.20
2010.06.29 15:06:34.688,1.07735,1.07755,1.00,9.00
2010.06.29 15:06:35.723,1.07735,1.0775,1.00,1.00
2010.06.29 15:06:36.076,1.07735,1.0775,1.00,3.20
2010.06.29 15:06:36.668,1.07735,1.0775,1.00,1.00
2010.06.29 15:06:36.934,1.07735,1.0775,1.00,4.00
2010.06.29 15:06:37.206,1.0773,1.0775,2.80,5.60
2010.06.29 15:06:38.157,1.07735,1.0775,1.00,1.60
2010.06.29 15:06:38.483,1.0773,1.0775,2.40,4.80
2010.06.29 15:06:39.141,1.07735,1.0775,1.20,3.20
2010.06.29 15:06:39.485,1.07735,1.07755,1.20,7.00
2010.06.29 15:06:40.467,1.0774,1.07755,1.20,1.40
2010.06.29 15:06:40.658,1.0774,1.07755,1.20,1.00
2010.06.29 15:06:41.388,1.0774,1.07755,1.20,1.60
2010.06.29 15:06:41.590,1.07735,1.0775,1.20,1.00
2010.06.29 15:06:42.592,1.07735,1.0775,1.00,1.60
2010.06.29 15:06:46.222,1.0773,1.07745,1.20,1.00
2010.06.29 15:06:46.700,1.0773,1.0775,4.00,1.60
2010.06.29 15:06:47.092,1.0773,1.0775,4.00,1.60
2010.06.29 15:06:47.446,1.07725,1.0774,1.00,1.00
2010.06.29 15:06:48.157,1.0773,1.07745,1.00,2.40
2010.06.29 15:06:48.840,1.0773,1.07745,1.00,1.60
2010.06.29 15:06:49.183,1.0773,1.07745,1.20,1.60
2010.06.29 15:06:50.327,1.0773,1.07745,1.00,1.60
2010.06.29 15:06:50.531,1.0773,1.07745,1.20,1.60
2010.06.29 15:06:50.928,1.0773,1.07745,1.00,1.60
2010.06.29 15:06:53.071,1.0773,1.07745,1.20,1.60
2010.06.29 15:06:55.249,1.0773,1.07745,1.00,1.60
2010.06.29 15:06:56.525,1.07725,1.0774,2.80,1.00
2010.06.29 15:06:56.876,1.07725,1.0774,1.00,1.00
2010.06.29 15:06:57.643,1.07725,1.07745,3.60,2.40
2010.06.29 15:06:57.883,1.07725,1.07745,4.00,1.60
2010.06.29 15:06:59.798,1.0773,1.07745,1.00,1.60
2010.06.29 15:07:00.969,1.07735,1.0775,6.40,1.60
2010.06.29 15:07:01.651,1.0775,1.07755,1.00,1.60
2010.06.29 15:07:01.935,1.0775,1.07765,1.00,2.40
2010.06.29 15:07:02.481,1.0775,1.0776,1.00,3.20
2010.06.29 15:07:02.826,1.0774,1.07755,1.20,1.00
2010.06.29 15:07:03.393,1.0774,1.07755,2.00,1.00
2010.06.29 15:07:03.756,1.07755,1.07765,2.40,1.00
2010.06.29 15:07:04.445,1.07755,1.0777,1.60,1.00
2010.06.29 15:07:04.797,1.0775,1.0777,3.20,1.60
2010.06.29 15:07:05.453,1.0775,1.0777,3.60,4.00
2010.06.29 15:07:05.807,1.0775,1.07765,1.60,1.00
2010.06.29 15:07:06.127,1.07755,1.0777,1.00,4.00
2010.06.29 15:07:06.763,1.0775,1.07765,2.80,1.00
2010.06.29 15:07:07.822,1.0775,1.07765,2.80,1.60
2010.06.29 15:07:08.194,1.07755,1.0777,2.00,5.60
2010.06.29 15:07:08.796,1.0777,1.07775,1.00,2.40
2010.06.29 15:07:09.077,1.07765,1.0778,1.20,1.00
2010.06.29 15:07:09.626,1.07765,1.07785,2.00,1.60
2010.06.29 15:07:09.977,1.0777,1.07785,1.00,4.00
2010.06.29 15:07:10.412,1.07765,1.07785,1.20,4.00
2010.06.29 15:07:11.786,1.07765,1.07785,1.20,5.60
2010.06.29 15:07:12.138,1.0776,1.0778,2.00,2.40
2010.06.29 15:07:12.925,1.0776,1.07775,2.80,1.00
2010.06.29 15:07:13.279,1.0776,1.07775,2.00,1.60
2010.06.29 15:07:14.426,1.0776,1.07775,1.20,1.60
2010.06.29 15:07:14.891,1.0776,1.07775,1.20,2.40
2010.06.29 15:07:15.104,1.07755,1.0777,2.00,1.00
2010.06.29 15:07:17.222,1.07755,1.0777,1.00,1.00
2010.06.29 15:07:18.775,1.07755,1.07765,1.00,4.00
2010.06.29 15:07:19.050,1.07755,1.07765,1.20,2.40
2010.06.29 15:07:19.621,1.07755,1.0777,1.20,1.00
2010.06.29 15:07:19.860,1.07755,1.0777,1.20,3.20
2010.06.29 15:07:20.100,1.07755,1.0777,1.20,2.40
2010.06.29 15:07:20.441,1.0776,1.07775,1.20,2.40
2010.06.29 15:07:20.783,1.0776,1.07775,2.00,1.00
2010.06.29 15:07:21.138,1.0776,1.07775,2.00,1.60
2010.06.29 15:07:22.024,1.0776,1.07775,2.00,1.00
2010.06.29 15:07:22.241,1.0776,1.07775,2.00,2.40
2010.06.29 15:07:22.600,1.0775,1.07765,2.40,1.00
2010.06.29 15:07:22.961,1.0775,1.07765,1.60,1.60
2010.06.29 15:07:23.321,1.0775,1.07765,1.00,1.60
2010.06.29 15:07:23.668,1.0775,1.07765,2.00,1.00
2010.06.29 15:07:26.307,1.0775,1.07765,1.00,1.00
2010.06.29 15:07:26.544,1.0775,1.07765,1.20,1.00
2010.06.29 15:07:27.703,1.0775,1.07765,2.00,1.00
2010.06.29 15:07:28.706,1.0776,1.0777,1.00,3.20
2010.06.29 15:07:29.000,1.0776,1.07775,1.20,1.00
2010.06.29 15:07:30.754,1.0776,1.07775,2.00,1.00
2010.06.29 15:07:31.566,1.0776,1.07775,2.80,1.00
2010.06.29 15:07:31.786,1.0776,1.0778,2.80,4.80
2010.06.29 15:07:32.000,1.0776,1.0778,3.60,3.20
2010.06.29 15:07:32.543,1.0776,1.0778,2.00,1.00
2010.06.29 15:07:33.573,1.0776,1.0778,1.20,4.80
2010.06.29 15:07:35.137,1.0776,1.0778,2.00,4.80
2010.06.29 15:07:35.823,1.0776,1.0778,2.00,6.40
2010.06.29 15:07:36.915,1.0776,1.0778,2.80,4.80
2010.06.29 15:07:37.387,1.0776,1.0778,2.00,4.80
2010.06.29 15:07:39.339,1.0776,1.0778,2.00,4.00
2010.06.29 15:07:39.843,1.0776,1.0778,1.20,4.00
2010.06.29 15:07:42.764,1.0776,1.0778,1.20,1.60
2010.06.29 15:07:43.084,1.0776,1.0778,2.00,1.60
2010.06.29 15:07:44.481,1.0776,1.0778,1.20,2.40
2010.06.29 15:07:44.718,1.0776,1.0778,2.00,2.40
2010.06.29 15:07:45.067,1.0776,1.0778,2.80,2.40
2010.06.29 15:07:45.310,1.0776,1.0778,2.80,1.60
2010.06.29 15:07:47.581,1.0776,1.0778,2.00,1.60
2010.06.29 15:07:48.245,1.0776,1.0778,2.00,4.00
2010.06.29 15:07:48.562,1.0776,1.0778,2.80,4.00
2010.06.29 15:07:49.190,1.07765,1.0778,1.20,1.00
2010.06.29 15:07:49.480,1.07765,1.07785,1.20,6.40
2010.06.29 15:07:49.926,1.07765,1.0778,1.20,1.60
2010.06.29 15:07:50.203,1.0777,1.0778,1.00,1.60
2010.06.29 15:07:50.800,1.07775,1.0779,1.00,4.40
2010.06.29 15:07:51.069,1.0779,1.078,1.00,1.60
2010.06.29 15:07:51.740,1.0779,1.07795,1.00,1.00
2010.06.29 15:07:52.086,1.07785,1.07795,1.60,1.00
2010.06.29 15:07:52.746,1.0779,1.07795,1.00,1.00
2010.06.29 15:07:53.094,1.07785,1.07795,1.60,1.00
2010.06.29 15:07:54.319,1.0779,1.07795,1.00,1.00
2010.06.29 15:07:54.839,1.07785,1.07795,1.60,1.00
2010.06.29 15:07:54.986,1.07785,1.07795,1.60,1.60
2010.06.29 15:07:55.122,1.0778,1.07795,2.00,1.60
2010.06.29 15:07:55.653,1.0778,1.07795,1.20,1.60
2010.06.29 15:07:56.293,1.07775,1.0779,4.40,1.00
2010.06.29 15:07:56.697,1.07775,1.0779,2.00,1.00
2010.06.29 15:07:57.047,1.07775,1.0779,1.60,1.60
2010.06.29 15:07:58.048,1.0777,1.0779,1.20,1.60
2010.06.29 15:07:58.396,1.07775,1.0779,1.00,1.60
2010.06.29 15:07:58.733,1.07775,1.0779,1.60,1.60
2010.06.29 15:07:59.423,1.07775,1.0779,2.00,1.60
2010.06.29 15:07:59.666,1.07775,1.0779,2.00,1.00
2010.06.29 15:08:00.792,1.0778,1.0779,3.20,1.00
2010.06.29 15:08:01.137,1.07775,1.0779,6.00,1.00
2010.06.29 15:08:05.451,1.07775,1.0779,5.20,1.00
2010.06.29 15:08:06.540,1.07775,1.0779,2.80,1.00
2010.06.29 15:08:06.831,1.07775,1.0779,2.00,1.60
2010.06.29 15:08:08.178,1.0778,1.0779,1.00,1.60
2010.06.29 15:08:09.082,1.07775,1.0779,4.40,1.00
2010.06.29 15:08:10.142,1.07775,1.0779,1.60,4.80
2010.06.29 15:08:10.389,1.0777,1.07785,1.00,1.60
2010.06.29 15:08:11.375,1.07765,1.0778,1.20,1.00
2010.06.29 15:08:12.403,1.07765,1.0778,3.60,1.00
2010.06.29 15:08:13.088,1.07765,1.0778,1.20,1.00
2010.06.29 15:08:13.436,1.0776,1.07775,3.60,3.20
2010.06.29 15:08:13.925,1.07755,1.0777,1.00,3.20
2010.06.29 15:08:14.062,1.07755,1.0777,1.00,4.80
2010.06.29 15:08:14.509,1.07755,1.0777,1.00,5.60
2010.06.29 15:08:14.851,1.07755,1.07775,1.20,1.00
2010.06.29 15:08:15.189,1.0776,1.07775,2.80,1.00
2010.06.29 15:08:15.978,1.0776,1.0778,3.60,1.60
2010.06.29 15:08:16.321,1.0776,1.0778,2.00,4.00
2010.06.29 15:08:16.818,1.0776,1.0778,1.20,4.80
2010.06.29 15:08:17.157,1.07765,1.0778,1.00,4.80
2010.06.29 15:08:19.390,1.07765,1.0778,1.20,4.80
2010.06.29 15:08:19.665,1.07765,1.0778,1.20,1.00
2010.06.29 15:08:19.931,1.07765,1.07785,1.20,1.60
2010.06.29 15:08:24.429,1.07765,1.07785,3.60,1.60
2010.06.29 15:08:24.704,1.0777,1.07785,1.20,1.60
2010.06.29 15:08:25.594,1.0777,1.0779,1.20,4.00
2010.06.29 15:08:26.914,1.0777,1.07785,1.20,1.60
2010.06.29 15:08:27.182,1.07765,1.07785,1.20,1.60
2010.06.29 15:08:28.380,1.0776,1.0778,1.20,7.20
2010.06.29 15:08:28.729,1.07755,1.0777,1.20,1.60
2010.06.29 15:08:29.416,1.07755,1.0777,1.00,10.00
2010.06.29 15:08:29.675,1.07765,1.0777,1.00,1.00
2010.06.29 15:08:30.001,1.07765,1.07775,1.00,1.20
2010.06.29 15:08:30.257,1.0777,1.07785,1.00,4.00
2010.06.29 15:08:30.607,1.0777,1.07785,1.00,3.20
2010.06.29 15:08:31.241,1.0777,1.07785,1.20,1.00
2010.06.29 15:08:31.565,1.0777,1.0779,1.20,4.80
2010.06.29 15:08:32.844,1.0777,1.0779,2.00,4.80
2010.06.29 15:08:33.185,1.07775,1.0779,1.00,4.80
2010.06.29 15:08:34.639,1.07775,1.0779,1.00,4.00
2010.06.29 15:08:35.262,1.07775,1.0779,1.00,1.60
2010.06.29 15:08:35.944,1.07775,1.0779,1.00,4.00
2010.06.29 15:08:36.694,1.07775,1.0779,1.00,4.80
2010.06.29 15:08:37.123,1.07775,1.0779,1.00,2.40
2010.06.29 15:08:37.786,1.0777,1.07785,1.00,4.00
2010.06.29 15:08:38.138,1.07765,1.07785,1.20,4.80
2010.06.29 15:08:38.480,1.07765,1.07785,1.20,1.60
2010.06.29 15:08:39.126,1.07765,1.07785,2.80,1.20
2010.06.29 15:08:39.276,1.07775,1.0779,1.00,4.40
2010.06.29 15:08:39.997,1.07775,1.0779,1.00,4.00
2010.06.29 15:08:40.799,1.07775,1.0779,1.00,1.00
2010.06.29 15:08:41.145,1.07775,1.07795,1.20,1.60
2010.06.29 15:08:43.109,1.07775,1.07795,2.00,1.60
2010.06.29 15:08:43.870,1.07775,1.07795,1.20,1.60
2010.06.29 15:08:44.468,1.07775,1.07795,1.20,4.00
2010.06.29 15:08:45.260,1.0778,1.07795,1.00,5.60
2010.06.29 15:08:45.781,1.0778,1.07795,1.60,3.20
2010.06.29 15:08:46.080,1.0778,1.07785,1.60,1.00
2010.06.29 15:08:46.567,1.0777,1.07785,4.40,1.60
2010.06.29 15:08:46.704,1.0777,1.07785,1.00,5.60
2010.06.29 15:08:46.861,1.0777,1.07785,1.00,6.40
2010.06.29 15:08:47.527,1.0777,1.07785,1.00,4.80
2010.06.29 15:08:47.878,1.0777,1.0779,1.00,11.20
2010.06.29 15:08:48.536,1.0778,1.0779,1.00,1.00
2010.06.29 15:08:48.889,1.07785,1.07795,1.60,1.00
2010.06.29 15:08:49.814,1.0778,1.07795,1.20,1.00
2010.06.29 15:08:50.131,1.07785,1.07795,1.60,1.00
2010.06.29 15:08:50.531,1.0779,1.07795,1.00,1.00
2010.06.29 15:08:50.884,1.0779,1.07805,2.00,1.00
2010.06.29 15:08:51.764,1.0779,1.07805,2.00,4.80
2010.06.29 15:08:52.113,1.0779,1.07805,1.00,5.60
2010.06.29 15:08:52.807,1.0779,1.07805,1.00,2.40
2010.06.29 15:08:53.169,1.07795,1.0781,3.60,5.20
2010.06.29 15:08:53.559,1.07795,1.0781,4.00,2.40
2010.06.29 15:08:53.914,1.07795,1.0781,1.20,1.00
2010.06.29 15:08:54.584,1.07795,1.0781,1.00,2.40
2010.06.29 15:08:55.278,1.0779,1.07805,1.20,2.40
2010.06.29 15:08:55.932,1.0779,1.07805,1.20,1.00
2010.06.29 15:08:57.104,1.0779,1.07805,3.60,1.00
2010.06.29 15:08:57.347,1.07805,1.07815,1.00,1.00
2010.06.29 15:08:57.932,1.0781,1.07825,1.20,1.60
2010.06.29 15:08:58.182,1.0781,1.07825,2.00,1.60
2010.06.29 15:08:58.788,1.0781,1.07825,1.20,1.60
2010.06.29 15:08:59.135,1.07805,1.07825,4.40,1.60
2010.06.29 15:08:59.442,1.07805,1.07825,3.60,1.60
2010.06.29 15:09:00.652,1.0781,1.07825,2.00,1.00
2010.06.29 15:09:01.816,1.07805,1.0782,1.00,1.60
2010.06.29 15:09:02.115,1.07805,1.0782,2.40,1.60
2010.06.29 15:09:02.708,1.07805,1.0782,4.40,1.60
2010.06.29 15:09:03.057,1.07805,1.07825,2.80,1.60
2010.06.29 15:09:04.059,1.078,1.07815,2.40,1.60
2010.06.29 15:09:04.088,1.078,1.07815,1.60,1.60
2010.06.29 15:09:04.337,1.078,1.07815,1.00,1.60
2010.06.29 15:09:06.535,1.078,1.07815,1.20,1.60
2010.06.29 15:09:07.644,1.078,1.0782,2.80,2.40
2010.06.29 15:09:08.259,1.078,1.0782,2.80,1.60
2010.06.29 15:09:10.490,1.078,1.07815,5.20,1.00
2010.06.29 15:09:10.687,1.078,1.07815,3.60,1.00
2010.06.29 15:09:10.883,1.078,1.07815,1.00,1.00
2010.06.29 15:09:11.414,1.078,1.07815,1.00,1.60
2010.06.29 15:09:11.959,1.078,1.0782,2.00,3.20
2010.06.29 15:09:12.653,1.078,1.07815,2.80,1.00
2010.06.29 15:09:12.974,1.078,1.07815,2.00,1.00
2010.06.29 15:09:13.583,1.07805,1.0782,1.00,3.60
2010.06.29 15:09:13.893,1.07805,1.0782,1.00,1.60
2010.06.29 15:09:15.264,1.07805,1.0782,1.20,1.60
2010.06.29 15:09:15.507,1.07805,1.0782,2.80,1.00
2010.06.29 15:09:16.293,1.07815,1.0783,1.00,2.40
2010.06.29 15:09:16.919,1.07815,1.0783,1.00,3.20
2010.06.29 15:09:17.231,1.0782,1.07835,3.20,1.60
2010.06.29 15:09:17.773,1.0782,1.07835,1.00,2.00
2010.06.29 15:09:18.128,1.0782,1.0783,3.20,1.60
2010.06.29 15:09:18.599,1.0782,1.0783,3.20,1.00
2010.06.29 15:09:18.944,1.0782,1.07835,3.20,2.40
2010.06.29 15:09:19.630,1.0782,1.07835,2.40,2.40
2010.06.29 15:09:20.599,1.0782,1.07835,1.00,3.60
2010.06.29 15:09:21.164,1.0782,1.0783,1.00,1.60
2010.06.29 15:09:21.577,1.07815,1.07825,1.00,1.00
2010.06.29 15:09:21.835,1.0781,1.07825,1.00,3.60
2010.06.29 15:09:22.170,1.0781,1.0782,1.00,1.00
2010.06.29 15:09:22.512,1.07805,1.0782,1.20,1.00
2010.06.29 15:09:23.193,1.07805,1.07825,3.60,2.40
2010.06.29 15:09:23.666,1.07805,1.0782,1.00,3.20
2010.06.29 15:09:24.024,1.078,1.07815,4.40,1.00
2010.06.29 15:09:24.644,1.078,1.0781,1.00,1.00
2010.06.29 15:09:24.959,1.0779,1.0781,4.40,1.60
2010.06.29 15:09:25.937,1.078,1.0782,1.00,8.00
2010.06.29 15:09:26.609,1.07805,1.0782,1.20,1.00
2010.06.29 15:09:26.927,1.0781,1.07825,1.00,1.60
2010.06.29 15:09:28.199,1.0779,1.0781,1.60,1.00
2010.06.29 15:09:28.544,1.0779,1.07805,1.00,1.60
2010.06.29 15:09:28.910,1.0779,1.07805,1.00,1.00
2010.06.29 15:09:29.207,1.0779,1.07805,1.20,1.00
2010.06.29 15:09:29.502,1.0779,1.07805,1.00,1.00
2010.06.29 15:09:30.080,1.07795,1.0781,1.00,1.00
2010.06.29 15:09:30.417,1.07795,1.07815,1.20,1.60
2010.06.29 15:09:31.068,1.078,1.07815,1.00,3.20
2010.06.29 15:09:31.388,1.07795,1.0781,1.20,1.00
2010.06.29 15:09:32.117,1.07795,1.07815,1.20,1.60
2010.06.29 15:09:33.710,1.07795,1.07815,2.80,1.60
2010.06.29 15:09:34.051,1.078,1.0782,2.80,3.20
2010.06.29 15:09:34.299,1.078,1.0782,2.80,2.40
2010.06.29 15:09:34.760,1.078,1.0782,2.80,3.20
2010.06.29 15:09:35.025,1.07805,1.0782,1.00,1.00
2010.06.29 15:09:35.574,1.07805,1.0782,1.00,4.40
2010.06.29 15:09:36.147,1.078,1.0782,1.20,4.00
2010.06.29 15:09:36.396,1.078,1.0782,1.00,4.80
2010.06.29 15:09:36.632,1.078,1.07815,1.00,1.00
2010.06.29 15:09:37.864,1.078,1.07815,2.00,1.00
2010.06.29 15:09:38.908,1.078,1.07815,2.00,1.20
2010.06.29 15:09:39.264,1.078,1.07815,1.20,1.20
2010.06.29 15:09:39.570,1.078,1.07815,1.00,2.80
2010.06.29 15:09:40.193,1.07795,1.0781,1.00,1.00
2010.06.29 15:09:40.496,1.07795,1.0781,1.00,1.60
2010.06.29 15:09:41.447,1.07795,1.0781,1.00,1.00
2010.06.29 15:09:41.796,1.07795,1.0781,1.20,1.00
2010.06.29 15:09:42.810,1.078,1.0782,1.20,8.80
2010.06.29 15:09:43.112,1.07805,1.07825,1.20,4.00
2010.06.29 15:09:43.411,1.0781,1.07825,1.00,2.40
2010.06.29 15:09:44.053,1.0781,1.07825,1.20,1.00
2010.06.29 15:09:44.633,1.0781,1.07825,2.00,1.00
2010.06.29 15:09:46.479,1.0781,1.07825,1.20,1.00
2010.06.29 15:09:47.592,1.0781,1.07825,1.00,1.00
2010.06.29 15:09:47.872,1.0781,1.07825,1.20,1.00
2010.06.29 15:09:48.650,1.0781,1.07825,2.20,1.00
2010.06.29 15:09:49.013,1.0781,1.07825,3.00,1.00
2010.06.29 15:09:49.280,1.07815,1.0783,1.00,1.00
2010.06.29 15:09:49.517,1.0782,1.0784,1.60,3.20
2010.06.29 15:09:50.149,1.0782,1.0784,5.20,1.00
2010.06.29 15:09:50.407,1.0782,1.0784,4.40,1.00
2010.06.29 15:09:51.049,1.0783,1.07845,1.20,1.60
2010.06.29 15:09:51.724,1.0783,1.07845,2.00,1.60
2010.06.29 15:09:52.076,1.0783,1.07845,2.00,1.00
2010.06.29 15:09:53.037,1.07825,1.07845,6.00,1.60
2010.06.29 15:09:53.389,1.0783,1.07845,2.00,1.00
2010.06.29 15:09:53.739,1.0783,1.07845,6.00,1.00
2010.06.29 15:09:54.085,1.0783,1.07845,2.00,1.00
2010.06.29 15:09:55.081,1.0783,1.07845,1.00,1.60
2010.06.29 15:09:56.801,1.0783,1.0784,1.00,1.00
2010.06.29 15:10:00.479,1.0783,1.0784,1.60,1.00
2010.06.29 15:10:01.510,1.0783,1.0784,1.00,1.00
2010.06.29 15:10:01.649,1.07825,1.0784,2.00,1.00
2010.06.29 15:10:02.041,1.07825,1.0784,1.00,2.00
2010.06.29 15:10:02.386,1.07825,1.0784,1.00,1.60
2010.06.29 15:10:04.064,1.07825,1.0784,4.00,1.60
2010.06.29 15:10:04.190,1.07825,1.0784,1.00,1.60
2010.06.29 15:10:04.309,1.0782,1.0784,8.40,1.60
2010.06.29 15:10:04.667,1.07825,1.0784,1.00,1.00
2010.06.29 15:10:04.788,1.07825,1.07845,1.20,2.00
2010.06.29 15:10:05.143,1.0783,1.07845,1.00,1.60
2010.06.29 15:10:05.492,1.0783,1.07845,1.60,1.60
2010.06.29 15:10:05.844,1.0783,1.07845,2.00,1.60
2010.06.29 15:10:06.521,1.07835,1.0785,1.60,3.20
2010.06.29 15:10:06.867,1.0784,1.0785,1.00,1.00
2010.06.29 15:10:07.835,1.0784,1.07855,1.60,1.60
2010.06.29 15:10:08.187,1.0784,1.07855,2.80,1.00
2010.06.29 15:10:08.536,1.07845,1.0786,1.60,14.80
2010.06.29 15:10:09.208,1.0785,1.0786,1.00,6.40
2010.06.29 15:10:09.512,1.07845,1.07865,4.40,1.60
2010.06.29 15:10:10.455,1.07845,1.07865,3.20,1.60
2010.06.29 15:10:11.139,1.07845,1.0786,2.40,1.00
2010.06.29 15:10:11.916,1.0785,1.0786,1.00,1.00
2010.06.29 15:10:12.833,1.0785,1.07865,2.00,1.60
2010.06.29 15:10:13.177,1.0785,1.0787,6.80,3.60
2010.06.29 15:10:13.551,1.07855,1.0787,1.60,3.20
2010.06.29 15:10:13.906,1.07865,1.0788,1.20,2.80
2010.06.29 15:10:14.257,1.07865,1.0788,4.40,1.00
2010.06.29 15:10:14.802,1.0787,1.07885,2.00,1.60
2010.06.29 15:10:15.125,1.0787,1.07885,1.20,5.20
2010.06.29 15:10:15.749,1.07865,1.07885,3.60,9.20
2010.06.29 15:10:16.101,1.0788,1.0789,1.00,3.20
2010.06.29 15:10:16.574,1.07885,1.0789,1.00,2.40
2010.06.29 15:10:16.899,1.0789,1.07905,3.10,1.00
2010.06.29 15:10:17.417,1.0789,1.07905,1.00,4.80
2010.06.29 15:10:18.072,1.0789,1.07905,4.40,1.00
2010.06.29 15:10:18.418,1.07885,1.07905,1.20,1.60
2010.06.29 15:10:19.070,1.0789,1.0791,1.00,2.00
2010.06.29 15:10:19.407,1.0789,1.0791,1.20,4.80
2010.06.29 15:10:19.759,1.0789,1.07905,1.00,1.00
2010.06.29 15:10:20.097,1.0789,1.07905,1.00,1.60
2010.06.29 15:10:20.770,1.07895,1.0791,1.00,1.60
2010.06.29 15:10:21.116,1.07895,1.07915,1.20,1.60
2010.06.29 15:10:21.776,1.079,1.0792,1.20,10.40
2010.06.29 15:10:22.130,1.079,1.0792,1.20,6.40
2010.06.29 15:10:22.478,1.0791,1.07925,1.00,4.80
2010.06.29 15:10:22.863,1.0791,1.0792,1.00,1.00
2010.06.29 15:10:23.217,1.0791,1.07925,1.00,1.00
2010.06.29 15:10:24.205,1.07905,1.0792,1.00,1.00
2010.06.29 15:10:24.694,1.079,1.0792,2.00,3.20
2010.06.29 15:10:25.048,1.079,1.07915,1.20,4.00
2010.06.29 15:10:25.716,1.079,1.0792,1.20,1.00
2010.06.29 15:10:26.070,1.07905,1.0792,2.80,1.00
2010.06.29 15:10:26.870,1.0791,1.07925,2.00,1.00
2010.06.29 15:10:27.216,1.07915,1.0793,1.00,1.60
2010.06.29 15:10:29.062,1.07915,1.0793,1.20,1.00
2010.06.29 15:10:30.050,1.0792,1.07935,1.00,4.00
2010.06.29 15:10:30.638,1.0792,1.07935,1.00,1.60
2010.06.29 15:10:31.109,1.0792,1.07935,1.20,2.00
2010.06.29 15:10:31.412,1.0791,1.07925,1.20,2.40
2010.06.29 15:10:32.108,1.07905,1.0792,1.20,2.40
2010.06.29 15:10:32.716,1.07905,1.07915,1.00,2.40
2010.06.29 15:10:33.071,1.079,1.07915,1.20,3.20
2010.06.29 15:10:34.152,1.079,1.07915,1.00,4.00
2010.06.29 15:10:34.777,1.0789,1.079,4.00,2.40
2010.06.29 15:10:35.091,1.07885,1.079,1.00,2.40
2010.06.29 15:10:35.399,1.07885,1.079,1.00,4.80
2010.06.29 15:10:36.091,1.0788,1.07895,1.60,3.20
2010.06.29 15:10:36.430,1.0788,1.0789,2.40,1.00
2010.06.29 15:10:37.122,1.0788,1.07895,3.90,1.00
2010.06.29 15:10:39.427,1.07885,1.079,1.60,2.40
2010.06.29 15:10:40.059,1.0788,1.079,6.00,4.00
2010.06.29 15:10:40.362,1.0788,1.079,4.40,3.20
2010.06.29 15:10:40.753,1.0788,1.079,4.40,4.40
2010.06.29 15:10:41.111,1.0788,1.079,6.00,1.00
2010.06.29 15:10:41.458,1.0788,1.079,4.40,2.00
2010.06.29 15:10:42.126,1.0788,1.079,1.20,4.40
2010.06.29 15:10:42.827,1.07875,1.0789,1.60,1.00
2010.06.29 15:10:43.501,1.0787,1.0789,3.60,3.20
2010.06.29 15:10:43.850,1.0787,1.07885,2.00,1.00
2010.06.29 15:10:44.107,1.0787,1.07885,1.20,1.00
2010.06.29 15:10:44.666,1.0787,1.07885,1.00,4.80
2010.06.29 15:10:44.918,1.07865,1.07885,2.00,6.00
2010.06.29 15:10:45.600,1.0787,1.07885,1.00,6.00
2010.06.29 15:10:45.947,1.0788,1.07895,2.80,3.20
2010.06.29 15:10:46.361,1.0788,1.07895,2.00,5.60
2010.06.29 15:10:46.698,1.07875,1.07885,1.20,1.00
2010.06.29 15:10:47.285,1.07875,1.07885,1.00,1.00
2010.06.29 15:10:47.638,1.07875,1.07895,1.00,5.10
2010.06.29 15:10:47.985,1.0788,1.07895,1.20,5.20
2010.06.29 15:10:48.415,1.0788,1.07895,1.20,2.80
2010.06.29 15:10:49.125,1.0788,1.07895,1.00,6.40
2010.06.29 15:10:49.637,1.0788,1.07895,1.00,5.20
2010.06.29 15:10:49.900,1.0788,1.07895,2.00,1.00
2010.06.29 15:10:50.154,1.07885,1.07895,1.00,1.00
2010.06.29 15:10:50.793,1.0788,1.07895,2.00,1.00
2010.06.29 15:10:51.145,1.0788,1.07895,2.80,1.00
2010.06.29 15:10:51.434,1.07885,1.07895,1.00,1.00
2010.06.29 15:10:52.101,1.0788,1.07895,2.00,3.10
2010.06.29 15:10:52.734,1.0788,1.07895,2.00,3.60
2010.06.29 15:10:53.087,1.07895,1.0791,1.00,4.40
2010.06.29 15:10:53.564,1.07895,1.0791,1.00,4.00
2010.06.29 15:10:54.576,1.0789,1.07905,1.20,1.60
2010.06.29 15:10:54.616,1.07895,1.0791,1.60,2.40
2010.06.29 15:10:55.592,1.07895,1.0791,1.70,2.40
2010.06.29 15:10:56.199,1.07905,1.0792,2.00,1.20
2010.06.29 15:10:56.508,1.07905,1.0792,1.20,3.60
2010.06.29 15:10:56.950,1.079,1.0792,3.60,4.40
2010.06.29 15:10:57.174,1.079,1.0792,2.80,4.40
2010.06.29 15:10:57.929,1.07905,1.0792,1.00,3.60
2010.06.29 15:10:58.212,1.079,1.07905,1.00,2.80
2010.06.29 15:10:58.485,1.0789,1.07905,1.00,3.60
2010.06.29 15:10:59.045,1.0789,1.079,1.00,1.00
2010.06.29 15:10:59.289,1.07885,1.079,1.20,1.00
2010.06.29 15:11:00.326,1.0789,1.079,3.20,1.00
2010.06.29 15:11:01.002,1.07895,1.07905,1.00,3.20
2010.06.29 15:11:01.347,1.0789,1.07905,1.60,1.20
2010.06.29 15:11:01.694,1.0789,1.07905,1.60,3.20
2010.06.29 15:11:02.375,1.0789,1.07905,1.60,2.80
2010.06.29 15:11:02.686,1.0788,1.07895,1.20,1.00
2010.06.29 15:11:04.603,1.0788,1.07895,1.20,1.50
2010.06.29 15:11:05.384,1.07885,1.079,1.00,6.80
2010.06.29 15:11:05.992,1.0789,1.079,1.00,6.00
2010.06.29 15:11:06.301,1.07905,1.0791,1.00,1.00
2010.06.29 15:11:06.862,1.079,1.0791,2.00,1.00
2010.06.29 15:11:07.161,1.07895,1.0791,1.00,6.80
2010.06.29 15:11:07.952,1.0788,1.079,2.20,7.50
2010.06.29 15:11:08.652,1.0788,1.079,1.20,8.30
2010.06.29 15:11:08.998,1.0788,1.07895,1.80,2.40
2010.06.29 15:11:09.246,1.07875,1.07895,1.80,3.20
2010.06.29 15:11:09.799,1.0788,1.07895,1.20,1.00
2010.06.29 15:11:10.044,1.0788,1.079,1.20,5.60
2010.06.29 15:11:10.393,1.0788,1.07895,1.20,1.20
2010.06.29 15:11:11.318,1.0788,1.07895,1.20,2.00
2010.06.29 15:11:12.859,1.0788,1.07895,1.20,1.60
2010.06.29 15:11:13.561,1.0788,1.07895,1.20,2.00
2010.06.29 15:11:13.821,1.0788,1.07895,1.20,1.60
2010.06.29 15:11:14.374,1.07885,1.07895,1.60,1.60
2010.06.29 15:11:14.679,1.0788,1.07895,1.20,2.00
2010.06.29 15:11:14.981,1.0788,1.07895,1.00,2.00
2010.06.29 15:11:15.393,1.07875,1.07895,2.80,2.00
2010.06.29 15:11:15.746,1.07885,1.07895,1.60,1.60
2010.06.29 15:11:16.096,1.0788,1.07895,3.20,2.00
2010.06.29 15:11:16.771,1.07875,1.07885,1.00,2.40
2010.06.29 15:11:17.128,1.07875,1.07885,1.00,3.60
2010.06.29 15:11:18.126,1.0787,1.07885,1.00,4.40
2010.06.29 15:11:18.477,1.07865,1.0788,2.80,3.60
2010.06.29 15:11:19.023,1.0787,1.07885,1.60,13.20
2010.06.29 15:11:19.360,1.07865,1.0788,2.00,7.90
2010.06.29 15:11:20.332,1.07865,1.07875,2.00,1.00
2010.06.29 15:11:21.078,1.0786,1.0787,4.00,1.60
2010.06.29 15:11:21.433,1.07855,1.0787,6.00,5.10
2010.06.29 15:11:21.813,1.07855,1.0787,5.20,4.40
2010.06.29 15:11:22.170,1.0784,1.0785,3.20,1.00
2010.06.29 15:11:22.822,1.0784,1.07855,1.00,2.80
2010.06.29 15:11:23.168,1.0784,1.07855,2.00,1.00
2010.06.29 15:11:23.817,1.0784,1.0786,5.20,2.40
2010.06.29 15:11:24.154,1.0785,1.0786,1.00,1.00
2010.06.29 15:11:24.503,1.0785,1.07865,2.80,1.00
2010.06.29 15:11:25.165,1.0785,1.0787,2.80,6.00
2010.06.29 15:11:25.765,1.07855,1.0787,1.60,5.20
2010.06.29 15:11:26.092,1.07855,1.0787,2.00,2.00
2010.06.29 15:11:26.775,1.07855,1.0787,1.60,1.00
2010.06.29 15:11:27.486,1.07865,1.07875,2.00,1.20
2010.06.29 15:11:27.838,1.07865,1.0788,1.00,4.80
2010.06.29 15:11:28.293,1.0786,1.07875,1.20,1.00
2010.06.29 15:11:28.638,1.0787,1.07885,2.00,1.60
2010.06.29 15:11:28.986,1.0787,1.07885,1.00,1.60
2010.06.29 15:11:29.674,1.0787,1.07885,1.20,1.60
2010.06.29 15:11:30.679,1.0787,1.07885,2.00,2.40
2010.06.29 15:11:31.030,1.0787,1.07885,1.00,2.40
2010.06.29 15:11:31.375,1.07865,1.0788,2.80,1.00
2010.06.29 15:11:32.087,1.0787,1.07885,1.00,1.60
2010.06.29 15:11:33.429,1.07865,1.0788,2.00,1.00
2010.06.29 15:11:33.702,1.07865,1.0788,2.00,1.60
2010.06.29 15:11:34.566,1.0786,1.07875,1.00,3.20
2010.06.29 15:11:34.842,1.0786,1.07875,1.00,1.00
2010.06.29 15:11:35.358,1.0786,1.07875,1.20,1.00
2010.06.29 15:11:35.629,1.0786,1.07875,2.00,1.00
2010.06.29 15:11:35.983,1.0786,1.0788,2.00,3.20
2010.06.29 15:11:36.496,1.0786,1.0788,1.20,3.20
2010.06.29 15:11:36.849,1.07855,1.0786,2.40,1.00
2010.06.29 15:11:37.552,1.0784,1.0785,2.40,1.60
2010.06.29 15:11:37.898,1.07835,1.0785,1.00,3.20
2010.06.29 15:11:38.843,1.0783,1.07845,2.80,1.00
2010.06.29 15:11:39.129,1.0783,1.07845,2.00,1.00
2010.06.29 15:11:40.063,1.0783,1.07845,1.00,4.00
2010.06.29 15:11:40.418,1.07825,1.07845,3.60,1.60
2010.06.29 15:11:40.770,1.0783,1.0785,2.00,3.20
2010.06.29 15:11:41.256,1.07835,1.07855,1.20,4.80
2010.06.29 15:11:41.535,1.0785,1.07865,1.00,1.00
2010.06.29 15:11:42.376,1.07845,1.07865,1.00,4.00
2010.06.29 15:11:42.723,1.07845,1.07865,1.00,4.80
2010.06.29 15:11:43.389,1.07845,1.07865,1.00,5.60
2010.06.29 15:11:43.709,1.07835,1.0785,1.20,2.40
2010.06.29 15:11:44.024,1.0784,1.07855,1.00,1.60
2010.06.29 15:11:44.708,1.07835,1.0785,1.20,1.00
2010.06.29 15:11:45.054,1.0783,1.0785,1.20,4.00
2010.06.29 15:11:45.784,1.0783,1.07845,1.20,1.00
2010.06.29 15:11:46.143,1.0783,1.0785,2.80,3.20
2010.06.29 15:11:46.955,1.0783,1.0785,6.00,2.40
2010.06.29 15:11:47.670,1.0783,1.0785,6.00,3.20
2010.06.29 15:11:48.021,1.0783,1.0784,1.00,1.00
2010.06.29 15:11:48.366,1.07825,1.07845,4.40,1.60
2010.06.29 15:11:48.704,1.0783,1.07845,1.00,1.60
2010.06.29 15:11:49.280,1.0782,1.0784,6.00,1.00
2010.06.29 15:11:49.522,1.07825,1.0784,1.00,1.60
2010.06.29 15:11:50.006,1.07825,1.0784,2.00,1.00
2010.06.29 15:11:50.842,1.0783,1.07845,1.00,1.60
2010.06.29 15:11:51.118,1.0783,1.07845,3.60,1.00
2010.06.29 15:11:51.709,1.0783,1.07845,2.80,1.00
2010.06.29 15:11:51.990,1.07825,1.0784,2.80,1.00
2010.06.29 15:11:52.339,1.07825,1.0784,1.00,1.00
2010.06.29 15:11:53.031,1.07825,1.0784,1.00,2.40
2010.06.29 15:11:53.373,1.0782,1.0784,3.60,2.40
2010.06.29 15:11:54.077,1.0782,1.0784,2.80,4.80
2010.06.29 15:11:54.344,1.0782,1.0784,3.60,2.80
2010.06.29 15:11:54.605,1.0782,1.0784,2.00,1.60
2010.06.29 15:11:55.107,1.07825,1.07845,1.20,1.60
2010.06.29 15:11:55.364,1.0783,1.07845,1.00,1.60
2010.06.29 15:11:58.443,1.0782,1.0783,2.80,1.00
2010.06.29 15:11:58.716,1.0782,1.07825,1.20,1.00
2010.06.29 15:11:59.302,1.0781,1.07825,1.20,1.00
2010.06.29 15:12:00.589,1.0781,1.07825,1.00,1.60
2010.06.29 15:12:01.824,1.0781,1.07825,2.80,1.60
2010.06.29 15:12:02.604,1.0781,1.0783,5.00,1.60
2010.06.29 15:12:02.954,1.0781,1.0783,3.60,1.60
2010.06.29 15:12:03.438,1.0781,1.0783,1.20,1.60
2010.06.29 15:12:03.609,1.0781,1.0783,1.20,2.00
2010.06.29 15:12:03.780,1.07805,1.07825,7.60,1.60
2010.06.29 15:12:04.123,1.07805,1.07825,6.80,1.60
2010.06.29 15:12:04.479,1.07805,1.07825,7.60,1.60
2010.06.29 15:12:04.660,1.07805,1.07825,8.40,1.60
2010.06.29 15:12:04.839,1.0781,1.07825,1.00,1.00
2010.06.29 15:12:05.020,1.0781,1.07825,1.20,1.00
2010.06.29 15:12:06.116,1.0781,1.0782,1.20,1.00
2010.06.29 15:12:06.414,1.0781,1.07825,2.00,1.00
2010.06.29 15:12:07.153,1.0781,1.07825,1.00,2.40
2010.06.29 15:12:07.374,1.07805,1.07825,2.80,2.40
2010.06.29 15:12:07.591,1.07805,1.07825,2.00,2.40
2010.06.29 15:12:08.083,1.07805,1.0782,2.00,1.00
2010.06.29 15:12:08.682,1.07805,1.07825,2.00,2.40
2010.06.29 15:12:09.257,1.0781,1.0782,2.00,2.40
2010.06.29 15:12:09.519,1.0781,1.07825,1.60,2.80
2010.06.29 15:12:09.737,1.0781,1.0783,2.80,4.80
2010.06.29 15:12:10.260,1.0781,1.0783,2.80,5.60
2010.06.29 15:12:11.819,1.0781,1.0783,2.00,5.60
2010.06.29 15:12:12.126,1.07815,1.0783,1.00,4.80
2010.06.29 15:12:12.424,1.07815,1.0783,1.00,4.00
2010.06.29 15:12:13.144,1.0781,1.0783,2.00,2.40
2010.06.29 15:12:14.160,1.0781,1.0783,1.00,2.40
2010.06.29 15:12:14.664,1.0781,1.0783,2.00,4.80
2010.06.29 15:12:14.914,1.0781,1.07825,2.00,1.00
2010.06.29 15:12:15.379,1.0781,1.07825,1.20,1.00
2010.06.29 15:12:15.707,1.07805,1.0782,2.80,1.00
2010.06.29 15:12:16.325,1.078,1.0782,3.70,1.60
2010.06.29 15:12:16.639,1.078,1.07815,1.20,1.60
2010.06.29 15:12:17.623,1.078,1.07815,2.00,1.60
2010.06.29 15:12:17.975,1.078,1.07815,1.20,1.60
2010.06.29 15:12:18.201,1.078,1.07815,1.00,1.60
2010.06.29 15:12:18.421,1.07795,1.07815,8.90,1.60
2010.06.29 15:12:18.639,1.07795,1.07815,8.10,1.60
2010.06.29 15:12:20.517,1.07805,1.0782,2.80,1.60
2010.06.29 15:12:21.113,1.0781,1.0782,1.60,1.00
2010.06.29 15:12:21.397,1.07805,1.0782,7.00,1.00
2010.06.29 15:12:23.938,1.07805,1.0782,3.60,1.00
2010.06.29 15:12:24.201,1.078,1.0782,1.20,1.60
2010.06.29 15:12:24.581,1.078,1.0782,2.80,3.20
2010.06.29 15:12:24.810,1.078,1.0782,2.80,1.60
2010.06.29 15:12:25.037,1.07805,1.0782,1.00,1.60
2010.06.29 15:12:28.150,1.07805,1.0782,1.00,2.40
2010.06.29 15:12:30.280,1.07805,1.0782,1.00,4.00
2010.06.29 15:12:30.601,1.07795,1.07815,6.80,3.20
2010.06.29 15:12:30.920,1.07795,1.07815,7.60,1.00
2010.06.29 15:12:32.503,1.078,1.07815,4.40,1.00
2010.06.29 15:12:33.264,1.078,1.07815,1.20,1.00
2010.06.29 15:12:34.769,1.078,1.07815,2.00,1.00
2010.06.29 15:12:34.973,1.07805,1.0782,1.00,1.60
2010.06.29 15:12:35.172,1.0781,1.0782,1.00,1.60
2010.06.29 15:12:35.373,1.0781,1.0782,1.00,1.00
2010.06.29 15:12:35.876,1.0781,1.0782,1.60,1.00
2010.06.29 15:12:36.225,1.0781,1.0782,1.00,1.00
2010.06.29 15:12:42.770,1.0781,1.0782,1.60,1.00
2010.06.29 15:12:45.259,1.0781,1.0782,1.00,1.00
2010.06.29 15:12:45.977,1.0781,1.0782,1.60,1.00
2010.06.29 15:12:47.087,1.0781,1.0782,1.00,1.00
2010.06.29 15:12:49.691,1.0781,1.07825,1.00,1.60
2010.06.29 15:12:49.859,1.0781,1.07825,1.20,1.60
2010.06.29 15:12:50.706,1.0781,1.07825,1.20,2.00
2010.06.29 15:12:51.675,1.0781,1.07825,1.00,2.80
2010.06.29 15:12:51.922,1.07805,1.0782,2.00,1.00
2010.06.29 15:12:52.191,1.078,1.0781,1.00,1.00
2010.06.29 15:12:52.851,1.0779,1.07805,2.40,2.40
2010.06.29 15:12:53.194,1.0779,1.07805,4.10,1.00
2010.06.29 15:12:53.580,1.0779,1.07805,2.80,1.00
2010.06.29 15:12:53.925,1.0779,1.07805,2.00,1.00
2010.06.29 15:12:54.556,1.0779,1.07805,2.00,1.60
2010.06.29 15:12:54.908,1.0779,1.07805,2.00,1.00
2010.06.29 15:12:55.142,1.0779,1.07805,2.80,1.00
2010.06.29 15:12:56.686,1.07795,1.0781,1.00,1.60
2010.06.29 15:12:57.033,1.07795,1.07815,1.20,9.20
2010.06.29 15:12:57.384,1.07795,1.07815,1.20,7.60
2010.06.29 15:12:58.016,1.078,1.07815,1.00,3.60
2010.06.29 15:12:59.586,1.07795,1.0781,1.00,6.00
2010.06.29 15:12:59.879,1.07795,1.0781,1.00,7.60
2010.06.29 15:13:00.183,1.07795,1.0781,1.00,6.80
2010.06.29 15:13:00.801,1.07795,1.0781,1.00,8.40
2010.06.29 15:13:01.102,1.0779,1.0781,2.80,8.40
2010.06.29 15:13:02.518,1.0779,1.07805,1.20,6.00
2010.06.29 15:13:03.152,1.0779,1.07805,1.20,6.80
2010.06.29 15:13:03.644,1.0779,1.07805,1.20,6.40
2010.06.29 15:13:03.996,1.0779,1.078,1.00,1.60
2010.06.29 15:13:04.651,1.07785,1.078,2.00,1.00
2010.06.29 15:13:04.914,1.07785,1.078,2.00,2.40
2010.06.29 15:13:05.173,1.07785,1.078,1.60,6.40
2010.06.29 15:13:05.435,1.0778,1.07785,1.00,2.80
2010.06.29 15:13:06.104,1.0777,1.07785,1.00,2.00
2010.06.29 15:13:06.451,1.0777,1.07785,1.00,1.60
2010.06.29 15:13:06.817,1.0777,1.07785,1.00,1.00
2010.06.29 15:13:07.164,1.0777,1.0779,2.80,5.20
2010.06.29 15:13:07.517,1.07775,1.0779,1.00,1.00
2010.06.29 15:13:08.201,1.07775,1.0779,1.00,1.60
2010.06.29 15:13:08.880,1.07775,1.0779,1.00,1.00
2010.06.29 15:13:09.468,1.07785,1.07795,1.00,3.20
2010.06.29 15:13:10.033,1.078,1.0781,1.00,1.60
2010.06.29 15:13:10.297,1.078,1.0782,7.60,3.20
2010.06.29 15:13:10.898,1.078,1.0782,2.80,6.00
2010.06.29 15:13:11.172,1.078,1.07815,1.00,1.00
2010.06.29 15:13:14.324,1.078,1.0782,5.20,3.20
2010.06.29 15:13:14.538,1.078,1.0782,5.20,2.40
2010.06.29 15:13:15.267,1.078,1.0782,4.40,4.00
2010.06.29 15:13:15.477,1.078,1.07815,1.00,1.00
2010.06.29 15:13:16.098,1.07795,1.07815,5.20,1.00
2010.06.29 15:13:16.448,1.078,1.07815,1.00,1.20
2010.06.29 15:13:19.262,1.07795,1.0781,1.00,1.00
2010.06.29 15:13:19.470,1.0779,1.0781,4.80,1.00
2010.06.29 15:13:20.125,1.0779,1.0781,4.40,1.60
2010.06.29 15:13:22.109,1.07795,1.0781,1.00,1.60
2010.06.29 15:13:22.310,1.07795,1.07815,1.20,1.60
2010.06.29 15:13:22.510,1.078,1.07815,1.00,1.60
2010.06.29 15:13:23.180,1.078,1.07815,1.00,1.00
2010.06.29 15:13:26.305,1.07805,1.0782,1.00,1.60
2010.06.29 15:13:26.417,1.0781,1.0783,1.20,2.40
2010.06.29 15:13:26.531,1.0781,1.0783,1.00,1.60
2010.06.29 15:13:26.748,1.0781,1.0783,1.00,2.40
2010.06.29 15:13:27.131,1.0781,1.0783,2.00,2.40
2010.06.29 15:13:27.245,1.0781,1.0783,2.80,1.60
2010.06.29 15:13:27.352,1.0781,1.0783,1.20,1.60
2010.06.29 15:13:27.694,1.0781,1.0783,1.20,2.40
2010.06.29 15:13:28.040,1.0781,1.0783,2.00,1.60
2010.06.29 15:13:28.851,1.0781,1.0783,1.20,4.80
2010.06.29 15:13:29.089,1.0781,1.0783,1.20,4.00
2010.06.29 15:13:29.786,1.078,1.07815,1.60,1.00
2010.06.29 15:13:30.299,1.078,1.07815,1.00,1.00
2010.06.29 15:13:30.565,1.078,1.07815,1.20,1.00
2010.06.29 15:13:31.241,1.078,1.0782,2.00,3.60
2010.06.29 15:13:31.591,1.078,1.07815,1.00,1.00
2010.06.29 15:13:33.892,1.078,1.07815,1.20,1.00
2010.06.29 15:13:34.368,1.078,1.07815,1.00,1.00
2010.06.29 15:13:35.106,1.078,1.07815,2.80,1.00
2010.06.29 15:13:35.208,1.07805,1.0782,1.00,1.60
2010.06.29 15:13:35.808,1.07805,1.0782,1.20,1.00
2010.06.29 15:13:38.628,1.078,1.07815,1.00,1.00
2010.06.29 15:13:38.992,1.0779,1.07805,2.00,2.40
2010.06.29 15:13:39.182,1.0779,1.0781,2.00,6.80
2010.06.29 15:13:39.663,1.0779,1.0781,2.00,5.20
2010.06.29 15:13:39.854,1.0779,1.0781,2.00,6.00
2010.06.29 15:13:40.039,1.0779,1.0781,2.00,3.60
2010.06.29 15:13:40.386,1.0779,1.07805,2.00,2.40
2010.06.29 15:13:40.874,1.0779,1.07805,2.00,1.60
2010.06.29 15:13:41.224,1.0779,1.07805,2.00,2.40
2010.06.29 15:13:41.523,1.0779,1.07805,1.20,1.60
2010.06.29 15:13:41.825,1.0779,1.07805,6.80,1.60
2010.06.29 15:13:42.245,1.0779,1.07805,2.80,1.60
2010.06.29 15:13:42.599,1.0779,1.07805,2.00,1.60
2010.06.29 15:13:44.829,1.0779,1.07805,4.40,1.60
2010.06.29 15:13:45.112,1.0779,1.07805,3.60,1.00
2010.06.29 15:13:45.398,1.07795,1.0781,3.20,2.80
2010.06.29 15:13:45.882,1.078,1.0781,4.40,1.00
2010.06.29 15:13:46.169,1.078,1.0782,2.80,1.00
2010.06.29 15:13:46.790,1.078,1.0782,2.00,1.20
2010.06.29 15:13:47.133,1.078,1.07815,1.20,1.00
2010.06.29 15:13:47.488,1.07795,1.07815,1.20,2.40
2010.06.29 15:13:47.724,1.07795,1.07815,1.20,4.80
2010.06.29 15:13:48.270,1.07795,1.07815,1.20,7.20
2010.06.29 15:13:48.507,1.0779,1.0781,2.00,2.00
2010.06.29 15:13:49.170,1.0779,1.07805,2.80,1.00
2010.06.29 15:13:49.510,1.0779,1.07805,2.00,1.00
2010.06.29 15:13:50.329,1.0779,1.07805,2.80,1.00
2010.06.29 15:13:52.245,1.0779,1.07805,2.00,1.00
2010.06.29 15:13:52.556,1.0779,1.07805,2.80,1.00
2010.06.29 15:13:52.871,1.0779,1.0781,2.80,2.80
2010.06.29 15:13:53.814,1.07795,1.0781,1.00,1.60
2010.06.29 15:13:54.621,1.07795,1.0781,1.00,2.80
2010.06.29 15:13:55.204,1.0779,1.0781,2.80,3.20
2010.06.29 15:13:55.454,1.0779,1.0781,2.80,2.40
2010.06.29 15:13:55.699,1.0779,1.0781,2.80,1.60
2010.06.29 15:13:56.280,1.0779,1.0781,2.80,6.40
2010.06.29 15:13:56.522,1.07795,1.0781,1.00,2.40
2010.06.29 15:13:56.752,1.07795,1.0781,1.00,1.60
2010.06.29 15:13:58.630,1.07795,1.0781,1.00,3.20
2010.06.29 15:14:00.953,1.07795,1.0781,1.00,2.40
2010.06.29 15:14:01.168,1.07795,1.0781,1.20,2.40
2010.06.29 15:14:01.830,1.07795,1.0781,1.00,2.40
2010.06.29 15:14:03.282,1.0779,1.0781,2.80,2.40
2010.06.29 15:14:03.569,1.07795,1.07815,1.00,7.20
2010.06.29 15:14:03.859,1.07795,1.07815,1.20,2.40
2010.06.29 15:14:04.364,1.078,1.07815,1.00,1.00
2010.06.29 15:14:04.882,1.078,1.07815,1.20,1.00
2010.06.29 15:14:06.314,1.07805,1.0782,1.00,1.00
2010.06.29 15:14:06.861,1.07805,1.0782,1.20,1.00
2010.06.29 15:14:07.069,1.07805,1.07825,5.20,6.40
2010.06.29 15:14:07.274,1.07805,1.07825,5.20,2.40
2010.06.29 15:14:07.628,1.0781,1.07825,1.00,1.60
2010.06.29 15:14:07.976,1.0781,1.07825,1.20,1.60
2010.06.29 15:14:08.324,1.0781,1.07825,1.20,2.40
2010.06.29 15:14:09.035,1.0781,1.07825,1.00,2.40
2010.06.29 15:14:09.550,1.07805,1.07825,5.20,2.40
2010.06.29 15:14:09.722,1.0781,1.07825,1.00,2.40
2010.06.29 15:14:12.269,1.0781,1.07825,1.60,1.60
2010.06.29 15:14:12.638,1.0781,1.07825,2.00,1.60
2010.06.29 15:14:14.576,1.07815,1.0783,1.00,4.00
2010.06.29 15:14:14.838,1.0782,1.0783,1.00,1.00
2010.06.29 15:14:15.452,1.0782,1.0784,2.80,5.60
2010.06.29 15:14:15.758,1.07825,1.0784,1.00,5.60
2010.06.29 15:14:16.406,1.07825,1.0784,1.20,1.00
2010.06.29 15:14:17.109,1.0783,1.07845,2.00,1.00
2010.06.29 15:14:17.458,1.0783,1.07845,2.80,1.00
2010.06.29 15:14:18.924,1.0783,1.07845,1.00,2.40
2010.06.29 15:14:19.276,1.07825,1.07845,2.00,1.60
2010.06.29 15:14:19.968,1.07825,1.07835,2.00,1.00
2010.06.29 15:14:20.317,1.0782,1.07835,2.80,1.40
2010.06.29 15:14:20.543,1.0782,1.07835,2.00,1.40
2010.06.29 15:14:22.290,1.0782,1.0784,5.20,3.20
2010.06.29 15:14:22.628,1.07825,1.0784,3.60,1.60
2010.06.29 15:14:23.278,1.0783,1.0784,1.00,1.60
2010.06.29 15:14:23.613,1.0783,1.0784,1.20,1.60
2010.06.29 15:14:25.299,1.0783,1.0784,1.00,1.60
2010.06.29 15:14:26.203,1.07825,1.0784,1.20,1.60
2010.06.29 15:14:26.810,1.0783,1.07845,1.00,1.60
2010.06.29 15:14:27.168,1.0783,1.07845,1.00,1.00
2010.06.29 15:14:27.436,1.0783,1.07845,1.20,1.00
2010.06.29 15:14:27.697,1.0783,1.07845,1.60,4.00
2010.06.29 15:14:28.045,1.07825,1.07845,1.20,1.60
2010.06.29 15:14:28.708,1.07825,1.07845,2.00,1.60
2010.06.29 15:14:28.986,1.07825,1.07845,1.20,3.20
2010.06.29 15:14:29.257,1.07825,1.0784,1.00,4.00
2010.06.29 15:14:30.092,1.0782,1.0784,2.80,4.80
2010.06.29 15:14:31.028,1.0782,1.0784,2.80,4.00
2010.06.29 15:14:33.661,1.07825,1.0784,1.00,1.00
2010.06.29 15:14:34.001,1.07825,1.0784,2.80,1.00
2010.06.29 15:14:34.340,1.07825,1.0784,1.20,1.00
2010.06.29 15:14:36.964,1.0782,1.0784,3.60,4.80
2010.06.29 15:14:37.141,1.0782,1.07835,2.00,1.00
2010.06.29 15:14:37.646,1.0782,1.07835,4.40,1.00
2010.06.29 15:14:37.998,1.0782,1.0784,4.40,3.20
2010.06.29 15:14:39.282,1.07825,1.0784,1.20,2.40
2010.06.29 15:14:40.843,1.07825,1.07835,1.20,1.00
2010.06.29 15:14:41.945,1.0782,1.0784,1.20,4.00
2010.06.29 15:14:42.159,1.0782,1.07835,1.00,4.00
2010.06.29 15:14:42.379,1.07815,1.07835,1.20,4.80
2010.06.29 15:14:42.964,1.07815,1.0783,2.80,1.00
2010.06.29 15:14:43.312,1.07815,1.07835,5.20,2.40
2010.06.29 15:14:43.649,1.0782,1.07835,1.00,1.60
2010.06.29 15:14:44.349,1.0782,1.07835,1.00,1.00
2010.06.29 15:14:44.924,1.07815,1.07835,5.20,1.00
2010.06.29 15:14:46.167,1.07815,1.07835,2.80,4.00
2010.06.29 15:14:46.509,1.07815,1.0783,1.00,1.60
2010.06.29 15:14:46.854,1.07815,1.0783,1.00,4.80
2010.06.29 15:14:47.196,1.0781,1.0783,1.20,8.00
2010.06.29 15:14:47.654,1.07805,1.07825,2.00,6.40
2010.06.29 15:14:48.011,1.07805,1.0782,1.20,1.00
2010.06.29 15:14:50.540,1.07805,1.0782,4.40,1.00
2010.06.29 15:14:51.588,1.07805,1.0782,4.00,1.00
2010.06.29 15:14:51.718,1.07805,1.0782,2.40,1.00
2010.06.29 15:14:57.570,1.07805,1.0782,2.40,1.60
2010.06.29 15:14:58.011,1.07805,1.0782,2.40,1.00
2010.06.29 15:14:58.256,1.07805,1.0782,2.80,1.00
2010.06.29 15:14:59.641,1.0781,1.07825,2.80,3.20
2010.06.29 15:15:00.202,1.0781,1.07825,5.10,2.40
2010.06.29 15:15:00.456,1.07815,1.0783,1.20,1.00
2010.06.29 15:15:03.868,1.0782,1.0783,2.40,1.00
2010.06.29 15:15:03.972,1.07815,1.0783,3.20,1.00
2010.06.29 15:15:04.069,1.07815,1.0783,1.60,1.00
2010.06.29 15:15:04.468,1.07815,1.0783,1.20,1.00
2010.06.29 15:15:05.210,1.07815,1.0783,1.20,1.60
2010.06.29 15:15:05.789,1.07815,1.0783,1.20,1.00
2010.06.29 15:15:05.989,1.07815,1.0783,1.20,1.60
2010.06.29 15:15:06.602,1.07815,1.0783,1.20,1.00
2010.06.29 15:15:07.601,1.07815,1.0783,1.00,1.00
2010.06.29 15:15:15.686,1.0781,1.0783,5.10,6.40
2010.06.29 15:15:15.956,1.0781,1.07825,1.20,1.60
2010.06.29 15:15:16.284,1.0781,1.0782,1.00,1.00
2010.06.29 15:15:16.563,1.0781,1.07825,1.00,3.20
2010.06.29 15:15:18.151,1.0781,1.07825,1.00,1.00
2010.06.29 15:15:19.641,1.0781,1.07825,1.20,1.00
2010.06.29 15:15:20.259,1.0781,1.07825,2.80,1.00
2010.06.29 15:15:20.498,1.0781,1.0782,1.00,1.00
2010.06.29 15:15:20.728,1.0781,1.07825,1.00,1.60
2010.06.29 15:15:21.276,1.0781,1.07825,1.00,5.60
2010.06.29 15:15:21.604,1.0781,1.07825,1.00,1.60
2010.06.29 15:15:22.947,1.0781,1.07825,1.20,1.00
2010.06.29 15:15:23.296,1.0781,1.07825,1.00,5.60
2010.06.29 15:15:23.553,1.0781,1.0782,1.00,1.00
2010.06.29 15:15:25.395,1.07795,1.07815,6.40,3.20
2010.06.29 15:15:26.020,1.0779,1.07805,1.00,1.60
2010.06.29 15:15:26.310,1.07775,1.0779,4.60,1.60
2010.06.29 15:15:26.917,1.07775,1.0779,2.60,1.00
2010.06.29 15:15:27.277,1.0778,1.07795,1.00,5.60
2010.06.29 15:15:27.653,1.0778,1.07795,1.20,3.20
2010.06.29 15:15:28.007,1.0778,1.078,1.20,4.80
2010.06.29 15:15:28.661,1.0778,1.07795,1.20,4.00
2010.06.29 15:15:32.786,1.07775,1.07795,1.20,5.60
2010.06.29 15:15:32.962,1.07775,1.07795,1.20,6.40
2010.06.29 15:15:33.142,1.07775,1.07795,1.00,6.40
2010.06.29 15:15:34.254,1.07775,1.0779,1.00,1.00
2010.06.29 15:15:35.165,1.07775,1.0779,1.00,1.60
2010.06.29 15:15:35.420,1.07775,1.0779,1.00,2.40
2010.06.29 15:15:35.674,1.07775,1.0779,1.00,4.80
2010.06.29 15:15:36.514,1.0777,1.07785,1.00,5.60
2010.06.29 15:15:37.115,1.0777,1.07785,1.00,6.40
2010.06.29 15:15:37.770,1.0777,1.0779,7.20,2.40
2010.06.29 15:15:38.037,1.0778,1.07795,1.00,6.40
2010.06.29 15:15:38.303,1.0778,1.07795,1.60,4.00
2010.06.29 15:15:39.419,1.0778,1.07795,1.00,6.40
2010.06.29 15:15:39.762,1.07775,1.07795,1.20,6.40
2010.06.29 15:15:41.332,1.07775,1.0779,1.00,1.60
2010.06.29 15:15:41.667,1.0777,1.0779,1.20,8.80
2010.06.29 15:15:41.995,1.0777,1.07785,1.00,3.20
2010.06.29 15:15:42.646,1.0777,1.07785,1.00,2.40
2010.06.29 15:15:43.003,1.0777,1.0779,1.20,1.60
2010.06.29 15:15:43.357,1.07775,1.0779,1.00,2.40
2010.06.29 15:15:43.954,1.07775,1.0779,1.00,1.60
2010.06.29 15:15:44.238,1.07775,1.0779,1.00,2.40
2010.06.29 15:15:44.522,1.07775,1.0779,1.00,3.20
2010.06.29 15:15:44.783,1.0777,1.07785,1.20,1.00
2010.06.29 15:15:48.428,1.0777,1.0778,1.00,2.40
2010.06.29 15:15:48.584,1.07765,1.0778,3.20,3.20
2010.06.29 15:15:49.052,1.07765,1.07775,1.20,1.00
2010.06.29 15:15:49.202,1.07755,1.0777,1.20,5.60
2010.06.29 15:15:49.860,1.0774,1.07755,6.80,1.60
2010.06.29 15:15:50.201,1.0774,1.07755,1.00,1.60
2010.06.29 15:15:50.541,1.0774,1.07755,1.00,1.00
2010.06.29 15:15:51.561,1.0774,1.07755,1.00,3.20
2010.06.29 15:15:51.904,1.07745,1.0776,1.00,12.00
2010.06.29 15:15:52.279,1.07745,1.0776,1.00,9.60
2010.06.29 15:15:52.910,1.07745,1.0776,1.00,8.40
2010.06.29 15:15:53.207,1.07745,1.0776,1.00,2.40
2010.06.29 15:15:53.821,1.07745,1.0776,5.60,1.00
2010.06.29 15:15:54.179,1.07745,1.07765,1.20,1.60
2010.06.29 15:15:54.868,1.07745,1.0776,1.20,1.00
2010.06.29 15:15:55.454,1.07745,1.07765,1.20,1.60
2010.06.29 15:15:55.783,1.07745,1.0776,1.00,2.40
2010.06.29 15:15:56.839,1.07745,1.0776,1.20,1.60
2010.06.29 15:15:57.185,1.07745,1.07765,1.20,6.00
2010.06.29 15:15:57.876,1.07745,1.07765,1.20,2.00
2010.06.29 15:15:58.892,1.07745,1.07765,4.40,1.60
2010.06.29 15:15:59.200,1.07745,1.07765,2.00,1.60
2010.06.29 15:15:59.792,1.07755,1.0777,1.00,7.60
2010.06.29 15:16:00.092,1.0776,1.07775,1.00,6.00
2010.06.29 15:16:01.051,1.0776,1.07775,1.00,2.80
2010.06.29 15:16:02.526,1.07755,1.0777,2.40,1.20
2010.06.29 15:16:03.176,1.07755,1.07775,1.20,2.80
2010.06.29 15:16:05.169,1.07755,1.07775,2.80,2.00
2010.06.29 15:16:05.725,1.0776,1.07775,1.20,1.00
2010.06.29 15:16:06.009,1.0776,1.0778,2.80,3.60
2010.06.29 15:16:06.938,1.0776,1.0778,2.00,1.60
2010.06.29 15:16:08.257,1.0776,1.0778,2.00,1.00
2010.06.29 15:16:08.952,1.0776,1.0778,1.20,1.60
2010.06.29 15:16:09.671,1.0776,1.0778,1.20,1.00
2010.06.29 15:16:10.008,1.0776,1.07785,2.00,7.20
2010.06.29 15:16:10.355,1.0777,1.07785,1.00,4.80
2010.06.29 15:16:10.558,1.0777,1.07785,1.20,1.00
2010.06.29 15:16:10.886,1.0777,1.07785,2.00,1.00
2010.06.29 15:16:11.094,1.0777,1.07785,1.20,1.60
2010.06.29 15:16:12.481,1.0777,1.07785,1.00,1.60
2010.06.29 15:16:13.117,1.0777,1.0778,1.00,1.00
2010.06.29 15:16:13.429,1.0776,1.07775,2.00,1.00
2010.06.29 15:16:13.752,1.0776,1.07775,1.00,6.00
2010.06.29 15:16:14.103,1.0776,1.0777,1.00,1.00
2010.06.29 15:16:14.438,1.07755,1.07775,2.80,1.00
2010.06.29 15:16:14.784,1.0776,1.07775,1.00,1.00
2010.06.29 15:16:15.136,1.07755,1.07775,1.00,7.60
2010.06.29 15:16:15.481,1.07755,1.0777,1.00,1.60
2010.06.29 15:16:16.560,1.0775,1.07765,1.00,1.00
2010.06.29 15:16:16.883,1.0775,1.07765,1.00,1.20
2010.06.29 15:16:17.158,1.07745,1.07765,5.20,1.60
2010.06.29 15:16:17.748,1.07745,1.07765,1.20,5.20
2010.06.29 15:16:18.459,1.07745,1.07765,1.20,3.60
2010.06.29 15:16:18.807,1.07745,1.07765,5.20,1.60
2010.06.29 15:16:19.164,1.0775,1.07765,1.00,6.00
2010.06.29 15:16:19.860,1.0775,1.07765,1.00,2.80
2010.06.29 15:16:20.395,1.07745,1.07765,1.20,2.00
2010.06.29 15:16:20.685,1.0774,1.07755,3.60,1.00
2010.06.29 15:16:21.304,1.0773,1.07745,5.60,1.00
2010.06.29 15:16:21.578,1.0773,1.07745,1.00,1.60
2010.06.29 15:16:22.245,1.0773,1.0775,3.60,1.20
2010.06.29 15:16:22.606,1.07735,1.0775,1.20,1.00
2010.06.29 15:16:24.284,1.0774,1.07755,1.00,1.60
2010.06.29 15:16:24.894,1.07735,1.07755,1.20,1.60
2010.06.29 15:16:25.151,1.07735,1.07755,1.20,2.40
2010.06.29 15:16:25.406,1.07735,1.0775,1.00,2.40
2010.06.29 15:16:27.378,1.07735,1.0775,1.00,1.60
2010.06.29 15:16:27.667,1.07735,1.0775,1.20,1.00
2010.06.29 15:16:28.389,1.0774,1.07755,2.00,1.00
2010.06.29 15:16:29.338,1.0774,1.0776,2.00,4.80
2010.06.29 15:16:29.687,1.07745,1.0776,4.00,1.60
2010.06.29 15:16:30.369,1.07745,1.0776,2.40,1.60
2010.06.29 15:16:30.643,1.0774,1.0776,3.60,1.60
2010.06.29 15:16:34.980,1.0774,1.0776,1.20,1.60
2010.06.29 15:16:35.608,1.0774,1.07755,1.00,1.00
2010.06.29 15:16:35.853,1.07735,1.0775,1.00,1.60
2010.06.29 15:16:36.486,1.07735,1.0775,1.00,2.40
2010.06.29 15:16:36.737,1.0773,1.0775,4.40,3.20
2010.06.29 15:16:37.086,1.0773,1.0775,8.40,3.20
2010.06.29 15:16:37.436,1.07735,1.0775,1.00,1.00
2010.06.29 15:16:37.785,1.07735,1.07755,1.00,5.60
2010.06.29 15:16:38.133,1.07735,1.07755,1.00,6.40
2010.06.29 15:16:38.483,1.07735,1.0775,1.00,1.00
2010.06.29 15:16:39.160,1.0774,1.07755,2.00,4.00
2010.06.29 15:16:39.502,1.0774,1.07755,3.60,1.00
2010.06.29 15:16:39.840,1.0774,1.07755,5.20,1.00
2010.06.29 15:16:40.312,1.07745,1.0776,1.00,2.40
2010.06.29 15:16:40.591,1.0775,1.07765,1.20,1.60
2010.06.29 15:16:41.207,1.0774,1.07755,1.20,1.00
2010.06.29 15:16:41.555,1.0774,1.07755,1.00,4.00
2010.06.29 15:16:42.296,1.0774,1.07755,2.00,1.00
2010.06.29 15:16:42.966,1.0774,1.07755,1.20,1.00
2010.06.29 15:16:43.316,1.0774,1.07755,1.00,1.00
2010.06.29 15:16:43.664,1.0774,1.07755,1.00,1.60
2010.06.29 15:16:46.725,1.0774,1.07755,1.00,4.80
2010.06.29 15:16:47.529,1.0774,1.07755,1.00,2.40
2010.06.29 15:16:47.765,1.0773,1.0775,3.60,1.60
2010.06.29 15:16:48.111,1.07735,1.0775,1.00,2.40
2010.06.29 15:16:48.771,1.0773,1.0775,1.20,2.40
2010.06.29 15:16:50.042,1.0773,1.0775,1.60,2.30
2010.06.29 15:16:51.178,1.0773,1.0775,1.60,4.70
2010.06.29 15:16:51.891,1.0773,1.0775,1.60,6.30
2010.06.29 15:16:52.067,1.0773,1.07745,1.60,1.00
2010.06.29 15:16:52.249,1.0773,1.0775,1.60,3.90
2010.06.29 15:16:52.517,1.0773,1.0775,1.60,2.30
2010.06.29 15:16:53.410,1.0773,1.0775,2.40,3.10
2010.06.29 15:16:53.752,1.0773,1.0775,2.40,4.70
2010.06.29 15:16:54.339,1.07725,1.07745,2.80,2.30
2010.06.29 15:16:55.268,1.07725,1.0774,2.00,1.00
2010.06.29 15:16:55.735,1.07725,1.0774,1.20,5.50
2010.06.29 15:16:56.071,1.07725,1.0774,1.20,7.90
2010.06.29 15:16:56.310,1.0772,1.07735,2.00,1.50
2010.06.29 15:16:56.653,1.0772,1.07735,3.20,1.00
2010.06.29 15:16:57.619,1.0772,1.07735,2.80,1.00
2010.06.29 15:16:58.469,1.0772,1.0774,2.80,1.50
2010.06.29 15:16:58.823,1.0772,1.0774,1.60,1.50
2010.06.29 15:16:59.171,1.0772,1.0774,1.60,2.30
2010.06.29 15:17:00.137,1.0772,1.0773,1.00,1.00
2010.06.29 15:17:01.355,1.0772,1.0773,1.20,1.00
2010.06.29 15:17:01.700,1.0772,1.0773,1.00,1.00
2010.06.29 15:17:02.284,1.07715,1.07735,8.40,1.50
2010.06.29 15:17:03.283,1.07725,1.07735,1.00,1.00
2010.06.29 15:17:03.637,1.0773,1.07745,1.00,1.50
2010.06.29 15:17:04.260,1.0773,1.0775,4.00,1.50
2010.06.29 15:17:04.533,1.0773,1.0775,1.60,1.50
2010.06.29 15:17:06.395,1.07735,1.07755,2.40,1.50
2010.06.29 15:17:06.934,1.07735,1.07755,1.60,1.00
2010.06.29 15:17:07.235,1.07735,1.07755,1.60,5.50
2010.06.29 15:17:07.867,1.0774,1.07755,1.60,4.70
2010.06.29 15:17:08.173,1.0774,1.0776,3.20,4.70
2010.06.29 15:17:08.543,1.0774,1.07755,1.00,1.50
2010.06.29 15:17:08.895,1.07735,1.0775,1.60,1.50
2010.06.29 15:17:10.592,1.07735,1.0775,1.60,2.30
2010.06.29 15:17:14.371,1.0773,1.0775,2.40,3.50
2010.06.29 15:17:14.625,1.0773,1.0775,2.40,3.10
2010.06.29 15:17:15.298,1.0773,1.0775,1.60,3.90
2010.06.29 15:17:15.487,1.0773,1.0774,1.00,1.00
2010.06.29 15:17:16.623,1.07725,1.0774,2.40,1.00
2010.06.29 15:17:17.217,1.07725,1.0774,1.60,1.00
2010.06.29 15:17:17.701,1.07725,1.07745,3.20,3.90
2010.06.29 15:17:17.973,1.07725,1.0774,1.60,1.60
2010.06.29 15:17:18.557,1.07725,1.07745,1.60,3.10
2010.06.29 15:17:18.823,1.07725,1.07745,1.60,2.30
2010.06.29 15:17:19.827,1.07725,1.07745,1.60,6.30
2010.06.29 15:17:20.045,1.07725,1.0774,1.60,1.00
2010.06.29 15:17:20.821,1.07725,1.07745,1.60,7.90
2010.06.29 15:17:21.159,1.07725,1.0774,1.60,1.00
2010.06.29 15:17:22.670,1.07725,1.07745,1.60,7.90
2010.06.29 15:17:23.304,1.07725,1.07745,3.80,6.30
2010.06.29 15:17:23.605,1.07725,1.0774,4.00,1.00
2010.06.29 15:17:25.668,1.0772,1.07735,1.60,1.60
2010.06.29 15:17:25.892,1.0772,1.0773,1.60,1.00
2010.06.29 15:17:26.408,1.0772,1.07735,1.60,2.30
2010.06.29 15:17:26.761,1.0772,1.07735,1.00,2.30
2010.06.29 15:17:27.106,1.0772,1.0774,1.60,1.50
2010.06.29 15:17:27.641,1.07725,1.0774,2.60,1.00
2010.06.29 15:17:27.967,1.0773,1.07745,1.00,2.30
2010.06.29 15:17:28.285,1.0773,1.07745,1.00,1.00
2010.06.29 15:17:30.286,1.0773,1.07745,1.00,5.50
2010.06.29 15:17:30.471,1.07725,1.0774,1.00,2.30
2010.06.29 15:17:30.968,1.07725,1.0774,1.00,3.10
2010.06.29 15:17:32.773,1.0772,1.0774,1.60,3.10
2010.06.29 15:17:34.682,1.0772,1.0774,1.00,3.10
2010.06.29 15:17:35.249,1.0772,1.0773,1.00,1.00
2010.06.29 15:17:35.508,1.0772,1.07735,1.20,3.90
2010.06.29 15:17:36.057,1.0772,1.0773,2.80,1.00
2010.06.29 15:17:36.309,1.0772,1.0774,2.80,3.10
2010.06.29 15:17:36.658,1.0772,1.0774,3.60,3.10
2010.06.29 15:17:37.323,1.0772,1.0774,4.40,2.30
2010.06.29 15:17:37.630,1.0772,1.0774,5.60,1.50
2010.06.29 15:17:37.935,1.0772,1.0774,4.40,1.00
2010.06.29 15:17:38.434,1.07725,1.0774,1.60,1.00
2010.06.29 15:17:38.675,1.07725,1.0774,1.60,1.50
2010.06.29 15:17:41.850,1.07725,1.0774,1.60,2.30
2010.06.29 15:17:42.082,1.07725,1.0774,1.60,1.00
2010.06.29 15:17:42.284,1.07725,1.0774,1.60,1.50
2010.06.29 15:17:44.735,1.0772,1.0774,4.00,1.50
2010.06.29 15:17:44.991,1.0772,1.0774,2.80,3.10
2010.06.29 15:17:45.551,1.0772,1.0774,1.60,3.10
2010.06.29 15:17:47.604,1.0772,1.07735,1.60,1.00
2010.06.29 15:17:47.873,1.0772,1.07735,1.60,1.60
2010.06.29 15:17:48.739,1.0772,1.07735,1.60,1.00
2010.06.29 15:17:49.080,1.0772,1.0774,1.60,2.30
2010.06.29 15:17:49.832,1.0772,1.0774,2.80,3.10
2010.06.29 15:17:50.060,1.07725,1.0774,1.20,2.30
2010.06.29 15:17:50.615,1.07725,1.0774,1.60,1.00
2010.06.29 15:17:51.321,1.07725,1.0774,3.20,1.00
2010.06.29 15:17:51.587,1.07725,1.0774,1.60,1.00
2010.06.29 15:17:52.588,1.07725,1.07745,1.60,3.10
2010.06.29 15:17:52.824,1.07725,1.07745,3.20,3.10
2010.06.29 15:17:53.061,1.07725,1.07745,4.40,3.10
2010.06.29 15:17:53.529,1.07725,1.0774,4.40,1.00
2010.06.29 15:17:54.069,1.07725,1.0774,3.20,1.60
2010.06.29 15:17:54.418,1.07725,1.0774,3.20,2.30
2010.06.29 15:17:55.547,1.07725,1.07735,1.60,1.60
2010.06.29 15:17:57.370,1.0772,1.0773,4.80,1.00
2010.06.29 15:17:57.518,1.0772,1.0773,2.80,1.00
2010.06.29 15:17:58.673,1.0772,1.0773,2.00,1.00
2010.06.29 15:17:59.110,1.0772,1.0773,1.20,1.00
2010.06.29 15:18:01.399,1.0772,1.0773,2.00,1.00
2010.06.29 15:18:01.624,1.0772,1.07735,2.00,1.00
2010.06.29 15:18:02.194,1.07725,1.0774,1.00,3.90
2010.06.29 15:18:02.434,1.07725,1.0774,1.00,3.10
2010.06.29 15:18:03.329,1.0772,1.0774,2.80,3.90
2010.06.29 15:18:03.677,1.0772,1.07735,2.80,1.00
2010.06.29 15:18:04.179,1.0772,1.07735,1.60,2.30
2010.06.29 15:18:04.466,1.07705,1.07715,2.40,1.60
2010.06.29 15:18:05.062,1.07695,1.0771,5.60,1.60
2010.06.29 15:18:05.402,1.07695,1.0771,5.60,1.50
2010.06.29 15:18:05.791,1.07695,1.0771,5.60,1.00
2010.06.29 15:18:06.142,1.07695,1.0771,6.40,1.50
2010.06.29 15:18:06.492,1.077,1.07715,2.40,1.50
2010.06.29 15:18:06.853,1.077,1.07715,1.60,1.00
2010.06.29 15:18:07.557,1.0771,1.07725,1.00,1.60
2010.06.29 15:18:07.924,1.0771,1.07725,1.60,1.00
2010.06.29 15:18:08.278,1.0771,1.0773,4.00,1.00
2010.06.29 15:18:08.925,1.0771,1.0773,1.60,1.00
2010.06.29 15:18:09.275,1.0771,1.0773,1.60,1.50
2010.06.29 15:18:09.621,1.0771,1.0773,4.00,1.50
2010.06.29 15:18:13.168,1.0771,1.0773,1.60,2.30
2010.06.29 15:18:13.739,1.0771,1.07725,1.00,1.00
2010.06.29 15:18:14.291,1.0771,1.07725,1.00,2.30
2010.06.29 15:18:15.150,1.0771,1.07725,1.60,1.00
2010.06.29 15:18:15.974,1.0771,1.07725,1.60,1.50
2010.06.29 15:18:16.222,1.0771,1.07725,1.60,2.30
2010.06.29 15:18:16.799,1.0771,1.07725,1.00,2.30
2010.06.29 15:18:18.100,1.0771,1.0772,1.00,1.00
2010.06.29 15:18:19.519,1.0771,1.07725,1.00,2.30
2010.06.29 15:18:19.784,1.07715,1.07725,1.00,1.60
2010.06.29 15:18:20.057,1.07715,1.07735,1.00,5.50
2010.06.29 15:18:20.636,1.0772,1.07735,1.00,5.50
2010.06.29 15:18:21.370,1.07715,1.0773,1.00,1.50
2010.06.29 15:18:21.715,1.0771,1.0773,2.40,2.30
2010.06.29 15:18:22.729,1.0771,1.0773,2.40,3.10
2010.06.29 15:18:23.074,1.0771,1.0773,2.40,2.30
2010.06.29 15:18:23.420,1.0771,1.0773,3.20,2.30
2010.06.29 15:18:24.634,1.0771,1.0773,2.40,1.50
2010.06.29 15:18:24.753,1.07715,1.0773,1.60,1.50
2010.06.29 15:18:24.869,1.07715,1.0773,1.60,2.30
2010.06.29 15:18:25.220,1.07715,1.0773,1.00,2.30
2010.06.29 15:18:25.371,1.07705,1.0772,1.60,1.50
2010.06.29 15:18:25.798,1.07705,1.0772,1.60,1.00
2010.06.29 15:18:26.853,1.07705,1.0772,1.60,1.50
2010.06.29 15:18:28.190,1.07705,1.0772,3.20,1.50
2010.06.29 15:18:28.534,1.0771,1.0773,2.40,1.50
2010.06.29 15:18:28.881,1.07715,1.0773,1.00,1.50
2010.06.29 15:18:30.730,1.0771,1.0772,1.00,1.60
2010.06.29 15:18:30.992,1.077,1.07715,1.00,2.30
2010.06.29 15:18:31.661,1.077,1.07715,4.00,1.00
2010.06.29 15:18:31.949,1.077,1.07715,5.20,1.00
2010.06.29 15:18:32.912,1.07705,1.07715,4.00,1.00
2010.06.29 15:18:33.579,1.0771,1.07725,1.60,1.00
2010.06.29 15:18:33.827,1.07705,1.07725,6.40,1.50
2010.06.29 15:18:34.063,1.07705,1.07725,5.60,1.50
2010.06.29 15:18:34.858,1.0771,1.07725,1.60,1.00
2010.06.29 15:18:35.207,1.0771,1.07725,2.40,1.00
2010.06.29 15:18:36.492,1.0771,1.0773,4.80,3.10
2010.06.29 15:18:37.120,1.0771,1.0773,2.40,3.90
2010.06.29 15:18:37.818,1.0771,1.0773,3.20,2.30
2010.06.29 15:18:38.388,1.0771,1.0773,2.40,2.30
2010.06.29 15:18:38.690,1.07715,1.0773,1.00,1.50
2010.06.29 15:18:39.022,1.0772,1.0774,2.40,8.70
2010.06.29 15:18:39.414,1.0772,1.0774,2.40,6.70
2010.06.29 15:18:39.736,1.07725,1.0774,1.00,1.00
2010.06.29 15:18:40.405,1.07725,1.07735,1.00,1.00
2010.06.29 15:18:40.755,1.07725,1.07735,1.00,1.60
2010.06.29 15:18:41.100,1.0772,1.07735,1.60,1.60
2010.06.29 15:18:41.444,1.0772,1.0774,4.80,2.30
2010.06.29 15:18:42.006,1.07725,1.0774,3.20,1.00
2010.06.29 15:18:42.155,1.07725,1.07745,3.20,1.50
2010.06.29 15:18:43.513,1.0772,1.07735,3.20,2.40
2010.06.29 15:18:44.092,1.0771,1.0772,1.60,1.00
2010.06.29 15:18:44.382,1.07705,1.0772,3.20,1.00
2010.06.29 15:18:44.891,1.07705,1.07725,3.20,3.10
2010.06.29 15:18:45.185,1.07705,1.07725,8.00,1.50
2010.06.29 15:18:45.868,1.07705,1.07725,7.20,1.50
2010.06.29 15:18:46.209,1.07705,1.07725,8.00,1.50
2010.06.29 15:18:46.524,1.07705,1.07725,7.20,1.50
2010.06.29 15:18:47.178,1.0771,1.07725,1.00,1.50
2010.06.29 15:18:51.119,1.0771,1.07725,1.00,2.30
2010.06.29 15:18:51.229,1.07705,1.0772,1.60,1.00
2010.06.29 15:18:51.340,1.07705,1.0772,1.00,1.00
2010.06.29 15:18:51.776,1.077,1.07715,1.60,1.50
2010.06.29 15:18:52.127,1.07695,1.07715,3.20,2.30
2010.06.29 15:18:52.476,1.07695,1.07715,3.20,3.10
2010.06.29 15:18:52.826,1.07695,1.07715,5.60,1.50
2010.06.29 15:18:55.202,1.07695,1.07715,4.00,3.10
2010.06.29 15:18:55.423,1.077,1.07715,1.00,3.10
2010.06.29 15:18:55.653,1.077,1.07715,2.40,3.10
2010.06.29 15:18:56.014,1.077,1.0772,3.20,2.30
2010.06.29 15:18:56.371,1.07705,1.0772,2.40,1.00
2010.06.29 15:18:56.711,1.07705,1.0772,1.60,1.00
2010.06.29 15:18:58.032,1.07705,1.0772,2.40,1.00
2010.06.29 15:18:59.139,1.07705,1.0772,1.60,1.00
2010.06.29 15:19:01.812,1.0771,1.0773,2.40,6.20
2010.06.29 15:19:01.951,1.0771,1.0773,5.60,2.70
2010.06.29 15:19:02.406,1.07715,1.07735,1.60,3.50
2010.06.29 15:19:02.558,1.07715,1.07735,1.60,7.10
2010.06.29 15:19:03.400,1.07715,1.07735,1.60,3.10
2010.06.29 15:19:03.750,1.07715,1.0773,1.60,1.00
2010.06.29 15:19:05.759,1.07715,1.0773,1.00,3.10
2010.06.29 15:19:07.243,1.07715,1.0773,1.00,3.90
2010.06.29 15:19:08.701,1.07715,1.0773,1.00,3.10
2010.06.29 15:19:10.301,1.07715,1.0773,1.00,4.30
2010.06.29 15:19:11.128,1.07715,1.0773,1.00,1.90
2010.06.29 15:19:11.253,1.07715,1.0773,1.00,1.00
2010.06.29 15:19:11.712,1.07715,1.0773,1.00,1.50
2010.06.29 15:19:12.050,1.07715,1.0773,1.00,1.00
2010.06.29 15:19:14.900,1.07715,1.0773,1.00,1.50
2010.06.29 15:19:15.158,1.07715,1.0773,1.00,2.30
2010.06.29 15:19:16.052,1.07715,1.0773,1.00,1.50
2010.06.29 15:19:16.172,1.07715,1.0773,3.20,1.00
2010.06.29 15:19:18.890,1.07715,1.0773,4.00,1.00
2010.06.29 15:19:21.430,1.07715,1.0773,4.80,1.00
2010.06.29 15:19:21.667,1.0772,1.07735,3.20,1.00
2010.06.29 15:19:21.892,1.0772,1.07735,6.00,1.00
2010.06.29 15:19:22.209,1.0772,1.07735,6.80,1.00
2010.06.29 15:19:23.629,1.07725,1.0774,4.00,1.00
2010.06.29 15:19:25.419,1.07725,1.0774,5.60,1.00
2010.06.29 15:19:27.177,1.07725,1.0774,1.60,1.50
2010.06.29 15:19:29.309,1.07725,1.07735,1.60,1.00
2010.06.29 15:19:29.903,1.07725,1.0774,4.80,1.00
2010.06.29 15:19:30.471,1.07735,1.0775,1.00,5.00
2010.06.29 15:19:30.754,1.07735,1.0775,1.00,1.00
2010.06.29 15:19:31.448,1.07735,1.0775,1.60,1.00
2010.06.29 15:19:31.795,1.07735,1.0775,1.60,1.00
2010.06.29 15:19:32.299,1.07735,1.0775,1.00,1.00
2010.06.29 15:19:32.551,1.07735,1.0775,1.60,1.00
2010.06.29 15:19:33.189,1.07735,1.0775,1.00,1.00
2010.06.29 15:19:33.811,1.0774,1.0776,1.00,5.80
2010.06.29 15:19:34.449,1.0774,1.0776,1.60,3.80
2010.06.29 15:19:34.802,1.0774,1.0776,1.60,3.40
2010.06.29 15:19:36.416,1.0774,1.07755,1.60,1.00
2010.06.29 15:19:38.966,1.0774,1.07755,1.00,1.00
2010.06.29 15:19:40.594,1.0773,1.07745,1.00,1.00
2010.06.29 15:19:41.325,1.0773,1.07745,1.00,1.00
2010.06.29 15:19:42.763,1.07725,1.07745,8.00,1.00
2010.06.29 15:19:45.908,1.07725,1.07745,3.20,1.00
2010.06.29 15:19:46.075,1.07725,1.07735,2.40,1.00
2010.06.29 15:19:46.458,1.07725,1.07735,1.00,1.60
2010.06.29 15:19:46.651,1.0771,1.0773,7.20,2.60
2010.06.29 15:19:47.009,1.0771,1.0773,5.60,2.60
2010.06.29 15:19:47.207,1.0771,1.07725,1.60,1.10
2010.06.29 15:19:47.553,1.0771,1.07725,1.60,1.00
2010.06.29 15:19:52.093,1.0771,1.0773,2.40,5.80
2010.06.29 15:19:52.273,1.0771,1.0773,2.40,4.60
2010.06.29 15:19:52.628,1.07715,1.0773,1.00,4.40
2010.06.29 15:19:52.982,1.0772,1.0774,4.00,1.00
2010.06.29 15:19:53.326,1.07725,1.0774,1.60,1.00
2010.06.29 15:19:54.133,1.07725,1.0774,1.00,1.00
2010.06.29 15:19:54.472,1.07725,1.0774,1.60,1.00
2010.06.29 15:19:54.812,1.07725,1.07745,1.60,5.40
2010.06.29 15:19:55.379,1.07725,1.07745,1.60,5.70
2010.06.29 15:19:56.896,1.07725,1.07745,2.40,6.50
2010.06.29 15:19:57.117,1.07725,1.07745,2.40,8.90
2010.06.29 15:19:57.381,1.07725,1.07745,1.60,8.90
2010.06.29 15:19:57.639,1.07725,1.07745,2.40,8.90
2010.06.29 15:20:00.647,1.07725,1.07745,2.40,8.10
2010.06.29 15:20:01.021,1.07725,1.07745,2.40,7.30
2010.06.29 15:20:01.119,1.0774,1.07745,3.20,1.20
2010.06.29 15:20:01.214,1.0774,1.07755,3.20,1.40
2010.06.29 15:20:01.642,1.0774,1.07755,3.20,1.00
2010.06.29 15:20:02.341,1.0774,1.07755,3.20,2.60
2010.06.29 15:20:02.694,1.07735,1.0775,1.00,1.00
2010.06.29 15:20:03.368,1.0773,1.0775,1.60,1.00
2010.06.29 15:20:04.056,1.0773,1.0775,1.60,1.80
2010.06.29 15:20:04.407,1.07735,1.0775,1.00,1.00
2010.06.29 15:20:05.099,1.07735,1.0775,1.00,2.60
2010.06.29 15:20:05.358,1.0774,1.0775,1.60,1.00
2010.06.29 15:20:05.939,1.0774,1.0776,1.60,1.00
2010.06.29 15:20:06.256,1.0774,1.0776,1.60,3.30
2010.06.29 15:20:07.181,1.0774,1.0776,4.80,1.00
2010.06.29 15:20:07.427,1.0775,1.07765,1.00,1.00
2010.06.29 15:20:08.506,1.07745,1.07765,1.60,1.80
2010.06.29 15:20:09.167,1.07745,1.07765,1.00,1.80
2010.06.29 15:20:09.518,1.0774,1.0776,1.60,1.00
2010.06.29 15:20:09.866,1.0774,1.07755,1.60,1.00
2010.06.29 15:20:10.538,1.0773,1.07745,1.00,1.00
2010.06.29 15:20:10.984,1.0773,1.07745,1.00,1.00
2010.06.29 15:20:12.625,1.07725,1.07745,4.00,3.40
2010.06.29 15:20:14.047,1.0773,1.0775,6.40,1.00
2010.06.29 15:20:14.656,1.07735,1.0775,1.60,1.00
2010.06.29 15:20:22.814,1.07735,1.0775,4.00,1.00
2010.06.29 15:20:22.997,1.07735,1.0775,1.60,1.00
2010.06.29 15:20:25.151,1.07735,1.0775,1.60,1.40
2010.06.29 15:20:25.911,1.07735,1.0775,1.60,1.00
2010.06.29 15:20:28.098,1.07735,1.0775,1.60,2.60
2010.06.29 15:20:28.473,1.0773,1.0775,6.00,1.80
2010.06.29 15:20:28.663,1.0774,1.07755,1.00,1.00
2010.06.29 15:20:29.058,1.0774,1.07755,1.60,1.00
2010.06.29 15:20:29.335,1.07745,1.0776,1.60,1.00
2010.06.29 15:20:29.617,1.0775,1.0776,1.60,1.00
2010.06.29 15:20:30.268,1.0776,1.07775,1.00,3.40
2010.06.29 15:20:30.596,1.0776,1.07775,1.00,1.00
2010.06.29 15:20:31.633,1.0776,1.07775,1.00,1.00
2010.06.29 15:20:32.007,1.0776,1.07775,1.60,1.00
2010.06.29 15:20:32.319,1.0776,1.0778,1.60,3.40
2010.06.29 15:20:33.553,1.0776,1.0778,1.60,4.20
2010.06.29 15:20:33.886,1.0776,1.07775,1.00,1.00
2010.06.29 15:20:34.545,1.0776,1.07775,1.60,1.00
2010.06.29 15:20:34.902,1.0776,1.0778,1.60,1.00
2010.06.29 15:20:35.253,1.0776,1.0778,1.60,2.60
2010.06.29 15:20:35.433,1.0776,1.0778,2.40,1.00
2010.06.29 15:20:35.891,1.0776,1.0778,4.80,1.00
2010.06.29 15:20:36.121,1.07765,1.0778,1.00,1.00
2010.06.29 15:20:37.130,1.07765,1.0778,1.00,1.00
2010.06.29 15:20:38.994,1.0776,1.0778,1.00,5.00
2010.06.29 15:20:39.347,1.0776,1.07775,1.00,1.00
2010.06.29 15:20:40.175,1.07755,1.0777,1.60,1.00
2010.06.29 15:20:40.524,1.07755,1.0777,1.00,1.00
2010.06.29 15:20:40.793,1.07755,1.0777,1.00,1.80
2010.06.29 15:20:41.140,1.07755,1.0777,1.00,2.60
2010.06.29 15:20:42.733,1.07755,1.0777,1.00,1.80
2010.06.29 15:20:43.254,1.07755,1.0777,1.00,1.00
2010.06.29 15:20:43.855,1.07755,1.0777,3.20,1.00
2010.06.29 15:20:44.205,1.07755,1.0777,1.00,1.00
2010.06.29 15:20:48.373,1.07755,1.0777,1.00,1.80
2010.06.29 15:20:55.448,1.07755,1.0777,1.00,3.80
2010.06.29 15:20:55.588,1.0775,1.0777,1.60,3.80
2010.06.29 15:20:57.169,1.0775,1.0777,3.20,1.00
2010.06.29 15:20:57.713,1.07765,1.07775,1.60,1.00
2010.06.29 15:20:58.059,1.0776,1.07775,4.00,1.00
2010.06.29 15:20:58.403,1.0776,1.07775,1.60,1.00
2010.06.29 15:20:59.097,1.0777,1.0778,1.00,1.60
2010.06.29 15:20:59.453,1.0777,1.07785,1.60,1.00
2010.06.29 15:21:00.122,1.0777,1.07785,2.40,1.00
2010.06.29 15:21:00.399,1.0777,1.0778,1.00,1.00
2010.06.29 15:21:00.677,1.0776,1.0778,2.40,5.00
2010.06.29 15:21:01.075,1.0776,1.0778,2.40,5.40
2010.06.29 15:21:01.426,1.0776,1.07775,1.60,1.00
2010.06.29 15:21:03.813,1.07765,1.0778,1.00,1.80
2010.06.29 15:21:04.420,1.0777,1.0778,1.00,1.00
2010.06.29 15:21:04.689,1.0777,1.07785,1.60,1.00
2010.06.29 15:21:04.959,1.0777,1.0779,2.40,1.00
2010.06.29 15:21:07.633,1.07775,1.0779,1.00,1.00
2010.06.29 15:21:09.857,1.07775,1.0779,2.40,1.00
2010.06.29 15:21:10.164,1.0777,1.0779,1.60,1.80
2010.06.29 15:21:10.963,1.0777,1.0779,1.60,1.00
2010.06.29 15:21:12.291,1.0777,1.0779,1.60,1.80
2010.06.29 15:21:13.573,1.0777,1.0779,1.60,1.00
2010.06.29 15:21:13.814,1.07775,1.0779,1.00,1.00
2010.06.29 15:21:14.821,1.0778,1.0779,1.00,1.00
2010.06.29 15:21:15.305,1.0777,1.0779,2.40,1.00
2010.06.29 15:21:15.545,1.0777,1.0779,1.60,1.00
2010.06.29 15:21:16.395,1.0777,1.07785,1.00,1.00
2010.06.29 15:21:21.162,1.0777,1.07785,2.40,1.00
2010.06.29 15:21:22.251,1.07775,1.07785,1.60,1.00
2010.06.29 15:21:22.786,1.0777,1.0779,4.80,1.00
2010.06.29 15:21:24.539,1.0777,1.0779,6.40,1.00
2010.06.29 15:21:24.848,1.0778,1.0779,1.00,1.00
2010.06.29 15:21:27.990,1.0778,1.07795,1.00,1.80
2010.06.29 15:21:28.186,1.0778,1.078,3.20,1.80
2010.06.29 15:21:29.230,1.0779,1.078,1.00,1.00
2010.06.29 15:21:29.490,1.07785,1.078,1.00,1.00
2010.06.29 15:21:34.118,1.0778,1.07795,1.60,1.00
2010.06.29 15:21:37.997,1.0778,1.07795,4.00,1.00
2010.06.29 15:21:38.605,1.07785,1.07795,1.00,1.00
2010.06.29 15:21:38.954,1.0778,1.07795,2.40,1.00
2010.06.29 15:21:39.303,1.0778,1.07795,1.60,1.00
2010.06.29 15:21:46.260,1.0778,1.07795,1.00,1.00
2010.06.29 15:21:48.185,1.07775,1.0779,1.60,1.00
2010.06.29 15:21:48.363,1.0777,1.0779,1.60,4.20
2010.06.29 15:21:48.678,1.0777,1.0779,1.60,5.40
2010.06.29 15:21:49.319,1.0777,1.0779,1.60,3.80
2010.06.29 15:21:50.007,1.0777,1.07785,1.60,1.00
2010.06.29 15:21:51.673,1.07775,1.0779,2.40,1.00
2010.06.29 15:21:51.906,1.07775,1.0779,3.20,1.00
2010.06.29 15:21:52.493,1.07775,1.0779,2.40,1.00
2010.06.29 15:21:52.852,1.0777,1.0778,1.00,4.20
2010.06.29 15:21:53.353,1.0776,1.07775,2.00,3.40
2010.06.29 15:21:53.695,1.07755,1.07775,1.60,3.40
2010.06.29 15:21:54.752,1.07755,1.0777,1.60,1.00
2010.06.29 15:21:55.439,1.0776,1.07775,1.00,1.00
2010.06.29 15:21:55.786,1.0776,1.07775,1.00,1.00
2010.06.29 15:21:57.209,1.0776,1.07775,1.60,1.00
2010.06.29 15:22:03.632,1.0775,1.0777,4.40,1.00
2010.06.29 15:22:04.067,1.0775,1.0777,4.00,1.00
2010.06.29 15:22:04.259,1.0775,1.0777,4.00,1.00
2010.06.29 15:22:06.748,1.0775,1.0777,6.40,1.00
2010.06.29 15:22:06.934,1.0775,1.0777,4.80,1.00
2010.06.29 15:22:07.123,1.0775,1.0777,1.60,1.80
2010.06.29 15:22:07.597,1.0775,1.07765,1.00,1.00
2010.06.29 15:22:07.783,1.07745,1.07765,8.00,1.00
2010.06.29 15:22:08.474,1.07745,1.07765,4.00,1.00
2010.06.29 15:22:09.082,1.0775,1.07765,1.00,1.00
2010.06.29 15:22:09.641,1.0775,1.07765,1.00,1.00
2010.06.29 15:22:09.904,1.0775,1.07765,1.20,1.00
2010.06.29 15:22:10.092,1.0775,1.07765,1.00,1.00
2010.06.29 15:22:11.521,1.0775,1.07765,2.40,1.00
2010.06.29 15:22:11.682,1.0775,1.0777,2.40,3.40
2010.06.29 15:22:11.841,1.0775,1.0777,3.20,1.80
2010.06.29 15:22:12.546,1.0775,1.0777,6.40,1.00
2010.06.29 15:22:12.844,1.0775,1.0777,5.60,1.00
2010.06.29 15:22:13.458,1.0775,1.0777,6.40,1.00
2010.06.29 15:22:13.788,1.0775,1.07765,1.60,1.00
2010.06.29 15:22:14.134,1.07745,1.07765,7.20,1.00
2010.06.29 15:22:14.787,1.0775,1.07765,1.00,1.00
2010.06.29 15:22:15.141,1.07745,1.0776,7.20,1.00
2010.06.29 15:22:15.718,1.0775,1.0776,1.00,1.00
2010.06.29 15:22:17.050,1.0775,1.07765,1.00,1.00
2010.06.29 15:22:19.821,1.0775,1.07765,1.00,1.00
2010.06.29 15:22:23.013,1.0775,1.07765,3.20,1.00
2010.06.29 15:22:23.449,1.0775,1.07765,2.40,1.00
2010.06.29 15:22:23.669,1.0775,1.07765,3.20,1.00
2010.06.29 15:22:23.889,1.0775,1.07765,2.40,1.00
2010.06.29 15:22:24.109,1.0775,1.07765,3.20,1.00
2010.06.29 15:22:24.879,1.0775,1.07765,1.00,1.00
2010.06.29 15:22:25.220,1.07745,1.07765,6.80,1.00
2010.06.29 15:22:25.565,1.0775,1.07765,2.40,1.00
2010.06.29 15:22:26.824,1.07745,1.07765,6.40,1.00
2010.06.29 15:22:27.171,1.0775,1.07765,2.40,1.00
2010.06.29 15:22:28.392,1.07745,1.07765,6.00,1.00
2010.06.29 15:22:29.758,1.07745,1.07765,6.40,1.00
2010.06.29 15:22:29.941,1.0776,1.0777,1.00,1.80
2010.06.29 15:22:30.458,1.07765,1.0778,3.20,1.00
2010.06.29 15:22:30.718,1.07775,1.0778,4.80,1.00
2010.06.29 15:22:31.099,1.07775,1.0779,6.30,1.80
2010.06.29 15:22:31.360,1.0778,1.07795,1.60,1.00
2010.06.29 15:22:32.077,1.07765,1.0778,1.60,3.40
2010.06.29 15:22:32.423,1.0776,1.0778,1.00,8.20
2010.06.29 15:22:32.777,1.0776,1.07775,1.00,1.00
2010.06.29 15:22:34.783,1.07755,1.0777,1.60,1.00
2010.06.29 15:22:35.124,1.07755,1.0777,1.00,1.00
2010.06.29 15:22:35.669,1.07755,1.0777,1.00,1.00
2010.06.29 15:22:35.854,1.0775,1.0777,4.00,1.00
2010.06.29 15:22:36.681,1.0775,1.0777,3.20,1.80
2010.06.29 15:22:36.996,1.0775,1.0777,2.40,3.40
2010.06.29 15:22:37.634,1.0775,1.0776,1.00,1.00
2010.06.29 15:22:37.994,1.07745,1.0776,6.40,1.00
2010.06.29 15:22:40.443,1.0775,1.07765,1.00,1.00
2010.06.29 15:22:41.078,1.0775,1.0777,1.00,1.00
2010.06.29 15:22:41.423,1.0775,1.0777,1.60,1.00
2010.06.29 15:22:43.493,1.0775,1.0777,4.80,1.00
2010.06.29 15:22:43.610,1.07755,1.0777,1.00,1.00
2010.06.29 15:22:43.731,1.07755,1.0777,1.60,1.00
2010.06.29 15:22:43.852,1.07755,1.07775,4.00,1.80
2010.06.29 15:22:43.971,1.0776,1.07775,1.00,1.00
2010.06.29 15:22:44.090,1.0776,1.07775,1.60,1.00
2010.06.29 15:22:44.946,1.0776,1.07775,3.20,1.00
2010.06.29 15:22:47.872,1.0776,1.07775,1.60,1.00
2010.06.29 15:22:49.123,1.0776,1.07775,2.40,1.00
2010.06.29 15:22:49.453,1.0776,1.07775,1.60,1.00
2010.06.29 15:22:54.533,1.07765,1.0778,1.60,1.00
2010.06.29 15:22:58.601,1.07765,1.07775,1.00,1.00
2010.06.29 15:22:58.996,1.0776,1.07775,3.20,1.00
2010.06.29 15:22:59.140,1.0775,1.07765,3.20,1.00
2010.06.29 15:22:59.792,1.0775,1.07765,4.00,1.00
2010.06.29 15:23:00.132,1.07755,1.0777,1.00,1.00
2010.06.29 15:23:00.773,1.07755,1.0777,2.40,1.00
2010.06.29 15:23:02.053,1.0776,1.07775,1.00,1.40
2010.06.29 15:23:02.752,1.0776,1.07775,1.60,1.00
2010.06.29 15:23:02.873,1.0776,1.07775,1.00,1.00
2010.06.29 15:23:03.759,1.07755,1.07775,1.60,1.00
2010.06.29 15:23:04.103,1.0776,1.07775,1.00,1.60
2010.06.29 15:23:04.670,1.0776,1.0778,7.20,1.00
2010.06.29 15:23:05.018,1.0777,1.07785,1.00,1.00
2010.06.29 15:23:06.346,1.07765,1.07785,1.60,3.40
2010.06.29 15:23:07.333,1.07765,1.07785,1.60,4.20
2010.06.29 15:23:07.978,1.07765,1.0778,1.00,3.40
2010.06.29 15:23:08.227,1.07765,1.0778,1.60,1.00
2010.06.29 15:23:15.008,1.0777,1.0778,0.15,1.00
2010.06.29 15:23:16.190,1.0777,1.0778,0.15,1.00
2010.06.29 15:23:16.936,1.0777,1.07775,0.15,5.90
2010.06.29 15:23:17.172,1.0775,1.0777,1.60,2.60
2010.06.29 15:23:18.079,1.07745,1.07765,4.80,3.20
2010.06.29 15:23:18.431,1.0775,1.0776,1.20,2.40
2010.06.29 15:23:18.978,1.0775,1.0776,1.20,1.00
2010.06.29 15:23:19.326,1.07745,1.0776,1.00,1.00
2010.06.29 15:23:20.641,1.07745,1.0776,1.00,1.80
2010.06.29 15:23:21.148,1.0774,1.0776,2.40,4.20
2010.06.29 15:23:21.808,1.0774,1.0776,2.40,7.40
2010.06.29 15:23:22.410,1.0774,1.0775,1.00,1.60
2010.06.29 15:23:22.718,1.0773,1.0774,2.40,1.00
2010.06.29 15:23:23.263,1.07725,1.0774,1.60,1.00
2010.06.29 15:23:23.562,1.07725,1.0774,1.00,1.00
2010.06.29 15:23:25.411,1.07725,1.0774,1.60,1.00
2010.06.29 15:23:26.301,1.07725,1.07745,1.60,4.20
2010.06.29 15:23:26.529,1.07725,1.0774,1.60,1.00
2010.06.29 15:23:27.990,1.07725,1.0774,1.60,1.00
2010.06.29 15:23:35.717,1.0772,1.0773,1.00,1.80
2010.06.29 15:23:35.940,1.0771,1.0773,2.40,1.80
2010.06.29 15:23:36.063,1.0771,1.0773,4.80,1.00
2010.06.29 15:23:36.501,1.07715,1.07735,4.80,3.40
2010.06.29 15:23:36.625,1.07715,1.07735,5.60,1.00
2010.06.29 15:23:36.983,1.0772,1.07735,1.00,1.00
2010.06.29 15:23:37.658,1.0772,1.0774,1.00,1.80
2010.06.29 15:23:40.508,1.07715,1.07735,1.60,2.60
2010.06.29 15:23:41.611,1.0772,1.0774,1.60,1.40
2010.06.29 15:23:42.275,1.07715,1.07735,4.00,1.00
2010.06.29 15:23:43.643,1.0772,1.07735,1.60,1.00
2010.06.29 15:23:44.004,1.0772,1.0774,1.60,1.80
2010.06.29 15:23:44.348,1.07725,1.0774,1.00,1.00
2010.06.29 15:23:44.976,1.07725,1.0774,1.60,1.00
2010.06.29 15:23:45.327,1.07725,1.0774,1.00,1.80
2010.06.29 15:23:45.576,1.0772,1.0774,1.00,5.00
2010.06.29 15:23:46.180,1.0772,1.07735,1.00,1.00
2010.06.29 15:23:46.437,1.0772,1.0773,1.00,1.00
2010.06.29 15:23:46.808,1.07715,1.0773,1.00,1.00
2010.06.29 15:23:47.156,1.07715,1.0773,1.00,1.80
2010.06.29 15:23:47.642,1.07715,1.0773,1.00,2.60
2010.06.29 15:23:48.006,1.07715,1.0773,1.00,1.00
2010.06.29 15:23:48.677,1.07715,1.0773,1.00,1.80
2010.06.29 15:23:49.371,1.07715,1.07735,2.40,2.60
2010.06.29 15:23:50.006,1.0772,1.07735,1.00,1.00
2010.06.29 15:23:52.001,1.0772,1.07735,1.00,1.00
2010.06.29 15:23:57.529,1.0772,1.07735,1.60,1.00
2010.06.29 15:23:59.380,1.0772,1.0774,2.40,5.00
2010.06.29 15:23:59.671,1.0773,1.0774,1.60,1.60
2010.06.29 15:24:00.268,1.0773,1.07745,1.60,1.00
2010.06.29 15:24:00.561,1.07735,1.0775,1.60,2.60
2010.06.29 15:24:01.644,1.07745,1.07765,1.00,1.40
2010.06.29 15:24:02.112,1.07745,1.07765,1.60,1.00
2010.06.29 15:24:02.370,1.0774,1.0776,3.20,4.20
2010.06.29 15:24:02.626,1.0774,1.07755,1.60,1.00
2010.06.29 15:24:03.553,1.0774,1.07755,1.60,1.00
2010.06.29 15:24:03.892,1.07735,1.07755,2.40,1.00
2010.06.29 15:24:04.131,1.07735,1.07755,1.60,1.00
2010.06.29 15:24:06.240,1.07735,1.07755,1.60,3.40
2010.06.29 15:24:06.610,1.0774,1.07755,1.00,3.40
2010.06.29 15:24:07.104,1.07755,1.07765,1.60,1.00
2010.06.29 15:24:07.683,1.07755,1.07775,1.60,1.40
2010.06.29 15:24:08.040,1.07755,1.07775,1.60,1.00
2010.06.29 15:24:11.642,1.07755,1.07775,1.60,1.80
2010.06.29 15:24:15.173,1.0776,1.07775,1.00,1.80
2010.06.29 15:24:15.451,1.0776,1.07775,1.00,1.00
2010.06.29 15:24:16.788,1.07755,1.07775,1.60,1.80
2010.06.29 15:24:17.444,1.07755,1.0777,1.60,1.00
2010.06.29 15:24:18.394,1.0775,1.07765,1.60,3.20
2010.06.29 15:24:18.750,1.0775,1.07765,1.00,1.80
2010.06.29 15:24:19.097,1.0774,1.0776,3.20,1.00
2010.06.29 15:24:19.729,1.0774,1.0776,3.20,2.60
2010.06.29 15:24:20.073,1.0774,1.0776,2.40,5.00
2010.06.29 15:24:20.694,1.0774,1.07755,2.40,1.00
2010.06.29 15:24:21.036,1.0774,1.07755,1.00,1.00
2010.06.29 15:24:22.279,1.0774,1.07755,1.00,2.60
2010.06.29 15:24:23.877,1.0774,1.07755,1.00,5.00
2010.06.29 15:24:24.092,1.0773,1.07755,3.20,7.40
2010.06.29 15:24:24.967,1.0773,1.07755,3.20,8.60
2010.06.29 15:24:25.656,1.0773,1.0775,3.20,1.00
2010.06.29 15:24:26.002,1.0773,1.0775,3.20,1.80
2010.06.29 15:24:27.055,1.07735,1.0775,2.40,1.00
2010.06.29 15:24:27.334,1.0774,1.0776,2.40,2.60
2010.06.29 15:24:27.716,1.0774,1.0776,2.40,1.80
2010.06.29 15:24:28.000,1.0774,1.0776,3.20,1.80
2010.06.29 15:24:28.956,1.07745,1.07755,1.00,2.40
2010.06.29 15:24:29.623,1.0775,1.07765,2.40,1.00
2010.06.29 15:24:30.303,1.0775,1.07765,1.60,1.00
2010.06.29 15:24:30.978,1.0775,1.07765,1.00,1.00
2010.06.29 15:24:31.291,1.07745,1.07765,1.60,3.40
2010.06.29 15:24:31.909,1.07745,1.07765,1.60,5.80
2010.06.29 15:24:32.258,1.0774,1.07755,1.60,1.00
2010.06.29 15:24:32.648,1.0774,1.07755,1.00,1.00
2010.06.29 15:24:33.328,1.0774,1.07755,1.00,1.00
2010.06.29 15:24:33.674,1.07725,1.07745,5.60,1.00
2010.06.29 15:24:34.695,1.07725,1.0774,1.00,1.00
2010.06.29 15:24:34.992,1.0772,1.0774,4.10,1.00
2010.06.29 15:24:35.638,1.0774,1.07755,1.00,1.00
2010.06.29 15:24:39.352,1.07745,1.07755,2.40,1.00
2010.06.29 15:24:39.698,1.0774,1.07755,4.80,1.00
2010.06.29 15:24:40.404,1.07745,1.07765,4.00,1.00
2010.06.29 15:24:40.998,1.0775,1.07765,1.00,1.00
2010.06.29 15:24:44.661,1.07745,1.0776,3.20,1.00
2010.06.29 15:24:44.805,1.0775,1.0776,2.40,1.00
2010.06.29 15:24:44.953,1.0775,1.07765,3.20,1.80
2010.06.29 15:24:45.100,1.0775,1.07765,1.00,1.00
2010.06.29 15:24:47.509,1.0775,1.07765,1.00,1.00
2010.06.29 15:24:47.799,1.0775,1.0777,4.80,1.80
2010.06.29 15:24:48.074,1.0775,1.0777,4.00,1.00
2010.06.29 15:24:48.671,1.07755,1.0777,3.20,1.00
2010.06.29 15:24:51.149,1.07755,1.0777,1.00,1.00
2010.06.29 15:24:57.212,1.0775,1.0777,1.60,1.00
2010.06.29 15:24:57.734,1.0775,1.0777,1.60,3.40
2010.06.29 15:24:58.046,1.07745,1.0776,3.20,1.60
2010.06.29 15:24:58.361,1.07755,1.0777,4.00,3.80
2010.06.29 15:24:58.724,1.07755,1.0777,4.80,1.60
2010.06.29 15:24:59.038,1.0776,1.07775,1.60,1.00
2010.06.29 15:24:59.386,1.0776,1.07775,1.00,2.60
2010.06.29 15:25:00.080,1.0776,1.07775,4.80,1.00
2010.06.29 15:25:00.428,1.0776,1.07775,4.80,1.00
2010.06.29 15:25:00.795,1.0776,1.0778,4.80,1.00
2010.06.29 15:25:01.045,1.07765,1.0778,1.00,1.00
2010.06.29 15:25:01.293,1.07765,1.0778,1.00,1.80
2010.06.29 15:25:03.960,1.07765,1.0778,1.00,2.60
2010.06.29 15:25:04.843,1.07765,1.0778,1.00,1.80
2010.06.29 15:25:05.777,1.07765,1.0778,1.60,1.00
2010.06.29 15:25:06.596,1.07765,1.0778,1.00,1.00
2010.06.29 15:25:06.882,1.0776,1.07775,1.00,1.00
2010.06.29 15:25:13.635,1.0776,1.0777,1.00,1.00
2010.06.29 15:25:14.261,1.0776,1.0777,1.00,1.60
2010.06.29 15:25:14.956,1.0776,1.0777,1.00,1.00
2010.06.29 15:25:16.524,1.0776,1.07775,1.00,2.60
2010.06.29 15:25:16.838,1.0776,1.0777,1.00,1.60
2010.06.29 15:25:17.145,1.07755,1.0777,1.60,1.00
2010.06.29 15:25:18.199,1.07755,1.07775,1.60,1.80
2010.06.29 15:25:18.407,1.07755,1.07775,4.00,1.00
2010.06.29 15:25:18.803,1.0776,1.07775,1.00,1.00
2010.06.29 15:25:19.400,1.0776,1.07775,1.00,2.60
2010.06.29 15:25:20.510,1.07755,1.0777,1.60,1.00
2010.06.29 15:25:21.236,1.07755,1.0777,1.60,1.00
2010.06.29 15:25:22.214,1.07755,1.0777,1.60,1.00
2010.06.29 15:25:22.522,1.0775,1.0777,2.00,1.80
2010.06.29 15:25:22.954,1.0775,1.0777,1.00,1.80
2010.06.29 15:25:23.218,1.0775,1.07765,1.00,1.00
2010.06.29 15:25:24.994,1.0775,1.07765,1.60,1.00
2010.06.29 15:25:25.163,1.0775,1.07765,4.80,1.00
2010.06.29 15:25:27.340,1.0775,1.07765,3.20,1.00
2010.06.29 15:25:27.557,1.0775,1.07765,2.40,1.00
2010.06.29 15:25:27.766,1.07745,1.07765,1.80,1.80
2010.06.29 15:25:28.114,1.07745,1.07765,1.60,2.60
2010.06.29 15:25:28.467,1.07745,1.0776,1.60,1.00
2010.06.29 15:25:28.812,1.07745,1.0776,1.00,1.80
2010.06.29 15:25:30.574,1.0774,1.0776,6.00,1.80
2010.06.29 15:25:30.773,1.0774,1.0776,4.80,3.40
2010.06.29 15:25:31.146,1.0774,1.0776,4.00,4.20
2010.06.29 15:25:32.422,1.07745,1.0776,1.00,2.60
2010.06.29 15:25:33.668,1.07745,1.07765,2.80,2.60
2010.06.29 15:25:34.266,1.07745,1.07765,2.80,5.00
2010.06.29 15:25:34.580,1.0775,1.07765,1.20,2.60
2010.06.29 15:25:34.884,1.0775,1.07765,1.60,2.60
2010.06.29 15:25:35.550,1.0775,1.07765,1.00,3.40
2010.06.29 15:25:35.907,1.07745,1.0776,1.60,1.00
2010.06.29 15:25:36.167,1.07745,1.0776,4.40,1.00
2010.06.29 15:25:36.758,1.07745,1.0776,5.20,1.00
2010.06.29 15:25:37.013,1.07745,1.0776,4.00,1.00
2010.06.29 15:25:37.352,1.07745,1.0776,3.20,1.00
2010.06.29 15:25:38.360,1.07745,1.0776,3.20,1.00
2010.06.29 15:25:39.706,1.07745,1.0776,3.20,1.00
2010.06.29 15:25:40.008,1.07745,1.0776,1.00,1.80
2010.06.29 15:25:40.300,1.0774,1.0776,2.40,4.20
2010.06.29 15:25:40.644,1.0774,1.0776,2.40,3.40
2010.06.29 15:25:40.937,1.0774,1.0776,2.40,5.40
2010.06.29 15:25:41.548,1.0774,1.07755,4.00,1.00
2010.06.29 15:25:42.084,1.0774,1.07755,4.80,1.00
2010.06.29 15:25:47.109,1.0774,1.07755,5.60,1.00
2010.06.29 15:25:47.219,1.0774,1.0776,5.60,1.80
2010.06.29 15:25:47.328,1.0774,1.0776,5.60,1.00
2010.06.29 15:25:47.978,1.07745,1.0776,1.00,1.00
2010.06.29 15:25:53.180,1.07745,1.0776,1.00,2.60
2010.06.29 15:25:53.344,1.07745,1.0776,1.00,4.20
2010.06.29 15:25:53.697,1.07745,1.0776,1.00,3.40
2010.06.29 15:25:53.869,1.07745,1.0776,1.00,4.20
2010.06.29 15:25:54.032,1.07745,1.0776,1.00,1.80
2010.06.29 15:25:56.730,1.07745,1.0776,1.00,1.00
2010.06.29 15:25:57.382,1.0775,1.0776,1.00,1.00
2010.06.29 15:25:57.608,1.07755,1.0777,4.20,1.00
2010.06.29 15:25:57.837,1.07755,1.0777,3.20,1.00
2010.06.29 15:25:58.214,1.07755,1.0777,1.60,1.00
2010.06.29 15:26:00.936,1.07755,1.0777,1.60,1.00
2010.06.29 15:26:01.121,1.0775,1.0777,5.20,1.00
2010.06.29 15:26:01.722,1.0775,1.0777,4.40,1.00
2010.06.29 15:26:01.906,1.0775,1.0777,5.20,1.00
2010.06.29 15:26:02.253,1.0775,1.0777,6.00,1.00
2010.06.29 15:26:02.893,1.0775,1.0777,3.60,3.80
2010.06.29 15:26:03.169,1.07755,1.0777,2.40,3.00
2010.06.29 15:26:03.444,1.07755,1.0777,2.40,1.00
2010.06.29 15:26:04.703,1.07755,1.0777,4.00,1.00
2010.06.29 15:26:06.116,1.07765,1.0777,1.60,1.00
2010.06.29 15:26:06.383,1.0777,1.07785,4.80,1.00
2010.06.29 15:26:06.889,1.0777,1.0779,4.90,1.00
2010.06.29 15:26:07.527,1.07775,1.07795,1.60,2.40
2010.06.29 15:26:07.877,1.07775,1.07795,2.40,2.40
2010.06.29 15:26:08.223,1.07775,1.0779,2.40,1.00
2010.06.29 15:26:10.018,1.0778,1.0779,2.40,1.00
2010.06.29 15:26:10.371,1.0778,1.07795,1.20,3.40
2010.06.29 15:26:10.716,1.0778,1.07795,1.00,3.40
2010.06.29 15:26:10.984,1.0778,1.07795,1.00,2.60
2010.06.29 15:26:14.227,1.0778,1.07795,1.00,1.00
2010.06.29 15:26:14.948,1.07775,1.0779,4.40,1.00
2010.06.29 15:26:15.414,1.07775,1.0779,1.60,1.00
2010.06.29 15:26:15.763,1.07775,1.0779,1.60,1.80
2010.06.29 15:26:17.571,1.07775,1.0779,1.60,1.00
2010.06.29 15:26:22.742,1.07775,1.0779,2.80,1.00
2010.06.29 15:26:23.289,1.0778,1.07795,3.20,1.00
2010.06.29 15:26:23.557,1.0778,1.078,4.40,1.00
2010.06.29 15:26:26.088,1.0778,1.078,2.00,3.40
2010.06.29 15:26:26.369,1.0778,1.078,4.00,1.80
2010.06.29 15:26:26.509,1.0778,1.078,4.40,1.00
2010.06.29 15:26:27.186,1.0778,1.07795,1.60,1.00
2010.06.29 15:26:27.802,1.07775,1.0779,1.60,1.00
2010.06.29 15:26:28.056,1.07775,1.0779,1.60,1.80
2010.06.29 15:26:30.139,1.07775,1.0779,4.00,1.80
2010.06.29 15:26:30.431,1.07775,1.0779,1.00,5.00
2010.06.29 15:26:30.797,1.0777,1.0779,3.20,5.80
2010.06.29 15:26:31.098,1.0777,1.07785,1.00,1.00
2010.06.29 15:26:34.647,1.0776,1.07775,1.60,1.80
2010.06.29 15:26:34.850,1.07755,1.0777,1.00,7.40
2010.06.29 15:26:35.207,1.07755,1.0777,1.00,8.20
2010.06.29 15:26:35.409,1.0775,1.0776,1.60,1.00
2010.06.29 15:26:36.586,1.0775,1.07765,1.60,1.00
2010.06.29 15:26:38.761,1.0775,1.0777,1.60,1.00
2010.06.29 15:26:39.273,1.0775,1.0777,1.70,1.00
2010.06.29 15:26:39.468,1.0776,1.0778,1.00,5.00
2010.06.29 15:26:39.663,1.0776,1.0778,1.00,1.00
2010.06.29 15:26:40.308,1.0776,1.0778,1.60,1.00
2010.06.29 15:26:40.645,1.07765,1.0778,1.00,1.00
2010.06.29 15:26:41.617,1.07765,1.0778,1.00,1.80
2010.06.29 15:26:43.730,1.07765,1.0778,1.00,1.00
2010.06.29 15:26:44.528,1.0776,1.07775,1.00,1.00
2010.06.29 15:26:44.766,1.07755,1.07775,1.60,1.00
2010.06.29 15:26:45.464,1.07755,1.0777,1.60,1.00
2010.06.29 15:26:46.507,1.07755,1.07775,5.60,1.00
2010.06.29 15:26:46.839,1.07755,1.07775,1.60,1.00
2010.06.29 15:26:49.259,1.07765,1.07775,1.60,1.00
2010.06.29 15:26:49.485,1.07765,1.07785,1.70,4.20
2010.06.29 15:26:49.721,1.0777,1.07785,2.40,1.60
2010.06.29 15:26:50.376,1.0777,1.07785,2.40,2.40
2010.06.29 15:26:50.720,1.0777,1.07785,2.40,1.60
2010.06.29 15:26:51.063,1.0777,1.07785,2.40,2.40
2010.06.29 15:26:51.408,1.0777,1.07785,2.40,1.60
2010.06.29 15:26:51.979,1.0777,1.0779,3.20,2.60
2010.06.29 15:26:53.735,1.0776,1.07775,4.00,1.00
2010.06.29 15:26:54.053,1.0776,1.0777,1.00,1.00
2010.06.29 15:26:54.437,1.07755,1.0777,1.00,1.00
2010.06.29 15:26:56.968,1.0776,1.0778,3.20,4.20
2010.06.29 15:26:57.200,1.0776,1.0778,2.40,4.20
2010.06.29 15:26:57.680,1.0776,1.0778,2.40,3.40
2010.06.29 15:26:58.736,1.0776,1.0778,2.40,4.20
2010.06.29 15:26:59.212,1.0776,1.0778,2.40,3.40
2010.06.29 15:26:59.971,1.0776,1.0778,2.40,4.20
2010.06.29 15:27:00.370,1.0776,1.0778,2.40,3.40
2010.06.29 15:27:01.443,1.07765,1.0778,1.00,3.40
2010.06.29 15:27:01.551,1.0776,1.0778,1.60,3.40
2010.06.29 15:27:01.649,1.0776,1.0778,2.40,3.40
2010.06.29 15:27:01.753,1.07765,1.0778,1.00,2.60
2010.06.29 15:27:02.214,1.07765,1.0778,1.00,1.00
2010.06.29 15:27:04.668,1.07765,1.0778,1.00,2.60
2010.06.29 15:27:05.515,1.07765,1.0778,1.00,4.20
2010.06.29 15:27:05.736,1.0776,1.0778,3.20,4.20
2010.06.29 15:27:07.381,1.0776,1.07775,1.00,2.60
2010.06.29 15:27:07.605,1.07755,1.07775,2.40,2.60
2010.06.29 15:27:08.100,1.07755,1.0777,2.40,1.00
2010.06.29 15:27:09.436,1.07755,1.0777,6.40,1.00
2010.06.29 15:27:10.626,1.07755,1.0777,4.80,1.00
2010.06.29 15:27:10.975,1.07755,1.0777,6.40,1.00
2010.06.29 15:27:12.943,1.07755,1.0777,3.20,1.00
2010.06.29 15:27:13.294,1.07755,1.0777,2.40,1.00
2010.06.29 15:27:13.515,1.0776,1.07775,1.00,1.80
2010.06.29 15:27:14.918,1.0776,1.07775,1.60,1.00
2010.06.29 15:27:15.256,1.0776,1.07775,3.20,1.00
2010.06.29 15:27:15.921,1.0776,1.0778,6.40,1.80
2010.06.29 15:27:17.515,1.07765,1.0778,1.00,1.80
2010.06.29 15:27:18.736,1.07765,1.0778,1.00,1.00
2010.06.29 15:27:22.035,1.07765,1.0778,1.00,1.00
2010.06.29 15:27:22.153,1.0776,1.0778,6.40,2.60
2010.06.29 15:27:22.271,1.0776,1.0778,3.20,5.00
2010.06.29 15:27:22.862,1.0776,1.0778,2.40,5.00
2010.06.29 15:27:22.970,1.0776,1.0778,3.20,5.00
2010.06.29 15:27:23.321,1.0776,1.07775,3.20,1.00
2010.06.29 15:27:24.679,1.0776,1.07775,1.60,1.00
2010.06.29 15:27:24.934,1.0776,1.07775,1.00,1.80
2010.06.29 15:27:25.190,1.0776,1.07775,1.00,2.20
2010.06.29 15:27:25.851,1.07755,1.07775,7.20,2.20
2010.06.29 15:27:26.194,1.07755,1.07775,6.40,2.20
2010.06.29 15:27:28.223,1.0776,1.07775,1.00,2.20
2010.06.29 15:27:30.282,1.0776,1.0777,1.00,1.00
2010.06.29 15:27:30.483,1.0776,1.0777,1.60,1.00
2010.06.29 15:27:31.203,1.0775,1.07765,5.60,1.00
2010.06.29 15:27:32.624,1.0776,1.07765,1.00,1.00
2010.06.29 15:27:33.529,1.0775,1.07765,3.20,1.40
2010.06.29 15:27:33.817,1.0775,1.07765,1.00,2.20
2010.06.29 15:27:37.201,1.0775,1.07765,1.00,1.80
2010.06.29 15:27:37.443,1.0775,1.07765,1.60,1.80
2010.06.29 15:27:37.684,1.0775,1.07765,1.00,1.80
2010.06.29 15:27:38.818,1.0775,1.07765,1.00,2.20
2010.06.29 15:27:39.948,1.07745,1.07765,9.60,2.20
2010.06.29 15:27:40.206,1.0775,1.07765,1.00,2.20
2010.06.29 15:27:42.071,1.0775,1.0776,1.00,1.00
2010.06.29 15:27:42.438,1.0775,1.07755,1.00,3.20
2010.06.29 15:27:42.776,1.07745,1.07755,1.60,3.60
2010.06.29 15:27:43.118,1.0774,1.07755,1.00,5.60
2010.06.29 15:27:43.562,1.0774,1.07755,1.00,6.80
2010.06.29 15:27:43.906,1.0774,1.07755,1.00,7.10
2010.06.29 15:27:44.252,1.0774,1.07755,1.00,8.70
2010.06.29 15:27:45.323,1.0774,1.07755,1.00,5.20
2010.06.29 15:27:45.656,1.0774,1.0775,1.00,1.00
2010.06.29 15:27:46.169,1.07735,1.0775,2.40,1.00
2010.06.29 15:27:46.399,1.07735,1.0775,1.00,5.40
2010.06.29 15:27:46.623,1.07735,1.0775,1.00,5.80
2010.06.29 15:27:46.979,1.07735,1.0775,1.00,6.20
2010.06.29 15:27:47.337,1.0773,1.07745,2.40,1.00
2010.06.29 15:27:47.684,1.0773,1.07745,3.20,1.00
2010.06.29 15:27:49.646,1.0773,1.07745,2.40,1.80
2010.06.29 15:27:49.919,1.0773,1.07745,1.00,1.80
2010.06.29 15:27:50.172,1.0773,1.07745,1.60,1.80
2010.06.29 15:27:50.422,1.0773,1.07745,1.00,1.80
2010.06.29 15:27:50.805,1.0773,1.07745,1.00,2.60
2010.06.29 15:27:51.070,1.07725,1.07745,2.40,2.60
2010.06.29 15:27:51.322,1.07725,1.07745,2.40,1.80
2010.06.29 15:27:51.895,1.07725,1.07745,6.40,1.80
2010.06.29 15:27:52.168,1.0773,1.07745,1.00,1.00
2010.06.29 15:27:53.043,1.07735,1.07745,1.60,2.60
2010.06.29 15:27:53.337,1.0773,1.07745,1.60,4.20
2010.06.29 15:27:53.686,1.0773,1.07745,3.20,1.00
2010.06.29 15:27:54.033,1.0773,1.07745,4.00,1.00
2010.06.29 15:27:54.386,1.0773,1.0775,4.00,4.20
2010.06.29 15:27:55.779,1.0773,1.0775,4.00,5.40
2010.06.29 15:27:58.994,1.0773,1.0775,3.20,5.40
2010.06.29 15:27:59.590,1.0773,1.0775,3.20,3.80
2010.06.29 15:28:00.371,1.0773,1.0775,3.20,4.60
2010.06.29 15:28:00.593,1.0773,1.0775,3.20,6.20
2010.06.29 15:28:01.027,1.0773,1.0775,3.20,2.20
2010.06.29 15:28:01.338,1.07735,1.0775,1.00,1.00
2010.06.29 15:28:03.721,1.0773,1.0775,3.20,4.20
2010.06.29 15:28:04.011,1.0773,1.0775,2.40,5.80
2010.06.29 15:28:05.031,1.0773,1.0775,3.20,5.80
2010.06.29 15:28:06.626,1.0773,1.0775,3.20,6.20
2010.06.29 15:28:06.870,1.0773,1.0775,2.40,5.80
2010.06.29 15:28:07.059,1.0773,1.07745,3.20,1.00
2010.06.29 15:28:07.555,1.0773,1.07745,1.00,5.00
2010.06.29 15:28:07.759,1.07725,1.0774,2.40,1.00
2010.06.29 15:28:08.285,1.0772,1.07735,16.00,1.00
2010.06.29 15:28:08.636,1.07725,1.0774,1.00,1.00
2010.06.29 15:28:12.788,1.07725,1.0774,1.00,2.60
2010.06.29 15:28:12.860,1.07725,1.07735,1.00,1.20
2010.06.29 15:28:13.060,1.07725,1.07735,1.00,1.60
2010.06.29 15:28:13.130,1.07725,1.07735,1.00,4.00
2010.06.29 15:28:13.825,1.0772,1.07735,14.40,1.20
2010.06.29 15:28:14.170,1.0772,1.07735,13.60,1.20
2010.06.29 15:28:15.400,1.0772,1.07735,13.60,3.60
2010.06.29 15:28:15.859,1.0772,1.07735,12.80,4.80
2010.06.29 15:28:16.034,1.0772,1.07735,12.80,5.80
2010.06.29 15:28:18.197,1.0772,1.07735,12.80,5.40
2010.06.29 15:28:18.440,1.0772,1.07735,12.80,5.80
2010.06.29 15:28:18.766,1.0772,1.07735,12.80,6.20
2010.06.29 15:28:19.092,1.0772,1.07735,12.80,5.80
2010.06.29 15:28:19.423,1.0772,1.07735,12.80,7.90
2010.06.29 15:28:19.756,1.0772,1.0773,2.40,1.00
2010.06.29 15:28:20.433,1.0772,1.0773,1.60,1.00
2010.06.29 15:28:20.771,1.0772,1.07735,12.80,4.20
2010.06.29 15:28:23.798,1.07725,1.0773,1.00,1.00
2010.06.29 15:28:24.248,1.07735,1.07745,1.00,1.60
2010.06.29 15:28:24.917,1.07735,1.07755,2.40,2.60
2010.06.29 15:28:25.599,1.07735,1.07755,1.00,2.60
2010.06.29 15:28:26.300,1.0773,1.0775,2.40,1.80
2010.06.29 15:28:26.552,1.0773,1.0775,3.20,1.80
2010.06.29 15:28:26.801,1.0773,1.0775,4.00,1.80
2010.06.29 15:28:27.050,1.0773,1.0775,3.20,1.80
2010.06.29 15:28:29.780,1.07735,1.0775,1.00,1.80
2010.06.29 15:28:32.616,1.07735,1.0775,1.00,1.00
2010.06.29 15:28:32.952,1.07735,1.07755,1.60,1.80
2010.06.29 15:28:33.294,1.07735,1.07755,2.40,2.60
2010.06.29 15:28:33.632,1.07735,1.0775,2.40,1.00
2010.06.29 15:28:36.730,1.07735,1.0775,2.40,2.60
2010.06.29 15:28:37.249,1.07735,1.0775,2.40,3.80
2010.06.29 15:28:39.860,1.07735,1.0775,2.40,2.60
2010.06.29 15:28:43.420,1.07735,1.0775,2.40,3.40
2010.06.29 15:28:43.778,1.07735,1.0775,1.60,4.20
2010.06.29 15:28:44.025,1.0773,1.0775,2.40,5.00
2010.06.29 15:28:44.734,1.0774,1.0775,1.00,3.20
2010.06.29 15:28:45.332,1.0774,1.07755,1.00,5.80
2010.06.29 15:28:50.632,1.0774,1.0775,1.00,2.40
2010.06.29 15:28:50.878,1.0774,1.07755,1.60,3.40
2010.06.29 15:28:51.131,1.0774,1.07755,1.60,4.20
2010.06.29 15:28:51.385,1.0773,1.0775,2.80,2.20
2010.06.29 15:28:51.756,1.0773,1.0775,2.80,4.60
2010.06.29 15:28:51.948,1.0773,1.07745,2.40,1.00
2010.06.29 15:28:54.473,1.07735,1.0775,1.00,2.60
2010.06.29 15:28:56.561,1.07735,1.0775,1.00,2.40
2010.06.29 15:28:56.723,1.07735,1.0775,1.60,2.40
2010.06.29 15:28:56.887,1.0774,1.07755,2.40,4.50
2010.06.29 15:28:57.402,1.0774,1.07755,2.40,3.20
2010.06.29 15:29:01.218,1.0773,1.0775,3.20,7.80
2010.06.29 15:29:01.332,1.0773,1.0775,2.40,7.80
2010.06.29 15:29:01.451,1.0773,1.0775,1.00,7.40
2010.06.29 15:29:01.570,1.0773,1.07745,1.00,1.00
2010.06.29 15:29:01.690,1.0773,1.07745,1.00,2.60
2010.06.29 15:29:02.507,1.0773,1.07745,1.00,5.00
2010.06.29 15:29:02.843,1.07725,1.0774,1.00,1.00
2010.06.29 15:29:02.986,1.07725,1.0774,1.00,3.40
2010.06.29 15:29:03.506,1.07725,1.0774,1.00,4.20
2010.06.29 15:29:03.789,1.0772,1.07735,1.60,1.00
2010.06.29 15:29:04.255,1.0772,1.0773,11.20,1.00
2010.06.29 15:29:11.102,1.0772,1.0773,11.20,1.60
2010.06.29 15:29:11.360,1.0772,1.0773,10.40,2.60
2010.06.29 15:29:11.869,1.0772,1.0773,10.40,1.00
2010.06.29 15:29:12.436,1.0772,1.07735,10.40,3.40
2010.06.29 15:29:12.680,1.0772,1.07735,11.20,5.00
2010.06.29 15:29:13.220,1.0772,1.07735,11.20,5.80
2010.06.29 15:29:13.586,1.0772,1.07735,10.40,5.80
2010.06.29 15:29:13.936,1.0772,1.07735,11.20,5.00
2010.06.29 15:29:14.565,1.0772,1.0773,11.20,1.00
2010.06.29 15:29:16.543,1.0772,1.0773,11.20,1.60
2010.06.29 15:29:16.682,1.0772,1.0773,11.20,1.00
2010.06.29 15:29:17.986,1.0772,1.07735,11.20,4.00
2010.06.29 15:29:18.229,1.0772,1.07735,3.20,4.00
2010.06.29 15:29:18.478,1.07725,1.0774,1.60,1.80
2010.06.29 15:29:18.916,1.07725,1.0774,2.40,1.00
2010.06.29 15:29:19.272,1.0773,1.0774,1.00,1.60
2010.06.29 15:29:20.120,1.0773,1.0774,1.00,1.00
2010.06.29 15:29:20.470,1.07725,1.0774,2.40,1.60
2010.06.29 15:29:21.039,1.07725,1.07745,2.40,7.40
2010.06.29 15:29:21.287,1.07725,1.0774,2.40,1.00
2010.06.29 15:29:23.628,1.07725,1.07735,1.00,1.60
2010.06.29 15:29:23.978,1.07725,1.07735,1.00,4.00
2010.06.29 15:29:26.211,1.07725,1.0774,1.00,5.00
2010.06.29 15:29:26.528,1.07725,1.0774,1.00,4.20
2010.06.29 15:29:27.380,1.07725,1.0774,2.40,1.00
2010.06.29 15:29:27.611,1.07725,1.07745,2.40,2.60
2010.06.29 15:29:27.834,1.07725,1.07745,2.40,1.80
2010.06.29 15:29:29.447,1.07725,1.0774,1.00,1.00
2010.06.29 15:29:29.700,1.0772,1.07735,1.60,1.00
2010.06.29 15:29:30.280,1.0772,1.07735,11.20,1.80
2010.06.29 15:29:31.771,1.0772,1.0773,10.40,1.00
2010.06.29 15:29:33.160,1.0772,1.07735,11.20,5.00
2010.06.29 15:29:33.674,1.0772,1.07735,10.40,7.40
2010.06.29 15:29:33.886,1.0772,1.07735,10.40,6.60
2010.06.29 15:29:34.634,1.0772,1.0773,10.40,1.60
2010.06.29 15:29:35.657,1.0772,1.0773,10.40,1.00
2010.06.29 15:29:35.894,1.0772,1.0773,10.40,1.60
2010.06.29 15:29:37.333,1.0772,1.0773,10.40,1.00
2010.06.29 15:29:37.581,1.0772,1.0773,10.40,1.80
2010.06.29 15:29:37.890,1.0772,1.0773,10.40,1.00
2010.06.29 15:29:38.202,1.0772,1.0773,10.40,1.00
2010.06.29 15:29:38.829,1.0772,1.07735,10.40,2.60
2010.06.29 15:29:39.134,1.0772,1.07735,10.40,1.80
2010.06.29 15:29:39.442,1.0772,1.07735,10.40,2.60
2010.06.29 15:29:39.796,1.0772,1.07735,10.40,1.80
2010.06.29 15:29:41.494,1.0772,1.07735,10.40,5.80
2010.06.29 15:29:41.709,1.0772,1.0773,10.40,3.40
2010.06.29 15:29:41.925,1.0772,1.07725,10.40,1.60
2010.06.29 15:29:42.497,1.0772,1.0773,10.40,1.00
2010.06.29 15:29:42.749,1.0772,1.07735,11.20,6.60
2010.06.29 15:29:45.747,1.0772,1.07735,2.40,3.20
2010.06.29 15:29:45.955,1.0772,1.07735,2.40,4.00
2010.06.29 15:29:46.163,1.0772,1.07735,1.60,3.20
2010.06.29 15:29:46.796,1.0772,1.07735,11.20,4.20
2010.06.29 15:29:47.160,1.0772,1.07735,11.20,3.40
2010.06.29 15:29:47.477,1.0772,1.07735,11.20,4.90
2010.06.29 15:29:47.778,1.07735,1.07745,1.00,3.80
2010.06.29 15:29:48.417,1.07735,1.0775,1.60,3.00
2010.06.29 15:29:48.736,1.07735,1.0775,1.60,1.80
2010.06.29 15:29:49.677,1.07735,1.0775,1.00,1.80
2010.06.29 15:29:50.484,1.0773,1.0775,2.40,2.60
2010.06.29 15:29:51.805,1.0773,1.0775,2.40,1.80
2010.06.29 15:29:52.586,1.0773,1.0775,3.20,1.80
2010.06.29 15:29:52.900,1.07735,1.0775,1.00,1.80
2010.06.29 15:29:54.054,1.07735,1.0775,2.40,1.00
2010.06.29 15:29:54.413,1.0774,1.07755,1.00,1.80
2010.06.29 15:29:54.792,1.07755,1.0776,1.00,1.00
2010.06.29 15:29:55.449,1.07755,1.0777,1.00,1.00
2010.06.29 15:29:55.800,1.07745,1.0776,1.00,3.40
2010.06.29 15:29:56.147,1.07735,1.0775,2.80,1.00
2010.06.29 15:29:56.825,1.07735,1.0775,3.20,1.00
2010.06.29 15:29:57.173,1.07735,1.0775,2.40,1.00
2010.06.29 15:29:57.838,1.07735,1.0775,3.20,1.00
2010.06.29 15:29:58.035,1.07735,1.0775,1.00,1.00
2010.06.29 15:29:58.217,1.0773,1.0775,2.40,4.20
2010.06.29 15:29:58.880,1.0773,1.0774,1.60,2.20
2010.06.29 15:29:59.232,1.0772,1.0774,11.20,5.00
2010.06.29 15:29:59.851,1.0772,1.0774,2.40,5.80
2010.06.29 15:30:00.494,1.0772,1.0774,2.40,5.00
2010.06.29 15:30:01.524,1.0772,1.0774,4.80,2.60
2010.06.29 15:30:01.714,1.0772,1.0774,6.40,3.40
2010.06.29 15:30:02.245,1.0772,1.0773,10.40,1.80
2010.06.29 15:30:02.447,1.0772,1.0773,7.70,1.80
2010.06.29 15:30:03.485,1.0772,1.07725,7.70,1.00
2010.06.29 15:30:03.839,1.0772,1.07725,10.10,1.00
2010.06.29 15:30:04.481,1.0772,1.0773,8.50,1.60
2010.06.29 15:30:04.757,1.0772,1.07735,8.90,1.00
2010.06.29 15:30:05.040,1.0772,1.0774,8.90,6.20
2010.06.29 15:30:05.507,1.0772,1.0774,8.90,5.40
2010.06.29 15:30:05.863,1.07725,1.07745,2.40,1.40
2010.06.29 15:30:06.517,1.0773,1.07745,1.00,3.80
2010.06.29 15:30:06.865,1.0773,1.07745,1.00,1.40
2010.06.29 15:30:08.414,1.0773,1.07745,1.00,1.80
2010.06.29 15:30:11.133,1.0773,1.07745,1.00,4.20
2010.06.29 15:30:11.519,1.0773,1.07745,1.00,1.80
2010.06.29 15:30:12.356,1.07725,1.0774,2.40,1.00
2010.06.29 15:30:12.710,1.07725,1.0774,2.00,1.00
2010.06.29 15:30:13.373,1.07725,1.0774,1.00,4.20
2010.06.29 15:30:13.701,1.07725,1.0774,1.00,5.80
2010.06.29 15:30:14.454,1.07725,1.07735,1.00,1.80
2010.06.29 15:30:15.142,1.07725,1.07735,1.00,2.60
2010.06.29 15:30:16.006,1.0772,1.0773,6.50,1.80
2010.06.29 15:30:16.264,1.0772,1.0773,6.50,2.60
2010.06.29 15:30:16.505,1.0772,1.07725,6.50,1.00
2010.06.29 15:30:16.741,1.0772,1.07725,6.50,1.00
2010.06.29 15:30:17.459,1.0772,1.07725,5.70,1.00
2010.06.29 15:30:17.593,1.0772,1.07725,5.70,2.70
2010.06.29 15:30:17.725,1.0772,1.07725,5.70,8.10
2010.06.29 15:30:18.135,1.07705,1.0771,15.30,1.00
2010.06.29 15:30:18.277,1.077,1.0771,2.40,1.00
2010.06.29 15:30:18.416,1.0771,1.07715,4.00,1.00
2010.06.29 15:30:20.227,1.0771,1.07715,4.00,1.90
2010.06.29 15:30:20.690,1.0771,1.07715,4.00,3.30
2010.06.29 15:30:21.242,1.0771,1.07715,4.00,1.00
2010.06.29 15:30:21.479,1.0771,1.07715,1.00,1.00
2010.06.29 15:30:22.485,1.0771,1.0772,1.00,1.30
2010.06.29 15:30:22.767,1.0771,1.0772,4.00,1.30
2010.06.29 15:30:24.686,1.0771,1.0772,4.00,1.80
2010.06.29 15:30:29.079,1.0771,1.0772,4.00,1.00
2010.06.29 15:30:29.302,1.0771,1.07725,4.00,1.80
2010.06.29 15:30:35.747,1.0771,1.0773,7.20,5.80
2010.06.29 15:30:36.025,1.07715,1.0773,1.60,1.80
2010.06.29 15:30:36.301,1.07715,1.0773,2.40,1.80
2010.06.29 15:30:36.920,1.0772,1.0774,4.00,3.40
2010.06.29 15:30:37.225,1.0772,1.0774,4.00,4.20
2010.06.29 15:30:37.629,1.0772,1.0774,3.20,4.20
2010.06.29 15:30:37.950,1.0772,1.0773,1.00,1.00
2010.06.29 15:30:38.296,1.0771,1.07725,7.20,1.80
2010.06.29 15:30:38.946,1.0771,1.07725,8.00,1.00
2010.06.29 15:30:39.294,1.0771,1.0773,9.60,1.80
2010.06.29 15:30:39.643,1.0771,1.0773,8.80,1.80
2010.06.29 15:30:40.209,1.0771,1.0773,9.60,1.80
2010.06.29 15:30:40.399,1.0771,1.0773,8.80,1.80
2010.06.29 15:30:40.589,1.0771,1.0773,8.80,2.60
2010.06.29 15:30:41.720,1.0771,1.0773,8.80,1.80
2010.06.29 15:30:42.258,1.0771,1.0773,8.80,3.40
2010.06.29 15:30:42.784,1.0771,1.0773,6.40,5.80
2010.06.29 15:30:43.366,1.0771,1.07725,4.80,1.60
2010.06.29 15:30:45.298,1.0771,1.0773,8.80,4.20
2010.06.29 15:30:45.598,1.0771,1.0773,5.60,1.80
2010.06.29 15:30:46.549,1.07715,1.0773,1.00,1.00
2010.06.29 15:30:48.564,1.07715,1.07725,1.00,1.60
2010.06.29 15:30:48.804,1.07715,1.0773,1.00,2.60
2010.06.29 15:30:49.063,1.0771,1.0773,4.80,3.40
2010.06.29 15:30:49.314,1.0771,1.0773,2.40,5.00
2010.06.29 15:30:49.897,1.07715,1.0773,1.00,1.80
2010.06.29 15:30:50.424,1.07715,1.0773,1.00,2.60
2010.06.29 15:30:54.453,1.0771,1.07715,4.00,3.40
2010.06.29 15:30:54.842,1.0771,1.07715,4.00,1.80
2010.06.29 15:30:55.100,1.0771,1.0772,4.00,2.60
2010.06.29 15:30:56.511,1.0771,1.0772,4.00,1.80
2010.06.29 15:30:57.013,1.0771,1.0772,4.00,2.60
2010.06.29 15:30:57.198,1.0771,1.0772,4.00,1.80
2010.06.29 15:30:57.386,1.0771,1.0772,4.00,2.60
2010.06.29 15:30:58.561,1.0771,1.0772,4.00,1.80
2010.06.29 15:30:58.737,1.0771,1.07715,4.00,1.00
2010.06.29 15:30:59.266,1.0771,1.07715,4.00,1.00
2010.06.29 15:31:00.786,1.0771,1.0772,4.80,1.60
2010.06.29 15:31:01.141,1.0771,1.0773,6.00,3.30
2010.06.29 15:31:01.488,1.07715,1.0773,1.00,2.50
2010.06.29 15:31:01.837,1.07715,1.0773,1.00,1.80
2010.06.29 15:31:02.849,1.0771,1.0773,6.00,3.30
2010.06.29 15:31:03.463,1.0771,1.0773,6.80,2.50
2010.06.29 15:31:03.757,1.0771,1.0773,7.60,2.50
2010.06.29 15:31:04.787,1.0771,1.0773,6.00,3.30
2010.06.29 15:31:05.079,1.0771,1.07725,2.40,1.00
2010.06.29 15:31:05.366,1.07715,1.0773,1.00,5.00
2010.06.29 15:31:05.968,1.07715,1.07735,2.40,1.80
2010.06.29 15:31:06.318,1.0772,1.07735,1.00,1.80
2010.06.29 15:31:08.246,1.07715,1.07735,3.20,1.80
2010.06.29 15:31:08.595,1.07715,1.07735,6.40,1.80
2010.06.29 15:31:09.238,1.0772,1.07735,1.00,1.80
2010.06.29 15:31:10.383,1.0772,1.07735,1.60,1.00
2010.06.29 15:31:10.826,1.0772,1.0774,1.60,2.60
2010.06.29 15:31:11.129,1.07725,1.0774,1.00,1.00
2010.06.29 15:31:12.361,1.07725,1.0774,2.40,1.00
2010.06.29 15:31:12.679,1.0774,1.0776,4.00,4.60
2010.06.29 15:31:12.872,1.0774,1.0776,7.20,1.80
2010.06.29 15:31:13.419,1.0775,1.0777,2.40,5.00
2010.06.29 15:31:13.814,1.0775,1.0777,3.20,5.00
2010.06.29 15:31:14.168,1.0775,1.0777,3.20,2.60
2010.06.29 15:31:14.514,1.0775,1.0777,2.80,1.80
2010.06.29 15:31:14.946,1.0775,1.0777,2.40,2.60
2010.06.29 15:31:16.331,1.0775,1.0777,1.00,2.60
2010.06.29 15:31:16.931,1.0775,1.0777,2.40,2.60
2010.06.29 15:31:19.114,1.07755,1.0777,1.60,1.00
2010.06.29 15:31:19.471,1.07755,1.07775,1.00,6.20
2010.06.29 15:31:20.121,1.07755,1.07775,1.00,7.00
2010.06.29 15:31:21.418,1.07755,1.07775,1.00,5.40
2010.06.29 15:31:22.356,1.07755,1.07775,1.00,6.60
2010.06.29 15:31:22.639,1.07755,1.07765,1.00,1.00
2010.06.29 15:31:23.315,1.0775,1.07765,2.40,2.60
2010.06.29 15:31:24.256,1.0775,1.07765,2.40,1.80
2010.06.29 15:31:25.699,1.0775,1.07765,2.40,1.00
2010.06.29 15:31:26.014,1.07755,1.0777,1.00,1.80
2010.06.29 15:31:26.277,1.07755,1.0777,1.00,2.60
2010.06.29 15:31:26.852,1.07755,1.0777,1.60,2.60
2010.06.29 15:31:27.119,1.0775,1.0777,4.00,3.40
2010.06.29 15:31:28.995,1.0775,1.0777,4.00,1.80
2010.06.29 15:31:29.264,1.0775,1.0777,4.00,3.40
2010.06.29 15:31:30.076,1.0775,1.07765,1.60,1.80
2010.06.29 15:31:31.718,1.0775,1.07765,1.00,1.80
2010.06.29 15:31:31.962,1.07745,1.0776,4.40,1.00
2010.06.29 15:31:32.202,1.07745,1.07755,1.20,2.60
2010.06.29 15:31:32.737,1.0774,1.07755,5.60,1.00
2010.06.29 15:31:32.934,1.0774,1.07755,4.00,1.00
2010.06.29 15:31:33.133,1.07735,1.07755,4.40,2.60
2010.06.29 15:31:33.332,1.07735,1.07755,3.60,2.60
2010.06.29 15:31:33.841,1.07735,1.07755,2.80,2.60
2010.06.29 15:31:35.252,1.07735,1.07755,2.80,1.80
2010.06.29 15:31:35.556,1.07735,1.0775,2.40,2.60
2010.06.29 15:31:35.861,1.0773,1.0775,4.40,2.60
2010.06.29 15:31:36.198,1.0773,1.0775,6.80,1.00
2010.06.29 15:31:36.547,1.0773,1.0775,6.80,1.80
2010.06.29 15:31:36.897,1.0773,1.0775,6.00,1.80
2010.06.29 15:31:37.457,1.07735,1.0775,2.40,1.00
2010.06.29 15:31:41.142,1.07735,1.0775,6.80,1.00
2010.06.29 15:31:41.360,1.07735,1.0775,8.40,1.00
2010.06.29 15:31:41.579,1.07735,1.0775,9.20,1.00
2010.06.29 15:31:46.561,1.07735,1.0775,6.80,2.60
2010.06.29 15:31:46.839,1.0773,1.07735,1.00,1.00
2010.06.29 15:31:47.098,1.07725,1.07735,2.00,1.00
2010.06.29 15:31:47.664,1.07725,1.0774,1.00,2.60
2010.06.29 15:31:50.092,1.07725,1.0774,1.00,1.80
2010.06.29 15:31:51.275,1.07725,1.0774,1.60,1.80
2010.06.29 15:31:51.591,1.07735,1.07755,2.40,1.80
2010.06.29 15:31:52.326,1.07735,1.07755,2.40,2.60
2010.06.29 15:31:52.739,1.07735,1.07755,2.40,1.80
2010.06.29 15:31:53.290,1.07735,1.07755,4.80,1.80
2010.06.29 15:31:53.630,1.07735,1.07755,6.00,1.80
2010.06.29 15:31:54.259,1.07735,1.07755,8.40,1.80
2010.06.29 15:31:54.527,1.0774,1.07755,1.00,1.80
2010.06.29 15:31:55.600,1.0774,1.0775,1.00,1.00
2010.06.29 15:31:55.993,1.07735,1.0775,7.20,1.00
2010.06.29 15:31:56.672,1.07735,1.0775,4.80,1.00
2010.06.29 15:31:57.023,1.07735,1.0775,4.40,1.00
2010.06.29 15:31:57.582,1.07735,1.0775,2.80,1.00
2010.06.29 15:31:57.863,1.07735,1.0775,1.60,1.00
2010.06.29 15:31:58.140,1.07735,1.0775,2.40,1.00
2010.06.29 15:31:59.500,1.07735,1.07755,2.40,1.80
2010.06.29 15:32:01.085,1.07735,1.07755,2.40,2.60
2010.06.29 15:32:01.490,1.07735,1.0775,1.60,1.00
2010.06.29 15:32:01.753,1.07735,1.0775,1.00,1.00
2010.06.29 15:32:03.077,1.0773,1.0775,2.80,1.00
2010.06.29 15:32:03.226,1.0773,1.0775,2.00,5.00
2010.06.29 15:32:03.660,1.0773,1.07745,2.00,1.00
2010.06.29 15:32:04.566,1.0774,1.07755,1.00,1.80
2010.06.29 15:32:04.696,1.0774,1.07755,3.60,1.00
2010.06.29 15:32:05.130,1.0774,1.0776,4.40,3.40
2010.06.29 15:32:05.260,1.0774,1.0776,4.40,1.00
2010.06.29 15:32:05.941,1.07745,1.0776,1.60,1.00
2010.06.29 15:32:06.300,1.07745,1.07765,3.20,5.80
2010.06.29 15:32:08.092,1.0775,1.07765,1.00,1.80
2010.06.29 15:32:08.494,1.0775,1.07765,1.00,1.00
2010.06.29 15:32:08.718,1.07755,1.0777,1.60,1.80
2010.06.29 15:32:09.317,1.07755,1.0777,1.00,1.80
2010.06.29 15:32:09.657,1.0775,1.07765,2.40,1.00
2010.06.29 15:32:11.711,1.0775,1.0777,4.00,2.60
2010.06.29 15:32:11.967,1.07755,1.0777,1.00,1.80
2010.06.29 15:32:12.475,1.0775,1.0777,4.00,1.80
2010.06.29 15:32:13.064,1.0775,1.07765,1.60,4.20
2010.06.29 15:32:13.308,1.0775,1.07765,1.00,5.00
2010.06.29 15:32:13.877,1.0775,1.07765,3.20,1.00
2010.06.29 15:32:14.226,1.0775,1.07765,2.40,1.00
2010.06.29 15:32:16.240,1.07745,1.07765,7.60,1.80
2010.06.29 15:32:16.909,1.07745,1.0776,3.60,1.00
2010.06.29 15:32:18.000,1.07745,1.07765,3.60,3.40
2010.06.29 15:32:18.861,1.07745,1.0776,3.60,1.00
2010.06.29 15:32:19.879,1.07745,1.0776,4.80,1.00
2010.06.29 15:32:20.676,1.0774,1.07755,1.00,1.80
2010.06.29 15:32:20.882,1.07735,1.07755,1.20,1.80
2010.06.29 15:32:21.091,1.07735,1.0775,1.00,1.00
2010.06.29 15:32:24.352,1.0773,1.07745,2.80,4.80
2010.06.29 15:32:24.758,1.0773,1.07745,1.20,5.80
2010.06.29 15:32:25.106,1.07725,1.0774,1.00,1.00
2010.06.29 15:32:25.350,1.07725,1.07745,1.00,5.80
2010.06.29 15:32:26.788,1.0772,1.0774,4.00,5.80
2010.06.29 15:32:26.952,1.0772,1.07735,2.00,1.60
2010.06.29 15:32:27.113,1.0772,1.07735,1.00,2.60
2010.06.29 15:32:27.792,1.07715,1.07735,8.40,1.80
2010.06.29 15:32:29.145,1.07715,1.07735,6.00,3.40
2010.06.29 15:32:29.502,1.07715,1.0773,2.00,2.10
2010.06.29 15:32:29.706,1.07715,1.0772,1.00,1.00
2010.06.29 15:32:30.232,1.0771,1.0772,4.00,3.40
2010.06.29 15:32:30.808,1.0771,1.0772,4.00,1.00
2010.06.29 15:32:33.803,1.0771,1.0772,4.00,2.60
2010.06.29 15:32:34.284,1.0771,1.0772,4.00,3.40
2010.06.29 15:32:34.631,1.0771,1.0772,4.00,2.60
2010.06.29 15:32:34.806,1.0771,1.07715,4.00,2.60
2010.06.29 15:32:35.496,1.0771,1.07715,4.00,4.30
2010.06.29 15:32:36.499,1.077,1.0771,11.40,1.00
2010.06.29 15:32:38.977,1.077,1.0771,11.40,1.80
2010.06.29 15:32:39.584,1.077,1.0771,11.40,1.00
2010.06.29 15:32:39.945,1.077,1.07705,11.00,1.00
2010.06.29 15:32:40.203,1.077,1.07705,1.00,1.00
2010.06.29 15:32:40.612,1.077,1.0771,1.00,1.80
2010.06.29 15:32:41.461,1.077,1.0771,1.00,1.00
2010.06.29 15:32:42.127,1.0771,1.07715,3.10,1.80
2010.06.29 15:32:42.518,1.0771,1.07715,3.10,2.60
2010.06.29 15:32:42.717,1.0771,1.07715,3.10,1.00
2010.06.29 15:32:43.321,1.0771,1.07715,3.10,1.00
2010.06.29 15:32:46.210,1.0771,1.0772,3.10,1.00
2010.06.29 15:32:46.337,1.0771,1.0772,3.10,1.00
2010.06.29 15:32:48.209,1.0771,1.0772,3.10,1.00
2010.06.29 15:32:49.526,1.0771,1.0772,3.10,2.60
2010.06.29 15:32:49.883,1.0771,1.0772,3.10,1.80
2010.06.29 15:32:50.084,1.0771,1.0772,3.10,1.00
2010.06.29 15:32:50.620,1.0771,1.07725,3.10,1.00
2010.06.29 15:32:50.830,1.0771,1.07725,3.90,1.00
2010.06.29 15:32:56.997,1.0771,1.07725,3.90,1.80
2010.06.29 15:32:57.665,1.0771,1.0772,3.10,1.00
2010.06.29 15:32:57.840,1.0771,1.0772,3.10,1.80
2010.06.29 15:32:59.573,1.0771,1.0772,3.10,1.00
2010.06.29 15:33:00.871,1.0771,1.07725,3.10,1.80
2010.06.29 15:33:02.640,1.0771,1.07725,3.90,1.80
2010.06.29 15:33:02.892,1.0771,1.0773,8.70,2.60
2010.06.29 15:33:03.473,1.0771,1.0773,5.60,1.80
2010.06.29 15:33:03.722,1.0771,1.0773,6.40,1.80
2010.06.29 15:33:05.349,1.07715,1.0773,1.60,1.00
2010.06.29 15:33:05.863,1.07715,1.07735,4.00,1.80
2010.06.29 15:33:06.204,1.07715,1.07735,3.20,1.80
2010.06.29 15:33:06.888,1.07715,1.07735,6.00,1.80
2010.06.29 15:33:07.230,1.07715,1.07735,6.40,1.80
2010.06.29 15:33:07.934,1.0772,1.0774,6.40,2.60
2010.06.29 15:33:08.184,1.07725,1.07745,2.40,1.80
2010.06.29 15:33:10.004,1.07725,1.0774,1.00,1.00
2010.06.29 15:33:10.566,1.0772,1.0774,4.80,3.40
2010.06.29 15:33:10.800,1.0772,1.0774,7.20,1.80
2010.06.29 15:33:12.172,1.07725,1.0774,2.40,1.00
2010.06.29 15:33:12.338,1.0773,1.0774,1.00,1.00
2010.06.29 15:33:12.892,1.0773,1.07745,1.00,1.80
2010.06.29 15:33:13.513,1.07725,1.07745,3.60,1.80
2010.06.29 15:33:13.857,1.07725,1.07745,3.60,4.20
2010.06.29 15:33:14.455,1.0773,1.07745,1.00,1.80
2010.06.29 15:33:14.812,1.0773,1.07745,1.20,1.00
2010.06.29 15:33:15.732,1.0773,1.07745,1.20,2.60
2010.06.29 15:33:16.081,1.0772,1.07735,5.60,1.00
2010.06.29 15:33:16.742,1.0772,1.07735,6.40,1.00
2010.06.29 15:33:17.087,1.0772,1.07735,7.20,1.00
2010.06.29 15:33:17.434,1.0772,1.07735,6.40,1.00
2010.06.29 15:33:18.095,1.0772,1.07735,4.00,1.80
2010.06.29 15:33:18.421,1.07715,1.07735,6.00,1.80
2010.06.29 15:33:19.099,1.07715,1.07735,4.40,1.80
2010.06.29 15:33:19.450,1.07715,1.07735,6.00,1.80
2010.06.29 15:33:23.106,1.07715,1.07735,6.80,1.80
2010.06.29 15:33:24.261,1.07715,1.07735,6.00,1.80
2010.06.29 15:33:27.969,1.07715,1.07735,6.80,1.80
2010.06.29 15:33:28.023,1.07715,1.07735,7.60,1.80
2010.06.29 15:33:28.070,1.07715,1.07735,8.40,3.40
2010.06.29 15:33:28.471,1.07715,1.07735,7.60,1.80
2010.06.29 15:33:28.625,1.07715,1.07735,6.00,1.80
2010.06.29 15:33:31.860,1.0772,1.07735,2.40,1.80
2010.06.29 15:33:32.282,1.0772,1.07735,2.40,2.60
2010.06.29 15:33:32.700,1.0772,1.07735,2.40,1.80
2010.06.29 15:33:32.840,1.07715,1.07735,6.00,1.80
2010.06.29 15:33:35.983,1.0772,1.07735,2.40,1.80
2010.06.29 15:33:36.441,1.0772,1.07735,3.20,1.80
2010.06.29 15:33:36.882,1.0772,1.07735,1.00,1.80
2010.06.29 15:33:37.441,1.07715,1.07735,6.40,2.60
2010.06.29 15:33:38.520,1.07715,1.07735,4.00,2.60
2010.06.29 15:33:39.000,1.07715,1.07735,2.40,1.80
2010.06.29 15:33:39.555,1.07715,1.07735,2.40,2.60
2010.06.29 15:33:40.024,1.07715,1.07735,2.40,3.40
2010.06.29 15:33:40.298,1.07715,1.0773,1.00,1.00
2010.06.29 15:33:44.962,1.07715,1.0773,4.80,1.00
2010.06.29 15:33:45.254,1.07715,1.07735,5.20,1.80
2010.06.29 15:33:45.624,1.0772,1.07735,2.40,1.00
2010.06.29 15:33:45.869,1.0772,1.0774,7.60,1.80
2010.06.29 15:33:46.423,1.0772,1.0774,7.20,1.80
2010.06.29 15:33:47.084,1.0772,1.0774,7.60,1.80
2010.06.29 15:33:48.327,1.0772,1.0774,7.20,1.80
2010.06.29 15:33:48.631,1.0772,1.0774,6.40,1.80
2010.06.29 15:33:49.128,1.0772,1.07735,1.00,1.00
2010.06.29 15:33:49.306,1.07715,1.07735,2.80,1.80
2010.06.29 15:33:52.806,1.07715,1.07735,5.20,1.80
2010.06.29 15:33:52.969,1.07715,1.07735,6.00,1.80
2010.06.29 15:33:53.050,1.07715,1.07735,6.80,1.00
2010.06.29 15:33:53.513,1.0772,1.07735,1.60,1.00
2010.06.29 15:33:55.819,1.0772,1.07735,4.80,1.00
2010.06.29 15:33:56.020,1.0772,1.07735,5.60,1.00
2010.06.29 15:33:56.943,1.0772,1.07735,1.60,1.00
2010.06.29 15:33:59.640,1.07715,1.07735,2.80,1.00
2010.06.29 15:34:00.104,1.07715,1.07735,3.20,1.00
2010.06.29 15:34:00.187,1.0772,1.07735,1.60,1.00
2010.06.29 15:34:00.661,1.0772,1.07735,1.00,1.00
2010.06.29 15:34:00.738,1.07715,1.07735,2.80,1.80
2010.06.29 15:34:00.814,1.07715,1.07735,2.00,2.60
2010.06.29 15:34:00.894,1.07715,1.0773,2.00,1.00
2010.06.29 15:34:01.273,1.07715,1.0773,2.00,1.60
2010.06.29 15:34:01.620,1.0771,1.07725,4.20,1.80
2010.06.29 15:34:02.933,1.0771,1.07715,3.40,1.00
2010.06.29 15:34:03.592,1.0771,1.07715,2.60,5.80
2010.06.29 15:34:03.918,1.0771,1.07715,2.60,1.80
2010.06.29 15:34:08.262,1.0771,1.07715,2.60,1.00
2010.06.29 15:34:08.606,1.0771,1.0772,2.60,1.80
2010.06.29 15:34:14.175,1.0771,1.07715,2.60,1.00
2010.06.29 15:34:24.907,1.0771,1.0772,2.60,6.60
2010.06.29 15:34:25.702,1.0771,1.07715,2.60,1.00
2010.06.29 15:34:29.894,1.0771,1.07715,2.60,1.00
2010.06.29 15:34:30.260,1.0771,1.0772,2.60,4.20
2010.06.29 15:34:30.445,1.0771,1.07725,2.60,1.80
2010.06.29 15:34:31.746,1.0771,1.0772,2.60,1.00
2010.06.29 15:34:36.946,1.07705,1.0771,1.00,1.20
2010.06.29 15:34:37.059,1.07705,1.0771,1.00,2.00
2010.06.29 15:34:37.529,1.07705,1.0771,1.00,1.80
2010.06.29 15:34:37.650,1.07695,1.0771,6.40,1.00
2010.06.29 15:34:38.741,1.07685,1.07695,1.00,1.00
2010.06.29 15:34:39.094,1.07675,1.07695,7.60,2.60
2010.06.29 15:34:39.758,1.07675,1.07695,10.40,1.80
2010.06.29 15:34:40.379,1.07675,1.07695,6.80,1.80
2010.06.29 15:34:42.568,1.07675,1.07695,7.60,1.80
2010.06.29 15:34:42.819,1.07675,1.07695,6.80,1.80
2010.06.29 15:34:44.298,1.07675,1.07695,7.60,1.80
2010.06.29 15:34:45.074,1.07675,1.07695,6.80,1.80
2010.06.29 15:34:45.318,1.07675,1.07695,7.60,1.80
2010.06.29 15:34:46.829,1.07675,1.07695,6.80,1.80
2010.06.29 15:34:47.021,1.07675,1.07695,7.60,1.80
2010.06.29 15:34:47.570,1.07675,1.07695,7.20,1.80
2010.06.29 15:34:48.027,1.0768,1.07695,1.00,1.80
2010.06.29 15:34:48.601,1.0768,1.07695,1.00,1.00
2010.06.29 15:34:49.208,1.0768,1.07695,1.00,1.00
2010.06.29 15:34:49.557,1.07685,1.07695,1.00,1.00
2010.06.29 15:34:49.906,1.0768,1.07695,1.00,1.00
2010.06.29 15:34:50.153,1.07675,1.07695,6.80,1.00
2010.06.29 15:34:50.588,1.07675,1.07695,8.00,1.00
2010.06.29 15:34:51.142,1.07675,1.07695,7.20,1.00
2010.06.29 15:34:51.461,1.07685,1.07695,1.00,1.00
2010.06.29 15:34:52.089,1.07685,1.07695,2.40,1.00
2010.06.29 15:34:53.931,1.07685,1.07695,1.60,1.00
2010.06.29 15:34:54.011,1.0768,1.07695,2.80,1.00
2010.06.29 15:34:54.090,1.0768,1.07695,2.40,1.00
2010.06.29 15:34:55.040,1.07675,1.07695,6.40,1.80
2010.06.29 15:34:55.393,1.07675,1.0769,6.40,1.00
2010.06.29 15:34:56.075,1.07675,1.0769,4.00,2.60
2010.06.29 15:34:57.106,1.07675,1.0769,2.40,3.40
2010.06.29 15:34:57.459,1.07675,1.0769,1.60,2.60
2010.06.29 15:34:58.800,1.07675,1.0769,1.60,3.40
2010.06.29 15:34:59.003,1.0767,1.07685,4.30,1.00
2010.06.29 15:34:59.203,1.0767,1.07685,1.10,1.80
2010.06.29 15:34:59.402,1.0767,1.07685,1.00,2.60
2010.06.29 15:34:59.971,1.0767,1.07685,1.90,1.00
2010.06.29 15:35:00.640,1.0767,1.07685,1.90,1.00
2010.06.29 15:35:00.977,1.0767,1.07685,1.10,1.80
2010.06.29 15:35:04.159,1.0767,1.0768,1.00,1.00
2010.06.29 15:35:04.666,1.0767,1.0768,1.00,1.00
2010.06.29 15:35:07.683,1.07675,1.07685,1.00,1.00
2010.06.29 15:35:10.674,1.0768,1.0769,2.40,1.00
2010.06.29 15:35:10.951,1.07685,1.07695,1.60,1.00
2010.06.29 15:35:11.530,1.0768,1.07695,4.40,1.00
2010.06.29 15:35:11.564,1.0768,1.07695,4.80,1.00
2010.06.29 15:35:11.839,1.0768,1.07695,1.60,1.00
2010.06.29 15:35:12.842,1.07685,1.07695,1.00,1.60
2010.06.29 15:35:13.118,1.07685,1.077,1.00,1.00
2010.06.29 15:35:13.382,1.07685,1.077,1.00,1.00
2010.06.29 15:35:13.985,1.07685,1.077,1.00,1.80
2010.06.29 15:35:14.651,1.0768,1.077,6.00,1.80
2010.06.29 15:35:14.995,1.0768,1.077,6.00,2.60
2010.06.29 15:35:15.312,1.0768,1.077,6.00,1.80
2010.06.29 15:35:16.408,1.0768,1.077,6.80,1.80
2010.06.29 15:35:16.665,1.0768,1.077,6.40,1.80
2010.06.29 15:35:17.716,1.0768,1.077,6.80,1.80
2010.06.29 15:35:18.611,1.0768,1.077,6.00,1.80
2010.06.29 15:35:18.874,1.07685,1.077,1.00,1.80
2010.06.29 15:35:19.258,1.0769,1.077,1.20,1.80
2010.06.29 15:35:20.331,1.0769,1.077,1.20,2.60
2010.06.29 15:35:21.685,1.07685,1.07695,1.00,1.80
2010.06.29 15:35:22.302,1.07685,1.07695,1.20,1.80
2010.06.29 15:35:22.834,1.07695,1.07705,1.20,1.00
2010.06.29 15:35:23.023,1.077,1.0771,1.20,3.40
2010.06.29 15:35:23.587,1.077,1.07705,1.20,1.00
2010.06.29 15:35:23.785,1.077,1.07705,1.20,1.00
2010.06.29 15:35:23.985,1.07695,1.07705,2.00,1.00
2010.06.29 15:35:24.626,1.07695,1.07705,1.00,1.00
2010.06.29 15:35:25.891,1.07695,1.07715,3.60,1.80
2010.06.29 15:35:26.525,1.07695,1.07715,2.80,2.60
2010.06.29 15:35:26.894,1.07695,1.07715,2.80,5.00
2010.06.29 15:35:27.238,1.07695,1.0771,1.20,2.60
2010.06.29 15:35:27.879,1.07695,1.0771,1.20,3.40
2010.06.29 15:35:28.211,1.0769,1.07705,1.60,1.00
2010.06.29 15:35:28.523,1.0769,1.07705,3.20,1.00
2010.06.29 15:35:28.879,1.0769,1.07705,6.40,1.00
2010.06.29 15:35:29.226,1.0769,1.07705,2.40,1.00
2010.06.29 15:35:29.892,1.0769,1.077,1.60,1.00
2010.06.29 15:35:30.241,1.0769,1.07705,1.00,1.00
2010.06.29 15:35:31.585,1.077,1.07705,1.20,1.00
2010.06.29 15:35:32.714,1.07695,1.07705,2.40,1.00
2010.06.29 15:35:33.007,1.077,1.0771,1.20,2.60
2010.06.29 15:35:33.304,1.07705,1.07715,1.20,1.80
2010.06.29 15:35:33.714,1.07705,1.07715,1.20,1.00
2010.06.29 15:35:34.004,1.07705,1.07715,1.20,1.00
2010.06.29 15:35:35.596,1.07705,1.0771,1.20,1.00
2010.06.29 15:35:36.295,1.07705,1.07715,1.20,1.00
2010.06.29 15:35:38.525,1.07715,1.0773,2.80,1.00
2010.06.29 15:35:38.771,1.07715,1.07735,2.80,2.20
2010.06.29 15:35:39.121,1.07715,1.07735,2.00,2.20
2010.06.29 15:35:39.369,1.07715,1.0773,1.00,1.00
2010.06.29 15:35:39.718,1.0771,1.0773,2.50,5.00
2010.06.29 15:35:40.372,1.07715,1.07735,1.60,1.80
2010.06.29 15:35:40.597,1.0772,1.07735,2.40,1.80
2010.06.29 15:35:41.691,1.07715,1.0773,1.20,1.80
2010.06.29 15:35:42.031,1.07715,1.0773,1.20,2.60
2010.06.29 15:35:42.694,1.0772,1.07725,1.20,1.00
2010.06.29 15:35:42.971,1.0771,1.07725,3.20,1.80
2010.06.29 15:35:43.839,1.07705,1.07715,1.60,1.00
2010.06.29 15:35:44.162,1.07695,1.07715,7.20,1.80
2010.06.29 15:35:45.696,1.077,1.07715,1.00,1.80
2010.06.29 15:35:47.296,1.07695,1.07715,9.20,1.80
2010.06.29 15:35:48.436,1.07695,1.07715,8.40,1.80
2010.06.29 15:35:48.720,1.07695,1.07715,7.60,1.80
2010.06.29 15:35:49.283,1.077,1.07715,1.00,1.80
2010.06.29 15:35:49.563,1.077,1.07715,1.60,1.80
2010.06.29 15:35:51.510,1.077,1.07715,1.00,1.80
2010.06.29 15:35:52.790,1.077,1.07715,3.20,1.00
2010.06.29 15:35:53.600,1.077,1.07715,4.40,1.00
2010.06.29 15:35:57.380,1.07695,1.07715,2.40,4.20
2010.06.29 15:35:57.695,1.07695,1.0771,1.60,1.00
2010.06.29 15:36:01.706,1.077,1.07715,1.60,1.00
2010.06.29 15:36:02.058,1.077,1.07715,6.80,1.00
2010.06.29 15:36:02.829,1.07695,1.07715,2.40,5.80
2010.06.29 15:36:03.126,1.0769,1.07705,2.40,1.00
2010.06.29 15:36:03.539,1.0769,1.07705,1.00,1.00
2010.06.29 15:36:03.887,1.07685,1.07705,3.20,1.80
2010.06.29 15:36:04.509,1.07685,1.07705,4.00,1.80
2010.06.29 15:36:04.859,1.07685,1.077,2.40,2.60
2010.06.29 15:36:05.528,1.07685,1.077,1.20,4.20
2010.06.29 15:36:06.975,1.07685,1.07695,1.20,1.80
2010.06.29 15:36:07.243,1.07685,1.0769,1.20,1.00
2010.06.29 15:36:07.637,1.07685,1.0769,1.20,1.60
2010.06.29 15:36:07.912,1.07685,1.07695,1.20,1.80
2010.06.29 15:36:10.124,1.07685,1.0769,1.20,1.60
2010.06.29 15:36:10.771,1.07675,1.0769,7.60,2.60
2010.06.29 15:36:11.124,1.07685,1.07695,1.00,1.80
2010.06.29 15:36:13.134,1.07675,1.0769,3.60,1.80
2010.06.29 15:36:13.802,1.07675,1.0769,7.60,1.80
2010.06.29 15:36:16.489,1.0768,1.0769,1.20,1.80
2010.06.29 15:36:17.183,1.0768,1.0769,3.60,1.00
2010.06.29 15:36:17.822,1.07685,1.07695,1.20,1.80
2010.06.29 15:36:20.350,1.07685,1.07695,1.20,3.40
2010.06.29 15:36:20.860,1.07685,1.0769,1.20,1.00
2010.06.29 15:36:21.209,1.0768,1.07685,1.00,1.00
2010.06.29 15:36:22.107,1.07685,1.077,1.00,1.80
2010.06.29 15:36:22.433,1.0769,1.07705,1.20,1.80
2010.06.29 15:36:22.686,1.07685,1.07705,2.00,1.80
2010.06.29 15:36:23.119,1.0769,1.07705,1.00,1.80
2010.06.29 15:36:23.379,1.0769,1.0771,6.00,1.80
2010.06.29 15:36:25.806,1.0769,1.0771,5.20,1.80
2010.06.29 15:36:27.451,1.07695,1.0771,1.00,1.80
2010.06.29 15:36:28.046,1.0769,1.0771,3.60,1.80
2010.06.29 15:36:28.380,1.07695,1.07715,1.20,6.60
2010.06.29 15:36:28.707,1.077,1.07715,1.00,3.40
2010.06.29 15:36:29.038,1.077,1.0772,3.20,2.60
2010.06.29 15:36:29.814,1.07705,1.0772,1.20,1.00
2010.06.29 15:36:30.167,1.07705,1.07715,1.20,1.00
2010.06.29 15:36:30.508,1.07705,1.07725,1.20,5.00
2010.06.29 15:36:31.501,1.0771,1.07725,1.00,5.00
2010.06.29 15:36:33.905,1.0771,1.07725,1.20,5.00
2010.06.29 15:36:35.375,1.0771,1.0772,1.20,1.00
2010.06.29 15:36:35.489,1.0771,1.07725,1.20,5.00
2010.06.29 15:36:37.999,1.0771,1.07725,1.20,3.40
2010.06.29 15:36:38.982,1.0771,1.07725,1.20,9.80
2010.06.29 15:36:41.640,1.07705,1.07725,1.20,9.80
2010.06.29 15:36:42.460,1.07705,1.07725,1.20,3.40
2010.06.29 15:36:43.064,1.0771,1.07725,1.20,3.40
2010.06.29 15:36:44.350,1.0771,1.07725,1.20,1.00
2010.06.29 15:36:44.381,1.0771,1.07725,1.20,1.00
2010.06.29 15:36:44.633,1.07715,1.07735,2.00,1.00
2010.06.29 15:36:44.877,1.07715,1.07735,1.20,1.00
2010.06.29 15:36:47.286,1.07715,1.07735,4.40,1.00
2010.06.29 15:36:47.636,1.07715,1.07735,2.00,1.00
2010.06.29 15:36:48.655,1.07715,1.07735,4.40,1.00
2010.06.29 15:36:50.422,1.07725,1.07745,1.20,7.40
2010.06.29 15:36:51.054,1.0773,1.07745,1.00,1.00
2010.06.29 15:36:52.120,1.0773,1.07745,1.20,1.00
2010.06.29 15:36:54.251,1.0773,1.0775,2.00,3.00
2010.06.29 15:36:54.444,1.0773,1.0775,2.00,2.20
2010.06.29 15:36:54.983,1.0773,1.0775,2.00,4.00
2010.06.29 15:36:55.163,1.0773,1.0774,1.20,1.00
2010.06.29 15:36:55.680,1.0772,1.0774,5.20,2.40
2010.06.29 15:36:55.968,1.0772,1.07735,1.20,1.00
2010.06.29 15:36:57.355,1.0772,1.07735,2.00,1.00
2010.06.29 15:36:57.662,1.0772,1.0774,2.80,1.00
2010.06.29 15:36:58.290,1.0772,1.0774,2.00,11.60
2010.06.29 15:36:58.589,1.0772,1.07735,1.00,1.00
2010.06.29 15:36:58.889,1.0772,1.0774,4.00,1.00
2010.06.29 15:37:00.294,1.0772,1.0774,4.80,1.00
2010.06.29 15:37:00.451,1.07725,1.0774,2.40,1.00
2010.06.29 15:37:00.773,1.07725,1.07745,2.40,1.00
2010.06.29 15:37:01.202,1.07725,1.07745,3.20,1.00
2010.06.29 15:37:01.548,1.07725,1.07745,3.40,1.00
2010.06.29 15:37:02.226,1.07725,1.07745,3.20,1.00
2010.06.29 15:37:02.917,1.07725,1.07745,3.20,11.20
2010.06.29 15:37:03.265,1.07725,1.07745,1.00,12.00
2010.06.29 15:37:04.022,1.07725,1.07745,1.00,11.20
2010.06.29 15:37:04.292,1.07725,1.07745,1.00,12.20
2010.06.29 15:37:04.549,1.07725,1.0774,1.00,1.00
2010.06.29 15:37:05.418,1.07725,1.07745,4.00,1.00
2010.06.29 15:37:05.713,1.07725,1.07745,3.20,1.00
2010.06.29 15:37:06.415,1.07725,1.07745,4.00,1.00
2010.06.29 15:37:06.773,1.07735,1.07745,1.20,1.00
2010.06.29 15:37:08.910,1.0773,1.07745,1.20,1.00
2010.06.29 15:37:10.382,1.07725,1.07745,1.20,1.00
2010.06.29 15:37:11.566,1.07725,1.07745,1.20,10.60
2010.06.29 15:37:12.151,1.07725,1.07745,1.20,1.00
2010.06.29 15:37:12.417,1.0772,1.07745,6.40,1.00
2010.06.29 15:37:16.291,1.0772,1.07745,5.60,1.80
2010.06.29 15:37:17.176,1.0772,1.07745,6.00,1.80
2010.06.29 15:37:17.455,1.0772,1.07745,4.80,1.80
2010.06.29 15:37:18.421,1.0772,1.07745,4.00,1.80
2010.06.29 15:37:18.640,1.07715,1.07735,2.00,4.80
2010.06.29 15:37:19.317,1.0771,1.0773,3.20,5.60
2010.06.29 15:37:19.642,1.07705,1.0773,4.80,14.60
2010.06.29 15:37:20.662,1.07705,1.0773,4.40,14.60
2010.06.29 15:37:20.946,1.07705,1.0773,6.20,11.40
2010.06.29 15:37:22.183,1.0771,1.07735,5.60,1.80
2010.06.29 15:37:22.474,1.0771,1.07735,6.40,1.80
2010.06.29 15:37:22.761,1.0771,1.07735,8.00,1.80
2010.06.29 15:37:23.394,1.07715,1.07735,2.00,1.00
2010.06.29 15:37:23.746,1.07715,1.07735,4.40,1.00
2010.06.29 15:37:24.098,1.07715,1.07735,2.00,1.00
2010.06.29 15:37:24.251,1.07715,1.0774,2.00,10.60
2010.06.29 15:37:24.551,1.07715,1.0774,2.00,8.20
2010.06.29 15:37:25.434,1.0772,1.0774,1.00,7.20
2010.06.29 15:37:25.762,1.07725,1.0775,3.60,13.80
2010.06.29 15:37:26.137,1.0773,1.0775,1.20,12.20
2010.06.29 15:37:26.488,1.0773,1.0775,2.40,1.00
2010.06.29 15:37:27.135,1.07725,1.07745,3.60,4.80
2010.06.29 15:37:27.487,1.07725,1.07745,3.60,7.20
2010.06.29 15:37:29.692,1.07725,1.07745,3.60,6.40
2010.06.29 15:37:30.759,1.07725,1.07745,4.40,6.60
2010.06.29 15:37:30.905,1.07725,1.07745,5.20,8.20
2010.06.29 15:37:31.360,1.07725,1.07745,2.80,10.60
2010.06.29 15:37:31.571,1.07725,1.0774,1.00,4.80
2010.06.29 15:37:31.781,1.0772,1.0774,5.40,9.00
2010.06.29 15:37:32.405,1.0772,1.07735,1.00,2.60
2010.06.29 15:37:35.225,1.0772,1.07735,1.00,1.00
2010.06.29 15:37:38.382,1.0772,1.0774,2.80,1.00
2010.06.29 15:37:38.576,1.0772,1.0774,4.00,1.00
2010.06.29 15:37:41.018,1.07725,1.0774,2.40,1.00
2010.06.29 15:37:41.183,1.0773,1.07745,1.00,5.00
2010.06.29 15:37:41.342,1.0773,1.07745,1.00,1.00
2010.06.29 15:37:41.812,1.07735,1.0775,1.00,1.80
2010.06.29 15:37:42.003,1.07735,1.0775,1.00,1.00
2010.06.29 15:37:44.711,1.07735,1.0775,3.20,1.00
2010.06.29 15:37:45.014,1.0774,1.07755,1.00,11.40
2010.06.29 15:37:45.400,1.0774,1.07755,1.00,7.20
2010.06.29 15:37:45.573,1.07745,1.0776,1.00,5.00
2010.06.29 15:37:45.735,1.07745,1.0776,1.00,1.00
2010.06.29 15:37:46.387,1.0774,1.07755,1.60,1.00
2010.06.29 15:37:46.734,1.0774,1.07755,2.80,1.00
2010.06.29 15:37:47.073,1.0774,1.07755,4.00,1.00
2010.06.29 15:37:47.705,1.0774,1.07755,1.60,1.00
2010.06.29 15:37:50.566,1.0774,1.0776,1.60,8.20
2010.06.29 15:37:50.788,1.0774,1.0776,1.60,7.40
2010.06.29 15:37:51.473,1.0775,1.0776,2.40,5.80
2010.06.29 15:37:51.989,1.0775,1.0776,2.40,5.00
2010.06.29 15:37:52.212,1.07745,1.0776,2.40,1.00
2010.06.29 15:37:53.761,1.07745,1.07765,1.60,1.80
2010.06.29 15:37:54.065,1.07745,1.07765,1.60,5.80
2010.06.29 15:37:54.405,1.07745,1.07765,4.00,1.80
2010.06.29 15:37:55.640,1.07745,1.07765,1.60,1.80
2010.06.29 15:37:56.268,1.07745,1.07765,1.60,5.80
2010.06.29 15:37:56.629,1.07745,1.07765,1.60,8.20
2010.06.29 15:37:56.823,1.07745,1.0776,1.60,1.00
2010.06.29 15:37:57.293,1.0774,1.0775,3.60,1.00
2010.06.29 15:37:57.551,1.0774,1.0775,1.60,1.80
2010.06.29 15:37:58.064,1.07735,1.0775,2.00,1.00
2010.06.29 15:37:58.322,1.0774,1.07755,3.20,1.00
2010.06.29 15:37:58.974,1.0774,1.07755,4.40,1.00
2010.06.29 15:37:59.896,1.0774,1.07755,1.60,1.00
2010.06.29 15:38:00.438,1.0774,1.07755,1.00,1.00
2010.06.29 15:38:02.501,1.07745,1.07755,2.40,1.00
2010.06.29 15:38:02.705,1.07745,1.0776,2.40,1.00
2010.06.29 15:38:03.419,1.07745,1.0776,2.40,4.20
2010.06.29 15:38:03.620,1.07745,1.07755,2.40,1.00
2010.06.29 15:38:11.503,1.0775,1.0776,2.40,1.00
2010.06.29 15:38:11.713,1.0775,1.0776,2.40,4.20
2010.06.29 15:38:15.736,1.0775,1.0776,2.40,1.00
2010.06.29 15:38:18.325,1.07755,1.0776,1.00,1.00
2010.06.29 15:38:19.185,1.0775,1.0776,1.00,1.00
2010.06.29 15:38:19.394,1.07745,1.0776,5.60,1.00
2010.06.29 15:38:20.155,1.0775,1.0776,2.40,1.00
2010.06.29 15:38:22.620,1.07745,1.0776,6.40,1.00
2010.06.29 15:38:22.939,1.0775,1.0776,2.40,1.00
2010.06.29 15:38:26.802,1.0775,1.0777,4.80,3.40
2010.06.29 15:38:27.032,1.0775,1.0777,4.80,1.00
2010.06.29 15:38:27.677,1.0775,1.0777,4.80,1.00
2010.06.29 15:38:27.984,1.07765,1.07775,2.40,1.00
2010.06.29 15:38:28.609,1.0779,1.07795,2.40,8.00
2010.06.29 15:38:28.943,1.07785,1.07805,4.00,1.00
2010.06.29 15:38:29.487,1.07785,1.078,3.20,1.00
2010.06.29 15:38:29.768,1.07785,1.078,3.80,1.00
2010.06.29 15:38:31.624,1.07795,1.0781,1.00,3.40
2010.06.29 15:38:31.834,1.078,1.07815,3.20,8.20
2010.06.29 15:38:32.213,1.078,1.07815,3.20,6.60
2010.06.29 15:38:32.420,1.078,1.0782,4.00,1.80
2010.06.29 15:38:32.947,1.07795,1.0781,3.20,1.00
2010.06.29 15:38:33.312,1.07795,1.0781,2.40,1.00
2010.06.29 15:38:34.421,1.0779,1.0781,2.80,8.60
2010.06.29 15:38:34.792,1.0779,1.07805,1.60,1.00
2010.06.29 15:38:35.159,1.0779,1.07805,1.00,1.00
2010.06.29 15:38:41.620,1.0779,1.0781,4.00,1.00
2010.06.29 15:38:42.615,1.0779,1.0781,4.00,1.80
2010.06.29 15:38:44.350,1.0779,1.0781,4.00,1.00
2010.06.29 15:38:45.471,1.0779,1.0781,1.60,1.00
2010.06.29 15:38:45.681,1.0779,1.07805,1.60,1.20
2010.06.29 15:38:46.090,1.0779,1.07805,4.00,1.20
2010.06.29 15:38:46.313,1.07795,1.0781,1.60,1.00
2010.06.29 15:38:46.532,1.07795,1.07815,1.60,5.40
2010.06.29 15:38:46.911,1.07795,1.07815,1.60,4.60
2010.06.29 15:38:47.710,1.07795,1.07815,1.60,5.40
2010.06.29 15:38:48.053,1.07795,1.07815,1.60,4.60
2010.06.29 15:38:48.679,1.07795,1.0781,1.60,1.20
2010.06.29 15:38:49.372,1.07795,1.07815,4.00,5.00
2010.06.29 15:38:49.652,1.07795,1.0781,5.00,1.00
2010.06.29 15:38:50.002,1.07795,1.07815,5.00,1.00
2010.06.29 15:38:50.291,1.07795,1.07815,1.60,3.40
2010.06.29 15:38:52.540,1.07795,1.07815,4.00,1.00
2010.06.29 15:38:56.972,1.07795,1.07815,1.60,1.00
2010.06.29 15:39:00.416,1.0779,1.0781,1.60,1.80
2010.06.29 15:39:00.662,1.07785,1.07805,1.60,4.20
2010.06.29 15:39:01.247,1.07785,1.07805,4.00,4.20
2010.06.29 15:39:01.596,1.07785,1.07805,4.00,1.00
2010.06.29 15:39:02.314,1.07785,1.07805,4.40,1.00
2010.06.29 15:39:06.100,1.07785,1.07805,12.40,1.00
2010.06.29 15:39:06.159,1.07785,1.07805,14.00,1.00
2010.06.29 15:39:06.620,1.07785,1.07805,10.00,1.00
2010.06.29 15:39:06.964,1.07785,1.07805,4.40,1.00
2010.06.29 15:39:14.587,1.07785,1.07805,2.00,1.00
2010.06.29 15:39:15.490,1.07785,1.07805,4.40,1.00
2010.06.29 15:39:20.180,1.0779,1.07805,2.40,1.00
2010.06.29 15:39:21.055,1.0779,1.07805,2.80,1.00
2010.06.29 15:39:23.462,1.0779,1.07805,4.00,1.00
2010.06.29 15:39:23.604,1.0779,1.0781,4.40,1.80
2010.06.29 15:39:23.709,1.0779,1.0781,4.40,1.00
2010.06.29 15:39:24.652,1.0779,1.0781,4.00,1.00
2010.06.29 15:39:24.947,1.0779,1.0781,4.40,1.00
2010.06.29 15:39:25.741,1.07795,1.0781,4.00,1.00
2010.06.29 15:39:26.425,1.07795,1.0781,1.60,1.00
2010.06.29 15:39:26.776,1.07795,1.0781,4.00,1.00
2010.06.29 15:39:27.123,1.07795,1.07815,4.40,1.80
2010.06.29 15:39:27.605,1.07795,1.07815,4.40,1.00
2010.06.29 15:39:27.958,1.07795,1.07815,4.00,1.00
2010.06.29 15:39:28.839,1.078,1.07815,1.00,1.00
2010.06.29 15:39:29.970,1.078,1.07815,1.00,1.80
2010.06.29 15:39:30.721,1.078,1.07815,1.00,1.00
2010.06.29 15:39:31.870,1.078,1.07815,1.60,1.00
2010.06.29 15:39:37.900,1.078,1.07815,1.00,1.00
2010.06.29 15:39:38.009,1.07795,1.07815,1.60,1.00
2010.06.29 15:39:38.222,1.07795,1.07815,4.00,1.00
2010.06.29 15:39:38.333,1.07795,1.07815,4.80,1.00
2010.06.29 15:39:39.000,1.078,1.07815,1.60,1.00
2010.06.29 15:39:39.320,1.07795,1.07815,4.00,5.00
2010.06.29 15:39:39.974,1.0779,1.07805,4.00,1.00
2010.06.29 15:39:40.326,1.07785,1.07805,1.60,4.20
2010.06.29 15:39:40.727,1.07785,1.07805,1.00,4.20
2010.06.29 15:39:41.077,1.07785,1.078,1.00,1.00
2010.06.29 15:39:46.476,1.0778,1.07795,4.00,1.00
2010.06.29 15:39:50.634,1.0778,1.07795,2.40,1.00
2010.06.29 15:39:50.893,1.0778,1.07795,4.00,1.00
2010.06.29 15:39:52.100,1.0778,1.07795,1.60,1.00
2010.06.29 15:39:52.453,1.07775,1.07795,3.20,1.80
2010.06.29 15:39:52.640,1.07775,1.07795,3.20,1.00
2010.06.29 15:39:53.451,1.07775,1.0779,6.60,1.00
2010.06.29 15:39:53.718,1.07775,1.0779,1.60,1.00
2010.06.29 15:39:54.564,1.0777,1.0779,17.20,1.00
2010.06.29 15:39:55.800,1.07775,1.0779,1.60,1.00
2010.06.29 15:39:56.639,1.0777,1.0779,14.60,1.00
2010.06.29 15:39:56.850,1.0777,1.0779,13.00,1.00
2010.06.29 15:39:57.190,1.0777,1.0779,10.20,1.00
2010.06.29 15:39:57.654,1.07775,1.0779,1.00,1.00
2010.06.29 15:39:57.992,1.0777,1.0779,10.20,1.00
2010.06.29 15:39:58.330,1.0777,1.0779,9.80,1.00
2010.06.29 15:39:59.350,1.0777,1.0779,13.80,1.00
2010.06.29 15:39:59.479,1.0777,1.0779,16.20,1.00
2010.06.29 15:40:00.609,1.0777,1.0779,9.80,1.00
2010.06.29 15:40:03.861,1.0777,1.0779,13.80,1.00
2010.06.29 15:40:04.021,1.0777,1.0779,11.40,1.00
2010.06.29 15:40:04.454,1.0777,1.0779,5.80,1.00
2010.06.29 15:40:04.618,1.07765,1.07785,6.40,1.00
2010.06.29 15:40:04.968,1.07765,1.07785,7.40,1.00
2010.06.29 15:40:09.640,1.07765,1.07785,7.40,5.00
2010.06.29 15:40:11.754,1.07765,1.07785,7.40,1.00
2010.06.29 15:40:12.109,1.07765,1.07785,5.00,7.40
2010.06.29 15:40:12.220,1.07765,1.07785,5.00,11.40
2010.06.29 15:40:12.439,1.07765,1.07785,4.00,12.20
2010.06.29 15:40:12.651,1.07765,1.07785,4.60,11.40
2010.06.29 15:40:12.872,1.07765,1.07785,7.00,7.40
2010.06.29 15:40:13.090,1.07765,1.07785,7.00,5.00
2010.06.29 15:40:13.695,1.07765,1.07785,7.00,1.00
2010.06.29 15:40:13.891,1.07765,1.07785,7.00,5.00
2010.06.29 15:40:15.352,1.07765,1.07785,7.00,12.20
2010.06.29 15:40:15.736,1.07765,1.07785,4.60,12.20
2010.06.29 15:40:15.974,1.07765,1.07785,4.00,12.20
2010.06.29 15:40:17.481,1.07765,1.07785,4.00,1.00
2010.06.29 15:40:24.983,1.07765,1.07785,6.40,1.00
2010.06.29 15:40:36.091,1.0777,1.07785,4.00,1.00
2010.06.29 15:40:36.433,1.0777,1.0778,1.00,1.00
2010.06.29 15:40:36.579,1.07765,1.0778,6.40,1.00
2010.06.29 15:40:36.731,1.07765,1.0778,7.40,1.00
2010.06.29 15:40:37.353,1.07765,1.0778,7.80,1.00
2010.06.29 15:40:39.828,1.07765,1.0778,7.00,1.00
2010.06.29 15:40:39.977,1.07765,1.0778,4.00,1.00
2010.06.29 15:40:40.731,1.07765,1.0778,7.00,1.00
2010.06.29 15:40:43.593,1.0777,1.07785,1.00,1.00
2010.06.29 15:40:44.077,1.0777,1.07785,1.60,1.00
2010.06.29 15:40:45.186,1.0777,1.07785,1.60,1.00
2010.06.29 15:40:45.545,1.07765,1.0778,2.40,1.00
2010.06.29 15:40:45.896,1.07765,1.0778,4.00,1.00
2010.06.29 15:40:46.562,1.07775,1.07785,1.00,1.00
2010.06.29 15:40:47.255,1.07765,1.0778,5.60,1.00
2010.06.29 15:40:47.823,1.07765,1.0778,3.20,1.00
2010.06.29 15:40:48.117,1.0777,1.07785,2.40,1.00
2010.06.29 15:40:48.957,1.0777,1.07785,3.20,1.00
2010.06.29 15:40:49.250,1.0777,1.07785,2.40,1.00
2010.06.29 15:40:49.874,1.0777,1.07785,4.00,1.00
2010.06.29 15:40:50.539,1.07775,1.07795,4.00,5.00
2010.06.29 15:40:51.166,1.07775,1.0779,4.00,1.00
2010.06.29 15:40:51.439,1.07775,1.0779,3.20,1.00
2010.06.29 15:40:53.941,1.0778,1.07795,1.00,5.80
2010.06.29 15:40:54.345,1.0778,1.07795,1.00,5.00
2010.06.29 15:40:54.572,1.0778,1.07795,1.00,1.00
2010.06.29 15:40:55.343,1.0778,1.07795,1.00,1.80
2010.06.29 15:40:55.684,1.07775,1.07795,4.00,1.00
2010.06.29 15:40:56.386,1.0778,1.07795,1.00,1.00
2010.06.29 15:40:56.851,1.07775,1.07795,4.00,1.80
2010.06.29 15:40:57.199,1.07775,1.07795,4.20,1.00
2010.06.29 15:40:57.858,1.0778,1.078,1.60,2.60
2010.06.29 15:40:58.209,1.0778,1.078,4.00,1.80
2010.06.29 15:40:59.837,1.0778,1.078,1.60,1.80
2010.06.29 15:41:00.171,1.0778,1.078,1.60,1.00
2010.06.29 15:41:00.779,1.0778,1.078,1.60,1.80
2010.06.29 15:41:02.810,1.0778,1.078,1.60,4.20
2010.06.29 15:41:03.017,1.0778,1.078,1.60,10.60
2010.06.29 15:41:03.825,1.0778,1.078,1.60,8.20
2010.06.29 15:41:04.075,1.0778,1.078,1.60,9.80
2010.06.29 15:41:04.366,1.0778,1.078,1.60,3.40
2010.06.29 15:41:04.955,1.0778,1.078,4.00,1.00
2010.06.29 15:41:05.251,1.0778,1.07795,1.00,1.00
2010.06.29 15:41:05.578,1.0777,1.0779,2.40,4.20
2010.06.29 15:41:06.213,1.0777,1.0779,1.60,7.40
2010.06.29 15:41:06.536,1.0777,1.0779,1.60,8.20
2010.06.29 15:41:07.216,1.0777,1.07785,1.60,1.00
2010.06.29 15:41:07.570,1.07765,1.0778,1.00,1.00
2010.06.29 15:41:07.918,1.07765,1.0778,1.00,1.00
2010.06.29 15:41:08.267,1.07765,1.07775,2.40,1.00
2010.06.29 15:41:08.459,1.0778,1.0779,2.40,1.00
2010.06.29 15:41:08.655,1.07775,1.0779,2.40,1.00
2010.06.29 15:41:08.846,1.0777,1.0779,6.40,4.20
2010.06.29 15:41:09.197,1.0777,1.0779,6.40,1.80
2010.06.29 15:41:09.408,1.0777,1.07785,1.00,1.00
2010.06.29 15:41:10.102,1.07765,1.0778,1.00,1.00
2010.06.29 15:41:10.783,1.07765,1.0778,1.60,1.00
2010.06.29 15:41:11.985,1.0777,1.07785,1.00,1.00
2010.06.29 15:41:13.682,1.07765,1.07785,10.40,1.00
2010.06.29 15:41:13.854,1.07765,1.07785,7.20,1.00
2010.06.29 15:41:14.023,1.07765,1.07785,11.20,1.00
2010.06.29 15:41:14.193,1.07765,1.07785,7.20,1.80
2010.06.29 15:41:14.363,1.07765,1.0778,6.40,1.00
2010.06.29 15:41:14.703,1.07765,1.0778,1.60,1.00
2010.06.29 15:41:14.944,1.0776,1.07775,4.00,1.00
2010.06.29 15:41:15.181,1.0776,1.0778,4.00,1.00
2010.06.29 15:41:15.776,1.07765,1.0778,1.00,1.00
2010.06.29 15:41:16.121,1.07765,1.07785,4.00,2.60
2010.06.29 15:41:16.853,1.07765,1.0778,1.00,1.00
2010.06.29 15:41:17.201,1.0776,1.07775,2.40,1.00
2010.06.29 15:41:17.548,1.0776,1.07775,1.60,1.00
2010.06.29 15:41:18.191,1.07765,1.0778,1.00,1.00
2010.06.29 15:41:18.813,1.07765,1.0778,1.00,1.80
2010.06.29 15:41:21.512,1.07765,1.0778,3.20,1.00
2010.06.29 15:41:21.940,1.07765,1.0778,1.00,1.00
2010.06.29 15:41:24.318,1.0777,1.07785,2.80,1.00
2010.06.29 15:41:24.644,1.0777,1.07785,4.40,1.00
2010.06.29 15:41:25.622,1.07765,1.0778,5.60,1.00
2010.06.29 15:41:25.910,1.0776,1.07775,5.20,1.00
2010.06.29 15:41:26.501,1.0776,1.07775,1.00,1.80
2010.06.29 15:41:28.677,1.0776,1.07775,1.00,1.00
2010.06.29 15:41:30.602,1.0776,1.07775,1.00,1.00
2010.06.29 15:41:30.877,1.0776,1.07775,1.20,1.00
2010.06.29 15:41:31.425,1.0776,1.0778,4.00,1.80
2010.06.29 15:41:31.631,1.07755,1.07775,1.60,1.80
2010.06.29 15:41:33.372,1.0776,1.07775,1.00,1.80
2010.06.29 15:41:33.630,1.0775,1.07765,3.20,1.00
2010.06.29 15:41:34.202,1.07745,1.0776,3.20,1.00
2010.06.29 15:41:34.458,1.07745,1.0776,1.00,1.00
2010.06.29 15:41:35.759,1.07745,1.07765,1.60,1.00
2010.06.29 15:41:36.634,1.0775,1.07765,1.00,1.00
2010.06.29 15:41:37.311,1.0775,1.07765,1.00,1.80
2010.06.29 15:41:37.654,1.0775,1.07765,3.20,1.00
2010.06.29 15:41:38.042,1.0775,1.07765,1.00,1.00
2010.06.29 15:41:38.584,1.0775,1.07765,3.20,1.00
2010.06.29 15:41:38.776,1.0775,1.07765,1.00,1.00
2010.06.29 15:41:39.466,1.07745,1.07765,1.60,4.20
2010.06.29 15:41:40.310,1.07745,1.0776,1.60,2.40
2010.06.29 15:41:40.670,1.07725,1.07745,14.00,4.20
2010.06.29 15:41:41.018,1.0772,1.07735,1.60,1.00
2010.06.29 15:41:41.670,1.07725,1.0774,1.60,1.00
2010.06.29 15:41:42.239,1.07725,1.07745,4.80,1.00
2010.06.29 15:41:42.289,1.07725,1.07745,4.80,1.00
2010.06.29 15:41:42.639,1.0773,1.07745,1.60,1.00
2010.06.29 15:41:42.996,1.0773,1.07745,1.00,1.00
2010.06.29 15:41:43.335,1.0773,1.07745,1.60,1.00
2010.06.29 15:41:45.227,1.0773,1.07745,4.00,1.00
2010.06.29 15:41:46.263,1.0773,1.07745,1.60,1.00
2010.06.29 15:41:47.848,1.07725,1.07745,1.60,1.00
2010.06.29 15:41:48.170,1.07725,1.0774,1.60,1.00
2010.06.29 15:41:48.498,1.07725,1.0774,2.40,1.00
2010.06.29 15:41:48.735,1.07725,1.07745,2.40,1.00
2010.06.29 15:41:49.531,1.07725,1.07745,1.60,1.00
2010.06.29 15:41:50.125,1.07725,1.07745,4.00,1.00
2010.06.29 15:41:50.475,1.07725,1.07745,1.60,1.00
2010.06.29 15:41:51.428,1.07725,1.07745,2.40,1.00
2010.06.29 15:41:52.360,1.07725,1.07745,1.60,1.00
2010.06.29 15:41:54.253,1.07725,1.0774,1.60,1.00
2010.06.29 15:41:54.463,1.0772,1.07735,1.60,1.00
2010.06.29 15:41:56.959,1.0772,1.0774,14.40,1.00
2010.06.29 15:41:57.225,1.07725,1.0774,1.60,1.00
2010.06.29 15:41:58.363,1.0772,1.0774,3.20,1.00
2010.06.29 15:41:58.503,1.0772,1.0774,1.00,3.40
2010.06.29 15:41:59.406,1.0772,1.0774,1.00,4.20
2010.06.29 15:41:59.754,1.0772,1.07735,1.00,1.00
2010.06.29 15:42:01.889,1.0772,1.07745,4.80,2.60
2010.06.29 15:42:02.251,1.07725,1.07745,2.40,1.80
2010.06.29 15:42:02.549,1.0773,1.0775,1.60,5.80
2010.06.29 15:42:03.397,1.0773,1.07745,1.60,1.00
2010.06.29 15:42:03.687,1.0773,1.07745,1.00,1.00
2010.06.29 15:42:04.386,1.07725,1.07745,1.60,1.80
2010.06.29 15:42:04.743,1.07725,1.0774,1.00,1.00
2010.06.29 15:42:05.054,1.0772,1.0774,1.60,1.80
2010.06.29 15:42:05.383,1.0772,1.0774,1.60,1.00
2010.06.29 15:42:07.046,1.0772,1.0774,1.60,3.40
2010.06.29 15:42:07.554,1.0772,1.0774,5.60,1.00
2010.06.29 15:42:07.736,1.07725,1.0774,1.00,1.00
2010.06.29 15:42:08.745,1.0772,1.07735,1.60,1.00
2010.06.29 15:42:09.133,1.0772,1.07735,1.00,1.00
2010.06.29 15:42:09.284,1.07715,1.07735,1.60,1.80
2010.06.29 15:42:10.755,1.0772,1.07735,1.00,1.00
2010.06.29 15:42:11.094,1.07715,1.07735,1.60,1.00
2010.06.29 15:42:12.091,1.07715,1.07735,1.60,4.20
2010.06.29 15:42:13.226,1.07715,1.07735,1.60,3.40
2010.06.29 15:42:13.564,1.07715,1.07735,1.60,1.80
2010.06.29 15:42:14.603,1.0771,1.07725,5.60,1.00
2010.06.29 15:42:14.937,1.07705,1.0772,3.60,1.00
2010.06.29 15:42:15.658,1.077,1.07715,1.00,1.00
2010.06.29 15:42:16.935,1.077,1.0772,1.00,1.80
2010.06.29 15:42:17.613,1.077,1.0772,1.60,1.00
2010.06.29 15:42:17.948,1.07705,1.0772,1.00,1.00
2010.06.29 15:42:24.778,1.077,1.07715,1.00,1.00
2010.06.29 15:42:25.529,1.07695,1.07715,3.20,2.60
2010.06.29 15:42:25.871,1.07695,1.0771,3.20,1.00
2010.06.29 15:42:30.058,1.07695,1.07715,3.20,1.80
2010.06.29 15:42:30.209,1.077,1.07715,1.00,1.00
2010.06.29 15:42:43.680,1.077,1.07715,1.00,1.00
2010.06.29 15:42:45.131,1.07705,1.0772,1.00,1.80
2010.06.29 15:42:45.265,1.07705,1.0772,2.40,1.00
2010.06.29 15:42:45.746,1.07705,1.0772,1.60,1.00
2010.06.29 15:42:46.815,1.0769,1.0771,17.60,1.80
2010.06.29 15:42:46.997,1.0769,1.07705,1.20,1.00
2010.06.29 15:42:47.512,1.07685,1.07705,4.40,3.40
2010.06.29 15:42:47.697,1.07685,1.077,1.60,1.00
2010.06.29 15:42:49.812,1.0768,1.07695,12.00,1.00
2010.06.29 15:42:50.160,1.0768,1.07695,1.00,1.00
2010.06.29 15:42:50.875,1.07685,1.077,1.00,1.00
2010.06.29 15:42:53.169,1.07685,1.077,1.60,1.00
2010.06.29 15:42:56.526,1.07685,1.077,1.00,1.00
2010.06.29 15:42:57.744,1.07685,1.077,1.60,1.00
2010.06.29 15:42:58.050,1.0769,1.07705,1.00,1.00
2010.06.29 15:42:58.665,1.0769,1.0771,1.60,3.40
2010.06.29 15:42:58.950,1.0769,1.0771,5.60,1.00
2010.06.29 15:42:59.855,1.0769,1.0771,1.60,1.00
2010.06.29 15:43:00.192,1.0769,1.0771,4.40,1.00
2010.06.29 15:43:00.533,1.0769,1.0771,4.00,1.00
2010.06.29 15:43:01.514,1.0769,1.0771,1.00,4.20
2010.06.29 15:43:02.370,1.0769,1.07705,1.00,1.00
2010.06.29 15:43:02.718,1.0769,1.07705,1.00,1.00
2010.06.29 15:43:04.172,1.07685,1.07705,1.60,1.80
2010.06.29 15:43:04.955,1.07685,1.07705,1.00,5.80
2010.06.29 15:43:05.186,1.07685,1.077,1.00,3.40
2010.06.29 15:43:06.067,1.07685,1.077,1.00,2.60
2010.06.29 15:43:08.219,1.07685,1.077,1.60,1.00
2010.06.29 15:43:08.359,1.07685,1.07705,1.60,1.80
2010.06.29 15:43:08.693,1.0769,1.07705,1.00,1.80
2010.06.29 15:43:09.367,1.077,1.07715,1.00,3.00
2010.06.29 15:43:09.680,1.077,1.07715,1.00,1.80
2010.06.29 15:43:11.682,1.07695,1.07715,1.60,1.80
2010.06.29 15:43:11.966,1.07695,1.0771,2.40,1.00
2010.06.29 15:43:12.430,1.07695,1.0771,1.60,1.80
2010.06.29 15:43:12.562,1.0769,1.0771,1.20,4.20
2010.06.29 15:43:12.916,1.0769,1.0771,1.00,4.20
2010.06.29 15:43:13.283,1.0769,1.0771,1.00,8.20
2010.06.29 15:43:13.630,1.07685,1.077,1.00,1.00
2010.06.29 15:43:15.824,1.07685,1.07705,1.60,1.00
2010.06.29 15:43:16.685,1.0769,1.07705,1.60,1.00
2010.06.29 15:43:17.286,1.0769,1.07705,4.00,1.00
2010.06.29 15:43:17.548,1.0769,1.07705,1.60,1.00
2010.06.29 15:43:18.591,1.07685,1.07705,2.40,1.00
2010.06.29 15:43:18.807,1.07685,1.07705,1.60,1.80
2010.06.29 15:43:19.330,1.07685,1.077,1.60,1.00
2010.06.29 15:43:19.552,1.07685,1.077,1.00,1.00
2010.06.29 15:43:20.535,1.07685,1.07705,1.00,1.00
2010.06.29 15:43:22.751,1.07685,1.07705,1.60,1.00
2010.06.29 15:43:22.974,1.07685,1.0771,4.80,3.40
2010.06.29 15:43:23.186,1.0769,1.0771,1.00,3.40
2010.06.29 15:43:23.720,1.0769,1.07705,1.60,1.00
2010.06.29 15:43:23.941,1.0769,1.07705,1.00,1.00
2010.06.29 15:43:25.188,1.0769,1.07705,1.00,1.00
2010.06.29 15:43:25.535,1.07685,1.07705,1.60,1.80
2010.06.29 15:43:25.887,1.07685,1.077,1.60,1.00
2010.06.29 15:43:40.322,1.07685,1.07705,14.40,1.00
2010.06.29 15:43:41.008,1.0769,1.07705,1.00,1.00
2010.06.29 15:43:41.344,1.0769,1.07705,2.40,1.00
2010.06.29 15:43:41.783,1.07695,1.07715,1.60,4.20
2010.06.29 15:43:42.130,1.07705,1.0772,1.00,1.40
2010.06.29 15:43:42.800,1.077,1.0772,1.60,1.80
2010.06.29 15:43:43.147,1.077,1.0772,1.60,1.00
2010.06.29 15:43:43.494,1.077,1.0772,1.60,1.00
2010.06.29 15:43:45.987,1.07695,1.07715,1.60,1.00
2010.06.29 15:43:46.236,1.0769,1.0771,1.60,3.40
2010.06.29 15:43:46.576,1.0769,1.0771,1.00,3.40
2010.06.29 15:43:46.839,1.07695,1.0771,1.00,1.00
2010.06.29 15:43:48.193,1.07695,1.0771,4.00,1.00
2010.06.29 15:43:48.788,1.07695,1.0771,4.40,1.00
2010.06.29 15:43:48.964,1.07695,1.0771,4.00,1.00
2010.06.29 15:43:49.160,1.07695,1.0771,4.40,1.00
2010.06.29 15:43:51.293,1.07695,1.0771,4.00,1.00
2010.06.29 15:43:51.581,1.077,1.0771,2.40,1.00
2010.06.29 15:43:51.872,1.07695,1.07715,4.80,1.00
2010.06.29 15:43:52.421,1.07695,1.07715,4.00,1.00
2010.06.29 15:43:54.448,1.07695,1.07715,1.60,1.00
2010.06.29 15:43:56.196,1.07695,1.0771,1.60,1.00
2010.06.29 15:43:56.806,1.0769,1.07705,1.60,1.00
2010.06.29 15:43:56.998,1.0769,1.07705,8.00,1.00
2010.06.29 15:43:57.183,1.0769,1.07705,5.60,1.00
2010.06.29 15:43:57.364,1.0769,1.07705,1.60,1.00
2010.06.29 15:43:58.278,1.0769,1.0771,4.00,2.20
2010.06.29 15:43:58.622,1.0769,1.0771,4.80,1.00
2010.06.29 15:43:59.150,1.07695,1.0771,1.00,1.00
2010.06.29 15:44:00.420,1.077,1.07715,1.60,1.00
2010.06.29 15:44:00.800,1.07705,1.07725,1.00,8.60
2010.06.29 15:44:01.153,1.07715,1.0773,1.00,1.00
2010.06.29 15:44:02.202,1.07715,1.0773,1.00,2.20
2010.06.29 15:44:02.535,1.07705,1.07725,2.40,2.60
2010.06.29 15:44:03.235,1.077,1.0771,1.00,1.00
2010.06.29 15:44:03.946,1.077,1.07715,1.20,1.00
2010.06.29 15:44:04.288,1.077,1.07715,1.00,1.00
2010.06.29 15:44:05.087,1.077,1.07715,1.00,1.00
2010.06.29 15:44:05.437,1.077,1.07715,1.00,3.40
2010.06.29 15:44:05.807,1.077,1.07715,1.00,1.00
2010.06.29 15:44:06.821,1.077,1.07715,1.00,1.00
2010.06.29 15:44:09.007,1.077,1.07715,1.60,1.00
2010.06.29 15:44:09.470,1.077,1.07715,1.00,1.80
2010.06.29 15:44:09.753,1.07695,1.0771,1.00,1.00
2010.06.29 15:44:10.077,1.07695,1.0771,1.00,1.00
2010.06.29 15:44:10.401,1.07695,1.0771,1.60,1.00
2010.06.29 15:44:13.043,1.07695,1.0771,9.60,1.00
2010.06.29 15:44:13.367,1.077,1.0771,1.00,1.00
2010.06.29 15:44:13.653,1.077,1.07715,1.60,1.00
2010.06.29 15:44:13.945,1.077,1.0772,1.60,1.80
2010.06.29 15:44:14.232,1.077,1.0772,1.60,1.00
2010.06.29 15:44:16.231,1.077,1.0772,1.60,1.00
2010.06.29 15:44:16.949,1.077,1.07715,1.00,1.60
2010.06.29 15:44:17.180,1.07695,1.0771,1.00,1.00
2010.06.29 15:44:17.716,1.0769,1.0771,1.60,4.20
2010.06.29 15:44:18.064,1.0769,1.07705,1.00,1.00
2010.06.29 15:44:21.179,1.07685,1.07705,2.40,1.40
2010.06.29 15:44:21.701,1.07685,1.07705,1.60,1.00
2010.06.29 15:44:23.041,1.07685,1.07705,1.60,1.00
2010.06.29 15:44:23.081,1.07685,1.07705,1.60,1.80
2010.06.29 15:44:23.394,1.0768,1.077,2.40,2.60
2010.06.29 15:44:24.013,1.0768,1.077,1.60,3.40
2010.06.29 15:44:24.335,1.0768,1.077,1.60,7.40
2010.06.29 15:44:24.666,1.0768,1.077,1.60,8.20
2010.06.29 15:44:25.274,1.0768,1.077,1.60,7.40
2010.06.29 15:44:26.829,1.07675,1.07695,1.60,1.80
2010.06.29 15:44:28.818,1.0768,1.07695,1.00,1.80
2010.06.29 15:44:29.116,1.0768,1.07695,1.00,1.00
2010.06.29 15:44:29.996,1.07675,1.0769,1.60,1.00
2010.06.29 15:44:35.055,1.07675,1.0769,1.00,1.00
2010.06.29 15:44:35.676,1.0767,1.0769,4.00,1.00
2010.06.29 15:44:36.021,1.0767,1.0769,1.60,1.00
2010.06.29 15:44:36.366,1.0767,1.0769,1.60,1.80
2010.06.29 15:44:36.981,1.0767,1.0769,4.00,1.80
2010.06.29 15:44:37.251,1.0767,1.0769,4.00,1.00
2010.06.29 15:44:37.524,1.07675,1.0769,1.60,1.00
2010.06.29 15:44:37.925,1.07675,1.0769,2.40,1.00
2010.06.29 15:44:38.241,1.0768,1.077,1.60,1.80
2010.06.29 15:44:39.213,1.0768,1.077,1.60,5.40
2010.06.29 15:44:39.892,1.0768,1.077,1.60,9.40
2010.06.29 15:44:40.559,1.0768,1.077,1.60,1.00
2010.06.29 15:44:40.852,1.0768,1.077,1.60,4.20
2010.06.29 15:44:41.467,1.0768,1.077,1.60,1.00
2010.06.29 15:44:41.725,1.0768,1.077,4.00,1.00
2010.06.29 15:44:42.317,1.0768,1.077,1.60,1.00
2010.06.29 15:44:45.922,1.0768,1.077,1.60,1.00
2010.06.29 15:44:46.876,1.07675,1.07695,11.20,1.00
2010.06.29 15:44:47.159,1.07675,1.07695,1.60,1.00
2010.06.29 15:44:49.476,1.07675,1.07695,1.00,1.00
2010.06.29 15:44:50.011,1.07675,1.07695,1.00,1.80
2010.06.29 15:44:50.648,1.07675,1.0769,1.00,1.00
2010.06.29 15:44:52.255,1.0767,1.07685,4.80,1.00
2010.06.29 15:44:52.539,1.0767,1.07685,1.60,1.00
2010.06.29 15:44:53.484,1.0767,1.07685,4.00,1.00
2010.06.29 15:44:56.474,1.07675,1.07685,1.00,1.00
2010.06.29 15:44:56.651,1.07675,1.0769,1.60,1.00
2010.06.29 15:44:57.345,1.07675,1.0769,1.60,1.00
2010.06.29 15:44:59.531,1.0767,1.0769,1.60,1.00
2010.06.29 15:45:03.156,1.07665,1.07685,5.60,1.00
2010.06.29 15:45:03.795,1.07665,1.07685,5.60,1.00
2010.06.29 15:45:04.882,1.07665,1.07685,6.40,1.00
2010.06.29 15:45:05.415,1.0767,1.07685,1.00,1.00
2010.06.29 15:45:05.641,1.07675,1.0769,1.00,1.00
2010.06.29 15:45:06.334,1.07675,1.0769,4.00,1.00
2010.06.29 15:45:06.681,1.07675,1.0769,6.40,1.00
2010.06.29 15:45:07.292,1.0768,1.07695,1.00,1.00
2010.06.29 15:45:07.639,1.0768,1.07695,1.00,1.00
2010.06.29 15:45:07.969,1.0768,1.07695,1.00,1.00
2010.06.29 15:45:08.950,1.07675,1.07695,3.20,1.00
2010.06.29 15:45:11.883,1.07675,1.0769,3.20,1.00
2010.06.29 15:45:12.595,1.07675,1.0769,1.00,1.00
2010.06.29 15:45:13.256,1.07675,1.0769,3.40,1.00
2010.06.29 15:45:13.591,1.07685,1.077,1.00,1.00
2010.06.29 15:45:14.048,1.0769,1.07705,1.00,3.40
2010.06.29 15:45:14.371,1.0769,1.07705,1.00,1.00
2010.06.29 15:45:15.738,1.0769,1.07705,1.00,2.60
2010.06.29 15:45:16.091,1.07685,1.07705,2.40,2.60
2010.06.29 15:45:16.433,1.07685,1.07705,2.40,3.40
2010.06.29 15:45:16.733,1.07685,1.07705,1.60,3.40
2010.06.29 15:45:17.896,1.0769,1.07705,1.00,1.00
2010.06.29 15:45:18.359,1.07695,1.07715,1.60,5.80
2010.06.29 15:45:18.609,1.07695,1.07715,1.60,2.60
2010.06.29 15:45:18.906,1.077,1.07715,1.00,2.60
2010.06.29 15:45:19.749,1.07705,1.07725,1.60,5.80
2010.06.29 15:45:21.091,1.07705,1.07725,1.60,5.00
2010.06.29 15:45:21.707,1.0771,1.07725,1.60,1.00
2010.06.29 15:45:22.063,1.07715,1.0773,1.60,1.00
2010.06.29 15:45:22.996,1.07715,1.07735,1.60,1.80
2010.06.29 15:45:23.242,1.07715,1.07735,1.60,1.00
2010.06.29 15:45:24.543,1.0772,1.07735,1.00,1.00
2010.06.29 15:45:24.839,1.07725,1.07745,1.60,1.00
2010.06.29 15:45:25.134,1.0773,1.07745,1.00,1.00
2010.06.29 15:45:25.849,1.07725,1.07745,1.60,1.80
2010.06.29 15:45:26.518,1.07725,1.0774,1.60,1.00
2010.06.29 15:45:26.820,1.07725,1.0774,1.00,1.00
2010.06.29 15:45:28.533,1.07725,1.07745,1.60,3.40
2010.06.29 15:45:29.056,1.07725,1.07745,1.60,1.00
2010.06.29 15:45:29.239,1.0773,1.07745,1.00,1.00
2010.06.29 15:45:30.450,1.0773,1.07745,1.00,10.60
2010.06.29 15:45:30.708,1.0772,1.0774,1.60,3.40
2010.06.29 15:45:30.955,1.0772,1.07735,1.60,1.00
2010.06.29 15:45:31.517,1.07715,1.0773,1.60,1.00
2010.06.29 15:45:31.819,1.0771,1.0773,1.60,4.60
2010.06.29 15:45:32.112,1.07715,1.07725,1.00,1.00
2010.06.29 15:45:32.725,1.07715,1.0773,6.40,2.60
2010.06.29 15:45:33.068,1.07715,1.07735,1.00,1.00
2010.06.29 15:45:33.732,1.07715,1.07735,2.40,1.00
2010.06.29 15:45:34.902,1.07715,1.07735,1.60,1.00
2010.06.29 15:45:35.563,1.07715,1.07735,2.40,1.00
2010.06.29 15:45:38.485,1.07715,1.07735,1.60,1.00
2010.06.29 15:45:38.854,1.07715,1.0773,1.60,1.00
2010.06.29 15:45:39.039,1.07715,1.0773,1.00,1.00
2010.06.29 15:45:39.743,1.07715,1.0773,1.00,4.20
2010.06.29 15:45:40.206,1.07705,1.0772,9.60,1.00
2010.06.29 15:45:40.563,1.07695,1.07715,1.60,1.00
2010.06.29 15:45:41.118,1.077,1.07715,1.00,1.00
2010.06.29 15:45:41.440,1.077,1.0772,1.00,4.20
2010.06.29 15:45:42.149,1.077,1.0772,1.60,1.80
2010.06.29 15:45:42.498,1.077,1.0772,4.00,1.00
2010.06.29 15:45:42.982,1.0771,1.07725,1.00,3.40
2010.06.29 15:45:43.338,1.07705,1.07725,1.60,1.80
2010.06.29 15:45:44.367,1.0771,1.07725,5.60,1.00
2010.06.29 15:45:44.701,1.0771,1.07725,6.40,1.00
2010.06.29 15:45:46.664,1.0771,1.0773,8.00,1.00
2010.06.29 15:45:46.939,1.0771,1.0773,10.20,1.00
2010.06.29 15:45:47.227,1.07715,1.0773,2.40,1.00
2010.06.29 15:45:47.514,1.07715,1.0773,3.20,1.00
2010.06.29 15:45:48.129,1.07715,1.0773,4.00,1.00
2010.06.29 15:45:48.429,1.0772,1.0773,2.40,1.00
2010.06.29 15:45:48.723,1.07715,1.07735,3.60,1.00
2010.06.29 15:45:49.340,1.07715,1.07735,2.40,1.00
2010.06.29 15:45:49.690,1.07715,1.07735,2.40,1.00
2010.06.29 15:45:51.627,1.07715,1.07735,3.20,1.00
2010.06.29 15:45:53.988,1.07715,1.07735,2.40,1.00
2010.06.29 15:45:54.153,1.07715,1.07735,3.20,1.00
2010.06.29 15:45:54.365,1.07715,1.07735,4.80,1.00
2010.06.29 15:45:58.269,1.07715,1.07735,4.00,1.00
2010.06.29 15:46:03.027,1.07715,1.0773,1.00,1.00
2010.06.29 15:46:04.133,1.0771,1.0773,2.40,1.80
2010.06.29 15:46:04.328,1.077,1.0772,13.20,1.00
2010.06.29 15:46:04.920,1.07695,1.07715,5.60,7.40
2010.06.29 15:46:05.173,1.07695,1.0771,3.20,9.60
2010.06.29 15:46:05.545,1.07695,1.0771,2.40,9.80
2010.06.29 15:46:05.883,1.07685,1.07695,1.00,1.00
2010.06.29 15:46:06.493,1.07675,1.07695,4.80,1.00
2010.06.29 15:46:06.837,1.07675,1.07695,1.60,1.00
2010.06.29 15:46:07.191,1.07675,1.07695,4.00,1.00
2010.06.29 15:46:07.539,1.0768,1.07695,1.60,1.00
2010.06.29 15:46:10.479,1.07675,1.07695,1.60,1.00
2010.06.29 15:46:11.529,1.07675,1.07695,4.80,1.00
2010.06.29 15:46:11.874,1.0768,1.07695,1.00,1.00
2010.06.29 15:46:12.559,1.07675,1.07695,1.00,9.00
2010.06.29 15:46:12.914,1.0767,1.0769,4.00,1.00
2010.06.29 15:46:15.181,1.0767,1.0769,4.80,1.00
2010.06.29 15:46:15.542,1.07675,1.07695,2.40,1.00
2010.06.29 15:46:16.165,1.0768,1.077,1.00,9.00
2010.06.29 15:46:16.402,1.0768,1.07695,1.00,1.00
2010.06.29 15:46:25.705,1.07695,1.0771,1.00,4.10
2010.06.29 15:46:26.031,1.07695,1.0771,3.20,1.00
2010.06.29 15:46:26.636,1.07695,1.0771,4.80,1.00
2010.06.29 15:46:26.967,1.07695,1.0771,5.20,1.00
2010.06.29 15:46:27.616,1.07695,1.0771,6.00,1.00
2010.06.29 15:46:27.936,1.07695,1.0771,6.00,1.00
2010.06.29 15:46:28.871,1.07695,1.07715,6.80,1.00
2010.06.29 15:46:29.107,1.07695,1.0771,6.80,1.00
2010.06.29 15:46:31.647,1.07695,1.0771,1.20,5.00
2010.06.29 15:46:32.262,1.0769,1.07705,2.40,1.00
2010.06.29 15:46:32.559,1.0769,1.07705,1.00,5.00
2010.06.29 15:46:32.844,1.0769,1.07705,1.00,3.40
2010.06.29 15:46:36.090,1.0769,1.07705,1.00,5.00
2010.06.29 15:46:37.082,1.0769,1.07705,1.60,2.40
2010.06.29 15:46:37.315,1.0769,1.0771,2.00,1.00
2010.06.29 15:46:37.985,1.07695,1.0771,1.60,1.00
2010.06.29 15:46:39.238,1.0769,1.0771,2.40,3.40
2010.06.29 15:46:39.477,1.0769,1.0771,1.60,3.40
2010.06.29 15:46:40.864,1.0769,1.0771,2.40,1.00
2010.06.29 15:46:41.138,1.07695,1.0771,1.60,1.00
2010.06.29 15:46:42.784,1.07695,1.0771,1.60,2.60
2010.06.29 15:46:43.027,1.07695,1.0771,1.60,1.00
2010.06.29 15:46:43.875,1.077,1.07715,1.60,1.00
2010.06.29 15:46:44.492,1.0771,1.07725,1.00,1.00
2010.06.29 15:46:44.843,1.0771,1.07725,1.60,1.00
2010.06.29 15:46:45.184,1.07715,1.0773,1.00,1.00
2010.06.29 15:46:46.393,1.07715,1.0773,1.60,1.00
2010.06.29 15:46:48.637,1.07725,1.07735,1.00,4.80
2010.06.29 15:46:49.114,1.07725,1.0774,1.00,1.00
2010.06.29 15:46:49.322,1.07725,1.07745,2.00,7.40
2010.06.29 15:46:49.851,1.07725,1.07745,2.00,1.00
2010.06.29 15:46:50.203,1.0773,1.07745,1.60,1.00
2010.06.29 15:46:51.223,1.0774,1.07755,1.00,4.20
2010.06.29 15:46:53.931,1.07735,1.0775,1.60,1.00
2010.06.29 15:46:54.706,1.07735,1.0775,1.60,1.00
2010.06.29 15:46:54.792,1.07745,1.07755,1.60,2.40
2010.06.29 15:46:54.866,1.07745,1.0776,4.80,9.30
2010.06.29 15:46:55.279,1.07745,1.0776,4.80,6.90
2010.06.29 15:46:55.635,1.0775,1.0777,1.00,8.20
2010.06.29 15:46:56.275,1.0775,1.0777,1.60,7.40
2010.06.29 15:46:56.616,1.0775,1.0777,1.60,8.20
2010.06.29 15:46:57.668,1.0775,1.07765,1.00,1.00
2010.06.29 15:46:58.284,1.07745,1.0776,1.60,5.00
2010.06.29 15:46:58.579,1.07745,1.0776,1.00,1.00
2010.06.29 15:46:59.402,1.07745,1.0776,1.00,4.20
2010.06.29 15:46:59.746,1.0774,1.07755,1.60,1.00
2010.06.29 15:47:00.097,1.0774,1.0776,2.00,5.00
2010.06.29 15:47:00.568,1.0774,1.0776,2.00,1.00
2010.06.29 15:47:01.265,1.0774,1.07755,2.00,1.00
2010.06.29 15:47:01.942,1.07735,1.0775,2.40,1.00
2010.06.29 15:47:02.287,1.07735,1.0775,1.00,1.00
2010.06.29 15:47:04.564,1.07735,1.0775,1.60,1.00
2010.06.29 15:47:07.002,1.07735,1.07755,1.60,1.80
2010.06.29 15:47:07.274,1.07735,1.07755,3.60,1.00
2010.06.29 15:47:07.641,1.07735,1.07755,4.40,1.00
2010.06.29 15:47:07.932,1.07745,1.0776,1.00,1.00
2010.06.29 15:47:08.281,1.07745,1.0776,1.00,1.80
2010.06.29 15:47:08.630,1.0774,1.07755,1.60,1.00
2010.06.29 15:47:09.091,1.0774,1.07755,1.00,1.00
2010.06.29 15:47:09.359,1.0774,1.07755,1.00,9.80
2010.06.29 15:47:09.922,1.0774,1.07755,1.00,12.20
2010.06.29 15:47:10.539,1.07735,1.0775,1.00,1.00
2010.06.29 15:47:11.195,1.0773,1.0775,2.00,2.60
2010.06.29 15:47:11.453,1.07735,1.0775,1.60,1.00
2010.06.29 15:47:24.342,1.07735,1.0775,1.00,1.00
2010.06.29 15:47:24.472,1.0773,1.07745,2.80,1.00
2010.06.29 15:47:24.895,1.0773,1.07745,2.40,1.80
2010.06.29 15:47:25.028,1.07725,1.0774,1.60,2.60
2010.06.29 15:47:26.002,1.07725,1.0774,1.60,1.00
2010.06.29 15:47:26.350,1.07715,1.0773,4.00,1.80
2010.06.29 15:47:26.949,1.07705,1.07725,6.80,1.00
2010.06.29 15:47:27.300,1.0771,1.07725,1.00,1.00
2010.06.29 15:47:27.645,1.07715,1.0773,1.00,1.00
2010.06.29 15:47:33.673,1.07715,1.0773,1.60,1.00
2010.06.29 15:47:37.414,1.0771,1.0773,2.00,1.00
2010.06.29 15:47:38.547,1.0771,1.0773,8.40,1.00
2010.06.29 15:47:39.669,1.0771,1.0773,2.00,1.00
2010.06.29 15:47:43.834,1.0771,1.0773,8.40,1.00
2010.06.29 15:47:46.421,1.0771,1.0773,10.40,1.00
2010.06.29 15:47:47.413,1.0771,1.0773,15.60,1.00
2010.06.29 15:47:47.631,1.07715,1.0773,1.60,1.00
2010.06.29 15:47:48.075,1.0771,1.0773,8.80,1.00
2010.06.29 15:47:48.658,1.07705,1.07725,2.00,1.00
2010.06.29 15:47:48.908,1.07705,1.0772,1.00,1.00
2010.06.29 15:47:49.481,1.07695,1.0771,10.80,1.00
2010.06.29 15:47:49.837,1.07695,1.07705,1.60,2.60
2010.06.29 15:47:50.514,1.07685,1.07705,2.40,2.60
2010.06.29 15:47:50.858,1.0769,1.0771,1.60,1.00
2010.06.29 15:47:51.569,1.07705,1.0772,1.00,1.00
2010.06.29 15:47:51.921,1.07705,1.0772,1.00,1.00
2010.06.29 15:47:52.624,1.07705,1.07725,1.60,1.00
2010.06.29 15:47:53.261,1.07705,1.07725,1.70,1.00
2010.06.29 15:47:53.583,1.0771,1.07725,6.40,1.00
2010.06.29 15:47:53.903,1.0771,1.0773,10.40,1.00
2010.06.29 15:47:54.084,1.07715,1.0773,1.00,1.00
2010.06.29 15:47:56.764,1.07715,1.0773,1.00,1.00
2010.06.29 15:48:00.622,1.0772,1.07735,3.20,1.00
2010.06.29 15:48:00.780,1.0773,1.0774,1.00,1.00
2010.06.29 15:48:00.943,1.0773,1.07745,1.00,9.20
2010.06.29 15:48:01.632,1.0773,1.07745,1.60,1.00
2010.06.29 15:48:07.357,1.0773,1.0775,1.60,4.20
2010.06.29 15:48:07.460,1.0773,1.0775,2.40,1.00
2010.06.29 15:48:07.562,1.0773,1.0775,2.40,1.00
2010.06.29 15:48:07.661,1.07735,1.07755,1.00,3.20
2010.06.29 15:48:08.043,1.0774,1.07755,1.00,1.00
2010.06.29 15:48:08.352,1.07745,1.0776,1.00,1.00
2010.06.29 15:48:09.971,1.07745,1.0776,1.00,3.40
2010.06.29 15:48:10.637,1.07745,1.0776,1.20,1.00
2010.06.29 15:48:10.916,1.07745,1.0776,1.00,1.80
2010.06.29 15:48:13.984,1.07745,1.0776,1.00,1.00
2010.06.29 15:48:15.242,1.07745,1.0776,1.00,1.80
2010.06.29 15:48:17.011,1.07745,1.0776,1.00,2.60
2010.06.29 15:48:18.817,1.07745,1.0776,1.00,1.00
2010.06.29 15:48:19.692,1.07745,1.0776,1.00,1.80
2010.06.29 15:48:19.979,1.0774,1.0776,1.60,2.60
2010.06.29 15:48:21.871,1.0774,1.0776,1.60,1.80
2010.06.29 15:48:22.122,1.0774,1.0776,2.40,1.00
2010.06.29 15:48:22.655,1.07745,1.0776,1.60,1.00
2010.06.29 15:48:23.002,1.0775,1.0777,2.00,3.00
2010.06.29 15:48:23.344,1.07755,1.0777,1.00,2.60
2010.06.29 15:48:24.010,1.07755,1.0777,1.00,1.80
2010.06.29 15:48:24.632,1.07755,1.07775,4.00,2.40
2010.06.29 15:48:25.146,1.07755,1.07775,1.60,1.60
2010.06.29 15:48:25.428,1.07755,1.07775,8.00,1.60
2010.06.29 15:48:26.098,1.0776,1.07775,1.00,1.60
2010.06.29 15:48:28.615,1.07755,1.07775,1.60,1.60
2010.06.29 15:48:28.761,1.07755,1.07775,1.00,2.40
2010.06.29 15:48:28.907,1.07755,1.07775,2.80,1.60
2010.06.29 15:48:29.046,1.0776,1.07775,1.00,1.20
2010.06.29 15:48:30.421,1.0776,1.07775,1.00,1.60
2010.06.29 15:48:31.334,1.0776,1.07775,1.00,8.00
2010.06.29 15:48:32.434,1.0776,1.07775,2.00,2.60
2010.06.29 15:48:32.577,1.0776,1.0778,1.60,1.80
2010.06.29 15:48:33.710,1.0776,1.0778,1.60,1.40
2010.06.29 15:48:34.172,1.0776,1.0778,1.60,2.20
2010.06.29 15:48:34.743,1.0776,1.07775,1.60,1.00
2010.06.29 15:48:37.988,1.07765,1.0778,3.20,1.40
2010.06.29 15:48:38.260,1.07765,1.0778,1.20,1.00
2010.06.29 15:48:38.527,1.07765,1.0778,1.00,1.00
2010.06.29 15:48:44.288,1.07765,1.0778,1.20,1.00
2010.06.29 15:48:51.292,1.07765,1.0778,4.40,1.00
2010.06.29 15:48:51.484,1.07765,1.0778,2.80,1.00
2010.06.29 15:48:51.650,1.07765,1.0778,5.20,1.00
2010.06.29 15:48:51.992,1.07765,1.0778,6.00,1.00
2010.06.29 15:48:53.223,1.0777,1.07785,1.00,1.00
2010.06.29 15:48:54.098,1.07765,1.07785,5.60,1.00
2010.06.29 15:48:54.385,1.07765,1.07785,4.80,1.00
2010.06.29 15:48:55.062,1.07765,1.0778,1.00,1.00
2010.06.29 15:48:56.793,1.07765,1.0778,2.40,1.00
2010.06.29 15:48:57.071,1.07765,1.07785,2.40,1.00
2010.06.29 15:48:57.333,1.0777,1.07785,1.00,1.00
2010.06.29 15:49:02.467,1.07765,1.0778,1.00,1.00
2010.06.29 15:49:02.647,1.0776,1.0778,4.80,5.00
2010.06.29 15:49:02.825,1.0776,1.0778,4.00,5.00
2010.06.29 15:49:03.179,1.0776,1.07775,1.60,1.00
2010.06.29 15:49:03.537,1.07755,1.07775,4.80,1.00
2010.06.29 15:49:06.002,1.07755,1.07775,4.00,1.00
2010.06.29 15:49:06.753,1.07755,1.07775,4.00,1.00
2010.06.29 15:49:07.097,1.07755,1.07775,1.60,1.00
2010.06.29 15:49:08.451,1.07755,1.07775,2.40,1.00
2010.06.29 15:49:11.051,1.07755,1.07775,1.00,3.00
2010.06.29 15:49:11.180,1.07755,1.0777,1.00,1.00
2010.06.29 15:49:14.860,1.07755,1.07775,1.60,1.40
2010.06.29 15:49:15.130,1.07755,1.07775,2.40,1.00
2010.06.29 15:49:16.332,1.07755,1.07775,1.60,1.00
2010.06.29 15:49:19.951,1.07755,1.07775,1.60,3.00
2010.06.29 15:49:20.432,1.0775,1.07765,1.60,1.00
2010.06.29 15:49:20.780,1.07745,1.07765,1.60,1.00
2010.06.29 15:49:21.443,1.07745,1.07765,1.00,4.20
2010.06.29 15:49:21.796,1.0773,1.0775,6.80,1.80
2010.06.29 15:49:22.197,1.0773,1.0775,3.60,1.80
2010.06.29 15:49:22.539,1.0772,1.0774,2.40,3.40
2010.06.29 15:49:23.151,1.0772,1.0774,1.60,3.40
2010.06.29 15:49:24.176,1.0772,1.0774,1.60,10.60
2010.06.29 15:49:24.856,1.0772,1.0774,1.60,9.80
2010.06.29 15:49:25.197,1.0772,1.0774,1.60,3.40
2010.06.29 15:49:25.987,1.0772,1.0774,1.00,9.00
2010.06.29 15:49:26.226,1.0772,1.07735,1.00,1.00
2010.06.29 15:49:26.554,1.0772,1.07735,1.60,1.00
2010.06.29 15:49:27.278,1.0772,1.0774,1.60,4.20
2010.06.29 15:49:33.240,1.0772,1.07735,1.60,1.00
2010.06.29 15:49:33.580,1.0772,1.0774,1.60,4.20
2010.06.29 15:49:37.290,1.0772,1.0774,1.60,3.40
2010.06.29 15:49:37.515,1.0773,1.07745,1.60,1.20
2010.06.29 15:49:38.269,1.07735,1.0775,1.60,1.00
2010.06.29 15:49:39.667,1.07735,1.0775,1.00,1.00
2010.06.29 15:49:40.369,1.07735,1.0775,1.00,2.60
2010.06.29 15:49:40.618,1.0773,1.0775,1.60,2.60
2010.06.29 15:49:41.555,1.0773,1.0775,1.60,3.40
2010.06.29 15:49:41.906,1.0773,1.0775,1.60,5.80
2010.06.29 15:49:43.089,1.0773,1.07745,1.60,2.40
2010.06.29 15:49:43.298,1.0773,1.07745,1.60,2.60
2010.06.29 15:49:43.712,1.0773,1.07745,1.60,3.40
2010.06.29 15:49:44.223,1.0773,1.07745,1.60,2.60
2010.06.29 15:49:51.227,1.0773,1.07745,1.00,2.60
2010.06.29 15:49:51.485,1.0773,1.07745,1.00,1.00
2010.06.29 15:49:54.212,1.0773,1.07745,1.60,1.00
2010.06.29 15:49:54.454,1.0773,1.0775,1.60,3.40
2010.06.29 15:49:54.571,1.0773,1.0775,1.60,4.20
2010.06.29 15:49:58.306,1.0773,1.0775,1.60,3.40
2010.06.29 15:49:58.426,1.07735,1.0775,1.00,3.40
2010.06.29 15:49:58.547,1.07735,1.0775,1.00,1.00
2010.06.29 15:49:59.578,1.0773,1.0775,1.60,4.20
2010.06.29 15:50:00.243,1.0773,1.07745,1.00,3.20
2010.06.29 15:50:00.290,1.07725,1.07745,1.60,4.20
2010.06.29 15:50:00.642,1.07725,1.0774,1.60,4.20
2010.06.29 15:50:00.988,1.07725,1.0774,1.00,4.20
2010.06.29 15:50:01.398,1.07725,1.07735,1.00,1.00
2010.06.29 15:50:01.749,1.07715,1.07735,1.60,1.00
2010.06.29 15:50:06.702,1.07715,1.07735,1.60,2.20
2010.06.29 15:50:06.916,1.07715,1.07735,1.60,3.80
2010.06.29 15:50:08.913,1.07715,1.07735,1.60,1.00
2010.06.29 15:50:09.267,1.07725,1.0774,1.00,1.00
2010.06.29 15:50:09.501,1.07725,1.0774,4.80,1.00
2010.06.29 15:50:09.727,1.0773,1.07745,1.00,1.00
2010.06.29 15:50:10.235,1.0773,1.07745,1.00,1.00
2010.06.29 15:50:10.573,1.0773,1.07745,1.00,2.60
2010.06.29 15:50:11.905,1.0773,1.07745,1.00,3.40
2010.06.29 15:50:13.674,1.0773,1.07745,1.00,4.20
2010.06.29 15:50:13.797,1.07725,1.0774,1.60,1.00
2010.06.29 15:50:13.918,1.07725,1.0774,1.00,1.00
2010.06.29 15:50:14.392,1.07715,1.0773,1.20,4.20
2010.06.29 15:50:14.520,1.07715,1.0773,1.00,8.20
2010.06.29 15:50:14.957,1.07715,1.07725,1.00,1.00
2010.06.29 15:50:15.312,1.07715,1.07725,1.00,1.00
2010.06.29 15:50:15.654,1.07705,1.07725,1.60,1.00
2010.06.29 15:50:17.783,1.0771,1.07725,1.00,1.00
2010.06.29 15:50:20.451,1.0771,1.07725,1.00,1.00
2010.06.29 15:50:20.731,1.07705,1.0772,1.60,1.00
2010.06.29 15:50:21.010,1.07705,1.0772,2.00,1.00
2010.06.29 15:50:21.314,1.07705,1.0772,1.60,1.00
2010.06.29 15:50:22.213,1.0771,1.07725,1.60,1.00
2010.06.29 15:50:22.375,1.0771,1.0773,6.40,1.00
2010.06.29 15:50:22.532,1.07715,1.0773,1.60,1.00
2010.06.29 15:50:23.521,1.07715,1.07735,1.60,3.40
2010.06.29 15:50:24.123,1.0772,1.07735,1.00,3.40
2010.06.29 15:50:25.199,1.0772,1.07735,1.60,2.60
2010.06.29 15:50:25.359,1.0772,1.07735,1.60,1.00
2010.06.29 15:50:27.324,1.07725,1.0774,1.00,1.00
2010.06.29 15:50:31.431,1.07725,1.0774,1.60,1.00
2010.06.29 15:50:31.676,1.07725,1.07745,4.00,1.00
2010.06.29 15:50:31.917,1.07725,1.07745,4.80,1.00
2010.06.29 15:50:32.417,1.0773,1.07745,1.60,1.00
2010.06.29 15:50:32.761,1.07735,1.0775,1.00,1.00
2010.06.29 15:50:33.502,1.0774,1.07755,1.60,1.00
2010.06.29 15:50:33.795,1.0775,1.07765,1.00,1.00
2010.06.29 15:50:34.165,1.0775,1.07765,1.00,1.00
2010.06.29 15:50:35.112,1.0775,1.07765,1.00,1.00
2010.06.29 15:50:36.503,1.0775,1.0777,1.60,1.00
2010.06.29 15:50:36.781,1.07755,1.0777,1.00,1.00
2010.06.29 15:50:37.153,1.07755,1.0777,3.20,1.00
2010.06.29 15:50:37.435,1.07755,1.0777,1.00,1.00
2010.06.29 15:50:38.416,1.07755,1.07775,1.00,1.00
2010.06.29 15:50:40.001,1.07755,1.07775,10.40,1.00
2010.06.29 15:50:40.205,1.07755,1.07775,10.80,1.00
2010.06.29 15:50:41.466,1.0776,1.07775,6.40,1.00
2010.06.29 15:50:41.822,1.0776,1.0778,7.20,1.00
2010.06.29 15:50:42.171,1.0776,1.0778,11.20,1.00
2010.06.29 15:50:43.080,1.07765,1.0778,4.80,1.00
2010.06.29 15:50:43.421,1.0777,1.07785,1.60,1.00
2010.06.29 15:50:44.471,1.07775,1.0779,1.00,1.00
2010.06.29 15:50:44.828,1.0778,1.078,1.00,3.40
2010.06.29 15:50:45.256,1.0778,1.078,1.60,1.00
2010.06.29 15:50:46.810,1.07775,1.07795,6.40,1.00
2010.06.29 15:50:47.157,1.07775,1.07795,4.00,1.00
2010.06.29 15:50:49.259,1.0778,1.07795,1.60,1.00
2010.06.29 15:50:49.518,1.0778,1.078,2.40,1.00
2010.06.29 15:50:49.938,1.0778,1.078,6.40,1.00
2010.06.29 15:50:50.285,1.07785,1.078,1.00,1.00
2010.06.29 15:50:51.530,1.078,1.07805,1.60,1.00
2010.06.29 15:50:51.879,1.078,1.0781,1.20,1.70
2010.06.29 15:50:52.232,1.078,1.0781,1.00,1.70
2010.06.29 15:50:52.553,1.0779,1.0781,9.20,1.00
2010.06.29 15:50:53.517,1.07795,1.0781,1.40,1.00
2010.06.29 15:50:53.871,1.078,1.0782,5.20,1.80
2010.06.29 15:50:54.220,1.078,1.0781,3.20,1.70
2010.06.29 15:50:54.573,1.07795,1.0781,1.60,1.70
2010.06.29 15:50:54.916,1.07795,1.0781,1.60,2.00
2010.06.29 15:50:55.672,1.07795,1.0781,1.00,1.20
2010.06.29 15:50:57.048,1.07805,1.0782,1.00,3.40
2010.06.29 15:50:57.377,1.07805,1.07825,4.80,1.00
2010.06.29 15:50:58.048,1.07805,1.07825,4.00,1.00
2010.06.29 15:50:58.400,1.07805,1.07825,4.00,1.00
2010.06.29 15:50:59.047,1.07805,1.07825,4.00,1.00
2010.06.29 15:50:59.356,1.07805,1.07825,4.80,1.00
2010.06.29 15:50:59.664,1.07815,1.07825,1.20,1.00
2010.06.29 15:51:00.284,1.0781,1.07825,2.00,1.00
2010.06.29 15:51:01.391,1.0782,1.07825,2.10,1.00
2010.06.29 15:51:01.740,1.0784,1.07845,1.00,1.00
2010.06.29 15:51:02.088,1.07835,1.0785,1.60,1.00
2010.06.29 15:51:02.680,1.07835,1.07855,1.60,5.80
2010.06.29 15:51:02.935,1.07835,1.07855,1.60,13.80
2010.06.29 15:51:03.197,1.0783,1.07845,1.60,1.00
2010.06.29 15:51:04.345,1.0783,1.0785,1.60,5.00
2010.06.29 15:51:04.734,1.0783,1.0785,1.60,7.40
2010.06.29 15:51:05.083,1.0783,1.0785,1.60,3.40
2010.06.29 15:51:06.863,1.0783,1.07845,1.60,1.00
2010.06.29 15:51:07.086,1.0783,1.07845,1.00,1.00
2010.06.29 15:51:07.424,1.0783,1.07845,1.00,1.00
2010.06.29 15:51:08.111,1.07825,1.0784,1.00,1.00
2010.06.29 15:51:08.772,1.07815,1.07835,8.00,1.00
2010.06.29 15:51:08.807,1.07815,1.07835,8.00,1.00
2010.06.29 15:51:09.158,1.07815,1.07835,9.60,1.00
2010.06.29 15:51:09.509,1.0782,1.0784,1.60,1.00
2010.06.29 15:51:10.395,1.07825,1.0784,1.60,1.00
2010.06.29 15:51:10.689,1.07825,1.07845,1.60,5.40
2010.06.29 15:51:11.374,1.07825,1.07845,1.60,5.80
2010.06.29 15:51:11.543,1.07825,1.0784,1.00,1.00
2010.06.29 15:51:11.888,1.07825,1.0784,1.00,1.00
2010.06.29 15:51:12.141,1.0782,1.07835,3.20,1.00
2010.06.29 15:51:12.394,1.0782,1.07835,1.00,1.00
2010.06.29 15:51:12.959,1.0782,1.07835,1.00,1.00
2010.06.29 15:51:13.288,1.07815,1.07835,2.80,1.00
2010.06.29 15:51:13.619,1.07815,1.0783,2.00,1.00
2010.06.29 15:51:14.272,1.07815,1.0783,1.00,1.00
2010.06.29 15:51:14.599,1.0781,1.0783,4.80,1.00
2010.06.29 15:51:15.224,1.07815,1.0783,1.00,1.00
2010.06.29 15:51:17.761,1.07815,1.0783,1.00,1.40
2010.06.29 15:51:20.285,1.07815,1.07825,1.00,1.00
2010.06.29 15:51:20.958,1.0781,1.07825,4.00,1.00
2010.06.29 15:51:24.550,1.0781,1.07825,3.20,1.00
2010.06.29 15:51:24.642,1.0781,1.07825,1.00,1.00
2010.06.29 15:51:25.574,1.0781,1.07825,1.00,1.40
2010.06.29 15:51:28.575,1.0781,1.0783,1.60,7.40
2010.06.29 15:51:28.872,1.0781,1.0783,1.60,8.20
2010.06.29 15:51:29.622,1.0781,1.0783,1.60,5.00
2010.06.29 15:51:29.968,1.0781,1.0783,1.60,7.80
2010.06.29 15:51:30.643,1.0781,1.0783,1.60,5.80
2010.06.29 15:51:33.481,1.0781,1.0783,1.60,6.20
2010.06.29 15:51:33.702,1.07815,1.0783,1.60,2.20
2010.06.29 15:51:34.250,1.0782,1.07835,1.00,2.20
2010.06.29 15:51:34.420,1.0782,1.07835,1.00,1.00
2010.06.29 15:51:37.443,1.07815,1.07835,4.80,1.00
2010.06.29 15:51:37.510,1.07815,1.07835,1.00,1.00
2010.06.29 15:51:37.564,1.07815,1.0783,1.00,1.00
2010.06.29 15:51:38.045,1.07815,1.0783,1.60,1.00
2010.06.29 15:51:38.460,1.07815,1.07835,1.60,1.00
2010.06.29 15:51:39.487,1.07815,1.0783,1.60,1.00
2010.06.29 15:51:39.532,1.07815,1.0783,1.00,1.00
2010.06.29 15:51:42.926,1.07815,1.07835,1.60,1.00
2010.06.29 15:51:43.141,1.07815,1.07835,4.00,1.00
2010.06.29 15:51:44.453,1.07815,1.07835,1.60,1.00
2010.06.29 15:51:44.611,1.07815,1.07835,1.60,1.80
2010.06.29 15:51:46.544,1.07815,1.07835,1.60,1.00
2010.06.29 15:51:48.372,1.07815,1.07835,2.40,1.00
2010.06.29 15:51:48.613,1.07815,1.07835,1.60,1.00
2010.06.29 15:51:56.933,1.07815,1.07835,1.60,1.80
2010.06.29 15:51:57.751,1.07815,1.07835,1.00,1.80
2010.06.29 15:51:57.951,1.07815,1.0783,1.00,1.00
2010.06.29 15:51:58.651,1.0781,1.07825,1.60,1.00
2010.06.29 15:51:58.927,1.07805,1.07825,4.00,1.00
2010.06.29 15:52:00.693,1.07805,1.07825,3.20,1.00
2010.06.29 15:52:01.004,1.07805,1.0782,2.40,1.00
2010.06.29 15:52:01.317,1.078,1.07815,11.20,2.40
2010.06.29 15:52:02.002,1.078,1.07815,1.00,1.00
2010.06.29 15:52:06.213,1.078,1.07815,6.40,1.00
2010.06.29 15:52:06.614,1.078,1.07815,4.00,1.00
2010.06.29 15:52:06.878,1.078,1.0782,1.60,1.00
2010.06.29 15:52:07.437,1.07805,1.07825,1.00,11.40
2010.06.29 15:52:07.868,1.07805,1.07825,1.60,1.00
2010.06.29 15:52:08.213,1.0781,1.0783,1.60,2.60
2010.06.29 15:52:08.552,1.0781,1.0783,1.60,1.80
2010.06.29 15:52:09.184,1.0781,1.0783,1.60,1.00
2010.06.29 15:52:10.083,1.0781,1.07825,1.60,2.40
2010.06.29 15:52:12.912,1.0781,1.07825,1.00,2.60
2010.06.29 15:52:14.413,1.0781,1.07825,1.00,1.00
2010.06.29 15:52:16.201,1.0781,1.0783,1.00,2.60
2010.06.29 15:52:16.444,1.0781,1.0783,1.60,1.00
2010.06.29 15:52:16.998,1.07815,1.0783,2.40,1.00
2010.06.29 15:52:17.262,1.0782,1.07835,1.60,1.00
2010.06.29 15:52:19.352,1.0782,1.07835,4.00,1.00
2010.06.29 15:52:19.914,1.0782,1.07835,1.00,1.00
2010.06.29 15:52:26.514,1.0782,1.0784,1.60,1.00
2010.06.29 15:52:27.168,1.0782,1.0784,4.40,1.00
2010.06.29 15:52:27.417,1.07825,1.07845,1.60,5.80
2010.06.29 15:52:29.569,1.0783,1.0785,4.80,1.00
2010.06.29 15:52:29.738,1.07835,1.0785,1.60,1.00
2010.06.29 15:52:30.225,1.07835,1.0785,1.60,2.60
2010.06.29 15:52:30.383,1.0783,1.0785,1.60,3.40
2010.06.29 15:52:31.045,1.0783,1.07845,1.00,1.00
2010.06.29 15:52:31.391,1.07825,1.0784,1.60,1.00
2010.06.29 15:52:34.304,1.07825,1.0784,1.60,2.60
2010.06.29 15:52:36.828,1.07825,1.0784,1.60,1.00
2010.06.29 15:52:37.873,1.07825,1.0784,2.40,1.00
2010.06.29 15:52:38.529,1.07825,1.07845,4.80,1.00
2010.06.29 15:52:39.954,1.07825,1.0784,4.80,1.00
2010.06.29 15:52:40.132,1.07825,1.07845,4.40,1.00
2010.06.29 15:52:40.311,1.07825,1.07845,4.80,1.00
2010.06.29 15:52:40.492,1.07825,1.07845,6.80,1.00
2010.06.29 15:52:41.032,1.07825,1.07845,6.00,1.00
2010.06.29 15:52:41.622,1.07825,1.07845,6.40,1.00
2010.06.29 15:52:41.881,1.07835,1.0785,1.00,1.00
2010.06.29 15:52:45.085,1.07835,1.0785,1.00,1.80
2010.06.29 15:52:47.008,1.0783,1.07845,1.00,1.00
2010.06.29 15:52:48.113,1.0783,1.0785,2.40,1.80
2010.06.29 15:52:50.096,1.0783,1.0785,2.40,1.00
2010.06.29 15:52:54.542,1.0783,1.0785,1.60,1.00
2010.06.29 15:52:55.554,1.0783,1.0785,1.60,1.80
2010.06.29 15:52:56.010,1.0783,1.07845,1.00,1.00
2010.06.29 15:52:58.827,1.07825,1.07845,1.60,3.80
2010.06.29 15:52:59.390,1.0783,1.07845,1.60,1.00
2010.06.29 15:52:59.812,1.0783,1.07845,2.20,1.00
2010.06.29 15:53:01.635,1.0783,1.07845,0.20,6.60
2010.06.29 15:53:01.843,1.0783,1.0784,0.20,1.00
2010.06.29 15:53:02.536,1.0783,1.0784,0.20,1.80
2010.06.29 15:53:02.742,1.0783,1.0784,0.20,4.20
2010.06.29 15:53:03.423,1.0783,1.0784,0.20,3.40
2010.06.29 15:53:06.515,1.0783,1.07835,0.20,3.40
2010.06.29 15:53:06.756,1.07815,1.0783,1.60,1.00
2010.06.29 15:53:07.166,1.07815,1.0783,1.60,3.40
2010.06.29 15:53:07.420,1.0781,1.0783,1.60,2.60
2010.06.29 15:53:07.997,1.0781,1.0783,1.60,3.40
2010.06.29 15:53:08.260,1.0781,1.0783,1.60,7.40
2010.06.29 15:53:09.528,1.0781,1.0783,1.60,3.40
2010.06.29 15:53:09.914,1.0781,1.0783,1.60,7.40
2010.06.29 15:53:10.294,1.0781,1.0783,1.60,3.40
2010.06.29 15:53:11.281,1.0781,1.0783,2.40,1.00
2010.06.29 15:53:11.844,1.0781,1.0783,1.60,1.00
2010.06.29 15:53:13.602,1.0781,1.07825,1.60,3.20
2010.06.29 15:53:13.864,1.078,1.07815,2.00,1.00
2010.06.29 15:53:14.162,1.078,1.07815,1.60,1.00
2010.06.29 15:53:15.892,1.07805,1.07815,1.00,1.00
2010.06.29 15:53:16.259,1.07805,1.0782,1.60,1.00
2010.06.29 15:53:16.499,1.07805,1.0782,1.00,1.00
2010.06.29 15:53:17.210,1.078,1.07815,2.40,1.00
2010.06.29 15:53:17.555,1.078,1.07815,1.60,1.00
2010.06.29 15:53:17.883,1.07795,1.0781,1.60,1.00
2010.06.29 15:53:18.524,1.0779,1.0781,4.00,1.00
2010.06.29 15:53:19.207,1.0779,1.0781,4.00,1.80
2010.06.29 15:53:21.845,1.0779,1.07805,1.00,1.00
2010.06.29 15:53:24.462,1.0779,1.07805,1.60,1.00
2010.06.29 15:53:26.379,1.0779,1.07805,1.00,1.00
2010.06.29 15:53:27.367,1.07795,1.0781,3.20,1.00
2010.06.29 15:53:27.860,1.07795,1.07815,5.60,1.80
2010.06.29 15:53:28.047,1.07795,1.07815,1.00,1.00
2010.06.29 15:53:28.964,1.07795,1.0781,1.00,1.00
2010.06.29 15:53:37.371,1.0779,1.0781,4.80,1.00
2010.06.29 15:53:37.733,1.0779,1.0781,4.00,1.00
2010.06.29 15:53:39.714,1.07795,1.0781,1.00,1.00
2010.06.29 15:53:40.054,1.07795,1.0781,1.00,1.80
2010.06.29 15:53:43.866,1.0779,1.07805,1.60,1.00
2010.06.29 15:53:44.370,1.0779,1.07805,1.00,1.00
2010.06.29 15:53:50.979,1.07785,1.07805,1.00,5.00
2010.06.29 15:53:51.663,1.07785,1.078,1.00,1.00
2010.06.29 15:53:54.054,1.07785,1.07805,1.00,1.00
2010.06.29 15:53:54.475,1.07785,1.07805,1.60,4.20
2010.06.29 15:53:54.562,1.07785,1.07805,1.00,5.00
2010.06.29 15:53:57.495,1.07785,1.07805,4.80,1.00
2010.06.29 15:53:57.970,1.0779,1.0781,1.00,1.00
2010.06.29 15:53:58.159,1.07795,1.0781,1.00,1.00
2010.06.29 15:54:03.274,1.07795,1.0781,1.00,4.20
2010.06.29 15:54:03.467,1.07785,1.07805,1.60,5.00
2010.06.29 15:54:03.628,1.0778,1.078,4.00,1.00
2010.06.29 15:54:05.982,1.07785,1.078,1.00,1.00
2010.06.29 15:54:06.156,1.07785,1.078,1.60,1.00
2010.06.29 15:54:11.711,1.07785,1.07805,2.40,1.00
2010.06.29 15:54:13.004,1.0779,1.07805,1.60,1.00
2010.06.29 15:54:18.551,1.07785,1.07805,1.60,1.00
2010.06.29 15:54:19.041,1.07785,1.07805,1.60,3.40
2010.06.29 15:54:19.095,1.07785,1.078,1.60,1.00
2010.06.29 15:54:25.186,1.07785,1.078,1.60,1.00
2010.06.29 15:54:29.256,1.0778,1.07795,1.60,2.60
2010.06.29 15:54:29.448,1.07775,1.07795,6.00,10.60
2010.06.29 15:54:29.624,1.07775,1.0779,6.00,1.00
2010.06.29 15:54:32.289,1.0777,1.07785,1.60,1.00
2010.06.29 15:54:32.633,1.0777,1.07785,1.00,1.00
2010.06.29 15:54:33.357,1.0777,1.07785,1.00,1.40
2010.06.29 15:54:34.542,1.0777,1.0778,1.00,1.00
2010.06.29 15:54:34.710,1.0777,1.07785,1.00,1.80
2010.06.29 15:54:35.390,1.0777,1.07785,1.00,1.00
2010.06.29 15:54:35.967,1.0777,1.07785,1.60,1.00
2010.06.29 15:54:37.116,1.07765,1.0778,2.40,1.00
2010.06.29 15:54:37.471,1.0776,1.0778,4.00,1.00
2010.06.29 15:54:38.121,1.0776,1.0778,4.00,1.80
2010.06.29 15:54:40.152,1.0776,1.0778,1.60,1.80
2010.06.29 15:54:40.859,1.0776,1.0778,4.00,1.80
2010.06.29 15:54:43.063,1.0776,1.0778,1.60,5.00
2010.06.29 15:54:43.192,1.0776,1.07775,1.60,1.00
2010.06.29 15:54:48.162,1.0776,1.0777,1.60,1.00
2010.06.29 15:54:48.315,1.07755,1.07765,1.00,1.00
2010.06.29 15:54:48.533,1.07745,1.07765,4.40,3.40
2010.06.29 15:54:48.754,1.0774,1.07755,4.80,1.00
2010.06.29 15:54:48.973,1.0774,1.07755,4.00,1.00
2010.06.29 15:54:52.058,1.07745,1.07765,1.00,1.80
2010.06.29 15:54:52.410,1.07745,1.07765,1.00,1.00
2010.06.29 15:54:54.772,1.07745,1.07765,1.60,1.00
2010.06.29 15:54:54.852,1.07745,1.07765,1.60,1.20
2010.06.29 15:54:54.931,1.07745,1.07765,1.60,5.20
2010.06.29 15:54:55.012,1.07745,1.0776,1.60,6.40
2010.06.29 15:54:55.091,1.07745,1.0776,1.60,7.10
2010.06.29 15:54:55.174,1.07735,1.07755,6.00,1.00
2010.06.29 15:54:55.594,1.07735,1.07755,4.80,1.00
2010.06.29 15:54:58.024,1.07735,1.07755,6.40,1.00
2010.06.29 15:54:58.226,1.0774,1.07755,4.80,1.00
2010.06.29 15:54:58.437,1.07745,1.0776,2.40,1.00
2010.06.29 15:54:58.643,1.07745,1.07765,3.20,1.00
2010.06.29 15:54:58.842,1.0775,1.07765,1.60,1.00
2010.06.29 15:55:01.883,1.07755,1.0777,1.00,1.00
2010.06.29 15:55:06.789,1.0775,1.07765,1.60,1.00
2010.06.29 15:55:07.129,1.0775,1.0776,1.00,1.00
2010.06.29 15:55:07.667,1.0774,1.0776,4.00,1.00
2010.06.29 15:55:07.939,1.0774,1.0776,1.60,1.00
2010.06.29 15:55:08.423,1.0774,1.0776,1.60,1.80
2010.06.29 15:55:08.643,1.0774,1.0776,4.00,1.00
2010.06.29 15:55:09.647,1.0774,1.0776,15.20,1.00
2010.06.29 15:55:11.624,1.07745,1.0776,1.60,1.00
2010.06.29 15:55:12.498,1.07745,1.0776,1.60,1.00
2010.06.29 15:55:14.029,1.07755,1.0777,1.00,1.80
2010.06.29 15:55:14.247,1.07755,1.0777,1.00,1.00
2010.06.29 15:55:14.590,1.07755,1.07775,1.00,1.00
2010.06.29 15:55:14.811,1.07755,1.0777,1.00,1.00
2010.06.29 15:55:22.443,1.0776,1.07775,1.00,1.00
2010.06.29 15:55:22.969,1.07765,1.0778,1.00,1.00
2010.06.29 15:55:22.979,1.0777,1.0778,1.60,1.00
2010.06.29 15:55:23.338,1.0777,1.07785,1.60,1.00
2010.06.29 15:55:23.691,1.07765,1.07785,8.00,1.80
2010.06.29 15:55:24.378,1.0776,1.0778,4.00,1.00
2010.06.29 15:55:25.670,1.0776,1.0778,4.80,1.00
2010.06.29 15:55:27.456,1.0776,1.0778,4.00,1.00
2010.06.29 15:55:29.391,1.0776,1.0778,1.60,7.40
2010.06.29 15:55:30.193,1.0776,1.0778,1.60,5.00
2010.06.29 15:55:30.483,1.0776,1.0778,1.60,1.00
2010.06.29 15:55:36.701,1.0776,1.07775,1.00,1.00
2010.06.29 15:55:40.849,1.07755,1.07775,1.60,1.80
2010.06.29 15:55:42.233,1.07755,1.07775,2.40,1.80
2010.06.29 15:55:44.433,1.07755,1.0777,2.40,1.00
2010.06.29 15:55:44.616,1.07755,1.0777,1.60,1.00
2010.06.29 15:55:44.795,1.07755,1.0777,1.00,3.40
2010.06.29 15:55:44.981,1.0775,1.0777,1.60,5.80
2010.06.29 15:55:45.352,1.0775,1.07765,1.60,1.00
2010.06.29 15:55:53.702,1.07745,1.0776,1.20,2.40
2010.06.29 15:55:53.883,1.0775,1.0776,1.00,2.80
2010.06.29 15:55:54.062,1.0775,1.0776,2.80,2.40
2010.06.29 15:55:54.428,1.0775,1.0777,4.00,1.00
2010.06.29 15:55:54.651,1.0775,1.0777,1.60,3.40
2010.06.29 15:55:58.079,1.0775,1.0777,1.60,4.20
2010.06.29 15:55:58.385,1.0775,1.07765,1.60,1.00
2010.06.29 15:56:02.631,1.0775,1.07765,1.00,1.00
2010.06.29 15:56:02.796,1.0775,1.07765,1.00,1.00
2010.06.29 15:56:02.964,1.0775,1.07765,1.00,2.60
2010.06.29 15:56:03.601,1.0775,1.07765,1.00,1.80
2010.06.29 15:56:05.321,1.0775,1.07765,1.00,2.60
2010.06.29 15:56:05.378,1.07745,1.07765,1.60,2.60
2010.06.29 15:56:06.845,1.07745,1.0776,1.60,3.60
2010.06.29 15:56:07.132,1.07745,1.0776,1.60,1.00
2010.06.29 15:56:07.425,1.07745,1.07765,1.60,4.20
2010.06.29 15:56:07.575,1.07745,1.07765,1.60,5.00
2010.06.29 15:56:07.724,1.07745,1.0776,1.00,1.00
2010.06.29 15:56:08.931,1.07745,1.07755,1.00,1.00
2010.06.29 15:56:10.420,1.0774,1.07755,1.60,1.00
2010.06.29 15:56:10.531,1.0774,1.07755,1.60,1.50
2010.06.29 15:56:10.653,1.0774,1.07755,1.00,3.90
2010.06.29 15:56:10.771,1.0774,1.07755,1.00,1.50
2010.06.29 15:56:10.892,1.0774,1.07755,1.00,2.60
2010.06.29 15:56:13.191,1.0774,1.07755,1.00,1.80
2010.06.29 15:56:14.772,1.07735,1.07755,1.60,1.80
2010.06.29 15:56:18.355,1.07735,1.07755,1.60,1.00
2010.06.29 15:56:18.452,1.0774,1.07755,1.00,1.00
2010.06.29 15:56:18.990,1.0774,1.07755,1.00,1.00
2010.06.29 15:56:19.805,1.0774,1.07755,1.00,1.00
2010.06.29 15:56:23.513,1.0774,1.07755,1.00,1.00
2010.06.29 15:56:23.655,1.0774,1.07755,1.60,1.00
2010.06.29 15:56:23.798,1.0774,1.07755,2.80,1.00
2010.06.29 15:56:24.674,1.07745,1.0776,1.00,1.00
2010.06.29 15:56:24.938,1.0775,1.07765,1.00,1.00
2010.06.29 15:56:28.274,1.07755,1.07775,4.00,1.00
2010.06.29 15:56:28.539,1.07755,1.07775,9.20,1.00
2010.06.29 15:56:28.801,1.07755,1.07775,6.00,1.00
2010.06.29 15:56:29.148,1.07755,1.0777,1.20,1.00
2010.06.29 15:56:29.499,1.0775,1.0777,1.60,1.80
2010.06.29 15:56:30.625,1.0775,1.0776,1.00,1.00
2010.06.29 15:56:31.450,1.07745,1.0776,3.20,1.00
2010.06.29 15:56:31.586,1.07745,1.0776,2.80,1.00
2010.06.29 15:56:33.761,1.07745,1.0776,2.80,1.00
2010.06.29 15:56:35.218,1.07745,1.0776,2.00,1.00
2010.06.29 15:56:35.282,1.07735,1.07755,2.80,4.20
2010.06.29 15:56:35.344,1.07735,1.07755,1.60,4.20
2010.06.29 15:56:36.174,1.0774,1.07755,1.00,1.00
2010.06.29 15:56:36.816,1.0774,1.07755,1.00,1.80
2010.06.29 15:56:37.166,1.0774,1.07755,1.00,1.00
2010.06.29 15:56:37.517,1.0774,1.07755,1.00,4.20
2010.06.29 15:56:38.482,1.0774,1.07755,1.00,3.40
2010.06.29 15:56:38.812,1.0774,1.07755,1.00,1.00
2010.06.29 15:56:39.445,1.0774,1.07755,1.00,1.00
2010.06.29 15:56:41.153,1.0774,1.07755,1.60,1.00
2010.06.29 15:56:43.291,1.07735,1.0775,1.20,1.00
2010.06.29 15:56:43.600,1.0773,1.0775,1.60,5.00
2010.06.29 15:56:43.947,1.0773,1.07745,1.60,1.00
2010.06.29 15:56:47.165,1.0773,1.07745,4.00,1.00
2010.06.29 15:56:49.273,1.0773,1.07745,3.60,1.00
2010.06.29 15:56:49.483,1.0773,1.07745,2.80,1.00
2010.06.29 15:56:49.693,1.0773,1.07745,1.20,4.20
2010.06.29 15:56:50.031,1.07725,1.0774,3.20,1.00
2010.06.29 15:56:50.225,1.07725,1.07745,1.60,3.80
2010.06.29 15:56:50.407,1.07725,1.07745,1.60,4.60
2010.06.29 15:56:50.595,1.07725,1.07745,1.60,3.80
2010.06.29 15:56:51.133,1.07725,1.07745,1.60,3.40
2010.06.29 15:56:51.616,1.07725,1.07745,1.60,1.00
2010.06.29 15:56:51.957,1.07725,1.07745,2.80,1.00
2010.06.29 15:56:53.035,1.07725,1.07745,7.60,1.00
2010.06.29 15:56:53.274,1.0773,1.0775,2.80,2.60
2010.06.29 15:56:53.512,1.0773,1.0775,1.20,2.60
2010.06.29 15:56:53.772,1.0773,1.07745,1.20,1.00
2010.06.29 15:56:58.442,1.07725,1.07745,8.80,1.00
2010.06.29 15:56:59.142,1.07725,1.07745,9.20,1.00
2010.06.29 15:57:00.110,1.07725,1.07745,9.20,1.00
2010.06.29 15:57:01.514,1.07725,1.07745,8.40,1.00
2010.06.29 15:57:02.081,1.07725,1.07745,2.40,5.80
2010.06.29 15:57:02.427,1.0772,1.0774,4.00,1.00
2010.06.29 15:57:04.706,1.0772,1.0774,5.20,1.00
2010.06.29 15:57:06.633,1.0772,1.0774,6.40,1.00
2010.06.29 15:57:06.804,1.07725,1.0774,3.00,1.00
2010.06.29 15:57:06.974,1.0773,1.0774,2.40,1.00
2010.06.29 15:57:07.351,1.0773,1.0774,3.20,1.00
2010.06.29 15:57:07.528,1.07735,1.07755,4.80,1.00
2010.06.29 15:57:07.866,1.0774,1.07755,2.40,1.00
2010.06.29 15:57:08.211,1.07745,1.0776,2.40,1.80
2010.06.29 15:57:08.564,1.07745,1.0776,3.20,1.00
2010.06.29 15:57:10.505,1.07745,1.0776,2.40,1.00
2010.06.29 15:57:10.989,1.0774,1.07755,4.40,1.00
2010.06.29 15:57:11.335,1.0774,1.07755,3.20,1.00
2010.06.29 15:57:11.539,1.0774,1.0775,2.40,1.00
2010.06.29 15:57:14.224,1.0774,1.07755,3.60,1.00
2010.06.29 15:57:14.465,1.07745,1.07755,2.40,1.00
2010.06.29 15:57:17.684,1.0774,1.07755,2.40,1.00
2010.06.29 15:57:18.428,1.0774,1.07755,3.20,1.00
2010.06.29 15:57:18.737,1.0775,1.0776,2.40,1.00
2010.06.29 15:57:19.874,1.07745,1.0776,5.00,1.00
2010.06.29 15:57:20.162,1.0775,1.0776,2.40,1.00
2010.06.29 15:57:21.135,1.07755,1.0777,4.80,1.00
2010.06.29 15:57:21.987,1.07755,1.0777,4.00,1.00
2010.06.29 15:57:23.328,1.07755,1.0777,2.40,1.00
2010.06.29 15:57:28.194,1.0776,1.07765,1.00,1.00
2010.06.29 15:57:28.530,1.07755,1.07765,2.40,1.00
2010.06.29 15:57:31.223,1.0775,1.07765,3.20,1.00
2010.06.29 15:57:33.607,1.0775,1.07765,3.20,1.00
2010.06.29 15:57:35.276,1.0775,1.07765,2.40,1.00
2010.06.29 15:57:35.797,1.0775,1.07765,2.80,1.00
2010.06.29 15:57:39.996,1.0775,1.07765,3.60,1.00
2010.06.29 15:57:40.065,1.0775,1.07765,4.80,1.00
2010.06.29 15:57:40.128,1.0775,1.0777,4.80,5.00
2010.06.29 15:57:40.512,1.0775,1.0777,4.80,4.20
2010.06.29 15:57:40.591,1.07755,1.0777,1.00,1.00
2010.06.29 15:57:43.052,1.0775,1.0777,6.00,1.00
2010.06.29 15:57:43.137,1.0775,1.0777,5.20,1.00
2010.06.29 15:57:43.442,1.0775,1.0777,5.20,5.00
2010.06.29 15:57:43.593,1.0775,1.0777,5.20,7.40
2010.06.29 15:57:44.093,1.0775,1.0777,4.40,13.80
2010.06.29 15:57:44.438,1.0775,1.07765,2.40,1.00
2010.06.29 15:57:48.774,1.07745,1.07765,6.00,1.00
2010.06.29 15:57:49.454,1.07745,1.07765,5.40,5.00
2010.06.29 15:57:53.943,1.07745,1.07765,6.60,5.00
2010.06.29 15:57:56.023,1.07745,1.0776,2.60,1.00
2010.06.29 15:57:56.330,1.07735,1.07755,7.60,1.80
2010.06.29 15:57:56.621,1.07735,1.07755,6.20,1.80
2010.06.29 15:57:57.203,1.07735,1.07755,5.40,7.40
2010.06.29 15:57:57.460,1.0774,1.07755,2.40,1.00
2010.06.29 15:58:05.202,1.07735,1.07755,8.40,1.00
2010.06.29 15:58:05.332,1.07735,1.07755,7.60,1.00
2010.06.29 15:58:05.812,1.07735,1.07755,8.40,1.00
2010.06.29 15:58:09.996,1.07735,1.07755,7.60,1.00
2010.06.29 15:58:10.232,1.07735,1.07755,10.00,1.00
2010.06.29 15:58:10.474,1.07735,1.07755,14.00,1.00
2010.06.29 15:58:12.672,1.07735,1.07755,7.60,1.00
2010.06.29 15:58:13.242,1.0774,1.07755,1.20,1.00
2010.06.29 15:58:13.583,1.07735,1.07755,8.00,1.00
2010.06.29 15:58:14.577,1.07745,1.07755,1.00,1.00
2010.06.29 15:58:14.815,1.07745,1.0776,2.40,1.00
2010.06.29 15:58:16.117,1.0775,1.07765,1.60,1.00
2010.06.29 15:58:16.364,1.0776,1.0777,1.00,1.00
2010.06.29 15:58:16.951,1.0776,1.07775,4.00,1.00
2010.06.29 15:58:17.306,1.0776,1.07775,1.00,1.00
2010.06.29 15:58:17.978,1.0776,1.07775,1.00,1.00
2010.06.29 15:58:19.344,1.0777,1.07775,1.00,1.00
2010.06.29 15:58:19.544,1.07765,1.07775,2.40,1.00
2010.06.29 15:58:20.092,1.0776,1.07775,1.00,1.00
2010.06.29 15:58:21.154,1.0776,1.07775,1.60,1.00
2010.06.29 15:58:21.577,1.0776,1.07775,1.00,1.00
2010.06.29 15:58:21.694,1.0775,1.0776,1.00,4.80
2010.06.29 15:58:21.799,1.0775,1.0776,1.00,4.60
2010.06.29 15:58:22.170,1.0774,1.07755,1.00,1.00
2010.06.29 15:58:22.283,1.07735,1.0775,1.00,1.00
2010.06.29 15:58:23.195,1.07735,1.0775,1.00,3.40
2010.06.29 15:58:23.890,1.07735,1.07745,1.00,1.00
2010.06.29 15:58:24.060,1.07735,1.07745,1.00,1.00
2010.06.29 15:58:24.549,1.07725,1.07745,13.20,3.40
2010.06.29 15:58:24.718,1.07725,1.0774,4.40,1.00
2010.06.29 15:58:25.064,1.07725,1.0774,6.00,1.00
2010.06.29 15:58:26.236,1.0773,1.0774,1.60,1.00
2010.06.29 15:58:26.473,1.07735,1.0775,1.00,1.00
2010.06.29 15:58:26.706,1.0773,1.07745,2.40,1.00
2010.06.29 15:58:27.267,1.0773,1.07745,1.60,1.00
2010.06.29 15:58:27.618,1.07725,1.07745,5.60,1.00
2010.06.29 15:58:28.310,1.07735,1.07745,1.00,1.00
2010.06.29 15:58:28.590,1.07735,1.0775,1.00,1.00
2010.06.29 15:58:29.200,1.0773,1.0775,5.60,1.00
2010.06.29 15:58:31.946,1.0773,1.0775,4.00,1.00
2010.06.29 15:58:32.084,1.0773,1.0775,1.60,1.00
2010.06.29 15:58:32.679,1.0773,1.0775,5.60,1.00
2010.06.29 15:58:33.368,1.0773,1.07745,1.00,1.00
2010.06.29 15:58:33.930,1.07725,1.07745,5.60,1.00
2010.06.29 15:58:34.211,1.0773,1.0775,4.00,1.00
2010.06.29 15:58:34.485,1.0773,1.0775,4.80,1.00
2010.06.29 15:58:34.758,1.07735,1.0775,1.00,1.00
2010.06.29 15:58:35.381,1.0773,1.0775,6.40,1.00
2010.06.29 15:58:35.704,1.0773,1.0775,5.60,1.00
2010.06.29 15:58:36.643,1.07735,1.0775,1.00,1.00
2010.06.29 15:58:36.923,1.0774,1.07755,10.40,1.00
2010.06.29 15:58:37.199,1.07745,1.0776,3.20,1.00
2010.06.29 15:58:37.895,1.07745,1.0776,3.20,1.00
2010.06.29 15:58:38.239,1.0774,1.0776,1.60,1.00
2010.06.29 15:58:38.943,1.0774,1.07755,1.00,1.00
2010.06.29 15:58:39.291,1.0774,1.0776,1.60,1.00
2010.06.29 15:58:39.566,1.0774,1.0776,4.00,1.00
2010.06.29 15:58:39.849,1.0774,1.07755,1.00,1.00
2010.06.29 15:58:40.224,1.07735,1.07755,5.20,1.00
2010.06.29 15:58:40.507,1.07735,1.07755,4.00,1.00
2010.06.29 15:58:40.785,1.0774,1.07755,3.20,1.00
2010.06.29 15:58:41.384,1.0774,1.0776,4.00,1.00
2010.06.29 15:58:41.655,1.07745,1.0776,1.00,1.00
2010.06.29 15:58:41.906,1.07745,1.0776,3.20,1.00
2010.06.29 15:58:42.627,1.07745,1.0776,4.00,1.00
2010.06.29 15:58:42.878,1.07745,1.0776,3.20,1.00
2010.06.29 15:58:43.123,1.0774,1.0776,7.20,1.00
2010.06.29 15:58:43.366,1.0774,1.0776,4.80,1.00
2010.06.29 15:58:44.042,1.0774,1.0776,4.00,9.00
2010.06.29 15:58:44.389,1.0774,1.0776,4.80,1.00
2010.06.29 15:58:45.073,1.0774,1.0776,1.60,1.80
2010.06.29 15:58:45.253,1.0774,1.0776,1.60,1.80
2010.06.29 15:58:45.435,1.0774,1.07755,5.60,1.00
2010.06.29 15:58:45.950,1.07745,1.0776,1.60,1.00
2010.06.29 15:58:46.383,1.07745,1.0776,1.00,1.00
2010.06.29 15:58:47.204,1.07745,1.0776,1.60,1.00
2010.06.29 15:58:47.463,1.07745,1.0776,4.00,1.00
2010.06.29 15:58:47.760,1.0774,1.0776,1.60,1.80
2010.06.29 15:58:48.047,1.0774,1.0776,4.00,1.80
2010.06.29 15:58:48.374,1.0774,1.0776,4.80,1.00
2010.06.29 15:58:48.968,1.07745,1.0776,1.00,1.00
2010.06.29 15:58:49.591,1.0774,1.07755,4.80,1.00
2010.06.29 15:58:50.442,1.0774,1.07755,1.60,1.00
2010.06.29 15:58:50.662,1.0774,1.07755,1.00,1.00
2010.06.29 15:58:50.882,1.0774,1.07755,1.60,1.00
2010.06.29 15:58:51.637,1.07735,1.07755,6.80,5.00
2010.06.29 15:58:52.180,1.07735,1.07755,7.60,1.00
2010.06.29 15:58:52.524,1.07735,1.07755,6.80,1.00
2010.06.29 15:58:55.052,1.07735,1.07755,6.00,1.00
2010.06.29 15:58:57.801,1.07735,1.07755,6.80,1.00
2010.06.29 15:58:58.655,1.07735,1.07755,6.00,1.00
2010.06.29 15:58:59.961,1.07735,1.07755,3.20,1.00
2010.06.29 15:59:00.165,1.07735,1.07755,7.30,1.00
2010.06.29 15:59:00.263,1.07735,1.07755,7.20,1.00
2010.06.29 15:59:00.710,1.0774,1.0776,1.60,1.00
2010.06.29 15:59:00.929,1.0774,1.0776,5.60,1.00
2010.06.29 15:59:01.367,1.0774,1.0776,6.40,1.00
2010.06.29 15:59:02.056,1.0774,1.0776,12.40,1.00
2010.06.29 15:59:02.707,1.0774,1.0776,11.60,1.00
2010.06.29 15:59:03.593,1.0774,1.0775,9.60,1.00
2010.06.29 15:59:03.887,1.07735,1.0775,3.20,1.00
2010.06.29 15:59:04.350,1.07735,1.0775,1.00,1.00
2010.06.29 15:59:06.462,1.07735,1.0775,4.00,1.00
2010.06.29 15:59:11.446,1.07735,1.0775,3.20,1.00
2010.06.29 15:59:11.568,1.07735,1.0775,1.00,1.00
2010.06.29 15:59:11.694,1.0773,1.0775,6.40,1.00
2010.06.29 15:59:12.033,1.0773,1.0775,5.60,1.00
2010.06.29 15:59:12.478,1.0773,1.0775,6.40,1.00
2010.06.29 15:59:13.081,1.07735,1.0775,1.00,1.00
2010.06.29 15:59:13.223,1.07735,1.0775,3.20,1.00
2010.06.29 15:59:14.146,1.0773,1.0775,11.20,1.00
2010.06.29 15:59:15.707,1.0773,1.07745,7.20,1.00
2010.06.29 15:59:16.222,1.07725,1.07745,12.00,1.00
2010.06.29 15:59:16.482,1.0773,1.07745,1.00,1.00
2010.06.29 15:59:17.513,1.07725,1.07745,8.00,1.00
2010.06.29 15:59:17.857,1.07725,1.07745,5.20,1.90
2010.06.29 15:59:18.584,1.0772,1.0773,3.20,1.00
2010.06.29 15:59:18.929,1.0772,1.0773,1.00,1.00
2010.06.29 15:59:19.572,1.07715,1.0773,9.20,1.00
2010.06.29 15:59:19.916,1.07715,1.0773,8.00,1.00
2010.06.29 15:59:20.258,1.07715,1.0773,8.80,1.00
2010.06.29 15:59:20.920,1.07715,1.0773,2.40,1.00
2010.06.29 15:59:21.118,1.07715,1.07725,1.60,1.00
2010.06.29 15:59:22.991,1.0772,1.07725,1.60,1.00
2010.06.29 15:59:23.307,1.0772,1.0773,1.00,1.00
2010.06.29 15:59:23.643,1.07715,1.0773,6.40,1.00
2010.06.29 15:59:24.558,1.07715,1.0773,5.60,1.00
2010.06.29 15:59:25.324,1.07715,1.0773,6.40,1.00
2010.06.29 15:59:30.272,1.0772,1.0773,1.00,1.00
2010.06.29 15:59:30.613,1.0772,1.07735,1.00,1.00
2010.06.29 15:59:31.293,1.0772,1.07735,3.20,1.00
2010.06.29 15:59:31.584,1.0772,1.07735,4.80,1.00
2010.06.29 15:59:33.542,1.07725,1.07735,2.40,1.00
2010.06.29 15:59:33.797,1.07725,1.07745,2.40,1.00
2010.06.29 15:59:33.991,1.07725,1.07745,3.20,1.00
2010.06.29 15:59:40.616,1.07725,1.07745,2.40,2.60
2010.06.29 15:59:40.806,1.07725,1.07745,3.20,3.00
2010.06.29 15:59:41.169,1.07725,1.07745,3.20,2.60
2010.06.29 15:59:41.460,1.0772,1.0774,7.20,2.60
2010.06.29 15:59:42.090,1.0772,1.0773,1.00,1.00
2010.06.29 15:59:42.385,1.0771,1.0773,9.60,2.60
2010.06.29 15:59:43.477,1.0771,1.0773,8.80,2.60
2010.06.29 15:59:44.527,1.0771,1.0773,8.80,3.40
2010.06.29 15:59:44.796,1.0771,1.0773,8.80,1.00
2010.06.29 15:59:45.066,1.0771,1.0773,8.80,7.40
2010.06.29 15:59:45.419,1.0771,1.0773,9.60,7.40
2010.06.29 15:59:45.703,1.07705,1.0772,1.20,1.00
2010.06.29 15:59:45.994,1.07705,1.0772,1.60,1.00
2010.06.29 15:59:46.285,1.077,1.0772,3.20,1.00
2010.06.29 15:59:46.900,1.077,1.07715,1.60,1.00
2010.06.29 15:59:47.200,1.077,1.07715,4.80,1.00
2010.06.29 15:59:47.806,1.077,1.07715,1.60,1.00
2010.06.29 15:59:48.101,1.077,1.07715,1.60,1.00
2010.06.29 15:59:48.436,1.077,1.07715,1.00,1.00
2010.06.29 15:59:50.585,1.07695,1.07715,1.60,1.00
2010.06.29 15:59:50.748,1.07695,1.0771,1.60,1.00
2010.06.29 15:59:51.385,1.07695,1.0771,4.80,1.00
2010.06.29 15:59:51.889,1.07705,1.0771,3.00,1.00
2010.06.29 15:59:52.558,1.077,1.0772,5.00,2.40
2010.06.29 15:59:52.866,1.077,1.0772,4.20,2.40
2010.06.29 15:59:53.174,1.077,1.0772,3.40,2.40
2010.06.29 15:59:56.007,1.077,1.0772,4.20,2.40
2010.06.29 15:59:56.361,1.07705,1.07725,7.00,1.20
2010.06.29 15:59:56.708,1.07705,1.0773,7.00,8.60
2010.06.29 15:59:57.198,1.07705,1.07725,7.80,1.00
2010.06.29 15:59:57.556,1.0771,1.07725,4.80,1.00
2010.06.29 15:59:57.910,1.0771,1.07725,4.80,1.00
2010.06.29 15:59:59.244,1.0771,1.07725,4.20,1.00
