2015.04.20 16:00:00.623,1.28371,1.28379,1.50,2.62
2015.04.20 16:00:00.942,1.28369,1.28374,1.85,1.00
2015.04.20 16:00:00.994,1.28369,1.28374,1.20,1.50
2015.04.20 16:00:02.979,1.28368,1.28373,1.50,1.00
2015.04.20 16:00:03.485,1.28367,1.28374,1.50,1.00
2015.04.20 16:00:05.679,1.28367,1.28371,1.50,1.00
2015.04.20 16:00:06.184,1.28367,1.28374,1.50,3.75
2015.04.20 16:00:06.479,1.28367,1.28372,1.50,1.00
2015.04.20 16:00:08.926,1.28365,1.28373,2.81,1.00
2015.04.20 16:00:09.128,1.28363,1.28372,3.19,1.00
2015.04.20 16:00:09.481,1.28363,1.28369,1.50,1.00
2015.04.20 16:00:09.994,1.28363,1.2837,1.00,1.00
2015.04.20 16:00:10.297,1.2836,1.28368,1.87,1.10
2015.04.20 16:00:10.891,1.2836,1.28367,1.00,1.00
2015.04.20 16:00:11.305,1.28362,1.28369,1.00,2.51
2015.04.20 16:00:11.608,1.28367,1.28375,1.00,2.16
2015.04.20 16:00:12.152,1.28368,1.28376,1.00,1.83
2015.04.20 16:00:12.202,1.28368,1.28376,1.00,1.55
2015.04.20 16:00:12.732,1.28368,1.28376,1.00,1.10
2015.04.20 16:00:12.913,1.28366,1.28374,1.20,1.00
2015.04.20 16:00:15.215,1.28366,1.28373,1.20,1.00
2015.04.20 16:00:15.723,1.28366,1.28374,1.65,1.20
2015.04.20 16:00:20.593,1.28369,1.28375,1.00,2.81
2015.04.20 16:00:20.899,1.28373,1.28378,1.00,1.12
2015.04.20 16:00:21.102,1.28374,1.28382,1.50,1.20
2015.04.20 16:00:21.607,1.28374,1.28381,1.10,1.00
2015.04.20 16:00:22.157,1.28374,1.28382,1.57,1.57
2015.04.20 16:00:22.258,1.28374,1.28381,1.10,1.12
2015.04.20 16:00:24.120,1.28374,1.28382,1.50,1.20
2015.04.20 16:00:24.423,1.28376,1.28383,1.00,3.07
2015.04.20 16:00:25.038,1.28377,1.28383,1.00,1.07
2015.04.20 16:00:26.740,1.28376,1.28383,1.00,1.20
2015.04.20 16:00:27.767,1.28376,1.28383,1.50,1.57
2015.04.20 16:00:28.278,1.28377,1.28384,1.00,1.57
2015.04.20 16:00:28.582,1.28381,1.28385,1.00,2.44
2015.04.20 16:00:28.734,1.28378,1.28386,1.37,1.46
2015.04.20 16:00:29.247,1.28378,1.28387,1.00,2.06
2015.04.20 16:00:29.772,1.28379,1.28387,1.00,2.06
2015.04.20 16:00:30.276,1.2838,1.28386,1.00,1.57
2015.04.20 16:00:33.124,1.28379,1.28386,1.00,1.57
2015.04.20 16:00:33.445,1.28382,1.28387,1.00,1.20
2015.04.20 16:00:33.546,1.2838,1.28388,1.00,3.94
2015.04.20 16:00:34.833,1.28379,1.28386,1.25,1.10
2015.04.20 16:00:36.707,1.2838,1.28388,1.00,4.50
2015.04.20 16:00:37.414,1.28385,1.28388,1.00,2.25
2015.04.20 16:00:37.617,1.28389,1.28393,1.00,1.50
2015.04.20 16:00:37.718,1.28391,1.28393,1.00,1.00
2015.04.20 16:00:37.820,1.28389,1.28395,1.50,1.91
2015.04.20 16:00:38.324,1.28389,1.28396,1.50,1.37
2015.04.20 16:00:39.423,1.28389,1.28395,1.50,1.37
2015.04.20 16:00:39.961,1.2839,1.28396,1.00,1.37
2015.04.20 16:00:43.483,1.2839,1.28395,1.00,1.12
2015.04.20 16:00:44.008,1.28391,1.28398,1.00,1.01
2015.04.20 16:00:49.347,1.28389,1.28397,1.50,1.47
2015.04.20 16:00:50.552,1.2839,1.28398,1.00,1.57
2015.04.20 16:00:51.226,1.28388,1.28396,1.57,1.37
2015.04.20 16:00:51.629,1.28391,1.28399,1.00,4.69
2015.04.20 16:00:52.401,1.28392,1.28399,1.00,3.35
2015.04.20 16:00:52.503,1.28392,1.28399,1.25,1.07
2015.04.20 16:00:52.553,1.28395,1.28399,1.00,1.07
2015.04.20 16:00:52.857,1.28398,1.28401,1.00,1.66
2015.04.20 16:00:52.907,1.28396,1.28401,1.57,1.66
2015.04.20 16:00:53.412,1.28395,1.28402,1.01,1.37
2015.04.20 16:00:53.462,1.28394,1.28401,4.01,1.37
2015.04.20 16:00:53.765,1.28394,1.28397,1.28,1.37
2015.04.20 16:00:53.816,1.28392,1.28397,1.15,1.20
2015.04.20 16:00:54.070,1.28393,1.28398,1.00,1.57
2015.04.20 16:00:54.575,1.28391,1.28398,1.69,1.07
2015.04.20 16:00:54.777,1.28391,1.28399,1.25,2.25
2015.04.20 16:00:55.188,1.28388,1.28396,2.14,1.37
2015.04.20 16:00:56.075,1.28388,1.28395,1.00,1.20
2015.04.20 16:00:56.683,1.28387,1.28397,2.51,1.12
2015.04.20 16:00:56.733,1.28389,1.28397,1.00,1.00
2015.04.20 16:00:58.864,1.28389,1.28397,1.00,1.37
2015.04.20 16:01:01.459,1.28387,1.28396,1.76,2.81
2015.04.20 16:01:02.717,1.28387,1.28393,1.29,1.00
2015.04.20 16:01:02.919,1.28383,1.28389,1.84,1.00
2015.04.20 16:01:03.480,1.28382,1.28388,1.19,1.00
2015.04.20 16:01:03.884,1.2838,1.28386,1.29,1.00
2015.04.20 16:01:04.418,1.2838,1.28389,1.69,1.75
2015.04.20 16:01:04.570,1.2838,1.2839,1.69,3.82
2015.04.20 16:01:04.782,1.2838,1.2839,1.69,3.82
2015.04.20 16:01:06.871,1.2838,1.2839,1.69,4.01
2015.04.20 16:01:08.361,1.2838,1.28384,1.19,1.00
2015.04.20 16:01:08.875,1.28379,1.28384,2.51,1.00
2015.04.20 16:01:09.927,1.2838,1.28384,2.44,1.00
2015.04.20 16:01:12.592,1.2838,1.28383,3.19,1.00
2015.04.20 16:01:13.606,1.28381,1.28383,1.00,1.29
2015.04.20 16:01:14.127,1.28382,1.28383,1.00,1.00
2015.04.20 16:01:16.463,1.2838,1.28383,1.00,1.00
2015.04.20 16:01:16.766,1.2838,1.28383,1.69,1.00
2015.04.20 16:01:17.867,1.28381,1.28388,1.50,1.54
2015.04.20 16:01:17.968,1.28381,1.28388,1.50,1.00
2015.04.20 16:01:18.943,1.28381,1.28388,1.69,1.00
2015.04.20 16:01:19.493,1.28382,1.28389,1.25,1.10
2015.04.20 16:01:19.995,1.28382,1.28388,1.25,1.00
2015.04.20 16:01:21.307,1.28382,1.28388,1.37,1.00
2015.04.20 16:01:23.409,1.28382,1.2839,1.37,1.25
2015.04.20 16:01:23.711,1.28385,1.28393,1.00,5.06
2015.04.20 16:01:23.812,1.28383,1.28393,1.12,5.06
2015.04.20 16:01:24.015,1.28387,1.28393,1.00,1.07
2015.04.20 16:01:24.369,1.28388,1.28396,1.50,1.46
2015.04.20 16:01:24.671,1.28391,1.28396,1.00,1.09
2015.04.20 16:01:24.873,1.28389,1.28396,1.00,1.20
2015.04.20 16:01:25.240,1.28387,1.28395,1.69,1.50
2015.04.20 16:01:25.771,1.28388,1.28396,1.00,1.20
2015.04.20 16:01:26.280,1.28386,1.28396,1.19,1.57
2015.04.20 16:01:26.834,1.28385,1.28395,1.10,2.89
2015.04.20 16:01:26.986,1.28387,1.28394,1.00,2.51
2015.04.20 16:01:27.299,1.2839,1.28397,1.00,1.60
2015.04.20 16:01:27.842,1.28391,1.28397,1.00,1.20
2015.04.20 16:01:27.893,1.28388,1.28397,1.50,1.20
2015.04.20 16:01:31.219,1.28388,1.28394,1.25,1.00
2015.04.20 16:01:31.725,1.28387,1.28396,1.00,1.07
2015.04.20 16:01:32.034,1.28389,1.28396,1.00,1.29
2015.04.20 16:01:32.185,1.28386,1.28396,1.50,1.20
2015.04.20 16:01:32.988,1.28388,1.28396,1.00,1.20
2015.04.20 16:01:33.730,1.28389,1.28397,1.00,2.06
2015.04.20 16:01:34.587,1.28388,1.28396,1.00,1.39
2015.04.20 16:01:34.890,1.28386,1.28393,1.15,1.00
2015.04.20 16:01:35.434,1.28385,1.28393,1.69,1.00
2015.04.20 16:01:36.837,1.28386,1.28393,1.00,1.00
2015.04.20 16:01:37.144,1.28389,1.28393,1.00,1.00
2015.04.20 16:01:37.706,1.28387,1.28393,1.00,1.00
2015.04.20 16:01:39.120,1.28388,1.28393,1.00,1.00
2015.04.20 16:01:39.221,1.28386,1.28393,1.00,1.00
2015.04.20 16:01:39.497,1.28388,1.28393,1.00,1.00
2015.04.20 16:01:40.495,1.28389,1.28393,1.00,1.00
2015.04.20 16:01:41.773,1.28389,1.28394,1.00,1.00
2015.04.20 16:01:42.026,1.28387,1.28394,1.27,1.00
2015.04.20 16:01:43.960,1.28387,1.28394,2.21,1.00
2015.04.20 16:01:44.987,1.28387,1.28394,1.27,1.00
2015.04.20 16:01:45.089,1.28385,1.28389,2.25,1.00
2015.04.20 16:01:45.291,1.28382,1.28389,2.06,1.00
2015.04.20 16:01:49.050,1.28381,1.28386,1.76,1.00
2015.04.20 16:01:49.479,1.28381,1.28387,1.19,1.00
2015.04.20 16:01:50.002,1.2838,1.28388,1.12,1.00
2015.04.20 16:01:50.833,1.2838,1.28387,1.12,1.00
2015.04.20 16:01:52.485,1.2838,1.28386,1.00,1.00
2015.04.20 16:01:53.029,1.2838,1.28387,1.00,1.00
2015.04.20 16:01:53.956,1.28382,1.28387,1.37,1.00
2015.04.20 16:01:54.007,1.28382,1.28389,1.37,1.10
2015.04.20 16:01:54.333,1.28384,1.28391,1.12,1.01
2015.04.20 16:01:56.239,1.28382,1.2839,2.14,1.00
2015.04.20 16:01:57.939,1.28382,1.28391,1.47,1.10
2015.04.20 16:01:58.479,1.28382,1.2839,1.47,1.00
2015.04.20 16:02:00.443,1.28382,1.2839,1.20,1.50
2015.04.20 16:02:00.494,1.28382,1.28388,1.20,1.00
2015.04.20 16:02:02.261,1.28382,1.28389,1.10,1.00
2015.04.20 16:02:02.571,1.28383,1.28392,1.00,1.95
2015.04.20 16:02:03.752,1.28384,1.28392,1.00,1.20
2015.04.20 16:02:04.929,1.28383,1.28392,1.50,1.20
2015.04.20 16:02:05.463,1.28384,1.28392,1.00,1.95
2015.04.20 16:02:07.773,1.28384,1.2839,1.25,1.00
2015.04.20 16:02:16.077,1.28383,1.2839,1.25,1.00
2015.04.20 16:02:17.254,1.28383,1.2839,1.69,1.00
2015.04.20 16:02:19.193,1.28386,1.28391,1.00,1.10
2015.04.20 16:02:19.458,1.28384,1.28391,2.25,1.10
2015.04.20 16:02:20.772,1.28385,1.28391,1.00,1.00
2015.04.20 16:02:21.279,1.28384,1.28391,1.20,1.00
2015.04.20 16:02:24.053,1.28383,1.2839,2.81,1.00
2015.04.20 16:02:24.493,1.28385,1.28392,1.00,1.00
2015.04.20 16:02:24.594,1.28393,1.28397,1.00,2.23
2015.04.20 16:02:24.899,1.28396,1.284,1.00,1.00
2015.04.20 16:02:25.003,1.28394,1.284,1.65,1.00
2015.04.20 16:02:25.518,1.28395,1.284,1.00,1.00
2015.04.20 16:02:27.363,1.28394,1.28399,3.45,1.00
2015.04.20 16:02:27.464,1.28394,1.28402,2.70,1.00
2015.04.20 16:02:29.163,1.28396,1.28403,1.00,1.50
2015.04.20 16:02:29.670,1.28394,1.28402,2.70,1.00
2015.04.20 16:02:30.877,1.28397,1.28405,1.00,4.76
2015.04.20 16:02:31.946,1.28397,1.28404,1.00,1.00
2015.04.20 16:02:32.480,1.28396,1.28404,1.00,1.00
2015.04.20 16:02:33.482,1.28398,1.28404,1.00,1.00
2015.04.20 16:02:34.002,1.28398,1.28405,1.12,1.00
2015.04.20 16:02:35.883,1.28399,1.28405,1.50,1.00
2015.04.20 16:02:35.934,1.284,1.28407,1.12,1.00
2015.04.20 16:02:36.440,1.28399,1.28407,4.50,1.00
2015.04.20 16:02:36.643,1.28399,1.28407,3.00,3.30
2015.04.20 16:02:36.694,1.28399,1.28407,2.25,3.25
2015.04.20 16:02:37.199,1.28397,1.28405,1.46,1.50
2015.04.20 16:02:37.703,1.28397,1.28405,1.76,1.00
2015.04.20 16:02:38.806,1.28399,1.28405,1.00,1.50
2015.04.20 16:02:40.307,1.28404,1.28408,1.50,2.25
2015.04.20 16:02:40.510,1.28406,1.28409,1.00,1.29
2015.04.20 16:02:41.015,1.28405,1.28409,1.12,1.00
2015.04.20 16:02:41.520,1.28405,1.2841,2.25,1.00
2015.04.20 16:02:41.925,1.28408,1.28409,1.00,1.00
2015.04.20 16:02:42.026,1.28406,1.28409,1.50,1.00
2015.04.20 16:02:42.127,1.28408,1.28409,1.00,1.00
2015.04.20 16:02:42.178,1.2841,1.28414,1.00,1.07
2015.04.20 16:02:42.483,1.28412,1.28415,1.00,1.37
2015.04.20 16:02:44.619,1.28411,1.28415,1.50,1.37
2015.04.20 16:02:45.428,1.28408,1.28414,1.47,1.12
2015.04.20 16:02:45.589,1.28406,1.28414,1.31,1.12
2015.04.20 16:02:45.843,1.28406,1.28412,2.06,1.00
2015.04.20 16:02:48.201,1.28408,1.28412,1.00,1.00
2015.04.20 16:02:48.724,1.28409,1.28414,1.25,1.37
2015.04.20 16:02:49.517,1.2841,1.28415,1.00,1.37
2015.04.20 16:02:50.208,1.28409,1.28415,1.00,1.37
2015.04.20 16:02:52.215,1.2841,1.28415,1.00,1.87
2015.04.20 16:02:52.710,1.28406,1.28415,2.59,1.12
2015.04.20 16:02:53.223,1.28409,1.28415,1.00,1.37
2015.04.20 16:02:53.738,1.28409,1.28415,1.00,1.62
2015.04.20 16:02:55.637,1.2841,1.28416,1.00,1.37
2015.04.20 16:02:56.446,1.28408,1.28416,1.69,1.87
2015.04.20 16:02:56.949,1.28408,1.28416,1.19,1.87
2015.04.20 16:02:57.050,1.28411,1.28416,1.00,1.37
2015.04.20 16:02:57.151,1.28409,1.28416,1.25,1.37
2015.04.20 16:02:57.656,1.2841,1.28416,1.00,1.37
2015.04.20 16:02:58.275,1.2841,1.28416,1.00,1.87
2015.04.20 16:02:59.511,1.2841,1.28416,1.00,1.87
2015.04.20 16:03:00.032,1.28411,1.28415,1.00,1.37
2015.04.20 16:03:00.183,1.28411,1.28415,1.00,1.12
2015.04.20 16:03:00.536,1.28409,1.28417,1.69,1.46
2015.04.20 16:03:00.839,1.28406,1.28413,1.39,1.00
2015.04.20 16:03:00.889,1.28406,1.28413,1.39,1.50
2015.04.20 16:03:00.990,1.28404,1.2841,2.06,1.00
2015.04.20 16:03:01.193,1.28404,1.2841,1.00,1.00
2015.04.20 16:03:01.344,1.28404,1.28412,1.00,1.10
2015.04.20 16:03:01.748,1.28406,1.28413,1.00,1.32
2015.04.20 16:03:02.272,1.28406,1.28414,1.00,1.57
2015.04.20 16:03:05.264,1.28406,1.28412,1.25,1.00
2015.04.20 16:03:05.936,1.28407,1.28412,1.00,1.00
2015.04.20 16:03:06.478,1.28405,1.28412,2.06,1.00
2015.04.20 16:03:06.990,1.28405,1.28412,1.69,1.00
2015.04.20 16:03:08.123,1.28405,1.28411,1.69,1.00
2015.04.20 16:03:08.883,1.28403,1.28411,2.25,2.81
2015.04.20 16:03:09.187,1.28399,1.28406,2.06,1.00
2015.04.20 16:03:09.894,1.28398,1.28405,1.29,1.00
2015.04.20 16:03:09.995,1.28398,1.28405,1.10,1.00
2015.04.20 16:03:10.500,1.28397,1.28404,1.39,1.00
2015.04.20 16:03:11.232,1.28397,1.28404,1.20,1.00
2015.04.20 16:03:14.987,1.28397,1.28404,1.39,1.00
2015.04.20 16:03:15.743,1.28395,1.28403,2.44,1.00
2015.04.20 16:03:16.253,1.28396,1.28404,1.69,3.00
2015.04.20 16:03:16.907,1.28396,1.28404,1.50,3.19
2015.04.20 16:03:16.958,1.28395,1.28402,2.25,1.50
2015.04.20 16:03:17.211,1.28391,1.28399,1.50,1.00
2015.04.20 16:03:17.565,1.28388,1.28394,1.39,1.00
2015.04.20 16:03:17.717,1.28387,1.28394,1.34,1.12
2015.04.20 16:03:17.819,1.28387,1.28391,1.28,1.12
2015.04.20 16:03:18.025,1.28384,1.28391,1.60,1.87
2015.04.20 16:03:18.510,1.28386,1.28392,1.19,1.50
2015.04.20 16:03:18.815,1.28393,1.28395,1.50,1.22
2015.04.20 16:03:19.119,1.28386,1.28394,1.11,3.37
2015.04.20 16:03:19.170,1.28388,1.28392,1.28,1.50
2015.04.20 16:03:19.322,1.28387,1.28392,1.23,2.25
2015.04.20 16:03:19.524,1.28384,1.28391,1.71,1.00
2015.04.20 16:03:19.675,1.28383,1.28389,1.11,1.00
2015.04.20 16:03:19.726,1.28381,1.28389,2.44,1.00
2015.04.20 16:03:19.877,1.28381,1.28391,2.44,2.25
2015.04.20 16:03:20.182,1.28386,1.28393,1.50,1.27
2015.04.20 16:03:20.485,1.28387,1.28394,1.20,1.37
2015.04.20 16:03:20.647,1.28387,1.28394,1.20,1.00
2015.04.20 16:03:21.153,1.28388,1.28394,1.00,1.37
2015.04.20 16:03:21.676,1.28388,1.28394,2.25,1.37
2015.04.20 16:03:22.298,1.28387,1.28394,1.09,1.87
2015.04.20 16:03:22.399,1.28387,1.28394,1.09,1.12
2015.04.20 16:03:22.971,1.28388,1.28394,1.00,1.12
2015.04.20 16:03:24.004,1.28387,1.28394,1.01,1.12
2015.04.20 16:03:24.658,1.28385,1.28393,2.89,1.00
2015.04.20 16:03:24.911,1.28385,1.28392,1.84,1.00
2015.04.20 16:03:25.165,1.28388,1.28392,1.00,1.00
2015.04.20 16:03:25.468,1.2839,1.28394,1.00,1.25
2015.04.20 16:03:29.803,1.2839,1.28393,2.25,1.00
2015.04.20 16:03:31.856,1.28391,1.28393,1.00,1.00
2015.04.20 16:03:32.452,1.28391,1.28398,1.50,1.57
2015.04.20 16:03:32.957,1.28392,1.28398,3.75,1.00
2015.04.20 16:03:33.561,1.28393,1.28398,1.00,1.00
2015.04.20 16:03:36.278,1.28394,1.28398,1.00,1.00
2015.04.20 16:03:36.531,1.28394,1.284,2.25,1.10
2015.04.20 16:03:37.161,1.28395,1.284,1.00,1.00
2015.04.20 16:03:41.154,1.28395,1.28402,1.00,1.20
2015.04.20 16:03:44.513,1.28393,1.28401,1.84,1.00
2015.04.20 16:03:45.213,1.28393,1.284,1.69,1.00
2015.04.20 16:03:45.792,1.28393,1.284,1.50,1.00
2015.04.20 16:03:46.316,1.28395,1.284,1.00,1.00
2015.04.20 16:03:46.620,1.284,1.28408,1.69,3.00
2015.04.20 16:03:47.136,1.28401,1.28407,1.00,1.00
2015.04.20 16:03:50.880,1.28399,1.28406,1.10,1.25
2015.04.20 16:03:50.982,1.28398,1.28402,1.20,1.00
2015.04.20 16:03:51.083,1.28396,1.28401,1.20,1.00
2015.04.20 16:03:51.285,1.28397,1.28403,1.00,1.01
2015.04.20 16:03:51.386,1.28395,1.28403,1.12,1.76
2015.04.20 16:03:51.589,1.28393,1.28401,3.00,1.50
2015.04.20 16:03:52.107,1.28394,1.28401,1.07,1.50
2015.04.20 16:03:53.086,1.28395,1.28403,1.10,3.00
2015.04.20 16:03:53.590,1.28394,1.28402,1.57,1.00
2015.04.20 16:03:54.306,1.28394,1.28401,1.07,1.00
2015.04.20 16:03:56.816,1.28393,1.284,2.44,1.00
2015.04.20 16:03:59.728,1.28393,1.28401,3.00,2.25
2015.04.20 16:03:59.930,1.28394,1.28403,1.20,2.44
2015.04.20 16:04:07.910,1.28396,1.28403,1.69,1.00
2015.04.20 16:04:08.428,1.28397,1.28404,1.00,1.01
2015.04.20 16:04:08.936,1.28396,1.28404,1.69,1.01
2015.04.20 16:04:09.741,1.28396,1.28403,2.44,1.00
2015.04.20 16:04:10.743,1.28395,1.28403,1.01,1.00
2015.04.20 16:04:11.247,1.28394,1.28402,1.95,1.00
2015.04.20 16:04:13.747,1.28393,1.28402,1.09,1.00
2015.04.20 16:04:18.661,1.28392,1.28401,1.50,1.00
2015.04.20 16:04:22.626,1.28392,1.284,2.06,1.00
2015.04.20 16:04:27.047,1.28392,1.28401,1.57,1.50
2015.04.20 16:04:28.854,1.28392,1.28399,1.57,1.00
2015.04.20 16:04:29.659,1.28392,1.284,2.06,1.25
2015.04.20 16:04:30.940,1.28391,1.28399,2.06,1.00
2015.04.20 16:04:32.965,1.28393,1.28401,1.00,1.50
2015.04.20 16:04:33.470,1.28393,1.28402,1.00,1.20
2015.04.20 16:04:34.242,1.28392,1.28399,1.31,1.00
2015.04.20 16:04:34.545,1.28391,1.28398,1.12,1.12
2015.04.20 16:04:34.798,1.28391,1.28399,1.00,3.00
2015.04.20 16:04:34.848,1.28393,1.28399,1.00,2.25
2015.04.20 16:04:35.164,1.28391,1.28399,1.00,3.00
2015.04.20 16:04:35.467,1.28388,1.28396,2.51,1.00
2015.04.20 16:04:35.820,1.28387,1.28396,2.06,1.87
2015.04.20 16:04:36.531,1.28387,1.28397,1.56,3.00
2015.04.20 16:04:39.176,1.28386,1.28394,1.56,1.00
2015.04.20 16:04:39.429,1.28386,1.28394,1.56,1.00
2015.04.20 16:04:39.581,1.28383,1.28391,2.89,1.00
2015.04.20 16:04:39.631,1.28383,1.28391,1.39,1.00
2015.04.20 16:04:40.453,1.28383,1.28391,1.50,1.00
2015.04.20 16:04:41.455,1.28383,1.28391,1.19,1.00
2015.04.20 16:04:42.096,1.28384,1.28392,1.25,1.20
2015.04.20 16:04:43.565,1.28384,1.28391,1.25,1.00
2015.04.20 16:04:44.466,1.28384,1.28392,1.25,1.20
2015.04.20 16:04:45.001,1.28384,1.28391,1.25,1.00
2015.04.20 16:04:45.514,1.28385,1.28392,1.00,1.20
2015.04.20 16:04:46.063,1.28385,1.28391,1.00,1.00
2015.04.20 16:04:46.593,1.28384,1.28391,1.25,1.00
2015.04.20 16:04:47.382,1.28384,1.28392,1.69,1.20
2015.04.20 16:04:48.017,1.28385,1.28392,1.00,1.20
2015.04.20 16:04:48.903,1.28384,1.28392,1.50,1.20
2015.04.20 16:04:49.424,1.28383,1.28391,1.69,1.00
2015.04.20 16:04:49.777,1.28382,1.28386,1.65,1.12
2015.04.20 16:04:49.979,1.28378,1.28386,1.28,1.87
2015.04.20 16:04:50.182,1.2838,1.28386,1.00,1.45
2015.04.20 16:04:50.512,1.28382,1.28387,1.00,1.57
2015.04.20 16:04:50.765,1.28383,1.2839,1.50,1.37
2015.04.20 16:04:50.866,1.28383,1.28391,1.50,1.27
2015.04.20 16:04:51.386,1.28383,1.2839,1.00,1.00
2015.04.20 16:04:53.511,1.28382,1.2839,1.00,1.50
2015.04.20 16:04:56.405,1.2838,1.28389,1.69,1.00
2015.04.20 16:04:58.205,1.2838,1.28388,2.06,1.00
2015.04.20 16:04:58.756,1.2838,1.28388,1.31,1.00
2015.04.20 16:05:00.609,1.28381,1.2839,1.25,1.50
2015.04.20 16:05:00.814,1.28379,1.28387,2.06,1.00
2015.04.20 16:05:01.320,1.28378,1.28386,2.21,1.00
2015.04.20 16:05:04.427,1.28379,1.28385,1.62,1.00
2015.04.20 16:05:04.529,1.28379,1.28387,1.62,1.00
2015.04.20 16:05:04.933,1.28382,1.28389,1.00,1.20
2015.04.20 16:05:05.136,1.2838,1.28388,1.00,1.00
2015.04.20 16:05:06.738,1.28378,1.28388,1.84,1.00
2015.04.20 16:05:07.741,1.28378,1.28388,1.84,1.00
2015.04.20 16:05:08.117,1.28384,1.28389,1.00,1.09
2015.04.20 16:05:08.423,1.28389,1.28395,1.00,1.29
2015.04.20 16:05:08.539,1.28388,1.28395,1.60,1.37
2015.04.20 16:05:09.156,1.2839,1.28397,1.10,1.00
2015.04.20 16:05:10.031,1.28391,1.28397,1.00,1.00
2015.04.20 16:05:10.627,1.28389,1.28397,2.14,1.00
2015.04.20 16:05:11.664,1.28388,1.28396,3.56,1.00
2015.04.20 16:05:12.252,1.28391,1.28396,1.00,1.00
2015.04.20 16:05:12.353,1.28389,1.28394,1.76,1.00
2015.04.20 16:05:13.154,1.28392,1.28394,1.00,1.00
2015.04.20 16:05:13.457,1.28394,1.28395,1.00,1.00
2015.04.20 16:05:13.558,1.28395,1.28399,2.25,2.04
2015.04.20 16:05:13.660,1.28396,1.28403,2.25,1.39
2015.04.20 16:05:14.106,1.28392,1.28401,1.09,2.44
2015.04.20 16:05:14.624,1.28393,1.28399,1.50,1.00
2015.04.20 16:05:15.130,1.28391,1.28399,1.31,1.00
2015.04.20 16:05:15.523,1.28397,1.28399,1.00,1.00
2015.04.20 16:05:15.725,1.28399,1.28404,1.00,1.10
2015.04.20 16:05:16.231,1.284,1.28404,1.00,1.10
2015.04.20 16:05:18.195,1.284,1.28403,1.00,1.00
2015.04.20 16:05:24.534,1.28399,1.28403,1.00,1.00
2015.04.20 16:05:30.272,1.28399,1.28404,1.00,1.10
2015.04.20 16:05:32.398,1.28399,1.28402,1.00,1.00
2015.04.20 16:05:32.708,1.28397,1.284,1.25,1.00
2015.04.20 16:05:32.961,1.28399,1.28401,1.00,1.00
2015.04.20 16:05:33.182,1.28401,1.28405,1.00,1.20
2015.04.20 16:05:33.284,1.28403,1.28405,1.00,1.20
2015.04.20 16:05:33.385,1.28403,1.28408,1.00,1.00
2015.04.20 16:05:33.487,1.28399,1.28402,1.87,1.00
2015.04.20 16:05:33.588,1.28401,1.28404,1.00,1.00
2015.04.20 16:05:33.740,1.284,1.28406,1.00,1.25
2015.04.20 16:05:34.245,1.284,1.28405,1.10,1.00
2015.04.20 16:05:37.552,1.28398,1.28405,2.72,1.00
2015.04.20 16:05:38.061,1.28398,1.28404,1.97,1.00
2015.04.20 16:05:39.113,1.28399,1.28406,1.03,1.20
2015.04.20 16:05:39.366,1.28403,1.28408,1.00,2.00
2015.04.20 16:05:39.877,1.28403,1.28409,1.00,2.06
2015.04.20 16:05:40.071,1.284,1.28409,1.00,2.06
2015.04.20 16:05:40.672,1.28402,1.28409,1.00,2.81
2015.04.20 16:05:41.177,1.284,1.28406,1.39,1.00
2015.04.20 16:05:41.228,1.284,1.28406,1.31,1.00
2015.04.20 16:05:42.273,1.28401,1.28407,1.00,2.25
2015.04.20 16:05:42.777,1.284,1.28407,2.06,2.25
2015.04.20 16:05:45.468,1.284,1.28407,1.31,2.50
2015.04.20 16:05:46.625,1.28397,1.28406,1.31,4.09
2015.04.20 16:05:46.779,1.28402,1.28404,1.00,1.00
2015.04.20 16:05:46.932,1.28402,1.28408,1.29,1.36
2015.04.20 16:05:47.184,1.28405,1.28411,1.00,1.74
2015.04.20 16:05:47.437,1.28405,1.28411,1.00,1.44
2015.04.20 16:05:47.689,1.28401,1.28407,2.06,1.00
2015.04.20 16:05:47.790,1.28403,1.28409,1.25,2.25
2015.04.20 16:05:48.300,1.28402,1.2841,1.19,3.00
2015.04.20 16:05:48.824,1.28402,1.2841,1.00,3.19
2015.04.20 16:05:49.904,1.284,1.28408,2.14,1.10
2015.04.20 16:05:52.783,1.28402,1.28408,1.00,1.10
2015.04.20 16:05:53.911,1.284,1.28408,2.14,1.10
2015.04.20 16:05:55.699,1.28399,1.28408,2.51,1.00
2015.04.20 16:05:56.249,1.284,1.28408,2.14,1.10
2015.04.20 16:05:56.789,1.28399,1.28407,3.26,1.00
2015.04.20 16:05:59.523,1.28401,1.28409,1.12,1.39
2015.04.20 16:05:59.725,1.284,1.28405,1.57,1.50
2015.04.20 16:05:59.826,1.28398,1.28403,1.28,1.50
2015.04.20 16:05:59.877,1.28398,1.28401,1.28,1.00
2015.04.20 16:06:00.382,1.28396,1.28401,1.57,1.00
2015.04.20 16:06:00.924,1.28394,1.284,1.76,1.00
2015.04.20 16:06:01.476,1.28394,1.284,1.76,1.00
2015.04.20 16:06:02.000,1.28394,1.28401,1.76,1.00
2015.04.20 16:06:02.540,1.28393,1.284,2.44,1.00
2015.04.20 16:06:03.111,1.28393,1.28397,1.69,1.00
2015.04.20 16:06:03.264,1.2839,1.28394,1.00,1.00
2015.04.20 16:06:03.366,1.28388,1.28394,1.42,1.00
2015.04.20 16:06:03.871,1.28386,1.28394,1.19,1.65
2015.04.20 16:06:04.123,1.28383,1.28393,3.40,1.50
2015.04.20 16:06:04.477,1.28387,1.28394,1.00,1.20
2015.04.20 16:06:05.641,1.28387,1.28393,1.25,1.00
2015.04.20 16:06:06.147,1.28385,1.28393,1.69,1.95
2015.04.20 16:06:06.399,1.28385,1.28393,1.25,2.14
2015.04.20 16:06:07.396,1.28384,1.28393,3.34,2.14
2015.04.20 16:06:07.650,1.28386,1.28393,1.00,2.14
2015.04.20 16:06:08.220,1.28387,1.28393,1.00,1.39
2015.04.20 16:06:08.887,1.28385,1.28393,1.00,1.20
2015.04.20 16:06:09.393,1.28383,1.28391,1.39,1.00
2015.04.20 16:06:09.545,1.28382,1.28387,1.31,1.00
2015.04.20 16:06:10.051,1.28381,1.28386,1.19,1.00
2015.04.20 16:06:10.306,1.2838,1.28386,1.97,1.00
2015.04.20 16:06:10.811,1.28379,1.28387,2.14,1.00
2015.04.20 16:06:12.313,1.28378,1.28386,3.56,1.00
2015.04.20 16:06:12.818,1.28378,1.28385,3.56,1.50
2015.04.20 16:06:13.223,1.28378,1.28381,1.57,1.00
2015.04.20 16:06:13.376,1.28377,1.28378,1.00,1.00
2015.04.20 16:06:14.032,1.28373,1.28376,1.28,1.00
2015.04.20 16:06:14.550,1.2837,1.28376,1.30,1.00
2015.04.20 16:06:15.075,1.28369,1.28375,3.19,1.00
2015.04.20 16:06:15.900,1.2837,1.28375,1.20,1.00
2015.04.20 16:06:16.052,1.28369,1.28373,2.44,1.00
2015.04.20 16:06:16.254,1.28368,1.28375,1.39,2.25
2015.04.20 16:06:17.803,1.28369,1.28376,1.00,1.27
2015.04.20 16:06:18.056,1.28369,1.28374,1.00,1.00
2015.04.20 16:06:18.560,1.28367,1.28374,1.69,1.00
2015.04.20 16:06:18.871,1.28365,1.2837,1.00,1.00
2015.04.20 16:06:19.325,1.28362,1.28368,1.60,1.00
2015.04.20 16:06:19.427,1.28361,1.28369,1.39,1.00
2015.04.20 16:06:19.793,1.28363,1.28369,1.19,1.00
2015.04.20 16:06:19.894,1.28363,1.28371,2.44,1.29
2015.04.20 16:06:20.096,1.28364,1.28373,1.69,1.25
2015.04.20 16:06:20.248,1.28364,1.2837,2.06,1.00
2015.04.20 16:06:20.764,1.28362,1.2837,3.19,1.00
2015.04.20 16:06:21.183,1.2836,1.2837,6.94,1.50
2015.04.20 16:06:21.698,1.2836,1.28369,2.81,1.00
2015.04.20 16:06:22.207,1.28362,1.28369,1.39,1.00
2015.04.20 16:06:22.258,1.28364,1.28372,1.00,1.64
2015.04.20 16:06:22.763,1.28362,1.28371,2.14,1.29
2015.04.20 16:06:22.915,1.28364,1.28371,1.19,2.79
2015.04.20 16:06:23.016,1.28367,1.28374,1.25,1.29
2015.04.20 16:06:23.067,1.28366,1.28374,1.69,1.00
2015.04.20 16:06:23.118,1.28364,1.28374,1.57,2.93
2015.04.20 16:06:23.169,1.28364,1.28373,1.57,1.00
2015.04.20 16:06:23.627,1.28362,1.28372,1.69,2.34
2015.04.20 16:06:24.253,1.28362,1.28371,1.69,1.20
2015.04.20 16:06:24.405,1.2836,1.28371,1.39,3.70
2015.04.20 16:06:24.758,1.28361,1.28371,1.19,4.75
2015.04.20 16:06:25.271,1.28364,1.28372,1.00,2.06
2015.04.20 16:06:25.776,1.28363,1.28372,2.32,1.39
2015.04.20 16:06:25.978,1.28365,1.28373,1.00,2.44
2015.04.20 16:06:26.525,1.28364,1.28372,1.00,1.20
2015.04.20 16:06:27.759,1.28362,1.28367,1.00,1.12
2015.04.20 16:06:28.063,1.28361,1.28367,1.25,1.75
2015.04.20 16:06:28.215,1.28361,1.28369,1.25,1.45
2015.04.20 16:06:28.733,1.28362,1.28369,1.50,1.87
2015.04.20 16:06:29.241,1.28361,1.28369,1.19,1.45
2015.04.20 16:06:29.745,1.28362,1.2837,1.19,4.12
2015.04.20 16:06:30.288,1.28364,1.28371,1.00,2.06
2015.04.20 16:06:30.798,1.28362,1.28371,1.39,2.81
2015.04.20 16:06:31.340,1.28366,1.28371,1.00,2.25
2015.04.20 16:06:31.492,1.28366,1.28373,1.00,2.41
2015.04.20 16:06:31.745,1.28364,1.28372,1.25,1.27
2015.04.20 16:06:31.947,1.28363,1.28371,1.69,2.62
2015.04.20 16:06:32.957,1.28362,1.28371,1.25,1.87
2015.04.20 16:06:33.469,1.28363,1.28371,1.00,3.37
2015.04.20 16:06:34.050,1.28363,1.28371,1.00,2.32
2015.04.20 16:06:35.254,1.28362,1.2837,1.01,1.10
2015.04.20 16:06:36.867,1.28362,1.2837,1.29,1.10
2015.04.20 16:06:42.068,1.28363,1.28371,1.25,1.50
2015.04.20 16:06:45.277,1.28364,1.28371,1.00,1.00
2015.04.20 16:06:45.479,1.28366,1.28371,1.00,1.00
2015.04.20 16:06:45.782,1.28364,1.28371,1.00,1.00
2015.04.20 16:06:45.883,1.28366,1.28371,1.00,1.00
2015.04.20 16:06:46.744,1.28366,1.28372,1.00,1.12
2015.04.20 16:06:47.295,1.28366,1.28371,1.00,1.00
2015.04.20 16:06:47.804,1.28367,1.28371,1.00,1.00
2015.04.20 16:06:48.407,1.28366,1.28371,1.00,1.00
2015.04.20 16:06:48.908,1.28367,1.2837,1.00,1.00
2015.04.20 16:06:49.111,1.28365,1.28371,2.44,1.00
2015.04.20 16:06:49.562,1.28363,1.2837,1.65,1.00
2015.04.20 16:06:49.815,1.28366,1.2837,1.00,1.00
2015.04.20 16:06:50.370,1.28366,1.28372,1.00,1.25
2015.04.20 16:06:51.168,1.28365,1.28368,1.69,1.00
2015.04.20 16:06:51.673,1.28365,1.2837,3.19,2.04
2015.04.20 16:06:51.775,1.28368,1.2837,1.00,1.29
2015.04.20 16:06:52.129,1.28368,1.28375,1.00,2.62
2015.04.20 16:06:52.670,1.28367,1.28375,1.00,2.62
2015.04.20 16:06:52.873,1.28366,1.28369,1.20,1.00
2015.04.20 16:06:53.273,1.28366,1.28371,1.09,1.29
2015.04.20 16:06:54.900,1.28367,1.28374,1.00,1.01
2015.04.20 16:06:56.876,1.28366,1.28374,1.25,1.76
2015.04.20 16:06:58.013,1.2837,1.28375,1.00,2.44
2015.04.20 16:06:59.020,1.28371,1.28375,1.00,1.12
2015.04.20 16:06:59.071,1.28371,1.28375,1.00,1.45
2015.04.20 16:06:59.425,1.2837,1.28377,1.25,1.65
2015.04.20 16:06:59.527,1.28372,1.28377,1.00,1.10
2015.04.20 16:06:59.679,1.28373,1.28379,1.00,1.36
2015.04.20 16:06:59.730,1.28374,1.28379,1.00,1.74
2015.04.20 16:06:59.932,1.28373,1.28379,1.00,2.04
2015.04.20 16:07:00.468,1.28372,1.28379,1.00,1.29
2015.04.20 16:07:01.402,1.28373,1.28379,1.00,1.20
2015.04.20 16:07:02.254,1.28373,1.2838,1.00,2.41
2015.04.20 16:07:02.759,1.28371,1.28378,1.84,1.00
2015.04.20 16:07:02.911,1.28373,1.28378,1.00,1.00
2015.04.20 16:07:03.446,1.28374,1.28378,1.00,1.00
2015.04.20 16:07:04.099,1.28374,1.2838,1.00,2.04
2015.04.20 16:07:04.600,1.28373,1.2838,2.44,2.04
2015.04.20 16:07:05.120,1.28374,1.2838,1.00,2.04
2015.04.20 16:07:06.718,1.28373,1.2838,1.25,2.79
2015.04.20 16:07:07.243,1.28374,1.2838,1.00,2.04
2015.04.20 16:07:07.773,1.28374,1.2838,1.25,1.74
2015.04.20 16:07:08.464,1.28374,1.2838,1.00,1.74
2015.04.20 16:07:08.927,1.28376,1.28378,1.00,1.00
2015.04.20 16:07:09.087,1.28376,1.28381,1.25,1.61
2015.04.20 16:07:09.138,1.28378,1.28384,1.00,1.93
2015.04.20 16:07:09.644,1.28379,1.28385,1.00,1.54
2015.04.20 16:07:09.896,1.2838,1.28387,1.00,1.57
2015.04.20 16:07:10.432,1.28378,1.28387,1.20,1.50
2015.04.20 16:07:11.802,1.28379,1.28387,1.10,1.12
2015.04.20 16:07:13.041,1.28379,1.28385,1.00,1.00
2015.04.20 16:07:14.844,1.28379,1.28384,1.00,1.00
2015.04.20 16:07:15.402,1.28378,1.28384,1.25,1.00
2015.04.20 16:07:15.909,1.28379,1.28384,1.50,1.00
2015.04.20 16:07:16.211,1.28381,1.28384,1.00,1.00
2015.04.20 16:07:16.464,1.28381,1.28388,1.00,1.76
2015.04.20 16:07:16.666,1.28382,1.28385,1.00,1.00
2015.04.20 16:07:19.410,1.28382,1.28387,1.00,1.20
2015.04.20 16:07:19.561,1.2838,1.28387,1.31,1.20
2015.04.20 16:07:35.958,1.28381,1.28388,1.00,1.01
2015.04.20 16:07:36.462,1.28382,1.28389,1.50,1.01
2015.04.20 16:07:38.030,1.2838,1.28388,2.44,1.39
2015.04.20 16:07:40.943,1.2838,1.28386,1.00,1.00
2015.04.20 16:07:41.044,1.28378,1.28386,1.09,1.00
2015.04.20 16:07:44.747,1.28379,1.28387,1.00,1.76
2015.04.20 16:07:47.087,1.28378,1.28386,1.09,1.12
2015.04.20 16:07:48.957,1.28379,1.28387,1.00,1.57
2015.04.20 16:07:49.486,1.28378,1.28386,1.09,1.12
2015.04.20 16:07:55.317,1.28378,1.28386,1.39,1.00
2015.04.20 16:07:59.061,1.28378,1.28386,1.09,1.12
2015.04.20 16:08:00.469,1.28377,1.28385,1.69,1.00
2015.04.20 16:08:00.975,1.28376,1.28382,1.20,1.00
2015.04.20 16:08:01.076,1.28373,1.28381,3.77,1.00
2015.04.20 16:08:01.581,1.28376,1.28383,1.00,1.39
2015.04.20 16:08:01.682,1.28374,1.28383,1.69,1.39
2015.04.20 16:08:03.464,1.28374,1.28384,1.69,3.00
2015.04.20 16:08:03.695,1.28377,1.28384,1.00,2.25
2015.04.20 16:08:05.145,1.28377,1.28384,1.00,1.10
2015.04.20 16:08:18.495,1.28376,1.28382,2.44,1.00
2015.04.20 16:08:18.597,1.28374,1.28384,4.76,1.57
2015.04.20 16:08:29.356,1.28374,1.28384,2.14,2.70
2015.04.20 16:08:29.870,1.28377,1.28384,1.00,1.39
2015.04.20 16:08:37.045,1.28378,1.28385,1.00,2.51
2015.04.20 16:08:37.561,1.28377,1.28384,1.25,1.47
2015.04.20 16:08:38.834,1.28378,1.28384,1.00,1.47
2015.04.20 16:08:40.265,1.28376,1.28382,1.19,1.00
2015.04.20 16:08:40.568,1.28373,1.2838,2.16,1.00
2015.04.20 16:08:40.620,1.28373,1.28379,2.09,1.12
2015.04.20 16:08:40.923,1.28373,1.28378,1.00,1.57
2015.04.20 16:08:41.075,1.28369,1.28378,1.19,1.57
2015.04.20 16:08:41.176,1.28369,1.28378,1.19,1.20
2015.04.20 16:08:41.757,1.28369,1.28379,1.09,2.44
2015.04.20 16:08:45.785,1.28369,1.28379,1.39,1.69
2015.04.20 16:08:47.762,1.28369,1.28379,1.39,1.69
2015.04.20 16:08:48.476,1.28373,1.28379,1.00,1.20
2015.04.20 16:08:49.231,1.28373,1.28381,1.00,3.19
2015.04.20 16:08:49.658,1.28371,1.28379,1.25,1.10
2015.04.20 16:08:50.682,1.28371,1.28379,1.19,1.10
2015.04.20 16:08:52.655,1.28369,1.28379,1.29,2.14
2015.04.20 16:08:53.661,1.28368,1.28378,2.14,1.10
2015.04.20 16:08:54.702,1.28368,1.28378,2.89,1.01
2015.04.20 16:09:00.687,1.28368,1.28378,2.89,1.29
2015.04.20 16:09:02.697,1.28369,1.28379,1.29,2.14
2015.04.20 16:09:03.711,1.28369,1.28379,1.01,2.14
2015.04.20 16:09:04.600,1.28369,1.28377,1.01,1.00
2015.04.20 16:09:05.001,1.28374,1.28378,1.00,1.10
2015.04.20 16:09:05.303,1.28378,1.28383,1.00,1.00
2015.04.20 16:09:05.404,1.28376,1.28383,1.50,1.00
2015.04.20 16:09:05.606,1.28378,1.28383,1.00,1.20
2015.04.20 16:09:05.666,1.28376,1.28383,1.50,1.20
2015.04.20 16:09:06.173,1.28376,1.28384,1.00,1.00
2015.04.20 16:09:07.210,1.28377,1.28385,1.00,1.20
2015.04.20 16:09:08.113,1.28376,1.28384,1.25,1.00
2015.04.20 16:09:08.663,1.28377,1.28385,1.00,1.09
2015.04.20 16:09:09.209,1.28375,1.28385,1.25,1.20
2015.04.20 16:09:09.868,1.28376,1.28386,1.00,1.87
2015.04.20 16:09:10.580,1.28379,1.28386,1.00,1.31
2015.04.20 16:09:11.140,1.2838,1.28386,1.00,1.31
2015.04.20 16:09:12.180,1.28381,1.28386,1.50,1.45
2015.04.20 16:09:12.433,1.28385,1.2839,1.00,1.20
2015.04.20 16:09:12.938,1.28385,1.28392,1.00,1.09
2015.04.20 16:09:13.481,1.28386,1.28393,1.00,2.01
2015.04.20 16:09:13.985,1.28385,1.28392,1.00,1.01
2015.04.20 16:09:14.490,1.28385,1.28392,1.19,1.07
2015.04.20 16:09:15.943,1.28386,1.28394,1.69,2.60
2015.04.20 16:09:16.398,1.2839,1.28394,1.00,1.48
2015.04.20 16:09:16.499,1.28388,1.28394,1.50,1.48
2015.04.20 16:09:17.004,1.28387,1.28394,1.00,1.20
2015.04.20 16:09:17.728,1.28386,1.28395,1.69,2.41
2015.04.20 16:09:19.381,1.28388,1.28395,1.00,2.79
2015.04.20 16:09:20.031,1.28391,1.28395,1.00,2.41
2015.04.20 16:09:20.336,1.28395,1.28399,1.50,2.25
2015.04.20 16:09:20.639,1.28395,1.28404,1.50,1.60
2015.04.20 16:09:21.151,1.28395,1.28403,1.50,1.10
2015.04.20 16:09:21.303,1.28397,1.28405,1.00,2.06
2015.04.20 16:09:25.282,1.28396,1.28405,2.25,2.44
2015.04.20 16:09:25.597,1.28394,1.28399,1.29,1.00
2015.04.20 16:09:25.849,1.28389,1.28398,1.30,1.20
2015.04.20 16:09:25.950,1.28388,1.28398,3.40,2.25
2015.04.20 16:09:26.860,1.2839,1.28398,1.00,2.25
2015.04.20 16:09:35.502,1.28389,1.28397,1.69,1.50
2015.04.20 16:09:36.081,1.2839,1.28398,1.00,2.44
2015.04.20 16:09:37.708,1.28389,1.28397,1.25,1.50
2015.04.20 16:09:38.027,1.28393,1.28398,1.00,1.75
2015.04.20 16:09:38.128,1.2839,1.28399,3.94,1.12
2015.04.20 16:09:43.957,1.28389,1.28397,1.50,1.10
2015.04.20 16:09:49.034,1.28391,1.28398,1.00,1.39
2015.04.20 16:09:49.337,1.28389,1.28398,1.50,2.06
2015.04.20 16:09:49.889,1.28388,1.28398,1.50,2.06
2015.04.20 16:09:50.142,1.2839,1.28398,1.00,1.60
2015.04.20 16:09:50.648,1.28389,1.28396,1.00,1.10
2015.04.20 16:09:51.153,1.28387,1.28394,1.00,1.00
2015.04.20 16:09:51.458,1.28384,1.28392,1.96,1.00
2015.04.20 16:09:51.963,1.28383,1.28391,2.81,1.00
2015.04.20 16:09:52.467,1.28383,1.28392,1.39,1.00
2015.04.20 16:09:52.872,1.28386,1.28392,1.00,1.00
2015.04.20 16:09:53.176,1.28389,1.28396,1.00,3.19
2015.04.20 16:09:53.729,1.28388,1.28395,1.50,1.19
2015.04.20 16:09:54.183,1.28388,1.28396,1.00,1.95
2015.04.20 16:09:56.142,1.28393,1.28397,1.00,1.76
2015.04.20 16:09:56.395,1.28395,1.284,1.00,1.85
2015.04.20 16:09:57.340,1.28396,1.28403,1.00,2.06
2015.04.20 16:09:57.499,1.28396,1.28403,1.00,2.06
2015.04.20 16:09:58.759,1.28395,1.28403,2.44,2.06
2015.04.20 16:10:00.414,1.28394,1.284,1.69,1.00
2015.04.20 16:10:00.516,1.28393,1.284,1.09,1.00
2015.04.20 16:10:00.718,1.28391,1.28399,1.25,1.76
2015.04.20 16:10:00.768,1.2839,1.28397,1.76,1.00
2015.04.20 16:10:01.703,1.28389,1.28397,1.65,1.00
2015.04.20 16:10:02.986,1.28391,1.28397,1.00,1.00
2015.04.20 16:10:03.491,1.28392,1.28397,1.00,1.00
2015.04.20 16:10:03.871,1.28394,1.28397,1.00,1.00
2015.04.20 16:10:04.022,1.28394,1.284,1.00,1.62
2015.04.20 16:10:04.275,1.28391,1.28398,1.69,1.00
2015.04.20 16:10:04.377,1.28389,1.28397,1.20,1.50
2015.04.20 16:10:04.916,1.2839,1.28398,1.00,1.20
2015.04.20 16:10:05.579,1.28392,1.284,1.00,3.19
2015.04.20 16:10:05.883,1.28395,1.28403,1.25,1.84
2015.04.20 16:10:06.186,1.28397,1.28404,1.00,1.31
2015.04.20 16:10:08.994,1.28395,1.28404,4.69,1.20
2015.04.20 16:10:09.637,1.28395,1.28402,1.25,1.00
2015.04.20 16:10:09.890,1.28393,1.284,1.25,1.00
2015.04.20 16:10:10.885,1.28392,1.284,1.09,1.69
2015.04.20 16:10:12.288,1.28391,1.28399,1.39,1.50
2015.04.20 16:10:12.857,1.28389,1.28399,2.81,1.69
2015.04.20 16:10:19.618,1.28392,1.284,1.00,1.76
2015.04.20 16:10:20.142,1.28392,1.284,1.00,1.76
2015.04.20 16:10:22.884,1.28391,1.28401,1.09,3.19
2015.04.20 16:10:23.221,1.2839,1.28399,2.06,1.00
2015.04.20 16:10:23.987,1.28391,1.28401,1.20,3.94
2015.04.20 16:10:24.881,1.28391,1.28399,1.20,1.00
2015.04.20 16:10:25.387,1.28391,1.28401,2.59,2.06
2015.04.20 16:10:26.394,1.28394,1.28401,1.00,1.31
2015.04.20 16:10:27.391,1.28394,1.28402,1.69,1.25
2015.04.20 16:10:29.704,1.28396,1.28402,1.00,1.00
2015.04.20 16:10:30.008,1.28399,1.28404,1.00,1.01
2015.04.20 16:10:30.531,1.28398,1.28405,1.50,1.39
2015.04.20 16:10:30.882,1.28398,1.28405,1.50,1.20
2015.04.20 16:10:32.155,1.28397,1.28405,1.69,1.27
2015.04.20 16:10:33.013,1.28398,1.28406,1.00,1.31
2015.04.20 16:10:33.866,1.28398,1.28404,1.00,1.00
2015.04.20 16:10:35.413,1.28397,1.28404,1.00,1.50
2015.04.20 16:10:35.918,1.28399,1.28405,1.00,2.06
2015.04.20 16:10:36.433,1.28399,1.28406,1.00,1.64
2015.04.20 16:10:39.027,1.284,1.28406,1.00,2.06
2015.04.20 16:10:39.540,1.28399,1.28406,1.00,2.06
2015.04.20 16:10:40.221,1.28397,1.28406,1.50,1.87
2015.04.20 16:10:40.722,1.28398,1.28406,1.00,1.87
2015.04.20 16:10:41.230,1.28397,1.28406,1.00,1.87
2015.04.20 16:10:41.749,1.28396,1.28404,1.20,1.69
2015.04.20 16:10:42.053,1.28392,1.28401,1.00,3.64
2015.04.20 16:10:42.610,1.28393,1.28401,1.00,4.68
2015.04.20 16:10:42.913,1.28394,1.28401,1.00,1.69
2015.04.20 16:10:43.065,1.28395,1.28403,1.69,1.57
2015.04.20 16:10:43.219,1.28397,1.28403,1.00,1.57
2015.04.20 16:10:43.927,1.28395,1.28403,2.44,1.57
2015.04.20 16:10:44.532,1.28396,1.28403,1.25,1.12
2015.04.20 16:10:46.091,1.28396,1.28404,1.25,1.69
2015.04.20 16:10:46.710,1.28396,1.28405,1.25,1.29
2015.04.20 16:10:46.968,1.28398,1.28405,1.00,1.29
2015.04.20 16:10:47.834,1.28396,1.28405,1.69,1.29
2015.04.20 16:10:48.351,1.28396,1.28403,1.69,1.00
2015.04.20 16:10:49.068,1.28397,1.28404,1.00,2.14
2015.04.20 16:10:50.221,1.28397,1.28404,1.00,1.09
2015.04.20 16:10:51.931,1.28396,1.28404,1.69,1.09
2015.04.20 16:10:52.967,1.28398,1.28404,1.00,1.20
2015.04.20 16:10:53.480,1.28399,1.28404,1.00,1.00
2015.04.20 16:10:54.970,1.284,1.28407,1.00,1.39
2015.04.20 16:11:00.256,1.284,1.28407,1.00,1.10
2015.04.20 16:11:00.780,1.28399,1.28407,1.25,1.10
2015.04.20 16:11:00.882,1.28401,1.28407,1.00,1.10
2015.04.20 16:11:01.341,1.28399,1.28407,1.25,1.10
2015.04.20 16:11:01.858,1.28401,1.28407,1.00,1.10
2015.04.20 16:11:03.458,1.284,1.28407,1.00,1.10
2015.04.20 16:11:06.650,1.284,1.28406,1.00,1.00
2015.04.20 16:11:07.153,1.284,1.28407,1.00,1.10
2015.04.20 16:11:13.375,1.28399,1.28407,1.00,1.57
2015.04.20 16:11:13.897,1.28401,1.28407,1.00,1.10
2015.04.20 16:11:18.158,1.284,1.28408,1.00,1.95
2015.04.20 16:11:19.192,1.28398,1.28408,2.51,2.89
2015.04.20 16:11:19.763,1.28398,1.28408,1.76,4.39
2015.04.20 16:11:20.414,1.28398,1.28408,1.57,5.14
2015.04.20 16:11:23.005,1.28398,1.28407,1.50,1.12
2015.04.20 16:11:23.567,1.28398,1.28401,1.00,1.00
2015.04.20 16:11:23.769,1.28394,1.28398,1.71,1.57
2015.04.20 16:11:23.971,1.28391,1.28399,1.50,1.95
2015.04.20 16:11:24.487,1.28391,1.28399,1.00,1.95
2015.04.20 16:11:25.008,1.28391,1.284,1.95,1.76
2015.04.20 16:11:35.713,1.28391,1.284,1.57,1.39
2015.04.20 16:11:36.391,1.28394,1.284,1.00,1.32
2015.04.20 16:11:36.694,1.28397,1.28402,1.00,2.25
2015.04.20 16:11:37.612,1.28396,1.28402,1.87,3.00
2015.04.20 16:11:38.147,1.28396,1.28402,1.00,1.00
2015.04.20 16:11:38.400,1.28393,1.28401,2.14,1.00
2015.04.20 16:11:38.916,1.28393,1.28401,1.25,1.20
2015.04.20 16:11:39.519,1.28391,1.284,2.51,1.01
2015.04.20 16:11:40.054,1.28392,1.28399,1.00,1.00
2015.04.20 16:11:40.892,1.28391,1.28399,1.10,1.50
2015.04.20 16:11:42.022,1.2839,1.28398,2.14,1.00
2015.04.20 16:11:42.560,1.2839,1.28398,1.57,1.00
2015.04.20 16:11:42.813,1.28392,1.284,1.20,2.96
2015.04.20 16:11:43.472,1.28392,1.28401,2.25,1.46
2015.04.20 16:11:43.528,1.28392,1.28401,2.25,1.46
2015.04.20 16:11:46.560,1.28393,1.28401,1.00,1.39
2015.04.20 16:11:47.435,1.28393,1.28401,1.00,1.25
2015.04.20 16:11:47.962,1.28393,1.28401,1.50,1.20
2015.04.20 16:11:48.487,1.28393,1.28401,1.57,1.10
2015.04.20 16:11:50.746,1.28393,1.284,1.57,1.00
2015.04.20 16:11:53.248,1.28394,1.284,1.00,1.00
2015.04.20 16:11:53.652,1.28396,1.28402,1.50,1.07
2015.04.20 16:11:54.203,1.28397,1.28403,1.50,1.01
2015.04.20 16:11:54.357,1.28395,1.28403,1.50,1.01
2015.04.20 16:11:57.654,1.28396,1.28404,1.50,1.12
2015.04.20 16:11:58.451,1.28398,1.28404,1.00,1.31
2015.04.20 16:11:58.958,1.28398,1.28406,1.00,3.94
2015.04.20 16:11:59.469,1.28398,1.28405,1.00,1.20
2015.04.20 16:12:00.121,1.28396,1.28405,3.94,1.20
2015.04.20 16:12:00.222,1.284,1.28405,1.00,1.20
2015.04.20 16:12:00.677,1.28401,1.28408,1.00,2.70
2015.04.20 16:12:01.179,1.28401,1.28409,1.00,2.41
2015.04.20 16:12:01.816,1.28403,1.28409,1.00,1.12
2015.04.20 16:12:02.128,1.28401,1.28409,1.00,1.66
2015.04.20 16:12:02.630,1.28402,1.28408,1.00,1.20
2015.04.20 16:12:03.184,1.28403,1.28408,1.00,1.20
2015.04.20 16:12:04.366,1.28402,1.28408,1.00,1.20
2015.04.20 16:12:05.341,1.284,1.28408,2.44,1.95
2015.04.20 16:12:05.891,1.28399,1.28407,3.26,1.47
2015.04.20 16:12:06.848,1.28399,1.28405,1.69,1.00
2015.04.20 16:12:07.000,1.28398,1.28404,1.12,1.20
2015.04.20 16:12:07.152,1.28396,1.28404,1.69,1.50
2015.04.20 16:12:07.657,1.28394,1.28402,1.19,1.00
2015.04.20 16:12:08.413,1.28394,1.28402,1.00,1.00
2015.04.20 16:12:08.924,1.28393,1.28401,3.00,1.00
2015.04.20 16:12:10.629,1.28393,1.284,1.00,1.00
2015.04.20 16:12:12.720,1.28392,1.284,1.10,1.10
2015.04.20 16:12:18.318,1.28392,1.284,3.37,1.00
2015.04.20 16:12:18.819,1.28392,1.28402,3.00,1.39
2015.04.20 16:12:19.412,1.28392,1.28402,5.44,1.20
2015.04.20 16:12:22.379,1.28395,1.28403,1.00,2.44
2015.04.20 16:12:22.683,1.28402,1.28407,1.00,1.66
2015.04.20 16:12:23.232,1.28401,1.28407,3.00,1.12
2015.04.20 16:12:23.496,1.28401,1.28409,3.00,1.66
2015.04.20 16:12:28.479,1.28402,1.28409,1.00,2.60
2015.04.20 16:12:29.033,1.28401,1.28408,3.00,1.39
2015.04.20 16:12:29.084,1.28401,1.28403,1.50,1.00
2015.04.20 16:12:29.236,1.28398,1.28401,1.00,1.00
2015.04.20 16:12:29.337,1.28394,1.28402,1.00,1.75
2015.04.20 16:12:33.774,1.28391,1.28399,2.81,1.00
2015.04.20 16:12:34.406,1.28392,1.284,1.62,2.96
2015.04.20 16:12:36.175,1.2839,1.284,2.21,3.71
2015.04.20 16:12:38.180,1.28392,1.28401,1.62,1.69
2015.04.20 16:12:38.919,1.28393,1.28403,3.37,2.06
2015.04.20 16:12:42.312,1.28393,1.284,1.62,1.00
2015.04.20 16:12:42.855,1.28391,1.28399,2.51,1.00
2015.04.20 16:12:43.617,1.28392,1.284,1.39,1.25
2015.04.20 16:12:47.901,1.28392,1.284,1.39,1.00
2015.04.20 16:12:49.587,1.28391,1.28399,2.51,1.00
2015.04.20 16:12:51.981,1.28392,1.284,1.39,1.25
2015.04.20 16:12:55.810,1.28392,1.284,1.20,1.00
2015.04.20 16:12:57.219,1.28391,1.28399,2.51,1.00
2015.04.20 16:12:59.091,1.2839,1.28399,2.44,1.00
2015.04.20 16:13:00.999,1.2839,1.28398,2.21,1.00
2015.04.20 16:13:01.212,1.28392,1.28401,1.37,3.19
2015.04.20 16:13:01.736,1.28392,1.284,1.56,1.00
2015.04.20 16:13:02.260,1.28391,1.28399,1.47,1.00
2015.04.20 16:13:03.513,1.28393,1.28402,1.12,1.31
2015.04.20 16:13:15.925,1.28392,1.28402,3.94,2.81
2015.04.20 16:13:19.005,1.28394,1.28402,1.25,1.69
2015.04.20 16:13:20.956,1.28393,1.28402,1.12,1.20
2015.04.20 16:13:25.945,1.28394,1.28402,1.00,1.20
2015.04.20 16:13:29.977,1.28393,1.28401,1.31,1.09
2015.04.20 16:13:30.481,1.28392,1.284,1.56,1.00
2015.04.20 16:13:31.691,1.28392,1.284,2.06,1.00
2015.04.20 16:13:33.850,1.28393,1.28401,1.31,1.20
2015.04.20 16:13:34.687,1.28393,1.28403,1.12,3.94
2015.04.20 16:13:35.701,1.28393,1.28402,1.19,1.20
2015.04.20 16:13:37.858,1.28392,1.284,1.69,1.00
2015.04.20 16:13:38.692,1.28392,1.284,1.69,1.00
2015.04.20 16:13:39.700,1.28392,1.284,1.69,1.00
2015.04.20 16:13:41.466,1.28392,1.28401,2.81,1.20
2015.04.20 16:13:47.380,1.28395,1.28402,1.00,1.31
2015.04.20 16:13:47.911,1.28394,1.28401,1.25,1.20
2015.04.20 16:13:49.501,1.28392,1.284,1.19,1.00
2015.04.20 16:13:50.080,1.28391,1.28401,3.71,3.15
2015.04.20 16:13:50.663,1.28391,1.28399,3.71,1.00
2015.04.20 16:13:51.183,1.28391,1.28399,3.34,1.00
2015.04.20 16:13:53.464,1.28391,1.28401,3.34,3.34
2015.04.20 16:13:56.607,1.28396,1.28401,1.00,2.21
2015.04.20 16:14:06.205,1.28395,1.28401,1.50,1.27
2015.04.20 16:14:06.509,1.2839,1.28393,1.28,3.37
2015.04.20 16:14:06.812,1.28386,1.28392,1.28,1.32
2015.04.20 16:14:07.328,1.28385,1.28392,1.50,1.32
2015.04.20 16:14:09.301,1.28386,1.28392,1.00,2.32
2015.04.20 16:14:10.291,1.28384,1.28392,1.50,2.32
2015.04.20 16:14:11.140,1.28385,1.28392,1.00,2.86
2015.04.20 16:14:12.443,1.28384,1.28392,1.50,2.51
2015.04.20 16:14:12.638,1.28386,1.28392,1.00,2.51
2015.04.20 16:14:14.921,1.28384,1.28392,1.25,2.51
2015.04.20 16:14:18.313,1.28388,1.28392,1.00,1.32
2015.04.20 16:14:18.617,1.28391,1.28395,1.00,1.50
2015.04.20 16:14:18.869,1.28391,1.28397,1.00,1.76
2015.04.20 16:14:19.418,1.28392,1.28397,1.00,1.26
2015.04.20 16:14:21.230,1.28391,1.28397,1.00,1.07
2015.04.20 16:14:25.015,1.28389,1.28395,1.00,1.00
2015.04.20 16:14:25.116,1.28386,1.28391,1.57,1.12
2015.04.20 16:14:25.318,1.2838,1.28387,2.06,1.00
2015.04.20 16:14:25.822,1.28379,1.28387,1.56,1.20
2015.04.20 16:14:26.359,1.28379,1.28387,1.85,1.50
2015.04.20 16:14:26.911,1.28379,1.28387,1.15,1.50
2015.04.20 16:14:29.386,1.28378,1.28387,2.65,1.00
2015.04.20 16:14:30.388,1.28379,1.28387,1.30,1.00
2015.04.20 16:14:30.842,1.28381,1.28387,1.00,1.00
2015.04.20 16:14:31.661,1.28379,1.28387,1.09,1.00
2015.04.20 16:14:31.864,1.28379,1.28384,1.25,1.00
2015.04.20 16:14:32.344,1.28381,1.28387,1.00,1.87
2015.04.20 16:14:32.394,1.28381,1.28388,1.00,2.25
2015.04.20 16:14:32.899,1.2838,1.28389,1.00,2.06
2015.04.20 16:14:34.862,1.28381,1.28389,1.00,1.87
2015.04.20 16:14:36.163,1.28382,1.28389,1.00,2.06
2015.04.20 16:14:37.428,1.28381,1.28389,1.25,2.06
2015.04.20 16:14:37.529,1.28383,1.28389,1.00,2.06
2015.04.20 16:14:37.726,1.28381,1.28389,1.25,2.06
2015.04.20 16:14:39.421,1.28381,1.28389,1.19,1.87
2015.04.20 16:14:40.528,1.28381,1.28389,1.00,1.87
2015.04.20 16:14:42.880,1.28378,1.28386,1.19,1.00
2015.04.20 16:14:43.436,1.28378,1.28386,1.69,1.00
2015.04.20 16:14:47.481,1.28377,1.28385,1.76,1.00
2015.04.20 16:14:55.172,1.28377,1.28387,1.01,2.51
2015.04.20 16:14:56.801,1.28378,1.28387,1.00,1.57
2015.04.20 16:14:57.332,1.28379,1.28387,1.00,1.10
2015.04.20 16:14:58.078,1.28377,1.28386,1.29,1.00
2015.04.20 16:14:58.583,1.28377,1.28387,1.01,1.57
2015.04.20 16:14:58.785,1.28377,1.28385,1.01,1.00
2015.04.20 16:15:00.591,1.28377,1.28385,1.29,1.50
2015.04.20 16:15:01.586,1.28377,1.28385,1.10,1.50
2015.04.20 16:15:07.707,1.28377,1.28385,1.29,1.50
2015.04.20 16:15:08.211,1.28376,1.28382,2.89,1.00
2015.04.20 16:15:09.019,1.28376,1.28383,1.19,1.87
2015.04.20 16:15:09.272,1.28376,1.28383,1.25,1.87
2015.04.20 16:15:10.401,1.28374,1.28383,1.19,2.81
2015.04.20 16:15:12.418,1.28374,1.28383,1.00,2.62
2015.04.20 16:15:14.420,1.28374,1.28383,1.19,2.81
2015.04.20 16:15:15.022,1.28376,1.28383,1.00,2.06
2015.04.20 16:15:15.624,1.28377,1.28383,1.00,1.57
2015.04.20 16:15:16.138,1.28376,1.2838,1.00,1.12
2015.04.20 16:15:19.317,1.28377,1.28383,1.00,1.12
2015.04.20 16:15:19.368,1.28377,1.28383,1.00,1.12
2015.04.20 16:15:19.520,1.2838,1.28384,1.00,1.50
2015.04.20 16:15:19.723,1.28383,1.28391,3.07,2.04
2015.04.20 16:15:20.077,1.28383,1.28391,1.57,1.00
2015.04.20 16:15:21.276,1.28384,1.28391,1.71,1.10
2015.04.20 16:15:22.086,1.28384,1.28391,1.12,1.10
2015.04.20 16:15:23.307,1.28384,1.28392,1.71,2.14
2015.04.20 16:15:27.710,1.28383,1.2839,1.15,1.12
2015.04.20 16:15:28.231,1.28381,1.2839,1.15,2.32
2015.04.20 16:15:28.483,1.2838,1.2839,1.29,2.32
2015.04.20 16:15:29.209,1.2838,1.2839,1.01,2.32
2015.04.20 16:15:29.737,1.28381,1.2839,1.00,1.57
2015.04.20 16:15:30.270,1.28381,1.2839,1.19,1.76
2015.04.20 16:15:31.446,1.28383,1.28391,1.00,3.56
2015.04.20 16:15:34.352,1.28381,1.28391,2.81,1.87
2015.04.20 16:15:45.775,1.2838,1.28389,1.29,2.70
2015.04.20 16:15:46.941,1.2838,1.28388,1.00,1.20
2015.04.20 16:15:49.951,1.2838,1.28388,1.31,1.20
2015.04.20 16:15:55.661,1.28382,1.28389,1.00,2.25
2015.04.20 16:15:56.211,1.2838,1.28389,1.47,3.00
2015.04.20 16:15:58.367,1.28379,1.28389,1.46,3.00
2015.04.20 16:15:59.051,1.28381,1.28389,1.00,3.00
2015.04.20 16:16:01.673,1.28378,1.28384,2.65,1.00
2015.04.20 16:16:02.006,1.28377,1.2838,1.28,2.62
2015.04.20 16:16:02.059,1.28374,1.28378,1.00,1.10
2015.04.20 16:16:02.570,1.28373,1.2838,1.50,1.12
2015.04.20 16:16:02.672,1.28374,1.28383,1.00,1.86
2015.04.20 16:16:03.750,1.28375,1.28383,1.00,1.57
2015.04.20 16:16:04.650,1.28376,1.28383,1.00,1.07
2015.04.20 16:16:05.645,1.28377,1.28383,1.00,1.07
2015.04.20 16:16:12.554,1.28376,1.28383,1.25,1.07
2015.04.20 16:16:13.614,1.28375,1.28383,1.25,1.07
2015.04.20 16:16:15.628,1.28375,1.28383,1.19,1.07
2015.04.20 16:16:17.400,1.28377,1.28383,1.00,1.07
2015.04.20 16:16:17.754,1.28376,1.28385,1.25,1.57
2015.04.20 16:16:19.644,1.28376,1.28386,1.19,1.87
2015.04.20 16:16:20.168,1.28375,1.28383,1.29,1.00
2015.04.20 16:16:20.319,1.28375,1.28383,1.00,1.20
2015.04.20 16:16:20.854,1.28374,1.28382,1.25,1.00
2015.04.20 16:16:21.400,1.28374,1.28383,1.25,1.09
2015.04.20 16:16:25.988,1.28375,1.28383,1.00,1.84
2015.04.20 16:16:28.903,1.28373,1.28381,1.19,1.00
2015.04.20 16:16:29.206,1.2837,1.28378,1.69,1.57
2015.04.20 16:16:30.164,1.2837,1.28378,1.87,1.10
2015.04.20 16:16:33.025,1.28369,1.28376,1.56,1.00
2015.04.20 16:16:33.530,1.2837,1.28378,1.37,2.32
2015.04.20 16:16:34.286,1.2837,1.28378,1.00,1.57
2015.04.20 16:16:34.337,1.28368,1.28375,2.32,1.00
2015.04.20 16:16:34.843,1.28369,1.28376,1.00,1.25
2015.04.20 16:16:35.196,1.28371,1.28377,1.00,1.39
2015.04.20 16:16:35.449,1.28372,1.2838,1.00,1.50
2015.04.20 16:16:35.802,1.2837,1.2838,2.70,1.20
2015.04.20 16:16:38.319,1.28372,1.2838,1.00,1.39
2015.04.20 16:16:38.500,1.2837,1.2838,3.45,1.39
2015.04.20 16:16:40.665,1.2837,1.2838,1.76,1.57
2015.04.20 16:16:41.169,1.28369,1.28379,2.65,1.00
2015.04.20 16:16:41.717,1.28369,1.28378,2.16,1.50
2015.04.20 16:16:42.807,1.28369,1.28377,1.57,1.00
2015.04.20 16:16:43.009,1.28368,1.28372,1.11,1.00
2015.04.20 16:16:43.312,1.28363,1.28371,2.25,1.50
2015.04.20 16:16:43.666,1.28362,1.28369,2.25,1.00
2015.04.20 16:16:43.767,1.28361,1.28369,1.79,1.00
2015.04.20 16:16:45.327,1.28363,1.28371,1.50,2.06
2015.04.20 16:16:45.579,1.28365,1.28373,1.00,2.32
2015.04.20 16:16:46.234,1.28364,1.28372,1.01,1.00
2015.04.20 16:16:46.284,1.28364,1.2837,1.00,1.00
2015.04.20 16:16:46.820,1.28362,1.2837,1.62,1.10
2015.04.20 16:16:47.378,1.28362,1.2837,1.25,1.10
2015.04.20 16:16:47.911,1.28362,1.2837,1.25,1.95
2015.04.20 16:16:48.519,1.28361,1.28369,1.00,1.10
2015.04.20 16:16:48.832,1.28363,1.2837,1.00,1.95
2015.04.20 16:16:49.438,1.28362,1.2837,1.00,1.20
2015.04.20 16:16:49.986,1.28363,1.2837,1.00,1.20
2015.04.20 16:16:52.661,1.28364,1.28371,1.00,1.31
2015.04.20 16:16:52.962,1.2837,1.28375,1.00,2.18
2015.04.20 16:16:53.551,1.2837,1.28378,1.00,2.14
2015.04.20 16:16:53.855,1.28372,1.28378,1.00,2.14
2015.04.20 16:16:53.906,1.28372,1.28377,1.00,1.29
2015.04.20 16:16:55.706,1.28369,1.28378,1.00,2.81
2015.04.20 16:16:55.908,1.28368,1.28376,1.50,1.87
2015.04.20 16:16:56.431,1.28368,1.28374,1.00,1.29
2015.04.20 16:16:56.961,1.28367,1.28374,1.00,1.19
2015.04.20 16:16:57.462,1.28366,1.28374,1.50,1.19
2015.04.20 16:16:58.035,1.28366,1.28374,1.50,1.25
2015.04.20 16:17:03.431,1.28366,1.28376,1.50,2.21
2015.04.20 16:17:03.762,1.28368,1.28376,1.00,1.84
2015.04.20 16:17:05.601,1.28368,1.28376,1.00,2.40
2015.04.20 16:17:05.955,1.2837,1.28378,1.50,4.12
2015.04.20 16:17:06.359,1.28372,1.28378,1.00,1.07
2015.04.20 16:17:07.163,1.28373,1.28379,1.00,2.06
2015.04.20 16:17:13.683,1.28371,1.28379,1.50,2.62
2015.04.20 16:17:14.721,1.2837,1.28378,1.69,1.20
2015.04.20 16:17:24.570,1.28373,1.28379,1.00,2.62
2015.04.20 16:17:25.098,1.28372,1.28379,1.00,1.87
2015.04.20 16:17:36.701,1.28373,1.28379,1.00,1.87
2015.04.20 16:17:36.803,1.28373,1.28381,1.25,1.09
2015.04.20 16:17:37.341,1.28374,1.28382,1.00,2.06
2015.04.20 16:17:37.890,1.28375,1.28382,1.00,1.64
2015.04.20 16:17:39.497,1.28376,1.28382,1.00,1.45
2015.04.20 16:17:40.298,1.28377,1.28382,1.00,1.45
2015.04.20 16:17:40.505,1.28379,1.28384,1.00,1.20
2015.04.20 16:17:41.045,1.28379,1.28385,1.00,1.00
2015.04.20 16:17:41.553,1.28378,1.28385,1.57,1.00
2015.04.20 16:17:42.907,1.28379,1.28385,1.00,1.00
2015.04.20 16:17:43.449,1.28378,1.28385,1.10,1.00
2015.04.20 16:17:44.401,1.28378,1.28384,1.10,1.00
2015.04.20 16:17:45.205,1.28376,1.28383,1.60,2.25
2015.04.20 16:17:45.356,1.28375,1.28383,1.29,2.25
2015.04.20 16:17:46.016,1.28373,1.28383,3.94,2.25
2015.04.20 16:17:49.225,1.28373,1.28383,3.56,2.44
2015.04.20 16:17:51.997,1.28375,1.28384,1.01,1.76
2015.04.20 16:17:52.098,1.28378,1.28385,1.00,4.01
2015.04.20 16:17:52.403,1.28385,1.28391,1.00,1.29
2015.04.20 16:17:52.454,1.28385,1.28392,1.50,1.57
2015.04.20 16:17:52.505,1.28385,1.28392,1.50,1.20
2015.04.20 16:17:52.606,1.28387,1.28392,1.00,1.20
2015.04.20 16:17:52.909,1.28391,1.28393,1.50,1.50
2015.04.20 16:17:53.061,1.28392,1.284,2.25,1.95
2015.04.20 16:17:53.565,1.28392,1.284,1.20,1.50
2015.04.20 16:17:55.386,1.28392,1.28398,1.20,1.37
2015.04.20 16:17:55.589,1.28388,1.28393,1.10,1.00
2015.04.20 16:17:56.093,1.28387,1.28394,1.00,1.12
2015.04.20 16:17:57.370,1.28388,1.28394,1.00,1.10
2015.04.20 16:17:57.420,1.2839,1.28394,1.00,1.10
2015.04.20 16:17:57.674,1.28394,1.28401,1.00,1.10
2015.04.20 16:17:57.725,1.28392,1.28401,3.07,1.10
2015.04.20 16:17:57.826,1.28394,1.28401,1.00,1.10
2015.04.20 16:17:58.330,1.28392,1.28401,1.10,1.57
2015.04.20 16:17:58.834,1.28393,1.28401,1.00,1.57
2015.04.20 16:17:59.036,1.28392,1.28398,1.10,1.00
2015.04.20 16:17:59.238,1.2839,1.28397,1.09,1.00
2015.04.20 16:18:00.048,1.28391,1.28398,1.10,1.19
2015.04.20 16:18:00.565,1.2839,1.28398,1.20,1.00
2015.04.20 16:18:01.374,1.28389,1.28398,1.12,1.00
2015.04.20 16:18:01.525,1.28387,1.28394,2.81,1.00
2015.04.20 16:18:01.626,1.28388,1.28396,1.20,1.00
2015.04.20 16:18:02.222,1.28389,1.28397,1.00,1.65
2015.04.20 16:18:05.259,1.28387,1.28397,4.69,1.09
2015.04.20 16:18:05.627,1.28387,1.28395,3.19,1.00
2015.04.20 16:18:06.147,1.28388,1.28396,1.09,1.69
2015.04.20 16:18:06.929,1.28389,1.28396,1.00,1.25
2015.04.20 16:18:07.232,1.28395,1.28403,1.00,1.99
2015.04.20 16:18:08.243,1.28396,1.28403,1.00,1.45
2015.04.20 16:18:10.033,1.28395,1.28402,1.25,1.20
2015.04.20 16:18:10.537,1.28394,1.28402,2.44,1.65
2015.04.20 16:18:11.159,1.28394,1.28402,2.44,1.65
2015.04.20 16:18:12.177,1.28394,1.28402,2.44,1.65
2015.04.20 16:18:13.826,1.28394,1.28399,1.69,1.00
2015.04.20 16:18:13.877,1.28394,1.28399,1.50,1.37
2015.04.20 16:18:13.979,1.28393,1.284,1.09,1.00
2015.04.20 16:18:14.283,1.28394,1.28398,1.57,1.00
2015.04.20 16:18:15.862,1.28394,1.284,1.10,1.00
2015.04.20 16:18:16.196,1.28392,1.28398,2.14,1.00
2015.04.20 16:18:16.502,1.28395,1.28398,1.00,1.00
2015.04.20 16:18:16.805,1.28398,1.28399,1.50,1.00
2015.04.20 16:18:16.856,1.284,1.28403,1.00,1.20
2015.04.20 16:18:17.363,1.284,1.28405,1.00,1.50
2015.04.20 16:18:17.465,1.28403,1.28405,1.50,1.07
2015.04.20 16:18:17.617,1.28404,1.28409,1.00,1.75
2015.04.20 16:18:17.718,1.28404,1.28412,1.50,1.69
2015.04.20 16:18:17.769,1.28406,1.28412,1.00,1.62
2015.04.20 16:18:17.820,1.28406,1.28413,1.00,2.51
2015.04.20 16:18:18.912,1.28406,1.28409,1.00,1.00
2015.04.20 16:18:18.963,1.28404,1.28409,1.00,1.00
2015.04.20 16:18:19.499,1.28403,1.28409,1.50,1.00
2015.04.20 16:18:19.802,1.28402,1.28407,1.00,1.00
2015.04.20 16:18:20.106,1.28402,1.28405,1.50,1.00
2015.04.20 16:18:20.258,1.28402,1.28409,1.00,1.00
2015.04.20 16:18:20.925,1.28401,1.28409,2.25,1.00
2015.04.20 16:18:21.456,1.28401,1.28408,2.44,1.00
2015.04.20 16:18:21.994,1.284,1.28407,1.50,1.10
2015.04.20 16:18:32.877,1.28401,1.28407,1.00,1.10
2015.04.20 16:18:33.130,1.28403,1.28409,1.00,1.87
2015.04.20 16:18:33.333,1.28405,1.28411,1.50,2.32
2015.04.20 16:18:34.869,1.28407,1.28412,1.00,1.50
2015.04.20 16:18:35.443,1.28407,1.28412,1.00,1.07
2015.04.20 16:18:44.478,1.28408,1.28414,1.50,1.39
2015.04.20 16:18:48.399,1.28407,1.28415,1.00,3.75
2015.04.20 16:18:48.901,1.28406,1.28414,1.50,1.57
2015.04.20 16:18:52.818,1.28406,1.28414,1.50,1.57
2015.04.20 16:18:53.129,1.28402,1.2841,1.76,1.00
2015.04.20 16:18:53.181,1.28401,1.2841,1.69,1.00
2015.04.20 16:18:53.709,1.284,1.28409,1.39,1.00
2015.04.20 16:18:55.658,1.284,1.28409,1.10,1.10
2015.04.20 16:18:59.078,1.284,1.28409,1.29,1.01
2015.04.20 16:18:59.230,1.28399,1.28407,1.39,1.00
2015.04.20 16:18:59.715,1.28397,1.28407,3.56,1.00
2015.04.20 16:19:00.220,1.28396,1.28405,3.64,1.00
2015.04.20 16:19:00.828,1.28399,1.28407,1.00,2.25
2015.04.20 16:19:03.340,1.28399,1.28408,1.69,2.25
2015.04.20 16:19:04.007,1.28399,1.28407,1.69,1.50
2015.04.20 16:19:06.990,1.28399,1.28407,1.19,1.50
2015.04.20 16:19:11.270,1.28401,1.28409,1.00,2.06
2015.04.20 16:19:11.573,1.28405,1.28409,1.00,1.12
2015.04.20 16:19:11.775,1.28403,1.28412,4.69,1.20
2015.04.20 16:19:11.826,1.28403,1.28413,4.69,1.87
2015.04.20 16:19:12.402,1.28406,1.28413,1.00,1.12
2015.04.20 16:19:12.935,1.28407,1.28414,1.00,1.97
2015.04.20 16:19:15.838,1.28406,1.28408,1.00,1.50
2015.04.20 16:19:16.142,1.28397,1.284,2.25,1.00
2015.04.20 16:19:16.344,1.28391,1.284,1.28,1.20
2015.04.20 16:19:16.865,1.2839,1.28398,3.94,1.00
2015.04.20 16:19:21.622,1.28389,1.28392,1.00,1.00
2015.04.20 16:19:21.925,1.28386,1.28389,1.37,1.00
2015.04.20 16:19:22.229,1.28386,1.2839,1.00,1.12
2015.04.20 16:19:22.280,1.28386,1.28391,1.00,3.19
2015.04.20 16:19:22.331,1.28384,1.28391,1.50,1.55
2015.04.20 16:19:22.382,1.28384,1.28391,1.50,1.17
2015.04.20 16:19:22.889,1.28384,1.28392,1.50,1.29
2015.04.20 16:19:23.538,1.28384,1.28391,1.50,1.00
2015.04.20 16:19:24.074,1.28383,1.28392,1.25,1.57
2015.04.20 16:19:24.589,1.28384,1.28392,1.00,1.57
2015.04.20 16:19:25.097,1.28385,1.28392,1.00,1.10
2015.04.20 16:19:26.926,1.28385,1.28391,1.00,1.00
2015.04.20 16:19:27.129,1.28384,1.28394,1.57,2.70
2015.04.20 16:19:27.180,1.28387,1.28394,1.00,1.95
2015.04.20 16:19:27.282,1.28384,1.28394,1.57,2.70
2015.04.20 16:19:27.383,1.28386,1.28394,1.00,2.70
2015.04.20 16:19:27.901,1.28387,1.28394,1.00,1.95
2015.04.20 16:19:29.970,1.28387,1.28392,1.00,1.00
2015.04.20 16:19:31.181,1.28386,1.28392,1.00,1.00
2015.04.20 16:19:31.759,1.28386,1.28394,1.00,1.95
2015.04.20 16:19:32.105,1.28389,1.28394,1.00,1.20
2015.04.20 16:19:32.409,1.28389,1.28397,1.50,1.76
2015.04.20 16:19:32.661,1.28393,1.28397,1.00,1.57
2015.04.20 16:19:32.813,1.28396,1.28402,1.50,1.61
2015.04.20 16:19:32.965,1.28399,1.28404,1.00,1.66
2015.04.20 16:19:33.066,1.28399,1.28405,1.00,1.87
2015.04.20 16:19:33.966,1.28398,1.28405,1.50,1.12
2015.04.20 16:19:34.068,1.28396,1.284,1.50,1.37
2015.04.20 16:19:34.373,1.28386,1.28391,1.28,4.50
2015.04.20 16:19:34.475,1.28386,1.28391,1.28,1.87
2015.04.20 16:19:34.576,1.28385,1.28389,1.28,1.00
2015.04.20 16:19:34.844,1.28385,1.28391,1.28,1.00
2015.04.20 16:19:35.048,1.28387,1.28391,1.00,3.00
2015.04.20 16:19:35.149,1.28382,1.28389,1.66,1.00
2015.04.20 16:19:35.604,1.28385,1.28393,1.00,2.04
2015.04.20 16:19:36.108,1.28385,1.28393,1.00,1.29
2015.04.20 16:19:36.489,1.28387,1.28395,1.00,1.39
2015.04.20 16:19:36.770,1.28384,1.28392,1.50,1.00
2015.04.20 16:19:37.880,1.28385,1.28393,1.00,1.00
2015.04.20 16:19:38.156,1.28385,1.28395,2.25,2.21
2015.04.20 16:19:39.210,1.28385,1.28392,1.50,1.00
2015.04.20 16:19:39.730,1.28384,1.28392,1.00,1.00
2015.04.20 16:19:40.470,1.28382,1.28391,1.50,1.00
2015.04.20 16:19:40.774,1.28378,1.28385,1.31,1.50
2015.04.20 16:19:40.875,1.28375,1.28385,2.77,1.65
2015.04.20 16:19:42.067,1.28375,1.28385,2.21,1.65
2015.04.20 16:19:46.391,1.28377,1.28385,1.00,1.65
2015.04.20 16:19:48.895,1.28376,1.28384,1.25,1.00
2015.04.20 16:19:51.528,1.28374,1.28382,3.19,1.00
2015.04.20 16:19:52.061,1.28374,1.28382,1.84,1.00
2015.04.20 16:19:54.804,1.28375,1.28383,1.00,1.65
2015.04.20 16:19:55.509,1.28374,1.28382,3.34,1.00
2015.04.20 16:19:58.117,1.28373,1.28381,2.81,1.00
2015.04.20 16:20:04.294,1.28373,1.28382,2.06,1.00
2015.04.20 16:20:04.795,1.28375,1.28383,1.00,1.84
2015.04.20 16:20:05.535,1.28374,1.28383,1.84,1.65
2015.04.20 16:20:09.066,1.28372,1.28382,2.44,1.00
2015.04.20 16:20:12.136,1.28373,1.28381,1.50,1.00
2015.04.20 16:20:12.670,1.28373,1.28383,3.19,1.20
2015.04.20 16:20:13.026,1.28373,1.28381,2.44,1.00
2015.04.20 16:20:15.160,1.28374,1.28382,1.20,1.00
2015.04.20 16:20:19.374,1.28373,1.28381,3.19,1.00
2015.04.20 16:20:19.921,1.28373,1.28381,1.25,1.00
2015.04.20 16:20:21.766,1.28373,1.28383,1.00,1.69
2015.04.20 16:20:22.270,1.28372,1.28382,1.46,1.09
2015.04.20 16:20:23.084,1.28372,1.28382,1.46,1.20
2015.04.20 16:20:25.130,1.28372,1.28382,1.46,1.20
2015.04.20 16:20:27.131,1.28372,1.28382,1.46,1.20
2015.04.20 16:20:29.683,1.28371,1.28381,2.81,1.00
2015.04.20 16:20:30.393,1.28372,1.2838,1.56,1.00
2015.04.20 16:20:31.747,1.2837,1.28381,5.44,1.20
2015.04.20 16:20:32.085,1.28362,1.28365,1.28,1.50
2015.04.20 16:20:32.187,1.28361,1.28366,1.28,1.65
2015.04.20 16:20:32.392,1.2836,1.28368,3.21,1.20
2015.04.20 16:20:32.493,1.2836,1.28368,3.21,1.44
2015.04.20 16:20:32.999,1.28361,1.28369,1.00,2.44
2015.04.20 16:20:33.539,1.28361,1.28369,1.00,1.25
2015.04.20 16:20:34.387,1.28361,1.28369,1.37,1.00
2015.04.20 16:20:34.958,1.28361,1.2837,1.62,2.32
2015.04.20 16:20:35.362,1.28363,1.28372,1.00,1.25
2015.04.20 16:20:35.882,1.28362,1.28372,2.25,1.69
2015.04.20 16:20:37.279,1.28363,1.28372,1.00,1.50
2015.04.20 16:20:37.796,1.28363,1.28373,1.37,2.59
2015.04.20 16:20:40.069,1.28362,1.28372,2.81,1.00
2015.04.20 16:20:41.577,1.28363,1.28373,1.62,2.59
2015.04.20 16:20:41.779,1.28366,1.28373,1.00,1.01
2015.04.20 16:20:42.096,1.28375,1.28378,1.00,1.29
2015.04.20 16:20:42.197,1.28375,1.2838,1.50,1.36
2015.04.20 16:20:42.800,1.28374,1.2838,1.00,1.10
2015.04.20 16:20:47.523,1.28374,1.28379,1.00,1.00
2015.04.20 16:20:48.707,1.28373,1.28381,2.25,1.95
2015.04.20 16:20:49.231,1.28374,1.28379,1.00,1.00
2015.04.20 16:20:49.985,1.28375,1.28379,1.00,1.00
2015.04.20 16:20:50.289,1.28373,1.28379,2.25,1.00
2015.04.20 16:20:50.593,1.28375,1.28379,1.00,1.00
2015.04.20 16:20:50.912,1.28373,1.28379,3.00,1.00
2015.04.20 16:20:51.689,1.28373,1.28378,1.50,1.00
2015.04.20 16:20:51.791,1.2837,1.28374,1.79,1.00
2015.04.20 16:20:52.092,1.28367,1.2837,1.00,1.10
2015.04.20 16:20:52.244,1.28367,1.28369,1.00,1.00
2015.04.20 16:20:52.295,1.28362,1.28369,1.12,1.00
2015.04.20 16:20:52.868,1.28363,1.28369,1.50,1.00
2015.04.20 16:20:53.019,1.28363,1.28371,1.50,1.01
2015.04.20 16:20:53.322,1.28366,1.28372,1.00,1.19
2015.04.20 16:20:53.872,1.28366,1.28372,1.00,1.00
2015.04.20 16:20:54.326,1.28368,1.28372,1.00,1.00
2015.04.20 16:20:54.529,1.28369,1.28376,1.50,1.29
2015.04.20 16:20:55.696,1.28369,1.28377,1.12,1.20
2015.04.20 16:20:56.214,1.28369,1.28377,3.37,1.20
2015.04.20 16:20:56.752,1.2837,1.28377,1.00,1.20
2015.04.20 16:20:57.769,1.28371,1.28378,1.00,1.50
2015.04.20 16:20:58.475,1.28372,1.28379,1.00,2.25
2015.04.20 16:20:58.526,1.28374,1.28379,1.00,2.25
2015.04.20 16:20:58.577,1.28374,1.28379,1.00,1.20
2015.04.20 16:20:59.081,1.28373,1.28381,2.25,2.00
2015.04.20 16:20:59.612,1.28372,1.2838,2.62,1.50
2015.04.20 16:20:59.815,1.28372,1.28376,1.87,1.00
2015.04.20 16:20:59.967,1.28369,1.28376,2.06,1.00
2015.04.20 16:21:00.372,1.28371,1.28379,2.25,1.95
2015.04.20 16:21:00.889,1.28371,1.28379,3.00,1.50
2015.04.20 16:21:02.393,1.28372,1.2838,1.20,1.00
2015.04.20 16:21:03.606,1.28374,1.2838,1.00,1.00
2015.04.20 16:21:04.625,1.28372,1.2838,1.20,1.00
2015.04.20 16:21:05.155,1.28373,1.2838,1.00,1.00
2015.04.20 16:21:07.518,1.28373,1.2838,1.00,1.00
2015.04.20 16:21:08.167,1.28373,1.2838,1.00,1.00
2015.04.20 16:21:10.881,1.28375,1.28379,1.00,1.00
2015.04.20 16:21:11.134,1.28383,1.28392,1.10,1.88
2015.04.20 16:21:11.645,1.28383,1.28391,1.57,1.25
2015.04.20 16:21:11.746,1.28385,1.28391,1.00,1.25
2015.04.20 16:21:12.269,1.28386,1.28391,1.00,1.25
2015.04.20 16:21:12.820,1.28386,1.2839,1.00,1.00
2015.04.20 16:21:13.188,1.28386,1.28394,1.00,1.10
2015.04.20 16:21:14.138,1.28386,1.28393,1.00,1.00
2015.04.20 16:21:14.775,1.28386,1.28394,1.00,1.10
2015.04.20 16:21:15.244,1.28386,1.2839,1.00,1.00
2015.04.20 16:21:15.547,1.28388,1.28392,1.00,1.00
2015.04.20 16:21:16.097,1.28389,1.28393,1.00,1.00
2015.04.20 16:21:18.505,1.28389,1.28392,1.00,1.00
2015.04.20 16:21:18.555,1.28387,1.28391,1.65,1.00
2015.04.20 16:21:22.365,1.28387,1.28393,1.65,1.00
2015.04.20 16:21:25.226,1.28387,1.28392,1.20,1.00
2015.04.20 16:21:29.505,1.28387,1.28391,1.20,1.00
2015.04.20 16:21:29.771,1.28385,1.28389,2.14,1.00
2015.04.20 16:21:30.075,1.28386,1.28391,1.20,1.00
2015.04.20 16:21:30.176,1.28386,1.28394,1.20,1.73
2015.04.20 16:21:30.227,1.28386,1.28394,1.85,1.73
2015.04.20 16:21:30.857,1.28387,1.28394,1.75,1.69
2015.04.20 16:21:31.161,1.28385,1.2839,1.75,1.00
2015.04.20 16:21:31.746,1.28384,1.28391,1.12,1.00
2015.04.20 16:21:32.249,1.28384,1.2839,1.12,1.00
2015.04.20 16:21:34.563,1.28387,1.28391,1.00,1.19
2015.04.20 16:21:34.866,1.28388,1.28392,1.75,1.00
2015.04.20 16:21:35.176,1.28389,1.28391,1.00,1.00
2015.04.20 16:21:35.560,1.28388,1.28392,1.75,1.00
2015.04.20 16:21:36.764,1.28388,1.28393,2.25,1.00
2015.04.20 16:21:39.700,1.28389,1.28393,1.75,1.00
2015.04.20 16:21:40.521,1.28389,1.28395,1.75,1.00
2015.04.20 16:21:41.027,1.28389,1.28397,1.12,1.19
2015.04.20 16:21:41.685,1.28389,1.28397,1.12,1.69
2015.04.20 16:21:42.807,1.28392,1.28397,1.12,1.25
2015.04.20 16:21:46.156,1.28392,1.28396,1.12,1.00
2015.04.20 16:21:46.257,1.28392,1.28399,1.12,2.44
2015.04.20 16:21:46.762,1.28393,1.284,1.12,2.44
2015.04.20 16:21:46.914,1.28393,1.28398,1.12,1.50
2015.04.20 16:21:47.270,1.28386,1.28391,1.11,1.50
2015.04.20 16:21:48.065,1.28384,1.2839,2.00,1.00
2015.04.20 16:21:48.575,1.28384,1.28392,1.75,1.25
2015.04.20 16:21:49.266,1.28384,1.28391,1.75,1.00
2015.04.20 16:21:49.799,1.28384,1.2839,1.75,1.00
2015.04.20 16:21:50.408,1.28384,1.28391,1.75,1.00
2015.04.20 16:21:50.960,1.28384,1.2839,1.75,1.00
2015.04.20 16:21:51.902,1.28384,1.2839,1.75,1.37
2015.04.20 16:21:53.665,1.28385,1.2839,1.00,1.37
2015.04.20 16:21:54.560,1.28384,1.2839,1.75,1.37
2015.04.20 16:21:58.623,1.28385,1.28391,1.50,1.62
2015.04.20 16:21:59.128,1.28384,1.28391,1.75,2.81
2015.04.20 16:22:00.580,1.28385,1.28391,1.50,1.87
2015.04.20 16:22:00.722,1.28385,1.28391,1.50,1.87
2015.04.20 16:22:02.145,1.28384,1.2839,3.00,1.12
2015.04.20 16:22:03.137,1.28384,1.2839,2.25,1.12
2015.04.20 16:22:03.675,1.28386,1.2839,1.00,1.12
2015.04.20 16:22:03.905,1.28384,1.28391,1.50,2.62
2015.04.20 16:22:04.858,1.28384,1.28389,1.50,1.37
2015.04.20 16:22:05.409,1.28384,1.28389,1.50,1.37
2015.04.20 16:22:05.561,1.28384,1.28389,1.50,1.37
2015.04.20 16:22:08.517,1.28384,1.2839,2.25,1.62
2015.04.20 16:22:09.032,1.28384,1.2839,2.25,1.87
2015.04.20 16:22:13.588,1.28385,1.2839,1.20,1.37
2015.04.20 16:22:13.690,1.28386,1.28392,1.50,1.87
2015.04.20 16:22:13.841,1.28389,1.28391,1.00,1.37
2015.04.20 16:22:13.943,1.28387,1.2839,2.40,1.12
2015.04.20 16:22:14.645,1.28386,1.28392,1.12,2.62
2015.04.20 16:22:14.898,1.28386,1.28391,1.57,1.37
2015.04.20 16:22:17.962,1.28386,1.28391,1.12,1.50
2015.04.20 16:22:18.474,1.28385,1.2839,3.00,1.87
2015.04.20 16:22:18.979,1.28385,1.2839,1.75,3.37
2015.04.20 16:22:20.036,1.28385,1.28388,1.87,1.00
2015.04.20 16:22:20.188,1.28381,1.28387,2.25,1.37
2015.04.20 16:22:22.633,1.28385,1.28386,1.00,1.12
2015.04.20 16:22:22.736,1.28389,1.28391,1.00,1.00
2015.04.20 16:22:22.823,1.28394,1.28395,1.00,1.66
2015.04.20 16:22:22.874,1.28394,1.28398,1.00,3.16
2015.04.20 16:22:23.127,1.28394,1.284,1.20,1.75
2015.04.20 16:22:23.279,1.28394,1.284,2.25,1.50
2015.04.20 16:22:23.431,1.28395,1.28401,1.50,1.00
2015.04.20 16:22:23.660,1.28395,1.28404,1.87,2.02
2015.04.20 16:22:24.162,1.28396,1.28402,1.45,1.00
2015.04.20 16:22:26.820,1.28396,1.28403,1.45,1.12
2015.04.20 16:22:27.612,1.28396,1.28402,1.45,1.00
2015.04.20 16:22:27.713,1.28395,1.284,2.62,1.00
2015.04.20 16:22:28.017,1.28392,1.28395,1.28,1.37
2015.04.20 16:22:28.523,1.28391,1.28397,1.04,2.06
2015.04.20 16:22:28.980,1.28392,1.28395,1.28,1.37
2015.04.20 16:22:29.496,1.2839,1.28395,1.07,1.37
2015.04.20 16:22:33.061,1.28393,1.28398,1.00,1.62
2015.04.20 16:22:33.162,1.28394,1.28401,1.20,2.81
2015.04.20 16:22:34.520,1.28397,1.284,1.00,1.37
2015.04.20 16:22:34.571,1.28399,1.28401,1.50,1.00
2015.04.20 16:22:34.622,1.28401,1.28403,1.00,1.00
2015.04.20 16:22:34.674,1.28401,1.28406,1.00,1.66
2015.04.20 16:22:35.185,1.28402,1.2841,1.10,2.14
2015.04.20 16:22:35.236,1.28402,1.2841,1.20,2.14
2015.04.20 16:22:35.786,1.28402,1.2841,1.20,1.56
2015.04.20 16:22:36.662,1.28401,1.28409,1.87,1.37
2015.04.20 16:22:36.820,1.284,1.28405,1.45,1.00
2015.04.20 16:22:36.871,1.284,1.28405,1.82,1.00
2015.04.20 16:22:36.922,1.284,1.28405,1.50,1.00
2015.04.20 16:22:37.227,1.28401,1.28404,1.00,1.37
2015.04.20 16:22:37.328,1.28402,1.28408,1.00,1.20
2015.04.20 16:22:37.845,1.28403,1.2841,1.20,1.56
2015.04.20 16:22:39.292,1.28403,1.28407,1.20,1.00
2015.04.20 16:22:40.167,1.28402,1.2841,1.50,2.06
2015.04.20 16:22:41.871,1.28404,1.28411,1.00,1.87
2015.04.20 16:22:42.871,1.28404,1.2841,1.95,1.37
2015.04.20 16:22:51.303,1.28403,1.2841,1.20,2.81
2015.04.20 16:22:51.405,1.28401,1.28409,1.76,1.87
2015.04.20 16:22:51.456,1.28401,1.28409,1.09,2.62
2015.04.20 16:22:51.962,1.28399,1.28405,1.39,1.00
2015.04.20 16:22:52.486,1.28398,1.28402,1.12,1.00
2015.04.20 16:22:53.003,1.28398,1.28403,1.12,1.00
2015.04.20 16:22:55.126,1.28398,1.28405,1.87,1.62
2015.04.20 16:22:56.792,1.28398,1.28405,1.57,1.87
2015.04.20 16:22:56.843,1.28398,1.28405,1.20,1.37
2015.04.20 16:22:58.170,1.28398,1.28402,1.20,1.00
2015.04.20 16:22:59.586,1.28398,1.28404,1.20,2.06
2015.04.20 16:23:00.990,1.28397,1.28404,1.20,1.12
2015.04.20 16:23:01.343,1.28398,1.28405,1.20,1.37
2015.04.20 16:23:01.915,1.28397,1.28405,3.37,1.12
2015.04.20 16:23:12.865,1.28397,1.28405,3.56,2.06
2015.04.20 16:23:15.412,1.28398,1.28404,1.57,1.37
2015.04.20 16:23:19.435,1.28397,1.28404,2.70,1.50
2015.04.20 16:23:19.936,1.28399,1.28404,1.00,1.00
2015.04.20 16:23:21.819,1.28399,1.28405,1.00,1.31
2015.04.20 16:23:22.123,1.28401,1.28405,1.00,1.31
2015.04.20 16:23:23.562,1.28404,1.28406,2.25,1.20
2015.04.20 16:23:23.866,1.28409,1.2841,1.50,1.12
2015.04.20 16:23:24.994,1.28411,1.28412,1.50,1.20
2015.04.20 16:23:26.178,1.28409,1.28411,2.25,1.12
2015.04.20 16:23:28.656,1.28409,1.28411,2.25,1.00
2015.04.20 16:23:29.184,1.28409,1.28411,2.25,1.00
2015.04.20 16:23:29.685,1.28409,1.28411,2.25,1.00
2015.04.20 16:23:30.236,1.2841,1.28411,1.50,1.00
2015.04.20 16:23:30.767,1.28409,1.28411,2.25,1.00
2015.04.20 16:23:31.942,1.2841,1.28411,1.50,1.00
2015.04.20 16:23:32.446,1.28409,1.2841,1.50,1.00
2015.04.20 16:23:32.952,1.28409,1.28411,1.50,1.00
2015.04.20 16:23:33.595,1.28409,1.2841,1.50,1.00
2015.04.20 16:23:34.750,1.28409,1.28411,1.50,1.00
2015.04.20 16:23:35.357,1.28409,1.2841,1.50,1.00
2015.04.20 16:23:36.655,1.28409,1.28411,1.50,1.00
2015.04.20 16:23:37.162,1.28409,1.2841,1.50,1.00
2015.04.20 16:23:37.894,1.28409,1.28411,1.50,1.00
2015.04.20 16:23:38.406,1.28409,1.28411,2.25,1.00
2015.04.20 16:23:38.961,1.28409,1.28411,2.25,1.00
2015.04.20 16:23:39.506,1.28409,1.28411,2.25,1.00
2015.04.20 16:23:40.378,1.28409,1.28411,2.25,1.00
2015.04.20 16:23:40.884,1.28409,1.28411,1.50,1.00
2015.04.20 16:23:41.719,1.28409,1.28413,2.25,3.40
2015.04.20 16:23:41.820,1.28406,1.28411,2.25,1.07
2015.04.20 16:23:44.474,1.28407,1.2841,1.50,1.07
2015.04.20 16:23:46.120,1.28407,1.28411,1.50,1.07
2015.04.20 16:23:48.425,1.28406,1.28413,3.00,3.07
2015.04.20 16:23:50.603,1.28408,1.2841,1.00,1.37
2015.04.20 16:23:51.104,1.28409,1.2841,1.00,1.12
2015.04.20 16:23:55.159,1.28408,1.2841,1.50,1.37
2015.04.20 16:23:56.107,1.28409,1.28414,1.00,2.25
2015.04.20 16:23:59.613,1.28411,1.28415,1.00,1.87
2015.04.20 16:23:59.765,1.28412,1.28416,1.50,1.87
2015.04.20 16:24:00.269,1.28412,1.28416,1.69,1.37
2015.04.20 16:24:00.825,1.28412,1.28416,1.00,1.37
2015.04.20 16:24:01.331,1.2841,1.28415,1.69,1.37
2015.04.20 16:24:02.365,1.2841,1.28415,1.50,1.47
2015.04.20 16:24:02.797,1.28407,1.28412,1.00,1.20
2015.04.20 16:24:02.999,1.28405,1.28412,1.87,1.27
2015.04.20 16:24:04.378,1.28405,1.28411,1.00,1.00
2015.04.20 16:24:04.883,1.28405,1.28412,1.00,1.27
2015.04.20 16:24:05.388,1.28404,1.28412,1.69,2.02
2015.04.20 16:24:07.211,1.28405,1.28412,1.00,2.02
2015.04.20 16:24:16.342,1.28405,1.28411,1.57,1.00
2015.04.20 16:24:17.136,1.28405,1.28411,1.57,1.37
2015.04.20 16:24:18.905,1.28404,1.28412,1.25,2.14
2015.04.20 16:24:19.646,1.28403,1.28409,2.51,1.00
2015.04.20 16:24:19.949,1.28402,1.28407,3.40,1.00
2015.04.20 16:24:20.742,1.28402,1.28407,2.46,1.00
2015.04.20 16:24:20.998,1.28405,1.28407,1.50,1.00
2015.04.20 16:24:21.871,1.28406,1.28408,1.00,1.10
2015.04.20 16:24:22.377,1.28406,1.28407,1.00,1.00
2015.04.20 16:24:22.796,1.28405,1.28408,1.00,1.10
2015.04.20 16:24:23.106,1.28407,1.28409,1.00,3.80
2015.04.20 16:24:23.911,1.28405,1.28409,1.50,2.51
2015.04.20 16:24:24.012,1.28406,1.28408,1.00,1.10
2015.04.20 16:24:24.574,1.28406,1.28408,1.00,1.10
2015.04.20 16:24:25.172,1.28405,1.28408,1.00,1.57
2015.04.20 16:24:25.481,1.28407,1.28409,1.00,1.32
2015.04.20 16:24:25.814,1.28405,1.28409,1.00,1.32
2015.04.20 16:24:26.911,1.28407,1.28409,1.00,1.10
2015.04.20 16:24:27.722,1.28407,1.28409,1.00,1.57
2015.04.20 16:24:28.048,1.28407,1.28409,1.00,1.57
2015.04.20 16:24:29.024,1.28406,1.28407,1.00,1.12
2015.04.20 16:24:29.127,1.28406,1.28407,1.00,1.12
2015.04.20 16:24:29.330,1.28403,1.28405,1.50,1.20
2015.04.20 16:24:29.481,1.28403,1.28404,1.50,1.00
2015.04.20 16:24:29.785,1.28403,1.28404,1.00,1.00
2015.04.20 16:24:29.987,1.28405,1.28406,1.00,1.10
2015.04.20 16:24:30.812,1.28403,1.28404,1.50,1.00
2015.04.20 16:24:31.317,1.28403,1.28404,1.00,1.00
2015.04.20 16:24:31.862,1.28405,1.28407,1.00,2.86
2015.04.20 16:24:32.722,1.28405,1.28406,2.25,2.11
2015.04.20 16:24:33.192,1.28404,1.28405,2.25,1.00
2015.04.20 16:24:33.760,1.28406,1.28409,1.00,1.87
2015.04.20 16:24:33.861,1.28407,1.2841,1.00,1.57
2015.04.20 16:24:34.013,1.28405,1.2841,2.25,1.76
2015.04.20 16:24:34.523,1.28405,1.28408,1.00,1.10
2015.04.20 16:24:34.725,1.28406,1.28408,1.00,1.10
2015.04.20 16:24:35.296,1.28405,1.28408,1.00,1.10
2015.04.20 16:24:35.583,1.28406,1.28408,1.00,1.10
2015.04.20 16:24:36.060,1.28405,1.28408,1.00,1.10
2015.04.20 16:24:36.232,1.28405,1.28408,1.00,1.00
2015.04.20 16:24:36.749,1.28404,1.28408,1.00,2.57
2015.04.20 16:24:37.264,1.28403,1.28407,1.00,1.46
2015.04.20 16:24:37.516,1.28401,1.28407,1.28,2.46
2015.04.20 16:24:37.981,1.28403,1.28406,1.00,3.00
2015.04.20 16:24:38.101,1.284,1.28406,1.50,4.75
2015.04.20 16:24:38.919,1.284,1.28405,1.50,1.50
2015.04.20 16:24:39.273,1.284,1.28405,1.50,2.25
2015.04.20 16:24:40.081,1.284,1.28404,1.50,1.00
2015.04.20 16:24:41.108,1.28399,1.28404,1.50,1.00
2015.04.20 16:24:41.610,1.284,1.28404,1.50,1.00
2015.04.20 16:24:42.152,1.284,1.28405,1.50,1.50
2015.04.20 16:24:42.716,1.28402,1.28405,1.00,1.10
2015.04.20 16:24:43.533,1.28404,1.28407,1.00,1.12
2015.04.20 16:24:43.634,1.28402,1.28408,1.50,2.02
2015.04.20 16:24:43.735,1.28402,1.28407,1.00,1.50
2015.04.20 16:24:43.836,1.284,1.28407,1.00,2.62
2015.04.20 16:24:44.353,1.284,1.28404,1.00,1.50
2015.04.20 16:24:45.006,1.28399,1.28404,1.00,1.50
2015.04.20 16:24:52.328,1.28398,1.28404,1.00,1.69
2015.04.20 16:24:53.934,1.28399,1.28404,1.00,1.69
2015.04.20 16:24:54.203,1.28401,1.28404,1.00,1.69
2015.04.20 16:24:54.506,1.28412,1.28415,2.89,1.29
2015.04.20 16:24:54.636,1.28413,1.2842,1.01,2.41
2015.04.20 16:24:55.349,1.28413,1.2842,1.76,1.91
2015.04.20 16:24:55.852,1.28414,1.28421,1.00,3.43
2015.04.20 16:24:56.362,1.28413,1.28421,1.76,4.17
2015.04.20 16:24:56.724,1.28413,1.28421,1.57,4.17
2015.04.20 16:24:56.927,1.28413,1.28421,1.57,4.17
2015.04.20 16:24:57.028,1.28413,1.28421,1.57,4.18
2015.04.20 16:25:04.089,1.28412,1.28418,1.00,1.12
2015.04.20 16:25:04.442,1.28414,1.2842,1.00,2.81
2015.04.20 16:25:05.319,1.28413,1.2842,1.10,1.62
2015.04.20 16:25:05.919,1.28416,1.2842,1.00,1.87
2015.04.20 16:25:07.320,1.28416,1.2842,1.00,2.06
2015.04.20 16:25:07.852,1.28415,1.2842,1.50,2.06
2015.04.20 16:25:09.062,1.28414,1.2842,1.50,1.62
2015.04.20 16:25:09.610,1.28415,1.2842,1.00,1.37
2015.04.20 16:25:10.235,1.28415,1.28421,1.00,2.06
2015.04.20 16:25:10.337,1.28413,1.28418,1.00,1.12
2015.04.20 16:25:10.847,1.28412,1.28418,1.00,1.57
2015.04.20 16:25:12.143,1.28413,1.28418,1.00,1.31
2015.04.20 16:25:16.764,1.28411,1.28416,1.50,1.37
2015.04.20 16:25:19.446,1.28412,1.28416,1.50,1.37
2015.04.20 16:25:19.598,1.2841,1.28415,1.50,1.46
2015.04.20 16:25:19.801,1.28408,1.28415,3.00,1.76
2015.04.20 16:25:20.258,1.28411,1.28416,1.00,1.76
2015.04.20 16:25:20.360,1.28409,1.28416,1.00,1.76
2015.04.20 16:25:23.880,1.2841,1.28415,1.00,1.47
2015.04.20 16:25:27.895,1.28408,1.28416,3.00,1.37
2015.04.20 16:25:28.433,1.28409,1.28415,1.00,1.37
2015.04.20 16:25:28.952,1.28408,1.28415,1.00,1.37
2015.04.20 16:25:30.882,1.28409,1.28416,1.00,2.06
2015.04.20 16:25:31.416,1.28408,1.28415,1.50,1.62
2015.04.20 16:25:32.581,1.28409,1.28416,1.00,1.69
2015.04.20 16:25:33.152,1.28409,1.28418,1.00,1.76
2015.04.20 16:25:33.999,1.2841,1.2842,1.00,5.60
2015.04.20 16:25:38.272,1.28412,1.28419,1.00,1.39
2015.04.20 16:25:38.795,1.28411,1.28419,1.00,1.39
2015.04.20 16:25:43.774,1.28413,1.2842,1.00,3.73
2015.04.20 16:25:44.291,1.28414,1.2842,1.00,1.60
2015.04.20 16:25:44.952,1.28415,1.2842,1.00,1.85
2015.04.20 16:25:45.455,1.28414,1.2842,1.50,1.85
2015.04.20 16:25:45.986,1.28415,1.2842,1.00,1.31
2015.04.20 16:25:46.296,1.28417,1.2842,1.00,1.85
2015.04.20 16:25:46.448,1.28417,1.2842,1.00,1.17
2015.04.20 16:25:46.499,1.28415,1.2842,1.00,1.17
2015.04.20 16:25:46.853,1.28413,1.28421,6.19,1.39
2015.04.20 16:25:47.338,1.28414,1.28422,1.00,3.07
2015.04.20 16:25:48.201,1.28418,1.28422,1.00,2.32
2015.04.20 16:25:50.788,1.28417,1.28422,1.00,2.32
2015.04.20 16:25:52.128,1.28419,1.28422,1.00,2.51
2015.04.20 16:25:52.663,1.28418,1.28422,1.00,2.51
2015.04.20 16:25:54.718,1.28419,1.28422,1.00,4.01
2015.04.20 16:25:54.819,1.28417,1.28422,1.00,3.94
2015.04.20 16:25:55.772,1.28418,1.28422,1.00,3.94
2015.04.20 16:25:56.282,1.28417,1.28422,1.50,3.94
2015.04.20 16:25:57.728,1.28419,1.28422,1.00,3.75
2015.04.20 16:25:58.229,1.28418,1.28422,1.00,3.75
2015.04.20 16:26:00.036,1.28416,1.2842,1.50,1.00
2015.04.20 16:26:00.239,1.28413,1.2842,1.00,2.59
2015.04.20 16:26:00.813,1.28413,1.28419,1.00,1.20
2015.04.20 16:26:02.473,1.28413,1.28419,1.00,1.69
2015.04.20 16:26:03.466,1.28413,1.28418,1.00,1.20
2015.04.20 16:26:05.467,1.28413,1.28418,1.00,1.39
2015.04.20 16:26:07.612,1.28413,1.28418,1.00,1.65
2015.04.20 16:26:10.625,1.28413,1.28418,1.00,2.59
2015.04.20 16:26:13.590,1.28413,1.28418,1.00,1.09
2015.04.20 16:26:15.604,1.28413,1.28419,1.00,4.69
2015.04.20 16:26:19.602,1.28413,1.28419,1.00,3.94
2015.04.20 16:26:22.922,1.28412,1.28419,1.00,1.69
2015.04.20 16:26:23.032,1.28414,1.28419,1.00,1.69
2015.04.20 16:26:23.723,1.28413,1.28419,1.00,1.69
2015.04.20 16:26:26.185,1.28414,1.28419,1.00,1.69
2015.04.20 16:26:26.488,1.28418,1.28423,1.00,3.50
2015.04.20 16:26:27.013,1.28419,1.28422,1.00,2.25
2015.04.20 16:26:27.534,1.28419,1.28427,1.00,1.69
2015.04.20 16:26:28.054,1.2842,1.28428,1.00,1.29
2015.04.20 16:26:28.256,1.2842,1.28428,1.00,1.01
2015.04.20 16:26:28.840,1.28419,1.28427,1.00,1.00
2015.04.20 16:26:34.069,1.28421,1.28429,1.00,3.64
2015.04.20 16:26:34.774,1.28421,1.28429,1.00,3.94
2015.04.20 16:26:35.622,1.28425,1.28429,1.00,2.44
2015.04.20 16:26:35.925,1.28432,1.28438,1.00,2.86
2015.04.20 16:26:36.027,1.28432,1.2844,1.65,1.54
2015.04.20 16:26:36.229,1.28433,1.28441,1.00,1.63
2015.04.20 16:26:36.763,1.28433,1.28441,1.00,1.09
2015.04.20 16:26:36.966,1.28436,1.28442,1.00,1.20
2015.04.20 16:26:37.278,1.28442,1.28449,1.00,2.04
2015.04.20 16:26:37.329,1.28442,1.28449,1.00,1.00
2015.04.20 16:26:37.380,1.28444,1.28451,1.00,1.85
2015.04.20 16:26:37.885,1.28442,1.2845,1.00,1.00
2015.04.20 16:26:38.188,1.28444,1.28451,1.00,2.06
2015.04.20 16:26:38.695,1.28443,1.28451,1.00,2.25
2015.04.20 16:26:39.207,1.28443,1.28452,1.00,1.27
2015.04.20 16:26:39.710,1.28443,1.28451,1.00,1.00
2015.04.20 16:26:41.262,1.28443,1.28452,1.87,1.65
2015.04.20 16:26:41.565,1.28445,1.28452,1.00,1.65
2015.04.20 16:26:42.463,1.28445,1.28451,1.50,1.00
2015.04.20 16:26:42.986,1.28445,1.28452,1.50,1.20
2015.04.20 16:26:43.889,1.28446,1.28453,1.00,2.70
2015.04.20 16:26:44.394,1.28446,1.28453,1.00,3.07
2015.04.20 16:26:45.772,1.28445,1.28452,1.50,1.20
2015.04.20 16:26:46.278,1.28445,1.28451,1.00,1.00
2015.04.20 16:26:46.793,1.28445,1.2845,1.50,1.00
2015.04.20 16:26:49.253,1.28445,1.28452,1.50,1.76
2015.04.20 16:26:50.091,1.28445,1.2845,1.00,1.22
2015.04.20 16:26:50.596,1.28443,1.2845,1.00,1.00
2015.04.20 16:26:51.116,1.28444,1.28451,1.00,1.50
2015.04.20 16:26:51.654,1.28445,1.28451,1.00,1.50
2015.04.20 16:26:52.213,1.28445,1.28453,1.00,2.51
2015.04.20 16:26:52.878,1.28445,1.28454,1.00,2.62
2015.04.20 16:26:54.016,1.28445,1.28454,1.00,1.87
2015.04.20 16:26:57.178,1.28445,1.28453,1.00,1.27
2015.04.20 16:26:57.684,1.28445,1.28453,1.00,1.57
2015.04.20 16:26:58.189,1.28445,1.28453,1.00,1.65
2015.04.20 16:26:58.694,1.28445,1.28453,1.00,1.65
2015.04.20 16:26:59.195,1.28445,1.28453,1.00,1.65
2015.04.20 16:26:59.780,1.28445,1.28453,1.00,1.65
2015.04.20 16:27:00.786,1.28445,1.28453,1.00,2.21
2015.04.20 16:27:01.249,1.28443,1.28451,1.50,1.00
2015.04.20 16:27:01.754,1.28444,1.2845,1.00,1.00
2015.04.20 16:27:02.298,1.28444,1.28451,1.00,2.06
2015.04.20 16:27:04.231,1.28444,1.28452,1.00,1.17
2015.04.20 16:27:05.243,1.28444,1.28452,1.00,1.39
2015.04.20 16:27:05.698,1.28446,1.28452,1.00,1.39
2015.04.20 16:27:05.799,1.28444,1.28452,1.00,1.27
2015.04.20 16:27:07.220,1.28443,1.28453,2.44,1.87
2015.04.20 16:27:07.732,1.28443,1.28451,2.25,1.00
2015.04.20 16:27:08.323,1.28444,1.28451,1.00,1.00
2015.04.20 16:27:08.979,1.28443,1.28451,3.00,1.00
2015.04.20 16:27:10.382,1.28444,1.28451,1.00,1.00
2015.04.20 16:27:10.886,1.28445,1.28451,1.00,1.00
2015.04.20 16:27:12.021,1.28443,1.28451,1.50,1.00
2015.04.20 16:27:12.990,1.28444,1.28451,1.00,1.00
2015.04.20 16:27:13.512,1.28445,1.28453,1.20,2.06
2015.04.20 16:27:14.026,1.28445,1.28453,1.20,2.06
2015.04.20 16:27:16.048,1.28445,1.28453,1.65,2.06
2015.04.20 16:27:17.249,1.28445,1.28451,1.20,1.00
2015.04.20 16:27:19.011,1.28445,1.2845,1.20,1.00
2015.04.20 16:27:20.631,1.28445,1.28451,1.20,1.00
2015.04.20 16:27:21.136,1.28445,1.28454,1.20,2.06
2015.04.20 16:27:22.037,1.28445,1.28454,1.20,2.06
2015.04.20 16:27:25.346,1.28445,1.28454,1.20,2.06
2015.04.20 16:27:27.346,1.28445,1.28453,1.20,1.25
2015.04.20 16:27:28.348,1.28445,1.28453,1.20,1.19
2015.04.20 16:27:30.051,1.28445,1.28453,1.20,1.25
2015.04.20 16:27:30.485,1.28447,1.28453,1.00,1.25
2015.04.20 16:27:31.040,1.28449,1.28456,1.50,5.23
2015.04.20 16:27:31.091,1.28449,1.28456,1.50,4.10
2015.04.20 16:27:31.142,1.28452,1.28457,1.50,1.85
2015.04.20 16:27:31.294,1.28455,1.2846,1.00,1.00
2015.04.20 16:27:31.597,1.28454,1.28462,3.00,1.10
2015.04.20 16:27:32.152,1.28454,1.28464,3.07,1.57
2015.04.20 16:27:32.695,1.28455,1.28464,1.00,1.39
2015.04.20 16:27:33.151,1.28458,1.28464,1.00,1.39
2015.04.20 16:27:33.818,1.28458,1.28464,1.00,1.39
2015.04.20 16:27:34.327,1.28458,1.28464,1.00,1.39
2015.04.20 16:27:35.256,1.28458,1.28464,1.00,1.39
2015.04.20 16:27:35.807,1.28458,1.28464,1.00,1.39
2015.04.20 16:27:36.318,1.28458,1.28464,1.00,1.39
2015.04.20 16:27:37.052,1.28458,1.28464,1.00,1.57
2015.04.20 16:27:40.958,1.28456,1.28464,1.00,1.10
2015.04.20 16:27:42.513,1.28456,1.28464,1.00,1.39
2015.04.20 16:27:43.019,1.28455,1.28464,1.00,1.39
2015.04.20 16:27:43.070,1.28455,1.28458,1.00,1.00
2015.04.20 16:27:43.373,1.28453,1.28454,1.00,1.00
2015.04.20 16:27:43.424,1.28448,1.28454,1.09,1.00
2015.04.20 16:27:43.475,1.28448,1.28456,1.09,1.12
2015.04.20 16:27:47.872,1.28448,1.28456,1.27,1.31
2015.04.20 16:27:50.403,1.28449,1.28456,1.00,1.25
2015.04.20 16:27:51.279,1.28449,1.28457,1.57,1.25
2015.04.20 16:27:55.926,1.2845,1.28457,1.25,1.00
2015.04.20 16:27:55.977,1.28452,1.28459,1.00,1.76
2015.04.20 16:27:56.280,1.2845,1.28456,1.41,1.00
2015.04.20 16:27:56.591,1.28451,1.28452,1.00,1.00
2015.04.20 16:27:56.794,1.28449,1.28456,1.12,2.06
2015.04.20 16:27:56.896,1.28451,1.28459,1.00,4.31
2015.04.20 16:27:56.947,1.28452,1.28458,1.00,1.20
2015.04.20 16:27:57.099,1.28455,1.2846,6.75,1.93
2015.04.20 16:27:57.301,1.28455,1.28459,6.75,1.31
2015.04.20 16:27:57.403,1.28452,1.28454,7.50,1.00
2015.04.20 16:27:57.454,1.28449,1.28453,7.57,1.00
2015.04.20 16:27:57.505,1.28448,1.28451,8.46,1.00
2015.04.20 16:27:57.707,1.28449,1.28454,7.50,1.76
2015.04.20 16:27:57.758,1.28449,1.28454,7.50,1.10
2015.04.20 16:27:57.910,1.28449,1.2845,6.75,1.00
2015.04.20 16:27:58.113,1.28445,1.28451,1.71,1.00
2015.04.20 16:27:58.684,1.28445,1.28449,1.71,1.00
2015.04.20 16:27:59.089,1.28443,1.28445,1.41,1.50
2015.04.20 16:27:59.342,1.28444,1.28447,1.28,1.00
2015.04.20 16:27:59.545,1.28441,1.2845,1.95,3.35
2015.04.20 16:27:59.646,1.28446,1.2845,1.28,2.23
2015.04.20 16:28:00.147,1.28445,1.28453,5.09,1.69
2015.04.20 16:28:00.652,1.28446,1.28452,1.28,1.19
2015.04.20 16:28:01.862,1.28445,1.28453,3.59,1.00
2015.04.20 16:28:02.014,1.28445,1.28451,2.09,1.00
2015.04.20 16:28:02.317,1.28445,1.28448,1.41,1.00
2015.04.20 16:28:02.823,1.28446,1.28448,1.28,1.50
2015.04.20 16:28:03.682,1.28445,1.28448,1.41,1.00
2015.04.20 16:28:04.284,1.28446,1.28448,1.28,1.00
2015.04.20 16:28:05.072,1.28445,1.28448,1.34,1.00
2015.04.20 16:28:05.401,1.28445,1.28447,1.34,1.00
2015.04.20 16:28:05.604,1.28439,1.28441,1.50,1.00
2015.04.20 16:28:05.909,1.28433,1.28441,1.76,1.50
2015.04.20 16:28:06.011,1.28435,1.28441,1.00,1.00
2015.04.20 16:28:06.315,1.28436,1.28443,1.87,1.65
2015.04.20 16:28:07.223,1.28436,1.28443,1.00,1.87
2015.04.20 16:28:07.686,1.28438,1.28445,1.00,1.50
2015.04.20 16:28:07.888,1.28438,1.28448,3.00,1.66
2015.04.20 16:28:08.342,1.28439,1.28445,2.62,1.00
2015.04.20 16:28:08.796,1.28439,1.28447,2.62,1.00
2015.04.20 16:28:09.351,1.2844,1.28447,1.00,1.00
2015.04.20 16:28:09.503,1.28442,1.28449,1.00,1.20
2015.04.20 16:28:09.858,1.28443,1.2845,3.64,1.00
2015.04.20 16:28:10.161,1.28441,1.28448,1.50,1.00
2015.04.20 16:28:10.643,1.28442,1.2845,1.20,2.79
2015.04.20 16:28:11.097,1.28441,1.28448,2.25,1.00
2015.04.20 16:28:12.549,1.28441,1.28448,1.00,1.50
2015.04.20 16:28:13.970,1.28441,1.28447,1.65,1.00
2015.04.20 16:28:16.742,1.28439,1.28445,2.25,1.00
2015.04.20 16:28:16.996,1.28439,1.28444,1.10,1.00
2015.04.20 16:28:17.612,1.28439,1.28445,1.10,1.00
2015.04.20 16:28:18.742,1.28439,1.28441,1.10,1.00
2015.04.20 16:28:18.893,1.28439,1.28445,2.25,1.00
2015.04.20 16:28:18.944,1.28441,1.28443,1.07,1.50
2015.04.20 16:28:19.045,1.28437,1.28442,1.20,1.00
2015.04.20 16:28:19.248,1.28438,1.28445,2.54,1.29
2015.04.20 16:28:20.133,1.28437,1.28442,1.20,1.00
2015.04.20 16:28:20.436,1.28437,1.2844,1.00,1.50
2015.04.20 16:28:20.538,1.28433,1.2844,2.25,1.50
2015.04.20 16:28:20.892,1.28434,1.28441,1.37,1.25
2015.04.20 16:28:21.196,1.28437,1.28445,3.00,1.79
2015.04.20 16:28:21.551,1.28439,1.28445,1.00,1.25
2015.04.20 16:28:21.703,1.28439,1.28443,1.00,1.00
2015.04.20 16:28:21.956,1.28437,1.28443,1.00,1.50
2015.04.20 16:28:22.502,1.28437,1.28442,1.00,1.00
2015.04.20 16:28:22.984,1.28437,1.28444,1.00,1.00
2015.04.20 16:28:24.311,1.28437,1.28443,1.00,1.00
2015.04.20 16:28:24.412,1.28437,1.28441,1.00,1.00
2015.04.20 16:28:24.513,1.28437,1.28443,1.00,1.50
2015.04.20 16:28:27.546,1.28437,1.28444,1.00,1.69
2015.04.20 16:28:29.325,1.28438,1.28444,1.00,1.00
2015.04.20 16:28:29.901,1.28438,1.28445,1.20,1.69
2015.04.20 16:28:30.054,1.28438,1.28447,1.09,2.44
2015.04.20 16:28:30.567,1.28438,1.28446,1.09,1.00
2015.04.20 16:28:30.920,1.2844,1.28446,1.00,1.00
2015.04.20 16:28:31.223,1.28438,1.28444,1.37,1.50
2015.04.20 16:28:31.274,1.28436,1.28444,1.75,1.50
2015.04.20 16:28:31.325,1.28435,1.28441,3.36,1.00
2015.04.20 16:28:31.830,1.28436,1.28442,2.25,1.00
2015.04.20 16:28:32.133,1.28442,1.28449,1.00,1.36
2015.04.20 16:28:32.234,1.28442,1.2845,1.00,3.00
2015.04.20 16:28:33.008,1.28442,1.28449,1.00,1.10
2015.04.20 16:28:33.527,1.28442,1.28448,1.00,1.00
2015.04.20 16:28:34.032,1.28442,1.28449,1.00,1.57
2015.04.20 16:28:34.511,1.28439,1.28448,2.89,1.00
2015.04.20 16:28:34.562,1.28439,1.28446,1.39,1.00
2015.04.20 16:28:35.705,1.28439,1.28446,1.10,1.50
2015.04.20 16:28:37.151,1.28439,1.28447,1.50,1.00
2015.04.20 16:28:37.657,1.28439,1.28446,1.00,1.50
2015.04.20 16:28:41.665,1.28439,1.28447,1.95,1.00
2015.04.20 16:28:41.867,1.28441,1.28449,1.00,2.32
2015.04.20 16:28:42.372,1.2844,1.28449,1.69,1.10
2015.04.20 16:28:42.864,1.28442,1.28449,1.00,1.10
2015.04.20 16:28:44.471,1.28441,1.28449,1.25,1.57
2015.04.20 16:28:52.475,1.28443,1.28449,1.00,1.00
2015.04.20 16:28:52.979,1.28443,1.2845,1.00,1.25
2015.04.20 16:28:53.686,1.28449,1.2845,1.00,1.00
2015.04.20 16:28:53.787,1.28448,1.28455,2.25,2.86
2015.04.20 16:28:53.838,1.2845,1.28455,1.00,2.86
2015.04.20 16:28:54.040,1.28452,1.2846,1.00,1.64
2015.04.20 16:28:54.444,1.28453,1.28461,1.00,1.95
2015.04.20 16:28:55.075,1.28453,1.28461,1.00,1.20
2015.04.20 16:28:58.970,1.28454,1.28462,1.00,1.50
2015.04.20 16:28:59.173,1.28458,1.28463,1.00,1.50
2015.04.20 16:28:59.427,1.28462,1.2847,1.50,1.00
2015.04.20 16:28:59.934,1.28463,1.28471,1.20,1.25
2015.04.20 16:29:00.467,1.28462,1.2847,1.12,1.00
2015.04.20 16:29:01.009,1.28462,1.2847,1.00,1.00
2015.04.20 16:29:01.690,1.2846,1.28469,3.26,1.00
2015.04.20 16:29:02.508,1.28459,1.28467,2.44,1.00
2015.04.20 16:29:02.812,1.28456,1.28461,1.37,1.74
2015.04.20 16:29:03.065,1.28463,1.28469,1.00,1.66
2015.04.20 16:29:03.166,1.28463,1.28471,1.10,1.31
2015.04.20 16:29:03.278,1.28467,1.28474,1.00,1.87
2015.04.20 16:29:03.480,1.28466,1.28475,1.20,3.15
2015.04.20 16:29:03.682,1.28465,1.28473,1.39,1.00
2015.04.20 16:29:04.086,1.28464,1.28469,1.64,1.00
2015.04.20 16:29:04.239,1.28462,1.28468,1.69,1.00
2015.04.20 16:29:04.766,1.28463,1.2847,1.20,1.00
2015.04.20 16:29:05.273,1.28462,1.28469,1.20,1.00
2015.04.20 16:29:06.001,1.28461,1.28471,3.37,1.65
2015.04.20 16:29:06.102,1.28461,1.28471,2.02,2.25
2015.04.20 16:29:06.305,1.28463,1.28471,1.00,1.50
2015.04.20 16:29:06.999,1.28462,1.2847,1.00,1.20
2015.04.20 16:29:10.183,1.28461,1.28469,1.46,1.00
2015.04.20 16:29:10.688,1.28463,1.28471,1.00,1.50
2015.04.20 16:29:10.840,1.28463,1.28473,1.50,2.44
2015.04.20 16:29:11.749,1.28463,1.28473,2.44,1.50
2015.04.20 16:29:12.753,1.28462,1.28472,2.59,1.20
2015.04.20 16:29:13.756,1.28462,1.28472,1.84,1.20
2015.04.20 16:29:14.009,1.28461,1.2847,1.64,1.00
2015.04.20 16:29:15.041,1.28461,1.2847,1.29,1.10
2015.04.20 16:29:17.063,1.28461,1.2847,1.01,1.10
2015.04.20 16:29:18.119,1.28461,1.28469,1.57,1.00
2015.04.20 16:29:18.641,1.28461,1.28468,1.10,1.00
2015.04.20 16:29:21.410,1.28462,1.2847,1.00,1.10
2015.04.20 16:29:23.316,1.28461,1.28471,1.76,2.70
2015.04.20 16:29:23.417,1.28463,1.28471,1.00,2.70
2015.04.20 16:29:26.046,1.28462,1.2847,1.25,1.20
2015.04.20 16:29:26.579,1.28463,1.28471,1.00,2.14
2015.04.20 16:29:27.550,1.28463,1.28471,1.19,1.20
2015.04.20 16:29:27.854,1.28472,1.28476,1.00,2.41
2015.04.20 16:29:27.905,1.28467,1.28476,1.19,1.50
2015.04.20 16:29:27.956,1.28467,1.28476,1.19,1.87
2015.04.20 16:29:28.461,1.28467,1.28475,1.19,1.50
2015.04.20 16:29:28.663,1.28468,1.28476,1.00,2.25
2015.04.20 16:29:28.715,1.28466,1.28472,1.69,1.00
2015.04.20 16:29:29.639,1.28463,1.28471,1.84,1.00
2015.04.20 16:29:29.891,1.28463,1.2847,1.84,1.00
2015.04.20 16:29:30.093,1.28465,1.2847,1.00,1.00
2015.04.20 16:29:30.297,1.28463,1.28471,1.09,1.00
2015.04.20 16:29:30.894,1.28463,1.2847,1.84,1.00
2015.04.20 16:29:31.432,1.28463,1.28471,1.84,1.00
2015.04.20 16:29:31.998,1.28463,1.2847,1.09,1.00
2015.04.20 16:29:33.248,1.28461,1.28469,6.02,1.00
2015.04.20 16:29:33.551,1.28463,1.28471,1.09,1.50
2015.04.20 16:29:34.055,1.28462,1.2847,2.44,1.00
2015.04.20 16:29:34.838,1.28463,1.28471,1.09,1.00
2015.04.20 16:29:35.904,1.28463,1.28471,1.39,1.00
2015.04.20 16:29:36.413,1.28463,1.28472,1.39,1.20
2015.04.20 16:29:36.936,1.28463,1.28472,1.09,1.20
2015.04.20 16:29:37.872,1.28463,1.28472,1.39,1.20
2015.04.20 16:29:38.419,1.28463,1.28471,1.39,1.00
2015.04.20 16:29:38.948,1.28462,1.2847,1.69,1.00
2015.04.20 16:29:39.459,1.28463,1.28471,1.84,1.00
2015.04.20 16:29:40.009,1.28464,1.28472,1.25,1.20
2015.04.20 16:29:45.563,1.28464,1.28472,1.69,1.20
2015.04.20 16:29:46.499,1.28464,1.28472,2.44,1.20
2015.04.20 16:29:48.547,1.28462,1.2847,4.31,1.00
2015.04.20 16:29:49.060,1.28462,1.28471,1.69,1.00
2015.04.20 16:29:49.575,1.28464,1.28471,1.00,1.00
2015.04.20 16:29:50.160,1.28464,1.2847,1.25,1.00
2015.04.20 16:29:51.366,1.28464,1.28472,1.69,1.65
2015.04.20 16:29:51.900,1.28464,1.28471,1.19,1.00
2015.04.20 16:29:52.622,1.28464,1.28471,1.25,1.00
2015.04.20 16:29:53.127,1.28463,1.2847,1.39,1.00
2015.04.20 16:29:53.653,1.28462,1.2847,1.69,1.00
2015.04.20 16:29:56.483,1.28462,1.2847,1.57,1.10
2015.04.20 16:29:58.379,1.28467,1.28472,1.00,2.81
2015.04.20 16:29:58.581,1.28467,1.28474,1.19,1.50
2015.04.20 16:29:58.633,1.28467,1.28474,1.19,1.87
2015.04.20 16:29:58.734,1.28465,1.28471,1.50,1.75
2015.04.20 16:29:59.240,1.28464,1.2847,1.25,1.50
2015.04.20 16:30:00.248,1.28464,1.2847,1.00,1.00
2015.04.20 16:30:03.504,1.28462,1.2847,1.29,1.00
2015.04.20 16:30:05.368,1.28465,1.2847,1.00,1.00
2015.04.20 16:30:05.749,1.28462,1.28472,1.29,2.89
2015.04.20 16:30:06.294,1.28462,1.28472,1.76,2.70
2015.04.20 16:30:06.395,1.28464,1.28472,1.12,1.95
2015.04.20 16:30:07.152,1.28464,1.28472,1.31,1.95
2015.04.20 16:30:08.183,1.28464,1.28472,1.31,1.20
2015.04.20 16:30:08.938,1.28466,1.28472,1.00,2.70
2015.04.20 16:30:09.573,1.28465,1.28472,1.00,2.70
2015.04.20 16:30:10.425,1.28465,1.2847,1.00,1.50
2015.04.20 16:30:10.960,1.28464,1.28471,1.25,1.10
2015.04.20 16:30:11.367,1.28464,1.28471,1.00,1.87
2015.04.20 16:30:11.885,1.28464,1.28471,1.00,1.20
2015.04.20 16:30:12.418,1.28463,1.28471,1.00,1.20
2015.04.20 16:30:12.934,1.28464,1.28471,1.00,1.20
2015.04.20 16:30:13.861,1.28463,1.2847,1.00,1.57
2015.04.20 16:30:14.164,1.2846,1.28468,2.06,1.00
2015.04.20 16:30:20.158,1.2846,1.28468,1.20,2.44
2015.04.20 16:30:21.161,1.2846,1.28466,1.20,1.00
2015.04.20 16:30:21.364,1.28454,1.2846,1.31,1.50
2015.04.20 16:30:21.466,1.28456,1.28459,1.00,3.15
2015.04.20 16:30:21.971,1.28456,1.28459,1.00,2.70
2015.04.20 16:30:22.518,1.28456,1.28459,1.00,2.40
2015.04.20 16:30:22.790,1.28453,1.2846,1.50,1.50
2015.04.20 16:30:23.643,1.28454,1.2846,1.00,1.50
2015.04.20 16:30:23.980,1.28452,1.28457,1.37,1.00
2015.04.20 16:30:24.284,1.28443,1.28449,4.34,1.50
2015.04.20 16:30:24.536,1.28442,1.28449,1.50,1.12
2015.04.20 16:30:25.468,1.28442,1.2845,1.50,2.32
2015.04.20 16:30:25.991,1.28442,1.28449,1.00,1.75
2015.04.20 16:30:26.294,1.2844,1.28447,1.50,1.20
2015.04.20 16:30:26.799,1.28438,1.28447,1.00,1.50
2015.04.20 16:30:27.330,1.28436,1.28445,2.21,1.00
2015.04.20 16:30:27.840,1.28436,1.28446,2.21,1.65
2015.04.20 16:30:28.820,1.28437,1.28446,1.25,1.39
2015.04.20 16:30:30.155,1.28438,1.28446,1.00,1.39
2015.04.20 16:30:32.130,1.28437,1.28441,1.00,1.00
2015.04.20 16:30:32.383,1.28432,1.28439,1.31,1.10
2015.04.20 16:30:32.433,1.28435,1.28439,1.00,1.10
2015.04.20 16:30:32.585,1.28437,1.28443,1.00,2.04
2015.04.20 16:30:32.636,1.2844,1.28446,1.00,1.39
2015.04.20 16:30:32.787,1.2844,1.28449,1.10,2.30
2015.04.20 16:30:32.838,1.2844,1.28449,1.10,2.14
2015.04.20 16:30:32.889,1.28439,1.28447,1.39,1.50
2015.04.20 16:30:33.882,1.28438,1.28447,1.20,1.50
2015.04.20 16:30:34.336,1.28437,1.28443,3.37,1.00
2015.04.20 16:30:34.640,1.2843,1.28438,1.76,2.32
2015.04.20 16:30:34.741,1.28429,1.28437,1.39,1.00
2015.04.20 16:30:34.791,1.28428,1.28435,1.69,1.00
2015.04.20 16:30:35.307,1.28431,1.28438,1.10,1.50
2015.04.20 16:30:35.711,1.28434,1.28441,1.00,1.20
2015.04.20 16:30:36.216,1.28432,1.2844,1.20,1.00
2015.04.20 16:30:36.519,1.28431,1.28438,1.12,1.00
2015.04.20 16:30:36.620,1.28432,1.2844,1.20,2.25
2015.04.20 16:30:37.138,1.28432,1.28439,1.20,1.00
2015.04.20 16:30:38.243,1.28432,1.2844,1.20,1.50
2015.04.20 16:30:38.748,1.28433,1.28439,1.10,1.00
2015.04.20 16:30:39.296,1.28431,1.2844,1.87,1.00
2015.04.20 16:30:39.701,1.28431,1.28438,1.60,1.00
2015.04.20 16:30:40.100,1.28431,1.2844,2.06,1.50
2015.04.20 16:30:40.625,1.28431,1.28441,1.87,2.51
2015.04.20 16:30:45.334,1.28431,1.28441,2.06,1.76
2015.04.20 16:30:45.838,1.28433,1.28442,1.57,1.29
2015.04.20 16:30:46.440,1.28433,1.28443,3.07,2.89
2015.04.20 16:30:46.744,1.28437,1.28444,1.50,1.20
2015.04.20 16:30:47.047,1.28436,1.28442,1.47,1.00
2015.04.20 16:30:47.552,1.28435,1.28441,1.57,1.00
2015.04.20 16:30:48.459,1.28437,1.28442,1.12,1.00
2015.04.20 16:30:48.973,1.28439,1.28443,1.00,1.00
2015.04.20 16:30:49.504,1.28439,1.28444,1.00,2.44
2015.04.20 16:30:50.161,1.28438,1.28444,1.00,1.25
2015.04.20 16:30:50.867,1.28438,1.28445,1.00,1.76
2015.04.20 16:30:51.460,1.28438,1.28444,1.00,1.00
2015.04.20 16:30:52.005,1.28437,1.28444,1.00,1.00
2015.04.20 16:30:52.513,1.28435,1.28444,1.39,4.69
2015.04.20 16:30:54.153,1.28435,1.28442,1.39,1.00
2015.04.20 16:30:54.459,1.28438,1.28441,1.00,1.00
2015.04.20 16:30:54.560,1.28438,1.28443,1.00,1.69
2015.04.20 16:30:55.655,1.28437,1.28443,1.00,1.00
2015.04.20 16:30:56.539,1.28437,1.28441,1.00,1.00
2015.04.20 16:30:57.228,1.28437,1.28444,1.00,1.19
2015.04.20 16:30:57.329,1.28438,1.28446,1.00,3.19
2015.04.20 16:30:58.959,1.28437,1.28444,1.50,1.00
2015.04.20 16:30:59.854,1.28437,1.28445,2.25,1.00
2015.04.20 16:31:00.006,1.28437,1.28444,2.62,1.00
2015.04.20 16:31:00.470,1.28438,1.28447,1.20,2.44
2015.04.20 16:31:01.300,1.28437,1.28447,3.37,2.44
2015.04.20 16:31:01.810,1.28439,1.28445,1.10,1.00
2015.04.20 16:31:02.433,1.28439,1.28444,1.10,1.00
2015.04.20 16:31:03.637,1.28439,1.28443,1.10,1.00
2015.04.20 16:31:04.377,1.28441,1.28443,1.00,1.00
2015.04.20 16:31:05.357,1.28441,1.28442,1.00,1.00
2015.04.20 16:31:07.317,1.28439,1.28442,1.20,1.00
2015.04.20 16:31:07.368,1.28439,1.28441,1.20,1.00
2015.04.20 16:31:07.670,1.28437,1.28439,1.10,1.00
2015.04.20 16:31:08.434,1.28438,1.28439,1.00,1.00
2015.04.20 16:31:08.687,1.28432,1.28436,2.46,1.00
2015.04.20 16:31:09.142,1.28434,1.28436,1.00,1.00
2015.04.20 16:31:09.990,1.28432,1.28436,1.87,1.00
2015.04.20 16:31:10.196,1.28436,1.28438,1.00,1.00
2015.04.20 16:31:10.247,1.28436,1.28439,1.00,1.29
2015.04.20 16:31:10.760,1.28437,1.2844,1.00,1.00
2015.04.20 16:31:11.412,1.28437,1.28441,1.00,1.50
2015.04.20 16:31:12.261,1.28437,1.2844,1.00,1.00
2015.04.20 16:31:12.767,1.28437,1.28441,1.00,1.00
2015.04.20 16:31:13.271,1.28434,1.28439,2.06,1.00
2015.04.20 16:31:13.372,1.28434,1.28439,1.01,1.00
2015.04.20 16:31:14.026,1.28436,1.28439,1.00,1.00
2015.04.20 16:31:14.603,1.28435,1.28439,1.00,1.00
2015.04.20 16:31:14.805,1.28433,1.28438,1.00,1.00
2015.04.20 16:31:14.855,1.28433,1.28436,1.00,1.00
2015.04.20 16:31:15.158,1.28432,1.28435,1.20,1.00
2015.04.20 16:31:15.485,1.28433,1.28436,1.00,1.00
2015.04.20 16:31:16.010,1.28434,1.28437,1.10,1.00
2015.04.20 16:31:16.554,1.28434,1.28436,1.10,1.00
2015.04.20 16:31:16.861,1.28434,1.28438,1.10,1.29
2015.04.20 16:31:17.392,1.28434,1.28436,1.10,1.00
2015.04.20 16:31:17.897,1.28435,1.2844,1.10,2.79
2015.04.20 16:31:18.200,1.28435,1.28442,1.50,1.25
2015.04.20 16:31:20.697,1.28436,1.28441,1.20,1.00
2015.04.20 16:31:22.290,1.28436,1.28439,1.00,1.00
2015.04.20 16:31:23.423,1.28433,1.28439,2.06,1.00
2015.04.20 16:31:23.964,1.28433,1.2844,1.87,1.50
2015.04.20 16:31:25.288,1.28433,1.28437,1.87,1.00
2015.04.20 16:31:25.591,1.28429,1.28432,1.76,1.00
2015.04.20 16:31:26.069,1.28431,1.28433,1.00,1.50
2015.04.20 16:31:26.577,1.28431,1.28432,1.00,1.00
2015.04.20 16:31:27.163,1.2843,1.28431,1.00,1.00
2015.04.20 16:31:27.897,1.28431,1.28434,1.00,2.04
2015.04.20 16:31:30.752,1.2843,1.28434,1.00,1.00
2015.04.20 16:31:31.772,1.28429,1.28434,1.25,1.00
2015.04.20 16:31:33.270,1.28431,1.28434,1.00,1.00
2015.04.20 16:31:34.681,1.28431,1.28433,1.00,1.00
2015.04.20 16:31:34.984,1.28428,1.28429,1.12,1.00
2015.04.20 16:31:35.489,1.28428,1.2843,1.12,1.00
2015.04.20 16:31:35.994,1.28428,1.28431,1.12,1.00
2015.04.20 16:31:36.487,1.28427,1.28433,1.37,1.44
2015.04.20 16:31:36.588,1.28426,1.28433,1.00,1.44
2015.04.20 16:31:36.690,1.28426,1.28431,1.00,1.00
2015.04.20 16:31:37.193,1.28426,1.28432,1.00,1.00
2015.04.20 16:31:37.695,1.28426,1.28429,1.00,1.00
2015.04.20 16:31:38.206,1.28427,1.28429,1.00,1.00
2015.04.20 16:31:38.906,1.28428,1.28429,1.00,1.00
2015.04.20 16:31:39.260,1.28427,1.28431,1.00,1.29
2015.04.20 16:31:39.361,1.28424,1.28431,1.56,1.00
2015.04.20 16:31:39.615,1.28427,1.28434,1.00,1.66
2015.04.20 16:31:39.818,1.28429,1.28435,1.00,1.00
2015.04.20 16:31:39.869,1.28429,1.28439,1.00,1.87
2015.04.20 16:31:39.920,1.28431,1.28439,1.00,1.50
2015.04.20 16:31:40.021,1.28428,1.28438,5.74,1.10
2015.04.20 16:31:40.325,1.28431,1.28439,1.00,1.20
2015.04.20 16:31:41.598,1.28431,1.2844,2.44,2.25
2015.04.20 16:31:41.924,1.28431,1.28437,1.25,1.50
2015.04.20 16:31:42.228,1.28427,1.2843,1.50,1.00
2015.04.20 16:31:42.531,1.28427,1.28433,1.12,1.50
2015.04.20 16:31:42.632,1.28427,1.28431,1.00,1.00
2015.04.20 16:31:43.178,1.28426,1.28431,1.00,1.00
2015.04.20 16:31:44.013,1.28426,1.2843,1.00,1.00
2015.04.20 16:31:44.945,1.28424,1.2843,1.26,1.00
2015.04.20 16:31:45.409,1.28421,1.28427,2.06,1.00
2015.04.20 16:31:45.713,1.28422,1.28425,1.00,1.00
2015.04.20 16:31:46.253,1.2842,1.28425,1.39,1.00
2015.04.20 16:31:46.304,1.2842,1.28427,1.39,1.50
2015.04.20 16:31:46.848,1.28422,1.28427,1.00,1.00
2015.04.20 16:31:47.587,1.28422,1.28428,1.00,1.50
2015.04.20 16:31:48.113,1.28422,1.28426,1.00,1.00
2015.04.20 16:31:50.143,1.28422,1.28427,1.00,1.50
2015.04.20 16:31:50.446,1.28419,1.28424,1.29,2.25
2015.04.20 16:31:50.749,1.28422,1.28424,1.00,2.25
2015.04.20 16:31:51.201,1.28419,1.28423,1.19,1.00
2015.04.20 16:31:51.732,1.28419,1.28423,1.10,1.00
2015.04.20 16:31:52.298,1.28419,1.28423,1.20,1.00
2015.04.20 16:31:52.814,1.28419,1.28424,1.20,1.50
2015.04.20 16:31:53.728,1.28419,1.28422,1.20,1.50
2015.04.20 16:31:54.079,1.28418,1.2842,1.12,1.00
2015.04.20 16:31:55.556,1.28419,1.2842,1.00,1.00
2015.04.20 16:31:56.060,1.28419,1.28421,1.00,2.25
2015.04.20 16:31:59.232,1.28419,1.28421,1.00,3.00
2015.04.20 16:32:03.963,1.28419,1.2842,1.00,1.00
2015.04.20 16:32:04.467,1.28419,1.28421,1.00,2.04
2015.04.20 16:32:05.846,1.28417,1.28418,1.20,1.00
2015.04.20 16:32:07.166,1.28418,1.2842,1.00,1.00
2015.04.20 16:32:09.806,1.28417,1.2842,1.20,1.00
2015.04.20 16:32:11.779,1.28417,1.28422,1.20,1.00
2015.04.20 16:32:14.208,1.28418,1.28422,1.00,1.00
2015.04.20 16:32:14.460,1.28418,1.2842,1.00,1.50
2015.04.20 16:32:19.147,1.28419,1.2842,1.00,1.50
2015.04.20 16:32:19.359,1.28415,1.2842,2.00,1.50
2015.04.20 16:32:19.461,1.28415,1.28416,1.00,1.00
2015.04.20 16:32:19.512,1.28413,1.28416,1.57,1.00
2015.04.20 16:32:19.562,1.28413,1.28415,1.50,1.50
2015.04.20 16:32:19.867,1.28409,1.28411,1.00,1.00
2015.04.20 16:32:20.473,1.28411,1.28413,1.00,1.00
2015.04.20 16:32:20.828,1.28411,1.28413,1.00,1.50
2015.04.20 16:32:23.015,1.2841,1.28415,1.00,1.29
2015.04.20 16:32:23.218,1.28413,1.28417,1.00,2.04
2015.04.20 16:32:23.571,1.28409,1.28415,1.00,1.50
2015.04.20 16:32:23.622,1.28409,1.28413,1.00,1.50
2015.04.20 16:32:23.947,1.28409,1.28411,1.00,1.00
2015.04.20 16:32:23.998,1.28409,1.28413,1.00,1.00
2015.04.20 16:32:24.545,1.28408,1.28413,1.00,1.50
2015.04.20 16:32:25.448,1.2841,1.28413,1.00,1.00
2015.04.20 16:32:26.013,1.28412,1.28416,1.00,1.50
2015.04.20 16:32:26.215,1.28412,1.28418,1.00,1.76
2015.04.20 16:32:26.442,1.28414,1.28418,1.00,1.69
2015.04.20 16:32:27.115,1.28414,1.28419,1.00,1.50
2015.04.20 16:32:28.783,1.28414,1.28422,1.50,4.55
2015.04.20 16:32:28.834,1.28414,1.28422,1.50,3.88
2015.04.20 16:32:28.986,1.2842,1.28423,1.00,2.62
2015.04.20 16:32:29.088,1.2842,1.28426,1.00,1.36
2015.04.20 16:32:29.139,1.2842,1.28426,1.00,1.29
2015.04.20 16:32:29.190,1.2842,1.28425,1.00,1.12
2015.04.20 16:32:29.241,1.2842,1.28425,1.00,1.37
2015.04.20 16:32:29.775,1.28419,1.28424,1.00,1.00
2015.04.20 16:32:30.573,1.28419,1.28422,1.00,1.50
2015.04.20 16:32:31.078,1.2842,1.28423,1.00,1.50
2015.04.20 16:32:31.594,1.28419,1.28421,1.00,1.00
2015.04.20 16:32:31.645,1.28418,1.28421,1.00,1.00
2015.04.20 16:32:32.157,1.28419,1.28421,1.00,1.00
2015.04.20 16:32:32.733,1.2842,1.28424,1.00,1.50
2015.04.20 16:32:33.732,1.2842,1.28426,1.00,1.25
2015.04.20 16:32:37.379,1.2842,1.28424,1.00,1.00
2015.04.20 16:32:37.682,1.28414,1.28418,1.10,1.50
2015.04.20 16:32:37.834,1.28414,1.2842,1.00,1.50
2015.04.20 16:32:38.087,1.28412,1.2842,1.20,1.00
2015.04.20 16:32:38.592,1.28411,1.28421,1.50,3.19
2015.04.20 16:32:42.101,1.28414,1.28421,1.00,2.44
2015.04.20 16:32:42.802,1.28414,1.2842,1.00,1.00
2015.04.20 16:32:44.209,1.28414,1.28419,1.00,1.00
2015.04.20 16:32:44.261,1.28411,1.28419,1.69,1.00
2015.04.20 16:32:44.773,1.28412,1.2842,1.20,1.00
2015.04.20 16:32:47.249,1.28412,1.28419,1.20,1.00
2015.04.20 16:32:48.356,1.28413,1.2842,1.00,1.50
2015.04.20 16:32:48.861,1.28413,1.28421,1.50,2.77
2015.04.20 16:32:49.114,1.28413,1.28419,1.00,1.00
2015.04.20 16:32:50.627,1.28413,1.28421,1.00,2.56
2015.04.20 16:32:50.883,1.28413,1.28419,1.00,1.00
2015.04.20 16:32:51.369,1.28413,1.28421,1.50,2.77
2015.04.20 16:32:53.299,1.28412,1.28421,1.20,2.77
2015.04.20 16:32:53.401,1.28411,1.28419,1.50,1.00
2015.04.20 16:32:53.931,1.28411,1.28418,1.20,1.00
2015.04.20 16:32:54.440,1.28412,1.28419,1.20,1.00
2015.04.20 16:32:54.743,1.28407,1.28412,2.62,1.87
2015.04.20 16:32:54.794,1.28407,1.28412,1.50,1.87
2015.04.20 16:32:55.308,1.28407,1.28412,1.00,1.37
2015.04.20 16:32:56.526,1.28407,1.28412,1.00,1.75
2015.04.20 16:32:56.628,1.28406,1.28411,1.20,1.87
2015.04.20 16:32:57.335,1.28404,1.28411,1.20,1.50
2015.04.20 16:32:59.559,1.28405,1.28413,1.10,1.87
2015.04.20 16:33:01.232,1.28412,1.28414,1.00,2.44
2015.04.20 16:33:01.536,1.28411,1.28413,1.00,1.87
2015.04.20 16:33:01.637,1.28409,1.28411,1.66,1.00
2015.04.20 16:33:01.688,1.28408,1.28409,1.71,1.00
2015.04.20 16:33:01.738,1.28408,1.28409,1.71,1.00
2015.04.20 16:33:01.789,1.28406,1.28408,1.00,1.00
2015.04.20 16:33:02.296,1.28404,1.28405,1.00,1.00
2015.04.20 16:33:03.316,1.28405,1.28407,1.00,1.00
2015.04.20 16:33:03.833,1.28405,1.28408,1.00,1.00
2015.04.20 16:33:04.360,1.28406,1.28408,1.00,1.00
2015.04.20 16:33:04.462,1.28407,1.28408,1.00,1.00
2015.04.20 16:33:04.766,1.28415,1.28416,1.10,1.29
2015.04.20 16:33:05.073,1.28405,1.28406,2.25,1.00
2015.04.20 16:33:05.124,1.28402,1.28404,1.67,1.50
2015.04.20 16:33:05.226,1.28397,1.284,1.34,1.25
2015.04.20 16:33:05.278,1.28398,1.28401,1.28,1.12
2015.04.20 16:33:05.441,1.284,1.28401,1.00,1.12
2015.04.20 16:33:05.746,1.28401,1.28405,1.00,1.66
2015.04.20 16:33:05.948,1.28398,1.28403,1.20,1.37
2015.04.20 16:33:06.557,1.28397,1.28403,1.09,1.87
2015.04.20 16:33:06.708,1.28399,1.28403,1.00,1.87
2015.04.20 16:33:06.759,1.28401,1.28405,1.00,3.54
2015.04.20 16:33:06.810,1.28403,1.28405,1.00,2.04
2015.04.20 16:33:07.063,1.28407,1.2841,1.50,1.66
2015.04.20 16:33:08.231,1.28406,1.28408,1.50,1.00
2015.04.20 16:33:08.920,1.28407,1.28408,1.00,1.00
2015.04.20 16:33:09.174,1.28402,1.28407,1.00,1.47
2015.04.20 16:33:09.276,1.28398,1.28402,2.09,1.87
2015.04.20 16:33:09.377,1.28401,1.28402,1.00,1.12
2015.04.20 16:33:09.478,1.28401,1.28405,1.00,2.62
2015.04.20 16:33:09.580,1.28401,1.28405,1.00,3.00
2015.04.20 16:33:09.631,1.28398,1.28402,2.06,1.87
2015.04.20 16:33:09.682,1.28401,1.28402,1.00,2.62
2015.04.20 16:33:10.439,1.28399,1.28401,1.00,1.87
2015.04.20 16:33:10.605,1.28396,1.28399,1.25,1.87
2015.04.20 16:33:10.808,1.284,1.28401,3.94,2.41
2015.04.20 16:33:10.912,1.28403,1.28405,1.50,1.12
2015.04.20 16:33:11.015,1.28405,1.28408,2.25,1.91
2015.04.20 16:33:11.117,1.28405,1.28406,1.50,1.12
2015.04.20 16:33:11.168,1.28403,1.28406,1.39,1.87
2015.04.20 16:33:11.320,1.28404,1.28406,1.00,4.87
2015.04.20 16:33:11.472,1.28401,1.28403,1.00,2.62
2015.04.20 16:33:11.574,1.284,1.28402,1.00,8.06
2015.04.20 16:33:11.675,1.28398,1.28399,1.50,1.87
2015.04.20 16:33:14.315,1.28399,1.28404,1.00,2.77
2015.04.20 16:33:15.370,1.28399,1.28401,1.00,1.00
2015.04.20 16:33:15.421,1.28397,1.28401,1.00,1.37
2015.04.20 16:33:16.346,1.28398,1.28405,1.00,3.64
2015.04.20 16:33:16.548,1.28399,1.28407,1.10,2.62
2015.04.20 16:33:16.599,1.28403,1.28407,1.00,1.37
2015.04.20 16:33:16.771,1.28403,1.28406,1.00,1.00
2015.04.20 16:33:16.822,1.28403,1.2841,1.00,2.41
2015.04.20 16:33:16.923,1.28403,1.2841,1.00,1.00
2015.04.20 16:33:16.974,1.28403,1.28408,1.00,1.00
2015.04.20 16:33:17.428,1.28402,1.28407,1.00,1.87
2015.04.20 16:33:18.033,1.28401,1.28407,1.25,1.37
2015.04.20 16:33:18.386,1.28401,1.28404,1.25,1.87
2015.04.20 16:33:18.589,1.28397,1.284,1.69,1.12
2015.04.20 16:33:18.741,1.28396,1.284,1.16,1.37
2015.04.20 16:33:18.792,1.28396,1.284,1.30,1.37
2015.04.20 16:33:19.356,1.28394,1.284,2.65,1.37
2015.04.20 16:33:19.861,1.28394,1.28396,1.28,1.00
2015.04.20 16:33:20.124,1.28391,1.28399,1.00,3.19
2015.04.20 16:33:20.528,1.28389,1.28395,3.94,1.00
2015.04.20 16:33:20.731,1.28389,1.28398,3.19,3.16
2015.04.20 16:33:21.254,1.28391,1.28398,1.50,2.62
2015.04.20 16:33:21.780,1.2839,1.28398,1.65,1.66
2015.04.20 16:33:22.835,1.28391,1.28399,1.00,3.35
2015.04.20 16:33:25.102,1.28389,1.28395,1.10,2.62
2015.04.20 16:33:25.254,1.28389,1.28395,1.00,1.37
2015.04.20 16:33:25.355,1.28388,1.28395,1.76,3.37
2015.04.20 16:33:25.860,1.28387,1.28395,2.44,3.45
2015.04.20 16:33:26.019,1.28387,1.28393,2.25,1.37
2015.04.20 16:33:30.492,1.28387,1.2839,1.00,1.37
2015.04.20 16:33:30.795,1.28385,1.28388,1.00,1.12
2015.04.20 16:33:30.846,1.28385,1.28386,1.00,1.00
2015.04.20 16:33:30.897,1.28381,1.28386,2.62,1.00
2015.04.20 16:33:31.029,1.28382,1.28383,1.00,1.50
2015.04.20 16:33:31.131,1.28381,1.28387,1.00,1.57
2015.04.20 16:33:31.333,1.28381,1.28387,1.00,2.11
2015.04.20 16:33:33.255,1.28382,1.28385,1.00,1.00
2015.04.20 16:33:33.957,1.28382,1.28387,1.00,2.14
2015.04.20 16:33:34.209,1.2838,1.28387,1.00,2.70
2015.04.20 16:33:34.260,1.28382,1.28389,1.00,1.50
2015.04.20 16:33:34.564,1.28384,1.2839,3.00,1.91
2015.04.20 16:33:34.867,1.28386,1.2839,1.00,1.37
2015.04.20 16:33:35.372,1.28386,1.2839,1.00,1.37
2015.04.20 16:33:35.921,1.28386,1.2839,1.00,1.37
2015.04.20 16:33:36.224,1.28388,1.2839,1.00,1.12
2015.04.20 16:33:36.628,1.28387,1.28391,1.00,1.37
2015.04.20 16:33:39.517,1.28384,1.28389,1.00,1.37
2015.04.20 16:33:39.618,1.28382,1.2839,1.90,1.95
2015.04.20 16:33:39.871,1.28382,1.28389,1.00,2.51
2015.04.20 16:33:39.921,1.28386,1.28389,1.00,1.57
2015.04.20 16:33:40.277,1.28382,1.28388,1.25,1.37
2015.04.20 16:33:41.236,1.28381,1.28389,1.50,1.47
2015.04.20 16:33:41.841,1.28381,1.28389,1.50,1.47
2015.04.20 16:33:42.368,1.28381,1.28388,1.00,1.87
2015.04.20 16:33:42.986,1.28382,1.28385,1.00,1.37
2015.04.20 16:33:43.544,1.28381,1.28385,1.00,1.37
2015.04.20 16:33:43.848,1.2838,1.28384,1.25,1.87
2015.04.20 16:33:47.435,1.2838,1.28384,1.00,1.87
2015.04.20 16:33:50.174,1.2838,1.28384,1.00,1.87
2015.04.20 16:33:53.895,1.2838,1.28384,1.50,1.87
2015.04.20 16:33:53.996,1.28383,1.28384,1.00,1.87
2015.04.20 16:33:54.049,1.28383,1.28385,1.00,1.37
2015.04.20 16:33:54.151,1.28382,1.28386,1.20,1.37
2015.04.20 16:33:54.253,1.28382,1.28386,1.10,1.87
2015.04.20 16:33:54.455,1.2838,1.28386,1.25,2.32
2015.04.20 16:33:55.125,1.28379,1.28385,1.25,2.70
2015.04.20 16:33:55.630,1.2838,1.28385,1.00,1.37
2015.04.20 16:33:56.160,1.28379,1.28381,1.00,1.12
2015.04.20 16:33:56.867,1.28378,1.28381,2.51,1.12
2015.04.20 16:33:59.622,1.28379,1.28386,1.00,1.37
2015.04.20 16:34:00.591,1.2838,1.28386,1.00,1.37
2015.04.20 16:34:00.642,1.28382,1.28386,1.00,1.37
2015.04.20 16:34:01.152,1.28381,1.28386,1.00,1.37
2015.04.20 16:34:01.717,1.28382,1.28385,1.00,1.37
2015.04.20 16:34:01.825,1.28379,1.28385,1.00,1.37
2015.04.20 16:34:02.078,1.28379,1.28385,1.00,1.37
2015.04.20 16:34:02.590,1.28378,1.28385,2.44,1.47
2015.04.20 16:34:03.095,1.28378,1.28385,2.44,1.47
2015.04.20 16:34:05.016,1.28381,1.28385,1.00,1.47
2015.04.20 16:34:05.168,1.2838,1.28385,1.00,1.87
2015.04.20 16:34:05.269,1.28375,1.28384,1.90,1.50
2015.04.20 16:34:05.320,1.28375,1.28383,1.19,2.32
2015.04.20 16:34:05.859,1.28377,1.28382,1.00,1.47
2015.04.20 16:34:06.873,1.28376,1.28382,1.00,1.37
2015.04.20 16:34:10.556,1.28376,1.28383,1.00,1.84
2015.04.20 16:34:10.859,1.28378,1.28381,1.00,1.37
2015.04.20 16:34:11.383,1.28377,1.28381,1.00,1.37
2015.04.20 16:34:11.687,1.28375,1.2838,1.00,1.37
2015.04.20 16:34:12.288,1.28377,1.2838,1.00,1.50
2015.04.20 16:34:12.591,1.28372,1.28375,1.50,1.37
2015.04.20 16:34:13.115,1.28377,1.2838,1.00,4.76
2015.04.20 16:34:13.217,1.28376,1.28377,1.00,1.87
2015.04.20 16:34:13.350,1.28376,1.28378,1.00,1.37
2015.04.20 16:34:13.401,1.28373,1.2838,1.00,2.23
2015.04.20 16:34:13.502,1.28373,1.28381,1.00,2.89
2015.04.20 16:34:14.145,1.28372,1.28381,1.76,2.89
2015.04.20 16:34:15.246,1.28372,1.2838,1.76,1.50
2015.04.20 16:34:15.944,1.2837,1.28375,2.51,1.37
2015.04.20 16:34:16.045,1.2837,1.28376,1.25,1.12
2015.04.20 16:34:16.247,1.28374,1.28379,1.00,2.44
2015.04.20 16:34:18.107,1.28374,1.2838,1.25,2.25
2015.04.20 16:34:19.620,1.28374,1.28375,1.00,1.00
2015.04.20 16:34:20.215,1.28373,1.28375,1.00,2.62
2015.04.20 16:34:20.417,1.2837,1.28374,2.59,1.87
2015.04.20 16:34:20.872,1.28368,1.28374,2.44,1.87
2015.04.20 16:34:21.414,1.28367,1.28376,1.20,3.94
2015.04.20 16:34:21.927,1.28368,1.28376,1.00,4.48
2015.04.20 16:34:22.521,1.2837,1.28375,1.00,2.44
2015.04.20 16:34:22.622,1.28368,1.28375,1.00,2.44
2015.04.20 16:34:22.723,1.28367,1.28369,1.20,1.00
2015.04.20 16:34:22.774,1.28366,1.28368,1.00,1.00
2015.04.20 16:34:22.825,1.28365,1.28366,1.00,1.00
2015.04.20 16:34:22.977,1.28357,1.28365,1.34,1.87
2015.04.20 16:34:23.091,1.2836,1.28364,1.12,1.50
2015.04.20 16:34:23.395,1.28372,1.28373,1.00,1.22
2015.04.20 16:34:23.565,1.2837,1.28376,2.25,1.91
2015.04.20 16:34:23.670,1.2837,1.28373,2.25,1.22
2015.04.20 16:34:24.171,1.2837,1.28375,1.50,1.37
2015.04.20 16:34:24.736,1.28372,1.28375,1.00,1.37
2015.04.20 16:34:25.071,1.28371,1.28373,1.00,1.00
2015.04.20 16:34:25.122,1.28372,1.28376,1.00,1.87
2015.04.20 16:34:25.246,1.28373,1.28375,1.00,1.37
2015.04.20 16:34:25.348,1.28377,1.2838,1.00,2.41
2015.04.20 16:34:25.449,1.28378,1.28382,2.25,2.04
2015.04.20 16:34:25.602,1.28382,1.28383,1.00,1.22
2015.04.20 16:34:26.015,1.2838,1.28383,1.00,1.22
2015.04.20 16:34:26.292,1.28381,1.28385,1.25,1.91
2015.04.20 16:34:26.837,1.28378,1.28386,1.69,1.87
2015.04.20 16:34:27.341,1.28379,1.28385,1.69,1.37
2015.04.20 16:34:28.389,1.28377,1.28385,4.69,1.75
2015.04.20 16:34:28.490,1.28378,1.28381,1.19,1.00
2015.04.20 16:34:28.591,1.28378,1.28386,1.19,2.25
2015.04.20 16:34:28.894,1.28378,1.28385,1.25,1.75
2015.04.20 16:34:29.424,1.28379,1.28385,1.00,1.37
2015.04.20 16:34:29.577,1.28379,1.28381,1.00,1.00
2015.04.20 16:34:29.679,1.28379,1.28385,1.00,1.57
2015.04.20 16:34:30.439,1.28377,1.28385,2.40,1.57
2015.04.20 16:34:31.293,1.28377,1.28383,1.39,1.12
2015.04.20 16:34:31.394,1.28377,1.28381,1.39,1.00
2015.04.20 16:34:31.495,1.28378,1.28385,1.25,1.12
2015.04.20 16:34:33.497,1.28377,1.28381,1.84,1.00
2015.04.20 16:34:33.809,1.28377,1.2838,1.09,1.37
2015.04.20 16:34:34.112,1.28377,1.28382,1.00,4.81
2015.04.20 16:34:34.528,1.28377,1.2838,1.00,1.37
2015.04.20 16:34:35.095,1.28376,1.28381,1.00,1.87
2015.04.20 16:34:35.297,1.28374,1.28379,1.28,2.21
2015.04.20 16:34:35.398,1.28371,1.28378,1.00,2.81
2015.04.20 16:34:35.911,1.28371,1.28378,1.00,2.81
2015.04.20 16:34:37.045,1.28371,1.28378,1.00,1.56
2015.04.20 16:34:37.580,1.28371,1.28378,1.00,1.56
2015.04.20 16:34:38.117,1.28371,1.28375,1.00,1.12
2015.04.20 16:34:38.269,1.28373,1.28375,1.00,1.12
2015.04.20 16:34:38.572,1.28377,1.2838,1.00,1.37
2015.04.20 16:34:38.834,1.28375,1.28381,1.25,1.37
2015.04.20 16:34:39.142,1.28375,1.2838,1.25,1.37
2015.04.20 16:34:39.496,1.28375,1.28376,1.00,1.12
2015.04.20 16:34:40.008,1.28374,1.28377,1.50,1.87
2015.04.20 16:34:41.425,1.28375,1.28377,1.00,1.87
2015.04.20 16:34:42.581,1.28376,1.28377,1.00,1.00
2015.04.20 16:34:43.772,1.28374,1.28378,1.50,2.32
2015.04.20 16:34:48.104,1.28372,1.28378,1.50,3.07
2015.04.20 16:34:48.356,1.28374,1.28378,1.00,2.32
2015.04.20 16:34:49.704,1.28372,1.28378,1.00,3.26
2015.04.20 16:34:50.555,1.2837,1.28378,1.69,3.26
2015.04.20 16:34:51.209,1.2837,1.28377,1.25,1.00
2015.04.20 16:34:51.262,1.2837,1.28376,1.25,1.37
2015.04.20 16:34:51.414,1.28368,1.28374,1.00,2.62
2015.04.20 16:34:51.516,1.28365,1.28371,2.21,1.37
2015.04.20 16:34:52.019,1.28362,1.2837,2.14,1.37
2015.04.20 16:34:52.478,1.28362,1.2837,2.14,1.37
2015.04.20 16:34:53.033,1.28362,1.2837,1.69,2.02
2015.04.20 16:34:54.840,1.28366,1.2837,1.00,1.57
2015.04.20 16:34:55.930,1.28363,1.2837,1.69,1.57
2015.04.20 16:34:57.721,1.28364,1.28372,1.12,1.50
2015.04.20 16:34:57.772,1.28364,1.28373,1.87,1.00
2015.04.20 16:34:57.824,1.28364,1.28371,1.12,1.50
2015.04.20 16:34:58.126,1.28367,1.28374,1.00,1.00
2015.04.20 16:34:59.020,1.28366,1.28374,1.57,1.00
2015.04.20 16:35:00.145,1.28366,1.28373,1.10,1.00
2015.04.20 16:35:00.397,1.28366,1.28374,2.25,1.12
2015.04.20 16:35:00.700,1.28367,1.28372,1.50,1.00
2015.04.20 16:35:00.801,1.28367,1.28375,1.50,1.37
2015.04.20 16:35:01.309,1.28366,1.28373,2.25,1.50
2015.04.20 16:35:02.198,1.28366,1.28374,2.25,1.00
2015.04.20 16:35:02.249,1.28366,1.28374,1.10,1.37
2015.04.20 16:35:05.728,1.28369,1.28373,1.00,1.37
2015.04.20 16:35:05.779,1.2837,1.28373,1.00,1.00
2015.04.20 16:35:05.931,1.28372,1.28375,1.00,1.37
2015.04.20 16:35:06.311,1.2837,1.28376,1.65,1.50
2015.04.20 16:35:07.175,1.28369,1.28372,1.50,1.37
2015.04.20 16:35:07.427,1.28368,1.28373,1.00,1.87
2015.04.20 16:35:07.528,1.28366,1.28373,2.59,1.87
2015.04.20 16:35:08.062,1.28367,1.28373,1.00,1.87
2015.04.20 16:35:08.594,1.28366,1.28373,1.84,1.87
2015.04.20 16:35:09.194,1.28366,1.28373,1.84,1.87
2015.04.20 16:35:10.182,1.28366,1.28373,1.65,1.87
2015.04.20 16:35:10.686,1.28367,1.28373,1.00,1.87
2015.04.20 16:35:11.418,1.28368,1.28373,1.00,1.87
2015.04.20 16:35:12.670,1.28369,1.28371,1.00,1.37
2015.04.20 16:35:19.628,1.28371,1.28372,1.00,1.12
2015.04.20 16:35:19.731,1.28371,1.28372,1.00,1.00
2015.04.20 16:35:19.782,1.28371,1.28375,1.00,1.65
2015.04.20 16:35:21.385,1.28373,1.28376,1.00,1.37
2015.04.20 16:35:27.445,1.28371,1.28375,1.69,1.37
2015.04.20 16:35:29.456,1.28373,1.28375,1.00,1.37
2015.04.20 16:35:29.507,1.28373,1.28375,1.19,1.00
2015.04.20 16:35:29.608,1.28376,1.2838,1.00,1.95
2015.04.20 16:35:30.115,1.28371,1.2838,3.47,1.95
2015.04.20 16:35:30.165,1.28376,1.2838,1.00,1.95
2015.04.20 16:35:30.471,1.28377,1.2838,1.00,1.37
2015.04.20 16:35:30.522,1.28373,1.28381,2.65,3.07
2015.04.20 16:35:30.624,1.28371,1.28375,2.32,1.00
2015.04.20 16:35:30.726,1.2837,1.28374,1.28,2.06
2015.04.20 16:35:30.777,1.28365,1.28372,1.28,1.10
2015.04.20 16:35:30.979,1.28363,1.28371,1.76,1.00
2015.04.20 16:35:31.484,1.28364,1.28372,1.00,1.57
2015.04.20 16:35:31.636,1.28362,1.28372,1.69,3.00
2015.04.20 16:35:32.601,1.28362,1.2837,1.25,1.20
2015.04.20 16:35:34.485,1.28363,1.2837,1.00,1.20
2015.04.20 16:35:35.033,1.28361,1.2837,2.59,1.20
2015.04.20 16:35:35.662,1.28361,1.28369,1.39,1.00
2015.04.20 16:35:37.281,1.28362,1.2837,1.25,1.20
2015.04.20 16:35:37.791,1.28361,1.28369,1.09,1.00
2015.04.20 16:35:40.976,1.2836,1.28368,2.44,1.00
2015.04.20 16:35:42.822,1.2836,1.28366,2.25,1.00
2015.04.20 16:35:43.125,1.28353,1.28361,1.57,2.25
2015.04.20 16:35:43.176,1.28352,1.28359,2.11,1.00
2015.04.20 16:35:43.428,1.28351,1.2836,1.00,3.45
2015.04.20 16:35:43.934,1.28352,1.2836,1.00,1.20
2015.04.20 16:35:44.465,1.28352,1.2836,1.10,1.10
2015.04.20 16:35:45.803,1.28352,1.2836,1.00,1.50
2015.04.20 16:35:46.313,1.28351,1.28359,3.00,1.20
2015.04.20 16:35:46.869,1.28351,1.28358,1.00,1.00
2015.04.20 16:35:48.416,1.28351,1.28357,1.00,1.00
2015.04.20 16:35:51.571,1.28349,1.28357,1.69,1.00
2015.04.20 16:35:53.485,1.28355,1.2836,1.00,2.25
2015.04.20 16:35:53.638,1.28358,1.28363,1.00,1.00
2015.04.20 16:35:54.212,1.28358,1.28366,2.25,1.87
2015.04.20 16:36:00.965,1.28359,1.28366,1.00,1.20
2015.04.20 16:36:01.472,1.2836,1.28368,1.00,3.75
2015.04.20 16:36:01.990,1.28359,1.28367,1.69,1.50
2015.04.20 16:36:07.027,1.28357,1.28365,3.75,1.00
2015.04.20 16:36:07.545,1.28358,1.28364,1.20,1.00
2015.04.20 16:36:10.603,1.28358,1.28366,1.20,3.34
2015.04.20 16:36:10.704,1.28358,1.28364,1.20,1.00
2015.04.20 16:36:11.720,1.28358,1.28363,1.20,1.00
2015.04.20 16:36:11.822,1.28358,1.28365,1.20,2.25
2015.04.20 16:36:13.210,1.28359,1.28365,1.00,1.00
2015.04.20 16:36:14.443,1.28359,1.28364,1.00,1.00
2015.04.20 16:36:14.544,1.28359,1.28362,1.00,1.00
2015.04.20 16:36:15.818,1.28358,1.28363,1.20,1.50
2015.04.20 16:36:21.218,1.28357,1.28363,1.00,1.25
2015.04.20 16:36:22.259,1.28357,1.28362,1.00,1.00
2015.04.20 16:36:22.360,1.28357,1.28364,1.00,1.00
2015.04.20 16:36:22.422,1.28361,1.28364,1.00,1.00
2015.04.20 16:36:22.524,1.2836,1.28364,1.00,1.00
2015.04.20 16:36:22.877,1.28361,1.28364,1.00,1.00
2015.04.20 16:36:23.130,1.28362,1.28369,1.50,3.56
2015.04.20 16:36:23.181,1.28366,1.28369,1.00,1.64
2015.04.20 16:36:23.333,1.28369,1.28373,1.00,1.61
2015.04.20 16:36:23.563,1.2837,1.28376,1.00,2.98
2015.04.20 16:36:24.083,1.28369,1.28377,1.00,3.26
2015.04.20 16:36:24.537,1.28369,1.28377,1.00,1.70
2015.04.20 16:36:26.451,1.2837,1.28377,1.00,1.70
2015.04.20 16:36:30.230,1.28368,1.28374,1.69,1.00
2015.04.20 16:36:30.282,1.2837,1.28376,1.25,1.57
2015.04.20 16:36:31.474,1.28369,1.28377,1.00,1.95
2015.04.20 16:36:31.769,1.28367,1.28374,1.39,1.00
2015.04.20 16:36:32.275,1.28368,1.28376,1.01,1.95
2015.04.20 16:36:33.936,1.28369,1.28376,1.00,1.10
2015.04.20 16:36:35.890,1.2837,1.28377,1.00,2.70
2015.04.20 16:36:36.392,1.28369,1.28377,1.00,2.70
2015.04.20 16:36:37.936,1.28369,1.28377,1.25,2.89
2015.04.20 16:36:44.089,1.2837,1.28377,1.00,1.70
2015.04.20 16:36:45.581,1.28373,1.28378,1.00,2.06
2015.04.20 16:36:45.783,1.28369,1.28377,1.84,2.96
2015.04.20 16:36:45.986,1.28369,1.28373,1.00,1.56
2015.04.20 16:36:46.087,1.28365,1.2837,2.25,1.45
2015.04.20 16:36:46.289,1.28366,1.28368,1.12,1.10
2015.04.20 16:36:46.391,1.28367,1.2837,1.12,1.12
2015.04.20 16:36:46.442,1.28367,1.28372,1.12,2.06
2015.04.20 16:36:46.745,1.28365,1.28372,1.00,2.06
2015.04.20 16:36:46.847,1.28365,1.28373,1.50,1.84
2015.04.20 16:36:46.897,1.28368,1.28374,1.00,1.64
2015.04.20 16:36:47.201,1.28366,1.28374,1.00,2.06
2015.04.20 16:36:47.454,1.28371,1.28374,1.00,1.45
2015.04.20 16:36:47.656,1.28373,1.28378,1.50,1.12
2015.04.20 16:36:47.960,1.28369,1.28375,1.15,1.37
2015.04.20 16:36:48.372,1.28372,1.28375,1.00,1.87
2015.04.20 16:36:48.675,1.28379,1.28381,1.00,1.12
2015.04.20 16:36:49.225,1.28379,1.28381,1.00,1.37
2015.04.20 16:36:49.490,1.28375,1.2838,1.25,1.37
2015.04.20 16:36:49.692,1.28378,1.28379,1.00,1.00
2015.04.20 16:36:50.203,1.28377,1.28382,1.00,3.37
2015.04.20 16:36:50.862,1.28379,1.28382,1.00,1.12
2015.04.20 16:36:50.914,1.28376,1.28382,2.25,1.12
2015.04.20 16:36:51.067,1.28378,1.28385,1.00,1.69
2015.04.20 16:36:51.375,1.2838,1.28385,1.00,1.69
2015.04.20 16:36:51.476,1.28378,1.28385,1.00,1.69
2015.04.20 16:36:53.333,1.28377,1.28385,1.76,1.62
2015.04.20 16:36:54.333,1.28377,1.28385,1.29,1.37
2015.04.20 16:36:55.296,1.28377,1.28385,1.01,1.62
2015.04.20 16:36:56.841,1.28378,1.28385,1.00,1.62
2015.04.20 16:36:57.426,1.28377,1.28385,1.76,1.62
2015.04.20 16:37:00.188,1.28376,1.28384,2.51,1.39
2015.04.20 16:37:02.590,1.28376,1.2838,1.57,1.00
2015.04.20 16:37:02.894,1.28371,1.28378,1.00,3.94
2015.04.20 16:37:02.995,1.28368,1.28378,1.69,3.94
2015.04.20 16:37:04.679,1.28373,1.28377,1.00,1.01
2015.04.20 16:37:05.085,1.2837,1.28378,1.00,1.76
2015.04.20 16:37:05.338,1.28372,1.28377,1.00,1.01
2015.04.20 16:37:05.843,1.28371,1.28377,1.00,1.76
2015.04.20 16:37:05.963,1.28369,1.28377,1.69,1.76
2015.04.20 16:37:06.949,1.28369,1.28377,1.00,2.51
2015.04.20 16:37:09.628,1.28368,1.28377,3.00,1.76
2015.04.20 16:37:10.496,1.2837,1.28377,1.00,1.01
2015.04.20 16:37:11.729,1.28369,1.28377,1.25,1.01
2015.04.20 16:37:12.789,1.28368,1.28373,1.19,1.00
2015.04.20 16:37:12.840,1.28365,1.28372,3.45,1.00
2015.04.20 16:37:12.891,1.28365,1.2837,1.95,1.00
2015.04.20 16:37:12.941,1.28363,1.2837,1.84,1.00
2015.04.20 16:37:13.245,1.28365,1.28373,1.00,1.76
2015.04.20 16:37:13.498,1.28363,1.28371,1.57,1.00
2015.04.20 16:37:13.701,1.28361,1.28369,2.59,1.00
2015.04.20 16:37:13.903,1.2836,1.28368,1.01,1.00
2015.04.20 16:37:14.408,1.28359,1.28367,1.39,1.00
2015.04.20 16:37:14.963,1.28359,1.28366,1.29,1.00
2015.04.20 16:37:15.064,1.28358,1.28364,1.20,1.00
2015.04.20 16:37:15.115,1.28355,1.28362,1.20,1.00
2015.04.20 16:37:15.620,1.28353,1.28361,3.19,1.00
2015.04.20 16:37:16.144,1.28356,1.28363,1.00,1.20
2015.04.20 16:37:16.245,1.28354,1.28362,2.25,1.00
2015.04.20 16:37:16.759,1.28354,1.28362,1.00,1.50
2015.04.20 16:37:17.448,1.28355,1.28362,1.50,1.00
2015.04.20 16:37:17.962,1.28354,1.28362,1.00,1.87
2015.04.20 16:37:18.013,1.28353,1.2836,1.10,1.00
2015.04.20 16:37:18.114,1.2835,1.2836,3.40,1.00
2015.04.20 16:37:18.669,1.2835,1.28359,2.44,1.00
2015.04.20 16:37:18.720,1.2835,1.28356,1.69,1.00
2015.04.20 16:37:18.872,1.28349,1.28355,1.00,1.00
2015.04.20 16:37:18.973,1.2835,1.28357,1.00,1.84
2015.04.20 16:37:19.629,1.28349,1.28356,1.50,1.00
2015.04.20 16:37:20.133,1.28348,1.28353,1.00,1.00
2015.04.20 16:37:20.436,1.28349,1.28351,1.00,1.00
2015.04.20 16:37:20.689,1.28349,1.28353,1.00,1.50
2015.04.20 16:37:21.214,1.28349,1.28355,1.50,1.20
2015.04.20 16:37:21.267,1.28351,1.28356,1.00,1.76
2015.04.20 16:37:21.317,1.28351,1.28356,1.00,1.09
2015.04.20 16:37:21.419,1.28351,1.28354,1.00,1.00
2015.04.20 16:37:21.621,1.28351,1.28356,1.00,1.65
2015.04.20 16:37:22.165,1.28351,1.28355,1.00,1.00
2015.04.20 16:37:22.673,1.2835,1.28356,1.00,1.00
2015.04.20 16:37:23.224,1.2835,1.28357,1.00,1.10
2015.04.20 16:37:23.731,1.28351,1.28359,1.00,3.56
2015.04.20 16:37:23.833,1.28353,1.2836,1.00,1.26
2015.04.20 16:37:24.338,1.28353,1.28361,1.00,1.87
2015.04.20 16:37:25.233,1.28356,1.28362,1.00,1.87
2015.04.20 16:37:25.537,1.28357,1.28364,2.25,1.75
2015.04.20 16:37:25.588,1.28357,1.28367,2.25,3.00
2015.04.20 16:37:25.639,1.28359,1.28367,1.00,3.00
2015.04.20 16:37:28.811,1.2836,1.28367,1.00,2.25
2015.04.20 16:37:29.013,1.28361,1.28367,1.50,1.00
2015.04.20 16:37:29.215,1.28359,1.28368,1.20,1.20
2015.04.20 16:37:29.823,1.2836,1.28368,1.00,1.20
2015.04.20 16:37:31.151,1.28359,1.28367,1.20,1.00
2015.04.20 16:37:31.663,1.2836,1.28367,1.20,1.00
2015.04.20 16:37:31.966,1.28356,1.28363,1.20,1.00
2015.04.20 16:37:32.470,1.28356,1.28364,1.50,3.15
2015.04.20 16:37:32.975,1.28357,1.28366,1.00,1.39
2015.04.20 16:37:33.356,1.28359,1.28366,1.00,1.39
2015.04.20 16:37:33.865,1.28358,1.28366,1.00,2.14
2015.04.20 16:37:35.272,1.28358,1.28364,1.00,1.00
2015.04.20 16:37:35.785,1.28359,1.28364,1.00,1.00
2015.04.20 16:37:36.464,1.28359,1.28365,1.00,1.10
2015.04.20 16:37:37.769,1.28358,1.28366,1.00,2.32
2015.04.20 16:37:38.275,1.28359,1.28367,1.10,3.00
2015.04.20 16:37:38.426,1.2836,1.2837,1.00,5.51
2015.04.20 16:37:38.771,1.2836,1.28366,1.00,1.00
2015.04.20 16:37:38.872,1.2836,1.28368,1.00,1.00
2015.04.20 16:37:39.505,1.2836,1.28366,1.00,1.00
2015.04.20 16:37:40.047,1.28359,1.28367,1.10,3.75
2015.04.20 16:37:40.351,1.28358,1.28365,1.20,1.00
2015.04.20 16:37:40.966,1.28358,1.28366,1.57,1.50
2015.04.20 16:37:41.480,1.28357,1.28365,1.87,1.00
2015.04.20 16:37:43.346,1.28356,1.2836,1.75,1.00
2015.04.20 16:37:43.498,1.28352,1.28358,3.00,2.25
2015.04.20 16:37:43.549,1.28352,1.28356,2.25,1.50
2015.04.20 16:37:43.600,1.2835,1.28356,1.12,3.00
2015.04.20 16:37:44.105,1.28348,1.28356,1.12,2.25
2015.04.20 16:37:45.566,1.28348,1.28356,1.37,2.25
2015.04.20 16:37:46.551,1.28352,1.28356,1.00,1.00
2015.04.20 16:37:46.602,1.28352,1.28359,1.00,1.93
2015.04.20 16:37:46.653,1.28355,1.28359,1.00,1.74
2015.04.20 16:37:46.704,1.28355,1.28362,1.00,3.94
2015.04.20 16:37:46.805,1.28354,1.28362,1.00,1.01
2015.04.20 16:37:46.957,1.2835,1.2836,2.06,1.00
2015.04.20 16:37:47.058,1.28353,1.28361,1.00,1.20
2015.04.20 16:37:48.561,1.28353,1.28363,1.00,1.50
2015.04.20 16:37:48.865,1.28355,1.28363,1.00,1.50
2015.04.20 16:37:49.376,1.28354,1.28362,2.25,1.65
2015.04.20 16:37:49.983,1.28354,1.28361,1.50,1.00
2015.04.20 16:37:50.287,1.28351,1.28356,1.00,1.00
2015.04.20 16:37:50.337,1.28346,1.28356,2.14,1.00
2015.04.20 16:37:50.439,1.28351,1.28356,1.00,1.00
2015.04.20 16:37:50.970,1.28351,1.28357,1.00,1.10
2015.04.20 16:37:51.327,1.28353,1.28361,1.00,4.12
2015.04.20 16:37:51.530,1.28353,1.28361,1.50,1.57
2015.04.20 16:37:52.557,1.28355,1.28363,1.00,2.62
2015.04.20 16:37:54.495,1.28355,1.28364,1.00,1.12
2015.04.20 16:37:54.800,1.28359,1.28365,1.00,1.12
2015.04.20 16:37:54.901,1.28357,1.28365,2.25,1.87
2015.04.20 16:37:54.952,1.28357,1.28367,3.00,2.06
2015.04.20 16:37:55.288,1.28359,1.28367,1.00,2.06
2015.04.20 16:37:55.828,1.28358,1.28365,1.00,1.10
2015.04.20 16:37:56.487,1.28362,1.28367,1.00,1.12
2015.04.20 16:37:56.740,1.28365,1.28373,1.25,1.00
2015.04.20 16:37:56.994,1.28361,1.28369,2.06,1.00
2015.04.20 16:37:57.509,1.2836,1.2837,1.19,4.12
2015.04.20 16:37:58.231,1.28362,1.2837,1.50,1.20
2015.04.20 16:38:00.201,1.28363,1.28371,1.00,2.25
2015.04.20 16:38:00.921,1.28363,1.28371,1.00,1.10
2015.04.20 16:38:01.440,1.28364,1.28372,1.00,2.14
2015.04.20 16:38:01.592,1.28366,1.28371,1.00,1.00
2015.04.20 16:38:01.694,1.28366,1.28374,1.00,2.25
2015.04.20 16:38:02.250,1.28366,1.28376,1.69,1.20
2015.04.20 16:38:02.301,1.28368,1.28376,1.00,1.20
2015.04.20 16:38:03.569,1.28369,1.28376,1.00,1.09
2015.04.20 16:38:04.089,1.28368,1.28376,1.00,1.25
2015.04.20 16:38:04.640,1.28368,1.28376,1.19,1.00
2015.04.20 16:38:06.402,1.28368,1.28376,1.25,1.69
2015.04.20 16:38:08.218,1.28368,1.28375,1.25,1.00
2015.04.20 16:38:08.764,1.28369,1.28376,1.00,1.00
2015.04.20 16:38:08.915,1.28369,1.28378,1.10,1.76
2015.04.20 16:38:09.218,1.28368,1.28376,1.95,1.00
2015.04.20 16:38:09.472,1.28368,1.28378,1.20,1.01
2015.04.20 16:38:09.522,1.28368,1.28376,1.20,1.00
2015.04.20 16:38:10.781,1.28368,1.28377,1.39,2.25
2015.04.20 16:38:11.429,1.28368,1.28376,1.39,1.00
2015.04.20 16:38:12.528,1.28368,1.28377,1.20,1.50
2015.04.20 16:38:12.980,1.28374,1.28377,1.00,1.00
2015.04.20 16:38:13.132,1.28376,1.2838,1.00,1.00
2015.04.20 16:38:13.183,1.28374,1.2838,3.07,1.00
2015.04.20 16:38:13.284,1.28374,1.28384,1.95,1.87
2015.04.20 16:38:13.596,1.28374,1.28381,1.95,1.25
2015.04.20 16:38:13.647,1.28373,1.28381,1.50,1.25
2015.04.20 16:38:14.155,1.28372,1.2838,1.10,1.00
2015.04.20 16:38:15.305,1.2837,1.28378,3.19,1.00
2015.04.20 16:38:15.609,1.2837,1.2838,1.09,1.84
2015.04.20 16:38:16.632,1.2837,1.2838,1.84,1.09
2015.04.20 16:38:17.612,1.2837,1.2838,1.84,1.39
2015.04.20 16:38:19.620,1.2837,1.2838,1.65,1.39
2015.04.20 16:38:20.594,1.2837,1.2838,1.84,1.39
2015.04.20 16:38:21.621,1.2837,1.2838,1.65,1.39
2015.04.20 16:38:22.598,1.2837,1.2838,1.84,1.39
2015.04.20 16:38:25.429,1.28373,1.28381,1.00,2.44
2015.04.20 16:38:25.913,1.28371,1.28379,1.69,1.25
2015.04.20 16:38:26.014,1.28371,1.28377,1.25,1.00
2015.04.20 16:38:26.419,1.28368,1.28379,2.81,1.69
2015.04.20 16:38:27.417,1.2837,1.2838,1.09,1.39
2015.04.20 16:38:27.788,1.2837,1.2838,1.09,1.76
2015.04.20 16:38:29.122,1.28368,1.28376,2.25,1.37
2015.04.20 16:38:29.172,1.28368,1.28376,1.20,1.87
2015.04.20 16:38:29.678,1.28369,1.28375,1.00,1.37
2015.04.20 16:38:31.633,1.2837,1.28375,1.00,1.37
2015.04.20 16:38:31.887,1.2837,1.28375,2.25,1.37
2015.04.20 16:38:32.190,1.28372,1.28379,1.00,2.02
2015.04.20 16:38:32.695,1.28371,1.28379,1.25,3.37
2015.04.20 16:38:35.104,1.2837,1.28378,2.51,2.06
2015.04.20 16:38:35.927,1.28371,1.28378,1.00,1.62
2015.04.20 16:38:39.863,1.2837,1.28378,2.51,1.87
2015.04.20 16:38:40.217,1.28372,1.28379,1.00,1.87
2015.04.20 16:38:40.982,1.28372,1.2838,1.50,2.06
2015.04.20 16:38:41.524,1.28372,1.28381,1.50,1.47
2015.04.20 16:38:41.628,1.28374,1.28381,1.00,1.47
2015.04.20 16:38:42.028,1.28371,1.2838,1.76,1.37
2015.04.20 16:38:42.535,1.28372,1.2838,1.25,2.06
2015.04.20 16:38:43.845,1.28374,1.2838,1.00,1.62
2015.04.20 16:38:44.253,1.28371,1.2838,1.29,1.62
2015.04.20 16:38:48.555,1.28371,1.28379,1.10,1.37
2015.04.20 16:38:50.153,1.28372,1.2838,1.00,1.62
2015.04.20 16:38:52.833,1.28371,1.2838,1.10,1.37
2015.04.20 16:38:53.364,1.2837,1.2838,1.76,5.06
2015.04.20 16:38:54.383,1.2837,1.28378,1.39,1.37
2015.04.20 16:38:54.941,1.2837,1.28378,1.39,1.37
2015.04.20 16:38:55.200,1.28369,1.28376,1.31,1.37
2015.04.20 16:38:55.360,1.28368,1.28376,1.84,1.37
2015.04.20 16:38:57.083,1.28369,1.28376,1.00,1.37
2015.04.20 16:38:57.631,1.28368,1.28375,1.20,1.37
2015.04.20 16:38:58.195,1.28368,1.28375,1.20,1.00
2015.04.20 16:39:03.163,1.28367,1.28373,1.12,1.00
2015.04.20 16:39:03.466,1.28364,1.28371,3.94,1.37
2015.04.20 16:39:03.974,1.28364,1.2837,1.69,1.37
2015.04.20 16:39:07.551,1.28361,1.28368,2.65,1.12
2015.04.20 16:39:07.653,1.28361,1.28366,1.00,2.25
2015.04.20 16:39:07.758,1.28359,1.28366,1.86,2.25
2015.04.20 16:39:17.545,1.28358,1.28366,1.19,1.95
2015.04.20 16:39:17.810,1.28357,1.28366,1.00,3.19
2015.04.20 16:39:18.323,1.28356,1.28365,1.84,2.62
2015.04.20 16:39:18.735,1.28357,1.28364,1.00,1.57
2015.04.20 16:39:18.937,1.28357,1.28365,1.00,4.50
2015.04.20 16:39:19.038,1.28356,1.28365,1.25,4.87
2015.04.20 16:39:19.693,1.28356,1.28359,1.00,1.12
2015.04.20 16:39:19.996,1.28351,1.28357,1.34,2.25
2015.04.20 16:39:20.423,1.28352,1.28357,1.28,2.25
2015.04.20 16:39:20.524,1.2835,1.28357,1.28,2.25
2015.04.20 16:39:22.178,1.28349,1.28357,1.69,2.25
2015.04.20 16:39:22.818,1.2835,1.28357,1.00,2.25
2015.04.20 16:39:24.845,1.2835,1.28357,1.00,1.65
2015.04.20 16:39:28.885,1.2835,1.28357,1.12,2.06
2015.04.20 16:39:31.079,1.28351,1.28356,1.00,1.07
2015.04.20 16:39:31.584,1.2835,1.28356,1.50,1.07
2015.04.20 16:39:32.091,1.2835,1.28357,1.00,1.12
2015.04.20 16:39:34.396,1.2835,1.28356,1.25,1.07
2015.04.20 16:39:40.647,1.28348,1.28356,1.69,1.07
2015.04.20 16:39:42.841,1.28348,1.28356,1.00,1.07
2015.04.20 16:39:43.197,1.2835,1.28356,1.00,1.07
2015.04.20 16:39:43.501,1.28355,1.28361,1.00,3.26
2015.04.20 16:39:43.653,1.28355,1.28362,2.25,1.22
2015.04.20 16:39:43.754,1.28355,1.28361,3.75,1.12
2015.04.20 16:39:43.855,1.28359,1.28366,1.00,1.29
2015.04.20 16:39:44.108,1.28362,1.28366,1.00,1.29
2015.04.20 16:39:44.412,1.28359,1.28366,1.50,1.50
2015.04.20 16:39:44.615,1.28359,1.2837,3.07,4.50
2015.04.20 16:39:44.766,1.28362,1.28371,1.00,3.19
2015.04.20 16:39:45.273,1.28363,1.2837,1.00,1.29
2015.04.20 16:39:45.817,1.28362,1.2837,3.00,1.45
2015.04.20 16:39:48.760,1.28361,1.2837,1.25,2.25
2015.04.20 16:39:49.063,1.28363,1.28372,1.50,2.44
2015.04.20 16:39:49.367,1.28368,1.28378,1.50,2.62
2015.04.20 16:39:49.875,1.28369,1.28378,2.02,1.45
2015.04.20 16:39:50.489,1.28369,1.28378,2.96,1.45
2015.04.20 16:39:52.513,1.28368,1.28377,1.19,2.32
2015.04.20 16:39:53.036,1.28368,1.28377,1.25,2.51
2015.04.20 16:39:59.801,1.28368,1.28377,1.19,2.51
2015.04.20 16:40:01.046,1.28368,1.28377,1.00,2.32
2015.04.20 16:40:02.767,1.28367,1.28377,1.57,3.07
2015.04.20 16:40:03.302,1.28367,1.28377,1.76,3.26
2015.04.20 16:40:03.605,1.28368,1.28369,1.00,1.00
2015.04.20 16:40:03.656,1.28366,1.28369,1.00,1.37
2015.04.20 16:40:04.170,1.28367,1.2837,1.00,1.87
2015.04.20 16:40:04.879,1.28364,1.2837,1.25,1.37
2015.04.20 16:40:05.387,1.28363,1.28366,1.00,1.37
2015.04.20 16:40:05.961,1.28362,1.28363,1.50,1.00
2015.04.20 16:40:06.416,1.28362,1.28366,1.50,1.37
2015.04.20 16:40:08.533,1.28362,1.28366,2.44,1.87
2015.04.20 16:40:08.988,1.2836,1.28362,1.87,2.62
2015.04.20 16:40:09.139,1.28362,1.28365,1.50,1.22
2015.04.20 16:40:09.442,1.28362,1.28365,1.50,1.66
2015.04.20 16:40:09.543,1.28362,1.28365,1.50,1.12
2015.04.20 16:40:10.072,1.28363,1.28365,2.25,1.12
2015.04.20 16:40:13.015,1.28364,1.28365,1.00,1.12
2015.04.20 16:40:13.721,1.2836,1.28363,2.46,2.62
2015.04.20 16:40:13.927,1.28353,1.28355,1.21,1.12
2015.04.20 16:40:14.094,1.28353,1.28355,1.50,1.37
2015.04.20 16:40:15.874,1.28351,1.28352,1.00,1.00
2015.04.20 16:40:15.924,1.2835,1.28351,1.50,1.12
2015.04.20 16:40:15.975,1.2835,1.28351,2.25,1.12
2015.04.20 16:40:16.229,1.28349,1.28351,1.50,1.87
2015.04.20 16:40:16.431,1.2835,1.28352,2.25,2.41
2015.04.20 16:40:17.465,1.2835,1.28355,3.94,1.37
2015.04.20 16:40:19.519,1.2835,1.28352,3.19,1.87
2015.04.20 16:40:19.823,1.2835,1.28351,1.50,1.12
2015.04.20 16:40:20.381,1.28348,1.28351,1.00,1.37
2015.04.20 16:40:20.432,1.28348,1.28349,1.00,1.12
2015.04.20 16:40:20.533,1.28343,1.28345,1.57,1.37
2015.04.20 16:40:21.041,1.28344,1.28349,1.00,1.12
2015.04.20 16:40:21.843,1.28342,1.28349,2.25,1.12
2015.04.20 16:40:23.962,1.28341,1.28343,1.50,1.12
2015.04.20 16:40:24.266,1.28332,1.28334,1.12,1.12
2015.04.20 16:40:24.469,1.28332,1.28335,1.12,2.70
2015.04.20 16:40:24.974,1.28333,1.28335,1.00,2.62
2015.04.20 16:40:26.599,1.28329,1.28333,1.25,2.62
2015.04.20 16:40:27.148,1.28329,1.28332,1.00,1.00
2015.04.20 16:40:27.868,1.28332,1.28333,1.50,1.65
2015.04.20 16:40:27.919,1.2833,1.28333,1.50,1.37
2015.04.20 16:40:27.969,1.2833,1.28332,1.00,1.00
2015.04.20 16:40:28.121,1.28329,1.28333,1.00,2.62
2015.04.20 16:40:28.223,1.2833,1.28333,1.00,1.37
2015.04.20 16:40:28.354,1.28328,1.2833,1.25,1.37
2015.04.20 16:40:28.404,1.28328,1.28331,1.25,1.37
2015.04.20 16:40:28.924,1.28329,1.28332,1.00,1.37
2015.04.20 16:40:30.292,1.2833,1.28332,1.00,1.37
2015.04.20 16:40:30.848,1.28329,1.28332,1.00,1.37
2015.04.20 16:40:32.304,1.28327,1.28332,1.50,1.87
2015.04.20 16:40:33.178,1.2833,1.28331,1.00,1.12
2015.04.20 16:40:33.280,1.28331,1.28332,1.69,1.05
2015.04.20 16:40:33.808,1.28334,1.28336,1.00,1.47
2015.04.20 16:40:34.314,1.28334,1.28337,1.50,1.47
2015.04.20 16:40:34.567,1.28331,1.28337,2.44,1.47
2015.04.20 16:40:35.745,1.28332,1.28333,1.50,1.12
2015.04.20 16:40:36.048,1.28331,1.28332,1.50,1.12
2015.04.20 16:40:37.321,1.28332,1.28335,1.00,2.62
2015.04.20 16:40:37.840,1.28331,1.28335,1.00,1.47
2015.04.20 16:40:38.211,1.28333,1.28335,1.00,1.37
2015.04.20 16:40:38.262,1.28333,1.28338,1.00,2.70
2015.04.20 16:40:38.414,1.28331,1.28339,1.25,1.76
2015.04.20 16:40:38.920,1.2833,1.28334,1.00,1.87
2015.04.20 16:40:39.072,1.28328,1.28332,1.00,1.87
2015.04.20 16:40:39.224,1.28325,1.28332,1.97,1.12
2015.04.20 16:40:41.479,1.28325,1.28332,1.00,2.81
2015.04.20 16:40:42.704,1.28327,1.28332,1.00,2.81
2015.04.20 16:40:48.666,1.28329,1.28332,1.00,2.62
2015.04.20 16:40:48.717,1.28329,1.28332,1.00,1.87
2015.04.20 16:40:48.818,1.28328,1.28332,1.50,1.87
2015.04.20 16:40:49.135,1.28328,1.28332,1.00,1.87
2015.04.20 16:40:50.680,1.28328,1.28332,1.00,2.25
2015.04.20 16:40:51.203,1.28327,1.28333,2.25,1.01
2015.04.20 16:40:53.065,1.28328,1.28334,1.00,1.50
2015.04.20 16:40:53.115,1.28328,1.28332,1.00,1.47
2015.04.20 16:40:53.515,1.28329,1.28331,1.00,1.27
2015.04.20 16:40:54.169,1.28328,1.2833,1.00,1.37
2015.04.20 16:40:54.523,1.28328,1.2833,1.00,1.00
2015.04.20 16:40:54.675,1.28329,1.28335,1.50,2.41
2015.04.20 16:40:54.776,1.28329,1.28335,1.50,1.57
2015.04.20 16:40:55.322,1.28327,1.28336,1.69,2.25
2015.04.20 16:40:55.824,1.28327,1.28336,1.69,2.25
2015.04.20 16:40:56.751,1.28328,1.28335,1.00,1.57
2015.04.20 16:40:57.078,1.2833,1.28335,2.25,1.57
2015.04.20 16:40:58.609,1.28329,1.28335,1.50,1.37
2015.04.20 16:40:59.857,1.28328,1.28335,1.69,1.87
2015.04.20 16:41:00.866,1.28332,1.28336,1.00,2.00
2015.04.20 16:41:01.371,1.28332,1.28335,1.00,1.37
2015.04.20 16:41:01.775,1.28334,1.28336,1.00,1.47
2015.04.20 16:41:02.230,1.28332,1.2834,2.62,1.57
2015.04.20 16:41:02.433,1.28331,1.28337,1.25,1.37
2015.04.20 16:41:08.120,1.28332,1.28337,1.00,1.76
2015.04.20 16:41:10.155,1.28332,1.28336,1.00,1.50
2015.04.20 16:41:10.205,1.28331,1.28334,1.00,1.00
2015.04.20 16:41:10.574,1.28333,1.28337,1.00,1.85
2015.04.20 16:41:10.776,1.28332,1.28338,1.50,1.47
2015.04.20 16:41:12.435,1.28333,1.28338,1.00,1.37
2015.04.20 16:41:13.031,1.28333,1.28336,1.00,1.37
2015.04.20 16:41:13.435,1.28331,1.28333,1.00,1.37
2015.04.20 16:41:13.890,1.28333,1.28337,1.00,1.37
2015.04.20 16:41:15.069,1.28332,1.28338,1.00,1.47
2015.04.20 16:41:19.385,1.28335,1.28337,1.00,1.37
2015.04.20 16:41:19.689,1.28336,1.28342,1.00,1.01
2015.04.20 16:41:20.194,1.28337,1.28342,1.00,2.51
2015.04.20 16:41:23.128,1.28337,1.28343,1.00,3.75
2015.04.20 16:41:23.229,1.28334,1.28342,1.69,1.95
2015.04.20 16:41:23.381,1.28336,1.28342,1.00,1.57
2015.04.20 16:41:24.171,1.28335,1.28342,1.00,1.57
2015.04.20 16:41:26.323,1.28335,1.28343,2.25,1.87
2015.04.20 16:41:27.176,1.28336,1.28343,1.00,1.87
2015.04.20 16:41:30.386,1.28334,1.28342,4.90,1.20
2015.04.20 16:41:34.681,1.28335,1.28339,1.50,1.00
2015.04.20 16:41:35.034,1.28335,1.28343,1.00,2.00
2015.04.20 16:41:35.571,1.28334,1.28343,2.44,2.21
2015.04.20 16:41:36.139,1.28335,1.28343,1.69,1.46
2015.04.20 16:41:37.563,1.28335,1.28342,1.69,1.00
2015.04.20 16:41:37.967,1.28337,1.28342,1.00,1.00
2015.04.20 16:41:38.371,1.28336,1.28338,1.50,1.50
2015.04.20 16:41:38.573,1.28334,1.28339,1.00,1.29
2015.04.20 16:41:40.451,1.28334,1.28341,1.00,1.45
2015.04.20 16:41:43.592,1.28334,1.28341,1.69,1.29
2015.04.20 16:41:43.694,1.28334,1.28342,2.44,2.44
2015.04.20 16:41:43.818,1.28334,1.28342,2.44,1.01
2015.04.20 16:41:44.345,1.28335,1.28342,1.00,1.01
2015.04.20 16:41:44.894,1.28334,1.28342,2.44,1.47
2015.04.20 16:41:53.481,1.28335,1.28341,1.25,1.00
2015.04.20 16:41:53.986,1.28335,1.28342,1.25,1.10
2015.04.20 16:41:56.321,1.28335,1.28338,1.25,1.00
2015.04.20 16:41:56.876,1.28336,1.28339,1.00,1.29
2015.04.20 16:41:57.630,1.28336,1.28338,1.00,1.00
2015.04.20 16:41:57.993,1.28335,1.28342,1.25,1.64
2015.04.20 16:41:58.094,1.28333,1.28335,2.46,1.00
2015.04.20 16:41:58.246,1.28334,1.28336,1.00,1.50
2015.04.20 16:41:58.398,1.28335,1.28337,1.00,1.54
2015.04.20 16:41:58.514,1.28335,1.28337,1.00,1.00
2015.04.20 16:42:01.539,1.28335,1.28337,1.50,1.00
2015.04.20 16:42:02.235,1.28336,1.28337,1.00,1.00
2015.04.20 16:42:02.437,1.28333,1.28336,2.25,1.00
2015.04.20 16:42:02.639,1.28335,1.28337,1.00,1.00
2015.04.20 16:42:03.226,1.28335,1.28337,1.00,1.00
2015.04.20 16:42:03.635,1.28333,1.28336,1.00,1.00
2015.04.20 16:42:04.795,1.28331,1.28334,2.25,1.00
2015.04.20 16:42:04.846,1.28332,1.28335,1.50,1.00
2015.04.20 16:42:05.615,1.28332,1.28334,1.50,1.00
2015.04.20 16:42:07.554,1.28332,1.28333,1.50,1.50
2015.04.20 16:42:07.605,1.2833,1.28331,1.42,1.29
2015.04.20 16:42:07.909,1.28331,1.28333,1.50,1.69
2015.04.20 16:42:07.960,1.28325,1.28328,3.60,1.00
2015.04.20 16:42:08.111,1.28325,1.28331,2.44,1.74
2015.04.20 16:42:08.263,1.28325,1.28332,4.52,1.00
2015.04.20 16:42:08.768,1.28325,1.28333,4.31,1.84
2015.04.20 16:42:08.819,1.28325,1.28331,4.12,1.00
2015.04.20 16:42:09.324,1.28325,1.2833,1.00,1.00
2015.04.20 16:42:11.819,1.28325,1.28331,1.00,1.00
2015.04.20 16:42:12.131,1.28323,1.28324,1.25,1.00
2015.04.20 16:42:12.994,1.28323,1.28324,1.00,1.00
2015.04.20 16:42:13.566,1.28325,1.28326,1.00,2.04
2015.04.20 16:42:14.857,1.28324,1.28325,1.00,1.00
2015.04.20 16:42:14.908,1.28325,1.28327,1.00,1.00
2015.04.20 16:42:16.531,1.28325,1.2833,1.00,2.68
2015.04.20 16:42:17.036,1.28326,1.28328,1.50,1.00
2015.04.20 16:42:17.239,1.28326,1.2833,1.00,2.77
2015.04.20 16:42:17.441,1.28324,1.28327,1.50,1.00
2015.04.20 16:42:18.097,1.28322,1.28327,1.69,1.30
2015.04.20 16:42:27.774,1.28324,1.28327,1.00,1.00
2015.04.20 16:42:28.079,1.28327,1.2833,1.00,1.74
2015.04.20 16:42:28.557,1.28326,1.28331,1.00,1.84
2015.04.20 16:42:28.862,1.28325,1.28328,1.50,1.00
2015.04.20 16:42:29.769,1.28325,1.28327,1.50,1.00
2015.04.20 16:42:31.681,1.28325,1.28327,1.50,1.29
2015.04.20 16:42:32.188,1.28325,1.28328,1.50,2.04
2015.04.20 16:42:32.690,1.28324,1.28328,1.50,2.04
2015.04.20 16:42:33.378,1.28325,1.28328,1.00,2.04
2015.04.20 16:42:33.951,1.28324,1.28328,1.50,2.04
2015.04.20 16:42:34.455,1.28325,1.28328,1.00,2.04
2015.04.20 16:42:35.140,1.28325,1.28326,1.00,1.00
2015.04.20 16:42:35.190,1.28323,1.28326,1.12,1.00
2015.04.20 16:42:36.250,1.28324,1.28328,1.00,2.79
2015.04.20 16:42:36.554,1.28324,1.28328,1.12,1.00
2015.04.20 16:42:36.907,1.28326,1.28328,1.00,1.00
2015.04.20 16:42:39.771,1.28325,1.28328,1.00,1.00
2015.04.20 16:42:40.774,1.28326,1.28328,1.00,1.00
2015.04.20 16:42:41.836,1.28325,1.28328,1.00,1.00
2015.04.20 16:42:43.794,1.28325,1.2833,1.00,2.25
2015.04.20 16:42:44.319,1.28326,1.28331,1.00,2.06
2015.04.20 16:42:44.589,1.28323,1.28331,1.25,2.06
2015.04.20 16:42:44.640,1.28325,1.2833,1.00,1.69
2015.04.20 16:42:44.741,1.28321,1.28329,1.00,1.01
2015.04.20 16:42:44.792,1.28319,1.28322,5.84,1.00
2015.04.20 16:42:44.944,1.28315,1.28323,2.25,1.87
2015.04.20 16:42:45.146,1.2832,1.28322,1.00,1.20
2015.04.20 16:42:45.348,1.28321,1.28326,1.00,1.12
2015.04.20 16:42:45.854,1.28321,1.28327,1.50,1.75
2015.04.20 16:42:46.384,1.28321,1.28327,1.69,1.75
2015.04.20 16:42:46.911,1.28321,1.28328,2.44,1.12
2015.04.20 16:42:48.390,1.2832,1.28324,1.19,1.20
2015.04.20 16:42:48.996,1.28317,1.28322,2.81,1.00
2015.04.20 16:42:49.097,1.28316,1.28322,1.25,1.00
2015.04.20 16:42:49.602,1.28314,1.28321,2.06,1.00
2015.04.20 16:42:50.122,1.28314,1.28321,2.06,1.00
2015.04.20 16:42:50.655,1.28314,1.2832,2.06,1.00
2015.04.20 16:42:51.477,1.28314,1.28323,1.31,1.93
2015.04.20 16:42:52.764,1.28314,1.2832,1.19,1.00
2015.04.20 16:42:54.279,1.28314,1.28323,1.19,1.93
2015.04.20 16:42:55.185,1.28314,1.28321,1.19,1.00
2015.04.20 16:42:55.286,1.28317,1.28322,1.00,1.07
2015.04.20 16:42:55.591,1.28319,1.28323,1.69,1.75
2015.04.20 16:42:55.692,1.28319,1.28327,1.69,1.20
2015.04.20 16:42:56.680,1.2832,1.28328,1.25,2.00
2015.04.20 16:42:58.677,1.28319,1.28328,1.50,3.19
2015.04.20 16:42:59.131,1.28316,1.28325,1.76,2.70
2015.04.20 16:42:59.594,1.28316,1.28325,1.00,4.31
2015.04.20 16:42:59.696,1.28316,1.28323,1.00,1.01
2015.04.20 16:43:00.235,1.28313,1.28322,2.06,1.50
2015.04.20 16:43:00.745,1.28313,1.28321,1.19,1.45
2015.04.20 16:43:01.294,1.28313,1.2832,1.19,1.20
2015.04.20 16:43:02.279,1.28313,1.28321,1.25,1.69
2015.04.20 16:43:04.153,1.28313,1.28318,1.25,1.50
2015.04.20 16:43:04.660,1.28313,1.28318,1.00,2.86
2015.04.20 16:43:05.161,1.28313,1.28318,1.00,2.11
2015.04.20 16:43:05.753,1.28313,1.28318,1.00,2.49
2015.04.20 16:43:06.318,1.28313,1.28318,1.00,2.49
2015.04.20 16:43:08.483,1.28313,1.28317,1.00,1.00
2015.04.20 16:43:09.238,1.28313,1.28318,1.00,2.11
2015.04.20 16:43:09.751,1.28313,1.28318,1.00,2.86
2015.04.20 16:43:10.295,1.28313,1.28318,1.00,2.86
2015.04.20 16:43:11.283,1.28313,1.28318,1.00,2.86
2015.04.20 16:43:11.855,1.28313,1.28318,1.00,3.05
2015.04.20 16:43:12.389,1.28313,1.28318,1.00,3.05
2015.04.20 16:43:12.527,1.28311,1.28318,1.00,3.05
2015.04.20 16:43:13.032,1.28311,1.28319,1.00,4.76
2015.04.20 16:43:13.886,1.28309,1.28318,2.51,1.20
2015.04.20 16:43:14.418,1.28309,1.28318,1.76,1.20
2015.04.20 16:43:15.303,1.28309,1.28318,1.29,1.39
2015.04.20 16:43:17.297,1.28308,1.28317,1.39,1.87
2015.04.20 16:43:17.550,1.28305,1.28314,3.26,1.50
2015.04.20 16:43:18.056,1.28304,1.28313,1.29,1.10
2015.04.20 16:43:18.360,1.28304,1.28313,1.29,1.10
2015.04.20 16:43:19.022,1.28308,1.28313,1.00,1.05
2015.04.20 16:43:19.527,1.28309,1.28316,1.50,1.48
2015.04.20 16:43:19.880,1.28305,1.28314,1.39,1.50
2015.04.20 16:43:20.745,1.28304,1.28314,1.39,1.95
2015.04.20 16:43:21.401,1.28303,1.28312,2.06,1.00
2015.04.20 16:43:21.906,1.28302,1.28312,1.84,1.50
2015.04.20 16:43:21.956,1.28302,1.28312,1.65,1.50
2015.04.20 16:43:22.980,1.28302,1.28312,1.84,1.69
2015.04.20 16:43:23.940,1.28302,1.28312,1.84,1.69
2015.04.20 16:43:24.994,1.28302,1.28311,1.65,1.25
2015.04.20 16:43:28.935,1.28303,1.28311,1.00,3.19
2015.04.20 16:43:29.087,1.28304,1.28311,1.20,1.25
2015.04.20 16:43:29.391,1.28302,1.28309,1.87,1.25
2015.04.20 16:43:29.442,1.28301,1.28309,2.44,1.25
2015.04.20 16:43:30.373,1.28301,1.28308,2.25,1.00
2015.04.20 16:43:30.882,1.28301,1.28309,1.75,1.25
2015.04.20 16:43:31.388,1.283,1.28308,1.75,1.50
2015.04.20 16:43:31.981,1.283,1.28305,1.75,1.00
2015.04.20 16:43:32.183,1.28296,1.28303,1.12,6.00
2015.04.20 16:43:32.284,1.28294,1.28303,2.25,5.25
2015.04.20 16:43:32.588,1.28296,1.28304,1.50,1.12
2015.04.20 16:43:32.891,1.28293,1.283,2.25,1.00
2015.04.20 16:43:33.410,1.28292,1.28301,2.25,1.00
2015.04.20 16:43:33.816,1.28291,1.28301,1.84,1.50
2015.04.20 16:43:34.340,1.2829,1.283,3.19,1.00
2015.04.20 16:43:34.845,1.28292,1.28302,1.00,4.06
2015.04.20 16:43:35.365,1.28292,1.28301,1.20,1.12
2015.04.20 16:43:37.070,1.28292,1.283,1.20,1.50
2015.04.20 16:43:37.602,1.28291,1.28299,1.39,1.50
2015.04.20 16:43:38.103,1.2829,1.28298,1.31,1.00
2015.04.20 16:43:38.905,1.28289,1.28298,1.50,1.00
2015.04.20 16:43:39.393,1.28289,1.283,3.00,2.25
2015.04.20 16:43:39.957,1.28289,1.28299,1.50,1.50
2015.04.20 16:43:40.177,1.28291,1.28301,1.00,6.52
2015.04.20 16:43:40.682,1.28292,1.28301,1.00,2.06
2015.04.20 16:43:41.187,1.2829,1.283,2.44,1.00
2015.04.20 16:43:41.747,1.2829,1.28299,1.20,1.00
2015.04.20 16:43:42.258,1.28289,1.28299,3.10,1.57
2015.04.20 16:43:47.744,1.28289,1.28298,1.39,1.00
2015.04.20 16:43:48.947,1.28289,1.28299,1.39,1.10
2015.04.20 16:43:55.047,1.28289,1.28301,5.06,4.76
2015.04.20 16:43:55.754,1.28289,1.28299,4.31,1.00
2015.04.20 16:43:56.353,1.28289,1.28298,3.56,1.00
2015.04.20 16:43:56.859,1.28289,1.28299,3.34,1.50
2015.04.20 16:43:58.025,1.28289,1.28299,3.15,1.50
2015.04.20 16:43:58.525,1.28289,1.28299,3.15,1.87
2015.04.20 16:43:59.547,1.28289,1.28299,1.65,2.44
2015.04.20 16:44:00.052,1.2829,1.28299,1.87,1.20
2015.04.20 16:44:00.554,1.2829,1.283,2.62,1.84
2015.04.20 16:44:01.071,1.2829,1.283,2.62,1.65
2015.04.20 16:44:03.224,1.28291,1.283,1.09,1.39
2015.04.20 16:44:10.347,1.2829,1.283,3.19,1.46
2015.04.20 16:44:11.327,1.2829,1.283,3.19,1.46
2015.04.20 16:44:12.684,1.28298,1.28301,1.00,1.12
2015.04.20 16:44:12.887,1.283,1.28306,1.50,1.57
2015.04.20 16:44:13.494,1.283,1.28306,1.00,1.37
2015.04.20 16:44:15.012,1.28302,1.28308,1.50,1.12
2015.04.20 16:44:15.316,1.28307,1.28312,1.25,1.57
2015.04.20 16:44:15.417,1.28307,1.28314,1.25,1.06
2015.04.20 16:44:15.569,1.28307,1.28316,1.20,2.04
2015.04.20 16:44:17.479,1.28306,1.28316,3.26,1.57
2015.04.20 16:44:17.530,1.28306,1.28314,2.89,1.00
2015.04.20 16:44:17.833,1.28303,1.28309,1.47,1.37
2015.04.20 16:44:17.935,1.283,1.28309,1.69,1.50
2015.04.20 16:44:19.529,1.28305,1.28309,2.25,1.87
2015.04.20 16:44:19.833,1.28312,1.28319,3.00,1.74
2015.04.20 16:44:19.934,1.28312,1.28319,1.65,1.37
2015.04.20 16:44:19.984,1.28312,1.28317,1.20,1.37
2015.04.20 16:44:20.137,1.28307,1.28317,1.84,1.46
2015.04.20 16:44:21.164,1.28306,1.28316,1.01,3.26
2015.04.20 16:44:23.841,1.28305,1.28315,1.39,2.14
2015.04.20 16:44:25.106,1.28307,1.28315,1.00,1.39
2015.04.20 16:44:27.514,1.28305,1.28315,2.14,1.39
2015.04.20 16:44:27.825,1.28308,1.28316,1.00,1.76
2015.04.20 16:44:28.524,1.28307,1.28316,1.00,2.51
2015.04.20 16:44:29.033,1.28304,1.28315,4.31,1.47
2015.04.20 16:44:29.538,1.28307,1.28315,2.25,1.47
2015.04.20 16:44:30.043,1.28308,1.28315,1.09,1.37
2015.04.20 16:44:32.331,1.28306,1.28315,1.10,2.89
2015.04.20 16:44:32.706,1.28308,1.28315,1.00,2.89
2015.04.20 16:44:35.617,1.28309,1.28316,1.00,2.51
2015.04.20 16:44:36.167,1.28308,1.28316,1.25,2.51
2015.04.20 16:44:37.539,1.28309,1.28315,1.00,1.47
2015.04.20 16:44:37.691,1.28311,1.28317,1.25,1.12
2015.04.20 16:44:37.742,1.28313,1.28317,1.00,1.12
2015.04.20 16:44:37.844,1.28312,1.28319,1.00,2.06
2015.04.20 16:44:37.945,1.28313,1.2832,1.00,1.76
2015.04.20 16:44:38.468,1.28312,1.2832,1.00,1.76
2015.04.20 16:44:38.987,1.28311,1.2832,1.25,1.32
2015.04.20 16:44:42.557,1.28309,1.2832,1.39,6.26
2015.04.20 16:44:42.658,1.28308,1.28319,1.31,2.14
2015.04.20 16:44:43.162,1.28306,1.28317,3.64,1.57
2015.04.20 16:44:43.719,1.28306,1.28317,3.64,1.76
2015.04.20 16:44:44.658,1.28306,1.28317,3.64,1.76
2015.04.20 16:44:47.666,1.28306,1.28317,2.89,1.76
2015.04.20 16:44:48.646,1.28306,1.28317,3.64,1.76
2015.04.20 16:44:49.170,1.28306,1.28315,2.44,1.07
2015.04.20 16:44:49.772,1.28306,1.28315,2.44,1.07
2015.04.20 16:44:51.577,1.28306,1.28315,1.25,2.32
2015.04.20 16:44:52.119,1.28305,1.28315,1.10,1.76
2015.04.20 16:44:53.682,1.28305,1.28315,1.29,2.51
2015.04.20 16:45:09.848,1.28306,1.28314,1.00,1.76
2015.04.20 16:45:12.469,1.28304,1.28314,2.44,1.57
2015.04.20 16:45:15.645,1.28304,1.28314,2.44,1.09
2015.04.20 16:45:18.284,1.28306,1.28315,1.50,1.20
2015.04.20 16:45:18.789,1.28306,1.28316,1.20,1.29
2015.04.20 16:45:19.301,1.28306,1.28316,1.39,1.29
2015.04.20 16:45:20.704,1.28308,1.28317,1.00,2.89
2015.04.20 16:45:21.848,1.28308,1.28318,2.77,3.56
2015.04.20 16:45:22.361,1.28307,1.28316,1.22,1.12
2015.04.20 16:45:22.879,1.28306,1.28316,2.51,1.20
2015.04.20 16:45:23.413,1.28306,1.28316,2.51,1.39
2015.04.20 16:45:23.979,1.28307,1.28317,1.00,3.56
2015.04.20 16:45:26.265,1.28307,1.28317,1.19,2.81
2015.04.20 16:45:26.771,1.28305,1.28315,2.51,1.01
2015.04.20 16:45:32.775,1.28306,1.28316,1.29,2.14
2015.04.20 16:45:38.179,1.28308,1.28317,1.00,2.06
2015.04.20 16:45:41.012,1.28306,1.28314,1.29,2.25
2015.04.20 16:45:41.517,1.28306,1.28315,1.19,1.10
2015.04.20 16:45:42.072,1.28306,1.28315,1.25,1.39
2015.04.20 16:45:44.713,1.28308,1.28315,1.00,1.39
2015.04.20 16:45:45.016,1.28306,1.28317,1.69,4.48
2015.04.20 16:45:45.067,1.28306,1.28316,1.69,1.20
2015.04.20 16:45:45.384,1.28312,1.28317,1.25,1.75
2015.04.20 16:45:45.838,1.28314,1.28317,1.00,1.75
2015.04.20 16:45:46.041,1.28314,1.28319,1.00,1.50
2015.04.20 16:45:46.264,1.28314,1.28317,1.00,1.12
2015.04.20 16:45:46.366,1.28314,1.28319,1.00,1.50
2015.04.20 16:45:46.518,1.28314,1.28321,1.00,7.31
2015.04.20 16:45:46.856,1.28314,1.28323,1.10,1.01
2015.04.20 16:45:47.551,1.28312,1.28321,2.06,1.00
2015.04.20 16:45:48.005,1.28316,1.28323,1.00,2.25
2015.04.20 16:45:48.087,1.28316,1.28323,1.50,1.57
2015.04.20 16:45:48.592,1.28317,1.28325,1.50,2.81
2015.04.20 16:45:49.126,1.28318,1.28325,2.44,1.50
2015.04.20 16:45:49.446,1.28318,1.28325,6.19,1.00
2015.04.20 16:45:49.598,1.28321,1.28327,1.00,1.56
2015.04.20 16:45:51.688,1.28319,1.28327,3.34,1.37
2015.04.20 16:45:52.686,1.28319,1.28327,2.59,1.37
2015.04.20 16:45:53.535,1.28321,1.28329,1.50,2.25
2015.04.20 16:45:53.737,1.28323,1.2833,1.00,2.70
2015.04.20 16:45:53.838,1.28324,1.28329,1.00,1.10
2015.04.20 16:45:54.901,1.28324,1.28329,1.19,1.00
2015.04.20 16:45:57.012,1.28324,1.2833,1.19,1.37
2015.04.20 16:45:58.266,1.28324,1.28331,3.19,1.47
2015.04.20 16:45:58.796,1.28325,1.2833,2.25,1.37
2015.04.20 16:45:59.706,1.28324,1.28331,2.44,1.47
2015.04.20 16:46:00.208,1.28325,1.2833,2.25,1.37
2015.04.20 16:46:00.309,1.28326,1.28331,1.00,1.20
2015.04.20 16:46:00.360,1.28324,1.28331,3.00,1.20
2015.04.20 16:46:00.663,1.28324,1.28332,1.10,3.75
2015.04.20 16:46:01.237,1.28325,1.2833,1.00,1.37
2015.04.20 16:46:01.403,1.28322,1.28331,1.19,1.95
2015.04.20 16:46:02.846,1.28324,1.28331,1.00,1.85
2015.04.20 16:46:04.358,1.28325,1.2833,1.00,2.32
2015.04.20 16:46:04.610,1.28323,1.2833,1.69,2.32
2015.04.20 16:46:05.114,1.28321,1.28329,1.19,1.20
2015.04.20 16:46:05.635,1.2832,1.28329,2.44,1.57
2015.04.20 16:46:07.112,1.28324,1.28329,1.00,1.57
2015.04.20 16:46:07.364,1.28321,1.28329,1.69,1.50
2015.04.20 16:46:07.865,1.28321,1.28329,1.69,1.10
2015.04.20 16:46:09.111,1.28323,1.28329,1.00,1.10
2015.04.20 16:46:09.530,1.28325,1.2833,1.00,2.32
2015.04.20 16:46:17.739,1.28325,1.2833,1.00,3.56
2015.04.20 16:46:17.942,1.28322,1.28327,1.00,1.00
2015.04.20 16:46:18.044,1.28321,1.28327,1.00,1.75
2015.04.20 16:46:18.567,1.2832,1.28325,1.25,1.12
2015.04.20 16:46:18.884,1.28324,1.28327,1.00,1.57
2015.04.20 16:46:28.374,1.28324,1.2833,1.00,2.32
2015.04.20 16:46:30.379,1.28324,1.2833,1.00,1.57
2015.04.20 16:46:32.566,1.28322,1.28329,1.69,1.00
2015.04.20 16:46:37.096,1.28323,1.28329,1.00,1.00
2015.04.20 16:46:37.398,1.28322,1.28329,1.00,1.37
2015.04.20 16:46:39.590,1.28323,1.2833,1.00,1.57
2015.04.20 16:46:40.117,1.28322,1.28331,2.25,4.01
2015.04.20 16:46:44.714,1.28323,1.2833,1.19,1.47
2015.04.20 16:46:45.685,1.28322,1.2833,1.25,1.47
2015.04.20 16:46:49.179,1.28324,1.2833,1.00,1.47
2015.04.20 16:46:49.280,1.28322,1.28331,1.69,2.70
2015.04.20 16:46:50.793,1.28322,1.2833,2.44,1.47
2015.04.20 16:46:55.827,1.28322,1.2833,1.69,1.47
2015.04.20 16:46:56.989,1.28323,1.28331,1.00,1.95
2015.04.20 16:46:57.786,1.28322,1.2833,2.44,1.47
2015.04.20 16:47:01.331,1.28323,1.2833,1.00,1.47
2015.04.20 16:47:01.873,1.28322,1.28331,3.19,1.95
2015.04.20 16:47:03.917,1.28323,1.2833,1.00,1.47
2015.04.20 16:47:06.949,1.28324,1.28331,1.00,2.14
2015.04.20 16:47:07.455,1.28322,1.2833,1.69,1.95
2015.04.20 16:47:08.010,1.28322,1.2833,1.69,2.14
2015.04.20 16:47:10.286,1.2832,1.28329,1.97,2.44
2015.04.20 16:47:10.438,1.28319,1.28325,1.00,1.00
2015.04.20 16:47:10.741,1.28315,1.28323,1.56,1.95
2015.04.20 16:47:11.533,1.28313,1.28323,1.76,1.39
2015.04.20 16:47:13.618,1.28314,1.28323,1.00,1.39
2015.04.20 16:47:14.605,1.28313,1.28323,2.51,2.89
2015.04.20 16:47:14.655,1.28313,1.28323,2.51,2.89
2015.04.20 16:47:15.688,1.28313,1.28323,1.76,2.51
2015.04.20 16:47:16.219,1.28314,1.28323,1.00,2.51
2015.04.20 16:47:18.774,1.28314,1.28324,1.01,3.26
2015.04.20 16:47:20.791,1.28314,1.28324,1.01,3.64
2015.04.20 16:47:21.756,1.28314,1.28324,1.01,3.64
2015.04.20 16:47:23.673,1.28315,1.28324,1.00,4.01
2015.04.20 16:47:24.192,1.28315,1.28324,1.19,2.89
2015.04.20 16:47:26.912,1.2832,1.28324,1.00,2.14
2015.04.20 16:47:27.013,1.28316,1.28324,1.25,2.14
2015.04.20 16:47:27.517,1.28316,1.28325,1.69,1.64
2015.04.20 16:47:28.029,1.28317,1.28326,1.00,1.31
2015.04.20 16:47:28.542,1.28318,1.28326,1.00,1.12
2015.04.20 16:47:29.084,1.28317,1.28326,1.00,1.87
2015.04.20 16:47:29.634,1.28318,1.28326,1.25,1.87
2015.04.20 16:47:30.475,1.28316,1.28325,1.09,1.76
2015.04.20 16:47:30.526,1.28315,1.28321,3.02,1.12
2015.04.20 16:47:30.628,1.28314,1.28323,3.26,2.25
2015.04.20 16:47:30.931,1.28311,1.28321,2.21,1.00
2015.04.20 16:47:30.982,1.28311,1.28321,1.84,2.44
2015.04.20 16:47:31.184,1.2831,1.2832,4.69,2.70
2015.04.20 16:47:33.102,1.28311,1.28319,2.44,1.45
2015.04.20 16:47:34.754,1.28311,1.2832,1.19,1.87
2015.04.20 16:47:35.270,1.28311,1.2832,1.25,2.06
2015.04.20 16:47:36.712,1.28309,1.28317,2.14,1.00
2015.04.20 16:47:37.216,1.28311,1.2832,1.76,1.57
2015.04.20 16:47:38.036,1.28312,1.28321,1.00,1.87
2015.04.20 16:47:39.423,1.28311,1.2832,3.34,1.27
2015.04.20 16:47:39.473,1.28313,1.2832,1.00,1.27
2015.04.20 16:47:42.052,1.28313,1.28319,1.25,1.00
2015.04.20 16:47:42.557,1.28311,1.28319,1.39,1.00
2015.04.20 16:47:43.407,1.2831,1.28319,2.81,1.25
2015.04.20 16:47:48.370,1.2831,1.28319,2.06,1.50
2015.04.20 16:47:48.623,1.28309,1.28316,1.20,1.00
2015.04.20 16:47:48.775,1.28313,1.28319,1.00,2.25
2015.04.20 16:47:49.028,1.28314,1.28321,1.00,1.06
2015.04.20 16:47:49.079,1.28316,1.28321,1.00,1.06
2015.04.20 16:47:49.585,1.28315,1.28324,1.00,3.35
2015.04.20 16:47:50.462,1.28314,1.28324,1.00,3.56
2015.04.20 16:47:50.765,1.28313,1.28318,3.34,1.00
2015.04.20 16:47:51.620,1.28313,1.28318,3.34,1.00
2015.04.20 16:47:55.736,1.28313,1.28318,3.90,1.00
2015.04.20 16:47:56.945,1.28313,1.28317,2.96,1.00
2015.04.20 16:47:57.158,1.28313,1.28319,2.96,1.00
2015.04.20 16:47:59.984,1.28312,1.28318,1.12,1.00
2015.04.20 16:48:00.454,1.28309,1.28318,3.64,1.57
2015.04.20 16:48:00.991,1.2831,1.28317,1.37,1.00
2015.04.20 16:48:01.471,1.28314,1.28317,1.00,1.00
2015.04.20 16:48:01.673,1.28313,1.28323,2.21,3.73
2015.04.20 16:48:01.875,1.28313,1.28318,2.06,1.00
2015.04.20 16:48:01.977,1.28313,1.2832,1.31,1.00
2015.04.20 16:48:02.481,1.28312,1.28321,2.21,1.09
2015.04.20 16:48:04.897,1.28311,1.28321,2.06,1.84
2015.04.20 16:48:05.423,1.28311,1.28318,1.39,1.00
2015.04.20 16:48:06.726,1.28311,1.28318,1.39,1.00
2015.04.20 16:48:07.722,1.28311,1.2832,1.39,1.29
2015.04.20 16:48:10.692,1.28311,1.28318,1.39,1.00
2015.04.20 16:48:11.197,1.28312,1.28318,1.00,1.00
2015.04.20 16:48:11.716,1.28311,1.28318,1.39,1.00
2015.04.20 16:48:11.767,1.28311,1.28316,1.39,1.00
2015.04.20 16:48:13.400,1.28308,1.28316,2.72,1.00
2015.04.20 16:48:14.305,1.28308,1.28317,1.57,1.00
2015.04.20 16:48:14.607,1.2831,1.28317,1.87,1.00
2015.04.20 16:48:15.179,1.2831,1.28315,2.32,1.00
2015.04.20 16:48:15.732,1.2831,1.28315,1.00,1.00
2015.04.20 16:48:16.266,1.2831,1.28315,1.87,1.00
2015.04.20 16:48:17.514,1.2831,1.28318,1.39,1.25
2015.04.20 16:48:22.205,1.28315,1.28318,1.12,1.00
2015.04.20 16:48:22.307,1.28316,1.28321,1.00,1.20
2015.04.20 16:48:22.459,1.28315,1.28324,3.45,1.31
2015.04.20 16:48:22.979,1.28316,1.28325,1.01,1.57
2015.04.20 16:48:24.535,1.28316,1.28325,1.76,1.01
2015.04.20 16:48:25.234,1.28316,1.28326,2.51,4.39
2015.04.20 16:48:27.584,1.28317,1.28326,1.39,1.25
2015.04.20 16:48:27.990,1.28321,1.28327,1.12,1.29
2015.04.20 16:48:28.294,1.2833,1.28337,2.44,2.61
2015.04.20 16:48:28.395,1.28331,1.28337,1.56,1.64
2015.04.20 16:48:28.899,1.28332,1.28337,1.32,1.64
2015.04.20 16:48:29.406,1.28332,1.2834,2.00,1.95
2015.04.20 16:48:31.663,1.28332,1.28341,1.39,3.01
2015.04.20 16:48:33.219,1.28337,1.28341,1.00,3.00
2015.04.20 16:48:33.320,1.28335,1.28344,1.69,1.14
2015.04.20 16:48:33.545,1.28336,1.28342,1.46,1.00
2015.04.20 16:48:33.650,1.28335,1.28343,1.20,1.25
2015.04.20 16:48:33.751,1.28334,1.28341,1.26,1.00
2015.04.20 16:48:33.853,1.28331,1.2834,3.56,1.00
2015.04.20 16:48:35.125,1.28331,1.28339,2.06,1.00
2015.04.20 16:48:37.960,1.28331,1.2834,2.06,1.00
2015.04.20 16:48:38.485,1.28332,1.28339,1.45,1.00
2015.04.20 16:48:39.645,1.28332,1.2834,1.87,1.00
2015.04.20 16:48:41.594,1.28332,1.28342,2.62,3.94
2015.04.20 16:48:42.770,1.28332,1.28342,2.81,3.19
2015.04.20 16:48:44.780,1.28332,1.28341,2.81,1.25
2015.04.20 16:48:45.083,1.28333,1.28342,2.06,1.69
2015.04.20 16:48:47.761,1.28333,1.28343,2.06,1.69
2015.04.20 16:48:48.676,1.28334,1.28344,2.14,1.57
2015.04.20 16:48:49.197,1.28334,1.28344,3.19,1.50
2015.04.20 16:48:50.340,1.28334,1.28343,2.25,1.00
2015.04.20 16:48:50.881,1.28334,1.28344,2.25,2.44
2015.04.20 16:48:51.396,1.28334,1.28343,1.75,1.00
2015.04.20 16:48:51.929,1.28334,1.28344,1.75,4.50
2015.04.20 16:48:53.672,1.28334,1.28344,3.75,3.94
2015.04.20 16:48:55.678,1.28335,1.28344,1.20,3.58
2015.04.20 16:48:56.642,1.28335,1.28343,1.20,1.00
2015.04.20 16:48:57.689,1.28334,1.28343,3.37,1.69
2015.04.20 16:48:58.186,1.28333,1.28342,1.39,1.25
2015.04.20 16:48:58.752,1.28332,1.28341,2.44,1.00
2015.04.20 16:48:59.486,1.28332,1.28342,2.44,1.69
2015.04.20 16:48:59.997,1.28332,1.28341,2.44,1.00
2015.04.20 16:49:01.609,1.28332,1.28341,2.44,1.69
2015.04.20 16:49:07.717,1.28333,1.28343,1.39,2.51
2015.04.20 16:49:08.292,1.28333,1.28341,1.39,1.00
2015.04.20 16:49:20.513,1.28338,1.28341,1.00,1.25
2015.04.20 16:49:20.615,1.2834,1.28344,1.00,1.36
2015.04.20 16:49:20.716,1.28341,1.28344,1.07,1.51
2015.04.20 16:49:21.845,1.28341,1.28345,1.31,1.14
2015.04.20 16:49:24.529,1.28344,1.28345,1.00,1.14
2015.04.20 16:49:24.581,1.28344,1.28349,1.37,2.79
2015.04.20 16:49:24.733,1.28349,1.2835,1.00,1.12
2015.04.20 16:49:24.785,1.2835,1.28352,1.00,1.66
2015.04.20 16:49:25.251,1.2835,1.28355,1.20,1.00
2015.04.20 16:49:25.780,1.28349,1.28357,1.01,1.69
2015.04.20 16:49:26.328,1.2835,1.28359,2.14,2.04
2015.04.20 16:49:26.530,1.28351,1.28357,2.14,1.26
2015.04.20 16:49:27.236,1.2835,1.28357,2.81,1.26
2015.04.20 16:49:27.838,1.2835,1.28359,2.81,2.82
2015.04.20 16:49:28.416,1.28352,1.2836,1.32,1.32
2015.04.20 16:49:28.963,1.28348,1.28357,1.32,2.07
2015.04.20 16:49:29.470,1.28348,1.28355,1.76,1.00
2015.04.20 16:49:31.449,1.28347,1.28354,1.69,1.00
2015.04.20 16:49:32.451,1.28348,1.28355,1.07,1.50
2015.04.20 16:49:35.006,1.28347,1.28355,1.39,1.00
2015.04.20 16:49:35.510,1.28346,1.28354,2.51,1.00
2015.04.20 16:49:42.205,1.28346,1.28354,1.57,1.19
2015.04.20 16:49:42.509,1.28342,1.28345,1.00,1.50
2015.04.20 16:49:42.712,1.28339,1.28347,1.57,1.69
2015.04.20 16:49:42.966,1.28339,1.28344,1.75,1.00
2015.04.20 16:49:43.067,1.28336,1.28344,1.76,1.00
2015.04.20 16:49:43.219,1.28337,1.28346,1.57,1.00
2015.04.20 16:49:43.270,1.28337,1.28346,2.62,1.00
2015.04.20 16:49:43.422,1.28339,1.28348,1.20,1.10
2015.04.20 16:49:43.573,1.2834,1.28349,1.12,1.10
2015.04.20 16:49:44.373,1.2834,1.2835,1.50,1.20
2015.04.20 16:49:44.874,1.2834,1.28349,1.69,1.00
2015.04.20 16:49:45.478,1.28341,1.2835,1.65,1.20
2015.04.20 16:49:45.932,1.2834,1.28346,1.20,1.00
2015.04.20 16:49:46.259,1.28337,1.28342,1.28,1.00
2015.04.20 16:49:46.562,1.28334,1.28337,2.00,1.00
2015.04.20 16:49:48.875,1.28335,1.28338,1.45,1.00
2015.04.20 16:49:51.406,1.28331,1.28338,1.75,1.00
2015.04.20 16:49:56.570,1.28331,1.2834,2.00,1.50
2015.04.20 16:49:57.370,1.28331,1.2834,2.00,1.69
2015.04.20 16:49:58.368,1.28332,1.2834,1.20,1.69
2015.04.20 16:49:59.377,1.28331,1.2834,2.00,1.69
2015.04.20 16:50:02.396,1.28331,1.2834,1.75,1.50
2015.04.20 16:50:08.592,1.28331,1.2834,2.25,1.19
2015.04.20 16:50:12.580,1.28331,1.2834,2.44,1.19
2015.04.20 16:50:13.610,1.28331,1.2834,2.25,1.19
2015.04.20 16:50:16.793,1.28333,1.28341,1.07,4.01
2015.04.20 16:50:17.341,1.28333,1.28341,1.50,4.39
2015.04.20 16:50:17.872,1.28333,1.28341,1.50,4.01
2015.04.20 16:50:18.321,1.28333,1.28337,1.50,1.50
2015.04.20 16:50:18.575,1.28321,1.28328,1.00,1.29
2015.04.20 16:50:19.730,1.28319,1.28329,1.95,1.39
2015.04.20 16:50:22.022,1.28319,1.2833,2.32,4.46
2015.04.20 16:50:23.741,1.2832,1.2833,1.95,3.34
2015.04.20 16:50:26.853,1.2832,1.2833,1.47,3.71
2015.04.20 16:50:30.562,1.28319,1.28328,3.82,1.00
2015.04.20 16:50:31.069,1.2832,1.28329,1.95,1.76
2015.04.20 16:50:32.921,1.2832,1.28329,1.95,1.76
2015.04.20 16:50:33.619,1.2832,1.28329,1.87,1.69
2015.04.20 16:50:34.131,1.28321,1.28329,1.87,1.69
2015.04.20 16:50:34.940,1.28321,1.2833,1.87,1.39
2015.04.20 16:50:35.935,1.28321,1.2833,1.87,1.76
2015.04.20 16:50:36.941,1.28321,1.2833,1.87,2.14
2015.04.20 16:50:38.947,1.28321,1.28329,1.12,1.19
2015.04.20 16:50:39.947,1.28321,1.28329,1.12,1.69
2015.04.20 16:50:44.968,1.2832,1.28328,1.75,1.50
2015.04.20 16:50:45.484,1.2832,1.28329,1.75,2.44
2015.04.20 16:50:46.796,1.2832,1.28328,1.75,1.00
2015.04.20 16:50:53.942,1.2832,1.28328,2.25,1.19
2015.04.20 16:50:54.960,1.2832,1.2833,1.75,4.55
2015.04.20 16:50:55.497,1.2832,1.2833,1.75,1.19
2015.04.20 16:50:57.471,1.2832,1.2833,1.75,1.19
2015.04.20 16:50:59.961,1.2832,1.2833,1.75,2.44
2015.04.20 16:51:01.464,1.2832,1.28329,1.75,1.25
2015.04.20 16:51:04.348,1.2832,1.28328,1.75,1.00
2015.04.20 16:51:05.472,1.2832,1.28328,1.75,1.69
2015.04.20 16:51:10.518,1.2832,1.28328,1.75,1.69
2015.04.20 16:51:14.103,1.2832,1.2833,2.25,2.51
2015.04.20 16:51:17.083,1.2832,1.28329,1.75,1.69
2015.04.20 16:51:21.091,1.2832,1.28329,1.87,2.23
2015.04.20 16:51:22.128,1.2832,1.28329,1.87,2.44
2015.04.20 16:51:23.129,1.2832,1.28329,1.87,1.69
2015.04.20 16:51:24.096,1.2832,1.28329,1.87,1.69
2015.04.20 16:51:26.142,1.2832,1.28329,1.87,1.19
2015.04.20 16:51:28.119,1.2832,1.28329,3.00,1.25
2015.04.20 16:51:30.174,1.28323,1.2833,1.00,1.31
2015.04.20 16:51:31.128,1.28323,1.28331,1.12,2.51
2015.04.20 16:51:34.067,1.28323,1.28331,1.12,2.51
2015.04.20 16:51:35.019,1.28323,1.28331,1.12,4.01
2015.04.20 16:51:36.061,1.28322,1.28331,1.47,2.51
2015.04.20 16:51:36.574,1.28323,1.28331,1.07,1.69
2015.04.20 16:51:37.021,1.28323,1.28331,1.07,1.69
2015.04.20 16:51:37.526,1.28322,1.28331,1.12,2.51
2015.04.20 16:51:38.073,1.28322,1.28331,1.12,2.59
2015.04.20 16:51:40.033,1.28322,1.28331,1.12,2.59
2015.04.20 16:51:45.457,1.28322,1.28331,1.87,1.84
2015.04.20 16:51:47.454,1.28322,1.28331,1.87,1.84
2015.04.20 16:51:49.459,1.28322,1.28331,1.12,1.65
2015.04.20 16:51:50.227,1.28324,1.28331,1.00,1.65
2015.04.20 16:51:50.482,1.28325,1.28334,1.65,1.31
2015.04.20 16:51:50.534,1.28327,1.28333,1.37,1.17
2015.04.20 16:51:50.685,1.28327,1.28337,2.70,2.68
2015.04.20 16:51:50.736,1.28328,1.28338,1.87,1.85
2015.04.20 16:51:50.939,1.28328,1.28338,1.87,1.73
2015.04.20 16:51:51.444,1.28328,1.28338,2.25,1.19
2015.04.20 16:51:51.945,1.28329,1.2834,1.20,4.18
2015.04.20 16:51:54.365,1.28329,1.2834,3.45,1.76
2015.04.20 16:51:56.404,1.28329,1.28338,1.20,1.19
2015.04.20 16:52:00.195,1.28329,1.28337,1.00,1.39
2015.04.20 16:52:01.713,1.28329,1.28337,1.50,1.39
2015.04.20 16:52:02.694,1.28329,1.28339,1.65,2.06
2015.04.20 16:52:03.492,1.28331,1.28339,1.00,1.69
2015.04.20 16:52:04.003,1.2833,1.2834,2.25,2.98
2015.04.20 16:52:04.512,1.2833,1.28339,1.50,1.69
2015.04.20 16:52:07.734,1.2833,1.28339,1.00,1.69
2015.04.20 16:52:08.728,1.2833,1.28339,1.00,1.69
2015.04.20 16:52:11.354,1.28332,1.2834,1.00,1.94
2015.04.20 16:52:11.849,1.28329,1.28338,1.65,1.20
2015.04.20 16:52:12.353,1.28329,1.28337,1.20,1.25
2015.04.20 16:52:14.747,1.28332,1.28339,1.37,1.69
2015.04.20 16:52:15.020,1.28336,1.28342,1.00,1.00
2015.04.20 16:52:15.538,1.28337,1.28346,1.10,2.71
2015.04.20 16:52:16.225,1.28337,1.28346,1.20,3.01
2015.04.20 16:52:17.336,1.28339,1.28346,1.00,2.26
2015.04.20 16:52:18.266,1.28339,1.28346,1.00,2.26
2015.04.20 16:52:19.541,1.28337,1.28346,2.96,1.76
2015.04.20 16:52:22.742,1.2834,1.28348,1.00,2.95
2015.04.20 16:52:23.275,1.28338,1.28348,2.25,2.80
2015.04.20 16:52:26.481,1.28341,1.28349,1.00,1.25
2015.04.20 16:52:27.533,1.28341,1.28351,1.00,2.21
2015.04.20 16:52:28.848,1.28344,1.28352,1.00,2.44
2015.04.20 16:52:29.448,1.28343,1.2835,1.00,1.25
2015.04.20 16:52:29.549,1.28341,1.28349,1.28,1.00
2015.04.20 16:52:29.600,1.28341,1.28347,1.28,1.00
2015.04.20 16:52:30.105,1.2834,1.28346,1.50,1.00
2015.04.20 16:52:32.064,1.2834,1.28347,2.25,1.10
2015.04.20 16:52:34.069,1.2834,1.28347,1.50,1.29
2015.04.20 16:52:36.445,1.2834,1.28347,2.44,1.10
2015.04.20 16:52:36.749,1.28351,1.28356,1.50,1.29
2015.04.20 16:52:37.001,1.28351,1.28358,1.87,1.25
2015.04.20 16:52:37.506,1.28351,1.28358,1.50,1.25
2015.04.20 16:52:38.281,1.28353,1.28358,1.00,1.25
2015.04.20 16:52:38.383,1.28356,1.28358,1.00,1.25
2015.04.20 16:52:38.639,1.28355,1.28362,1.07,1.19
2015.04.20 16:52:39.155,1.28354,1.28362,1.87,1.19
2015.04.20 16:52:41.130,1.28352,1.2836,2.59,1.25
2015.04.20 16:52:47.409,1.28351,1.2836,2.62,1.25
2015.04.20 16:52:47.919,1.28351,1.2836,1.27,1.84
2015.04.20 16:52:48.407,1.28351,1.28359,1.27,1.19
2015.04.20 16:52:51.492,1.2835,1.2836,2.25,3.71
2015.04.20 16:52:52.529,1.2835,1.28355,2.25,1.00
2015.04.20 16:52:52.782,1.28349,1.28354,1.00,1.20
2015.04.20 16:52:52.833,1.28347,1.28353,1.00,1.19
2015.04.20 16:52:53.358,1.28345,1.28354,2.62,3.71
2015.04.20 16:52:53.863,1.28345,1.28354,1.87,2.21
2015.04.20 16:52:55.234,1.28345,1.28354,2.81,1.65
2015.04.20 16:52:55.436,1.28347,1.28356,2.25,2.98
2015.04.20 16:52:55.537,1.28347,1.28356,1.27,2.38
2015.04.20 16:52:56.067,1.28347,1.28357,1.20,2.98
2015.04.20 16:52:56.219,1.28347,1.28357,1.20,2.98
2015.04.20 16:52:57.647,1.28348,1.28357,1.57,1.48
2015.04.20 16:52:57.849,1.28349,1.28358,2.25,1.31
2015.04.20 16:53:00.248,1.28349,1.28359,1.57,1.39
2015.04.20 16:53:00.500,1.28348,1.28351,3.64,1.00
2015.04.20 16:53:00.804,1.28335,1.28338,1.00,1.00
2015.04.20 16:53:00.855,1.28331,1.28338,1.87,1.19
2015.04.20 16:53:00.906,1.28329,1.28338,3.45,2.81
2015.04.20 16:53:01.008,1.28335,1.28348,1.00,20.66
2015.04.20 16:53:01.058,1.28328,1.28338,1.50,3.56
2015.04.20 16:53:01.223,1.28334,1.28344,1.00,15.94
2015.04.20 16:53:01.392,1.28334,1.28338,1.28,3.30
2015.04.20 16:53:01.493,1.28332,1.28338,1.00,3.56
2015.04.20 16:53:01.595,1.28328,1.28338,1.57,2.98
2015.04.20 16:53:01.848,1.28329,1.28339,1.50,2.00
2015.04.20 16:53:02.353,1.28329,1.2834,1.57,2.81
2015.04.20 16:53:02.698,1.28329,1.2834,2.25,2.14
2015.04.20 16:53:03.930,1.28329,1.28339,1.12,1.29
2015.04.20 16:53:04.959,1.28329,1.28339,1.75,1.19
2015.04.20 16:53:07.769,1.28329,1.28339,3.00,1.19
2015.04.20 16:53:09.622,1.2833,1.28341,2.62,5.23
2015.04.20 16:53:10.158,1.2833,1.28341,2.81,3.19
2015.04.20 16:53:11.534,1.2833,1.2834,1.87,1.69
2015.04.20 16:53:12.066,1.2833,1.28339,1.12,1.00
2015.04.20 16:53:12.584,1.28331,1.28341,1.20,3.19
2015.04.20 16:53:14.588,1.28332,1.28341,1.10,3.19
2015.04.20 16:53:15.790,1.28332,1.28341,1.10,3.19
2015.04.20 16:53:16.793,1.28331,1.2834,1.39,1.19
2015.04.20 16:53:19.050,1.28332,1.2834,1.57,1.00
2015.04.20 16:53:19.101,1.28334,1.28342,1.00,2.51
2015.04.20 16:53:20.230,1.28335,1.28344,1.00,3.19
2015.04.20 16:53:22.763,1.28334,1.28343,1.50,1.46
2015.04.20 16:53:23.313,1.28334,1.28343,1.50,1.46
2015.04.20 16:53:25.263,1.28332,1.28344,3.19,3.94
2015.04.20 16:53:25.768,1.28334,1.28344,1.00,3.19
2015.04.20 16:53:26.274,1.28331,1.28342,2.25,3.19
2015.04.20 16:53:26.823,1.28331,1.2834,1.75,1.00
2015.04.20 16:53:27.327,1.28331,1.2834,1.75,1.69
2015.04.20 16:53:30.373,1.28334,1.2834,1.00,1.69
2015.04.20 16:53:30.880,1.28335,1.2834,1.50,1.19
2015.04.20 16:53:31.420,1.28335,1.2834,1.50,1.25
2015.04.20 16:53:32.335,1.28334,1.2834,1.50,1.25
2015.04.20 16:53:32.860,1.28333,1.2834,1.65,1.00
2015.04.20 16:53:33.165,1.2833,1.28338,2.16,1.50
2015.04.20 16:53:34.444,1.28329,1.28338,1.65,3.19
2015.04.20 16:53:34.848,1.28333,1.28339,1.00,1.39
2015.04.20 16:53:35.252,1.28332,1.28336,1.00,1.00
2015.04.20 16:53:35.353,1.28331,1.2834,1.25,1.20
2015.04.20 16:53:36.325,1.2833,1.2834,1.20,1.84
2015.04.20 16:53:36.376,1.28334,1.28339,1.00,1.25
2015.04.20 16:53:36.528,1.28332,1.28339,1.50,1.25
2015.04.20 16:53:37.077,1.28333,1.28339,1.00,1.25
2015.04.20 16:53:37.684,1.28335,1.28342,1.00,2.14
2015.04.20 16:53:38.218,1.28336,1.28345,1.00,2.59
2015.04.20 16:53:38.789,1.28336,1.28343,1.00,1.00
2015.04.20 16:53:39.357,1.28337,1.28343,1.00,1.00
2015.04.20 16:53:39.741,1.28337,1.28341,1.00,1.00
2015.04.20 16:53:39.843,1.28335,1.28341,1.00,1.00
2015.04.20 16:53:39.894,1.28332,1.28338,1.10,1.00
2015.04.20 16:53:40.046,1.28327,1.28338,1.69,4.12
2015.04.20 16:53:40.377,1.28332,1.28338,1.00,1.12
2015.04.20 16:53:40.520,1.28334,1.2834,1.00,1.10
2015.04.20 16:53:40.573,1.28332,1.28342,1.50,4.10
2015.04.20 16:53:40.624,1.28332,1.28342,1.95,2.81
2015.04.20 16:53:40.725,1.28335,1.28341,1.00,1.00
2015.04.20 16:53:40.776,1.28337,1.28344,1.00,1.10
2015.04.20 16:53:40.878,1.28339,1.28349,1.50,2.98
2015.04.20 16:53:40.980,1.28341,1.2835,1.50,4.48
2015.04.20 16:53:41.031,1.28341,1.2835,1.50,3.00
2015.04.20 16:53:41.284,1.28346,1.28352,1.00,1.00
2015.04.20 16:53:41.588,1.28346,1.28352,1.12,1.00
2015.04.20 16:53:41.639,1.28344,1.28352,1.29,3.00
2015.04.20 16:53:41.690,1.28344,1.28349,1.29,1.00
2015.04.20 16:53:41.741,1.28341,1.28349,2.32,1.00
2015.04.20 16:53:41.892,1.28346,1.28353,1.00,1.20
2015.04.20 16:53:42.196,1.28354,1.28361,2.46,1.12
2015.04.20 16:53:42.701,1.28353,1.28362,3.40,1.37
2015.04.20 16:53:43.214,1.28355,1.28365,1.00,4.85
2015.04.20 16:53:43.568,1.28355,1.2836,1.00,1.37
2015.04.20 16:53:43.719,1.28351,1.2836,3.77,1.00
2015.04.20 16:53:44.174,1.28356,1.28364,1.00,2.68
2015.04.20 16:53:44.698,1.28356,1.28364,1.00,2.25
2015.04.20 16:53:45.203,1.28355,1.28364,1.25,3.00
2015.04.20 16:53:45.464,1.28351,1.28357,2.25,1.25
2015.04.20 16:53:45.616,1.28348,1.28359,1.84,1.64
2015.04.20 16:53:45.667,1.2835,1.28359,1.00,1.26
2015.04.20 16:53:45.769,1.2835,1.2836,2.25,3.07
2015.04.20 16:53:46.314,1.2835,1.2836,3.75,2.02
2015.04.20 16:53:47.278,1.2835,1.28355,1.50,1.00
2015.04.20 16:53:47.480,1.28345,1.28354,5.65,1.00
2015.04.20 16:53:47.582,1.28345,1.28355,3.40,1.31
2015.04.20 16:53:50.521,1.28345,1.28354,3.19,1.00
2015.04.20 16:53:50.774,1.28345,1.28352,1.20,1.00
2015.04.20 16:53:51.279,1.28341,1.28351,2.44,1.00
2015.04.20 16:53:51.783,1.28347,1.28352,1.00,1.50
2015.04.20 16:53:51.986,1.2835,1.28359,1.69,1.45
2015.04.20 16:53:52.516,1.28351,1.2836,1.50,3.19
2015.04.20 16:53:52.971,1.2835,1.28356,2.21,1.00
2015.04.20 16:53:53.173,1.28344,1.28355,8.06,1.57
2015.04.20 16:53:53.224,1.28344,1.28353,2.06,1.00
2015.04.20 16:53:53.477,1.28343,1.28353,1.01,1.00
2015.04.20 16:53:53.986,1.28343,1.28354,1.39,3.19
2015.04.20 16:53:54.510,1.28343,1.28354,3.34,1.69
2015.04.20 16:53:55.030,1.28345,1.28354,1.00,1.69
2015.04.20 16:53:55.081,1.28347,1.28354,1.00,1.50
2015.04.20 16:53:55.386,1.28351,1.28359,1.20,1.19
2015.04.20 16:53:56.187,1.2835,1.28361,1.31,2.56
2015.04.20 16:53:56.761,1.28349,1.28359,2.51,1.22
2015.04.20 16:54:00.679,1.28349,1.28358,3.26,1.00
2015.04.20 16:54:00.982,1.28351,1.28361,1.20,2.60
2015.04.20 16:54:01.979,1.28351,1.28359,1.69,1.00
2015.04.20 16:54:02.632,1.28351,1.2836,1.69,2.79
2015.04.20 16:54:03.180,1.28351,1.2836,1.69,1.50
2015.04.20 16:54:04.740,1.28351,1.28359,1.20,1.00
2015.04.20 16:54:05.174,1.2835,1.28356,1.01,1.00
2015.04.20 16:54:05.579,1.28347,1.28358,3.94,1.69
2015.04.20 16:54:06.322,1.28348,1.28356,1.39,1.00
2015.04.20 16:54:06.524,1.28349,1.28359,1.76,4.01
2015.04.20 16:54:06.676,1.2835,1.28359,1.25,2.30
2015.04.20 16:54:07.227,1.2835,1.2836,2.44,3.43
2015.04.20 16:54:09.004,1.2835,1.28357,1.01,2.25
2015.04.20 16:54:09.307,1.28346,1.28356,1.69,3.00
2015.04.20 16:54:09.882,1.28346,1.28355,1.19,1.20
2015.04.20 16:54:10.414,1.28344,1.28355,2.81,3.00
2015.04.20 16:54:10.943,1.28344,1.28355,2.81,1.50
2015.04.20 16:54:11.982,1.28344,1.28355,3.77,2.44
2015.04.20 16:54:12.542,1.28345,1.28351,1.31,1.00
2015.04.20 16:54:12.592,1.28345,1.28351,1.12,1.00
2015.04.20 16:54:12.694,1.28343,1.28349,1.56,1.00
2015.04.20 16:54:13.199,1.2834,1.28348,1.29,1.00
2015.04.20 16:54:13.714,1.28337,1.28347,3.19,1.00
2015.04.20 16:54:15.004,1.28337,1.28347,3.19,2.25
2015.04.20 16:54:16.022,1.28337,1.28346,1.69,1.00
2015.04.20 16:54:16.656,1.28336,1.28347,1.94,3.19
2015.04.20 16:54:16.909,1.28336,1.28345,1.94,1.00
2015.04.20 16:54:17.444,1.28335,1.28345,3.19,1.00
2015.04.20 16:54:19.631,1.28337,1.28347,1.20,2.44
2015.04.20 16:54:19.682,1.28338,1.28347,1.75,2.44
2015.04.20 16:54:19.986,1.28338,1.28345,1.31,1.00
2015.04.20 16:54:20.642,1.28337,1.28346,2.44,2.25
2015.04.20 16:54:21.154,1.28337,1.28344,2.25,1.00
2015.04.20 16:54:21.692,1.28336,1.28343,1.60,1.00
2015.04.20 16:54:22.214,1.28335,1.28343,1.69,1.00
2015.04.20 16:54:23.130,1.28336,1.28344,1.20,1.25
2015.04.20 16:54:23.485,1.28337,1.28346,1.01,1.00
2015.04.20 16:54:23.536,1.28339,1.28347,1.00,1.69
2015.04.20 16:54:23.839,1.2834,1.28349,1.95,1.19
2015.04.20 16:54:23.940,1.2834,1.28349,2.14,2.25
2015.04.20 16:54:24.874,1.2834,1.28348,1.39,1.00
2015.04.20 16:54:31.040,1.2834,1.2835,1.76,1.76
2015.04.20 16:54:39.085,1.2834,1.2835,1.39,1.10
2015.04.20 16:54:53.112,1.28341,1.28351,1.29,1.20
2015.04.20 16:54:54.075,1.2834,1.2835,1.39,1.57
2015.04.20 16:54:55.087,1.2834,1.2835,1.39,1.57
2015.04.20 16:54:55.631,1.2834,1.28349,1.60,3.00
2015.04.20 16:54:56.384,1.28339,1.28349,2.81,1.50
2015.04.20 16:54:59.600,1.28339,1.28349,3.19,1.50
2015.04.20 16:55:02.230,1.28339,1.28349,3.19,1.50
2015.04.20 16:55:03.251,1.28339,1.28349,2.81,2.25
2015.04.20 16:55:05.209,1.28339,1.28349,3.02,1.00
2015.04.20 16:55:06.313,1.28339,1.28347,1.31,1.00
2015.04.20 16:55:07.316,1.28339,1.28349,1.31,2.44
2015.04.20 16:55:08.238,1.28339,1.28349,1.69,1.50
2015.04.20 16:55:11.089,1.28341,1.28351,1.39,2.89
2015.04.20 16:55:11.745,1.28342,1.28352,1.19,1.87
2015.04.20 16:55:16.466,1.28342,1.28352,1.19,2.06
2015.04.20 16:55:17.679,1.28341,1.28352,2.14,2.62
2015.04.20 16:55:19.633,1.28341,1.28352,1.46,3.94
2015.04.20 16:55:21.170,1.28343,1.28352,1.69,1.75
2015.04.20 16:55:21.321,1.28343,1.28353,1.69,1.50
2015.04.20 16:55:22.155,1.28343,1.28353,1.69,1.50
2015.04.20 16:55:24.229,1.28344,1.28354,2.44,3.35
2015.04.20 16:55:25.183,1.28344,1.28354,2.44,1.87
2015.04.20 16:55:26.820,1.28348,1.28354,1.00,1.31
2015.04.20 16:55:27.339,1.28349,1.28354,1.00,1.31
2015.04.20 16:55:27.890,1.2835,1.28354,1.00,1.31
2015.04.20 16:55:28.405,1.28348,1.28354,1.00,1.87
2015.04.20 16:55:28.506,1.2835,1.28354,1.00,1.50
2015.04.20 16:55:28.657,1.2835,1.28355,1.00,1.01
2015.04.20 16:55:28.708,1.28348,1.28355,1.00,1.01
2015.04.20 16:55:35.708,1.28349,1.28355,1.00,1.10
2015.04.20 16:55:36.238,1.2835,1.28355,1.50,1.01
2015.04.20 16:55:37.052,1.28351,1.28355,1.00,1.01
2015.04.20 16:55:37.556,1.28351,1.28356,1.00,1.06
2015.04.20 16:55:38.754,1.2835,1.28357,1.50,3.16
2015.04.20 16:55:39.608,1.28351,1.28356,1.00,1.06
2015.04.20 16:55:40.206,1.2835,1.28356,1.00,1.06
2015.04.20 16:55:40.729,1.2835,1.28356,1.50,1.66
2015.04.20 16:55:41.587,1.28349,1.28356,1.50,1.85
2015.04.20 16:55:42.114,1.2835,1.28356,1.00,1.85
2015.04.20 16:55:42.617,1.28349,1.28356,1.50,1.85
2015.04.20 16:55:43.157,1.2835,1.28356,1.00,1.85
2015.04.20 16:55:43.677,1.28349,1.28356,1.50,1.31
2015.04.20 16:55:44.366,1.2835,1.28356,1.00,1.85
2015.04.20 16:55:44.900,1.28349,1.28356,1.50,1.85
2015.04.20 16:55:45.434,1.2835,1.28356,1.00,1.85
2015.04.20 16:55:46.207,1.28349,1.28356,1.50,1.64
2015.04.20 16:55:46.787,1.2835,1.28356,1.00,1.85
2015.04.20 16:55:47.475,1.28349,1.28356,1.50,1.20
2015.04.20 16:55:48.218,1.2835,1.28356,1.00,1.20
2015.04.20 16:55:48.768,1.28351,1.28356,1.00,1.48
2015.04.20 16:55:50.925,1.28353,1.28357,1.00,4.10
2015.04.20 16:55:51.646,1.28352,1.28356,1.00,1.29
2015.04.20 16:55:52.548,1.28353,1.28356,1.00,1.29
2015.04.20 16:55:52.869,1.28358,1.28361,1.00,1.01
2015.04.20 16:55:53.537,1.28357,1.28361,1.00,2.06
2015.04.20 16:55:54.169,1.28356,1.28361,1.50,1.57
2015.04.20 16:55:57.053,1.28355,1.28359,1.50,2.06
2015.04.20 16:55:58.338,1.28354,1.28359,1.00,1.12
2015.04.20 16:55:58.910,1.28355,1.28359,1.00,1.12
2015.04.20 16:55:59.431,1.28354,1.28359,1.00,1.87
2015.04.20 16:55:59.634,1.28357,1.2836,1.00,1.87
2015.04.20 16:56:00.139,1.28357,1.2836,1.00,1.45
2015.04.20 16:56:02.022,1.28357,1.28361,1.00,1.50
2015.04.20 16:56:07.259,1.28357,1.28361,1.37,1.50
2015.04.20 16:56:08.360,1.28359,1.28361,1.00,1.50
2015.04.20 16:56:08.863,1.28357,1.28361,1.37,1.50
2015.04.20 16:56:10.637,1.28357,1.2836,1.00,1.20
2015.04.20 16:56:10.789,1.28355,1.2836,1.12,1.20
2015.04.20 16:56:10.890,1.28355,1.28359,1.12,1.50
2015.04.20 16:56:11.143,1.28356,1.28361,1.00,1.20
2015.04.20 16:56:11.680,1.28356,1.28361,1.00,1.50
2015.04.20 16:56:12.196,1.28357,1.28363,1.00,2.89
2015.04.20 16:56:12.700,1.28358,1.28361,1.00,1.25
2015.04.20 16:56:13.231,1.28358,1.28362,1.00,1.76
2015.04.20 16:56:13.756,1.28357,1.28362,1.12,1.76
2015.04.20 16:56:14.261,1.28355,1.28361,1.37,1.00
2015.04.20 16:56:14.944,1.28355,1.28363,4.12,2.30
2015.04.20 16:56:16.212,1.28355,1.28363,3.45,1.00
2015.04.20 16:56:16.719,1.28357,1.28362,1.12,1.00
2015.04.20 16:56:17.231,1.28357,1.28363,1.12,1.00
2015.04.20 16:56:19.268,1.28355,1.28361,3.64,1.00
2015.04.20 16:56:19.722,1.28355,1.28363,2.89,1.69
2015.04.20 16:56:19.823,1.28355,1.28359,2.14,1.00
2015.04.20 16:56:19.925,1.28354,1.28358,1.00,1.00
2015.04.20 16:56:20.026,1.28352,1.28358,1.00,1.20
2015.04.20 16:56:27.129,1.28349,1.28358,2.14,1.76
2015.04.20 16:56:32.295,1.28349,1.28356,1.62,1.00
2015.04.20 16:56:32.346,1.2835,1.28353,1.00,1.69
2015.04.20 16:56:32.448,1.28345,1.28349,1.28,1.00
2015.04.20 16:56:32.549,1.28344,1.28347,1.28,1.10
2015.04.20 16:56:32.852,1.2834,1.28343,1.28,1.00
2015.04.20 16:56:33.105,1.28339,1.28342,1.66,1.00
2015.04.20 16:56:33.206,1.28337,1.28341,1.28,1.00
2015.04.20 16:56:33.413,1.28333,1.28341,2.62,1.00
2015.04.20 16:56:33.933,1.28333,1.28341,1.20,1.00
2015.04.20 16:56:34.460,1.28333,1.28341,2.25,1.00
2015.04.20 16:56:38.060,1.28332,1.28341,1.31,1.50
2015.04.20 16:56:39.338,1.28333,1.28343,1.39,1.93
2015.04.20 16:56:39.843,1.28333,1.28343,1.69,2.44
2015.04.20 16:56:39.995,1.28332,1.28342,2.06,2.14
2015.04.20 16:56:40.499,1.28332,1.28341,2.81,1.50
2015.04.20 16:56:41.054,1.28332,1.28339,2.62,1.00
2015.04.20 16:56:41.567,1.28331,1.28339,1.12,1.00
2015.04.20 16:56:42.093,1.28332,1.2834,1.07,1.00
2015.04.20 16:56:44.153,1.28332,1.28339,1.32,1.00
2015.04.20 16:56:44.873,1.28332,1.28339,4.76,1.00
2015.04.20 16:56:44.975,1.28336,1.28343,1.25,1.36
2015.04.20 16:56:45.076,1.28335,1.28344,2.04,1.85
2015.04.20 16:56:45.329,1.28334,1.28344,3.56,2.23
2015.04.20 16:56:45.531,1.28334,1.28343,3.19,1.00
2015.04.20 16:56:46.048,1.28334,1.28342,2.62,1.50
2015.04.20 16:56:47.175,1.28334,1.2834,1.87,1.00
2015.04.20 16:56:47.683,1.28333,1.2834,2.00,1.50
2015.04.20 16:56:48.845,1.28331,1.2834,1.69,1.65
2015.04.20 16:56:49.390,1.28331,1.2834,1.69,2.40
2015.04.20 16:56:49.903,1.28331,1.28339,1.69,1.00
2015.04.20 16:56:50.448,1.28331,1.2834,1.50,2.40
2015.04.20 16:56:50.954,1.28331,1.2834,1.69,1.84
2015.04.20 16:56:52.057,1.28331,1.2834,1.69,1.84
2015.04.20 16:56:54.060,1.28331,1.2834,1.69,2.59
2015.04.20 16:56:55.062,1.28331,1.2834,1.69,1.65
2015.04.20 16:56:58.307,1.28331,1.2834,1.69,1.84
2015.04.20 16:57:01.647,1.28334,1.2834,1.00,1.39
2015.04.20 16:57:01.951,1.28341,1.28346,6.75,4.85
2015.04.20 16:57:02.366,1.28341,1.28346,6.75,3.19
2015.04.20 16:57:02.735,1.28341,1.28344,6.75,1.50
2015.04.20 16:57:03.038,1.28339,1.28341,6.75,1.00
2015.04.20 16:57:03.568,1.28339,1.28342,6.75,2.44
2015.04.20 16:57:04.879,1.28339,1.28342,6.75,1.69
2015.04.20 16:57:05.408,1.28338,1.28342,6.75,1.69
2015.04.20 16:57:08.819,1.28339,1.28342,6.75,1.00
2015.04.20 16:57:10.078,1.28339,1.28343,6.75,2.44
2015.04.20 16:57:11.622,1.28339,1.28343,6.75,1.19
2015.04.20 16:57:12.128,1.28337,1.28341,6.75,1.19
2015.04.20 16:57:13.192,1.28336,1.28339,6.75,1.50
2015.04.20 16:57:13.243,1.28333,1.28339,6.75,1.50
2015.04.20 16:57:13.397,1.28333,1.28336,6.75,1.00
2015.04.20 16:57:13.700,1.28328,1.28331,6.75,1.50
2015.04.20 16:57:13.904,1.28331,1.28333,6.75,1.10
2015.04.20 16:57:14.434,1.28331,1.28335,6.75,2.44
2015.04.20 16:57:14.959,1.28331,1.28335,6.75,1.69
2015.04.20 16:57:15.497,1.28331,1.28334,6.75,1.00
2015.04.20 16:57:16.161,1.2833,1.28333,6.75,1.00
2015.04.20 16:57:16.515,1.28328,1.28332,6.75,1.25
2015.04.20 16:57:16.616,1.28328,1.2833,6.75,1.00
2015.04.20 16:57:17.171,1.28327,1.28331,6.75,2.32
2015.04.20 16:57:17.474,1.28329,1.28332,6.75,1.25
2015.04.20 16:57:18.447,1.2833,1.28334,6.75,2.14
2015.04.20 16:57:18.599,1.28325,1.28334,1.12,1.39
2015.04.20 16:57:18.650,1.28327,1.28334,1.19,1.20
2015.04.20 16:57:18.751,1.28328,1.28337,1.62,3.05
2015.04.20 16:57:19.278,1.2833,1.28338,1.10,1.19
2015.04.20 16:57:19.481,1.28333,1.28335,6.75,1.00
2015.04.20 16:57:20.043,1.28333,1.28337,6.75,1.69
2015.04.20 16:57:21.778,1.28332,1.28335,6.75,1.00
2015.04.20 16:57:22.325,1.28332,1.28334,6.75,1.50
2015.04.20 16:57:24.567,1.28329,1.28333,6.75,1.00
2015.04.20 16:57:24.769,1.28325,1.28333,1.50,1.00
2015.04.20 16:57:28.386,1.28325,1.28332,1.69,1.00
2015.04.20 16:57:28.437,1.28325,1.2833,1.69,1.00
2015.04.20 16:57:28.740,1.28317,1.28323,2.54,1.00
2015.04.20 16:57:28.892,1.28317,1.28323,1.04,1.00
2015.04.20 16:57:29.094,1.28315,1.28323,2.25,1.00
2015.04.20 16:57:29.362,1.28315,1.28325,2.25,1.25
2015.04.20 16:57:29.889,1.28316,1.28324,1.75,1.25
2015.04.20 16:57:30.744,1.28316,1.28324,1.75,2.44
2015.04.20 16:57:31.265,1.28317,1.28324,2.25,2.25
2015.04.20 16:57:31.367,1.28318,1.28326,1.20,1.25
2015.04.20 16:57:31.418,1.28318,1.28327,2.25,2.98
2015.04.20 16:57:32.079,1.28318,1.28327,2.25,2.25
2015.04.20 16:57:32.382,1.2832,1.28328,2.62,1.25
2015.04.20 16:57:32.886,1.2832,1.28326,2.62,1.00
2015.04.20 16:57:33.417,1.2832,1.28329,2.62,1.00
2015.04.20 16:57:34.557,1.28321,1.28329,4.87,1.00
2015.04.20 16:57:36.618,1.28322,1.28332,3.15,1.84
2015.04.20 16:57:37.575,1.28323,1.28332,1.01,1.50
2015.04.20 16:57:38.159,1.28325,1.28332,1.00,1.50
2015.04.20 16:57:39.438,1.28324,1.28332,1.39,1.50
2015.04.20 16:57:42.497,1.28323,1.28332,2.89,1.69
2015.04.20 16:57:44.533,1.28323,1.28331,1.69,1.00
2015.04.20 16:57:44.735,1.28322,1.28331,2.06,2.44
2015.04.20 16:57:46.156,1.28322,1.28326,1.57,1.00
2015.04.20 16:57:46.459,1.28315,1.28318,3.75,1.00
2015.04.20 16:57:46.762,1.2831,1.28318,1.00,1.50
2015.04.20 16:57:46.814,1.28311,1.28315,1.00,1.87
2015.04.20 16:57:47.118,1.28304,1.2831,3.07,1.00
2015.04.20 16:57:47.422,1.28304,1.28309,2.25,1.87
2015.04.20 16:57:47.473,1.28304,1.28309,2.25,1.50
2015.04.20 16:57:47.524,1.283,1.28309,1.87,1.50
2015.04.20 16:57:48.317,1.28304,1.28309,3.00,1.50
2015.04.20 16:57:48.368,1.28305,1.28311,1.37,3.31
2015.04.20 16:57:48.419,1.28308,1.28311,1.00,1.65
2015.04.20 16:57:48.470,1.28308,1.28317,1.00,1.84
2015.04.20 16:57:48.975,1.28308,1.28319,1.95,3.64
2015.04.20 16:57:49.581,1.28309,1.28319,1.10,1.39
2015.04.20 16:57:50.099,1.28309,1.28319,1.50,1.25
2015.04.20 16:57:50.658,1.28309,1.2832,2.25,2.96
2015.04.20 16:57:51.203,1.28311,1.2832,1.00,1.46
2015.04.20 16:57:52.196,1.28311,1.2832,1.95,1.00
2015.04.20 16:57:53.201,1.28314,1.2832,1.00,1.00
2015.04.20 16:57:53.414,1.28315,1.28322,1.50,1.00
2015.04.20 16:57:53.920,1.28314,1.28323,2.06,1.50
2015.04.20 16:57:54.071,1.28314,1.28323,1.25,1.50
2015.04.20 16:57:54.324,1.28318,1.28323,1.00,1.50
2015.04.20 16:57:54.628,1.28321,1.28328,1.50,1.10
2015.04.20 16:57:55.133,1.28321,1.28327,1.00,2.41
2015.04.20 16:57:55.649,1.28322,1.28329,1.00,2.60
2015.04.20 16:57:55.750,1.28322,1.28329,1.00,2.06
2015.04.20 16:57:56.838,1.2832,1.28327,1.69,1.37
2015.04.20 16:57:57.951,1.28319,1.28327,2.32,1.37
2015.04.20 16:57:59.360,1.28317,1.28325,1.12,1.50
2015.04.20 16:57:59.461,1.28315,1.28324,5.14,1.50
2015.04.20 16:57:59.865,1.28315,1.28323,1.65,1.37
2015.04.20 16:58:00.068,1.28313,1.2832,1.28,2.25
2015.04.20 16:58:00.582,1.28311,1.28319,1.69,1.00
2015.04.20 16:58:01.086,1.28311,1.2832,1.25,3.64
2015.04.20 16:58:03.946,1.28311,1.2832,1.00,1.76
2015.04.20 16:58:06.053,1.28311,1.2832,1.25,1.76
2015.04.20 16:58:06.938,1.28311,1.2832,1.39,1.69
2015.04.20 16:58:07.039,1.28316,1.2832,1.00,1.00
2015.04.20 16:58:07.191,1.28318,1.28325,1.69,2.04
2015.04.20 16:58:07.596,1.28319,1.28329,1.95,2.06
2015.04.20 16:58:08.123,1.28319,1.28329,1.20,3.94
2015.04.20 16:58:09.153,1.28319,1.28329,1.50,2.96
2015.04.20 16:58:11.493,1.28318,1.28327,3.34,1.57
2015.04.20 16:58:13.180,1.28319,1.28328,1.00,3.56
2015.04.20 16:58:13.282,1.28319,1.28328,1.00,3.19
2015.04.20 16:58:13.810,1.28318,1.28327,1.09,1.65
2015.04.20 16:58:14.461,1.28317,1.28326,2.44,1.00
2015.04.20 16:58:14.992,1.28319,1.28327,1.00,1.20
2015.04.20 16:58:15.904,1.28318,1.28327,1.65,1.09
2015.04.20 16:58:15.955,1.28318,1.28327,1.20,1.84
2015.04.20 16:58:16.057,1.28316,1.28324,1.10,1.00
2015.04.20 16:58:16.561,1.28315,1.28326,4.57,1.29
2015.04.20 16:58:17.356,1.28315,1.28326,5.14,1.29
2015.04.20 16:58:17.876,1.28317,1.28326,1.39,1.19
2015.04.20 16:58:18.423,1.28317,1.28326,1.76,1.00
2015.04.20 16:58:18.926,1.28318,1.28326,1.57,1.00
2015.04.20 16:58:20.597,1.28319,1.28327,1.00,1.00
2015.04.20 16:58:21.102,1.28318,1.28328,2.62,2.44
2015.04.20 16:58:24.593,1.28319,1.28328,1.31,1.69
2015.04.20 16:58:27.068,1.28319,1.28326,1.64,1.00
2015.04.20 16:58:30.371,1.28319,1.28327,1.45,2.44
2015.04.20 16:58:30.914,1.28318,1.28327,2.06,2.44
2015.04.20 16:58:31.716,1.28319,1.28327,1.20,2.44
2015.04.20 16:58:32.078,1.28319,1.28322,1.69,1.00
2015.04.20 16:58:32.230,1.28313,1.28317,3.75,1.00
2015.04.20 16:58:32.383,1.2831,1.28316,1.50,1.00
2015.04.20 16:58:32.888,1.28309,1.28317,1.12,1.69
2015.04.20 16:58:33.853,1.28309,1.28315,1.12,1.00
2015.04.20 16:58:35.828,1.28308,1.28316,2.44,1.00
2015.04.20 16:58:36.934,1.28308,1.28314,2.44,1.00
2015.04.20 16:58:37.439,1.28308,1.28314,1.39,1.00
2015.04.20 16:58:37.963,1.28306,1.28314,2.44,1.00
2015.04.20 16:58:39.040,1.28306,1.28314,1.20,1.00
2015.04.20 16:58:42.802,1.2831,1.28314,1.00,1.00
2015.04.20 16:58:42.954,1.2831,1.28317,1.50,1.25
2015.04.20 16:58:43.056,1.28308,1.28314,2.51,1.00
2015.04.20 16:58:43.157,1.28308,1.28317,1.29,2.06
2015.04.20 16:58:43.259,1.28312,1.28318,1.00,2.14
2015.04.20 16:58:43.461,1.28308,1.28317,1.29,1.62
2015.04.20 16:58:43.615,1.28306,1.28314,2.81,1.00
2015.04.20 16:58:44.120,1.28307,1.28317,1.19,2.81
2015.04.20 16:58:44.631,1.28306,1.28317,1.84,5.06
2015.04.20 16:58:45.085,1.28309,1.28317,1.00,1.32
2015.04.20 16:58:45.590,1.28309,1.28318,2.40,1.56
2015.04.20 16:58:46.148,1.2831,1.2832,1.00,5.44
2015.04.20 16:58:46.831,1.28309,1.2832,3.34,3.56
2015.04.20 16:58:47.363,1.2831,1.2832,1.00,5.06
2015.04.20 16:58:48.495,1.28309,1.2832,3.34,3.56
2015.04.20 16:58:48.798,1.28311,1.2832,1.00,3.56
2015.04.20 16:58:49.312,1.2831,1.28319,1.57,1.62
2015.04.20 16:58:50.672,1.2831,1.2832,1.95,3.26
2015.04.20 16:58:51.201,1.2831,1.28318,2.89,1.00
2015.04.20 16:58:51.723,1.28314,1.28319,1.00,1.69
2015.04.20 16:58:51.976,1.28317,1.28325,1.25,1.20
2015.04.20 16:58:52.026,1.28322,1.28326,1.00,1.19
2015.04.20 16:58:52.077,1.28322,1.28328,1.00,1.20
2015.04.20 16:58:52.583,1.28321,1.28331,1.10,1.39
2015.04.20 16:58:53.463,1.28321,1.28331,2.51,1.39
2015.04.20 16:58:54.002,1.28323,1.28332,3.00,1.39
2015.04.20 16:58:54.552,1.28323,1.28333,2.44,2.44
2015.04.20 16:58:58.895,1.28325,1.28333,1.87,3.19
2015.04.20 16:58:58.996,1.28325,1.28335,2.62,1.39
2015.04.20 16:58:59.534,1.28326,1.28336,1.12,3.56
2015.04.20 16:59:00.207,1.28325,1.28336,4.54,3.56
2015.04.20 16:59:00.713,1.28325,1.28336,5.29,1.39
2015.04.20 16:59:01.562,1.28325,1.28336,3.41,1.20
2015.04.20 16:59:02.582,1.28326,1.28336,1.09,1.39
2015.04.20 16:59:03.118,1.28327,1.28336,1.20,1.19
2015.04.20 16:59:03.647,1.28326,1.28336,1.50,1.25
2015.04.20 16:59:04.167,1.28325,1.28335,5.06,1.00
2015.04.20 16:59:05.794,1.28327,1.28337,2.40,1.46
2015.04.20 16:59:05.845,1.28329,1.28337,1.00,1.09
2015.04.20 16:59:06.148,1.28332,1.28341,1.00,1.31
2015.04.20 16:59:06.737,1.28331,1.28341,1.10,2.06
2015.04.20 16:59:07.363,1.28332,1.28341,1.00,1.12
2015.04.20 16:59:07.465,1.28332,1.28342,1.20,1.69
2015.04.20 16:59:10.175,1.28331,1.28339,1.84,1.20
2015.04.20 16:59:10.629,1.28329,1.28338,1.20,1.10
2015.04.20 16:59:11.125,1.28328,1.28338,1.09,2.25
2015.04.20 16:59:11.827,1.28327,1.28336,2.44,1.00
2015.04.20 16:59:11.974,1.2833,1.28336,1.00,1.00
2015.04.20 16:59:12.278,1.2833,1.28333,1.00,1.00
2015.04.20 16:59:12.330,1.28327,1.2833,1.87,1.00
2015.04.20 16:59:12.380,1.28321,1.28323,1.10,1.87
2015.04.20 16:59:12.684,1.28312,1.28315,1.28,1.00
2015.04.20 16:59:12.835,1.2831,1.28314,2.25,1.00
2015.04.20 16:59:12.886,1.28307,1.28314,1.94,1.00
2015.04.20 16:59:13.694,1.28306,1.28314,2.81,1.50
2015.04.20 16:59:13.795,1.2831,1.28315,1.19,1.00
2015.04.20 16:59:13.846,1.28311,1.28319,1.25,1.20
2015.04.20 16:59:13.897,1.28313,1.28319,1.50,1.10
2015.04.20 16:59:14.150,1.28309,1.28316,1.75,1.00
2015.04.20 16:59:14.251,1.28308,1.28317,1.09,3.00
2015.04.20 16:59:14.777,1.28306,1.28315,1.29,1.10
2015.04.20 16:59:15.290,1.28306,1.28315,1.29,1.10
2015.04.20 16:59:16.739,1.28308,1.28315,1.28,1.10
2015.04.20 16:59:17.245,1.28307,1.28315,3.19,1.10
2015.04.20 16:59:18.152,1.28307,1.28315,2.44,1.20
2015.04.20 16:59:19.123,1.28311,1.28317,1.50,1.50
2015.04.20 16:59:19.225,1.2831,1.28318,1.00,1.47
2015.04.20 16:59:19.729,1.28307,1.28316,2.06,1.00
2015.04.20 16:59:20.033,1.28307,1.28315,1.20,1.25
2015.04.20 16:59:20.537,1.28306,1.28316,1.00,2.44
2015.04.20 16:59:21.042,1.28306,1.28314,1.37,1.10
2015.04.20 16:59:22.050,1.28308,1.28316,1.12,1.20
2015.04.20 16:59:22.555,1.28307,1.28316,1.37,2.00
2015.04.20 16:59:23.595,1.28307,1.28316,1.00,2.44
2015.04.20 16:59:25.144,1.28309,1.28316,1.00,1.75
2015.04.20 16:59:25.397,1.28309,1.28317,1.50,1.25
2015.04.20 16:59:26.226,1.28309,1.28318,1.69,1.84
2015.04.20 16:59:27.384,1.28312,1.28317,1.00,1.00
2015.04.20 16:59:27.637,1.28312,1.28321,1.25,2.23
2015.04.20 16:59:28.171,1.28313,1.28322,1.50,4.39
2015.04.20 16:59:28.489,1.28313,1.28318,1.00,1.00
2015.04.20 16:59:28.691,1.28308,1.28316,1.76,1.50
2015.04.20 16:59:28.994,1.28305,1.28314,4.39,1.00
2015.04.20 16:59:29.675,1.28305,1.28315,6.64,1.39
2015.04.20 16:59:30.092,1.28306,1.28316,1.50,2.81
2015.04.20 16:59:30.620,1.28305,1.28315,3.26,2.14
2015.04.20 16:59:31.884,1.28307,1.28315,1.00,1.39
2015.04.20 16:59:32.405,1.28308,1.28315,1.50,1.39
2015.04.20 16:59:33.050,1.28306,1.28315,1.00,1.39
2015.04.20 16:59:33.151,1.28308,1.28316,1.00,1.12
2015.04.20 16:59:35.565,1.28307,1.28316,1.25,1.31
2015.04.20 16:59:37.385,1.28308,1.28316,1.00,2.81
2015.04.20 16:59:38.996,1.28309,1.28315,1.50,1.20
2015.04.20 16:59:39.511,1.28309,1.28317,1.00,3.56
2015.04.20 16:59:40.046,1.2831,1.28317,1.00,2.06
2015.04.20 16:59:42.278,1.28312,1.28317,1.00,1.12
2015.04.20 16:59:42.531,1.28315,1.28321,1.00,1.17
2015.04.20 16:59:43.081,1.28315,1.28322,1.50,3.13
2015.04.20 16:59:43.555,1.28315,1.28322,1.50,3.13
2015.04.20 16:59:43.708,1.28312,1.28319,1.76,1.00
2015.04.20 16:59:44.322,1.28315,1.28321,1.00,1.57
2015.04.20 16:59:44.423,1.28315,1.28324,1.00,4.18
2015.04.20 16:59:44.575,1.28316,1.28324,1.25,2.68
2015.04.20 16:59:44.979,1.28316,1.28324,1.25,1.93
2015.04.20 16:59:47.652,1.28315,1.28322,1.19,1.00
2015.04.20 16:59:48.157,1.28315,1.28323,1.19,1.57
2015.04.20 16:59:48.673,1.28315,1.28323,1.00,1.76
2015.04.20 16:59:49.922,1.28315,1.28323,2.25,1.10
2015.04.20 16:59:50.429,1.28315,1.28322,1.00,1.00
2015.04.20 16:59:51.033,1.28315,1.28321,1.25,1.50
2015.04.20 16:59:52.101,1.28312,1.28323,2.14,5.06
2015.04.20 16:59:52.152,1.28315,1.28323,1.00,4.31
2015.04.20 16:59:52.253,1.28313,1.28322,2.32,1.39
2015.04.20 16:59:53.533,1.28314,1.28322,1.00,1.95
2015.04.20 16:59:54.042,1.28315,1.28322,1.00,1.20
2015.04.20 16:59:54.481,1.28313,1.28322,1.76,1.95
2015.04.20 16:59:55.680,1.28314,1.28322,1.00,1.20
2015.04.20 16:59:56.232,1.28313,1.28322,2.51,1.20
2015.04.20 16:59:57.622,1.28313,1.28318,1.01,1.00
2015.04.20 16:59:57.834,1.2831,1.28319,1.84,1.25
2015.04.20 16:59:57.937,1.28309,1.28317,2.44,1.50
2015.04.20 16:59:58.038,1.28309,1.28317,1.00,2.44
2015.04.20 16:59:58.544,1.2831,1.28316,1.00,1.69
2015.04.20 16:59:58.646,1.28314,1.28316,1.00,1.50
2015.04.20 16:59:58.899,1.28325,1.28331,2.59,1.50
2015.04.20 16:59:59.001,1.28327,1.28332,1.00,1.00
2015.04.20 16:59:59.102,1.28324,1.28328,1.95,1.00
2015.04.20 16:59:59.254,1.28321,1.28327,1.75,1.50
2015.04.20 16:59:59.406,1.2832,1.28325,1.87,1.00
2015.04.20 16:59:59.457,1.2832,1.28325,1.00,1.00
2015.04.20 16:59:59.508,1.2832,1.28327,1.00,1.00
2015.04.20 16:59:59.609,1.28321,1.28329,1.20,1.00
2015.04.20 16:59:59.923,1.28319,1.28327,1.20,1.00
2015.04.20 16:59:59.974,1.28321,1.28327,1.00,1.00
