2015.04.03 16:00:00.037,1.30702,1.3072,1.00,1.19
2015.04.03 16:00:00.547,1.307,1.3072,1.37,1.28
2015.04.03 16:00:01.051,1.307,1.3072,1.00,2.91
2015.04.03 16:00:01.153,1.30697,1.3072,1.69,2.91
2015.04.03 16:00:01.204,1.30697,1.3072,1.69,1.28
2015.04.03 16:00:02.906,1.30698,1.30719,1.00,3.28
2015.04.03 16:00:03.692,1.30697,1.30719,1.69,1.78
2015.04.03 16:00:03.905,1.30697,1.3072,1.69,2.53
2015.04.03 16:00:05.102,1.30698,1.3072,1.25,2.53
2015.04.03 16:00:06.862,1.30698,1.3072,1.19,1.78
2015.04.03 16:00:09.756,1.30701,1.30721,1.00,1.28
2015.04.03 16:00:10.268,1.30701,1.30722,1.25,1.28
2015.04.03 16:00:11.386,1.307,1.30721,1.25,1.19
2015.04.03 16:00:12.407,1.307,1.3072,1.25,1.19
2015.04.03 16:00:12.984,1.30701,1.30722,1.00,1.19
2015.04.03 16:00:13.393,1.30699,1.30723,1.19,3.28
2015.04.03 16:00:14.775,1.30701,1.30723,1.00,1.19
2015.04.03 16:00:15.404,1.30701,1.30721,1.00,1.19
2015.04.03 16:00:15.942,1.307,1.30721,1.00,1.19
2015.04.03 16:00:17.320,1.307,1.30721,1.25,1.19
2015.04.03 16:00:17.374,1.30706,1.30729,1.31,1.41
2015.04.03 16:00:17.835,1.30707,1.30731,1.19,1.20
2015.04.03 16:00:17.938,1.30709,1.30733,1.19,1.25
2015.04.03 16:00:19.038,1.3071,1.30736,3.19,1.69
2015.04.03 16:00:20.041,1.3071,1.30736,3.19,1.69
2015.04.03 16:00:21.296,1.30713,1.30737,1.19,1.31
2015.04.03 16:00:22.004,1.30713,1.30737,1.69,1.19
2015.04.03 16:00:23.012,1.30715,1.30739,1.19,1.31
2015.04.03 16:00:24.017,1.30715,1.30739,2.06,1.31
2015.04.03 16:00:25.161,1.30715,1.30739,1.00,1.00
2015.04.03 16:00:26.083,1.30717,1.3074,1.00,1.00
2015.04.03 16:00:26.592,1.30717,1.30741,1.00,1.00
2015.04.03 16:00:26.931,1.30717,1.30741,1.19,1.19
2015.04.03 16:00:27.818,1.30717,1.30741,1.19,1.19
2015.04.03 16:00:29.823,1.30717,1.30741,1.19,1.31
2015.04.03 16:00:34.076,1.30717,1.30741,1.31,1.31
2015.04.03 16:00:35.090,1.30717,1.30741,1.19,1.19
2015.04.03 16:00:36.176,1.30717,1.30739,2.06,1.00
2015.04.03 16:00:37.443,1.30717,1.30739,2.06,1.25
2015.04.03 16:00:44.162,1.30719,1.30739,1.31,1.00
2015.04.03 16:00:45.085,1.30719,1.30738,1.31,1.00
2015.04.03 16:00:47.169,1.3072,1.30738,1.19,1.00
2015.04.03 16:00:50.192,1.3072,1.30738,1.31,1.00
2015.04.03 16:00:51.792,1.3072,1.30739,1.19,1.00
2015.04.03 16:00:52.229,1.30718,1.30739,2.06,1.00
2015.04.03 16:00:54.332,1.30718,1.30742,1.19,1.31
2015.04.03 16:00:55.003,1.30718,1.30742,1.19,1.19
2015.04.03 16:00:58.011,1.30718,1.30742,1.19,1.19
2015.04.03 16:01:05.030,1.30718,1.30742,2.06,1.19
2015.04.03 16:01:06.447,1.30716,1.30741,2.06,1.19
2015.04.03 16:01:06.867,1.30717,1.30739,1.00,1.00
2015.04.03 16:01:06.969,1.30715,1.30739,1.00,1.37
2015.04.03 16:01:07.518,1.30714,1.30739,1.50,1.37
2015.04.03 16:01:10.381,1.30714,1.30737,1.00,1.37
2015.04.03 16:01:11.986,1.30714,1.30737,1.00,1.62
2015.04.03 16:01:13.495,1.30714,1.30737,1.25,1.56
2015.04.03 16:01:14.279,1.30715,1.30737,1.00,1.37
2015.04.03 16:01:14.584,1.30715,1.30737,1.00,1.66
2015.04.03 16:01:15.221,1.30718,1.30736,1.00,2.81
2015.04.03 16:01:15.474,1.30716,1.30737,1.00,1.28
2015.04.03 16:01:18.828,1.30718,1.3074,1.00,3.28
2015.04.03 16:01:19.397,1.30718,1.30739,1.25,1.31
2015.04.03 16:01:20.398,1.30718,1.30738,1.19,1.31
2015.04.03 16:01:22.403,1.30718,1.30735,1.19,1.00
2015.04.03 16:01:22.504,1.30714,1.30735,1.19,1.19
2015.04.03 16:01:24.231,1.30709,1.30731,1.31,1.25
2015.04.03 16:01:24.737,1.3071,1.3073,1.19,1.00
2015.04.03 16:01:25.245,1.3071,1.30729,1.19,1.00
2015.04.03 16:01:25.296,1.3071,1.30729,1.00,1.00
2015.04.03 16:01:27.767,1.30711,1.30729,1.00,1.00
2015.04.03 16:01:28.272,1.3071,1.3073,1.00,2.25
2015.04.03 16:01:28.818,1.3071,1.30728,1.00,1.00
2015.04.03 16:01:30.248,1.3071,1.30727,1.00,1.00
2015.04.03 16:01:30.524,1.3071,1.3073,1.00,1.50
2015.04.03 16:01:31.025,1.3071,1.30729,1.00,1.00
2015.04.03 16:01:31.566,1.3071,1.30728,1.00,1.00
2015.04.03 16:01:33.032,1.3071,1.30729,1.00,1.00
2015.04.03 16:01:36.855,1.3071,1.3073,1.00,1.50
2015.04.03 16:01:37.474,1.3071,1.30729,1.00,1.00
2015.04.03 16:01:39.339,1.3071,1.30728,1.00,1.00
2015.04.03 16:01:41.418,1.30709,1.30728,1.00,1.00
2015.04.03 16:01:43.751,1.30709,1.30726,1.00,1.00
2015.04.03 16:01:49.082,1.30709,1.30727,1.00,1.00
2015.04.03 16:01:49.751,1.30706,1.30727,1.00,1.00
2015.04.03 16:01:51.538,1.30705,1.30727,1.12,1.00
2015.04.03 16:01:55.672,1.30703,1.30725,1.37,1.00
2015.04.03 16:02:02.122,1.30701,1.30725,1.43,1.00
2015.04.03 16:02:10.605,1.30703,1.30724,1.37,1.00
2015.04.03 16:02:15.016,1.30703,1.30724,1.00,1.00
2015.04.03 16:02:15.929,1.30703,1.30726,1.00,1.00
2015.04.03 16:02:16.600,1.30702,1.30726,1.00,1.00
2015.04.03 16:02:16.702,1.307,1.30719,2.25,1.72
2015.04.03 16:02:17.751,1.30697,1.30718,1.37,2.57
2015.04.03 16:02:19.213,1.30697,1.30717,1.37,1.00
2015.04.03 16:02:19.889,1.30697,1.30718,1.37,1.59
2015.04.03 16:02:20.532,1.30697,1.30717,1.37,1.00
2015.04.03 16:02:27.838,1.30697,1.30718,1.37,1.59
2015.04.03 16:02:28.534,1.30697,1.30717,1.37,1.00
2015.04.03 16:02:32.288,1.30697,1.30717,1.00,1.50
2015.04.03 16:02:32.339,1.30694,1.30717,1.06,1.50
2015.04.03 16:02:32.542,1.30693,1.30713,2.25,1.00
2015.04.03 16:02:32.592,1.3069,1.30713,2.25,1.00
2015.04.03 16:02:32.795,1.30689,1.30708,1.00,1.00
2015.04.03 16:02:32.846,1.30687,1.30708,1.00,1.00
2015.04.03 16:02:33.049,1.30684,1.30708,3.75,1.00
2015.04.03 16:02:33.623,1.30684,1.3071,3.75,2.25
2015.04.03 16:02:34.145,1.30686,1.3071,1.00,1.00
2015.04.03 16:02:34.670,1.30686,1.30709,1.00,1.00
2015.04.03 16:02:35.337,1.30687,1.30709,1.00,1.00
2015.04.03 16:02:36.252,1.30685,1.30709,1.50,1.00
2015.04.03 16:02:36.795,1.30684,1.3071,1.00,2.25
2015.04.03 16:02:38.928,1.30684,1.30709,1.00,1.00
2015.04.03 16:02:39.444,1.30684,1.30708,1.00,1.00
2015.04.03 16:02:40.641,1.30682,1.30708,1.34,1.50
2015.04.03 16:02:42.342,1.30683,1.30706,1.00,1.00
2015.04.03 16:02:44.349,1.30684,1.30707,1.00,1.00
2015.04.03 16:02:45.872,1.30686,1.30707,1.00,1.00
2015.04.03 16:02:45.974,1.30684,1.30707,1.00,1.00
2015.04.03 16:02:47.062,1.30686,1.30707,1.00,1.50
2015.04.03 16:02:47.571,1.30686,1.30708,1.00,2.17
2015.04.03 16:02:48.339,1.30686,1.30707,1.00,1.00
2015.04.03 16:02:49.388,1.30684,1.30707,1.00,1.00
2015.04.03 16:02:50.011,1.30685,1.30707,1.00,1.00
2015.04.03 16:02:51.546,1.30685,1.30708,1.00,2.25
2015.04.03 16:02:51.804,1.30692,1.30708,1.00,3.00
2015.04.03 16:02:52.337,1.30693,1.30711,1.00,3.39
2015.04.03 16:02:52.862,1.30694,1.30711,1.00,4.05
2015.04.03 16:02:53.491,1.30694,1.30709,1.00,1.42
2015.04.03 16:02:54.481,1.30692,1.30709,1.00,2.17
2015.04.03 16:02:56.964,1.3069,1.30709,1.00,1.42
2015.04.03 16:02:59.016,1.3069,1.30709,1.00,1.67
2015.04.03 16:02:59.935,1.30689,1.3071,1.06,4.42
2015.04.03 16:03:00.453,1.30689,1.30709,1.06,1.42
2015.04.03 16:03:00.909,1.30689,1.30711,1.95,1.67
2015.04.03 16:03:01.410,1.30689,1.30712,2.02,3.77
2015.04.03 16:03:02.918,1.3069,1.30711,1.05,1.67
2015.04.03 16:03:04.409,1.3069,1.30711,1.05,1.67
2015.04.03 16:03:04.925,1.3069,1.30712,1.31,2.27
2015.04.03 16:03:05.468,1.3069,1.30713,1.80,2.27
2015.04.03 16:03:05.975,1.3069,1.30713,1.80,2.27
2015.04.03 16:03:08.901,1.30698,1.30712,1.00,2.17
2015.04.03 16:03:08.952,1.30698,1.30713,1.00,1.13
2015.04.03 16:03:09.053,1.30698,1.30719,1.00,2.34
2015.04.03 16:03:09.105,1.30698,1.30721,1.00,1.09
2015.04.03 16:03:09.156,1.307,1.30722,1.00,2.34
2015.04.03 16:03:09.206,1.307,1.30722,1.00,1.00
2015.04.03 16:03:09.307,1.307,1.30725,1.54,4.50
2015.04.03 16:03:10.141,1.30701,1.30725,1.00,1.50
2015.04.03 16:03:11.647,1.30701,1.30723,1.00,1.00
2015.04.03 16:03:15.658,1.307,1.30723,1.06,1.00
2015.04.03 16:03:29.708,1.30702,1.30723,1.00,1.00
2015.04.03 16:03:31.404,1.30696,1.30717,1.24,1.00
2015.04.03 16:03:31.954,1.30696,1.30718,1.99,1.50
2015.04.03 16:03:33.811,1.30696,1.30719,1.24,1.12
2015.04.03 16:03:34.115,1.30693,1.30716,1.50,1.00
2015.04.03 16:03:34.777,1.30693,1.30718,1.50,1.50
2015.04.03 16:03:35.684,1.30693,1.30716,1.06,1.00
2015.04.03 16:03:36.923,1.30693,1.30714,1.06,1.00
2015.04.03 16:03:37.227,1.30693,1.30709,1.06,1.87
2015.04.03 16:03:37.819,1.30693,1.30709,1.06,1.50
2015.04.03 16:03:38.335,1.30693,1.3071,1.06,1.50
2015.04.03 16:03:39.973,1.30693,1.30708,1.06,1.00
2015.04.03 16:03:40.984,1.30693,1.30709,1.00,1.00
2015.04.03 16:03:43.472,1.30693,1.30707,1.00,1.00
2015.04.03 16:03:43.788,1.30682,1.30705,1.51,1.47
2015.04.03 16:03:43.890,1.30682,1.30703,1.06,1.00
2015.04.03 16:03:43.991,1.30682,1.30703,1.22,1.00
2015.04.03 16:03:45.873,1.3068,1.30703,1.75,1.37
2015.04.03 16:03:46.193,1.30679,1.30697,1.97,1.37
2015.04.03 16:03:46.699,1.30678,1.30698,1.90,1.97
2015.04.03 16:03:46.801,1.30673,1.30694,1.17,1.00
2015.04.03 16:03:46.903,1.30673,1.30691,1.12,1.00
2015.04.03 16:03:47.231,1.30673,1.30691,1.35,1.00
2015.04.03 16:03:47.744,1.30672,1.30692,1.05,1.12
2015.04.03 16:03:48.410,1.30676,1.30693,1.52,1.47
2015.04.03 16:03:48.461,1.30676,1.30697,1.65,1.00
2015.04.03 16:03:48.819,1.30676,1.307,1.65,1.97
2015.04.03 16:03:48.878,1.30676,1.30696,1.65,1.00
2015.04.03 16:03:49.139,1.30676,1.30696,1.20,1.00
2015.04.03 16:03:49.697,1.30676,1.30697,1.20,1.12
2015.04.03 16:03:49.951,1.30676,1.307,1.73,4.12
2015.04.03 16:03:50.465,1.30678,1.30702,1.65,2.62
2015.04.03 16:03:51.943,1.30678,1.30701,1.65,1.09
2015.04.03 16:03:52.196,1.30678,1.30699,1.20,1.00
2015.04.03 16:03:52.703,1.30678,1.30699,1.20,1.37
2015.04.03 16:03:52.906,1.30677,1.30699,2.17,1.22
2015.04.03 16:03:52.957,1.30677,1.307,2.17,1.00
2015.04.03 16:03:53.210,1.3068,1.30702,1.51,1.00
2015.04.03 16:03:53.413,1.3068,1.30702,1.00,1.00
2015.04.03 16:03:54.512,1.3068,1.30701,1.00,1.00
2015.04.03 16:03:55.621,1.3068,1.30699,1.00,1.00
2015.04.03 16:03:56.151,1.3068,1.307,1.00,1.00
2015.04.03 16:03:57.933,1.3068,1.30699,1.00,1.00
2015.04.03 16:03:58.239,1.30677,1.30699,1.50,1.12
2015.04.03 16:03:58.919,1.30677,1.307,1.50,1.12
2015.04.03 16:03:59.123,1.30679,1.307,1.00,1.00
2015.04.03 16:04:00.924,1.3068,1.307,1.00,1.00
2015.04.03 16:04:01.230,1.30678,1.30698,1.00,1.00
2015.04.03 16:04:01.970,1.30679,1.30699,1.00,2.25
2015.04.03 16:04:02.500,1.30679,1.307,1.00,1.00
2015.04.03 16:04:03.310,1.3068,1.307,1.00,1.00
2015.04.03 16:04:03.836,1.30681,1.307,1.00,1.00
2015.04.03 16:04:04.143,1.30681,1.30699,1.56,1.37
2015.04.03 16:04:04.793,1.30681,1.30699,2.06,1.00
2015.04.03 16:04:04.945,1.30681,1.30701,2.81,1.22
2015.04.03 16:04:05.884,1.30681,1.30701,2.06,1.00
2015.04.03 16:04:06.908,1.30683,1.30701,2.81,1.00
2015.04.03 16:04:07.823,1.30682,1.30699,1.56,1.00
2015.04.03 16:04:08.127,1.30683,1.30701,1.31,1.00
2015.04.03 16:04:08.279,1.30683,1.30704,1.56,1.13
2015.04.03 16:04:08.912,1.30683,1.30704,1.56,1.00
2015.04.03 16:04:09.014,1.30684,1.30705,1.00,1.00
2015.04.03 16:04:09.326,1.30684,1.30705,1.00,1.50
2015.04.03 16:04:09.377,1.30682,1.307,1.50,1.87
2015.04.03 16:04:09.681,1.30681,1.30703,2.25,1.00
2015.04.03 16:04:09.985,1.30681,1.30701,2.25,1.00
2015.04.03 16:04:10.289,1.3068,1.30699,1.00,1.00
2015.04.03 16:04:10.748,1.30678,1.30699,1.12,1.00
2015.04.03 16:04:10.850,1.3068,1.30699,1.00,1.00
2015.04.03 16:04:11.104,1.3068,1.30703,1.22,1.00
2015.04.03 16:04:11.617,1.3068,1.30704,1.51,1.50
2015.04.03 16:04:12.988,1.30681,1.30704,1.77,1.37
2015.04.03 16:04:13.090,1.30681,1.307,1.77,1.00
2015.04.03 16:04:13.828,1.30681,1.307,1.06,1.00
2015.04.03 16:04:13.980,1.30681,1.30704,1.00,1.37
2015.04.03 16:04:14.219,1.30683,1.30706,1.00,1.22
2015.04.03 16:04:14.270,1.30686,1.30706,1.00,1.22
2015.04.03 16:04:16.061,1.30685,1.30703,2.25,1.00
2015.04.03 16:04:16.591,1.30684,1.30703,1.00,1.00
2015.04.03 16:04:17.077,1.30685,1.30706,1.00,1.00
2015.04.03 16:04:17.178,1.30687,1.30706,1.00,1.00
2015.04.03 16:04:17.687,1.30687,1.30707,1.00,1.00
2015.04.03 16:04:19.207,1.30685,1.30707,1.00,1.00
2015.04.03 16:04:20.221,1.30684,1.30707,1.00,1.00
2015.04.03 16:04:20.273,1.30686,1.30706,1.00,1.00
2015.04.03 16:04:20.676,1.30685,1.30701,1.00,1.37
2015.04.03 16:04:20.931,1.30677,1.30693,1.00,1.00
2015.04.03 16:04:20.982,1.30674,1.30693,1.00,1.00
2015.04.03 16:04:21.134,1.30674,1.30695,1.00,1.00
2015.04.03 16:04:21.286,1.30674,1.30698,1.87,1.50
2015.04.03 16:04:21.658,1.30675,1.307,2.25,1.50
2015.04.03 16:04:23.935,1.30675,1.30699,3.75,1.00
2015.04.03 16:04:24.099,1.30677,1.30699,1.00,1.00
2015.04.03 16:04:24.956,1.30677,1.30697,1.00,1.00
2015.04.03 16:04:25.007,1.30675,1.30697,3.75,1.00
2015.04.03 16:04:25.058,1.30675,1.30695,3.00,1.00
2015.04.03 16:04:25.379,1.30676,1.30693,1.00,1.00
2015.04.03 16:04:26.072,1.30676,1.30692,1.00,1.00
2015.04.03 16:04:26.862,1.30676,1.30691,1.00,1.00
2015.04.03 16:04:37.678,1.30678,1.30691,1.00,1.00
2015.04.03 16:04:38.147,1.30676,1.30691,1.00,1.00
2015.04.03 16:04:41.202,1.30676,1.3069,1.00,1.00
2015.04.03 16:04:41.509,1.30678,1.30691,1.00,1.00
2015.04.03 16:04:50.988,1.30677,1.30691,1.00,3.00
2015.04.03 16:04:54.054,1.30667,1.30689,2.25,1.37
2015.04.03 16:04:54.155,1.30666,1.30683,1.06,1.00
2015.04.03 16:04:54.458,1.30666,1.30681,1.00,1.00
2015.04.03 16:04:55.166,1.30665,1.30681,1.00,1.00
2015.04.03 16:04:55.217,1.30665,1.30684,1.00,2.25
2015.04.03 16:04:55.268,1.3067,1.30684,1.00,2.62
2015.04.03 16:04:55.774,1.30671,1.30684,1.00,1.50
2015.04.03 16:04:56.821,1.30669,1.30684,1.00,1.00
2015.04.03 16:04:58.043,1.30669,1.30686,1.00,3.00
2015.04.03 16:04:58.144,1.30672,1.30686,1.00,3.00
2015.04.03 16:04:58.247,1.30669,1.30684,1.00,1.00
2015.04.03 16:04:58.816,1.30671,1.30684,1.00,1.00
2015.04.03 16:04:58.969,1.30671,1.30687,1.00,1.12
2015.04.03 16:04:59.178,1.30671,1.30683,1.00,1.00
2015.04.03 16:04:59.229,1.30667,1.30683,1.00,1.00
2015.04.03 16:04:59.280,1.30667,1.30681,1.00,1.00
2015.04.03 16:04:59.431,1.30667,1.30684,1.00,1.37
2015.04.03 16:04:59.482,1.3067,1.30684,1.00,1.37
2015.04.03 16:05:00.013,1.3067,1.30684,1.00,1.00
2015.04.03 16:05:00.536,1.3067,1.30685,1.00,1.00
2015.04.03 16:05:00.858,1.30672,1.30685,1.00,1.00
2015.04.03 16:05:00.960,1.30672,1.30687,1.00,1.00
2015.04.03 16:05:02.622,1.30672,1.30684,1.00,1.00
2015.04.03 16:05:02.673,1.30667,1.30684,1.00,1.00
2015.04.03 16:05:02.724,1.30667,1.30681,1.00,1.00
2015.04.03 16:05:03.039,1.30668,1.30683,1.00,1.00
2015.04.03 16:05:03.542,1.30668,1.30684,1.00,1.00
2015.04.03 16:05:05.750,1.30667,1.30684,1.00,1.00
2015.04.03 16:05:06.978,1.30667,1.30687,1.00,2.72
2015.04.03 16:05:07.130,1.30667,1.3069,1.00,1.00
2015.04.03 16:05:07.636,1.30667,1.30691,1.00,1.00
2015.04.03 16:05:09.196,1.30669,1.30691,1.00,1.00
2015.04.03 16:05:09.752,1.30669,1.3069,1.00,1.00
2015.04.03 16:05:11.178,1.30669,1.30692,1.00,1.00
2015.04.03 16:05:11.701,1.30667,1.30691,3.19,1.00
2015.04.03 16:05:15.129,1.30667,1.30691,1.69,1.00
2015.04.03 16:05:15.331,1.30669,1.30693,1.00,1.00
2015.04.03 16:05:15.483,1.30671,1.30694,1.00,1.00
2015.04.03 16:05:15.991,1.30671,1.30695,1.00,1.50
2015.04.03 16:05:16.751,1.30669,1.30693,3.00,1.50
2015.04.03 16:05:17.253,1.3067,1.30693,1.00,1.00
2015.04.03 16:05:20.094,1.30669,1.30692,3.75,1.00
2015.04.03 16:05:21.113,1.30669,1.30689,2.25,1.00
2015.04.03 16:05:22.238,1.30667,1.30689,1.00,1.00
2015.04.03 16:05:23.106,1.30667,1.3069,1.00,2.25
2015.04.03 16:05:23.645,1.30667,1.30691,1.00,1.00
2015.04.03 16:05:23.796,1.30665,1.30688,1.00,1.00
2015.04.03 16:05:24.100,1.30665,1.30685,1.00,1.00
2015.04.03 16:05:25.241,1.30665,1.30684,1.00,1.00
2015.04.03 16:05:25.344,1.30665,1.30687,1.00,1.00
2015.04.03 16:05:26.350,1.30665,1.30685,1.00,1.00
2015.04.03 16:05:27.623,1.30667,1.30685,1.00,1.00
2015.04.03 16:05:28.029,1.30668,1.30687,1.00,1.50
2015.04.03 16:05:29.115,1.30671,1.30687,1.37,1.00
2015.04.03 16:05:29.268,1.30681,1.30699,1.00,1.50
2015.04.03 16:05:29.319,1.30681,1.30697,1.00,1.00
2015.04.03 16:05:29.370,1.30672,1.30697,1.12,1.00
2015.04.03 16:05:29.421,1.30676,1.30699,1.00,1.09
2015.04.03 16:05:29.729,1.30687,1.30705,1.00,1.00
2015.04.03 16:05:29.830,1.30683,1.30705,1.00,1.50
2015.04.03 16:05:30.239,1.30682,1.30703,1.00,1.00
2015.04.03 16:05:30.593,1.30687,1.30703,1.00,1.00
2015.04.03 16:05:30.796,1.30692,1.30709,1.00,1.50
2015.04.03 16:05:30.897,1.30692,1.30711,1.00,1.00
2015.04.03 16:05:30.948,1.30692,1.30713,1.00,2.25
2015.04.03 16:05:31.151,1.3069,1.30713,1.50,2.25
2015.04.03 16:05:31.202,1.30692,1.30713,1.00,2.25
2015.04.03 16:05:31.556,1.30696,1.30716,1.37,3.00
2015.04.03 16:05:31.709,1.30698,1.30722,1.12,1.00
2015.04.03 16:05:31.860,1.307,1.30724,1.00,2.25
2015.04.03 16:05:32.366,1.30701,1.30724,1.00,2.25
2015.04.03 16:05:33.505,1.30703,1.30724,1.00,1.00
2015.04.03 16:05:33.812,1.30707,1.30728,1.50,2.25
2015.04.03 16:05:34.133,1.30713,1.30728,1.00,1.00
2015.04.03 16:05:36.189,1.30706,1.30726,1.50,1.00
2015.04.03 16:05:36.706,1.30706,1.30725,1.00,1.00
2015.04.03 16:05:36.757,1.30706,1.30723,1.00,1.00
2015.04.03 16:05:36.861,1.30703,1.30723,2.25,1.50
2015.04.03 16:05:36.963,1.30698,1.30722,1.00,1.00
2015.04.03 16:05:37.064,1.30697,1.3072,1.12,1.00
2015.04.03 16:05:37.671,1.30694,1.30719,2.91,1.00
2015.04.03 16:05:37.722,1.30694,1.30709,1.78,1.00
2015.04.03 16:05:38.228,1.30694,1.30709,1.12,1.00
2015.04.03 16:05:38.279,1.30684,1.30709,6.15,1.00
2015.04.03 16:05:38.330,1.30684,1.30707,4.27,1.00
2015.04.03 16:05:38.431,1.30683,1.30707,1.12,1.00
2015.04.03 16:05:38.633,1.30682,1.30705,1.50,1.00
2015.04.03 16:05:39.769,1.30683,1.30705,1.00,1.00
2015.04.03 16:05:40.073,1.30685,1.30706,1.00,1.00
2015.04.03 16:05:40.688,1.30683,1.30707,1.00,1.00
2015.04.03 16:05:40.741,1.30681,1.30706,3.75,1.00
2015.04.03 16:05:40.792,1.30681,1.30704,3.00,1.37
2015.04.03 16:05:41.047,1.30671,1.30696,1.00,1.47
2015.04.03 16:05:41.570,1.3067,1.30694,1.00,1.12
2015.04.03 16:05:44.178,1.30669,1.30694,1.00,2.62
2015.04.03 16:05:45.359,1.30668,1.30685,1.00,1.00
2015.04.03 16:05:45.461,1.30662,1.30682,1.12,1.00
2015.04.03 16:05:45.613,1.30662,1.30678,1.12,1.00
2015.04.03 16:05:46.131,1.30661,1.30678,1.00,1.00
2015.04.03 16:05:46.182,1.30661,1.30681,1.00,1.59
2015.04.03 16:05:46.693,1.3066,1.30681,1.00,1.59
2015.04.03 16:05:47.595,1.3066,1.30681,1.00,1.59
2015.04.03 16:05:47.646,1.30662,1.30681,1.00,1.59
2015.04.03 16:05:49.151,1.30662,1.30681,1.00,1.59
2015.04.03 16:05:49.202,1.30658,1.30681,1.00,1.59
2015.04.03 16:05:49.253,1.30658,1.30676,1.00,1.00
2015.04.03 16:05:49.778,1.30659,1.30676,1.00,1.00
2015.04.03 16:05:50.400,1.30659,1.30677,1.00,1.00
2015.04.03 16:05:50.906,1.30659,1.30676,1.00,1.00
2015.04.03 16:05:51.008,1.30659,1.30678,1.00,1.00
2015.04.03 16:05:51.976,1.30656,1.30678,1.50,1.00
2015.04.03 16:05:52.861,1.30656,1.30675,1.00,1.13
2015.04.03 16:05:52.911,1.30653,1.30673,1.50,1.12
2015.04.03 16:05:53.013,1.30655,1.30672,1.00,1.00
2015.04.03 16:05:53.216,1.30658,1.30677,1.00,1.00
2015.04.03 16:05:53.520,1.30662,1.30678,1.25,2.34
2015.04.03 16:05:53.773,1.30675,1.30693,1.00,1.50
2015.04.03 16:05:54.231,1.30672,1.30693,1.17,1.00
2015.04.03 16:05:56.460,1.30669,1.30693,1.99,1.00
2015.04.03 16:05:56.513,1.30669,1.30691,1.99,1.50
2015.04.03 16:05:56.768,1.30663,1.30687,1.06,1.09
2015.04.03 16:05:57.277,1.30663,1.30685,1.00,1.13
2015.04.03 16:05:57.774,1.30659,1.30683,1.45,1.00
2015.04.03 16:05:57.977,1.30659,1.30683,1.06,1.00
2015.04.03 16:06:00.154,1.30659,1.30682,1.54,1.00
2015.04.03 16:06:00.696,1.30659,1.30681,1.06,1.00
2015.04.03 16:06:02.001,1.3066,1.30682,1.00,1.00
2015.04.03 16:06:02.102,1.3066,1.30686,1.00,2.62
2015.04.03 16:06:02.153,1.3066,1.30686,1.00,2.25
2015.04.03 16:06:02.356,1.3066,1.30684,1.00,1.00
2015.04.03 16:06:02.865,1.30659,1.30678,1.06,1.00
2015.04.03 16:06:03.371,1.30659,1.30677,1.00,1.13
2015.04.03 16:06:04.898,1.30659,1.30678,1.00,1.00
2015.04.03 16:06:05.944,1.30659,1.3068,1.00,3.09
2015.04.03 16:06:05.994,1.30664,1.3068,1.00,2.25
2015.04.03 16:06:06.902,1.30664,1.30682,1.00,1.37
2015.04.03 16:06:08.746,1.30664,1.30682,1.00,1.00
2015.04.03 16:06:11.908,1.30664,1.30682,1.00,1.37
2015.04.03 16:06:12.020,1.30664,1.30682,1.00,1.12
2015.04.03 16:06:13.110,1.30664,1.30682,1.00,1.47
2015.04.03 16:06:13.161,1.3066,1.30678,1.00,1.12
2015.04.03 16:06:13.313,1.3066,1.30678,1.00,1.97
2015.04.03 16:06:13.515,1.30658,1.30675,1.00,3.00
2015.04.03 16:06:14.326,1.30658,1.30675,1.00,3.09
2015.04.03 16:06:14.829,1.30658,1.30675,1.00,3.09
2015.04.03 16:06:15.363,1.30658,1.30675,1.00,3.09
2015.04.03 16:06:17.673,1.30658,1.30675,1.00,3.09
2015.04.03 16:06:18.187,1.30658,1.30675,1.00,3.09
2015.04.03 16:06:20.909,1.30658,1.30675,1.00,2.25
2015.04.03 16:06:22.134,1.30658,1.30675,1.00,2.62
2015.04.03 16:06:24.126,1.30658,1.30675,1.00,2.25
2015.04.03 16:06:24.657,1.30658,1.30677,1.00,1.97
2015.04.03 16:06:24.758,1.30658,1.30677,1.00,1.50
2015.04.03 16:06:25.334,1.30658,1.30677,1.00,1.97
2015.04.03 16:06:25.441,1.30658,1.30677,1.00,1.59
2015.04.03 16:06:25.711,1.30664,1.30677,1.00,1.59
2015.04.03 16:06:26.101,1.3066,1.30678,1.00,1.13
2015.04.03 16:06:26.253,1.30658,1.30678,1.00,1.22
2015.04.03 16:06:26.507,1.30658,1.30678,1.00,1.47
2015.04.03 16:06:26.608,1.30656,1.30676,1.00,1.13
2015.04.03 16:06:27.132,1.30656,1.30675,1.00,1.00
2015.04.03 16:06:27.799,1.30658,1.30675,1.00,1.00
2015.04.03 16:06:27.951,1.30658,1.30679,1.00,3.47
2015.04.03 16:06:28.053,1.30658,1.3068,1.00,1.00
2015.04.03 16:06:29.071,1.30658,1.30682,1.50,2.06
2015.04.03 16:06:29.379,1.30658,1.30679,1.50,1.00
2015.04.03 16:06:32.236,1.30658,1.30681,1.00,1.12
2015.04.03 16:06:33.304,1.30658,1.30679,1.00,1.00
2015.04.03 16:06:33.608,1.30658,1.30678,1.00,1.59
2015.04.03 16:06:33.918,1.30658,1.30674,1.00,1.00
2015.04.03 16:06:34.121,1.30658,1.30678,1.00,3.09
2015.04.03 16:06:34.222,1.30658,1.30674,1.00,1.00
2015.04.03 16:06:34.273,1.30655,1.30674,1.00,1.00
2015.04.03 16:06:35.948,1.30656,1.30678,1.00,1.41
2015.04.03 16:06:36.000,1.30656,1.30679,1.50,3.00
2015.04.03 16:06:36.051,1.30656,1.30682,2.25,1.50
2015.04.03 16:06:36.478,1.30663,1.30686,1.00,1.09
2015.04.03 16:06:36.580,1.30663,1.30687,1.00,1.00
2015.04.03 16:06:36.682,1.30668,1.30691,1.00,1.00
2015.04.03 16:06:36.784,1.3067,1.30694,1.00,3.00
2015.04.03 16:06:37.325,1.30671,1.30694,1.00,3.00
2015.04.03 16:06:37.683,1.30673,1.30694,1.50,2.25
2015.04.03 16:06:37.835,1.30673,1.30699,1.50,1.50
2015.04.03 16:06:38.588,1.30674,1.30699,1.00,1.50
2015.04.03 16:06:39.096,1.30676,1.307,1.00,1.00
2015.04.03 16:06:40.078,1.30674,1.30699,1.00,1.50
2015.04.03 16:06:41.165,1.30676,1.30699,1.00,1.00
2015.04.03 16:06:41.267,1.30674,1.30698,1.00,1.00
2015.04.03 16:06:41.318,1.30672,1.30695,1.12,1.00
2015.04.03 16:06:41.572,1.3067,1.30694,1.00,1.50
2015.04.03 16:06:42.108,1.30668,1.30692,1.00,1.00
2015.04.03 16:06:43.101,1.30668,1.3069,1.00,1.00
2015.04.03 16:06:43.404,1.30665,1.3069,3.00,1.00
2015.04.03 16:06:44.808,1.30668,1.3069,1.00,1.00
2015.04.03 16:06:45.718,1.30668,1.30681,1.00,1.00
2015.04.03 16:06:45.769,1.30666,1.30681,1.00,1.00
2015.04.03 16:06:45.820,1.30662,1.30673,1.50,1.37
2015.04.03 16:06:45.871,1.30659,1.30673,2.25,1.56
2015.04.03 16:06:45.922,1.30656,1.30673,1.05,2.44
2015.04.03 16:06:45.973,1.30652,1.30666,1.50,1.12
2015.04.03 16:06:46.125,1.3065,1.30666,1.00,1.59
2015.04.03 16:06:46.176,1.30649,1.30661,1.00,1.00
2015.04.03 16:06:46.481,1.30649,1.30656,1.00,1.00
2015.04.03 16:06:46.633,1.30647,1.30655,1.00,1.00
2015.04.03 16:06:47.711,1.30647,1.30657,1.00,1.00
2015.04.03 16:06:48.218,1.30647,1.30658,1.00,1.00
2015.04.03 16:06:48.738,1.30647,1.30659,1.00,1.00
2015.04.03 16:06:49.307,1.30647,1.3066,1.00,1.00
2015.04.03 16:06:49.852,1.30647,1.30659,1.00,1.00
2015.04.03 16:06:50.367,1.30648,1.3066,1.00,1.00
2015.04.03 16:06:50.672,1.30648,1.30662,1.00,1.00
2015.04.03 16:06:51.404,1.3065,1.30662,1.00,1.00
2015.04.03 16:06:52.329,1.30649,1.30662,1.00,1.00
2015.04.03 16:06:54.799,1.30651,1.30662,1.00,1.00
2015.04.03 16:06:54.850,1.30651,1.30665,1.00,1.00
2015.04.03 16:06:54.951,1.30651,1.30667,1.00,1.12
2015.04.03 16:06:56.408,1.30651,1.30666,1.00,1.00
2015.04.03 16:07:04.723,1.3065,1.30666,1.00,1.00
2015.04.03 16:07:04.825,1.3065,1.30666,1.00,1.47
2015.04.03 16:07:05.129,1.30648,1.30659,1.00,1.00
2015.04.03 16:07:05.180,1.30648,1.30661,1.00,1.12
2015.04.03 16:07:05.625,1.30648,1.30659,1.00,1.00
2015.04.03 16:07:08.409,1.3065,1.30661,1.00,1.00
2015.04.03 16:07:10.230,1.30652,1.30661,1.00,1.00
2015.04.03 16:07:12.265,1.30651,1.30661,1.00,1.00
2015.04.03 16:07:15.123,1.30652,1.30661,1.00,1.00
2015.04.03 16:07:16.132,1.30646,1.30661,1.00,1.00
2015.04.03 16:07:16.640,1.30645,1.30661,1.00,1.00
2015.04.03 16:07:17.072,1.30645,1.30663,1.00,1.00
2015.04.03 16:07:17.861,1.30645,1.30662,1.00,1.00
2015.04.03 16:07:18.406,1.30646,1.30662,1.00,1.00
2015.04.03 16:07:19.399,1.30646,1.30666,1.50,1.00
2015.04.03 16:07:21.571,1.30646,1.30666,1.50,1.22
2015.04.03 16:07:22.111,1.30646,1.30666,1.00,1.22
2015.04.03 16:07:22.574,1.30646,1.30662,1.00,1.00
2015.04.03 16:07:22.675,1.30642,1.30662,1.00,1.00
2015.04.03 16:07:22.777,1.30641,1.30659,1.50,1.00
2015.04.03 16:07:23.282,1.30641,1.3066,1.50,1.00
2015.04.03 16:07:23.590,1.30643,1.3066,1.00,1.00
2015.04.03 16:07:23.897,1.30643,1.30658,1.00,1.12
2015.04.03 16:07:24.445,1.30643,1.30657,1.00,1.00
2015.04.03 16:07:24.982,1.30642,1.30657,1.00,1.00
2015.04.03 16:07:25.130,1.30642,1.30659,1.00,1.00
2015.04.03 16:07:26.787,1.30641,1.30659,1.00,1.00
2015.04.03 16:07:27.307,1.30641,1.3066,1.00,1.22
2015.04.03 16:07:27.409,1.30642,1.30658,1.00,1.00
2015.04.03 16:07:27.923,1.30641,1.30659,1.00,1.00
2015.04.03 16:07:28.562,1.30642,1.30659,1.00,1.00
2015.04.03 16:07:30.248,1.30641,1.30659,1.00,1.12
2015.04.03 16:07:30.699,1.30641,1.30661,1.00,1.12
2015.04.03 16:07:30.951,1.30642,1.30658,1.00,1.00
2015.04.03 16:07:33.820,1.30642,1.30659,1.00,1.00
2015.04.03 16:07:34.125,1.30642,1.30662,1.00,3.37
2015.04.03 16:07:34.646,1.30642,1.30662,1.00,3.37
2015.04.03 16:07:34.757,1.30644,1.30662,1.00,3.37
2015.04.03 16:07:35.062,1.30647,1.30661,1.00,1.37
2015.04.03 16:07:36.525,1.30647,1.30661,1.00,1.00
2015.04.03 16:07:37.048,1.30646,1.3066,1.00,1.00
2015.04.03 16:07:40.056,1.30646,1.30662,1.50,1.00
2015.04.03 16:07:40.730,1.30647,1.30663,1.00,1.37
2015.04.03 16:07:41.268,1.30646,1.30665,1.50,2.62
2015.04.03 16:07:41.319,1.30648,1.30665,1.50,2.25
2015.04.03 16:07:41.370,1.30651,1.30668,1.00,3.00
2015.04.03 16:07:41.686,1.30653,1.30669,1.00,1.00
2015.04.03 16:07:42.776,1.30652,1.30669,1.00,1.00
2015.04.03 16:07:43.329,1.30653,1.30669,1.00,1.00
2015.04.03 16:07:43.834,1.30652,1.30669,1.00,1.00
2015.04.03 16:07:45.415,1.30652,1.30671,1.00,1.00
2015.04.03 16:07:55.707,1.30653,1.30671,1.00,1.00
2015.04.03 16:07:55.808,1.30653,1.30674,1.00,4.50
2015.04.03 16:07:56.011,1.30651,1.30674,1.00,4.12
2015.04.03 16:07:56.062,1.30651,1.30674,1.00,4.41
2015.04.03 16:07:56.366,1.30651,1.30672,1.00,1.87
2015.04.03 16:07:56.728,1.3065,1.30672,1.50,2.25
2015.04.03 16:07:57.704,1.3065,1.3067,1.50,1.12
2015.04.03 16:07:57.756,1.3065,1.30668,1.50,1.00
2015.04.03 16:07:58.267,1.3065,1.30669,1.50,1.00
2015.04.03 16:07:58.572,1.3065,1.30666,1.00,1.37
2015.04.03 16:07:58.623,1.30648,1.30666,1.00,1.37
2015.04.03 16:07:58.674,1.30648,1.30666,1.00,1.12
2015.04.03 16:07:58.775,1.30648,1.30666,1.00,1.37
2015.04.03 16:07:59.144,1.30648,1.30666,1.00,1.00
2015.04.03 16:07:59.376,1.30649,1.30667,1.00,1.87
2015.04.03 16:07:59.477,1.30648,1.30667,1.00,1.87
2015.04.03 16:08:00.046,1.30649,1.30667,1.00,4.12
2015.04.03 16:08:01.160,1.30649,1.30667,1.00,4.12
2015.04.03 16:08:04.510,1.30647,1.30667,1.00,3.37
2015.04.03 16:08:05.316,1.30646,1.30667,1.00,3.37
2015.04.03 16:08:05.931,1.30647,1.30667,1.00,4.12
2015.04.03 16:08:06.466,1.30647,1.30665,1.00,1.22
2015.04.03 16:08:07.970,1.30647,1.30665,1.00,1.37
2015.04.03 16:08:08.513,1.30647,1.30664,1.00,1.37
2015.04.03 16:08:09.903,1.30647,1.30664,1.00,1.12
2015.04.03 16:08:09.954,1.30645,1.30665,1.00,1.87
2015.04.03 16:08:10.478,1.30646,1.30665,1.00,1.37
2015.04.03 16:08:12.004,1.30646,1.30665,1.50,1.12
2015.04.03 16:08:12.521,1.30645,1.30664,2.25,1.00
2015.04.03 16:08:14.973,1.30646,1.30665,1.00,1.47
2015.04.03 16:08:15.503,1.30646,1.30664,1.00,1.47
2015.04.03 16:08:16.928,1.30645,1.30664,2.25,1.50
2015.04.03 16:08:17.907,1.30646,1.30664,1.00,1.22
2015.04.03 16:08:18.412,1.30646,1.30664,1.00,1.00
2015.04.03 16:08:20.325,1.30645,1.30664,1.00,1.97
2015.04.03 16:08:20.660,1.30644,1.30662,1.50,1.37
2015.04.03 16:08:20.965,1.30642,1.3066,1.00,1.87
2015.04.03 16:08:23.384,1.30641,1.30658,1.00,1.37
2015.04.03 16:08:23.490,1.30641,1.30659,1.50,1.00
2015.04.03 16:08:24.042,1.30642,1.30659,1.00,1.12
2015.04.03 16:08:24.956,1.30641,1.30659,1.50,1.12
2015.04.03 16:08:25.108,1.30641,1.30658,1.00,1.84
2015.04.03 16:08:25.513,1.30642,1.3065,1.00,1.00
2015.04.03 16:08:25.981,1.30641,1.30647,1.00,1.00
2015.04.03 16:08:26.550,1.30642,1.30648,1.00,1.00
2015.04.03 16:08:27.052,1.30642,1.30647,1.00,1.00
2015.04.03 16:08:27.589,1.30641,1.30647,1.00,1.00
2015.04.03 16:08:28.155,1.30642,1.30648,1.00,1.37
2015.04.03 16:08:29.105,1.30642,1.30648,1.00,1.22
2015.04.03 16:08:29.155,1.3064,1.30648,1.50,1.22
2015.04.03 16:08:29.257,1.30627,1.30648,1.50,1.00
2015.04.03 16:08:29.891,1.3064,1.30647,1.00,1.00
2015.04.03 16:08:30.195,1.30623,1.30644,1.00,1.00
2015.04.03 16:08:30.709,1.30623,1.30643,1.00,1.00
2015.04.03 16:08:30.991,1.30623,1.30641,1.00,1.00
2015.04.03 16:08:35.043,1.30628,1.30641,1.00,1.00
2015.04.03 16:08:35.661,1.30628,1.30642,1.00,1.00
2015.04.03 16:08:36.172,1.30628,1.30643,1.00,1.00
2015.04.03 16:08:40.200,1.30628,1.30637,1.00,1.00
2015.04.03 16:08:40.301,1.30625,1.30636,1.00,1.00
2015.04.03 16:08:40.453,1.30625,1.30639,1.00,1.00
2015.04.03 16:08:40.504,1.30625,1.30637,1.00,1.00
2015.04.03 16:08:40.656,1.3062,1.30635,1.00,1.00
2015.04.03 16:08:41.089,1.3062,1.30635,1.00,1.00
2015.04.03 16:08:41.190,1.30629,1.30635,2.16,1.00
2015.04.03 16:08:41.241,1.30629,1.3064,2.16,1.00
2015.04.03 16:08:41.343,1.3062,1.30639,1.00,1.00
2015.04.03 16:08:41.495,1.3062,1.30637,1.00,1.00
2015.04.03 16:08:42.252,1.3062,1.30634,1.00,1.00
2015.04.03 16:08:42.760,1.3062,1.30633,1.00,2.25
2015.04.03 16:08:45.673,1.30624,1.30633,1.00,1.00
2015.04.03 16:08:45.724,1.30624,1.30635,1.00,1.00
2015.04.03 16:08:46.720,1.30624,1.30633,1.00,1.00
2015.04.03 16:08:46.772,1.30624,1.30635,1.00,2.25
2015.04.03 16:08:47.284,1.30623,1.30635,1.00,1.00
2015.04.03 16:08:48.488,1.30623,1.30638,1.00,3.00
2015.04.03 16:08:48.590,1.30623,1.30641,1.00,1.00
2015.04.03 16:08:48.895,1.30623,1.30643,1.50,1.50
2015.04.03 16:08:48.996,1.30623,1.30641,1.00,1.00
2015.04.03 16:08:49.300,1.30627,1.30641,1.00,1.50
2015.04.03 16:08:49.604,1.3062,1.30631,1.00,1.00
2015.04.03 16:08:50.025,1.30628,1.30635,2.50,1.00
2015.04.03 16:08:50.078,1.30617,1.30638,1.00,3.00
2015.04.03 16:08:51.721,1.30616,1.30638,1.50,1.00
2015.04.03 16:08:54.022,1.30616,1.30634,1.00,1.00
2015.04.03 16:08:54.073,1.30611,1.30634,4.12,1.00
2015.04.03 16:08:54.124,1.30611,1.30632,1.50,1.00
2015.04.03 16:08:54.646,1.3061,1.30632,1.00,1.00
2015.04.03 16:08:56.020,1.30614,1.30633,1.00,1.00
2015.04.03 16:08:56.071,1.30614,1.30635,1.00,1.00
2015.04.03 16:08:56.122,1.30616,1.30638,2.25,3.00
2015.04.03 16:08:57.203,1.30616,1.30639,1.50,1.00
2015.04.03 16:08:58.589,1.30622,1.3064,1.00,1.50
2015.04.03 16:08:58.950,1.30627,1.30644,1.00,2.25
2015.04.03 16:08:59.480,1.30627,1.30645,1.00,2.25
2015.04.03 16:09:00.205,1.30626,1.30645,1.00,2.25
2015.04.03 16:09:00.768,1.30636,1.30645,1.00,1.00
2015.04.03 16:09:00.819,1.30638,1.30651,1.00,1.12
2015.04.03 16:09:01.414,1.30638,1.30652,1.00,1.13
2015.04.03 16:09:01.946,1.30639,1.30652,1.00,1.13
2015.04.03 16:09:02.817,1.30638,1.30652,1.00,1.12
2015.04.03 16:09:02.919,1.30632,1.30652,1.00,1.22
2015.04.03 16:09:03.766,1.30632,1.30651,1.00,1.00
2015.04.03 16:09:03.817,1.30625,1.30647,1.00,1.00
2015.04.03 16:09:04.475,1.30624,1.30647,1.00,1.00
2015.04.03 16:09:05.621,1.30625,1.30647,1.00,1.00
2015.04.03 16:09:06.029,1.30626,1.30649,1.00,1.00
2015.04.03 16:09:07.028,1.30624,1.30649,1.50,1.00
2015.04.03 16:09:07.683,1.30626,1.30649,1.00,1.00
2015.04.03 16:09:10.336,1.30628,1.30649,1.00,1.00
2015.04.03 16:09:11.847,1.30625,1.30649,1.00,1.00
2015.04.03 16:09:13.484,1.30625,1.30648,1.00,1.00
2015.04.03 16:09:14.633,1.30631,1.30649,1.00,1.50
2015.04.03 16:09:16.149,1.30627,1.30645,1.50,1.00
2015.04.03 16:09:16.251,1.30633,1.30652,1.00,2.62
2015.04.03 16:09:16.504,1.3064,1.30654,1.00,1.00
2015.04.03 16:09:16.758,1.30639,1.30657,2.16,3.84
2015.04.03 16:09:16.859,1.30634,1.30655,1.00,1.50
2015.04.03 16:09:17.580,1.30633,1.30655,1.00,2.25
2015.04.03 16:09:17.682,1.30637,1.30655,1.00,2.25
2015.04.03 16:09:18.315,1.30637,1.30656,1.00,2.25
2015.04.03 16:09:19.668,1.30635,1.30656,1.00,2.62
2015.04.03 16:09:21.085,1.30637,1.30656,1.00,2.25
2015.04.03 16:09:22.096,1.30636,1.30656,1.00,1.87
2015.04.03 16:09:22.323,1.30633,1.30656,1.00,1.50
2015.04.03 16:09:22.854,1.30634,1.30656,1.00,1.50
2015.04.03 16:09:23.326,1.30639,1.30656,1.00,1.87
2015.04.03 16:09:23.834,1.3064,1.30656,1.00,1.50
2015.04.03 16:09:25.290,1.30637,1.30656,1.00,1.00
2015.04.03 16:09:26.085,1.30635,1.30653,1.00,1.00
2015.04.03 16:09:26.186,1.30632,1.30652,1.12,1.00
2015.04.03 16:09:26.599,1.30635,1.30653,1.00,3.37
2015.04.03 16:09:27.107,1.30635,1.30652,1.00,1.37
2015.04.03 16:09:30.000,1.30631,1.30653,1.00,3.37
2015.04.03 16:09:30.101,1.30631,1.3065,1.00,1.00
2015.04.03 16:09:30.507,1.30642,1.30651,1.00,4.50
2015.04.03 16:09:31.815,1.30635,1.30651,1.50,1.00
2015.04.03 16:09:31.967,1.30631,1.30652,1.00,1.87
2015.04.03 16:09:32.069,1.30631,1.3065,1.00,1.00
2015.04.03 16:09:32.634,1.30629,1.3065,1.00,1.00
2015.04.03 16:09:32.754,1.30631,1.3065,1.00,1.00
2015.04.03 16:09:33.006,1.30626,1.3065,1.00,1.50
2015.04.03 16:09:34.517,1.3063,1.30649,1.00,1.50
2015.04.03 16:09:34.619,1.30626,1.3065,1.12,1.00
2015.04.03 16:09:37.147,1.30626,1.30648,2.25,1.00
2015.04.03 16:09:38.867,1.30625,1.30646,1.37,1.00
2015.04.03 16:09:39.285,1.30625,1.30648,1.12,1.00
2015.04.03 16:09:40.136,1.30632,1.30651,1.00,1.00
2015.04.03 16:09:40.439,1.30635,1.30651,1.00,1.87
2015.04.03 16:09:40.782,1.30635,1.30649,1.00,1.37
2015.04.03 16:09:42.996,1.30633,1.30649,1.12,1.37
2015.04.03 16:09:44.772,1.30633,1.3065,1.12,1.37
2015.04.03 16:09:44.874,1.30633,1.30651,1.12,1.50
2015.04.03 16:09:44.975,1.30633,1.30652,1.00,3.37
2015.04.03 16:09:45.077,1.30631,1.30652,1.00,3.37
2015.04.03 16:09:45.178,1.30631,1.30652,1.00,4.50
2015.04.03 16:09:45.703,1.30631,1.30649,1.00,1.37
2015.04.03 16:09:47.359,1.30631,1.30649,1.00,1.87
2015.04.03 16:09:48.313,1.30627,1.30649,1.00,1.12
2015.04.03 16:09:48.769,1.30626,1.30647,1.00,1.00
2015.04.03 16:09:49.315,1.30627,1.30647,1.00,1.00
2015.04.03 16:09:55.007,1.30625,1.30647,1.50,1.00
2015.04.03 16:09:57.138,1.30626,1.30647,1.00,1.00
2015.04.03 16:09:58.913,1.30627,1.30647,1.00,1.00
2015.04.03 16:10:01.410,1.30627,1.30646,1.00,1.00
2015.04.03 16:10:15.086,1.30628,1.30646,1.00,1.00
2015.04.03 16:10:15.869,1.30629,1.30646,1.00,1.00
2015.04.03 16:10:16.640,1.30627,1.30647,1.00,1.00
2015.04.03 16:10:19.289,1.30627,1.30647,1.87,1.50
2015.04.03 16:10:19.542,1.3063,1.3065,1.50,1.00
2015.04.03 16:10:19.644,1.30635,1.30654,1.00,1.87
2015.04.03 16:10:21.773,1.30635,1.30652,1.00,1.00
2015.04.03 16:10:22.313,1.30635,1.30651,1.00,1.00
2015.04.03 16:10:23.698,1.30635,1.30653,1.00,1.00
2015.04.03 16:10:23.799,1.30635,1.30655,1.00,2.25
2015.04.03 16:10:24.154,1.3063,1.30653,1.87,1.00
2015.04.03 16:10:27.137,1.3063,1.30653,1.37,1.00
2015.04.03 16:10:27.400,1.30633,1.30655,1.00,2.25
2015.04.03 16:10:27.754,1.30631,1.30655,1.12,2.25
2015.04.03 16:10:28.876,1.30631,1.30654,1.37,1.00
2015.04.03 16:10:29.180,1.30631,1.30654,1.00,1.00
2015.04.03 16:10:38.834,1.3063,1.30654,2.25,1.50
2015.04.03 16:10:40.137,1.30629,1.30653,3.75,1.00
2015.04.03 16:10:46.210,1.3063,1.30653,1.00,1.50
2015.04.03 16:10:46.311,1.30636,1.30653,1.00,1.00
2015.04.03 16:10:50.271,1.30636,1.30653,1.00,1.37
2015.04.03 16:10:53.547,1.30636,1.30653,1.00,1.12
2015.04.03 16:10:53.705,1.30636,1.30655,1.00,1.00
2015.04.03 16:10:56.190,1.30639,1.30655,1.00,1.00
2015.04.03 16:10:56.291,1.30637,1.30656,1.00,3.00
2015.04.03 16:10:59.379,1.30637,1.30656,1.00,3.37
2015.04.03 16:11:00.388,1.30637,1.30656,1.00,3.00
2015.04.03 16:11:14.174,1.30637,1.30655,1.00,1.00
2015.04.03 16:11:14.759,1.30637,1.30653,1.00,1.00
2015.04.03 16:11:21.158,1.30635,1.30655,1.00,1.50
2015.04.03 16:11:21.260,1.30635,1.30658,1.50,3.00
2015.04.03 16:11:24.689,1.30635,1.30659,1.50,1.00
2015.04.03 16:11:26.433,1.30636,1.30659,1.00,1.00
2015.04.03 16:11:33.342,1.30635,1.30659,1.00,1.00
2015.04.03 16:11:35.357,1.30636,1.30659,1.00,1.00
2015.04.03 16:11:35.408,1.30638,1.30662,1.00,4.78
2015.04.03 16:11:38.722,1.30638,1.30662,1.00,4.12
2015.04.03 16:11:39.232,1.30638,1.30662,1.00,4.50
2015.04.03 16:11:41.293,1.30653,1.30662,1.00,1.50
2015.04.03 16:11:41.597,1.30661,1.30677,1.00,2.53
2015.04.03 16:11:41.850,1.30661,1.30678,1.00,1.15
2015.04.03 16:11:41.901,1.30663,1.30678,1.00,1.15
2015.04.03 16:11:42.103,1.30663,1.3068,1.00,1.00
2015.04.03 16:11:42.509,1.30665,1.3068,1.00,1.00
2015.04.03 16:11:42.560,1.30665,1.30688,1.00,2.81
2015.04.03 16:11:42.611,1.30669,1.30689,1.00,3.23
2015.04.03 16:11:42.763,1.30672,1.30689,1.00,2.25
2015.04.03 16:11:42.814,1.30676,1.30695,1.00,2.66
2015.04.03 16:11:43.219,1.30679,1.30699,1.00,1.90
2015.04.03 16:11:43.537,1.30679,1.30697,1.00,1.05
2015.04.03 16:11:43.740,1.30663,1.30666,1.50,1.00
2015.04.03 16:11:43.841,1.30643,1.30661,1.00,1.00
2015.04.03 16:11:43.893,1.30639,1.30661,1.12,2.25
2015.04.03 16:11:43.943,1.30639,1.30659,1.00,1.00
2015.04.03 16:11:44.044,1.30636,1.30659,1.00,1.50
2015.04.03 16:11:44.606,1.3064,1.30658,1.00,1.00
2015.04.03 16:11:44.657,1.30635,1.30658,2.25,1.50
2015.04.03 16:11:45.223,1.30636,1.30658,1.00,1.50
2015.04.03 16:11:45.773,1.30637,1.30658,1.00,1.50
2015.04.03 16:11:47.651,1.30638,1.30658,1.00,1.00
2015.04.03 16:11:49.116,1.30651,1.30659,1.00,1.50
2015.04.03 16:11:49.173,1.30661,1.30677,1.00,1.62
2015.04.03 16:11:49.224,1.30661,1.30677,1.00,1.25
2015.04.03 16:11:49.325,1.3066,1.30678,1.50,1.56
2015.04.03 16:11:49.427,1.30648,1.30663,1.07,1.00
2015.04.03 16:11:49.478,1.30646,1.30663,1.00,1.12
2015.04.03 16:11:49.529,1.3064,1.3066,1.41,1.00
2015.04.03 16:11:49.580,1.30637,1.3066,2.25,1.00
2015.04.03 16:11:55.281,1.30638,1.3066,1.00,1.00
2015.04.03 16:11:58.877,1.30636,1.3066,1.87,1.00
2015.04.03 16:12:01.518,1.30635,1.30661,2.25,2.62
2015.04.03 16:12:10.246,1.30635,1.3066,2.25,1.00
2015.04.03 16:12:10.817,1.30635,1.3066,1.50,1.87
2015.04.03 16:12:11.340,1.30635,1.3066,1.50,1.50
2015.04.03 16:12:15.112,1.30634,1.3066,1.50,2.25
2015.04.03 16:12:15.163,1.30634,1.3066,1.50,2.85
2015.04.03 16:12:15.468,1.30634,1.30659,1.00,3.90
2015.04.03 16:12:17.175,1.30633,1.30657,1.50,1.65
2015.04.03 16:12:22.537,1.30634,1.30657,1.00,1.65
2015.04.03 16:12:26.601,1.30634,1.30657,1.00,1.97
2015.04.03 16:12:27.440,1.30634,1.30657,1.00,1.75
2015.04.03 16:12:29.784,1.30634,1.30657,1.00,1.97
2015.04.03 16:12:36.126,1.30632,1.30652,1.00,1.12
2015.04.03 16:12:36.177,1.3063,1.30651,1.00,1.87
2015.04.03 16:12:36.720,1.3063,1.30651,1.00,3.82
2015.04.03 16:12:37.748,1.3063,1.30651,1.00,3.82
2015.04.03 16:12:38.002,1.3063,1.30642,1.00,1.00
2015.04.03 16:12:38.154,1.30621,1.30642,1.00,1.72
2015.04.03 16:12:38.256,1.30619,1.30641,1.00,2.11
2015.04.03 16:12:38.762,1.30618,1.30636,1.00,1.06
2015.04.03 16:12:39.288,1.30618,1.30636,1.00,1.28
2015.04.03 16:12:39.838,1.30618,1.30636,1.00,1.00
2015.04.03 16:12:40.809,1.30617,1.30636,1.00,1.00
2015.04.03 16:12:41.012,1.30624,1.30638,1.00,1.20
2015.04.03 16:12:41.586,1.30624,1.30642,1.00,1.05
2015.04.03 16:12:41.637,1.30624,1.30643,1.00,1.27
2015.04.03 16:12:42.455,1.30619,1.30644,1.50,4.65
2015.04.03 16:12:44.808,1.30621,1.30644,1.00,4.09
2015.04.03 16:12:46.414,1.30624,1.30644,1.00,3.15
2015.04.03 16:12:48.726,1.30623,1.30644,1.00,3.15
2015.04.03 16:12:59.239,1.30628,1.30647,1.00,1.90
2015.04.03 16:12:59.341,1.30631,1.3065,1.00,1.97
2015.04.03 16:12:59.493,1.30631,1.30653,1.00,1.18
2015.04.03 16:12:59.938,1.30626,1.3065,1.50,1.45
2015.04.03 16:13:00.251,1.30626,1.30646,1.00,1.67
2015.04.03 16:13:00.405,1.30626,1.30646,1.00,1.45
2015.04.03 16:13:03.144,1.30622,1.30644,1.00,1.12
2015.04.03 16:13:03.246,1.3062,1.30644,1.00,2.40
2015.04.03 16:13:03.650,1.30622,1.30644,1.00,2.40
2015.04.03 16:13:06.082,1.30625,1.30644,1.00,2.40
2015.04.03 16:13:06.885,1.3062,1.30644,1.00,1.65
2015.04.03 16:13:08.005,1.3062,1.30644,1.00,2.68
2015.04.03 16:13:08.208,1.30619,1.3064,1.00,2.03
2015.04.03 16:13:08.511,1.30619,1.3064,1.00,3.24
2015.04.03 16:13:10.007,1.3063,1.30641,1.00,1.13
2015.04.03 16:13:10.058,1.3063,1.30646,1.00,1.00
2015.04.03 16:13:10.938,1.30631,1.30646,1.00,1.12
2015.04.03 16:13:11.493,1.30629,1.30648,1.00,1.01
2015.04.03 16:13:11.595,1.30629,1.30649,1.00,2.33
2015.04.03 16:13:11.797,1.30631,1.30652,1.00,2.49
2015.04.03 16:13:11.848,1.30631,1.30652,1.50,1.00
2015.04.03 16:13:11.999,1.30631,1.30657,3.75,1.69
2015.04.03 16:13:12.051,1.30633,1.30657,1.00,1.19
2015.04.03 16:13:13.076,1.30633,1.30659,1.00,1.73
2015.04.03 16:13:13.177,1.30652,1.30659,1.00,1.06
2015.04.03 16:13:13.329,1.30652,1.30663,1.00,2.43
2015.04.03 16:13:13.481,1.30653,1.30663,1.00,1.00
2015.04.03 16:13:14.477,1.30655,1.30665,1.00,1.12
2015.04.03 16:13:14.871,1.30655,1.3066,1.00,1.00
2015.04.03 16:13:14.973,1.3064,1.3066,1.50,1.00
2015.04.03 16:13:15.024,1.30638,1.3066,2.25,1.19
2015.04.03 16:13:15.075,1.30636,1.3066,1.50,1.69
2015.04.03 16:13:15.612,1.30635,1.30659,1.00,1.31
2015.04.03 16:13:16.126,1.30634,1.3066,2.25,4.39
2015.04.03 16:13:16.770,1.30634,1.3066,2.25,4.39
2015.04.03 16:13:18.332,1.30634,1.3066,2.25,4.39
2015.04.03 16:13:25.174,1.30635,1.3066,1.00,3.46
2015.04.03 16:13:25.678,1.30635,1.3066,1.00,3.64
2015.04.03 16:13:34.353,1.30635,1.30652,1.00,2.25
2015.04.03 16:13:34.657,1.30631,1.30642,1.00,1.00
2015.04.03 16:13:35.214,1.30631,1.3065,1.00,1.51
2015.04.03 16:13:35.439,1.30629,1.3065,1.87,1.51
2015.04.03 16:13:35.970,1.3063,1.3065,1.12,1.51
2015.04.03 16:13:36.526,1.30629,1.3065,1.87,1.51
2015.04.03 16:13:37.202,1.3063,1.3065,1.12,1.51
2015.04.03 16:13:39.325,1.3063,1.30646,1.12,1.00
2015.04.03 16:13:39.825,1.30625,1.30646,1.37,1.00
2015.04.03 16:13:40.370,1.30625,1.30645,1.00,1.00
2015.04.03 16:13:46.508,1.30628,1.30648,1.00,2.25
2015.04.03 16:13:53.488,1.30628,1.30648,1.00,2.74
2015.04.03 16:13:57.579,1.30626,1.30648,1.00,3.67
2015.04.03 16:13:58.523,1.30625,1.30645,1.00,1.00
2015.04.03 16:13:59.144,1.30625,1.30644,1.00,1.12
2015.04.03 16:13:59.246,1.30621,1.30636,1.00,1.00
2015.04.03 16:13:59.297,1.30616,1.30636,1.00,1.00
2015.04.03 16:13:59.348,1.30616,1.30633,1.00,1.12
2015.04.03 16:13:59.499,1.30611,1.3063,1.87,2.70
2015.04.03 16:13:59.550,1.30611,1.30626,1.12,1.12
2015.04.03 16:13:59.652,1.30609,1.30629,1.50,1.00
2015.04.03 16:14:00.006,1.30608,1.30625,1.00,1.00
2015.04.03 16:14:00.168,1.30605,1.30625,1.87,1.00
2015.04.03 16:14:01.967,1.3061,1.30626,1.00,3.00
2015.04.03 16:14:03.095,1.30607,1.30627,1.00,1.59
2015.04.03 16:14:03.151,1.30605,1.30624,1.87,1.00
2015.04.03 16:14:05.997,1.30604,1.30624,1.50,1.00
2015.04.03 16:14:06.300,1.30607,1.30625,1.00,1.00
2015.04.03 16:14:06.498,1.30603,1.30624,1.50,1.00
2015.04.03 16:14:11.784,1.30603,1.30622,1.00,1.00
2015.04.03 16:14:12.299,1.30602,1.30623,1.12,1.50
2015.04.03 16:14:22.493,1.30602,1.30622,1.12,1.00
2015.04.03 16:14:22.595,1.30602,1.30624,1.87,2.25
2015.04.03 16:14:26.176,1.30602,1.30624,1.50,3.00
2015.04.03 16:14:27.466,1.30602,1.30621,1.00,1.00
2015.04.03 16:14:27.771,1.30607,1.3063,1.37,1.87
2015.04.03 16:14:27.822,1.30614,1.3063,1.00,1.00
2015.04.03 16:14:28.323,1.30614,1.30629,1.00,1.00
2015.04.03 16:14:28.476,1.30616,1.30632,1.00,3.75
2015.04.03 16:14:28.989,1.30617,1.30632,1.00,2.25
2015.04.03 16:14:29.243,1.30615,1.30632,1.00,2.25
2015.04.03 16:14:29.581,1.30612,1.30632,1.50,2.25
2015.04.03 16:14:33.391,1.30612,1.30627,1.50,1.00
2015.04.03 16:14:33.543,1.30601,1.30621,2.16,1.00
2015.04.03 16:14:33.594,1.30601,1.30618,1.00,1.00
2015.04.03 16:14:33.898,1.30604,1.30618,1.00,1.00
2015.04.03 16:14:35.403,1.30604,1.3062,1.00,1.50
2015.04.03 16:14:35.506,1.30608,1.30621,1.00,2.25
2015.04.03 16:14:35.610,1.30608,1.30625,1.00,3.94
2015.04.03 16:14:35.765,1.30604,1.30625,1.00,2.25
2015.04.03 16:14:36.059,1.3061,1.30627,1.00,1.50
2015.04.03 16:14:36.110,1.3061,1.30629,1.00,3.28
2015.04.03 16:14:37.314,1.3061,1.3063,1.00,1.00
2015.04.03 16:14:40.156,1.30614,1.3063,1.00,1.00
2015.04.03 16:14:40.308,1.30614,1.30633,1.00,2.25
2015.04.03 16:14:40.410,1.30614,1.30631,1.00,1.00
2015.04.03 16:14:42.344,1.30618,1.30633,1.00,2.25
2015.04.03 16:14:42.446,1.30618,1.30637,1.00,2.25
2015.04.03 16:14:44.535,1.30616,1.30637,1.00,2.25
2015.04.03 16:14:47.699,1.30618,1.30637,1.00,2.25
2015.04.03 16:14:48.498,1.30617,1.30637,1.00,2.25
2015.04.03 16:14:50.452,1.30617,1.30639,1.00,3.19
2015.04.03 16:14:50.976,1.30617,1.30639,1.00,3.94
2015.04.03 16:14:51.229,1.30598,1.30615,1.00,3.00
2015.04.03 16:14:51.331,1.30598,1.30613,1.00,2.25
2015.04.03 16:14:52.198,1.30595,1.30611,1.00,1.00
2015.04.03 16:14:52.357,1.30597,1.30613,1.00,2.25
2015.04.03 16:14:52.408,1.30597,1.30616,1.00,1.50
2015.04.03 16:14:52.459,1.30597,1.30618,1.00,2.25
2015.04.03 16:14:52.561,1.30598,1.3062,1.00,1.00
2015.04.03 16:14:52.663,1.30601,1.30622,1.00,2.25
2015.04.03 16:14:52.764,1.30601,1.30625,1.00,1.00
2015.04.03 16:14:52.967,1.30606,1.30627,1.00,2.25
2015.04.03 16:14:53.069,1.30607,1.3063,1.00,1.00
2015.04.03 16:14:53.623,1.30608,1.3063,1.00,1.00
2015.04.03 16:14:53.926,1.30608,1.30633,1.50,1.50
2015.04.03 16:14:53.977,1.3061,1.30633,1.00,1.50
2015.04.03 16:14:54.078,1.3061,1.30635,1.00,1.50
2015.04.03 16:14:54.735,1.3061,1.30633,1.50,1.00
2015.04.03 16:14:55.267,1.3061,1.30634,1.50,1.00
2015.04.03 16:14:55.768,1.3061,1.30633,1.50,1.00
2015.04.03 16:14:55.819,1.3061,1.30635,1.50,1.00
2015.04.03 16:14:55.921,1.3061,1.30633,1.50,1.00
2015.04.03 16:14:56.180,1.3061,1.30635,1.50,1.00
2015.04.03 16:14:56.500,1.3061,1.30633,1.50,1.00
2015.04.03 16:14:56.602,1.3061,1.30635,1.50,1.13
2015.04.03 16:14:57.469,1.3061,1.30634,1.50,1.00
2015.04.03 16:14:58.239,1.3061,1.30635,1.50,1.13
2015.04.03 16:14:58.760,1.3061,1.30636,1.50,1.50
2015.04.03 16:14:59.451,1.3061,1.30634,1.50,1.00
2015.04.03 16:14:59.676,1.3061,1.30636,1.50,1.97
2015.04.03 16:15:00.275,1.30612,1.30637,1.00,1.25
2015.04.03 16:15:00.579,1.30612,1.30635,2.25,1.00
2015.04.03 16:15:00.888,1.3061,1.30636,2.25,1.25
2015.04.03 16:15:00.990,1.30615,1.30637,1.00,1.69
2015.04.03 16:15:01.243,1.30614,1.30639,1.87,1.50
2015.04.03 16:15:01.446,1.30615,1.3064,1.37,1.20
2015.04.03 16:15:01.750,1.30614,1.3064,1.50,1.00
2015.04.03 16:15:02.467,1.30614,1.30639,1.00,1.00
2015.04.03 16:15:02.985,1.30614,1.3064,2.44,1.00
2015.04.03 16:15:06.151,1.30617,1.30641,1.00,2.25
2015.04.03 16:15:06.777,1.30615,1.30639,3.19,1.00
2015.04.03 16:15:07.402,1.30615,1.30639,3.19,1.00
2015.04.03 16:15:07.906,1.30615,1.30639,3.00,1.00
2015.04.03 16:15:09.328,1.30615,1.30639,3.19,1.00
2015.04.03 16:15:10.302,1.30615,1.30639,3.19,1.00
2015.04.03 16:15:12.937,1.30615,1.30639,3.00,1.50
2015.04.03 16:15:13.089,1.30609,1.30633,1.50,1.00
2015.04.03 16:15:15.179,1.30609,1.30631,1.00,1.00
2015.04.03 16:15:16.468,1.30607,1.30631,1.50,1.50
2015.04.03 16:15:16.735,1.30607,1.30631,1.50,1.59
2015.04.03 16:15:16.988,1.30603,1.30627,1.50,3.00
2015.04.03 16:15:17.787,1.30603,1.30626,1.00,1.00
2015.04.03 16:15:18.288,1.30603,1.30625,1.00,1.50
2015.04.03 16:15:18.693,1.306,1.30622,1.00,1.22
2015.04.03 16:15:18.997,1.30603,1.3062,1.00,1.00
2015.04.03 16:15:19.048,1.306,1.3062,1.00,1.00
2015.04.03 16:15:19.301,1.30595,1.30619,1.00,1.21
2015.04.03 16:15:19.643,1.30595,1.30619,1.00,2.17
2015.04.03 16:15:20.151,1.30602,1.30619,1.00,1.00
2015.04.03 16:15:20.202,1.30602,1.30624,1.00,1.12
2015.04.03 16:15:20.338,1.30602,1.30626,1.00,1.25
2015.04.03 16:15:20.846,1.30601,1.30627,1.00,4.20
2015.04.03 16:15:21.150,1.30607,1.30627,1.00,3.75
2015.04.03 16:15:21.353,1.30609,1.3063,1.00,1.00
2015.04.03 16:15:21.455,1.30609,1.30633,1.00,2.25
2015.04.03 16:15:21.700,1.30607,1.30633,1.00,2.25
2015.04.03 16:15:22.102,1.3061,1.30633,1.00,2.25
2015.04.03 16:15:22.752,1.30609,1.30633,1.00,2.25
2015.04.03 16:15:25.111,1.30608,1.30633,1.00,2.25
2015.04.03 16:15:25.612,1.30609,1.30633,1.00,2.25
2015.04.03 16:15:27.307,1.30609,1.30632,1.00,2.25
2015.04.03 16:15:30.596,1.30609,1.3063,1.00,1.00
2015.04.03 16:15:30.799,1.30604,1.30627,1.00,2.25
2015.04.03 16:15:31.701,1.30604,1.30626,1.00,1.00
2015.04.03 16:15:31.852,1.30604,1.30626,1.00,1.45
2015.04.03 16:15:32.829,1.30604,1.30626,1.50,1.00
2015.04.03 16:15:33.869,1.30604,1.30627,1.00,3.75
2015.04.03 16:15:34.408,1.30604,1.30626,1.00,1.00
2015.04.03 16:15:34.996,1.30604,1.30627,1.00,3.75
2015.04.03 16:15:35.634,1.30604,1.30624,1.00,1.00
2015.04.03 16:15:36.276,1.30606,1.30621,1.00,1.00
2015.04.03 16:15:36.327,1.30606,1.30627,1.00,2.25
2015.04.03 16:15:40.733,1.30609,1.30627,1.00,2.25
2015.04.03 16:15:41.046,1.30602,1.30627,1.50,2.25
2015.04.03 16:15:41.356,1.30604,1.30627,1.00,2.25
2015.04.03 16:15:41.508,1.30602,1.30627,1.00,2.25
2015.04.03 16:15:42.012,1.30604,1.30627,1.00,2.25
2015.04.03 16:15:42.363,1.30602,1.30627,1.50,2.25
2015.04.03 16:15:43.249,1.30602,1.30626,1.00,1.00
2015.04.03 16:15:43.768,1.30602,1.30625,1.00,1.00
2015.04.03 16:15:43.920,1.30602,1.30623,1.00,2.25
2015.04.03 16:15:44.470,1.30601,1.30623,1.00,2.25
2015.04.03 16:15:45.363,1.30599,1.30623,1.00,3.00
2015.04.03 16:15:45.566,1.30601,1.30623,1.00,2.25
2015.04.03 16:15:45.834,1.30599,1.30623,1.00,2.25
2015.04.03 16:15:46.340,1.30601,1.30623,1.00,2.25
2015.04.03 16:15:47.291,1.30602,1.30623,1.00,2.25
2015.04.03 16:15:47.809,1.30601,1.30623,1.50,2.25
2015.04.03 16:15:47.863,1.30601,1.30625,1.00,1.00
2015.04.03 16:15:48.511,1.30607,1.30627,1.87,1.00
2015.04.03 16:15:48.562,1.30608,1.30629,1.75,2.25
2015.04.03 16:15:48.613,1.30608,1.30625,1.00,1.00
2015.04.03 16:15:48.664,1.30606,1.30625,1.00,1.00
2015.04.03 16:15:48.867,1.30608,1.30629,1.00,2.25
2015.04.03 16:15:49.069,1.30606,1.30626,1.00,1.00
2015.04.03 16:15:49.170,1.30606,1.30629,1.00,3.00
2015.04.03 16:15:49.273,1.30604,1.30626,1.50,1.00
2015.04.03 16:15:49.730,1.30603,1.30629,1.00,4.87
2015.04.03 16:15:49.832,1.30603,1.30626,1.00,2.25
2015.04.03 16:15:53.012,1.30607,1.30629,2.25,1.00
2015.04.03 16:15:53.316,1.30618,1.30631,1.00,1.00
2015.04.03 16:15:53.545,1.30618,1.30633,1.00,1.00
2015.04.03 16:15:54.018,1.30616,1.30634,1.00,1.00
2015.04.03 16:15:54.069,1.30616,1.30636,1.00,1.00
2015.04.03 16:15:54.121,1.30613,1.30637,1.00,1.00
2015.04.03 16:15:54.698,1.30616,1.30637,1.00,1.00
2015.04.03 16:15:54.900,1.30614,1.30637,1.00,1.00
2015.04.03 16:15:55.002,1.30616,1.30637,1.00,1.00
2015.04.03 16:15:55.469,1.30613,1.30637,1.00,1.00
2015.04.03 16:15:55.688,1.30613,1.30635,1.00,1.50
2015.04.03 16:15:56.317,1.30616,1.30635,1.00,1.50
2015.04.03 16:15:56.419,1.30614,1.30635,1.00,1.50
2015.04.03 16:15:56.571,1.30616,1.30635,1.00,1.50
2015.04.03 16:15:56.860,1.30613,1.30635,1.00,1.50
2015.04.03 16:15:57.328,1.30613,1.30633,1.00,1.00
2015.04.03 16:15:57.884,1.30615,1.30633,1.00,1.00
2015.04.03 16:15:58.414,1.30614,1.30632,1.00,1.00
2015.04.03 16:15:58.766,1.30616,1.30632,1.00,1.00
2015.04.03 16:15:58.877,1.30613,1.30632,1.00,1.00
2015.04.03 16:15:58.979,1.30616,1.30632,1.00,1.00
2015.04.03 16:15:59.422,1.30614,1.30632,1.00,1.00
2015.04.03 16:15:59.949,1.30616,1.30632,1.00,1.00
2015.04.03 16:16:00.740,1.30614,1.30632,1.00,1.00
2015.04.03 16:16:00.942,1.30616,1.30632,1.00,1.00
2015.04.03 16:16:01.196,1.30614,1.30632,1.00,1.00
2015.04.03 16:16:01.704,1.30612,1.30632,1.17,1.00
2015.04.03 16:16:02.249,1.30614,1.30632,1.00,1.00
2015.04.03 16:16:02.451,1.30612,1.30632,1.06,1.00
2015.04.03 16:16:02.502,1.30616,1.30632,1.00,1.00
2015.04.03 16:16:02.929,1.30612,1.30632,1.92,1.00
2015.04.03 16:16:03.030,1.30615,1.30632,1.00,1.00
2015.04.03 16:16:03.598,1.30617,1.30633,1.00,1.50
2015.04.03 16:16:03.801,1.30617,1.30635,1.00,1.00
2015.04.03 16:16:04.306,1.30616,1.30635,1.00,1.00
2015.04.03 16:16:05.164,1.30615,1.30635,1.00,1.00
2015.04.03 16:16:05.697,1.30617,1.30634,1.00,1.00
2015.04.03 16:16:05.900,1.30615,1.30634,1.00,1.00
2015.04.03 16:16:06.012,1.30618,1.30634,1.00,1.00
2015.04.03 16:16:06.368,1.30615,1.30634,1.00,1.00
2015.04.03 16:16:06.908,1.30617,1.30635,1.00,1.00
2015.04.03 16:16:07.111,1.30615,1.30634,1.12,1.00
2015.04.03 16:16:07.212,1.30618,1.30634,1.00,1.00
2015.04.03 16:16:07.417,1.30618,1.30636,1.00,1.00
2015.04.03 16:16:07.468,1.30631,1.30637,1.00,1.00
2015.04.03 16:16:07.569,1.30629,1.30641,1.00,2.25
2015.04.03 16:16:07.671,1.3063,1.30644,1.00,2.25
2015.04.03 16:16:07.773,1.30632,1.3065,1.00,3.09
2015.04.03 16:16:07.874,1.30632,1.30652,1.00,1.00
2015.04.03 16:16:08.127,1.30632,1.30655,1.00,3.47
2015.04.03 16:16:08.229,1.30632,1.30652,1.00,1.00
2015.04.03 16:16:08.330,1.30632,1.30655,1.00,3.37
2015.04.03 16:16:08.655,1.30632,1.30652,1.00,1.00
2015.04.03 16:16:09.221,1.30632,1.30654,1.00,1.12
2015.04.03 16:16:10.016,1.30632,1.30654,1.00,1.22
2015.04.03 16:16:10.372,1.3063,1.30654,1.00,1.12
2015.04.03 16:16:10.575,1.30632,1.30655,1.00,2.62
2015.04.03 16:16:10.980,1.30635,1.30655,1.00,2.25
2015.04.03 16:16:11.081,1.30635,1.30659,1.00,1.77
2015.04.03 16:16:11.183,1.30635,1.30656,1.00,1.00
2015.04.03 16:16:11.487,1.30639,1.30655,1.00,1.00
2015.04.03 16:16:12.172,1.30639,1.30657,1.00,1.12
2015.04.03 16:16:12.274,1.30639,1.30655,1.00,1.00
2015.04.03 16:16:12.375,1.30639,1.30657,1.00,1.00
2015.04.03 16:16:12.889,1.30639,1.30655,1.00,1.00
2015.04.03 16:16:13.387,1.3064,1.30657,1.00,1.12
2015.04.03 16:16:13.489,1.30639,1.30655,1.00,1.00
2015.04.03 16:16:13.591,1.3064,1.30658,1.00,1.50
2015.04.03 16:16:14.043,1.30639,1.30655,1.00,1.00
2015.04.03 16:16:14.818,1.3064,1.30658,1.00,1.37
2015.04.03 16:16:15.485,1.3064,1.30656,1.00,1.00
2015.04.03 16:16:16.020,1.3064,1.30658,1.00,1.12
2015.04.03 16:16:16.121,1.30639,1.30656,1.00,1.00
2015.04.03 16:16:16.375,1.3064,1.30658,1.00,1.12
2015.04.03 16:16:17.251,1.3064,1.30658,1.00,1.37
2015.04.03 16:16:17.302,1.30639,1.30658,1.00,1.13
2015.04.03 16:16:17.353,1.30639,1.30656,1.00,1.00
2015.04.03 16:16:17.658,1.3064,1.30658,1.00,1.12
2015.04.03 16:16:17.912,1.30639,1.30658,1.00,1.37
2015.04.03 16:16:18.520,1.30639,1.30658,1.00,1.00
2015.04.03 16:16:19.064,1.3064,1.30659,1.00,1.00
2015.04.03 16:16:19.115,1.3064,1.30658,1.00,1.47
2015.04.03 16:16:19.738,1.3064,1.30656,1.00,1.00
2015.04.03 16:16:19.940,1.3064,1.30658,1.00,1.22
2015.04.03 16:16:20.512,1.3064,1.30657,1.00,1.00
2015.04.03 16:16:21.213,1.3064,1.30658,1.00,1.00
2015.04.03 16:16:21.720,1.3064,1.30657,1.00,1.13
2015.04.03 16:16:22.509,1.30641,1.30657,1.00,1.00
2015.04.03 16:16:22.564,1.30641,1.30663,1.00,1.25
2015.04.03 16:16:23.025,1.30644,1.30666,1.00,3.19
2015.04.03 16:16:23.077,1.30644,1.30666,1.00,3.00
2015.04.03 16:16:23.178,1.30644,1.30664,1.00,1.13
2015.04.03 16:16:23.937,1.30644,1.30665,1.00,1.00
2015.04.03 16:16:24.440,1.30644,1.30664,1.00,1.00
2015.04.03 16:16:24.959,1.30643,1.30663,1.00,1.00
2015.04.03 16:16:25.061,1.30643,1.30665,1.00,1.00
2015.04.03 16:16:25.583,1.30643,1.30664,1.00,1.00
2015.04.03 16:16:26.087,1.30643,1.30665,1.00,1.00
2015.04.03 16:16:26.637,1.30643,1.30664,1.00,1.12
2015.04.03 16:16:27.142,1.30643,1.30663,1.00,1.00
2015.04.03 16:16:27.247,1.30644,1.30661,1.00,1.00
2015.04.03 16:16:27.789,1.30644,1.30664,1.00,1.12
2015.04.03 16:16:28.140,1.30644,1.30662,1.00,1.00
2015.04.03 16:16:29.321,1.30643,1.30663,1.00,1.00
2015.04.03 16:16:30.205,1.30642,1.30663,1.00,1.00
2015.04.03 16:16:30.712,1.30641,1.30663,1.00,1.00
2015.04.03 16:16:31.256,1.30641,1.30662,1.00,1.00
2015.04.03 16:16:31.820,1.30641,1.30663,1.00,1.00
2015.04.03 16:16:32.353,1.30641,1.30662,1.00,1.00
2015.04.03 16:16:32.898,1.30641,1.30663,1.00,1.00
2015.04.03 16:16:33.206,1.30638,1.30651,1.00,1.00
2015.04.03 16:16:33.614,1.30636,1.30651,2.25,1.00
2015.04.03 16:16:34.557,1.30635,1.30651,1.00,1.00
2015.04.03 16:16:37.031,1.30635,1.30652,1.00,3.00
2015.04.03 16:16:38.639,1.30636,1.30652,1.00,2.25
2015.04.03 16:16:38.791,1.30635,1.30655,1.00,1.00
2015.04.03 16:16:38.842,1.30638,1.30655,1.00,1.00
2015.04.03 16:16:38.993,1.30638,1.30658,1.00,1.13
2015.04.03 16:16:39.785,1.30638,1.30659,1.00,2.25
2015.04.03 16:16:40.205,1.30638,1.30656,1.00,1.00
2015.04.03 16:16:41.493,1.30638,1.30658,1.00,2.25
2015.04.03 16:16:42.645,1.30639,1.30659,1.00,2.25
2015.04.03 16:16:43.051,1.30641,1.30659,1.00,2.25
2015.04.03 16:16:43.304,1.30641,1.30664,1.00,2.25
2015.04.03 16:16:43.849,1.30641,1.30663,1.00,1.00
2015.04.03 16:16:44.358,1.30641,1.30663,1.00,1.09
2015.04.03 16:16:44.901,1.30641,1.30663,1.00,1.00
2015.04.03 16:16:45.421,1.30641,1.30664,1.00,2.25
2015.04.03 16:16:46.475,1.30644,1.30664,1.00,2.25
2015.04.03 16:16:47.780,1.30646,1.30664,1.00,3.00
2015.04.03 16:16:48.562,1.30646,1.30665,1.00,1.00
2015.04.03 16:16:49.219,1.30646,1.30664,1.00,1.00
2015.04.03 16:16:49.474,1.30646,1.30667,1.00,3.47
2015.04.03 16:16:50.002,1.30646,1.30664,1.00,1.00
2015.04.03 16:16:50.519,1.30646,1.30665,1.00,1.00
2015.04.03 16:16:51.055,1.30646,1.30666,1.00,1.00
2015.04.03 16:16:51.158,1.30644,1.30666,1.50,1.00
2015.04.03 16:16:51.310,1.30644,1.30664,1.00,1.00
2015.04.03 16:16:52.125,1.30644,1.30665,1.00,1.00
2015.04.03 16:16:52.719,1.30644,1.30666,1.00,1.00
2015.04.03 16:16:54.422,1.30644,1.30665,1.00,1.00
2015.04.03 16:16:55.988,1.30643,1.30665,1.00,1.00
2015.04.03 16:16:56.140,1.30641,1.30665,1.00,1.00
2015.04.03 16:16:59.149,1.30641,1.30664,1.00,1.00
2015.04.03 16:16:59.673,1.30641,1.30663,1.00,2.25
2015.04.03 16:17:01.697,1.30642,1.30663,1.00,2.25
2015.04.03 16:17:02.802,1.30641,1.30663,1.00,2.25
2015.04.03 16:17:02.904,1.3064,1.3066,1.00,1.00
2015.04.03 16:17:03.412,1.30639,1.3066,1.00,1.00
2015.04.03 16:17:03.917,1.30639,1.30661,1.00,1.13
2015.04.03 16:17:04.456,1.3064,1.30659,1.00,1.00
2015.04.03 16:17:04.959,1.3064,1.3066,1.00,2.34
2015.04.03 16:17:06.147,1.3064,1.3066,1.00,1.97
2015.04.03 16:17:06.675,1.30639,1.30658,1.00,1.00
2015.04.03 16:17:07.187,1.30639,1.30659,1.00,3.09
2015.04.03 16:17:07.696,1.3064,1.30659,1.00,3.00
2015.04.03 16:17:08.206,1.30639,1.30658,1.00,1.00
2015.04.03 16:17:08.752,1.3064,1.30659,1.00,2.25
2015.04.03 16:17:09.699,1.30642,1.30659,1.00,2.25
2015.04.03 16:17:14.856,1.30642,1.30658,1.00,1.00
2015.04.03 16:17:14.907,1.3064,1.30658,1.50,1.00
2015.04.03 16:17:15.110,1.30638,1.30657,1.00,1.00
2015.04.03 16:17:15.211,1.30638,1.30655,1.00,1.00
2015.04.03 16:17:15.730,1.30637,1.30654,1.00,3.00
2015.04.03 16:17:17.238,1.3064,1.30654,1.00,2.25
2015.04.03 16:17:18.295,1.3064,1.30658,1.00,1.00
2015.04.03 16:17:20.826,1.30639,1.30658,1.00,1.00
2015.04.03 16:17:20.927,1.30639,1.30661,1.00,3.09
2015.04.03 16:17:21.129,1.3064,1.30658,1.00,1.00
2015.04.03 16:17:21.282,1.30642,1.30661,1.00,2.25
2015.04.03 16:17:25.213,1.30642,1.30663,1.00,1.50
2015.04.03 16:17:32.965,1.30641,1.30663,1.00,1.00
2015.04.03 16:17:33.557,1.30641,1.30665,1.00,3.19
2015.04.03 16:17:33.675,1.30643,1.30665,1.00,3.19
2015.04.03 16:17:34.226,1.30643,1.30665,1.00,2.25
2015.04.03 16:17:34.884,1.30645,1.30665,1.00,2.25
2015.04.03 16:17:35.270,1.30659,1.30673,1.00,1.00
2015.04.03 16:17:35.321,1.30677,1.30692,1.00,1.00
2015.04.03 16:17:36.046,1.30676,1.30692,1.75,1.00
2015.04.03 16:17:36.566,1.30676,1.30692,1.37,1.00
2015.04.03 16:17:37.103,1.30676,1.30692,1.00,1.00
2015.04.03 16:17:39.572,1.30676,1.30694,1.00,1.00
2015.04.03 16:17:40.175,1.30677,1.30694,1.12,1.00
2015.04.03 16:17:40.277,1.30677,1.30695,1.87,1.50
2015.04.03 16:17:40.429,1.30683,1.30698,1.12,1.50
2015.04.03 16:17:40.983,1.30683,1.30699,1.00,1.50
2015.04.03 16:17:41.389,1.30681,1.30699,1.12,1.00
2015.04.03 16:17:42.681,1.30682,1.30699,1.00,1.00
2015.04.03 16:17:43.157,1.30684,1.307,1.00,1.50
2015.04.03 16:17:43.461,1.30682,1.30701,1.00,1.00
2015.04.03 16:17:43.566,1.30684,1.30701,1.00,1.00
2015.04.03 16:17:43.721,1.30682,1.30701,1.00,1.00
2015.04.03 16:17:44.233,1.30683,1.30701,1.00,1.00
2015.04.03 16:17:45.463,1.30682,1.30701,1.00,1.00
2015.04.03 16:17:45.968,1.30682,1.307,1.00,2.25
2015.04.03 16:17:46.515,1.30683,1.307,1.00,2.25
2015.04.03 16:17:48.772,1.30682,1.307,1.00,2.25
2015.04.03 16:17:49.278,1.30681,1.30699,1.00,1.00
2015.04.03 16:17:49.379,1.30679,1.30699,1.00,1.00
2015.04.03 16:17:51.183,1.3068,1.30699,1.00,1.00
2015.04.03 16:17:51.385,1.3068,1.30697,1.00,1.00
2015.04.03 16:17:53.301,1.3068,1.30695,1.00,1.00
2015.04.03 16:17:53.504,1.30673,1.30691,1.50,1.50
2015.04.03 16:17:53.555,1.30674,1.30693,1.00,1.50
2015.04.03 16:17:54.819,1.30673,1.30689,1.50,2.25
2015.04.03 16:17:55.327,1.30673,1.30689,1.12,2.25
2015.04.03 16:17:56.546,1.30673,1.30689,1.37,2.25
2015.04.03 16:17:57.126,1.30673,1.30689,1.12,2.25
2015.04.03 16:17:57.630,1.30673,1.30689,1.37,2.25
2015.04.03 16:17:58.271,1.30673,1.30689,1.50,2.25
2015.04.03 16:17:58.944,1.30673,1.30688,1.00,1.00
2015.04.03 16:18:00.544,1.30672,1.30688,1.12,1.00
2015.04.03 16:18:00.948,1.30669,1.30689,1.37,2.25
2015.04.03 16:18:01.458,1.30669,1.30689,1.00,2.25
2015.04.03 16:18:02.838,1.30669,1.30688,1.12,1.00
2015.04.03 16:18:03.373,1.3067,1.30688,1.00,1.00
2015.04.03 16:18:04.482,1.30669,1.30688,1.87,1.00
2015.04.03 16:18:05.140,1.30669,1.30689,1.12,2.25
2015.04.03 16:18:06.043,1.30669,1.30686,1.12,1.00
2015.04.03 16:18:07.107,1.30669,1.30688,1.12,1.00
2015.04.03 16:18:11.199,1.30669,1.30688,1.37,1.00
2015.04.03 16:18:12.553,1.30669,1.30678,1.37,1.00
2015.04.03 16:18:12.654,1.30658,1.30678,1.12,1.50
2015.04.03 16:18:12.705,1.30658,1.30681,1.12,2.70
2015.04.03 16:18:12.756,1.30661,1.30681,1.00,1.50
2015.04.03 16:18:12.807,1.30661,1.30683,1.00,1.00
2015.04.03 16:18:12.909,1.30661,1.30686,1.50,3.00
2015.04.03 16:18:12.960,1.30663,1.30686,1.00,2.25
2015.04.03 16:18:15.296,1.30663,1.30684,1.00,1.00
2015.04.03 16:18:16.157,1.30662,1.30684,1.00,1.50
2015.04.03 16:18:22.443,1.30663,1.30684,1.00,1.50
2015.04.03 16:18:23.094,1.30662,1.30684,1.00,1.50
2015.04.03 16:18:25.398,1.30661,1.30684,3.75,1.50
2015.04.03 16:18:27.508,1.30662,1.30684,1.00,1.50
2015.04.03 16:18:28.171,1.30662,1.30683,1.00,1.00
2015.04.03 16:18:29.988,1.30661,1.3068,2.25,1.00
2015.04.03 16:18:30.140,1.30661,1.30683,1.00,1.25
2015.04.03 16:18:30.648,1.30662,1.30683,1.00,1.00
2015.04.03 16:18:36.170,1.30662,1.30682,1.00,1.00
2015.04.03 16:18:36.917,1.30661,1.30682,1.00,1.00
2015.04.03 16:18:41.653,1.30662,1.30682,1.00,1.00
2015.04.03 16:18:46.128,1.30663,1.30682,1.00,1.00
2015.04.03 16:18:46.179,1.30679,1.30689,1.50,1.12
2015.04.03 16:18:46.534,1.30669,1.30688,1.00,1.50
2015.04.03 16:18:47.076,1.30669,1.3069,1.00,4.12
2015.04.03 16:18:50.044,1.30668,1.3069,1.00,4.12
2015.04.03 16:18:55.233,1.30669,1.30689,1.00,2.81
2015.04.03 16:19:00.977,1.30669,1.3069,1.00,5.91
2015.04.03 16:19:01.028,1.30667,1.30679,2.25,1.00
2015.04.03 16:19:01.129,1.30681,1.30686,1.00,1.34
2015.04.03 16:19:01.281,1.30673,1.30681,1.41,1.00
2015.04.03 16:19:01.382,1.30668,1.30678,2.25,1.00
2015.04.03 16:19:01.982,1.30667,1.30677,3.00,1.00
2015.04.03 16:19:02.337,1.30667,1.30681,5.62,1.00
2015.04.03 16:19:08.395,1.30668,1.30683,1.50,1.12
2015.04.03 16:19:08.497,1.30668,1.30678,1.50,1.00
2015.04.03 16:19:15.981,1.30668,1.3068,1.87,1.00
2015.04.03 16:19:16.133,1.30668,1.30677,1.87,1.00
2015.04.03 16:19:16.686,1.30667,1.30681,3.37,1.65
2015.04.03 16:19:16.737,1.30667,1.30677,4.12,1.00
2015.04.03 16:19:17.219,1.30667,1.30677,2.62,1.00
2015.04.03 16:19:17.320,1.30667,1.30675,1.12,1.00
2015.04.03 16:19:17.623,1.30672,1.30675,1.41,1.50
2015.04.03 16:19:18.079,1.30673,1.30677,1.41,1.12
2015.04.03 16:19:18.130,1.30665,1.30677,1.00,1.12
2015.04.03 16:19:18.702,1.30664,1.30677,1.00,1.12
2015.04.03 16:19:20.297,1.30666,1.30677,1.00,1.12
2015.04.03 16:19:20.933,1.30667,1.30678,1.00,1.65
2015.04.03 16:19:21.470,1.30668,1.30678,1.00,1.65
2015.04.03 16:19:28.152,1.30669,1.30678,1.00,1.65
2015.04.03 16:19:38.357,1.30667,1.30677,1.00,1.12
2015.04.03 16:19:38.876,1.30666,1.30679,1.00,1.37
2015.04.03 16:19:39.427,1.30667,1.30679,1.00,1.37
2015.04.03 16:19:40.679,1.30666,1.30679,1.00,1.37
2015.04.03 16:19:44.626,1.30667,1.30677,1.00,1.37
2015.04.03 16:19:45.150,1.30667,1.30676,1.00,1.37
2015.04.03 16:19:53.576,1.30666,1.30679,1.00,3.37
2015.04.03 16:19:55.178,1.30665,1.30676,1.50,1.37
2015.04.03 16:19:55.810,1.30664,1.30677,1.00,1.37
2015.04.03 16:20:06.658,1.30664,1.30678,1.00,1.00
2015.04.03 16:20:06.710,1.30669,1.30678,1.00,1.00
2015.04.03 16:20:06.761,1.30669,1.30681,1.00,2.25
2015.04.03 16:20:06.812,1.30669,1.30683,1.00,3.00
2015.04.03 16:20:07.014,1.30668,1.30678,1.00,1.00
2015.04.03 16:20:07.557,1.30669,1.3068,1.00,1.87
2015.04.03 16:20:08.731,1.30669,1.3068,1.00,2.62
2015.04.03 16:20:09.364,1.30669,1.3068,1.00,2.25
2015.04.03 16:20:11.987,1.30669,1.30679,1.00,1.06
2015.04.03 16:20:12.038,1.30667,1.30679,1.50,1.68
2015.04.03 16:20:12.089,1.30667,1.30677,1.50,1.00
2015.04.03 16:20:12.616,1.30667,1.30676,1.00,1.00
2015.04.03 16:20:20.646,1.30666,1.30678,1.00,1.00
2015.04.03 16:20:25.555,1.30667,1.30678,1.00,1.00
2015.04.03 16:20:26.085,1.30667,1.30677,1.00,1.00
2015.04.03 16:20:26.613,1.30666,1.30676,1.00,1.00
2015.04.03 16:20:27.134,1.30667,1.30675,1.00,1.00
2015.04.03 16:20:32.622,1.30668,1.30676,1.00,1.50
2015.04.03 16:20:33.583,1.30667,1.30676,1.00,1.50
2015.04.03 16:20:33.877,1.30667,1.30674,1.00,1.00
2015.04.03 16:20:33.979,1.30658,1.3067,1.00,1.00
2015.04.03 16:20:34.081,1.30655,1.3067,1.00,1.00
2015.04.03 16:20:35.745,1.30655,1.30671,1.00,2.29
2015.04.03 16:20:41.553,1.30657,1.30671,1.00,3.04
2015.04.03 16:20:41.756,1.30657,1.30673,1.00,1.00
2015.04.03 16:20:41.807,1.30664,1.30676,1.00,1.00
2015.04.03 16:20:41.908,1.30657,1.30675,1.00,1.50
2015.04.03 16:20:42.449,1.30659,1.30674,1.00,1.50
2015.04.03 16:20:47.612,1.30653,1.30674,1.00,1.50
2015.04.03 16:20:47.663,1.30653,1.30677,1.00,3.84
2015.04.03 16:20:47.815,1.30657,1.30675,1.00,1.00
2015.04.03 16:20:48.633,1.30652,1.30675,1.00,1.50
2015.04.03 16:20:58.187,1.30649,1.30674,1.50,1.00
2015.04.03 16:21:08.414,1.30649,1.30673,1.50,1.00
2015.04.03 16:21:21.559,1.30657,1.30667,1.00,10.50
2015.04.03 16:21:22.699,1.30643,1.30661,1.00,1.00
2015.04.03 16:21:22.750,1.30642,1.30655,1.00,1.59
2015.04.03 16:21:22.801,1.30634,1.30651,1.00,1.00
2015.04.03 16:21:22.852,1.30634,1.30651,1.00,1.45
2015.04.03 16:21:23.187,1.3064,1.30649,1.00,1.00
2015.04.03 16:21:24.640,1.30626,1.3064,1.00,1.00
2015.04.03 16:21:24.793,1.30616,1.30631,3.00,1.00
2015.04.03 16:21:24.843,1.30616,1.3063,1.00,1.62
2015.04.03 16:21:24.894,1.30608,1.30623,1.00,1.00
2015.04.03 16:21:25.147,1.30609,1.30621,1.00,1.00
2015.04.03 16:21:25.453,1.30615,1.30621,1.00,1.00
2015.04.03 16:21:25.968,1.30614,1.30623,1.00,1.34
2015.04.03 16:21:27.359,1.30614,1.30623,1.00,1.12
2015.04.03 16:21:27.926,1.30614,1.30623,1.00,1.34
2015.04.03 16:21:28.078,1.30609,1.30623,1.00,1.34
2015.04.03 16:21:28.534,1.30607,1.30621,1.00,1.00
2015.04.03 16:21:28.635,1.30614,1.30621,1.00,1.00
2015.04.03 16:21:28.891,1.30614,1.30621,1.00,1.00
2015.04.03 16:21:29.550,1.30611,1.30621,1.00,1.00
2015.04.03 16:21:31.044,1.30604,1.30621,1.00,1.00
2015.04.03 16:21:32.188,1.30604,1.30622,1.00,1.00
2015.04.03 16:21:35.888,1.30604,1.30614,1.00,1.00
2015.04.03 16:21:35.990,1.30598,1.30614,2.25,1.00
2015.04.03 16:21:36.041,1.30598,1.3061,2.25,1.00
2015.04.03 16:21:36.092,1.3059,1.3061,1.50,1.00
2015.04.03 16:21:36.194,1.30588,1.3061,1.00,1.00
2015.04.03 16:21:36.245,1.3059,1.30608,1.00,1.00
2015.04.03 16:21:37.214,1.3059,1.30609,1.00,1.00
2015.04.03 16:21:37.568,1.30588,1.3061,1.00,1.00
2015.04.03 16:21:38.750,1.30588,1.3061,1.37,1.00
2015.04.03 16:21:39.005,1.30604,1.30622,1.00,1.00
2015.04.03 16:21:39.552,1.30604,1.30623,1.00,1.00
2015.04.03 16:21:40.077,1.30605,1.30623,1.00,1.00
2015.04.03 16:21:42.211,1.30605,1.30622,1.00,2.62
2015.04.03 16:21:42.262,1.30603,1.3062,1.00,1.00
2015.04.03 16:21:42.313,1.30596,1.30614,1.87,1.00
2015.04.03 16:21:42.415,1.30595,1.30617,1.00,1.50
2015.04.03 16:21:42.517,1.30596,1.30622,2.29,1.00
2015.04.03 16:21:42.568,1.30602,1.30623,1.50,1.00
2015.04.03 16:21:42.619,1.30602,1.30626,1.50,3.00
2015.04.03 16:21:42.670,1.30606,1.3063,1.12,1.50
2015.04.03 16:21:48.882,1.30608,1.3063,1.00,1.00
2015.04.03 16:21:51.631,1.30609,1.3063,1.00,1.00
2015.04.03 16:21:54.739,1.30608,1.3063,1.00,1.00
2015.04.03 16:22:01.084,1.30608,1.30632,1.50,1.00
2015.04.03 16:22:41.735,1.30608,1.30633,1.00,1.50
2015.04.03 16:22:47.098,1.30606,1.30633,2.25,1.50
2015.04.03 16:22:52.336,1.30608,1.30635,1.00,1.00
2015.04.03 16:22:52.661,1.3061,1.30634,1.00,1.00
2015.04.03 16:22:57.181,1.30615,1.30637,1.00,1.50
2015.04.03 16:22:57.391,1.30617,1.30641,1.00,1.00
2015.04.03 16:22:57.594,1.30619,1.30642,1.00,3.00
2015.04.03 16:22:58.143,1.30619,1.30643,1.00,1.00
2015.04.03 16:23:07.620,1.3062,1.30644,1.00,1.00
2015.04.03 16:23:07.671,1.3062,1.30646,2.25,3.00
2015.04.03 16:23:07.722,1.30623,1.30646,1.00,2.25
2015.04.03 16:23:08.025,1.30627,1.30646,1.00,2.25
2015.04.03 16:23:08.660,1.30627,1.30649,1.00,1.00
2015.04.03 16:23:13.561,1.30627,1.3065,1.00,1.00
2015.04.03 16:23:14.469,1.30634,1.3065,1.00,1.00
2015.04.03 16:23:14.823,1.30631,1.3065,1.00,1.00
2015.04.03 16:23:15.622,1.3063,1.3065,1.00,1.00
2015.04.03 16:23:17.960,1.3063,1.30652,1.00,3.00
2015.04.03 16:23:20.284,1.3063,1.3065,1.00,1.00
2015.04.03 16:23:25.360,1.3063,1.3065,1.00,1.09
2015.04.03 16:23:25.816,1.30629,1.30646,1.00,1.00
2015.04.03 16:23:28.324,1.30641,1.30651,1.00,1.47
2015.04.03 16:23:28.476,1.30641,1.30651,1.00,1.00
2015.04.03 16:23:28.527,1.30641,1.30658,1.00,2.70
2015.04.03 16:23:28.578,1.30641,1.30659,1.00,1.00
2015.04.03 16:23:30.627,1.30635,1.30657,1.59,1.00
2015.04.03 16:23:31.417,1.30635,1.30656,1.50,1.00
2015.04.03 16:23:34.693,1.3064,1.30658,1.00,1.95
2015.04.03 16:23:34.794,1.30635,1.30658,1.00,1.50
2015.04.03 16:23:35.984,1.30635,1.30656,1.00,1.00
2015.04.03 16:23:38.958,1.30634,1.30656,1.00,1.50
2015.04.03 16:23:39.409,1.30634,1.30652,1.00,1.00
2015.04.03 16:23:39.723,1.3064,1.30656,1.00,1.50
2015.04.03 16:23:45.239,1.30638,1.30656,1.00,1.00
2015.04.03 16:23:45.980,1.30632,1.30655,1.00,1.00
2015.04.03 16:23:55.181,1.3063,1.30654,1.00,1.00
2015.04.03 16:24:00.243,1.3063,1.30653,1.00,1.00
2015.04.03 16:24:00.766,1.3063,1.30654,1.00,1.00
2015.04.03 16:24:04.020,1.30641,1.30654,1.00,1.00
2015.04.03 16:24:15.783,1.30641,1.30656,1.00,3.00
2015.04.03 16:24:16.499,1.30642,1.30656,1.00,1.50
2015.04.03 16:24:20.600,1.30642,1.30654,1.00,1.00
2015.04.03 16:24:21.111,1.30641,1.30654,1.00,1.00
2015.04.03 16:24:21.614,1.30642,1.30654,1.00,1.00
2015.04.03 16:24:23.319,1.30641,1.30655,1.00,1.00
2015.04.03 16:24:24.286,1.30641,1.30653,1.00,1.00
2015.04.03 16:24:27.698,1.30641,1.30652,1.00,1.00
2015.04.03 16:24:33.858,1.30639,1.30652,1.00,1.00
2015.04.03 16:24:33.959,1.3063,1.30652,1.00,1.00
2015.04.03 16:24:34.421,1.3064,1.30652,1.00,1.00
2015.04.03 16:24:34.640,1.3064,1.30655,1.00,2.34
2015.04.03 16:24:35.039,1.30637,1.30655,1.00,2.25
2015.04.03 16:24:35.241,1.30637,1.30653,1.00,1.17
2015.04.03 16:24:36.347,1.30634,1.30653,1.00,1.50
2015.04.03 16:24:37.636,1.30634,1.30651,1.00,1.00
2015.04.03 16:24:39.322,1.30634,1.3065,1.00,1.00
2015.04.03 16:24:39.626,1.30637,1.3065,1.00,1.00
2015.04.03 16:24:40.558,1.30633,1.3065,1.00,1.00
2015.04.03 16:24:43.002,1.30632,1.30652,1.00,1.17
2015.04.03 16:24:43.103,1.3063,1.30649,1.00,1.00
2015.04.03 16:24:43.306,1.30624,1.30648,1.50,1.22
2015.04.03 16:24:43.357,1.30624,1.30643,1.00,1.00
2015.04.03 16:24:44.063,1.30624,1.30642,1.00,1.00
2015.04.03 16:24:44.639,1.30623,1.30642,1.00,1.00
2015.04.03 16:24:45.151,1.30622,1.30642,1.00,1.00
2015.04.03 16:24:45.413,1.30622,1.30644,1.00,2.62
2015.04.03 16:24:45.929,1.30623,1.30641,1.00,1.00
2015.04.03 16:24:46.464,1.30624,1.30641,1.00,1.00
2015.04.03 16:24:46.515,1.30624,1.30644,1.00,3.00
2015.04.03 16:24:47.393,1.30626,1.30644,1.00,3.00
2015.04.03 16:24:48.646,1.30629,1.30647,1.00,1.00
2015.04.03 16:24:48.952,1.30633,1.30648,1.00,1.00
2015.04.03 16:24:51.102,1.30636,1.30648,1.00,1.00
2015.04.03 16:24:51.355,1.30636,1.3065,1.00,1.00
2015.04.03 16:24:51.761,1.30638,1.30657,1.00,2.25
2015.04.03 16:24:51.950,1.30638,1.3066,1.00,1.87
2015.04.03 16:24:54.315,1.30636,1.3066,1.50,1.50
2015.04.03 16:24:55.538,1.30636,1.30659,1.50,1.00
2015.04.03 16:24:55.841,1.30638,1.30659,1.00,1.00
2015.04.03 16:24:56.532,1.30638,1.3066,1.00,1.12
2015.04.03 16:24:57.041,1.30638,1.30661,1.12,2.62
2015.04.03 16:24:57.492,1.30638,1.30661,1.87,1.00
2015.04.03 16:24:57.594,1.30638,1.30662,2.25,3.37
2015.04.03 16:25:00.636,1.3064,1.30661,1.00,1.00
2015.04.03 16:25:01.153,1.30639,1.30662,1.37,1.00
2015.04.03 16:25:03.882,1.30639,1.30662,1.12,1.00
2015.04.03 16:25:03.984,1.30641,1.30665,1.00,3.00
2015.04.03 16:25:04.035,1.30644,1.30665,1.00,1.00
2015.04.03 16:25:04.367,1.30647,1.30667,1.00,1.00
2015.04.03 16:25:05.008,1.30647,1.30666,1.00,1.00
2015.04.03 16:25:05.414,1.30645,1.3067,1.00,1.50
2015.04.03 16:25:05.464,1.30645,1.3067,1.00,1.95
2015.04.03 16:25:05.772,1.30645,1.30667,1.00,2.70
2015.04.03 16:25:06.805,1.30645,1.30667,1.00,2.34
2015.04.03 16:25:06.856,1.30643,1.30667,1.50,3.09
2015.04.03 16:25:06.907,1.30641,1.30665,1.50,1.22
2015.04.03 16:25:07.059,1.30641,1.30665,1.00,1.12
2015.04.03 16:25:07.769,1.30641,1.30665,1.00,3.22
2015.04.03 16:25:08.722,1.30644,1.30665,1.00,2.70
2015.04.03 16:25:09.251,1.30644,1.30665,1.00,2.25
2015.04.03 16:25:09.655,1.30644,1.30667,1.00,1.00
2015.04.03 16:25:10.747,1.30644,1.30668,1.50,2.25
2015.04.03 16:25:11.151,1.30647,1.30668,1.00,2.25
2015.04.03 16:25:12.926,1.30647,1.30671,1.00,4.65
2015.04.03 16:25:13.269,1.30647,1.30671,1.00,4.65
2015.04.03 16:25:13.813,1.30647,1.30671,1.00,4.65
2015.04.03 16:25:16.159,1.30647,1.30669,1.00,1.00
2015.04.03 16:25:17.080,1.30653,1.3067,1.00,1.17
2015.04.03 16:25:17.613,1.30653,1.30671,1.00,3.90
2015.04.03 16:25:18.159,1.30653,1.30671,1.00,3.00
2015.04.03 16:25:19.144,1.30653,1.30673,1.00,1.00
2015.04.03 16:25:19.195,1.30657,1.30675,1.00,1.00
2015.04.03 16:25:21.299,1.30657,1.30676,1.00,2.40
2015.04.03 16:25:23.280,1.30657,1.30675,1.00,1.17
2015.04.03 16:25:25.081,1.30657,1.3067,1.00,1.00
2015.04.03 16:25:25.591,1.30657,1.30669,1.00,1.00
2015.04.03 16:25:26.138,1.30657,1.30668,1.00,2.25
2015.04.03 16:25:26.543,1.30657,1.3067,1.00,1.50
2015.04.03 16:25:27.068,1.30657,1.30668,1.00,1.00
2015.04.03 16:25:27.593,1.30657,1.30667,1.00,1.00
2015.04.03 16:25:28.848,1.30657,1.30669,1.00,1.50
2015.04.03 16:25:29.969,1.30657,1.30668,1.00,1.50
2015.04.03 16:25:32.465,1.30655,1.30668,1.00,2.25
2015.04.03 16:25:33.018,1.30653,1.30661,1.00,1.50
2015.04.03 16:25:35.336,1.30637,1.30661,3.00,1.50
2015.04.03 16:25:35.387,1.30637,1.30659,2.25,1.00
2015.04.03 16:25:35.539,1.30633,1.30656,2.25,1.00
2015.04.03 16:25:35.590,1.30633,1.30654,2.25,1.00
2015.04.03 16:25:35.641,1.30628,1.30654,3.75,1.00
2015.04.03 16:25:35.793,1.30626,1.30652,1.50,1.00
2015.04.03 16:25:36.317,1.30626,1.30652,1.28,2.25
2015.04.03 16:25:37.403,1.30624,1.30647,1.50,1.00
2015.04.03 16:25:37.927,1.30623,1.30647,3.00,1.00
2015.04.03 16:25:42.089,1.30624,1.30649,1.37,1.00
2015.04.03 16:25:42.426,1.30625,1.3065,2.02,1.00
2015.04.03 16:25:45.294,1.30644,1.30655,1.00,2.25
2015.04.03 16:25:45.547,1.3064,1.30655,1.00,2.25
2015.04.03 16:25:45.649,1.30634,1.30655,1.00,2.25
2015.04.03 16:25:45.750,1.30632,1.30655,1.06,2.25
2015.04.03 16:25:47.503,1.30631,1.30655,1.06,3.00
2015.04.03 16:25:47.904,1.30633,1.30655,1.00,3.00
2015.04.03 16:25:48.208,1.30644,1.30655,2.53,2.25
2015.04.03 16:25:48.798,1.30645,1.30658,1.37,1.13
2015.04.03 16:25:52.316,1.30644,1.30657,1.37,1.00
2015.04.03 16:25:52.818,1.30644,1.30658,1.37,1.00
2015.04.03 16:25:54.300,1.30654,1.30658,1.00,1.00
2015.04.03 16:25:57.716,1.30655,1.30658,1.00,1.00
2015.04.03 16:25:58.691,1.30653,1.30658,1.00,1.00
2015.04.03 16:25:58.793,1.30655,1.30658,1.00,1.00
2015.04.03 16:26:02.440,1.30654,1.30658,1.00,1.00
2015.04.03 16:26:02.967,1.30655,1.30658,1.00,1.00
2015.04.03 16:26:03.519,1.30652,1.30658,1.00,1.00
2015.04.03 16:26:03.570,1.30645,1.30658,1.87,1.00
2015.04.03 16:26:03.722,1.30654,1.30658,1.00,1.00
2015.04.03 16:26:03.775,1.30654,1.3066,1.00,1.00
2015.04.03 16:26:04.282,1.30655,1.3066,1.00,1.00
2015.04.03 16:26:04.546,1.30657,1.3066,1.00,1.00
2015.04.03 16:26:04.647,1.30657,1.30662,1.00,1.00
2015.04.03 16:26:05.729,1.30655,1.30662,1.50,1.00
2015.04.03 16:26:06.739,1.30657,1.30663,1.00,1.00
2015.04.03 16:26:06.840,1.30655,1.30662,1.00,1.00
2015.04.03 16:26:07.352,1.30654,1.30662,1.00,1.00
2015.04.03 16:26:07.581,1.30655,1.3066,1.00,1.00
2015.04.03 16:26:07.632,1.30653,1.3066,1.00,1.00
2015.04.03 16:26:07.683,1.30645,1.3066,1.37,1.00
2015.04.03 16:26:09.709,1.30644,1.30661,1.37,1.00
2015.04.03 16:26:09.810,1.30644,1.30659,1.37,1.00
2015.04.03 16:26:12.132,1.30644,1.3066,1.37,1.00
2015.04.03 16:26:12.234,1.30645,1.30662,1.37,1.00
2015.04.03 16:26:12.769,1.30645,1.30662,1.37,1.00
2015.04.03 16:26:15.425,1.30656,1.30663,1.00,1.00
2015.04.03 16:26:15.629,1.30659,1.30667,1.00,1.00
2015.04.03 16:26:16.148,1.30658,1.30667,1.00,1.00
2015.04.03 16:26:19.678,1.30658,1.30665,1.00,1.00
2015.04.03 16:26:20.136,1.30659,1.30667,1.00,1.00
2015.04.03 16:26:27.630,1.30659,1.30665,1.00,1.00
2015.04.03 16:26:27.782,1.30651,1.30665,1.00,1.00
2015.04.03 16:26:28.035,1.30657,1.30665,1.41,1.00
2015.04.03 16:26:28.137,1.30652,1.30665,1.00,1.00
2015.04.03 16:26:28.238,1.30644,1.30665,1.37,1.00
2015.04.03 16:26:30.151,1.30644,1.30665,1.37,1.00
2015.04.03 16:26:43.115,1.30645,1.30665,1.37,1.00
2015.04.03 16:26:46.849,1.30644,1.30668,1.37,1.00
2015.04.03 16:26:47.002,1.30645,1.30666,1.37,1.00
2015.04.03 16:26:48.630,1.30644,1.30667,1.37,1.00
2015.04.03 16:26:48.949,1.30644,1.30665,1.37,1.00
2015.04.03 16:26:50.006,1.30645,1.30664,1.37,1.00
2015.04.03 16:26:50.807,1.30645,1.30666,1.37,1.00
2015.04.03 16:26:53.926,1.30644,1.30664,1.37,1.00
2015.04.03 16:26:56.198,1.30644,1.30664,1.37,1.00
2015.04.03 16:27:02.077,1.30644,1.30665,1.37,1.00
2015.04.03 16:27:04.130,1.30645,1.30665,1.37,1.00
2015.04.03 16:27:06.544,1.30645,1.30667,1.37,1.00
2015.04.03 16:27:08.861,1.30645,1.30664,1.37,1.00
2015.04.03 16:27:09.315,1.30657,1.30664,1.00,1.00
2015.04.03 16:27:09.417,1.30655,1.30664,1.00,1.00
2015.04.03 16:27:09.469,1.30645,1.30664,1.37,1.00
2015.04.03 16:27:10.184,1.30645,1.30664,1.37,1.00
2015.04.03 16:27:10.438,1.3064,1.30661,1.37,1.00
2015.04.03 16:27:15.903,1.30639,1.30662,1.37,1.00
2015.04.03 16:27:16.489,1.3064,1.30663,1.37,1.00
2015.04.03 16:27:20.964,1.3064,1.30663,1.37,1.09
2015.04.03 16:27:21.269,1.3064,1.30657,1.37,1.00
2015.04.03 16:27:23.202,1.3064,1.30657,1.37,1.37
2015.04.03 16:27:23.722,1.30639,1.30654,1.37,1.00
2015.04.03 16:27:24.687,1.3064,1.30654,1.37,1.37
2015.04.03 16:27:25.143,1.30639,1.30655,1.37,1.12
2015.04.03 16:27:25.348,1.3064,1.30657,1.37,1.00
2015.04.03 16:27:31.946,1.3064,1.30656,1.37,1.00
2015.04.03 16:27:39.566,1.3064,1.30658,1.37,1.00
2015.04.03 16:27:39.667,1.3064,1.30656,1.37,1.00
2015.04.03 16:27:56.147,1.30639,1.30656,1.37,1.00
2015.04.03 16:28:07.482,1.3064,1.30657,1.37,1.00
2015.04.03 16:28:07.635,1.3064,1.30663,1.37,3.00
2015.04.03 16:28:10.947,1.3064,1.30664,1.37,1.00
2015.04.03 16:28:12.096,1.30639,1.30663,1.37,1.00
2015.04.03 16:28:17.265,1.3064,1.30658,1.37,1.00
2015.04.03 16:28:17.417,1.3064,1.30658,1.37,1.50
2015.04.03 16:28:17.520,1.30639,1.30653,1.37,1.00
2015.04.03 16:28:18.710,1.30639,1.30651,1.37,1.00
2015.04.03 16:28:19.046,1.3064,1.30652,1.37,1.00
2015.04.03 16:28:23.252,1.3064,1.30656,1.37,1.50
2015.04.03 16:28:23.303,1.30639,1.30656,1.37,1.00
2015.04.03 16:28:23.355,1.30639,1.30661,1.37,1.00
2015.04.03 16:28:25.991,1.30639,1.30663,1.37,1.00
2015.04.03 16:28:26.497,1.30639,1.30662,1.37,1.00
2015.04.03 16:28:30.477,1.30639,1.30661,1.37,1.00
2015.04.03 16:28:32.448,1.3064,1.30662,1.37,1.00
2015.04.03 16:28:33.682,1.3064,1.30664,1.37,1.00
2015.04.03 16:28:38.289,1.3064,1.30665,1.37,1.50
2015.04.03 16:28:38.495,1.30639,1.30663,1.37,1.00
2015.04.03 16:28:41.135,1.3064,1.30663,1.37,1.00
2015.04.03 16:28:43.269,1.30639,1.30665,1.37,1.00
2015.04.03 16:28:44.996,1.3064,1.30667,2.25,1.00
2015.04.03 16:28:49.191,1.3064,1.30667,5.44,1.00
2015.04.03 16:28:50.094,1.3064,1.30669,3.00,1.12
2015.04.03 16:29:04.157,1.30643,1.30669,3.00,1.00
2015.04.03 16:29:06.890,1.30643,1.30668,2.62,1.00
2015.04.03 16:29:10.523,1.30639,1.30669,2.44,1.00
2015.04.03 16:29:11.215,1.3064,1.30669,3.19,1.00
2015.04.03 16:29:15.930,1.3064,1.3067,4.31,3.00
2015.04.03 16:29:15.981,1.30645,1.30667,1.50,1.00
2015.04.03 16:29:16.032,1.30645,1.30667,1.12,1.00
2015.04.03 16:29:41.202,1.30645,1.30667,1.37,1.00
2015.04.03 16:29:45.326,1.30645,1.30667,1.75,1.00
2015.04.03 16:29:45.578,1.30646,1.30667,1.12,1.00
2015.04.03 16:29:48.789,1.30641,1.30659,1.75,1.00
2015.04.03 16:29:50.192,1.30648,1.30668,1.00,2.25
2015.04.03 16:29:51.699,1.30644,1.30664,1.37,1.00
2015.04.03 16:29:56.202,1.30644,1.30664,1.37,1.00
2015.04.03 16:29:58.014,1.30642,1.30668,1.75,1.00
2015.04.03 16:29:58.317,1.30642,1.30661,1.37,1.00
2015.04.03 16:29:58.367,1.30642,1.30664,1.37,1.12
2015.04.03 16:30:00.335,1.30644,1.30666,1.37,2.72
2015.04.03 16:30:00.487,1.30644,1.30667,1.37,1.00
2015.04.03 16:30:01.323,1.3064,1.30665,1.37,1.00
2015.04.03 16:30:01.838,1.30639,1.30665,2.25,1.50
2015.04.03 16:30:02.384,1.3064,1.30665,1.37,1.00
2015.04.03 16:30:06.614,1.3064,1.30663,1.56,1.00
2015.04.03 16:30:06.934,1.3064,1.30662,1.56,2.25
2015.04.03 16:30:07.441,1.30645,1.30661,1.12,1.75
2015.04.03 16:30:08.719,1.30644,1.30661,1.37,1.75
2015.04.03 16:30:08.770,1.30645,1.30665,1.37,1.07
2015.04.03 16:30:08.821,1.3066,1.30665,1.00,1.07
2015.04.03 16:30:08.973,1.30666,1.30674,1.00,2.40
2015.04.03 16:30:09.480,1.30665,1.30674,1.00,2.25
2015.04.03 16:30:09.531,1.30665,1.30681,1.00,1.37
2015.04.03 16:30:10.038,1.30666,1.30679,1.00,1.00
2015.04.03 16:30:11.131,1.30665,1.30679,1.00,1.00
2015.04.03 16:30:12.301,1.30666,1.30679,1.00,1.00
2015.04.03 16:30:12.806,1.30667,1.30679,2.25,1.00
2015.04.03 16:30:12.876,1.30667,1.30681,2.25,1.00
2015.04.03 16:30:16.180,1.30666,1.30681,1.50,1.00
2015.04.03 16:30:17.267,1.30666,1.30681,1.00,1.59
2015.04.03 16:30:17.571,1.30665,1.30676,1.00,1.00
2015.04.03 16:30:18.102,1.30666,1.30676,1.00,1.10
2015.04.03 16:30:19.548,1.30665,1.30679,1.00,2.25
2015.04.03 16:30:20.609,1.30666,1.30679,1.00,2.62
2015.04.03 16:30:23.430,1.30665,1.30679,1.00,1.87
2015.04.03 16:30:24.415,1.30666,1.30679,1.00,1.87
2015.04.03 16:30:28.832,1.30665,1.30677,1.00,1.17
2015.04.03 16:30:31.968,1.30664,1.30678,1.00,1.50
2015.04.03 16:30:32.475,1.30665,1.30678,1.00,1.50
2015.04.03 16:30:33.169,1.30664,1.30678,1.00,1.50
2015.04.03 16:30:34.781,1.30664,1.30673,1.00,1.00
2015.04.03 16:30:35.197,1.30665,1.30673,1.00,2.25
2015.04.03 16:30:35.500,1.30664,1.3067,1.00,1.75
2015.04.03 16:30:36.617,1.30664,1.30669,1.00,1.75
2015.04.03 16:30:37.671,1.30661,1.30669,1.00,1.12
2015.04.03 16:30:37.722,1.30661,1.30664,1.00,1.07
2015.04.03 16:30:38.775,1.3066,1.30664,1.00,1.07
2015.04.03 16:30:40.800,1.30661,1.30664,1.00,1.07
2015.04.03 16:30:41.776,1.3066,1.30664,1.00,1.07
2015.04.03 16:30:42.295,1.30661,1.30664,1.00,1.07
2015.04.03 16:30:45.009,1.3066,1.30664,1.00,1.07
2015.04.03 16:30:46.529,1.3066,1.30665,1.00,1.50
2015.04.03 16:30:47.203,1.30659,1.30665,1.00,1.50
2015.04.03 16:30:47.406,1.30647,1.30665,1.00,1.50
2015.04.03 16:30:50.359,1.30647,1.30664,1.00,1.07
2015.04.03 16:30:50.897,1.30643,1.30664,1.37,1.07
2015.04.03 16:30:51.804,1.30643,1.30666,1.37,1.20
2015.04.03 16:30:54.802,1.3066,1.30667,1.00,1.50
2015.04.03 16:30:57.867,1.3066,1.30668,1.00,1.50
2015.04.03 16:30:59.025,1.30659,1.30668,1.50,1.50
2015.04.03 16:30:59.326,1.30646,1.30663,1.12,1.12
2015.04.03 16:30:59.630,1.3064,1.30657,1.37,1.00
2015.04.03 16:30:59.937,1.3064,1.30655,1.37,1.00
2015.04.03 16:31:00.593,1.3064,1.30653,1.37,1.00
2015.04.03 16:31:01.137,1.3064,1.30653,1.37,1.00
2015.04.03 16:31:01.648,1.3064,1.30652,1.37,1.00
2015.04.03 16:31:02.633,1.30639,1.30654,1.37,1.00
2015.04.03 16:31:02.835,1.3064,1.30657,1.37,1.12
2015.04.03 16:31:03.038,1.30639,1.30655,1.37,1.00
2015.04.03 16:31:06.576,1.30639,1.30657,1.37,1.12
2015.04.03 16:31:06.679,1.3064,1.30655,1.37,1.00
2015.04.03 16:31:10.213,1.3064,1.30654,1.37,1.00
2015.04.03 16:31:11.334,1.30639,1.30655,1.37,1.00
2015.04.03 16:31:11.842,1.3064,1.30656,1.37,1.00
2015.04.03 16:31:12.864,1.3064,1.30655,1.37,1.00
2015.04.03 16:31:14.737,1.3064,1.30657,1.37,1.00
2015.04.03 16:31:14.843,1.3064,1.30655,1.37,1.00
2015.04.03 16:31:15.373,1.3064,1.30653,1.37,1.00
2015.04.03 16:31:17.346,1.30639,1.30656,1.37,1.50
2015.04.03 16:31:18.464,1.30639,1.30653,1.37,1.00
2015.04.03 16:31:19.338,1.30639,1.30655,1.37,1.00
2015.04.03 16:31:22.177,1.30639,1.30653,1.37,1.00
2015.04.03 16:31:22.682,1.30639,1.3065,1.37,1.00
2015.04.03 16:31:27.158,1.3064,1.30651,1.37,1.00
2015.04.03 16:31:27.361,1.3064,1.30653,1.37,1.00
2015.04.03 16:31:34.407,1.3064,1.30655,1.37,1.37
2015.04.03 16:31:34.509,1.3064,1.3065,1.37,1.00
2015.04.03 16:31:38.355,1.3064,1.30654,1.37,1.37
2015.04.03 16:31:38.566,1.3064,1.3065,1.37,1.00
2015.04.03 16:31:39.675,1.30639,1.30648,1.37,1.12
2015.04.03 16:31:40.215,1.30639,1.30647,1.37,1.00
2015.04.03 16:31:40.519,1.3064,1.30643,1.00,1.00
2015.04.03 16:31:40.671,1.3064,1.30645,1.00,1.00
2015.04.03 16:31:41.585,1.3064,1.30647,1.37,1.00
2015.04.03 16:31:42.099,1.30639,1.30645,1.00,1.00
2015.04.03 16:31:42.601,1.30639,1.30644,1.00,1.00
2015.04.03 16:31:42.653,1.30639,1.30648,1.37,1.37
2015.04.03 16:31:42.857,1.3064,1.30643,1.00,1.00
2015.04.03 16:31:42.909,1.3064,1.30643,1.00,1.00
2015.04.03 16:31:43.454,1.3064,1.30646,1.00,1.00
2015.04.03 16:31:43.557,1.3064,1.30649,1.37,1.00
2015.04.03 16:31:43.761,1.3064,1.30645,1.00,1.00
2015.04.03 16:31:44.458,1.30639,1.30645,1.00,1.00
2015.04.03 16:31:44.986,1.3064,1.30645,1.00,1.00
2015.04.03 16:31:45.511,1.3064,1.30649,1.37,1.47
2015.04.03 16:31:46.506,1.3064,1.3065,1.37,1.00
2015.04.03 16:31:46.607,1.3064,1.30647,1.37,1.00
2015.04.03 16:31:47.118,1.3064,1.30646,1.37,1.00
2015.04.03 16:31:47.517,1.30639,1.30644,1.00,1.00
2015.04.03 16:31:48.170,1.3064,1.30647,1.00,1.12
2015.04.03 16:31:48.475,1.3064,1.30649,1.37,1.47
2015.04.03 16:31:49.536,1.3064,1.30648,1.37,1.00
2015.04.03 16:31:51.149,1.3064,1.30649,1.37,1.00
2015.04.03 16:31:51.352,1.30639,1.30652,1.37,1.00
2015.04.03 16:31:51.905,1.3064,1.30651,1.37,1.00
2015.04.03 16:31:52.411,1.3064,1.3065,1.37,1.00
2015.04.03 16:31:54.002,1.3064,1.30649,1.37,1.12
2015.04.03 16:31:54.879,1.30639,1.30648,1.37,1.00
2015.04.03 16:31:56.203,1.3064,1.30647,1.37,1.00
2015.04.03 16:31:57.534,1.30639,1.30645,1.00,1.00
2015.04.03 16:31:58.260,1.3064,1.30644,1.00,1.00
2015.04.03 16:31:58.771,1.3064,1.30647,1.00,1.00
2015.04.03 16:31:58.923,1.30639,1.30645,1.00,1.00
2015.04.03 16:31:59.585,1.3064,1.30648,1.00,1.37
2015.04.03 16:32:00.115,1.3064,1.30648,1.00,1.22
2015.04.03 16:32:00.267,1.3064,1.30644,1.00,1.00
2015.04.03 16:32:00.783,1.3064,1.30645,1.00,1.00
2015.04.03 16:32:00.834,1.3064,1.30647,1.00,1.00
2015.04.03 16:32:00.936,1.30639,1.30649,1.00,1.00
2015.04.03 16:32:01.848,1.3064,1.30648,1.00,1.00
2015.04.03 16:32:02.383,1.30639,1.30648,1.00,1.00
2015.04.03 16:32:02.885,1.3064,1.30648,1.00,1.00
2015.04.03 16:32:03.787,1.30639,1.30649,1.00,1.00
2015.04.03 16:32:04.338,1.3064,1.30649,1.00,1.00
2015.04.03 16:32:04.878,1.30639,1.30649,1.00,1.00
2015.04.03 16:32:05.428,1.30639,1.30648,1.00,1.00
2015.04.03 16:32:06.280,1.30639,1.30649,1.37,1.47
2015.04.03 16:32:06.990,1.3064,1.3065,1.37,1.00
2015.04.03 16:32:07.091,1.3064,1.30652,1.37,1.00
2015.04.03 16:32:08.853,1.3064,1.30653,1.37,1.00
2015.04.03 16:32:10.912,1.3064,1.3065,1.37,1.00
2015.04.03 16:32:11.064,1.3064,1.30652,1.37,1.00
2015.04.03 16:32:14.124,1.30639,1.30653,1.37,1.00
2015.04.03 16:32:14.901,1.30639,1.30652,1.37,1.00
2015.04.03 16:32:15.675,1.30639,1.30653,1.37,1.00
2015.04.03 16:32:16.204,1.3064,1.30652,1.37,1.00
2015.04.03 16:32:17.073,1.30639,1.30651,1.37,1.00
2015.04.03 16:32:18.575,1.3064,1.30653,1.37,1.13
2015.04.03 16:32:19.094,1.30639,1.30654,1.37,1.00
2015.04.03 16:32:21.567,1.3064,1.30654,1.37,1.37
2015.04.03 16:32:22.075,1.30639,1.30652,1.37,1.12
2015.04.03 16:32:22.126,1.30639,1.30649,1.37,1.00
2015.04.03 16:32:22.783,1.3064,1.30648,1.37,1.00
2015.04.03 16:32:23.813,1.3064,1.30647,1.00,1.00
2015.04.03 16:32:25.329,1.3064,1.30648,1.37,1.00
2015.04.03 16:32:25.430,1.3064,1.30646,1.00,1.00
2015.04.03 16:32:26.346,1.30639,1.30651,1.37,1.47
2015.04.03 16:32:28.086,1.30639,1.30648,1.37,1.00
2015.04.03 16:32:28.188,1.3064,1.30654,1.37,1.00
2015.04.03 16:32:28.543,1.30645,1.30652,1.37,1.00
2015.04.03 16:32:28.645,1.30645,1.30655,1.37,2.25
2015.04.03 16:32:29.173,1.30645,1.30656,1.37,1.00
2015.04.03 16:32:29.724,1.30645,1.30659,1.37,1.59
2015.04.03 16:32:29.825,1.30646,1.30659,1.12,1.50
2015.04.03 16:32:30.768,1.30646,1.30657,1.12,1.12
2015.04.03 16:32:32.049,1.30646,1.30657,1.12,1.37
2015.04.03 16:32:32.404,1.30646,1.30659,1.12,1.87
2015.04.03 16:32:32.514,1.30646,1.30656,1.12,1.00
2015.04.03 16:32:34.206,1.30644,1.30656,1.37,1.00
2015.04.03 16:32:34.861,1.30644,1.30656,1.37,1.37
2015.04.03 16:32:35.363,1.30644,1.30656,1.37,1.37
2015.04.03 16:32:36.109,1.30644,1.30656,1.37,1.37
2015.04.03 16:32:36.620,1.3064,1.30656,1.37,1.00
2015.04.03 16:32:36.923,1.30639,1.30652,1.37,1.12
2015.04.03 16:32:37.303,1.3064,1.30649,1.37,1.00
2015.04.03 16:32:38.871,1.30639,1.3065,1.37,1.00
2015.04.03 16:32:40.944,1.30639,1.30657,1.37,3.37
2015.04.03 16:32:41.197,1.30639,1.30655,1.37,1.00
2015.04.03 16:32:42.050,1.30639,1.30657,1.37,2.62
2015.04.03 16:32:43.125,1.3064,1.30654,1.37,1.00
2015.04.03 16:32:43.709,1.30639,1.30653,1.37,1.00
2015.04.03 16:32:45.771,1.3064,1.30655,1.37,1.12
2015.04.03 16:32:46.279,1.30639,1.30656,1.37,2.44
2015.04.03 16:32:46.683,1.3064,1.30655,1.37,1.59
2015.04.03 16:32:46.786,1.30639,1.30655,1.37,2.62
2015.04.03 16:32:47.390,1.3064,1.30655,1.37,1.13
2015.04.03 16:32:47.693,1.30639,1.30653,1.37,1.00
2015.04.03 16:32:48.189,1.3064,1.30651,1.37,1.00
2015.04.03 16:32:48.856,1.3064,1.30656,1.37,2.72
2015.04.03 16:32:48.957,1.3064,1.30656,1.37,2.25
2015.04.03 16:32:49.210,1.30639,1.30662,1.37,1.46
2015.04.03 16:32:49.312,1.3064,1.30656,1.37,1.00
2015.04.03 16:32:49.616,1.30653,1.30663,1.00,2.44
2015.04.03 16:32:50.960,1.30653,1.30663,1.00,2.25
2015.04.03 16:32:51.061,1.30647,1.30663,1.00,2.77
2015.04.03 16:32:51.163,1.3064,1.30663,1.37,3.94
2015.04.03 16:32:51.214,1.3064,1.3066,1.37,1.84
2015.04.03 16:32:51.467,1.3064,1.30657,1.37,2.02
2015.04.03 16:32:51.569,1.3064,1.30653,1.37,1.07
2015.04.03 16:32:52.386,1.30642,1.30652,1.12,1.10
2015.04.03 16:32:52.974,1.30639,1.30652,1.87,1.00
2015.04.03 16:32:55.882,1.3064,1.30658,1.37,2.40
2015.04.03 16:32:55.983,1.3064,1.30656,1.37,1.07
2015.04.03 16:32:56.543,1.30639,1.30653,1.37,1.07
2015.04.03 16:32:57.863,1.30639,1.30653,1.37,1.10
2015.04.03 16:33:00.789,1.3064,1.30654,1.37,1.45
2015.04.03 16:33:01.093,1.3064,1.30643,1.00,1.12
2015.04.03 16:33:01.619,1.3064,1.30644,1.37,1.00
2015.04.03 16:33:03.335,1.3064,1.30643,1.00,1.00
2015.04.03 16:33:04.474,1.3064,1.30648,1.37,1.00
2015.04.03 16:33:05.269,1.30639,1.30645,1.37,1.00
2015.04.03 16:33:08.653,1.3064,1.30648,1.37,1.00
2015.04.03 16:33:09.758,1.30639,1.30648,1.37,1.00
2015.04.03 16:33:12.530,1.3064,1.3065,1.37,1.12
2015.04.03 16:33:18.984,1.3064,1.30651,1.37,1.50
2015.04.03 16:33:19.866,1.3064,1.30652,1.37,1.20
2015.04.03 16:33:22.484,1.30639,1.30649,1.37,1.00
2015.04.03 16:33:22.928,1.3064,1.30652,1.37,1.12
2015.04.03 16:33:23.437,1.30635,1.30641,1.87,1.00
2015.04.03 16:33:29.874,1.30635,1.30641,2.25,1.00
2015.04.03 16:33:30.331,1.30639,1.30654,1.37,1.86
2015.04.03 16:33:30.862,1.3064,1.30651,1.37,1.00
2015.04.03 16:33:32.281,1.3064,1.30654,1.37,1.07
2015.04.03 16:33:33.573,1.30639,1.30655,1.37,1.07
2015.04.03 16:33:34.093,1.3064,1.30655,1.37,1.20
2015.04.03 16:33:47.750,1.3064,1.30655,1.37,1.57
2015.04.03 16:33:56.970,1.3064,1.30652,1.37,1.37
2015.04.03 16:33:57.548,1.3064,1.30652,1.37,1.00
2015.04.03 16:34:04.162,1.3064,1.30652,1.37,1.00
2015.04.03 16:34:13.558,1.3064,1.30653,1.37,1.00
2015.04.03 16:34:14.303,1.30639,1.30656,1.00,1.52
2015.04.03 16:34:14.354,1.30635,1.30656,1.87,1.52
2015.04.03 16:34:14.455,1.30634,1.30651,1.87,2.25
2015.04.03 16:34:14.760,1.3064,1.30651,1.37,2.25
2015.04.03 16:34:24.773,1.3064,1.30655,1.37,1.00
2015.04.03 16:34:25.591,1.30639,1.30654,1.37,1.50
2015.04.03 16:34:26.560,1.3064,1.30657,1.37,2.21
2015.04.03 16:34:30.692,1.3064,1.30654,1.37,1.00
2015.04.03 16:34:31.147,1.30639,1.30652,1.37,1.00
2015.04.03 16:34:31.248,1.3064,1.30657,1.37,2.96
2015.04.03 16:34:32.789,1.3064,1.30657,1.37,2.96
2015.04.03 16:34:35.776,1.3064,1.30653,1.37,1.00
2015.04.03 16:34:36.080,1.30639,1.30651,1.37,1.00
2015.04.03 16:34:36.359,1.30639,1.30654,1.37,1.12
2015.04.03 16:34:36.860,1.3064,1.30656,1.37,2.02
2015.04.03 16:34:37.990,1.3064,1.30656,1.37,1.20
2015.04.03 16:34:39.336,1.30639,1.30656,1.37,2.77
2015.04.03 16:34:40.579,1.3064,1.30655,1.37,1.25
2015.04.03 16:34:42.560,1.3064,1.30655,1.37,1.19
2015.04.03 16:34:42.814,1.30639,1.30655,1.37,1.94
2015.04.03 16:34:42.915,1.30639,1.30655,1.37,1.56
2015.04.03 16:34:43.896,1.30639,1.30656,1.37,3.34
2015.04.03 16:34:45.821,1.3064,1.30656,1.37,3.34
2015.04.03 16:34:45.924,1.30639,1.30655,1.37,1.31
2015.04.03 16:34:46.126,1.30639,1.30655,1.37,2.06
2015.04.03 16:34:48.862,1.3064,1.30655,1.37,1.00
2015.04.03 16:34:49.386,1.3064,1.30654,1.37,1.00
2015.04.03 16:34:49.895,1.3064,1.30656,1.37,1.31
2015.04.03 16:34:50.681,1.3064,1.30656,1.37,2.06
2015.04.03 16:34:52.084,1.3064,1.30657,1.37,1.31
2015.04.03 16:34:52.628,1.30639,1.30659,1.37,2.96
2015.04.03 16:34:54.152,1.3064,1.30659,1.37,2.96
2015.04.03 16:34:54.452,1.3064,1.30659,1.37,2.96
2015.04.03 16:34:55.154,1.3064,1.30659,1.37,1.56
2015.04.03 16:34:55.255,1.3064,1.30659,1.37,2.96
2015.04.03 16:34:55.761,1.30641,1.30662,1.37,1.15
2015.04.03 16:34:57.034,1.3064,1.3066,1.37,1.15
2015.04.03 16:34:57.687,1.3064,1.3066,1.37,2.96
2015.04.03 16:34:57.993,1.3064,1.30657,1.37,1.87
2015.04.03 16:35:00.015,1.30639,1.30658,1.37,2.14
2015.04.03 16:35:00.218,1.30639,1.30657,1.37,1.87
2015.04.03 16:35:00.750,1.30639,1.30657,1.37,1.87
2015.04.03 16:35:01.273,1.3064,1.30657,1.37,1.87
2015.04.03 16:35:01.811,1.3064,1.30657,1.37,1.87
2015.04.03 16:35:02.477,1.30639,1.30658,1.37,1.10
2015.04.03 16:35:02.781,1.3064,1.30658,1.37,1.47
2015.04.03 16:35:03.830,1.3064,1.30658,1.37,1.47
2015.04.03 16:35:04.331,1.30639,1.30658,1.37,2.89
2015.04.03 16:35:05.496,1.3064,1.30658,1.37,2.70
2015.04.03 16:35:05.648,1.30639,1.30658,1.37,2.79
2015.04.03 16:35:08.297,1.30639,1.30658,1.37,2.89
2015.04.03 16:35:08.398,1.3064,1.30657,1.37,1.00
2015.04.03 16:35:09.211,1.3064,1.30655,1.37,1.00
2015.04.03 16:35:14.259,1.3064,1.30658,1.37,1.11
2015.04.03 16:35:14.594,1.30639,1.3065,1.37,1.00
2015.04.03 16:35:15.155,1.3064,1.30651,1.37,1.00
2015.04.03 16:35:19.025,1.3064,1.30652,1.37,1.00
2015.04.03 16:35:19.482,1.3064,1.3065,1.37,1.00
2015.04.03 16:35:21.298,1.30639,1.30651,1.37,1.00
2015.04.03 16:35:22.541,1.3064,1.3065,1.37,1.00
2015.04.03 16:35:25.162,1.3064,1.30651,1.37,1.00
2015.04.03 16:35:25.749,1.3064,1.30652,1.37,1.37
2015.04.03 16:35:25.851,1.3064,1.30653,1.37,1.19
2015.04.03 16:35:25.902,1.3064,1.30653,1.37,1.19
2015.04.03 16:35:26.055,1.3064,1.30656,1.37,2.25
2015.04.03 16:35:26.409,1.30639,1.30658,1.37,3.34
2015.04.03 16:35:26.922,1.30639,1.30657,1.37,1.13
2015.04.03 16:35:27.641,1.30639,1.30656,1.37,2.25
2015.04.03 16:35:27.743,1.3064,1.30658,1.37,3.00
2015.04.03 16:35:28.357,1.30639,1.30658,1.37,3.07
2015.04.03 16:35:29.003,1.3064,1.30655,1.37,2.25
2015.04.03 16:35:29.819,1.30639,1.30657,1.37,1.78
2015.04.03 16:35:30.769,1.3064,1.30658,1.37,1.41
2015.04.03 16:35:31.289,1.30639,1.30658,1.37,1.41
2015.04.03 16:35:31.880,1.30639,1.30658,1.37,1.12
2015.04.03 16:35:31.931,1.3064,1.30655,1.37,2.25
2015.04.03 16:35:32.032,1.30639,1.30658,1.37,1.12
2015.04.03 16:35:32.134,1.3064,1.30656,1.37,1.00
2015.04.03 16:35:34.146,1.30639,1.30654,1.37,1.50
2015.04.03 16:35:34.248,1.30639,1.30658,1.37,2.34
2015.04.03 16:35:34.299,1.30639,1.30658,1.37,2.25
2015.04.03 16:35:35.259,1.3064,1.30656,1.37,2.25
2015.04.03 16:35:36.331,1.3064,1.30658,1.37,1.78
2015.04.03 16:35:36.432,1.3064,1.30655,1.37,1.50
2015.04.03 16:35:36.942,1.30639,1.30656,1.37,2.25
2015.04.03 16:35:37.251,1.30639,1.30654,1.37,1.00
2015.04.03 16:35:37.780,1.30639,1.30655,1.37,1.00
2015.04.03 16:35:38.647,1.30639,1.30654,1.37,1.50
2015.04.03 16:35:39.116,1.3064,1.30657,1.37,1.00
2015.04.03 16:35:39.167,1.3064,1.30655,1.37,1.00
2015.04.03 16:35:39.592,1.3064,1.30657,1.37,1.00
2015.04.03 16:35:39.694,1.3064,1.30654,1.37,1.00
2015.04.03 16:35:40.153,1.3064,1.30657,1.37,1.00
2015.04.03 16:35:41.053,1.30639,1.30657,1.37,1.09
2015.04.03 16:35:41.560,1.3064,1.30655,1.37,1.00
2015.04.03 16:35:41.891,1.3064,1.30653,1.37,1.00
2015.04.03 16:35:42.245,1.3064,1.30655,1.37,1.00
2015.04.03 16:35:42.770,1.30639,1.30654,1.37,1.00
2015.04.03 16:35:43.461,1.30639,1.30655,1.37,1.00
2015.04.03 16:35:44.007,1.3064,1.30656,1.37,1.13
2015.04.03 16:35:44.513,1.30639,1.30655,1.37,1.00
2015.04.03 16:35:46.967,1.3064,1.30654,1.37,1.00
2015.04.03 16:35:49.140,1.3064,1.30654,1.37,1.10
2015.04.03 16:35:50.911,1.3064,1.30657,1.37,1.19
2015.04.03 16:35:52.329,1.30639,1.30656,1.37,1.07
2015.04.03 16:35:52.430,1.3064,1.30656,1.37,1.00
2015.04.03 16:35:53.542,1.3064,1.30656,1.37,1.07
2015.04.03 16:35:54.032,1.3064,1.30656,1.37,1.00
2015.04.03 16:35:54.538,1.3064,1.30656,1.37,1.07
2015.04.03 16:35:54.892,1.3064,1.30652,1.37,1.00
2015.04.03 16:35:56.068,1.3064,1.30652,1.37,1.07
2015.04.03 16:35:56.589,1.30639,1.30652,1.37,1.07
2015.04.03 16:35:56.691,1.3064,1.30652,1.37,1.13
2015.04.03 16:35:57.536,1.30639,1.30652,1.37,1.10
2015.04.03 16:35:57.587,1.30639,1.30653,1.37,1.22
2015.04.03 16:35:58.132,1.3064,1.30652,1.37,1.00
2015.04.03 16:35:58.610,1.30639,1.30652,1.37,1.07
2015.04.03 16:35:58.712,1.30639,1.30652,1.37,1.00
2015.04.03 16:35:59.220,1.3064,1.30653,1.37,1.13
2015.04.03 16:35:59.726,1.3064,1.30654,1.37,1.87
2015.04.03 16:35:59.827,1.3064,1.30654,1.37,1.87
2015.04.03 16:36:00.401,1.3064,1.30654,1.37,1.37
2015.04.03 16:36:00.922,1.3064,1.30656,1.37,1.47
2015.04.03 16:36:02.295,1.30639,1.30656,1.37,1.20
2015.04.03 16:36:02.809,1.3064,1.30656,1.37,1.47
2015.04.03 16:36:03.460,1.3064,1.30656,1.37,2.32
2015.04.03 16:36:03.562,1.30639,1.30656,1.37,2.70
2015.04.03 16:36:03.663,1.30639,1.30656,1.37,2.32
2015.04.03 16:36:03.865,1.30639,1.30656,1.37,2.70
2015.04.03 16:36:04.862,1.30639,1.30656,1.37,2.70
2015.04.03 16:36:05.420,1.30639,1.30656,1.37,3.45
2015.04.03 16:36:05.968,1.30639,1.30656,1.37,3.07
2015.04.03 16:36:06.429,1.3064,1.30656,1.37,3.45
2015.04.03 16:36:06.971,1.3064,1.30656,1.37,3.26
2015.04.03 16:36:07.466,1.3064,1.30656,1.37,2.89
2015.04.03 16:36:07.773,1.3064,1.30656,1.37,2.61
2015.04.03 16:36:12.310,1.30639,1.30654,1.37,1.50
2015.04.03 16:36:12.864,1.30639,1.30655,1.37,2.44
2015.04.03 16:36:13.126,1.30639,1.30646,1.37,1.00
2015.04.03 16:36:13.328,1.30635,1.30641,3.75,1.10
2015.04.03 16:36:13.430,1.30633,1.30641,1.00,1.75
2015.04.03 16:36:13.633,1.30635,1.30641,1.37,1.50
2015.04.03 16:36:14.166,1.30635,1.30639,2.62,1.00
2015.04.03 16:36:14.640,1.30635,1.30638,1.50,1.00
2015.04.03 16:36:15.730,1.30635,1.30641,2.62,1.50
2015.04.03 16:36:16.170,1.30635,1.30638,1.87,1.00
2015.04.03 16:36:17.436,1.30611,1.30614,2.17,1.10
2015.04.03 16:36:17.488,1.30609,1.30614,1.37,1.57
2015.04.03 16:36:17.539,1.30612,1.30614,1.00,1.07
2015.04.03 16:36:17.844,1.3062,1.30623,1.00,1.45
2015.04.03 16:36:17.946,1.30615,1.30619,1.87,1.12
2015.04.03 16:36:18.099,1.30608,1.3062,1.37,1.12
2015.04.03 16:36:18.151,1.30608,1.30619,1.00,1.85
2015.04.03 16:36:18.355,1.30618,1.30623,1.00,1.00
2015.04.03 16:36:18.456,1.30618,1.30623,1.00,1.00
2015.04.03 16:36:18.558,1.30609,1.30625,3.02,1.10
2015.04.03 16:36:18.609,1.30609,1.30621,1.37,2.25
2015.04.03 16:36:18.660,1.30608,1.30618,1.00,1.00
2015.04.03 16:36:18.762,1.30608,1.30616,1.00,1.00
2015.04.03 16:36:19.269,1.30595,1.30616,1.00,1.75
2015.04.03 16:36:19.934,1.30594,1.30615,1.00,1.57
2015.04.03 16:36:20.036,1.30592,1.30615,1.00,1.10
2015.04.03 16:36:20.394,1.30589,1.30615,1.00,1.10
2015.04.03 16:36:20.910,1.30589,1.30617,1.50,3.75
2015.04.03 16:36:21.112,1.30589,1.30615,1.00,1.00
2015.04.03 16:36:22.170,1.30587,1.30615,1.50,1.00
2015.04.03 16:36:22.663,1.30585,1.30613,4.50,1.00
2015.04.03 16:36:30.496,1.30595,1.30613,1.00,1.00
2015.04.03 16:36:34.692,1.30593,1.30611,1.00,1.00
2015.04.03 16:36:35.800,1.30594,1.30614,1.00,2.62
2015.04.03 16:36:35.902,1.30597,1.30614,1.00,1.87
2015.04.03 16:36:36.499,1.30597,1.30612,1.00,1.00
2015.04.03 16:36:37.307,1.30597,1.30614,1.00,1.12
2015.04.03 16:36:37.890,1.30597,1.30615,1.00,1.00
2015.04.03 16:36:38.396,1.30598,1.30616,1.00,1.00
2015.04.03 16:36:39.170,1.30596,1.30616,1.00,1.00
2015.04.03 16:36:44.892,1.30595,1.30613,1.00,1.50
2015.04.03 16:36:45.196,1.30598,1.30613,1.00,1.50
2015.04.03 16:36:45.708,1.30599,1.30614,1.00,1.00
2015.04.03 16:36:45.759,1.30594,1.30614,1.00,1.00
2015.04.03 16:36:46.583,1.30592,1.30616,1.00,1.25
2015.04.03 16:36:47.519,1.30592,1.30618,1.00,1.69
2015.04.03 16:36:47.672,1.30592,1.30618,1.37,1.25
2015.04.03 16:36:47.724,1.30592,1.30618,1.12,1.25
2015.04.03 16:36:48.234,1.30592,1.30618,3.37,1.25
2015.04.03 16:36:48.556,1.306,1.30619,1.00,1.19
2015.04.03 16:36:48.709,1.306,1.3062,1.00,1.00
2015.04.03 16:36:49.082,1.30602,1.3062,2.62,1.00
2015.04.03 16:36:49.135,1.30602,1.30624,2.62,1.50
2015.04.03 16:36:49.186,1.30604,1.30625,1.37,2.32
2015.04.03 16:36:49.288,1.30608,1.3063,1.00,1.09
2015.04.03 16:36:49.812,1.30609,1.30628,1.00,1.00
2015.04.03 16:36:51.098,1.30609,1.30631,1.00,1.00
2015.04.03 16:36:53.359,1.30605,1.30631,1.00,1.00
2015.04.03 16:36:55.227,1.30605,1.3063,1.00,1.00
2015.04.03 16:36:58.700,1.30605,1.30629,1.37,1.00
2015.04.03 16:36:59.768,1.30604,1.30628,4.12,1.00
2015.04.03 16:36:59.819,1.30604,1.30627,3.75,1.00
2015.04.03 16:37:00.173,1.306,1.30626,1.87,1.00
2015.04.03 16:37:00.857,1.30601,1.30626,1.00,1.00
2015.04.03 16:37:01.830,1.30609,1.30628,1.00,1.00
2015.04.03 16:37:01.931,1.30607,1.30627,1.00,1.00
2015.04.03 16:37:02.437,1.30607,1.30628,1.00,1.00
2015.04.03 16:37:02.539,1.30607,1.30625,1.00,1.00
2015.04.03 16:37:02.641,1.30598,1.30621,1.00,1.13
2015.04.03 16:37:02.742,1.30598,1.30618,1.00,2.25
2015.04.03 16:37:03.046,1.30601,1.30616,1.00,1.00
2015.04.03 16:37:03.349,1.30601,1.30614,1.00,1.00
2015.04.03 16:37:03.956,1.30602,1.30614,1.00,1.00
2015.04.03 16:37:04.421,1.30602,1.30617,1.00,1.00
2015.04.03 16:37:06.550,1.30601,1.30618,1.00,1.00
2015.04.03 16:37:07.256,1.30602,1.30618,1.00,1.00
2015.04.03 16:37:07.561,1.30602,1.3062,1.00,1.00
2015.04.03 16:37:07.662,1.30602,1.30623,1.00,1.50
2015.04.03 16:37:07.815,1.30602,1.3062,1.00,1.00
2015.04.03 16:37:08.320,1.30602,1.30621,1.00,1.50
2015.04.03 16:37:08.623,1.30608,1.3062,1.00,1.00
2015.04.03 16:37:09.129,1.30608,1.30622,1.00,1.00
2015.04.03 16:37:09.656,1.30607,1.30625,1.00,1.00
2015.04.03 16:37:09.757,1.30609,1.30623,1.00,1.00
2015.04.03 16:37:09.859,1.30609,1.30625,1.00,1.00
2015.04.03 16:37:09.960,1.30607,1.30626,1.00,1.50
2015.04.03 16:37:10.943,1.30613,1.30624,1.00,1.00
2015.04.03 16:37:11.317,1.30607,1.30624,1.00,1.00
2015.04.03 16:37:13.226,1.30607,1.30626,1.00,1.50
2015.04.03 16:37:13.277,1.30606,1.30628,1.00,1.00
2015.04.03 16:37:13.429,1.30606,1.3063,1.00,1.00
2015.04.03 16:37:13.582,1.30606,1.30629,1.00,1.75
2015.04.03 16:37:13.735,1.30606,1.30623,1.00,1.00
2015.04.03 16:37:13.836,1.30606,1.30621,1.00,1.00
2015.04.03 16:37:13.947,1.30605,1.30624,1.00,2.25
2015.04.03 16:37:14.756,1.30605,1.30623,1.00,1.00
2015.04.03 16:37:16.257,1.30605,1.30626,1.00,1.50
2015.04.03 16:37:16.460,1.30605,1.30623,1.00,1.00
2015.04.03 16:37:17.896,1.30596,1.3062,2.25,1.00
2015.04.03 16:37:17.947,1.30596,1.30612,2.25,1.00
2015.04.03 16:37:18.048,1.30594,1.30613,1.00,1.50
2015.04.03 16:37:18.149,1.30594,1.30609,1.00,1.00
2015.04.03 16:37:19.167,1.30594,1.3061,1.00,1.00
2015.04.03 16:37:19.477,1.30603,1.30616,1.00,2.25
2015.04.03 16:37:19.580,1.30607,1.30622,1.00,1.50
2015.04.03 16:37:19.784,1.30607,1.30627,1.00,1.00
2015.04.03 16:37:19.986,1.30607,1.3063,1.00,1.00
2015.04.03 16:37:20.088,1.30608,1.30627,1.00,1.00
2015.04.03 16:37:20.620,1.30608,1.30628,1.00,1.00
2015.04.03 16:37:22.079,1.30608,1.3063,1.00,1.00
2015.04.03 16:37:28.554,1.30613,1.3063,1.00,1.00
2015.04.03 16:37:28.662,1.30611,1.3063,1.00,1.00
2015.04.03 16:37:29.095,1.3061,1.30633,1.00,2.25
2015.04.03 16:37:29.146,1.30608,1.30633,1.00,2.25
2015.04.03 16:37:29.197,1.30608,1.30636,1.00,1.00
2015.04.03 16:37:29.349,1.30611,1.30634,1.87,1.00
2015.04.03 16:37:30.464,1.30611,1.30634,3.37,1.00
2015.04.03 16:37:31.551,1.30611,1.30634,3.94,1.00
2015.04.03 16:37:31.653,1.30608,1.30629,1.00,1.00
2015.04.03 16:37:32.214,1.30607,1.30629,2.25,1.00
2015.04.03 16:37:35.873,1.30609,1.30629,1.50,1.00
2015.04.03 16:37:35.924,1.3061,1.30633,1.00,1.00
2015.04.03 16:37:38.270,1.30608,1.30633,1.00,1.00
2015.04.03 16:37:38.752,1.30608,1.30633,1.37,1.00
2015.04.03 16:37:39.071,1.30613,1.30631,1.00,1.00
2015.04.03 16:37:39.634,1.30613,1.30632,1.00,1.00
2015.04.03 16:37:39.735,1.30613,1.30634,1.00,1.00
2015.04.03 16:37:39.836,1.30613,1.30631,1.00,1.00
2015.04.03 16:37:40.326,1.30613,1.30633,1.00,1.00
2015.04.03 16:37:40.659,1.30613,1.30637,1.00,1.00
2015.04.03 16:37:41.017,1.30613,1.30639,1.00,1.00
2015.04.03 16:37:41.431,1.30633,1.30641,1.00,1.00
2015.04.03 16:37:41.482,1.30633,1.30644,1.00,2.25
2015.04.03 16:37:41.533,1.3064,1.30645,1.00,2.25
2015.04.03 16:37:41.585,1.3064,1.30654,1.00,2.25
2015.04.03 16:37:42.109,1.30639,1.30654,1.00,2.25
2015.04.03 16:37:43.134,1.30642,1.30654,1.00,2.25
2015.04.03 16:37:43.517,1.30642,1.30662,1.00,2.34
2015.04.03 16:37:44.999,1.30642,1.30648,1.00,1.75
2015.04.03 16:37:45.102,1.30632,1.30643,1.41,1.28
2015.04.03 16:37:45.153,1.3063,1.30646,2.25,3.84
2015.04.03 16:37:45.204,1.30625,1.30642,1.00,2.72
2015.04.03 16:37:45.255,1.30637,1.30642,1.00,2.34
2015.04.03 16:37:45.406,1.3064,1.30655,1.00,1.47
2015.04.03 16:37:45.660,1.30641,1.30657,1.00,2.25
2015.04.03 16:37:46.065,1.30641,1.3066,1.00,1.34
2015.04.03 16:37:46.419,1.30641,1.30661,1.00,2.25
2015.04.03 16:37:47.922,1.30642,1.30661,1.00,2.25
2015.04.03 16:37:50.629,1.30641,1.30661,1.00,2.25
2015.04.03 16:37:51.330,1.30642,1.30661,1.00,2.25
2015.04.03 16:37:51.837,1.30641,1.30661,1.00,2.25
2015.04.03 16:37:57.437,1.30642,1.30661,1.00,2.25
2015.04.03 16:38:00.252,1.30641,1.30661,1.00,2.25
2015.04.03 16:38:03.559,1.30639,1.30659,2.25,1.50
2015.04.03 16:38:03.863,1.30643,1.30661,1.00,2.44
2015.04.03 16:38:04.170,1.30641,1.30661,1.00,2.81
2015.04.03 16:38:05.843,1.3064,1.30661,1.00,2.81
2015.04.03 16:38:07.612,1.3064,1.30657,1.00,2.25
2015.04.03 16:38:07.765,1.30638,1.30657,1.00,2.25
2015.04.03 16:38:09.851,1.30639,1.30657,1.00,2.25
2015.04.03 16:38:10.477,1.30641,1.30657,1.00,2.25
2015.04.03 16:38:12.562,1.3064,1.30657,1.00,2.25
2015.04.03 16:38:13.066,1.30639,1.30657,1.00,2.34
2015.04.03 16:38:13.408,1.30641,1.30657,1.00,2.25
2015.04.03 16:38:15.088,1.30639,1.30657,1.00,2.25
2015.04.03 16:38:15.290,1.30641,1.30657,1.00,2.25
2015.04.03 16:38:15.493,1.30638,1.30657,1.00,3.75
2015.04.03 16:38:15.594,1.30641,1.30657,1.00,2.25
2015.04.03 16:38:16.151,1.3064,1.30657,1.00,2.25
2015.04.03 16:38:16.687,1.30641,1.30657,1.00,2.25
2015.04.03 16:38:17.293,1.3064,1.30655,1.00,1.50
2015.04.03 16:38:17.395,1.30638,1.30656,1.00,1.50
2015.04.03 16:38:17.919,1.30638,1.30657,1.00,2.25
2015.04.03 16:38:18.446,1.30638,1.30657,1.00,2.81
2015.04.03 16:38:18.605,1.30639,1.30654,1.00,1.50
2015.04.03 16:38:18.706,1.30639,1.30657,1.00,4.31
2015.04.03 16:38:19.248,1.30638,1.30657,1.00,4.31
2015.04.03 16:38:19.299,1.30638,1.30654,1.00,1.50
2015.04.03 16:38:19.825,1.30639,1.30652,1.00,1.00
2015.04.03 16:38:20.586,1.30639,1.30651,1.00,1.50
2015.04.03 16:38:21.173,1.30639,1.30652,1.00,1.00
2015.04.03 16:38:21.470,1.30637,1.30652,1.00,1.00
2015.04.03 16:38:23.308,1.30636,1.30652,1.00,1.00
2015.04.03 16:38:24.250,1.30634,1.30652,1.00,1.00
2015.04.03 16:38:24.876,1.30635,1.30652,1.00,1.00
2015.04.03 16:38:25.379,1.30635,1.30651,1.00,1.00
2015.04.03 16:38:25.430,1.30635,1.30651,1.00,1.37
2015.04.03 16:38:27.110,1.30635,1.30651,1.00,1.00
2015.04.03 16:38:27.640,1.30634,1.30652,1.00,2.62
2015.04.03 16:38:27.691,1.30635,1.30652,1.00,2.25
2015.04.03 16:38:27.792,1.30634,1.30652,1.00,2.62
2015.04.03 16:38:28.116,1.30634,1.30652,1.00,2.25
2015.04.03 16:38:28.217,1.30635,1.30651,1.00,1.37
2015.04.03 16:38:29.197,1.30635,1.30652,1.00,1.00
2015.04.03 16:38:29.299,1.30635,1.30651,1.00,1.37
2015.04.03 16:38:30.300,1.30635,1.30652,1.00,1.50
2015.04.03 16:38:30.402,1.30634,1.30652,1.00,1.37
2015.04.03 16:38:30.943,1.30634,1.30651,1.00,1.37
2015.04.03 16:38:31.436,1.30635,1.30649,1.00,1.37
2015.04.03 16:38:31.486,1.30633,1.30649,1.00,1.37
2015.04.03 16:38:32.051,1.30634,1.30649,2.25,1.37
2015.04.03 16:38:32.305,1.30632,1.3065,1.00,2.62
2015.04.03 16:38:33.135,1.30633,1.30649,1.00,3.37
2015.04.03 16:38:33.338,1.30623,1.30647,2.16,1.12
2015.04.03 16:38:33.389,1.30623,1.30645,1.00,1.00
2015.04.03 16:38:34.709,1.30634,1.30647,1.00,1.37
2015.04.03 16:38:34.811,1.30623,1.30645,2.16,1.12
2015.04.03 16:38:38.742,1.30634,1.30647,1.00,1.87
2015.04.03 16:38:38.844,1.30623,1.30646,1.00,1.37
2015.04.03 16:38:39.699,1.30633,1.30646,1.00,1.37
2015.04.03 16:38:39.800,1.30624,1.30649,1.00,4.12
2015.04.03 16:38:39.851,1.30623,1.30649,3.00,4.12
2015.04.03 16:38:41.717,1.30624,1.30646,1.00,1.37
2015.04.03 16:38:45.899,1.30626,1.30646,1.00,1.37
2015.04.03 16:38:46.828,1.30626,1.30646,1.00,1.37
2015.04.03 16:38:47.131,1.30634,1.30649,1.00,3.37
2015.04.03 16:38:49.711,1.30632,1.30647,1.50,1.00
2015.04.03 16:38:49.812,1.30623,1.30646,1.50,1.12
2015.04.03 16:38:49.914,1.30635,1.30647,1.00,1.37
2015.04.03 16:38:50.015,1.30624,1.30647,1.41,1.87
2015.04.03 16:38:50.563,1.30623,1.30647,1.00,1.87
2015.04.03 16:38:51.486,1.30626,1.30647,1.00,1.87
2015.04.03 16:38:51.928,1.30624,1.30647,1.00,1.87
2015.04.03 16:38:58.195,1.30624,1.30646,1.00,1.37
2015.04.03 16:38:59.661,1.30623,1.30646,1.00,1.00
2015.04.03 16:38:59.712,1.30633,1.30646,1.00,1.00
2015.04.03 16:38:59.764,1.30633,1.30648,1.00,1.00
2015.04.03 16:38:59.815,1.30625,1.30648,1.00,2.34
2015.04.03 16:38:59.866,1.30634,1.30644,1.00,2.62
2015.04.03 16:39:00.678,1.30631,1.30638,1.00,1.12
2015.04.03 16:39:00.732,1.30603,1.30631,1.00,1.00
2015.04.03 16:39:01.546,1.30601,1.3063,1.50,1.00
2015.04.03 16:39:03.281,1.306,1.3063,1.00,1.00
2015.04.03 16:39:03.534,1.30599,1.30627,3.00,1.00
2015.04.03 16:39:06.244,1.30599,1.30626,2.25,1.00
2015.04.03 16:39:06.762,1.30599,1.30627,3.00,1.00
2015.04.03 16:39:07.448,1.30599,1.30625,2.25,1.00
2015.04.03 16:39:07.549,1.30599,1.30627,3.00,1.50
2015.04.03 16:39:10.566,1.30599,1.30625,2.25,1.00
2015.04.03 16:39:12.704,1.30599,1.30627,3.00,1.00
2015.04.03 16:39:16.390,1.30599,1.30626,2.25,1.00
2015.04.03 16:39:22.976,1.30599,1.30627,2.25,1.00
2015.04.03 16:39:25.038,1.30599,1.30626,2.25,1.00
2015.04.03 16:39:26.082,1.30599,1.30625,2.25,1.00
2015.04.03 16:39:26.285,1.30599,1.30627,2.25,1.00
2015.04.03 16:39:31.179,1.30599,1.30628,3.00,1.00
2015.04.03 16:39:31.733,1.30599,1.30627,2.25,1.00
2015.04.03 16:39:31.997,1.30601,1.30627,1.12,1.00
2015.04.03 16:39:34.087,1.30605,1.30628,1.00,1.00
2015.04.03 16:39:34.340,1.306,1.30628,1.37,1.00
2015.04.03 16:39:37.808,1.30602,1.3063,1.00,1.00
2015.04.03 16:39:37.909,1.306,1.30628,1.37,1.00
2015.04.03 16:39:40.780,1.306,1.30628,2.25,1.00
2015.04.03 16:39:41.112,1.30616,1.30634,1.00,1.00
2015.04.03 16:39:56.149,1.30616,1.30632,1.00,1.00
2015.04.03 16:39:56.352,1.30616,1.30634,1.00,1.00
2015.04.03 16:39:57.004,1.30612,1.30634,1.00,1.00
2015.04.03 16:39:57.653,1.3061,1.30634,1.00,1.00
2015.04.03 16:40:00.377,1.30609,1.30634,1.12,1.00
2015.04.03 16:40:02.656,1.30609,1.30635,1.00,1.00
2015.04.03 16:40:03.189,1.30609,1.30634,1.00,1.00
2015.04.03 16:40:05.231,1.30609,1.30636,1.00,1.50
2015.04.03 16:40:09.703,1.3061,1.30636,1.00,1.69
2015.04.03 16:40:09.856,1.30615,1.30636,1.00,1.25
2015.04.03 16:40:11.760,1.30615,1.30639,1.00,1.25
2015.04.03 16:40:14.138,1.30611,1.30636,1.00,1.00
2015.04.03 16:40:18.318,1.30611,1.30638,1.00,1.00
2015.04.03 16:40:28.345,1.30611,1.30636,1.00,1.00
2015.04.03 16:40:28.887,1.30615,1.30639,1.00,1.00
2015.04.03 16:40:28.988,1.30609,1.30636,1.50,1.00
2015.04.03 16:40:29.089,1.30613,1.30638,1.00,1.00
2015.04.03 16:40:32.506,1.30613,1.30637,1.00,1.00
2015.04.03 16:40:35.476,1.30614,1.30637,1.00,1.25
2015.04.03 16:40:36.565,1.30614,1.30637,1.00,1.19
2015.04.03 16:40:37.643,1.30614,1.3063,1.00,1.00
2015.04.03 16:40:38.018,1.30612,1.3063,1.00,1.00
2015.04.03 16:40:38.986,1.30615,1.3063,1.00,1.00
2015.04.03 16:40:40.892,1.30615,1.30627,1.00,1.00
2015.04.03 16:40:40.943,1.30608,1.30627,1.00,1.00
2015.04.03 16:40:41.276,1.30606,1.30627,1.00,1.00
2015.04.03 16:40:42.026,1.30606,1.30625,1.00,1.00
2015.04.03 16:40:42.798,1.30606,1.30627,1.00,1.25
2015.04.03 16:40:43.300,1.30605,1.30627,1.00,1.25
2015.04.03 16:40:44.887,1.30605,1.30627,1.00,1.19
2015.04.03 16:40:50.994,1.30605,1.30627,1.00,1.25
2015.04.03 16:40:58.013,1.30605,1.30627,1.00,1.19
2015.04.03 16:40:58.770,1.30611,1.3063,1.00,1.19
2015.04.03 16:40:59.149,1.30611,1.3063,1.00,1.19
2015.04.03 16:40:59.652,1.30612,1.3063,1.00,1.19
2015.04.03 16:41:00.155,1.30612,1.3063,1.00,1.19
2015.04.03 16:41:02.072,1.30612,1.3063,1.00,1.19
2015.04.03 16:41:02.621,1.30612,1.3063,1.00,1.25
2015.04.03 16:41:03.623,1.30612,1.3063,1.00,1.19
2015.04.03 16:41:04.625,1.30612,1.3063,1.00,1.25
2015.04.03 16:41:06.340,1.30612,1.30629,1.00,1.00
2015.04.03 16:41:06.441,1.30608,1.30629,1.00,1.00
2015.04.03 16:41:07.245,1.30608,1.3063,1.00,1.50
2015.04.03 16:41:07.748,1.30608,1.30631,1.00,1.25
2015.04.03 16:41:12.722,1.30608,1.30631,1.00,1.62
2015.04.03 16:41:13.227,1.30608,1.30632,1.00,2.44
2015.04.03 16:41:14.259,1.30608,1.30632,1.00,2.62
2015.04.03 16:41:23.134,1.30608,1.3063,1.00,1.00
2015.04.03 16:41:28.054,1.30608,1.30632,1.00,3.94
2015.04.03 16:41:29.213,1.30611,1.30632,1.00,3.19
2015.04.03 16:41:29.660,1.30607,1.30631,1.00,1.00
2015.04.03 16:41:32.067,1.30605,1.30631,1.12,1.00
2015.04.03 16:41:32.946,1.30605,1.30631,1.37,1.00
2015.04.03 16:41:33.455,1.30608,1.30631,1.00,1.00
2015.04.03 16:41:34.051,1.30616,1.30633,1.00,1.12
2015.04.03 16:41:34.406,1.30613,1.30633,1.00,1.37
2015.04.03 16:41:37.180,1.30613,1.30633,1.00,1.00
2015.04.03 16:41:37.281,1.30608,1.3063,1.00,1.00
2015.04.03 16:41:41.312,1.30605,1.3063,1.00,1.00
2015.04.03 16:41:54.208,1.30605,1.30631,1.12,1.00
2015.04.03 16:42:00.393,1.30605,1.3063,1.00,1.00
2015.04.03 16:42:03.324,1.30604,1.3063,1.00,1.50
2015.04.03 16:42:03.527,1.30606,1.3063,1.00,1.50
2015.04.03 16:42:04.115,1.30604,1.3063,1.50,1.00
2015.04.03 16:42:14.312,1.30604,1.3063,3.37,1.00
2015.04.03 16:42:16.353,1.30604,1.3063,1.62,1.00
2015.04.03 16:42:23.408,1.30605,1.30629,1.31,1.00
2015.04.03 16:42:24.123,1.30604,1.30627,3.94,1.00
2015.04.03 16:42:24.325,1.30605,1.30629,1.12,1.00
2015.04.03 16:42:24.839,1.30605,1.30629,1.37,1.00
2015.04.03 16:42:26.092,1.30605,1.30627,1.37,1.00
2015.04.03 16:42:26.294,1.30605,1.30629,4.12,1.00
2015.04.03 16:42:28.084,1.30605,1.30627,2.62,1.00
2015.04.03 16:42:28.286,1.30605,1.3063,2.62,1.00
2015.04.03 16:42:29.155,1.30605,1.30628,3.56,1.00
2015.04.03 16:42:29.701,1.30605,1.30629,4.31,1.00
2015.04.03 16:42:30.154,1.30605,1.30627,3.56,1.00
2015.04.03 16:42:30.256,1.30605,1.30629,2.06,1.00
2015.04.03 16:42:31.145,1.30605,1.30627,3.56,1.00
2015.04.03 16:42:31.358,1.30605,1.30629,4.31,1.00
2015.04.03 16:42:32.143,1.30605,1.30627,1.56,1.00
2015.04.03 16:42:32.247,1.30605,1.30631,3.56,1.00
2015.04.03 16:42:32.807,1.30609,1.30632,1.00,1.00
2015.04.03 16:42:52.413,1.30609,1.30633,1.00,1.50
2015.04.03 16:43:17.587,1.30611,1.30634,1.00,1.00
2015.04.03 16:43:20.726,1.30611,1.30633,1.00,1.00
2015.04.03 16:43:32.743,1.30611,1.30635,1.00,4.28
2015.04.03 16:43:33.444,1.30611,1.30634,1.00,1.00
2015.04.03 16:43:33.945,1.30611,1.30635,1.00,5.03
2015.04.03 16:43:47.463,1.30608,1.30634,1.00,1.00
2015.04.03 16:43:48.679,1.30612,1.30635,1.00,2.40
2015.04.03 16:43:48.992,1.30614,1.30635,1.00,2.36
2015.04.03 16:43:54.420,1.30614,1.30634,1.00,1.00
2015.04.03 16:43:56.218,1.30614,1.30633,1.00,1.00
2015.04.03 16:43:56.793,1.30614,1.30634,1.00,1.00
2015.04.03 16:44:03.865,1.30614,1.30632,1.00,2.25
2015.04.03 16:44:13.094,1.30614,1.30635,1.00,4.65
2015.04.03 16:44:13.760,1.30612,1.30635,1.00,4.65
2015.04.03 16:44:14.280,1.30611,1.30635,1.00,5.40
2015.04.03 16:44:43.168,1.3061,1.30634,1.00,1.00
2015.04.03 16:44:44.020,1.30611,1.30635,1.00,5.36
2015.04.03 16:44:53.842,1.30611,1.30634,1.00,1.00
2015.04.03 16:44:54.434,1.30609,1.30634,1.37,1.00
2015.04.03 16:45:00.251,1.30609,1.30633,1.37,1.00
2015.04.03 16:45:02.572,1.3061,1.30634,1.12,1.50
2015.04.03 16:45:03.217,1.30617,1.30634,1.37,1.00
2015.04.03 16:45:03.319,1.30619,1.30635,1.12,1.61
2015.04.03 16:45:03.471,1.30612,1.30635,1.19,1.61
2015.04.03 16:45:03.977,1.30614,1.30635,1.00,1.61
2015.04.03 16:45:04.519,1.30614,1.30636,1.00,1.61
2015.04.03 16:45:05.069,1.30614,1.30635,3.00,1.61
2015.04.03 16:45:11.670,1.30614,1.30635,2.62,1.61
2015.04.03 16:45:11.872,1.30614,1.30636,4.12,1.61
2015.04.03 16:45:12.521,1.30615,1.30636,1.00,1.61
2015.04.03 16:45:14.097,1.30613,1.30636,2.62,1.61
2015.04.03 16:45:24.792,1.30617,1.30636,1.00,1.61
2015.04.03 16:45:31.087,1.30613,1.30636,2.81,1.61
2015.04.03 16:45:34.871,1.30613,1.30636,2.81,1.98
2015.04.03 16:45:51.640,1.30613,1.30635,2.81,2.73
2015.04.03 16:46:32.224,1.30614,1.30635,1.00,2.36
2015.04.03 16:47:03.470,1.30614,1.30635,1.37,2.36
2015.04.03 16:47:14.484,1.30614,1.30635,2.25,2.36
2015.04.03 16:47:14.790,1.30613,1.30633,1.69,1.00
2015.04.03 16:47:15.206,1.30612,1.30636,1.00,2.36
2015.04.03 16:47:15.754,1.30615,1.30633,1.87,2.25
2015.04.03 16:47:15.805,1.3061,1.30632,1.00,1.00
2015.04.03 16:47:15.856,1.30602,1.30629,1.37,1.00
2015.04.03 16:47:16.110,1.30607,1.30629,2.25,1.00
2015.04.03 16:47:16.263,1.30602,1.30629,1.87,1.00
2015.04.03 16:47:21.202,1.30604,1.30631,1.37,1.00
2015.04.03 16:47:21.710,1.30606,1.30631,1.00,1.00
2015.04.03 16:47:23.277,1.30606,1.30629,1.00,1.00
2015.04.03 16:47:23.809,1.30604,1.30629,1.37,1.00
2015.04.03 16:47:28.397,1.30606,1.30629,1.50,1.00
2015.04.03 16:47:28.499,1.30605,1.30633,1.12,3.00
2015.04.03 16:47:28.600,1.30606,1.30631,1.50,1.00
2015.04.03 16:47:28.985,1.30606,1.30633,1.00,2.25
2015.04.03 16:47:29.789,1.30606,1.30631,1.00,1.00
2015.04.03 16:47:29.890,1.30606,1.30633,1.50,2.25
2015.04.03 16:47:30.417,1.30607,1.30632,2.25,1.00
2015.04.03 16:47:30.772,1.30607,1.3063,2.25,1.00
2015.04.03 16:47:32.452,1.30607,1.30633,2.25,1.00
2015.04.03 16:47:37.412,1.30607,1.3063,2.25,1.00
2015.04.03 16:47:37.463,1.30604,1.3063,1.37,1.00
2015.04.03 16:47:38.156,1.30604,1.30626,1.37,2.25
2015.04.03 16:47:40.329,1.30604,1.30629,1.37,3.00
2015.04.03 16:47:48.221,1.30604,1.30629,1.12,3.00
2015.04.03 16:47:56.117,1.306,1.30629,1.87,3.00
2015.04.03 16:47:58.323,1.30604,1.30627,1.37,1.00
2015.04.03 16:48:02.308,1.30604,1.30625,1.37,2.25
2015.04.03 16:48:06.132,1.30599,1.30625,1.87,2.25
2015.04.03 16:48:11.218,1.30599,1.30625,1.37,3.00
2015.04.03 16:48:12.622,1.30601,1.30625,1.00,3.00
2015.04.03 16:48:21.905,1.30597,1.30625,1.00,1.00
2015.04.03 16:48:22.058,1.30595,1.30624,1.50,1.00
2015.04.03 16:48:22.159,1.30595,1.3062,1.00,1.00
2015.04.03 16:48:22.464,1.30588,1.30603,1.00,2.33
2015.04.03 16:48:22.566,1.3059,1.30605,1.00,1.50
2015.04.03 16:48:22.667,1.3059,1.30608,1.00,2.25
2015.04.03 16:48:22.980,1.30588,1.30608,1.00,1.00
2015.04.03 16:48:23.281,1.30588,1.3061,1.00,1.00
2015.04.03 16:48:24.863,1.30588,1.30612,1.00,3.75
2015.04.03 16:48:27.890,1.30593,1.30612,1.00,2.25
2015.04.03 16:48:34.928,1.30595,1.30612,1.00,2.25
2015.04.03 16:48:34.980,1.30595,1.30614,1.00,2.25
2015.04.03 16:48:35.233,1.30612,1.30619,1.00,1.22
2015.04.03 16:48:35.335,1.30598,1.30619,1.00,1.13
2015.04.03 16:48:35.436,1.30595,1.30617,1.00,2.25
2015.04.03 16:48:37.249,1.30593,1.30617,1.12,2.25
2015.04.03 16:48:43.203,1.30599,1.30617,1.00,2.25
2015.04.03 16:48:43.405,1.30593,1.30617,1.37,2.25
2015.04.03 16:48:43.558,1.306,1.30617,1.00,2.25
2015.04.03 16:48:44.405,1.30601,1.30617,1.00,2.25
2015.04.03 16:48:44.507,1.30598,1.30617,1.00,2.25
2015.04.03 16:48:44.558,1.30598,1.30624,1.00,1.50
2015.04.03 16:48:44.710,1.30598,1.30626,1.00,1.50
2015.04.03 16:48:45.656,1.30598,1.30627,1.00,1.00
2015.04.03 16:48:45.922,1.306,1.30628,1.00,1.00
2015.04.03 16:48:54.030,1.30602,1.3063,1.00,1.00
2015.04.03 16:48:56.101,1.306,1.30632,1.50,1.87
2015.04.03 16:48:56.203,1.30627,1.30632,1.00,1.00
2015.04.03 16:48:56.254,1.30622,1.30633,1.00,1.37
2015.04.03 16:48:56.356,1.30607,1.30633,1.00,1.37
2015.04.03 16:48:56.458,1.30603,1.30632,2.25,1.12
2015.04.03 16:49:00.381,1.30603,1.30631,1.00,1.00
2015.04.03 16:49:00.432,1.30603,1.30629,1.00,1.00
2015.04.03 16:49:02.979,1.30607,1.30629,1.00,1.00
2015.04.03 16:49:03.600,1.30607,1.30627,1.00,2.25
2015.04.03 16:49:03.776,1.30605,1.30627,1.00,2.25
2015.04.03 16:49:13.330,1.30605,1.30625,1.00,1.00
2015.04.03 16:49:13.432,1.30597,1.30625,1.00,1.00
2015.04.03 16:49:26.968,1.30595,1.30624,3.75,1.00
2015.04.03 16:49:27.019,1.30595,1.30622,1.00,1.00
2015.04.03 16:49:27.329,1.30592,1.3062,1.00,1.00
2015.04.03 16:49:29.775,1.30592,1.30616,1.00,2.25
2015.04.03 16:49:30.384,1.3059,1.30616,1.00,2.25
2015.04.03 16:49:30.840,1.30589,1.30598,1.00,0.75
2015.04.03 16:49:30.993,1.3058,1.30589,1.00,1.00
2015.04.03 16:49:31.095,1.30577,1.30589,1.00,1.00
2015.04.03 16:49:31.146,1.30577,1.30591,1.00,1.30
2015.04.03 16:49:31.300,1.30577,1.30595,1.00,1.01
2015.04.03 16:49:31.351,1.30577,1.30599,1.00,1.09
2015.04.03 16:49:31.403,1.30583,1.306,1.00,1.09
2015.04.03 16:49:31.453,1.30583,1.306,1.00,1.00
2015.04.03 16:49:31.605,1.30587,1.306,1.00,1.00
2015.04.03 16:49:31.808,1.30577,1.306,1.00,1.00
2015.04.03 16:49:32.260,1.30579,1.306,1.00,1.00
2015.04.03 16:49:32.671,1.30579,1.30602,1.00,1.00
2015.04.03 16:49:34.251,1.30577,1.30602,1.00,1.00
2015.04.03 16:49:34.775,1.30579,1.30602,1.00,1.00
2015.04.03 16:49:38.287,1.30585,1.30602,1.00,1.00
2015.04.03 16:49:41.050,1.30585,1.30604,5.06,1.00
2015.04.03 16:49:41.102,1.30587,1.30611,2.62,1.50
2015.04.03 16:49:41.154,1.30594,1.30613,1.37,1.00
2015.04.03 16:49:41.255,1.30594,1.30617,1.37,1.50
2015.04.03 16:49:42.676,1.30593,1.30621,1.37,1.00
2015.04.03 16:49:43.283,1.30593,1.30621,1.00,1.00
2015.04.03 16:49:43.841,1.30593,1.3062,1.00,1.00
2015.04.03 16:49:44.588,1.3059,1.30618,1.00,1.00
2015.04.03 16:49:48.268,1.30588,1.30616,1.00,1.00
2015.04.03 16:49:52.889,1.30587,1.30615,1.00,1.00
2015.04.03 16:49:53.408,1.30586,1.30615,1.00,1.00
2015.04.03 16:49:54.042,1.30585,1.30615,1.00,1.00
2015.04.03 16:49:58.345,1.30585,1.30613,1.00,1.50
2015.04.03 16:49:58.398,1.30582,1.30612,1.00,1.00
2015.04.03 16:49:59.291,1.30581,1.3061,1.00,1.00
2015.04.03 16:49:59.845,1.3058,1.3061,1.00,1.00
2015.04.03 16:50:00.350,1.3058,1.30605,1.00,2.25
2015.04.03 16:50:00.658,1.30584,1.30605,1.00,2.25
2015.04.03 16:50:01.691,1.30584,1.3061,1.00,1.00
2015.04.03 16:50:03.979,1.3058,1.3061,1.00,1.00
2015.04.03 16:50:06.180,1.30589,1.3061,1.00,1.00
2015.04.03 16:50:06.233,1.30592,1.3062,1.00,1.00
2015.04.03 16:50:06.335,1.3059,1.30618,1.00,1.00
2015.04.03 16:50:06.639,1.30587,1.30613,1.50,1.00
2015.04.03 16:50:06.954,1.30587,1.30611,1.50,1.00
2015.04.03 16:50:07.488,1.30587,1.30612,1.00,1.00
2015.04.03 16:50:07.539,1.30585,1.30612,1.00,1.00
2015.04.03 16:50:08.045,1.30585,1.30609,1.00,1.00
2015.04.03 16:50:08.096,1.30583,1.30609,1.50,1.00
2015.04.03 16:50:08.248,1.30587,1.30611,1.00,1.00
2015.04.03 16:50:08.450,1.30585,1.30611,1.00,1.00
2015.04.03 16:50:09.312,1.30594,1.30611,1.00,1.50
2015.04.03 16:50:10.632,1.30594,1.30613,1.00,1.00
2015.04.03 16:50:10.936,1.30594,1.30616,1.00,1.00
2015.04.03 16:50:10.987,1.30606,1.30616,0.75,1.00
2015.04.03 16:50:11.039,1.30607,1.30619,0.75,1.00
2015.04.03 16:50:11.467,1.30606,1.30617,1.00,2.25
2015.04.03 16:50:12.170,1.30608,1.30617,0.75,2.25
2015.04.03 16:50:12.671,1.30608,1.30617,0.75,2.25
2015.04.03 16:50:12.874,1.30606,1.30617,1.00,2.25
2015.04.03 16:50:14.175,1.30607,1.30617,1.00,2.25
2015.04.03 16:50:15.064,1.30597,1.3062,1.00,1.00
2015.04.03 16:50:15.520,1.30597,1.30622,1.00,1.00
2015.04.03 16:50:15.571,1.30597,1.30624,1.00,1.00
2015.04.03 16:50:16.079,1.30598,1.30625,1.00,1.00
2015.04.03 16:50:18.534,1.30598,1.30626,1.50,2.25
2015.04.03 16:50:18.636,1.30599,1.30623,1.00,2.25
2015.04.03 16:50:23.875,1.30598,1.30623,1.00,2.25
2015.04.03 16:50:24.179,1.30603,1.30623,1.00,2.25
2015.04.03 16:50:25.309,1.30613,1.30623,1.00,2.25
2015.04.03 16:50:25.732,1.30613,1.30627,1.00,1.00
2015.04.03 16:50:26.559,1.30613,1.30625,1.00,1.00
2015.04.03 16:50:26.848,1.30606,1.30625,1.00,3.00
2015.04.03 16:50:28.140,1.30606,1.30626,1.00,1.00
2015.04.03 16:50:28.564,1.30606,1.30623,1.00,1.00
2015.04.03 16:50:28.716,1.30598,1.30623,1.00,1.00
2015.04.03 16:50:29.438,1.30597,1.30623,1.00,2.25
2015.04.03 16:50:29.695,1.30597,1.30625,1.00,1.00
2015.04.03 16:50:30.118,1.30607,1.30625,1.00,1.00
2015.04.03 16:50:30.659,1.30598,1.30625,1.00,1.00
2015.04.03 16:50:30.869,1.30595,1.30623,3.00,1.00
2015.04.03 16:50:31.127,1.30606,1.30623,1.00,1.00
2015.04.03 16:50:31.531,1.30596,1.30623,1.00,1.00
2015.04.03 16:50:35.095,1.30608,1.30623,1.00,1.00
2015.04.03 16:50:35.157,1.30598,1.30623,1.00,1.00
2015.04.03 16:50:35.946,1.30598,1.30622,1.00,2.25
2015.04.03 16:50:37.137,1.30606,1.30622,1.00,2.25
2015.04.03 16:50:37.290,1.30606,1.30625,1.00,3.00
2015.04.03 16:50:37.394,1.30598,1.30625,1.00,3.00
2015.04.03 16:50:37.946,1.30599,1.30625,1.00,2.25
2015.04.03 16:50:38.148,1.30597,1.30625,1.50,1.00
2015.04.03 16:50:39.875,1.30599,1.30627,1.00,1.50
2015.04.03 16:50:39.976,1.30596,1.30626,1.50,1.50
2015.04.03 16:50:41.481,1.30596,1.30625,1.00,1.00
2015.04.03 16:50:42.814,1.30596,1.30622,1.00,2.25
2015.04.03 16:50:44.282,1.30595,1.30622,1.00,2.25
2015.04.03 16:50:44.790,1.30595,1.30623,1.00,1.00
2015.04.03 16:50:45.626,1.30595,1.30621,1.00,2.25
2015.04.03 16:50:47.160,1.30595,1.30623,1.00,1.50
2015.04.03 16:50:48.477,1.30593,1.30621,2.62,1.00
2015.04.03 16:50:48.817,1.30594,1.30619,1.00,2.25
2015.04.03 16:50:49.834,1.30594,1.30621,1.12,1.00
2015.04.03 16:50:50.381,1.30594,1.3062,1.12,2.25
2015.04.03 16:50:52.245,1.30594,1.30621,1.12,1.00
2015.04.03 16:50:55.172,1.30594,1.30619,1.12,1.00
2015.04.03 16:50:56.900,1.30594,1.30622,1.12,1.50
2015.04.03 16:50:57.053,1.30597,1.30622,1.00,1.00
2015.04.03 16:50:57.205,1.30597,1.30624,1.00,1.50
2015.04.03 16:51:17.968,1.30596,1.30624,1.00,3.00
2015.04.03 16:51:20.911,1.30596,1.30621,1.00,1.00
2015.04.03 16:51:21.013,1.30596,1.30623,1.00,1.00
2015.04.03 16:51:21.065,1.30595,1.3062,1.00,1.00
2015.04.03 16:51:21.116,1.30588,1.30618,1.50,1.00
2015.04.03 16:51:21.909,1.30587,1.30615,1.00,1.00
2015.04.03 16:51:23.764,1.30587,1.30614,1.00,1.00
2015.04.03 16:51:24.292,1.30587,1.30613,1.00,1.00
2015.04.03 16:51:24.692,1.30587,1.30611,1.00,1.00
2015.04.03 16:51:24.744,1.30581,1.30609,1.00,1.00
2015.04.03 16:51:24.796,1.30581,1.30607,1.00,1.50
2015.04.03 16:51:24.847,1.30578,1.30605,1.00,1.00
2015.04.03 16:51:24.898,1.30578,1.30603,1.00,1.50
2015.04.03 16:51:25.203,1.30578,1.30594,1.00,1.00
2015.04.03 16:51:25.254,1.30578,1.30598,1.00,1.09
2015.04.03 16:51:25.306,1.30578,1.30598,1.00,1.00
2015.04.03 16:51:25.458,1.30583,1.30598,1.00,1.00
2015.04.03 16:51:26.352,1.30586,1.30598,1.00,1.00
2015.04.03 16:51:26.649,1.30578,1.30598,1.00,1.00
2015.04.03 16:51:26.852,1.30578,1.306,1.00,1.50
2015.04.03 16:51:26.904,1.3058,1.306,3.19,1.00
2015.04.03 16:51:27.208,1.30585,1.306,1.00,1.00
2015.04.03 16:51:27.761,1.30578,1.306,3.19,1.00
2015.04.03 16:51:27.956,1.30574,1.306,3.19,1.00
2015.04.03 16:51:28.213,1.30577,1.306,3.19,1.00
2015.04.03 16:51:28.560,1.30575,1.306,1.00,1.00
2015.04.03 16:51:28.766,1.30572,1.306,2.25,1.00
2015.04.03 16:51:28.868,1.30576,1.306,3.19,1.00
2015.04.03 16:51:29.072,1.30573,1.306,1.00,1.00
2015.04.03 16:51:29.408,1.30575,1.306,1.00,1.00
2015.04.03 16:51:29.774,1.30572,1.306,1.50,1.00
2015.04.03 16:51:30.728,1.30573,1.306,1.00,1.00
2015.04.03 16:51:32.406,1.30572,1.306,1.00,1.00
2015.04.03 16:51:32.826,1.30574,1.306,3.19,1.00
2015.04.03 16:51:33.332,1.30573,1.306,1.00,1.00
2015.04.03 16:51:33.676,1.30575,1.306,1.00,1.00
2015.04.03 16:51:33.727,1.30572,1.306,1.50,1.00
2015.04.03 16:51:34.034,1.30575,1.306,1.00,1.00
2015.04.03 16:51:34.540,1.30576,1.306,3.19,1.00
2015.04.03 16:51:34.716,1.30574,1.306,1.00,1.00
2015.04.03 16:51:35.994,1.30575,1.306,1.00,1.00
2015.04.03 16:51:36.045,1.30574,1.30602,1.00,1.00
2015.04.03 16:51:37.059,1.30575,1.30605,1.00,1.00
2015.04.03 16:51:41.653,1.30578,1.30606,1.00,1.50
2015.04.03 16:51:41.855,1.30588,1.30618,1.00,1.00
2015.04.03 16:51:42.058,1.30587,1.30615,2.25,1.00
2015.04.03 16:51:42.362,1.30589,1.30616,1.00,1.13
2015.04.03 16:51:43.013,1.30589,1.30616,1.00,1.09
2015.04.03 16:51:43.816,1.30589,1.30617,1.00,1.87
2015.04.03 16:51:44.846,1.30593,1.30619,1.00,1.00
2015.04.03 16:51:44.948,1.30596,1.30624,1.00,1.00
2015.04.03 16:51:45.462,1.30596,1.30623,1.00,1.00
2015.04.03 16:51:45.974,1.30596,1.30624,1.00,1.00
2015.04.03 16:51:46.429,1.30596,1.3062,1.00,1.09
2015.04.03 16:51:46.481,1.30589,1.3062,1.00,1.97
2015.04.03 16:51:46.532,1.30589,1.30614,1.00,1.22
2015.04.03 16:51:46.583,1.30585,1.30611,1.00,1.50
2015.04.03 16:51:46.685,1.30585,1.30605,1.00,2.25
2015.04.03 16:51:47.141,1.30583,1.30611,1.00,1.00
2015.04.03 16:51:47.243,1.30585,1.30613,1.00,2.34
2015.04.03 16:51:48.427,1.30582,1.30606,1.00,2.25
2015.04.03 16:51:49.309,1.30582,1.30605,1.00,1.00
2015.04.03 16:51:49.461,1.30579,1.30603,2.25,1.00
2015.04.03 16:51:49.568,1.30579,1.30601,1.00,3.00
2015.04.03 16:51:50.541,1.30579,1.306,1.00,1.00
2015.04.03 16:51:50.996,1.30579,1.30602,1.00,1.00
2015.04.03 16:51:51.464,1.30581,1.30603,1.00,1.00
2015.04.03 16:51:51.617,1.30579,1.30606,1.00,1.47
2015.04.03 16:51:51.719,1.30581,1.30606,1.00,1.00
2015.04.03 16:51:52.253,1.30582,1.30607,1.00,1.00
2015.04.03 16:51:52.405,1.3058,1.30607,1.00,1.00
2015.04.03 16:51:52.608,1.3058,1.30605,1.00,1.00
2015.04.03 16:51:53.296,1.30581,1.30604,1.00,1.00
2015.04.03 16:51:53.805,1.3058,1.30605,1.00,3.37
2015.04.03 16:51:54.260,1.3058,1.30603,1.00,1.00
2015.04.03 16:51:54.762,1.30581,1.30606,1.00,1.22
2015.04.03 16:51:54.965,1.30582,1.30608,1.00,1.09
2015.04.03 16:51:55.563,1.30584,1.30613,1.00,1.00
2015.04.03 16:51:56.079,1.30584,1.30614,1.00,1.00
2015.04.03 16:51:58.796,1.30589,1.30616,1.00,1.00
2015.04.03 16:52:00.063,1.30589,1.30617,1.00,1.87
2015.04.03 16:52:00.985,1.30591,1.30619,1.00,2.25
2015.04.03 16:52:01.460,1.30591,1.30619,1.00,1.09
2015.04.03 16:52:01.612,1.30588,1.30617,1.50,1.47
2015.04.03 16:52:01.967,1.30588,1.30612,1.00,1.00
2015.04.03 16:52:02.289,1.30589,1.30614,1.00,1.00
2015.04.03 16:52:02.791,1.30589,1.30615,1.00,1.12
2015.04.03 16:52:05.729,1.30589,1.30617,1.00,1.00
2015.04.03 16:52:09.497,1.30589,1.30617,1.00,1.22
2015.04.03 16:52:09.548,1.30589,1.30614,1.00,1.00
2015.04.03 16:52:18.785,1.30589,1.30615,1.00,1.00
2015.04.03 16:52:20.435,1.30589,1.30616,1.00,1.00
2015.04.03 16:52:21.905,1.3059,1.30616,1.00,1.13
2015.04.03 16:52:22.420,1.3059,1.30615,1.00,1.22
2015.04.03 16:52:31.058,1.3059,1.30615,1.00,1.20
2015.04.03 16:52:31.210,1.30588,1.30615,1.00,1.07
2015.04.03 16:52:32.167,1.30588,1.30615,1.00,1.00
2015.04.03 16:52:32.639,1.30584,1.30613,1.00,1.37
2015.04.03 16:52:32.943,1.30586,1.30614,1.00,2.25
2015.04.03 16:52:34.748,1.30584,1.30612,1.50,1.37
2015.04.03 16:52:35.001,1.3058,1.30608,1.00,1.50
2015.04.03 16:52:36.664,1.30585,1.3061,1.00,1.00
2015.04.03 16:52:37.368,1.30586,1.3061,1.00,1.00
2015.04.03 16:52:37.958,1.30586,1.3061,1.00,1.37
2015.04.03 16:52:38.470,1.30586,1.3061,1.00,1.00
2015.04.03 16:52:41.578,1.30589,1.3061,1.00,1.00
2015.04.03 16:52:46.297,1.30582,1.3061,1.00,1.00
2015.04.03 16:52:46.349,1.30586,1.30612,1.00,1.00
2015.04.03 16:52:46.450,1.30589,1.30618,1.00,1.00
2015.04.03 16:52:46.552,1.30594,1.30619,1.00,1.00
2015.04.03 16:52:46.653,1.30594,1.30621,1.00,1.00
2015.04.03 16:52:51.604,1.30604,1.30622,1.00,1.00
2015.04.03 16:52:52.461,1.30594,1.30619,1.00,1.00
2015.04.03 16:52:52.562,1.30592,1.30619,1.50,1.00
2015.04.03 16:52:52.714,1.30592,1.30617,1.00,1.00
2015.04.03 16:52:55.688,1.30594,1.30617,1.00,1.00
2015.04.03 16:52:56.803,1.30594,1.30615,1.00,1.00
2015.04.03 16:52:56.854,1.30592,1.30615,1.00,1.00
2015.04.03 16:52:57.194,1.3059,1.30615,1.50,1.00
2015.04.03 16:52:59.095,1.30588,1.30615,1.50,1.00
2015.04.03 16:52:59.597,1.30589,1.30615,1.00,1.00
2015.04.03 16:52:59.962,1.30589,1.30618,1.00,1.12
2015.04.03 16:53:01.130,1.30589,1.30617,1.00,2.25
2015.04.03 16:53:03.157,1.30589,1.30618,1.00,1.12
2015.04.03 16:53:04.326,1.30589,1.30615,1.00,1.00
2015.04.03 16:53:05.534,1.30589,1.30616,1.00,2.25
2015.04.03 16:53:06.416,1.30589,1.30615,1.00,1.00
2015.04.03 16:53:06.569,1.30586,1.30614,1.50,1.00
2015.04.03 16:53:06.671,1.30588,1.30615,1.00,1.00
2015.04.03 16:53:07.418,1.30588,1.30616,1.00,1.00
2015.04.03 16:53:10.513,1.30588,1.30615,1.00,1.00
2015.04.03 16:53:13.563,1.30588,1.30616,1.50,1.00
2015.04.03 16:53:13.614,1.30589,1.30618,1.00,1.87
2015.04.03 16:53:13.716,1.30591,1.30619,1.00,1.00
2015.04.03 16:53:15.546,1.30591,1.3062,1.00,1.00
2015.04.03 16:53:16.100,1.30591,1.30621,1.00,1.00
2015.04.03 16:53:16.582,1.30595,1.30622,1.00,1.00
2015.04.03 16:53:16.886,1.30625,1.3063,1.00,1.00
2015.04.03 16:53:17.395,1.30624,1.3063,1.00,1.12
2015.04.03 16:53:17.497,1.30605,1.30628,2.25,1.00
2015.04.03 16:53:17.598,1.30603,1.30628,1.50,1.00
2015.04.03 16:53:18.084,1.30601,1.30627,1.50,1.00
2015.04.03 16:53:18.734,1.30599,1.30627,1.50,1.87
2015.04.03 16:53:18.788,1.30599,1.30625,1.00,1.00
2015.04.03 16:53:24.112,1.30597,1.30625,2.25,2.25
2015.04.03 16:53:24.163,1.30597,1.30622,2.25,1.13
2015.04.03 16:53:24.214,1.30595,1.30622,1.50,1.50
2015.04.03 16:53:24.265,1.30597,1.30619,1.00,2.34
2015.04.03 16:53:33.420,1.30597,1.30615,1.00,1.00
2015.04.03 16:53:33.572,1.30597,1.30618,1.00,1.00
2015.04.03 16:53:33.674,1.30597,1.3062,1.00,1.00
2015.04.03 16:53:33.826,1.30597,1.30617,1.00,1.00
2015.04.03 16:53:34.029,1.30598,1.30619,1.00,1.50
2015.04.03 16:53:34.133,1.30591,1.30619,1.00,1.00
2015.04.03 16:53:34.336,1.30591,1.30617,1.00,1.00
2015.04.03 16:53:34.438,1.30591,1.30619,1.00,1.50
2015.04.03 16:53:34.489,1.30594,1.30619,1.00,1.50
2015.04.03 16:53:34.792,1.30598,1.30619,1.00,1.00
2015.04.03 16:53:39.319,1.30598,1.30617,1.00,1.00
2015.04.03 16:53:39.825,1.30597,1.30613,1.00,1.00
2015.04.03 16:53:40.358,1.30596,1.30613,1.00,1.00
2015.04.03 16:53:46.677,1.30597,1.30613,1.00,1.00
2015.04.03 16:53:46.778,1.30593,1.30613,1.00,1.00
2015.04.03 16:53:47.031,1.30585,1.30613,1.50,1.00
2015.04.03 16:53:57.928,1.30587,1.30613,1.00,1.00
2015.04.03 16:53:58.233,1.30593,1.30613,1.00,1.00
2015.04.03 16:53:58.334,1.30585,1.30613,1.00,1.00
2015.04.03 16:54:00.431,1.30585,1.30615,1.00,1.00
2015.04.03 16:54:01.189,1.30588,1.30615,1.00,1.00
2015.04.03 16:54:02.253,1.30592,1.30609,1.00,1.00
2015.04.03 16:54:11.234,1.30594,1.30609,1.00,1.00
2015.04.03 16:54:12.623,1.30585,1.30609,1.00,1.00
2015.04.03 16:54:22.505,1.30585,1.3061,1.00,1.00
2015.04.03 16:54:22.658,1.30598,1.3061,1.00,1.00
2015.04.03 16:54:25.865,1.30599,1.3061,1.00,1.00
2015.04.03 16:54:31.795,1.30599,1.30612,1.00,1.50
2015.04.03 16:54:34.110,1.30599,1.30613,1.00,1.50
2015.04.03 16:54:35.281,1.30599,1.30615,1.00,1.00
2015.04.03 16:54:35.782,1.306,1.30615,1.00,1.00
2015.04.03 16:54:37.504,1.306,1.30617,1.00,1.50
2015.04.03 16:54:39.156,1.306,1.3062,1.00,1.00
2015.04.03 16:54:40.493,1.306,1.30621,1.00,1.50
2015.04.03 16:54:41.031,1.306,1.30619,1.00,1.00
2015.04.03 16:54:41.604,1.306,1.30621,1.00,1.00
2015.04.03 16:54:43.201,1.306,1.30619,1.00,1.00
2015.04.03 16:54:46.980,1.30591,1.30619,1.00,1.00
2015.04.03 16:54:47.493,1.30592,1.30619,3.19,1.00
2015.04.03 16:54:48.024,1.30591,1.30619,1.00,1.00
2015.04.03 16:54:48.125,1.30594,1.30619,3.19,1.00
2015.04.03 16:54:48.458,1.30591,1.30619,1.00,1.00
2015.04.03 16:54:49.232,1.30593,1.30619,3.19,1.00
2015.04.03 16:54:49.548,1.30591,1.30619,1.00,1.00
2015.04.03 16:54:51.522,1.30593,1.30619,3.19,1.00
2015.04.03 16:54:51.978,1.30591,1.30619,1.00,1.00
2015.04.03 16:54:52.611,1.30593,1.30619,3.19,1.00
2015.04.03 16:54:52.975,1.30591,1.30619,3.94,1.00
2015.04.03 16:54:53.636,1.30592,1.30619,3.19,1.00
2015.04.03 16:54:54.161,1.30591,1.30619,3.94,1.00
2015.04.03 16:54:54.365,1.30593,1.30619,3.19,1.00
2015.04.03 16:55:00.765,1.30591,1.30619,3.94,1.00
2015.04.03 16:55:01.311,1.30592,1.30619,1.00,1.00
2015.04.03 16:55:03.501,1.30592,1.30617,1.00,1.00
2015.04.03 16:55:07.561,1.30592,1.30607,1.00,1.00
2015.04.03 16:55:07.864,1.30587,1.30603,1.00,1.00
2015.04.03 16:55:08.522,1.30592,1.30603,1.00,1.00
2015.04.03 16:55:08.623,1.30588,1.30603,1.00,1.00
2015.04.03 16:55:09.153,1.30587,1.30604,1.00,1.00
2015.04.03 16:55:09.457,1.30587,1.30606,1.00,1.00
2015.04.03 16:55:09.965,1.30587,1.30607,1.00,1.00
2015.04.03 16:55:11.580,1.30587,1.30608,1.00,1.00
2015.04.03 16:55:11.631,1.30587,1.3061,1.00,1.00
2015.04.03 16:55:12.657,1.30587,1.30599,1.00,1.00
2015.04.03 16:55:12.708,1.30581,1.30599,1.00,1.00
2015.04.03 16:55:12.760,1.30581,1.30596,1.00,1.00
2015.04.03 16:55:13.064,1.30581,1.30594,1.00,1.00
2015.04.03 16:55:15.743,1.30576,1.30594,1.00,1.00
2015.04.03 16:55:16.875,1.30576,1.30595,1.00,2.25
2015.04.03 16:55:18.430,1.30574,1.30592,1.00,1.00
2015.04.03 16:55:18.733,1.30582,1.30599,1.00,1.00
2015.04.03 16:55:24.484,1.30571,1.30595,1.00,1.00
2015.04.03 16:55:26.443,1.30571,1.30599,1.00,1.50
2015.04.03 16:55:26.545,1.30571,1.30595,1.50,1.00
2015.04.03 16:55:33.491,1.30569,1.30593,3.00,1.00
2015.04.03 16:55:36.699,1.30569,1.30593,2.44,1.00
2015.04.03 16:55:38.688,1.30569,1.30593,2.44,1.00
2015.04.03 16:55:39.203,1.3057,1.30593,1.00,1.00
2015.04.03 16:55:40.288,1.3057,1.30593,1.37,1.00
2015.04.03 16:55:40.593,1.30574,1.30592,1.00,1.00
2015.04.03 16:55:41.194,1.30572,1.30592,1.00,1.00
2015.04.03 16:55:46.194,1.30574,1.30592,1.37,1.00
2015.04.03 16:55:48.425,1.30574,1.30592,1.00,1.00
2015.04.03 16:55:48.981,1.30575,1.30593,1.00,1.00
2015.04.03 16:55:49.903,1.3057,1.30594,1.50,1.00
2015.04.03 16:55:52.502,1.3057,1.30596,1.00,1.50
2015.04.03 16:55:53.385,1.30576,1.30594,1.00,1.00
2015.04.03 16:55:57.823,1.30572,1.30596,1.00,1.00
2015.04.03 16:56:01.856,1.3057,1.30594,1.00,1.00
2015.04.03 16:56:02.079,1.3057,1.30596,1.00,1.50
2015.04.03 16:56:04.633,1.30572,1.30596,1.00,1.50
2015.04.03 16:56:05.136,1.30573,1.30596,1.00,1.00
2015.04.03 16:56:05.739,1.30573,1.30597,1.00,3.00
2015.04.03 16:56:05.841,1.30574,1.30602,1.50,4.50
2015.04.03 16:56:06.043,1.30577,1.30602,1.00,2.25
2015.04.03 16:56:06.094,1.30578,1.30606,2.25,1.50
2015.04.03 16:56:06.246,1.3058,1.30606,1.00,1.00
2015.04.03 16:56:06.499,1.3058,1.30608,1.00,1.00
2015.04.03 16:56:06.550,1.30581,1.3061,1.00,1.00
2015.04.03 16:56:06.972,1.30584,1.30612,1.00,1.00
2015.04.03 16:56:07.953,1.30586,1.30614,1.00,1.00
2015.04.03 16:56:10.933,1.30587,1.30616,1.00,1.00
2015.04.03 16:56:11.534,1.30587,1.30617,1.00,1.00
2015.04.03 16:56:25.173,1.3059,1.30618,1.00,1.00
2015.04.03 16:56:29.555,1.3059,1.30615,1.00,1.00
2015.04.03 16:56:29.860,1.3059,1.30609,1.00,2.25
2015.04.03 16:56:41.044,1.30586,1.30609,1.00,4.50
2015.04.03 16:56:41.550,1.30587,1.3061,1.00,1.00
2015.04.03 16:56:41.875,1.30587,1.30612,1.00,1.00
2015.04.03 16:56:42.400,1.30588,1.30615,1.00,1.00
2015.04.03 16:56:42.501,1.30589,1.30619,1.00,2.25
2015.04.03 16:56:42.906,1.30591,1.3062,1.00,1.00
2015.04.03 16:56:43.210,1.30596,1.30626,1.00,1.00
2015.04.03 16:57:00.666,1.30595,1.30624,1.50,1.00
2015.04.03 16:57:01.204,1.30594,1.30624,1.00,1.00
2015.04.03 16:57:12.892,1.30593,1.30621,1.00,1.00
2015.04.03 16:57:24.152,1.30591,1.3062,1.50,1.00
2015.04.03 16:57:24.796,1.3059,1.3062,1.00,1.00
2015.04.03 16:57:28.131,1.30596,1.3062,1.00,1.00
2015.04.03 16:57:37.661,1.30596,1.30621,1.00,1.00
2015.04.03 16:57:38.035,1.30593,1.30621,1.00,1.00
2015.04.03 16:57:42.971,1.30595,1.30621,1.00,1.00
2015.04.03 16:57:43.620,1.30596,1.3062,1.00,2.25
2015.04.03 16:57:44.408,1.30593,1.3062,1.00,2.25
2015.04.03 16:57:44.459,1.30591,1.30619,1.50,1.00
2015.04.03 16:57:46.520,1.30591,1.30618,1.00,1.00
2015.04.03 16:57:46.621,1.30594,1.30618,1.00,1.50
2015.04.03 16:57:46.928,1.30594,1.30615,1.00,2.25
2015.04.03 16:57:47.491,1.30593,1.30615,1.00,2.25
2015.04.03 16:58:06.740,1.30591,1.30615,1.00,3.09
2015.04.03 16:58:06.792,1.30591,1.30612,1.00,1.00
2015.04.03 16:58:07.096,1.30594,1.30609,1.00,1.00
2015.04.03 16:58:07.147,1.30581,1.30602,1.00,1.00
2015.04.03 16:58:07.709,1.30579,1.30601,2.25,1.00
2015.04.03 16:58:08.215,1.30579,1.30602,1.00,1.00
2015.04.03 16:58:09.841,1.30577,1.30602,4.50,1.00
2015.04.03 16:58:11.004,1.30579,1.30602,1.00,1.00
2015.04.03 16:58:11.208,1.30577,1.30602,4.50,1.00
2015.04.03 16:58:11.783,1.30589,1.30605,1.00,1.00
2015.04.03 16:58:12.779,1.3059,1.30608,1.00,2.62
2015.04.03 16:58:12.830,1.30589,1.30608,1.00,2.62
2015.04.03 16:58:13.756,1.30589,1.30602,1.00,1.50
2015.04.03 16:58:13.858,1.30574,1.30591,1.50,1.00
2015.04.03 16:58:13.909,1.30569,1.30591,1.50,1.00
2015.04.03 16:58:14.010,1.30567,1.30591,1.50,3.00
2015.04.03 16:58:14.516,1.30568,1.3059,1.00,1.00
2015.04.03 16:58:14.667,1.30574,1.30596,1.00,1.50
2015.04.03 16:58:14.971,1.30574,1.30594,1.00,1.00
2015.04.03 16:58:15.678,1.30574,1.30591,1.00,2.25
2015.04.03 16:58:17.481,1.30573,1.30591,1.00,3.37
2015.04.03 16:58:17.935,1.30571,1.30591,1.00,3.00
2015.04.03 16:58:19.467,1.30573,1.30591,1.00,2.25
2015.04.03 16:58:19.518,1.30573,1.30594,1.00,1.25
2015.04.03 16:58:23.145,1.30573,1.30591,1.00,1.00
2015.04.03 16:58:23.247,1.30561,1.30585,1.00,1.00
2015.04.03 16:58:24.000,1.30569,1.30591,1.00,1.00
2015.04.03 16:58:24.203,1.30561,1.30591,1.00,1.00
2015.04.03 16:58:24.304,1.30568,1.30591,1.00,1.00
2015.04.03 16:58:25.066,1.30568,1.30592,1.00,1.00
2015.04.03 16:58:25.755,1.30572,1.30596,1.00,1.50
2015.04.03 16:58:26.263,1.30574,1.306,1.00,1.00
2015.04.03 16:58:26.314,1.30574,1.30602,1.00,1.00
2015.04.03 16:58:34.448,1.30575,1.30604,1.00,1.50
2015.04.03 16:58:34.970,1.30575,1.30605,1.00,1.00
2015.04.03 16:58:36.756,1.30574,1.30601,1.50,1.00
2015.04.03 16:58:36.858,1.3057,1.30599,1.00,1.00
2015.04.03 16:58:36.959,1.30568,1.30596,1.00,1.00
2015.04.03 16:58:37.690,1.30566,1.30594,1.50,1.00
2015.04.03 16:58:39.088,1.30568,1.30596,1.00,2.25
2015.04.03 16:58:41.364,1.30566,1.30595,1.50,1.00
2015.04.03 16:58:41.568,1.30564,1.3059,1.50,1.00
2015.04.03 16:58:41.670,1.30559,1.30587,1.50,1.00
2015.04.03 16:58:42.472,1.30557,1.30585,1.50,1.00
2015.04.03 16:58:42.790,1.30555,1.30583,1.50,1.00
2015.04.03 16:58:43.447,1.30556,1.30583,1.00,1.00
2015.04.03 16:58:44.277,1.30556,1.30582,1.00,1.00
2015.04.03 16:58:45.026,1.30556,1.30581,1.00,1.00
2015.04.03 16:58:45.077,1.3055,1.3058,1.00,1.00
2015.04.03 16:58:46.170,1.30549,1.30577,1.50,1.00
2015.04.03 16:58:48.098,1.30556,1.30582,1.00,1.19
2015.04.03 16:58:48.611,1.30556,1.30582,1.00,1.00
2015.04.03 16:58:52.585,1.30539,1.30564,3.19,1.00
2015.04.03 16:58:52.891,1.3054,1.30558,3.19,1.00
2015.04.03 16:58:52.993,1.30536,1.30556,3.19,1.00
2015.04.03 16:58:53.094,1.30533,1.30555,3.19,1.00
2015.04.03 16:58:53.506,1.30533,1.30557,3.19,1.00
2015.04.03 16:58:54.311,1.30533,1.30554,3.19,1.00
2015.04.03 16:58:54.632,1.30535,1.30554,3.19,1.00
2015.04.03 16:58:55.285,1.30537,1.30554,3.19,1.00
2015.04.03 16:58:58.605,1.30534,1.30554,3.94,1.00
2015.04.03 16:58:58.707,1.30537,1.30556,3.19,1.00
2015.04.03 16:59:00.474,1.30534,1.30556,1.00,1.00
2015.04.03 16:59:02.620,1.30534,1.30558,1.00,1.50
2015.04.03 16:59:03.167,1.30534,1.30559,1.00,1.00
2015.04.03 16:59:03.605,1.30529,1.30559,1.00,1.00
2015.04.03 16:59:04.880,1.30534,1.30559,1.00,1.00
2015.04.03 16:59:05.475,1.30534,1.30558,1.00,1.00
2015.04.03 16:59:05.779,1.30534,1.30556,1.00,1.00
2015.04.03 16:59:07.784,1.30535,1.30556,1.00,1.00
2015.04.03 16:59:08.259,1.30528,1.30556,1.19,1.00
2015.04.03 16:59:08.310,1.30528,1.30556,1.00,1.00
2015.04.03 16:59:09.553,1.30528,1.30556,1.19,1.00
2015.04.03 16:59:09.711,1.30528,1.30556,1.00,1.00
2015.04.03 16:59:10.638,1.30526,1.30555,1.00,1.00
2015.04.03 16:59:10.689,1.30535,1.30555,1.00,1.00
2015.04.03 16:59:10.790,1.30526,1.30555,1.00,1.00
2015.04.03 16:59:11.322,1.30525,1.30555,1.00,1.00
2015.04.03 16:59:14.347,1.30528,1.30556,1.00,1.00
2015.04.03 16:59:14.889,1.30532,1.30556,2.25,1.00
2015.04.03 16:59:15.041,1.30532,1.30559,2.25,1.00
2015.04.03 16:59:15.294,1.30538,1.30559,1.00,1.00
2015.04.03 16:59:15.599,1.30536,1.30559,1.00,1.00
2015.04.03 16:59:15.701,1.30544,1.30559,1.00,1.00
2015.04.03 16:59:15.855,1.30544,1.30563,1.00,1.00
2015.04.03 16:59:16.058,1.30541,1.30562,1.00,1.00
2015.04.03 16:59:16.159,1.30541,1.30565,1.00,3.11
2015.04.03 16:59:16.210,1.30539,1.30563,1.00,1.50
2015.04.03 16:59:17.214,1.3054,1.30562,1.00,1.00
2015.04.03 16:59:17.417,1.30536,1.30563,1.00,2.25
2015.04.03 16:59:17.468,1.30532,1.3056,1.19,1.00
2015.04.03 16:59:17.823,1.30536,1.3056,1.00,1.00
2015.04.03 16:59:19.014,1.30536,1.3056,2.06,1.00
2015.04.03 16:59:19.065,1.30536,1.30564,3.19,1.00
2015.04.03 16:59:19.166,1.30542,1.30564,1.37,1.00
2015.04.03 16:59:19.527,1.30542,1.30561,1.00,1.00
2015.04.03 16:59:19.628,1.30538,1.3056,1.00,1.00
2015.04.03 16:59:19.730,1.30534,1.30562,3.00,1.00
2015.04.03 16:59:20.033,1.30535,1.30562,1.37,1.00
2015.04.03 16:59:20.539,1.30537,1.30562,1.50,1.00
2015.04.03 16:59:22.748,1.30537,1.30565,1.12,1.61
2015.04.03 16:59:22.850,1.30537,1.30563,1.12,1.00
2015.04.03 16:59:23.352,1.30538,1.30563,1.00,1.00
2015.04.03 16:59:25.044,1.30539,1.30565,1.00,1.50
2015.04.03 16:59:28.286,1.30551,1.30565,1.00,1.00
2015.04.03 16:59:28.387,1.30535,1.30563,2.06,1.00
2015.04.03 16:59:28.539,1.30535,1.30563,1.00,1.00
2015.04.03 16:59:29.432,1.30537,1.30563,1.00,1.00
2015.04.03 16:59:29.948,1.30538,1.30563,1.00,1.00
2015.04.03 16:59:30.252,1.30538,1.30566,1.00,3.11
2015.04.03 16:59:30.790,1.30538,1.30565,1.00,1.61
2015.04.03 16:59:30.892,1.30543,1.30565,1.50,2.36
2015.04.03 16:59:30.993,1.30537,1.30563,1.00,1.00
2015.04.03 16:59:33.668,1.30538,1.30563,1.00,1.00
2015.04.03 16:59:34.677,1.30539,1.30563,1.00,1.00
2015.04.03 16:59:35.229,1.3054,1.30563,1.00,1.00
2015.04.03 16:59:35.280,1.3054,1.30563,1.37,1.00
2015.04.03 16:59:35.584,1.30546,1.30564,1.00,1.00
2015.04.03 16:59:36.555,1.30546,1.30565,1.00,1.61
2015.04.03 16:59:37.263,1.30546,1.30565,1.37,1.61
2015.04.03 16:59:37.719,1.30546,1.30565,1.00,2.36
2015.04.03 16:59:37.770,1.30541,1.30563,2.16,1.00
2015.04.03 16:59:37.821,1.30539,1.30563,2.25,1.00
2015.04.03 16:59:37.974,1.30542,1.30563,1.00,1.00
2015.04.03 16:59:38.278,1.30544,1.30563,1.00,1.00
2015.04.03 16:59:38.793,1.30544,1.30564,1.00,1.50
2015.04.03 16:59:39.165,1.30547,1.30564,1.00,1.00
2015.04.03 16:59:39.368,1.30547,1.30566,1.00,1.61
2015.04.03 16:59:39.844,1.30545,1.30565,1.00,1.61
2015.04.03 16:59:40.362,1.30544,1.30566,1.00,2.36
2015.04.03 16:59:41.925,1.30544,1.30565,1.00,1.61
2015.04.03 16:59:42.578,1.30548,1.30565,1.00,1.61
2015.04.03 16:59:42.883,1.30554,1.30565,1.00,1.61
2015.04.03 16:59:43.238,1.30549,1.30565,1.00,1.61
2015.04.03 16:59:44.710,1.30551,1.30565,1.41,1.61
2015.04.03 16:59:45.087,1.30561,1.30575,1.50,3.90
2015.04.03 16:59:45.412,1.30567,1.30576,1.00,2.35
2015.04.03 16:59:46.832,1.30567,1.30579,1.37,2.40
2015.04.03 16:59:46.985,1.30572,1.30592,1.37,3.00
2015.04.03 16:59:47.189,1.30571,1.30592,1.00,2.25
2015.04.03 16:59:47.292,1.30568,1.30592,1.00,2.25
2015.04.03 16:59:47.393,1.30571,1.30596,1.00,1.00
2015.04.03 16:59:47.495,1.30568,1.30594,2.25,1.00
2015.04.03 16:59:48.045,1.30568,1.30593,2.25,1.00
2015.04.03 16:59:52.259,1.30568,1.30592,2.25,1.00
2015.04.03 16:59:52.310,1.30568,1.3059,2.25,1.00
2015.04.03 16:59:52.412,1.30562,1.3059,1.00,1.00
2015.04.03 16:59:52.463,1.30566,1.3059,1.00,1.00
2015.04.03 16:59:53.879,1.30562,1.3059,1.00,1.00
2015.04.03 16:59:55.482,1.30563,1.3059,2.25,1.00
2015.04.03 16:59:55.883,1.30581,1.3059,1.00,1.00
2015.04.03 16:59:55.934,1.30581,1.30592,1.00,1.00
2015.04.03 16:59:56.294,1.30566,1.30593,1.00,1.00
2015.04.03 16:59:57.391,1.30566,1.30594,1.00,1.00
2015.04.03 16:59:58.539,1.30568,1.30594,2.25,1.00
2015.04.03 16:59:59.542,1.30568,1.30592,2.25,1.00
2015.04.03 16:59:59.643,1.30568,1.30594,2.25,1.00
2015.04.03 16:59:59.992,1.3058,1.30594,1.00,1.00
