2013.11.07 07:00:01.592,1.33392,1.33398,1.50,1.00
2013.11.07 07:00:04.121,1.33391,1.33397,1.13,1.00
2013.11.07 07:00:07.050,1.33393,1.33396,1.00,1.25
2013.11.07 07:00:07.370,1.3339,1.33395,1.00,2.44
2013.11.07 07:00:09.031,1.33388,1.33394,1.00,2.07
2013.11.07 07:00:09.090,1.33388,1.33394,1.00,2.07
2013.11.07 07:00:10.493,1.33383,1.3339,1.88,1.00
2013.11.07 07:00:10.550,1.3338,1.33385,1.88,1.13
2013.11.07 07:00:10.610,1.3338,1.33383,1.88,1.13
2013.11.07 07:00:11.430,1.33376,1.33383,1.50,1.38
2013.11.07 07:00:13.067,1.33376,1.33383,1.88,1.38
2013.11.07 07:00:14.640,1.33376,1.33383,3.94,1.38
2013.11.07 07:00:16.010,1.33378,1.33383,1.00,1.00
2013.11.07 07:00:16.550,1.33379,1.33383,1.32,1.00
2013.11.07 07:00:17.409,1.33378,1.33383,1.32,1.00
2013.11.07 07:00:19.210,1.33377,1.33385,2.82,1.38
2013.11.07 07:00:22.501,1.33377,1.33381,1.57,1.00
2013.11.07 07:00:22.800,1.33375,1.33381,1.88,1.00
2013.11.07 07:00:22.920,1.33375,1.33381,1.00,3.57
2013.11.07 07:00:22.980,1.33372,1.33378,3.00,1.00
2013.11.07 07:00:23.040,1.33372,1.33378,3.00,1.38
2013.11.07 07:00:23.281,1.3337,1.33372,1.00,1.13
2013.11.07 07:00:23.341,1.33368,1.33372,1.69,1.13
2013.11.07 07:00:23.881,1.33365,1.33372,2.44,1.13
2013.11.07 07:00:25.001,1.33368,1.3337,1.32,1.00
2013.11.07 07:00:25.520,1.33365,1.3337,2.82,1.38
2013.11.07 07:00:29.130,1.33368,1.3337,1.32,1.38
2013.11.07 07:00:29.680,1.33368,1.3337,1.32,1.00
2013.11.07 07:00:30.220,1.33367,1.3337,1.32,1.00
2013.11.07 07:00:30.490,1.33365,1.3337,2.82,1.00
2013.11.07 07:00:34.230,1.33364,1.3337,1.88,1.00
2013.11.07 07:00:34.830,1.33364,1.3337,2.48,1.00
2013.11.07 07:00:36.260,1.33364,1.33369,1.43,1.00
2013.11.07 07:00:36.800,1.33364,1.3337,1.50,3.00
2013.11.07 07:00:37.100,1.33364,1.3337,2.63,1.00
2013.11.07 07:00:37.722,1.33364,1.3337,3.08,1.00
2013.11.07 07:00:43.250,1.33365,1.33369,1.00,1.00
2013.11.07 07:00:45.760,1.33363,1.33369,1.00,1.32
2013.11.07 07:00:46.060,1.33361,1.33363,1.50,1.00
2013.11.07 07:00:47.911,1.33354,1.33362,1.00,1.00
2013.11.07 07:00:48.450,1.33356,1.33362,1.38,1.25
2013.11.07 07:00:49.772,1.33356,1.33362,1.38,1.63
2013.11.07 07:00:51.980,1.33355,1.33362,1.88,1.69
2013.11.07 07:00:52.340,1.33352,1.33358,1.88,1.19
2013.11.07 07:00:52.861,1.33352,1.33358,1.88,1.32
2013.11.07 07:00:53.231,1.33352,1.33355,1.13,1.19
2013.11.07 07:00:53.470,1.3335,1.33355,3.38,1.19
2013.11.07 07:00:54.480,1.3335,1.33355,1.13,1.19
2013.11.07 07:00:55.240,1.3335,1.33355,1.88,1.19
2013.11.07 07:01:02.730,1.3335,1.33355,1.88,1.19
2013.11.07 07:01:06.197,1.33348,1.33359,1.32,1.69
2013.11.07 07:01:08.250,1.33348,1.33359,1.32,1.69
2013.11.07 07:01:10.270,1.3335,1.33356,1.88,1.13
2013.11.07 07:01:10.810,1.3335,1.33356,1.88,1.44
2013.11.07 07:01:10.870,1.33353,1.33356,1.00,1.44
2013.11.07 07:01:12.990,1.3335,1.33359,1.38,1.32
2013.11.07 07:01:13.110,1.3335,1.33353,1.00,1.00
2013.11.07 07:01:13.531,1.33352,1.33356,1.38,1.00
2013.11.07 07:01:13.650,1.33356,1.33362,1.38,2.25
2013.11.07 07:01:13.710,1.33356,1.3336,1.00,1.38
2013.11.07 07:01:13.891,1.33357,1.33363,1.88,1.38
2013.11.07 07:01:13.951,1.33359,1.33364,1.38,1.13
2013.11.07 07:01:14.510,1.33359,1.33363,1.00,1.00
2013.11.07 07:01:16.591,1.33359,1.33363,1.38,1.00
2013.11.07 07:01:17.100,1.33361,1.33363,1.00,1.00
2013.11.07 07:01:17.280,1.33361,1.33365,1.38,1.00
2013.11.07 07:01:18.200,1.33361,1.33363,1.38,1.00
2013.11.07 07:01:18.440,1.33359,1.33363,1.50,1.00
2013.11.07 07:01:20.230,1.33359,1.33363,1.00,1.00
2013.11.07 07:01:24.840,1.33357,1.33363,1.50,1.00
2013.11.07 07:01:25.022,1.33358,1.33365,1.00,1.13
2013.11.07 07:01:25.321,1.33361,1.33366,1.00,2.25
2013.11.07 07:01:29.060,1.3336,1.33366,1.13,1.00
2013.11.07 07:01:30.666,1.3336,1.33367,1.13,1.50
2013.11.07 07:01:33.240,1.3336,1.33366,1.13,1.50
2013.11.07 07:02:00.610,1.3336,1.33366,1.38,1.00
2013.11.07 07:02:00.970,1.33362,1.33367,1.38,1.00
2013.11.07 07:02:01.920,1.3336,1.33367,1.38,1.50
2013.11.07 07:02:05.880,1.3336,1.33367,1.38,1.13
2013.11.07 07:02:06.181,1.33357,1.33365,1.50,3.04
2013.11.07 07:02:06.240,1.33357,1.33362,1.50,1.19
2013.11.07 07:02:10.061,1.33352,1.33358,1.88,1.00
2013.11.07 07:02:16.870,1.33352,1.33358,1.38,1.00
2013.11.07 07:02:20.251,1.33352,1.3336,1.88,1.00
2013.11.07 07:02:23.800,1.33352,1.3336,1.88,1.00
2013.11.07 07:02:24.581,1.33352,1.33358,1.88,1.00
2013.11.07 07:02:38.620,1.33352,1.33358,1.88,1.00
2013.11.07 07:02:40.141,1.33352,1.33359,1.38,1.00
2013.11.07 07:02:43.935,1.33352,1.3336,1.88,1.00
2013.11.07 07:02:45.690,1.33352,1.3336,1.88,1.00
2013.11.07 07:02:48.907,1.33357,1.33363,1.50,1.32
2013.11.07 07:02:49.092,1.33364,1.33368,3.38,1.50
2013.11.07 07:02:49.211,1.33366,1.33369,3.38,1.00
2013.11.07 07:02:49.392,1.33361,1.33368,2.25,1.00
2013.11.07 07:02:49.630,1.33361,1.33366,1.50,1.00
2013.11.07 07:02:50.272,1.33356,1.33362,1.50,1.00
2013.11.07 07:02:50.580,1.33354,1.3336,1.00,1.00
2013.11.07 07:02:50.641,1.33354,1.3336,1.38,1.00
2013.11.07 07:02:53.590,1.33354,1.33359,1.38,1.00
2013.11.07 07:03:05.170,1.33355,1.33362,1.13,2.07
2013.11.07 07:03:05.411,1.33354,1.33358,1.38,1.13
2013.11.07 07:03:05.991,1.33354,1.33357,1.38,1.00
2013.11.07 07:03:17.620,1.33351,1.33356,1.50,1.00
2013.11.07 07:03:22.813,1.33351,1.33356,1.00,1.00
2013.11.07 07:03:27.420,1.33349,1.33353,2.63,1.00
2013.11.07 07:03:27.541,1.33349,1.33353,1.50,1.00
2013.11.07 07:03:29.280,1.33349,1.33352,1.00,1.00
2013.11.07 07:03:29.340,1.33347,1.33352,2.63,1.00
2013.11.07 07:03:29.640,1.33347,1.33351,2.25,2.63
2013.11.07 07:03:29.700,1.33345,1.33351,7.50,2.63
2013.11.07 07:03:29.940,1.33341,1.33348,1.69,1.13
2013.11.07 07:03:30.360,1.33341,1.33348,1.00,1.50
2013.11.07 07:03:30.720,1.33338,1.33341,1.00,1.00
2013.11.07 07:03:32.885,1.33338,1.33342,1.00,1.00
2013.11.07 07:03:37.880,1.33338,1.3334,1.00,1.00
2013.11.07 07:03:38.320,1.33335,1.3334,3.00,1.38
2013.11.07 07:03:41.660,1.33334,1.3334,1.00,1.50
2013.11.07 07:03:42.610,1.33332,1.33338,1.00,1.13
2013.11.07 07:03:43.150,1.33332,1.33337,1.25,1.00
2013.11.07 07:03:43.710,1.33333,1.33338,1.00,1.13
2013.11.07 07:03:44.230,1.33334,1.33338,1.00,1.00
2013.11.07 07:03:58.490,1.33334,1.33339,1.25,1.00
2013.11.07 07:04:01.531,1.33334,1.33339,1.00,1.38
2013.11.07 07:04:03.064,1.33334,1.33339,1.13,1.00
2013.11.07 07:04:03.180,1.33337,1.33339,1.00,1.00
2013.11.07 07:04:03.480,1.33337,1.33342,1.00,1.13
2013.11.07 07:04:03.540,1.33337,1.33342,1.00,1.50
2013.11.07 07:04:03.745,1.33334,1.33339,1.00,1.38
2013.11.07 07:04:15.650,1.33336,1.33341,1.00,1.13
2013.11.07 07:04:15.710,1.33339,1.33342,1.00,1.13
2013.11.07 07:04:15.831,1.33339,1.33342,1.38,1.13
2013.11.07 07:04:16.131,1.33339,1.33347,1.88,1.00
2013.11.07 07:04:16.660,1.33342,1.33349,1.38,1.38
2013.11.07 07:04:36.180,1.33341,1.33348,1.13,1.32
2013.11.07 07:04:37.101,1.33339,1.33343,1.88,1.00
2013.11.07 07:04:37.401,1.33333,1.33339,3.38,1.00
2013.11.07 07:04:56.090,1.33333,1.33339,1.50,1.00
2013.11.07 07:04:57.000,1.33333,1.33337,1.00,1.00
2013.11.07 07:04:57.361,1.33337,1.33341,1.00,2.63
2013.11.07 07:04:57.901,1.33336,1.33341,1.13,1.13
2013.11.07 07:04:58.562,1.33332,1.3334,1.88,1.00
2013.11.07 07:05:07.741,1.33332,1.33339,2.25,1.00
2013.11.07 07:05:09.890,1.33332,1.33339,2.25,1.00
2013.11.07 07:05:10.131,1.33333,1.3334,1.50,1.00
2013.11.07 07:05:10.490,1.33337,1.33342,1.50,1.00
2013.11.07 07:05:11.050,1.33337,1.33341,1.50,1.00
2013.11.07 07:05:24.401,1.33339,1.33343,1.00,1.00
2013.11.07 07:05:25.048,1.33337,1.33343,1.50,1.00
2013.11.07 07:05:29.871,1.33339,1.33345,1.38,1.00
2013.11.07 07:05:30.411,1.33338,1.33344,1.75,1.00
2013.11.07 07:05:44.391,1.3334,1.33343,1.13,1.00
2013.11.07 07:05:45.271,1.33341,1.33347,1.50,1.00
2013.11.07 07:05:45.651,1.33346,1.33351,1.00,1.38
2013.11.07 07:05:46.190,1.33345,1.33352,1.00,2.63
2013.11.07 07:05:48.470,1.33344,1.33348,1.13,1.00
2013.11.07 07:05:50.391,1.33339,1.33347,1.75,1.13
2013.11.07 07:05:53.511,1.33346,1.33352,1.00,1.88
2013.11.07 07:05:53.631,1.33343,1.33349,1.38,1.75
2013.11.07 07:06:00.072,1.33344,1.33349,1.88,1.50
2013.11.07 07:06:00.645,1.3334,1.33346,1.50,1.13
2013.11.07 07:06:01.441,1.33344,1.3335,1.13,1.38
2013.11.07 07:06:01.560,1.33344,1.3335,1.13,1.00
2013.11.07 07:06:02.037,1.33346,1.33353,1.13,1.75
2013.11.07 07:06:03.541,1.33343,1.33348,1.88,1.00
2013.11.07 07:06:03.781,1.33346,1.33349,1.13,1.38
2013.11.07 07:06:04.681,1.33344,1.3335,1.00,1.50
2013.11.07 07:06:19.972,1.33344,1.33351,1.00,1.75
2013.11.07 07:06:21.757,1.33344,1.3335,1.00,1.00
2013.11.07 07:06:24.110,1.33343,1.3335,1.88,1.00
2013.11.07 07:06:25.522,1.33345,1.3335,1.00,1.00
2013.11.07 07:06:40.321,1.33349,1.33353,1.00,1.38
2013.11.07 07:06:40.514,1.33349,1.33353,1.00,1.38
2013.11.07 07:06:44.391,1.33348,1.33352,1.00,1.13
2013.11.07 07:06:44.901,1.33347,1.33352,1.00,1.88
2013.11.07 07:06:44.960,1.33347,1.3335,1.00,1.00
2013.11.07 07:06:47.400,1.33342,1.33347,1.38,1.00
2013.11.07 07:06:50.483,1.33342,1.33347,1.00,1.00
2013.11.07 07:06:50.726,1.33345,1.33351,1.00,1.88
2013.11.07 07:06:50.795,1.33345,1.33351,2.07,1.88
2013.11.07 07:06:52.894,1.33347,1.33354,2.07,1.13
2013.11.07 07:06:53.460,1.33348,1.33354,1.25,1.13
2013.11.07 07:06:55.071,1.33349,1.33354,1.32,1.00
2013.11.07 07:06:55.130,1.33349,1.33354,1.69,1.00
2013.11.07 07:07:16.351,1.33353,1.33355,1.00,1.00
2013.11.07 07:07:22.691,1.33353,1.33355,1.00,1.00
2013.11.07 07:07:24.371,1.33353,1.33356,1.00,1.00
2013.11.07 07:07:27.695,1.33352,1.33356,1.32,1.00
2013.11.07 07:07:32.450,1.33352,1.33355,2.44,1.00
2013.11.07 07:07:47.971,1.33352,1.33356,2.44,1.00
2013.11.07 07:07:56.181,1.33353,1.33359,1.00,1.13
2013.11.07 07:07:58.522,1.33353,1.33358,1.88,1.00
2013.11.07 07:07:59.102,1.33352,1.33358,1.88,1.00
2013.11.07 07:07:59.608,1.33352,1.33358,1.88,1.38
2013.11.07 07:08:04.941,1.33353,1.33357,1.00,1.00
2013.11.07 07:08:05.608,1.33354,1.33357,1.00,1.00
2013.11.07 07:08:06.312,1.33354,1.3336,1.00,1.88
2013.11.07 07:08:06.372,1.33356,1.3336,1.00,1.13
2013.11.07 07:08:06.611,1.33356,1.33363,1.00,1.50
2013.11.07 07:08:12.211,1.33356,1.33363,1.00,1.13
2013.11.07 07:08:15.591,1.33359,1.33364,1.00,1.50
2013.11.07 07:08:21.328,1.33359,1.33362,1.00,1.00
2013.11.07 07:08:25.382,1.33358,1.33364,1.00,1.88
2013.11.07 07:08:25.941,1.33359,1.33364,1.00,1.38
2013.11.07 07:08:47.541,1.33356,1.33362,1.13,1.00
2013.11.07 07:08:47.842,1.33358,1.33362,1.00,1.38
2013.11.07 07:08:48.381,1.33358,1.33364,1.00,2.63
2013.11.07 07:08:51.011,1.33358,1.33361,1.00,1.00
2013.11.07 07:08:52.241,1.33356,1.33361,1.00,1.00
2013.11.07 07:08:52.492,1.33356,1.33359,1.00,1.00
2013.11.07 07:08:59.901,1.33357,1.33359,1.00,1.00
2013.11.07 07:08:59.961,1.33358,1.33361,1.00,1.32
2013.11.07 07:09:11.471,1.33359,1.33363,1.00,1.38
2013.11.07 07:09:13.222,1.33359,1.33363,1.00,1.50
2013.11.07 07:09:13.787,1.33359,1.33363,1.00,1.38
2013.11.07 07:09:16.261,1.33359,1.33363,1.00,1.50
2013.11.07 07:09:16.702,1.33361,1.33365,1.00,2.48
2013.11.07 07:09:16.882,1.33362,1.33365,1.00,1.13
2013.11.07 07:09:23.293,1.33363,1.33366,1.00,1.38
2013.11.07 07:09:23.352,1.33364,1.33368,1.00,1.50
2013.11.07 07:09:23.471,1.33359,1.33369,3.57,1.75
2013.11.07 07:09:24.162,1.33361,1.33369,1.19,1.50
2013.11.07 07:09:27.925,1.33366,1.33369,1.00,1.50
2013.11.07 07:09:39.371,1.33362,1.33368,1.57,1.00
2013.11.07 07:09:51.466,1.33363,1.33368,1.13,1.00
2013.11.07 07:09:52.027,1.33362,1.33368,1.69,1.00
2013.11.07 07:09:52.570,1.33359,1.33368,2.44,1.00
2013.11.07 07:09:56.081,1.33366,1.33368,1.00,1.00
2013.11.07 07:10:06.981,1.33367,1.33372,1.32,1.50
2013.11.07 07:10:07.041,1.3337,1.33375,1.00,1.50
2013.11.07 07:10:07.462,1.33373,1.33376,1.00,1.13
2013.11.07 07:10:07.822,1.33376,1.33384,1.00,1.75
2013.11.07 07:10:08.191,1.33378,1.3338,1.00,1.00
2013.11.07 07:10:08.313,1.33378,1.33384,1.00,1.75
2013.11.07 07:10:11.291,1.33377,1.33383,1.00,1.50
2013.11.07 07:10:23.191,1.33377,1.33383,1.00,1.50
2013.11.07 07:10:29.611,1.33376,1.33382,1.00,1.38
2013.11.07 07:10:29.732,1.33377,1.33382,2.07,1.00
2013.11.07 07:10:30.091,1.33381,1.33383,1.00,1.00
2013.11.07 07:10:30.351,1.33381,1.33385,1.00,1.13
2013.11.07 07:10:38.221,1.33381,1.33385,1.00,1.50
2013.11.07 07:10:40.541,1.3338,1.33386,1.13,2.63
2013.11.07 07:10:41.056,1.33381,1.33386,1.00,1.88
2013.11.07 07:10:53.281,1.33381,1.33385,1.00,1.00
2013.11.07 07:11:03.941,1.3338,1.33386,1.00,2.63
2013.11.07 07:11:04.001,1.3338,1.33383,1.00,1.00
2013.11.07 07:11:12.377,1.3338,1.33383,1.00,1.00
2013.11.07 07:11:16.721,1.33373,1.33381,1.38,1.38
2013.11.07 07:11:16.781,1.33373,1.33381,1.88,2.25
2013.11.07 07:11:16.841,1.33373,1.33378,1.88,1.38
2013.11.07 07:11:17.549,1.33373,1.33378,1.00,1.38
2013.11.07 07:11:29.282,1.33373,1.33378,1.00,1.00
2013.11.07 07:11:29.641,1.3337,1.33374,1.50,1.38
2013.11.07 07:11:29.701,1.33368,1.33374,1.38,1.38
2013.11.07 07:11:30.241,1.3337,1.33376,1.00,1.98
2013.11.07 07:11:30.301,1.33367,1.33374,1.13,1.38
2013.11.07 07:11:33.842,1.33368,1.33374,1.00,1.88
2013.11.07 07:11:36.783,1.33371,1.33374,1.00,1.00
2013.11.07 07:11:36.903,1.33368,1.33378,1.63,1.13
2013.11.07 07:11:47.136,1.3337,1.33378,1.00,1.38
2013.11.07 07:11:47.621,1.33367,1.33375,2.44,1.38
2013.11.07 07:11:49.992,1.33371,1.33376,1.00,1.38
2013.11.07 07:11:57.280,1.33368,1.33375,1.00,1.38
2013.11.07 07:11:57.821,1.33369,1.33375,1.00,1.38
2013.11.07 07:11:57.880,1.33369,1.33375,1.00,1.38
2013.11.07 07:11:58.382,1.33371,1.33375,1.00,1.00
2013.11.07 07:12:05.766,1.33371,1.33375,1.00,1.38
2013.11.07 07:12:11.930,1.3337,1.33375,1.00,1.38
2013.11.07 07:12:17.990,1.33364,1.3337,1.19,1.00
2013.11.07 07:12:18.350,1.33363,1.33369,2.25,1.38
2013.11.07 07:12:19.848,1.33363,1.33369,1.00,1.38
2013.11.07 07:12:20.661,1.33361,1.33367,2.25,1.38
2013.11.07 07:12:20.782,1.33361,1.33367,2.25,1.38
2013.11.07 07:12:21.141,1.3336,1.33364,1.50,1.38
2013.11.07 07:12:21.321,1.33358,1.33364,1.13,1.38
2013.11.07 07:12:21.564,1.33357,1.33363,2.25,1.63
2013.11.07 07:12:21.683,1.33355,1.3336,1.50,1.38
2013.11.07 07:12:21.740,1.33355,1.3336,1.50,1.38
2013.11.07 07:12:22.281,1.33354,1.3336,1.50,1.38
2013.11.07 07:12:35.692,1.33351,1.33357,1.13,1.13
2013.11.07 07:12:35.751,1.33351,1.33357,1.00,1.38
2013.11.07 07:12:36.673,1.33351,1.33357,1.00,1.00
2013.11.07 07:12:38.372,1.33351,1.33357,1.38,1.00
2013.11.07 07:12:54.551,1.33351,1.33357,1.32,1.00
2013.11.07 07:13:07.373,1.33349,1.33355,2.25,1.00
2013.11.07 07:13:12.110,1.33349,1.33355,1.00,2.07
2013.11.07 07:13:12.854,1.33349,1.33355,1.00,1.32
2013.11.07 07:13:14.400,1.33349,1.33355,1.00,1.88
2013.11.07 07:13:15.260,1.33346,1.33352,1.00,1.00
2013.11.07 07:13:15.561,1.33345,1.33352,1.00,1.63
2013.11.07 07:13:20.001,1.33343,1.33349,1.50,1.00
2013.11.07 07:13:20.824,1.33346,1.33353,1.13,1.88
2013.11.07 07:13:21.180,1.33347,1.33354,1.88,1.38
2013.11.07 07:13:21.300,1.33349,1.33357,1.69,1.50
2013.11.07 07:13:22.117,1.33349,1.33356,1.69,1.00
2013.11.07 07:13:23.611,1.33349,1.33357,1.88,1.50
2013.11.07 07:13:25.651,1.33349,1.33355,1.13,1.00
2013.11.07 07:13:34.850,1.33347,1.33355,1.50,1.00
2013.11.07 07:13:35.391,1.33349,1.33357,1.00,1.50
2013.11.07 07:13:39.670,1.33349,1.33357,1.50,1.50
2013.11.07 07:13:52.660,1.33351,1.33357,1.00,1.13
2013.11.07 07:13:54.810,1.33349,1.33357,1.50,1.13
2013.11.07 07:13:58.430,1.33349,1.33357,1.50,1.50
2013.11.07 07:14:06.331,1.33345,1.33352,1.38,1.00
2013.11.07 07:14:06.391,1.33346,1.33351,1.13,1.00
2013.11.07 07:14:06.510,1.33344,1.33348,1.00,1.00
2013.11.07 07:14:06.630,1.33342,1.33348,1.88,1.00
2013.11.07 07:14:06.691,1.33345,1.33352,1.00,2.44
2013.11.07 07:14:06.810,1.33345,1.33352,1.00,1.50
2013.11.07 07:14:07.366,1.33348,1.33355,1.50,1.50
2013.11.07 07:14:08.691,1.33348,1.33355,1.50,1.13
2013.11.07 07:14:11.346,1.3335,1.33356,1.00,1.88
2013.11.07 07:14:12.049,1.3335,1.33356,1.00,1.13
2013.11.07 07:14:18.270,1.33348,1.33355,1.88,1.00
2013.11.07 07:14:20.821,1.3335,1.33357,1.00,1.75
2013.11.07 07:14:26.042,1.33349,1.33356,1.13,1.88
2013.11.07 07:14:32.601,1.3335,1.33356,1.00,1.88
2013.11.07 07:14:33.437,1.3335,1.33356,1.00,1.38
2013.11.07 07:14:38.175,1.33349,1.33356,1.00,2.25
2013.11.07 07:14:40.271,1.33351,1.33356,1.00,1.50
2013.11.07 07:14:40.889,1.33351,1.33356,1.00,1.13
2013.11.07 07:14:43.533,1.33352,1.33356,1.00,1.13
2013.11.07 07:14:44.112,1.33352,1.33359,1.00,1.75
2013.11.07 07:14:48.821,1.33352,1.33358,1.00,1.50
2013.11.07 07:14:55.571,1.33352,1.33358,1.00,1.50
2013.11.07 07:14:55.631,1.3335,1.33356,1.00,1.00
2013.11.07 07:14:56.671,1.3335,1.33356,1.38,1.00
2013.11.07 07:14:56.731,1.33353,1.33358,1.00,1.00
2013.11.07 07:14:57.240,1.33353,1.33359,1.00,1.00
2013.11.07 07:14:57.872,1.3335,1.33356,1.13,1.25
2013.11.07 07:14:58.231,1.33346,1.33352,1.00,1.00
2013.11.07 07:15:00.301,1.33345,1.33352,1.50,1.13
2013.11.07 07:15:00.661,1.33352,1.33357,1.50,1.13
2013.11.07 07:15:01.021,1.33356,1.33363,1.13,1.38
2013.11.07 07:15:01.571,1.33356,1.33363,1.88,1.00
2013.11.07 07:15:02.741,1.33354,1.33359,1.50,1.00
2013.11.07 07:15:03.283,1.33354,1.33355,1.13,1.00
2013.11.07 07:15:03.402,1.33349,1.33355,1.50,1.00
2013.11.07 07:15:03.701,1.33351,1.33358,1.00,2.07
2013.11.07 07:15:04.591,1.33351,1.33358,1.00,2.07
2013.11.07 07:15:04.710,1.33349,1.33355,1.13,1.00
2013.11.07 07:15:05.011,1.33346,1.33353,2.25,1.00
2013.11.07 07:15:06.570,1.33346,1.33352,1.00,1.25
2013.11.07 07:15:07.442,1.3335,1.33352,1.00,1.25
2013.11.07 07:15:07.562,1.33346,1.33352,1.50,1.25
2013.11.07 07:15:08.721,1.33346,1.33352,1.38,1.25
2013.11.07 07:15:09.084,1.3335,1.33352,1.00,1.25
2013.11.07 07:15:10.086,1.3335,1.33355,1.00,2.44
2013.11.07 07:15:12.101,1.33349,1.33355,1.00,2.44
2013.11.07 07:15:13.463,1.33349,1.33355,1.00,2.63
2013.11.07 07:15:13.521,1.33345,1.33352,1.13,1.25
2013.11.07 07:15:14.212,1.33345,1.3335,1.00,1.32
2013.11.07 07:15:15.352,1.33345,1.33349,1.00,1.25
2013.11.07 07:15:15.412,1.33343,1.33349,1.13,1.69
2013.11.07 07:15:15.592,1.33343,1.33349,1.00,1.88
2013.11.07 07:15:15.711,1.33339,1.33346,1.13,1.00
2013.11.07 07:15:16.260,1.33339,1.33345,1.00,1.69
2013.11.07 07:15:16.601,1.33339,1.33346,1.32,1.00
2013.11.07 07:15:16.841,1.33343,1.33351,1.00,2.07
2013.11.07 07:15:17.081,1.33343,1.3335,1.00,2.07
2013.11.07 07:15:17.141,1.3334,1.33348,1.38,1.57
2013.11.07 07:15:17.201,1.33339,1.33348,1.13,1.94
2013.11.07 07:15:17.740,1.33339,1.33343,1.00,1.00
2013.11.07 07:15:18.280,1.33339,1.33347,1.00,1.32
2013.11.07 07:15:18.840,1.33336,1.33343,1.38,1.00
2013.11.07 07:15:20.640,1.33336,1.33343,1.00,1.13
2013.11.07 07:15:20.891,1.33336,1.33341,1.00,1.00
2013.11.07 07:15:28.061,1.33336,1.33343,1.00,1.13
2013.11.07 07:15:30.672,1.33334,1.33342,1.50,1.00
2013.11.07 07:15:31.181,1.33334,1.3334,1.13,1.00
2013.11.07 07:15:31.301,1.33332,1.33339,1.13,1.00
2013.11.07 07:15:32.151,1.33335,1.33341,1.00,1.00
2013.11.07 07:15:32.631,1.33335,1.33341,1.50,1.38
2013.11.07 07:15:33.141,1.33337,1.33342,1.00,2.25
2013.11.07 07:15:33.494,1.33334,1.33342,1.32,2.63
2013.11.07 07:15:35.301,1.33332,1.33339,1.00,1.88
2013.11.07 07:15:35.810,1.33331,1.33338,1.00,2.85
2013.11.07 07:15:36.340,1.33331,1.33338,1.00,2.10
2013.11.07 07:15:37.391,1.33331,1.33338,1.00,2.10
2013.11.07 07:15:38.691,1.33329,1.33337,1.50,1.38
2013.11.07 07:15:40.202,1.33329,1.33337,2.25,1.50
2013.11.07 07:15:43.065,1.33329,1.33337,1.88,1.38
2013.11.07 07:15:50.990,1.33333,1.33336,1.00,1.13
2013.11.07 07:15:51.291,1.33333,1.33338,1.00,1.69
2013.11.07 07:15:51.794,1.33333,1.33337,1.00,1.00
2013.11.07 07:15:53.592,1.33333,1.33338,1.00,2.07
2013.11.07 07:15:55.671,1.33333,1.3334,1.00,4.54
2013.11.07 07:15:57.901,1.33333,1.3334,1.00,4.54
2013.11.07 07:15:58.492,1.33329,1.33337,2.25,1.38
2013.11.07 07:15:58.552,1.33332,1.33339,1.00,1.75
2013.11.07 07:15:58.731,1.33333,1.3334,1.00,2.44
2013.11.07 07:15:58.792,1.33332,1.33337,1.88,1.00
2013.11.07 07:15:59.320,1.33331,1.33337,1.88,1.00
2013.11.07 07:15:59.851,1.33331,1.33337,2.07,1.00
2013.11.07 07:16:00.211,1.33336,1.33342,1.00,1.75
2013.11.07 07:16:00.571,1.33333,1.33339,1.00,1.38
2013.11.07 07:16:01.111,1.33334,1.3334,1.00,1.50
2013.11.07 07:16:01.661,1.33333,1.3334,1.00,2.25
2013.11.07 07:16:02.760,1.33332,1.33339,1.00,1.50
2013.11.07 07:16:05.310,1.33336,1.3334,1.00,1.50
2013.11.07 07:16:05.911,1.33335,1.33341,1.00,1.38
2013.11.07 07:16:06.271,1.33333,1.3334,1.00,1.13
2013.11.07 07:16:06.931,1.33333,1.3334,1.00,1.32
2013.11.07 07:16:06.990,1.33332,1.33337,1.13,1.00
2013.11.07 07:16:07.522,1.33331,1.33337,1.50,1.00
2013.11.07 07:16:09.132,1.33331,1.33337,1.50,1.63
2013.11.07 07:16:09.491,1.3333,1.33334,2.63,1.00
2013.11.07 07:16:11.492,1.33329,1.33334,4.50,1.00
2013.11.07 07:16:14.961,1.33328,1.33334,1.00,1.88
2013.11.07 07:16:15.741,1.33322,1.33328,1.38,1.13
2013.11.07 07:16:16.251,1.33318,1.33324,1.88,1.00
2013.11.07 07:16:16.672,1.33318,1.33324,1.50,1.25
2013.11.07 07:16:16.852,1.3332,1.33326,1.38,1.13
2013.11.07 07:16:16.971,1.3332,1.33326,1.75,1.13
2013.11.07 07:16:19.051,1.33319,1.33325,1.75,1.25
2013.11.07 07:16:19.172,1.33321,1.33325,1.00,1.25
2013.11.07 07:16:20.392,1.33319,1.33322,1.00,1.00
2013.11.07 07:16:20.452,1.33319,1.33321,1.00,1.13
2013.11.07 07:16:20.691,1.33316,1.3332,1.13,1.88
2013.11.07 07:16:20.810,1.33313,1.3332,1.00,3.19
2013.11.07 07:16:20.871,1.33313,1.33317,1.00,1.13
2013.11.07 07:16:21.401,1.33313,1.33318,1.00,1.00
2013.11.07 07:16:22.241,1.3331,1.33317,1.00,1.00
2013.11.07 07:16:22.441,1.33313,1.3332,1.00,1.88
2013.11.07 07:16:22.622,1.33313,1.3332,1.25,4.13
2013.11.07 07:16:23.182,1.33315,1.3332,1.00,2.25
2013.11.07 07:16:27.282,1.33315,1.33321,1.00,1.13
2013.11.07 07:16:27.702,1.33313,1.33319,1.38,1.00
2013.11.07 07:16:27.761,1.33316,1.33322,1.00,1.13
2013.11.07 07:16:28.411,1.33316,1.33321,1.00,1.00
2013.11.07 07:16:35.211,1.33316,1.33323,1.00,2.07
2013.11.07 07:16:37.521,1.33313,1.3332,1.13,1.13
2013.11.07 07:16:38.281,1.33313,1.3332,1.00,1.38
2013.11.07 07:16:39.401,1.33313,1.3332,1.32,2.07
2013.11.07 07:16:39.461,1.33316,1.3332,1.00,1.32
2013.11.07 07:16:39.995,1.33316,1.33319,1.00,1.00
2013.11.07 07:16:40.301,1.33315,1.3332,1.00,1.57
2013.11.07 07:16:40.601,1.33316,1.33319,1.00,1.00
2013.11.07 07:16:42.140,1.33312,1.3332,1.19,2.07
2013.11.07 07:16:42.262,1.33312,1.33319,1.00,1.57
2013.11.07 07:16:42.321,1.33312,1.33316,1.00,1.43
2013.11.07 07:16:42.441,1.3331,1.33316,1.00,2.29
2013.11.07 07:16:42.501,1.33312,1.33316,1.00,1.17
2013.11.07 07:16:55.931,1.33311,1.33317,1.00,1.88
2013.11.07 07:16:56.983,1.33312,1.33317,1.00,1.38
2013.11.07 07:17:01.301,1.33309,1.33315,1.50,1.38
2013.11.07 07:17:01.481,1.33309,1.33315,1.13,1.88
2013.11.07 07:17:01.791,1.33311,1.33315,1.00,1.38
2013.11.07 07:17:02.242,1.33304,1.33313,1.00,1.00
2013.11.07 07:17:03.752,1.33306,1.33312,2.07,1.00
2013.11.07 07:17:04.301,1.33306,1.33312,1.50,1.38
2013.11.07 07:17:05.012,1.33306,1.33312,1.50,1.38
2013.11.07 07:17:05.432,1.33307,1.33309,1.00,1.00
2013.11.07 07:17:05.792,1.33306,1.33309,1.00,1.50
2013.11.07 07:17:05.852,1.33305,1.33309,1.00,1.50
2013.11.07 07:17:05.971,1.33299,1.33306,2.63,1.00
2013.11.07 07:17:06.332,1.33305,1.33311,1.00,1.50
2013.11.07 07:17:06.453,1.33305,1.33311,1.00,1.13
2013.11.07 07:17:06.876,1.3331,1.33315,1.00,2.44
2013.11.07 07:17:07.291,1.33304,1.33312,1.88,2.07
2013.11.07 07:17:08.013,1.33303,1.33306,1.32,1.00
2013.11.07 07:17:08.252,1.333,1.33305,2.25,1.00
2013.11.07 07:17:08.611,1.333,1.33302,1.13,1.19
2013.11.07 07:17:08.792,1.33298,1.333,1.88,1.00
2013.11.07 07:17:09.212,1.33297,1.33299,1.00,1.00
2013.11.07 07:17:10.031,1.33292,1.33299,1.00,1.63
2013.11.07 07:17:11.341,1.33296,1.33304,1.00,1.57
2013.11.07 07:17:11.401,1.33293,1.33304,1.57,1.57
2013.11.07 07:17:11.461,1.33301,1.33304,1.00,1.88
2013.11.07 07:17:11.522,1.33302,1.33304,1.00,1.00
2013.11.07 07:17:11.702,1.33302,1.33308,1.19,1.32
2013.11.07 07:17:11.763,1.33307,1.33313,1.00,2.82
2013.11.07 07:17:11.886,1.33304,1.3331,1.00,1.69
2013.11.07 07:17:11.963,1.33304,1.3331,1.38,1.38
2013.11.07 07:17:12.201,1.33307,1.33313,1.00,2.82
2013.11.07 07:17:12.321,1.33311,1.33319,1.00,2.07
2013.11.07 07:17:12.382,1.33312,1.33315,1.00,1.69
2013.11.07 07:17:12.891,1.33311,1.33314,1.00,1.38
2013.11.07 07:17:14.062,1.33311,1.33314,1.00,1.38
2013.11.07 07:17:14.981,1.33309,1.33316,1.00,1.94
2013.11.07 07:17:17.881,1.33307,1.33313,1.13,2.07
2013.11.07 07:17:20.941,1.33306,1.33309,1.00,1.38
2013.11.07 07:17:21.371,1.33305,1.33309,1.00,1.57
2013.11.07 07:17:21.433,1.33302,1.33305,1.50,1.00
2013.11.07 07:17:21.851,1.333,1.33304,3.00,1.32
2013.11.07 07:17:21.974,1.33297,1.33304,1.38,1.38
2013.11.07 07:17:22.596,1.33297,1.33304,1.88,1.38
2013.11.07 07:17:23.085,1.33297,1.33302,1.13,1.38
2013.11.07 07:17:24.391,1.33298,1.33304,1.00,1.38
2013.11.07 07:17:24.511,1.33298,1.33304,1.00,1.38
2013.11.07 07:17:24.732,1.333,1.33304,1.00,1.38
2013.11.07 07:17:24.792,1.333,1.33305,2.44,1.00
2013.11.07 07:17:24.912,1.33306,1.33309,1.38,1.88
2013.11.07 07:17:25.032,1.33309,1.3331,1.00,1.50
2013.11.07 07:17:25.092,1.33309,1.33316,1.00,1.38
2013.11.07 07:17:27.231,1.33309,1.33314,1.00,1.00
2013.11.07 07:17:27.921,1.33313,1.33319,1.00,1.13
2013.11.07 07:17:27.981,1.33314,1.3332,1.00,1.38
2013.11.07 07:17:28.102,1.33313,1.33319,1.00,1.50
2013.11.07 07:17:28.401,1.3331,1.33316,1.88,1.38
2013.11.07 07:17:28.521,1.3331,1.33316,1.88,1.38
2013.11.07 07:17:29.061,1.3331,1.33316,1.38,1.57
2013.11.07 07:17:29.181,1.33307,1.33312,2.07,1.00
2013.11.07 07:17:29.541,1.33305,1.33312,2.07,1.63
2013.11.07 07:17:29.721,1.33305,1.33312,2.07,1.38
2013.11.07 07:17:30.227,1.33305,1.33312,1.69,1.38
2013.11.07 07:17:30.370,1.33305,1.33312,1.50,1.38
2013.11.07 07:17:30.897,1.33308,1.33315,1.13,1.69
2013.11.07 07:17:30.969,1.33309,1.33315,1.69,1.38
2013.11.07 07:17:31.214,1.3331,1.33315,1.13,1.00
2013.11.07 07:17:31.283,1.33312,1.33315,1.69,1.00
2013.11.07 07:17:31.341,1.33315,1.33321,1.00,1.50
2013.11.07 07:17:31.851,1.33315,1.33321,1.13,1.50
2013.11.07 07:17:32.401,1.33315,1.33321,1.13,1.50
2013.11.07 07:17:32.581,1.33313,1.33319,1.32,1.63
2013.11.07 07:17:32.701,1.33311,1.33318,1.00,1.57
2013.11.07 07:17:33.061,1.33307,1.33318,1.32,2.07
2013.11.07 07:17:33.541,1.33311,1.33315,1.00,1.32
2013.11.07 07:17:33.602,1.33313,1.33315,1.00,1.32
2013.11.07 07:17:33.722,1.33314,1.3332,1.00,3.94
2013.11.07 07:17:33.901,1.33314,1.33319,1.38,1.00
2013.11.07 07:17:36.961,1.33314,1.3332,1.69,1.38
2013.11.07 07:17:37.021,1.33314,1.3332,1.69,1.38
2013.11.07 07:17:37.561,1.33313,1.33319,1.00,1.38
2013.11.07 07:17:39.901,1.33315,1.33321,1.00,2.25
2013.11.07 07:17:40.141,1.33315,1.33321,1.19,1.88
2013.11.07 07:17:40.261,1.33318,1.33321,1.00,1.13
2013.11.07 07:17:41.091,1.33318,1.33323,1.00,1.50
2013.11.07 07:17:44.101,1.33318,1.33323,1.00,1.50
2013.11.07 07:17:44.221,1.33315,1.33322,1.00,1.38
2013.11.07 07:17:46.111,1.33315,1.33321,1.00,1.13
2013.11.07 07:17:46.171,1.33312,1.33318,1.13,1.75
2013.11.07 07:17:46.291,1.33308,1.33315,1.88,1.69
2013.11.07 07:17:46.351,1.33308,1.33315,1.88,1.69
2013.11.07 07:17:46.901,1.33308,1.33313,1.88,1.00
2013.11.07 07:17:47.781,1.33308,1.33314,1.38,1.38
2013.11.07 07:17:48.021,1.33315,1.33321,1.00,1.13
2013.11.07 07:17:48.081,1.33314,1.33322,1.00,3.00
2013.11.07 07:17:48.141,1.33314,1.33321,1.13,2.07
2013.11.07 07:17:48.321,1.33317,1.33321,1.00,1.50
2013.11.07 07:17:48.500,1.33317,1.33321,1.00,1.50
2013.11.07 07:17:50.461,1.33317,1.33321,1.00,1.50
2013.11.07 07:17:50.520,1.33315,1.33321,1.00,1.50
2013.11.07 07:17:50.821,1.33313,1.33319,1.00,1.38
2013.11.07 07:17:53.111,1.33311,1.33319,2.07,1.75
2013.11.07 07:17:53.231,1.33311,1.33319,1.69,1.50
2013.11.07 07:17:53.291,1.33314,1.3332,1.00,1.13
2013.11.07 07:17:57.831,1.33311,1.33319,2.25,1.50
2013.11.07 07:17:58.074,1.33311,1.33319,2.07,2.07
2013.11.07 07:17:58.431,1.33305,1.33317,1.50,1.32
2013.11.07 07:18:00.445,1.33307,1.33315,1.00,3.19
2013.11.07 07:18:01.792,1.33309,1.33315,1.00,1.75
2013.11.07 07:18:01.855,1.3331,1.33312,1.00,1.00
2013.11.07 07:18:02.815,1.3331,1.33316,1.00,1.50
2013.11.07 07:18:02.882,1.3331,1.33317,1.38,1.50
2013.11.07 07:18:02.942,1.3331,1.33317,1.38,2.63
2013.11.07 07:18:03.123,1.33309,1.33317,1.38,3.00
2013.11.07 07:18:05.202,1.33309,1.33317,1.88,1.38
2013.11.07 07:18:05.779,1.33312,1.33319,1.13,2.07
2013.11.07 07:18:09.091,1.33315,1.33319,1.00,1.25
2013.11.07 07:18:10.682,1.33315,1.3332,1.00,1.00
2013.11.07 07:18:13.091,1.33314,1.3332,1.00,1.50
2013.11.07 07:18:13.151,1.33314,1.3332,1.00,1.94
2013.11.07 07:18:21.800,1.33314,1.3332,1.38,1.38
2013.11.07 07:18:22.561,1.33316,1.33321,1.38,1.13
2013.11.07 07:18:22.800,1.33315,1.33321,1.13,1.38
2013.11.07 07:18:23.041,1.33319,1.33322,1.00,1.50
2013.11.07 07:18:23.622,1.33319,1.33322,1.00,1.50
2013.11.07 07:18:26.330,1.33318,1.33322,1.00,1.50
2013.11.07 07:18:27.043,1.33318,1.33322,1.00,1.50
2013.11.07 07:18:28.432,1.33316,1.33322,1.13,1.38
2013.11.07 07:18:29.047,1.33315,1.33321,1.38,1.38
2013.11.07 07:18:30.632,1.33315,1.33321,1.38,1.00
2013.11.07 07:18:31.641,1.33315,1.33321,1.88,1.00
2013.11.07 07:18:37.721,1.33319,1.33324,1.00,1.13
2013.11.07 07:18:37.782,1.33323,1.33326,1.00,1.50
2013.11.07 07:18:38.081,1.33324,1.33331,1.00,1.50
2013.11.07 07:18:38.501,1.3332,1.33325,1.63,1.00
2013.11.07 07:18:38.682,1.33317,1.33324,1.50,1.00
2013.11.07 07:18:38.742,1.33319,1.33324,1.00,1.00
2013.11.07 07:18:39.102,1.33322,1.33327,1.00,1.25
2013.11.07 07:18:39.651,1.3332,1.33327,1.50,1.69
2013.11.07 07:18:40.191,1.33322,1.33327,1.00,1.25
2013.11.07 07:18:40.576,1.33322,1.33329,1.32,1.00
2013.11.07 07:18:41.001,1.3332,1.33327,1.50,1.38
2013.11.07 07:18:41.361,1.33319,1.33327,1.13,1.75
2013.11.07 07:18:41.901,1.33319,1.33327,1.38,2.00
2013.11.07 07:18:42.296,1.33317,1.33324,1.00,1.38
2013.11.07 07:18:44.221,1.33317,1.33324,1.13,1.57
2013.11.07 07:18:44.673,1.33314,1.3332,1.38,1.00
2013.11.07 07:18:44.854,1.33314,1.3332,1.00,1.32
2013.11.07 07:18:47.545,1.33314,1.33319,1.00,1.00
2013.11.07 07:18:47.925,1.33316,1.33319,1.00,1.00
2013.11.07 07:18:50.813,1.33315,1.33317,1.00,1.32
2013.11.07 07:18:51.052,1.33312,1.33315,1.00,1.00
2013.11.07 07:18:51.172,1.33309,1.33315,1.50,1.00
2013.11.07 07:18:51.781,1.33309,1.33315,1.00,1.00
2013.11.07 07:18:52.211,1.33309,1.33313,1.00,1.32
2013.11.07 07:18:52.512,1.33307,1.33314,1.38,1.63
2013.11.07 07:18:53.061,1.33307,1.33314,1.00,1.38
2013.11.07 07:18:55.931,1.33304,1.33311,1.50,1.32
2013.11.07 07:18:56.231,1.33304,1.33311,1.00,1.13
2013.11.07 07:18:56.471,1.33299,1.33305,1.50,1.00
2013.11.07 07:18:58.291,1.33299,1.33307,1.13,1.57
2013.11.07 07:18:59.364,1.33299,1.33307,1.50,1.50
2013.11.07 07:19:00.467,1.33299,1.33307,1.50,1.50
2013.11.07 07:19:01.652,1.333,1.33307,2.63,1.50
2013.11.07 07:19:01.892,1.33316,1.3332,1.00,1.00
2013.11.07 07:19:02.012,1.33316,1.33322,1.38,1.13
2013.11.07 07:19:02.131,1.33316,1.33322,1.38,1.00
2013.11.07 07:19:02.684,1.33316,1.33323,1.38,1.00
2013.11.07 07:19:14.823,1.33319,1.33324,1.13,1.13
2013.11.07 07:19:15.182,1.33322,1.33325,1.00,1.13
2013.11.07 07:19:15.243,1.33322,1.33329,1.38,1.88
2013.11.07 07:19:15.601,1.33326,1.33329,1.00,1.13
2013.11.07 07:19:16.141,1.33323,1.3333,1.75,1.13
2013.11.07 07:19:16.675,1.33322,1.33329,1.13,1.38
2013.11.07 07:19:17.032,1.3332,1.33325,1.38,1.00
2013.11.07 07:19:17.271,1.33319,1.33325,1.13,1.32
2013.11.07 07:19:17.915,1.33319,1.33325,1.13,1.32
2013.11.07 07:19:18.248,1.33315,1.3332,1.88,1.00
2013.11.07 07:19:18.312,1.33315,1.3332,1.32,1.00
2013.11.07 07:19:18.831,1.33314,1.3332,3.57,1.00
2013.11.07 07:19:20.211,1.33314,1.3332,2.25,1.00
2013.11.07 07:19:20.642,1.33319,1.33325,1.00,1.38
2013.11.07 07:19:21.181,1.33319,1.33325,1.38,1.50
2013.11.07 07:19:21.911,1.33319,1.33323,1.38,1.13
2013.11.07 07:19:23.141,1.33319,1.33323,1.00,1.13
2013.11.07 07:19:23.202,1.33319,1.33321,1.00,1.13
2013.11.07 07:19:23.321,1.33316,1.33321,1.00,1.13
2013.11.07 07:19:23.801,1.33313,1.3332,2.07,1.00
2013.11.07 07:19:26.542,1.33313,1.3332,2.44,1.00
2013.11.07 07:19:30.832,1.33313,1.33319,1.32,1.00
2013.11.07 07:19:41.083,1.33312,1.33319,1.69,1.00
2013.11.07 07:19:47.433,1.33312,1.33319,2.07,1.13
2013.11.07 07:19:51.251,1.33315,1.3332,1.57,4.50
2013.11.07 07:19:58.471,1.33315,1.3332,1.57,1.38
2013.11.07 07:20:02.691,1.33315,1.3332,1.25,1.38
2013.11.07 07:20:03.316,1.33314,1.3332,1.00,1.38
2013.11.07 07:20:05.241,1.33313,1.33317,1.25,1.00
2013.11.07 07:20:05.441,1.33311,1.33317,2.44,1.00
2013.11.07 07:20:10.248,1.33313,1.33319,1.69,1.13
2013.11.07 07:20:11.031,1.33311,1.33318,1.94,1.00
2013.11.07 07:20:11.862,1.33312,1.33318,1.00,1.00
2013.11.07 07:20:12.902,1.33311,1.33317,1.50,1.00
2013.11.07 07:20:13.242,1.3331,1.33315,1.13,1.00
2013.11.07 07:20:17.384,1.33308,1.33313,1.13,1.00
2013.11.07 07:20:17.741,1.33308,1.33313,1.00,1.50
2013.11.07 07:20:24.441,1.33307,1.33313,2.07,1.38
2013.11.07 07:20:24.501,1.33307,1.33313,1.63,1.38
2013.11.07 07:20:24.741,1.33304,1.33309,1.13,1.13
2013.11.07 07:20:24.991,1.33303,1.33307,1.69,1.00
2013.11.07 07:20:28.683,1.33303,1.33309,1.69,1.88
2013.11.07 07:20:29.193,1.33305,1.33309,1.63,1.00
2013.11.07 07:20:31.272,1.33305,1.3331,1.69,1.13
2013.11.07 07:20:31.781,1.33307,1.3331,1.00,1.13
2013.11.07 07:20:33.711,1.33305,1.33308,1.00,1.00
2013.11.07 07:20:34.251,1.33303,1.33308,1.69,1.00
2013.11.07 07:20:34.901,1.33303,1.33308,1.88,1.00
2013.11.07 07:20:34.963,1.33303,1.3331,2.63,1.88
2013.11.07 07:20:40.721,1.33303,1.3331,2.63,1.88
2013.11.07 07:20:42.698,1.33303,1.33309,2.07,1.13
2013.11.07 07:20:50.723,1.33307,1.3331,1.63,1.13
2013.11.07 07:20:51.141,1.33307,1.33311,2.25,1.13
2013.11.07 07:20:51.712,1.33308,1.33312,1.25,1.13
2013.11.07 07:20:58.364,1.33308,1.33313,1.69,1.38
2013.11.07 07:20:59.621,1.33307,1.33313,1.38,1.38
2013.11.07 07:21:02.201,1.33307,1.33313,1.00,1.38
2013.11.07 07:21:08.292,1.33306,1.33311,1.69,1.00
2013.11.07 07:21:13.412,1.33306,1.33312,2.44,1.00
2013.11.07 07:21:14.552,1.33308,1.33315,1.00,1.75
2013.11.07 07:21:15.621,1.33311,1.33316,1.00,1.50
2013.11.07 07:21:15.923,1.33315,1.33319,1.00,1.00
2013.11.07 07:21:17.183,1.33315,1.3332,1.00,1.13
2013.11.07 07:21:17.701,1.33314,1.3332,1.00,1.13
2013.11.07 07:21:18.421,1.33315,1.3332,1.00,1.13
2013.11.07 07:21:19.356,1.33315,1.33319,1.00,1.00
2013.11.07 07:21:19.911,1.33314,1.33319,1.00,1.00
2013.11.07 07:21:24.231,1.33315,1.33319,1.00,1.13
2013.11.07 07:21:24.291,1.33311,1.33318,1.50,1.00
2013.11.07 07:21:24.411,1.33311,1.33317,1.00,1.13
2013.11.07 07:21:24.471,1.33311,1.33317,1.00,1.38
2013.11.07 07:21:25.011,1.33312,1.33317,1.00,3.42
2013.11.07 07:21:25.133,1.33312,1.33317,1.19,3.23
2013.11.07 07:21:25.192,1.33315,1.33317,1.00,1.13
2013.11.07 07:21:35.423,1.33313,1.33319,1.00,1.88
2013.11.07 07:21:37.427,1.33314,1.33319,1.88,1.38
2013.11.07 07:21:37.492,1.33314,1.33319,1.38,1.00
2013.11.07 07:21:37.552,1.33314,1.33319,1.38,1.38
2013.11.07 07:21:38.253,1.33313,1.33318,1.00,1.38
2013.11.07 07:21:40.034,1.33313,1.33318,1.19,1.38
2013.11.07 07:21:40.092,1.33316,1.33318,1.00,1.00
2013.11.07 07:21:40.451,1.33319,1.33324,1.00,1.00
2013.11.07 07:21:40.632,1.33325,1.3333,1.00,3.75
2013.11.07 07:21:40.692,1.33326,1.3333,1.00,4.13
2013.11.07 07:21:40.811,1.33326,1.3333,1.00,4.50
2013.11.07 07:21:40.991,1.33323,1.3333,1.38,5.44
2013.11.07 07:21:41.662,1.33323,1.3333,1.69,2.25
2013.11.07 07:21:42.462,1.33324,1.33329,1.57,1.00
2013.11.07 07:21:43.001,1.33324,1.33325,1.00,1.00
2013.11.07 07:21:43.372,1.33322,1.33325,1.13,1.00
2013.11.07 07:21:43.914,1.33321,1.33324,1.00,1.00
2013.11.07 07:21:45.051,1.33316,1.33321,1.88,1.13
2013.11.07 07:21:45.111,1.33317,1.33323,1.32,1.69
2013.11.07 07:21:45.171,1.33317,1.33323,1.19,1.69
2013.11.07 07:21:45.231,1.33315,1.33319,1.32,1.00
2013.11.07 07:21:45.291,1.33314,1.33319,1.38,1.38
2013.11.07 07:21:45.412,1.33312,1.33319,1.50,1.38
2013.11.07 07:21:46.752,1.33317,1.33319,1.19,1.32
2013.11.07 07:21:46.992,1.33317,1.33326,1.19,1.94
2013.11.07 07:21:47.053,1.33317,1.33326,1.69,1.69
2013.11.07 07:21:47.113,1.33318,1.33326,1.13,1.13
2013.11.07 07:21:47.471,1.33319,1.33326,1.25,1.88
2013.11.07 07:21:47.711,1.33317,1.33326,2.07,1.88
2013.11.07 07:21:47.831,1.33317,1.33326,2.07,1.88
2013.11.07 07:21:48.131,1.33317,1.33324,1.13,1.00
2013.11.07 07:21:48.251,1.33317,1.33321,1.50,1.00
2013.11.07 07:21:48.731,1.33317,1.33322,1.32,1.00
2013.11.07 07:21:48.851,1.33317,1.33325,2.07,1.00
2013.11.07 07:21:49.363,1.33317,1.33325,2.07,1.00
2013.11.07 07:21:52.201,1.3332,1.33326,1.38,1.88
2013.11.07 07:21:52.933,1.33324,1.33326,1.38,1.88
2013.11.07 07:21:53.054,1.33328,1.33331,1.00,1.00
2013.11.07 07:21:53.171,1.33328,1.33334,1.13,1.38
2013.11.07 07:21:53.291,1.33324,1.33333,1.69,1.13
2013.11.07 07:21:53.411,1.33324,1.33333,1.63,1.38
2013.11.07 07:21:53.591,1.33324,1.33332,1.25,1.38
2013.11.07 07:21:59.131,1.33323,1.33331,1.69,1.63
2013.11.07 07:21:59.491,1.33326,1.33334,1.38,1.88
2013.11.07 07:22:00.593,1.33327,1.33335,1.38,3.38
2013.11.07 07:22:00.955,1.33333,1.33338,1.00,2.63
2013.11.07 07:22:02.372,1.33333,1.33338,1.00,1.88
2013.11.07 07:22:03.913,1.33333,1.33338,1.00,1.88
2013.11.07 07:22:04.772,1.33335,1.33338,1.00,1.50
2013.11.07 07:22:04.832,1.33336,1.33343,1.00,1.13
2013.11.07 07:22:04.951,1.33336,1.33342,1.13,1.00
2013.11.07 07:22:07.661,1.33336,1.33345,2.25,1.69
2013.11.07 07:22:13.251,1.33336,1.33344,1.38,1.63
2013.11.07 07:22:15.661,1.33336,1.33344,2.25,1.63
2013.11.07 07:22:22.292,1.33335,1.33342,1.69,1.00
2013.11.07 07:22:27.431,1.33335,1.33341,1.69,1.00
2013.11.07 07:22:30.962,1.33333,1.33339,1.75,1.00
2013.11.07 07:22:31.322,1.33329,1.33334,1.88,1.00
2013.11.07 07:22:31.442,1.33328,1.33334,1.00,1.50
2013.11.07 07:22:42.431,1.33329,1.33334,1.00,1.00
2013.11.07 07:22:46.908,1.33329,1.33334,1.19,1.00
2013.11.07 07:22:47.562,1.33331,1.33334,1.00,1.00
2013.11.07 07:22:49.502,1.33333,1.33335,1.00,1.00
2013.11.07 07:22:49.681,1.33333,1.33336,1.00,1.00
2013.11.07 07:22:49.802,1.33335,1.33339,1.00,1.32
2013.11.07 07:22:50.101,1.33337,1.33339,1.00,1.13
2013.11.07 07:22:50.594,1.33337,1.33341,1.13,1.00
2013.11.07 07:22:51.651,1.33337,1.33344,1.32,1.57
2013.11.07 07:22:51.772,1.3334,1.33345,1.00,1.19
2013.11.07 07:22:53.161,1.3334,1.33344,1.00,1.00
2013.11.07 07:22:56.431,1.33337,1.33342,1.50,1.00
2013.11.07 07:22:58.382,1.33337,1.33343,1.00,1.19
2013.11.07 07:22:59.011,1.33337,1.33342,1.00,1.25
2013.11.07 07:22:59.621,1.33337,1.33343,1.00,1.00
2013.11.07 07:22:59.861,1.3334,1.33344,1.00,1.25
2013.11.07 07:22:59.922,1.3334,1.33346,1.00,1.00
2013.11.07 07:23:02.331,1.3334,1.33346,1.19,1.00
2013.11.07 07:23:02.394,1.33343,1.33347,1.00,1.32
2013.11.07 07:23:02.751,1.3334,1.33346,1.88,1.00
2013.11.07 07:23:04.202,1.3334,1.33346,1.00,2.07
2013.11.07 07:23:04.262,1.33338,1.33344,1.00,1.25
2013.11.07 07:23:06.441,1.33338,1.33344,1.00,1.57
2013.11.07 07:23:06.801,1.3334,1.33344,1.00,1.32
2013.11.07 07:23:07.161,1.33344,1.3335,1.00,3.00
2013.11.07 07:23:07.221,1.33344,1.33346,1.00,1.25
2013.11.07 07:23:07.612,1.33344,1.3335,1.00,2.44
2013.11.07 07:23:07.852,1.33343,1.33348,1.00,1.63
2013.11.07 07:23:08.371,1.3334,1.33348,1.57,1.32
2013.11.07 07:23:11.333,1.33341,1.33348,1.63,2.07
2013.11.07 07:23:12.273,1.3334,1.33346,1.00,1.94
2013.11.07 07:23:12.451,1.33337,1.33343,1.38,1.32
2013.11.07 07:23:12.692,1.33337,1.33343,1.38,1.57
2013.11.07 07:23:26.687,1.33336,1.33343,1.38,1.38
2013.11.07 07:24:04.576,1.33333,1.33342,2.25,1.38
2013.11.07 07:24:04.872,1.33332,1.33339,1.88,1.50
2013.11.07 07:24:05.513,1.33332,1.3334,2.63,1.88
2013.11.07 07:24:05.586,1.33332,1.33338,3.00,1.25
2013.11.07 07:24:08.652,1.33331,1.33338,1.13,1.50
2013.11.07 07:24:08.712,1.33331,1.33338,1.13,1.75
2013.11.07 07:24:09.132,1.33328,1.33335,1.13,1.50
2013.11.07 07:24:09.252,1.33327,1.33335,2.07,1.94
2013.11.07 07:24:11.292,1.33327,1.33335,1.50,2.07
2013.11.07 07:24:14.121,1.33327,1.33334,1.50,1.25
2013.11.07 07:24:21.311,1.33327,1.33335,1.69,2.44
2013.11.07 07:24:21.851,1.33328,1.33335,1.32,1.88
2013.11.07 07:24:23.142,1.33329,1.33335,1.00,1.88
2013.11.07 07:24:24.647,1.33327,1.33335,1.38,1.88
2013.11.07 07:24:25.002,1.33327,1.33332,1.38,1.13
2013.11.07 07:24:25.062,1.33327,1.33333,1.00,1.13
2013.11.07 07:24:25.122,1.33327,1.33333,1.00,1.50
2013.11.07 07:24:25.423,1.33322,1.33326,1.50,1.38
2013.11.07 07:24:25.542,1.33318,1.33326,1.00,1.75
2013.11.07 07:24:25.722,1.33316,1.33321,1.00,1.00
2013.11.07 07:24:26.022,1.3331,1.33317,1.38,1.00
2013.11.07 07:24:26.082,1.33308,1.33317,1.38,1.38
2013.11.07 07:24:26.202,1.33308,1.33313,1.13,1.00
2013.11.07 07:24:26.321,1.33308,1.3331,1.00,1.50
2013.11.07 07:24:26.872,1.33305,1.3331,1.50,1.00
2013.11.07 07:24:27.411,1.33305,1.3331,1.00,2.25
2013.11.07 07:24:27.472,1.33302,1.33307,1.57,1.00
2013.11.07 07:24:27.711,1.33304,1.33308,1.13,1.00
2013.11.07 07:24:27.982,1.33304,1.3331,1.13,2.25
2013.11.07 07:24:28.661,1.33304,1.33309,1.00,1.13
2013.11.07 07:24:29.192,1.33304,1.33307,1.00,1.25
2013.11.07 07:24:29.251,1.33301,1.33307,1.00,1.25
2013.11.07 07:24:29.432,1.33298,1.33306,1.00,2.44
2013.11.07 07:24:29.493,1.33297,1.33306,1.00,2.44
2013.11.07 07:24:29.552,1.33304,1.3331,1.00,3.94
2013.11.07 07:24:29.731,1.33301,1.33307,1.13,2.44
2013.11.07 07:24:29.852,1.33301,1.33307,1.32,2.44
2013.11.07 07:24:30.222,1.33301,1.33307,1.00,2.82
2013.11.07 07:24:30.523,1.33303,1.33307,1.00,2.25
2013.11.07 07:24:30.641,1.33304,1.33308,1.00,1.50
2013.11.07 07:24:30.761,1.33301,1.33308,1.50,1.50
2013.11.07 07:24:31.262,1.33304,1.33308,1.00,1.88
2013.11.07 07:24:33.162,1.33304,1.33309,1.00,1.88
2013.11.07 07:24:38.013,1.33304,1.33309,1.38,1.88
2013.11.07 07:24:39.151,1.33304,1.33309,1.13,1.88
2013.11.07 07:24:39.392,1.33299,1.33306,1.25,1.00
2013.11.07 07:24:39.452,1.33297,1.33306,1.88,2.07
2013.11.07 07:24:39.694,1.33301,1.33307,1.00,1.69
2013.11.07 07:24:39.871,1.33301,1.33305,1.00,1.50
2013.11.07 07:24:40.231,1.333,1.33305,1.13,1.50
2013.11.07 07:24:43.532,1.33297,1.33305,2.07,2.07
2013.11.07 07:24:47.971,1.33297,1.33303,1.19,1.00
2013.11.07 07:24:48.152,1.33297,1.33305,1.57,1.88
2013.11.07 07:24:51.239,1.333,1.33307,1.50,1.88
2013.11.07 07:24:53.282,1.33301,1.33307,1.13,1.88
2013.11.07 07:24:57.753,1.33302,1.33307,1.00,1.50
2013.11.07 07:24:58.112,1.33305,1.3331,1.00,1.88
2013.11.07 07:25:07.711,1.33305,1.33309,1.00,1.50
2013.11.07 07:25:07.954,1.33306,1.3331,1.13,1.50
2013.11.07 07:25:08.612,1.33306,1.3331,1.38,1.13
2013.11.07 07:25:08.913,1.33308,1.33312,1.25,1.13
2013.11.07 07:25:09.092,1.33308,1.33313,1.57,1.13
2013.11.07 07:25:09.211,1.33312,1.33316,1.13,1.88
2013.11.07 07:25:16.262,1.33312,1.3332,1.32,1.75
2013.11.07 07:25:16.683,1.33315,1.33321,1.00,2.25
2013.11.07 07:25:27.272,1.33313,1.33321,1.00,4.88
2013.11.07 07:25:27.602,1.33315,1.3332,1.00,2.63
2013.11.07 07:25:28.363,1.3331,1.33316,1.50,1.00
2013.11.07 07:25:28.483,1.33315,1.33316,1.00,1.00
2013.11.07 07:25:28.604,1.33312,1.3332,1.00,3.75
2013.11.07 07:25:28.902,1.3331,1.33316,1.50,1.00
2013.11.07 07:25:31.413,1.3331,1.33315,1.00,1.00
2013.11.07 07:25:34.032,1.3331,1.33314,1.00,1.00
2013.11.07 07:25:34.094,1.33307,1.33314,1.00,1.38
2013.11.07 07:25:34.212,1.33306,1.33314,1.13,2.25
2013.11.07 07:25:34.872,1.33306,1.33312,1.13,1.00
2013.11.07 07:25:35.232,1.33313,1.33317,1.25,1.00
2013.11.07 07:25:35.291,1.33313,1.33319,1.25,2.25
2013.11.07 07:25:40.153,1.33316,1.33319,1.00,1.50
2013.11.07 07:25:40.332,1.33313,1.33319,1.00,1.50
2013.11.07 07:25:40.451,1.33313,1.33319,1.00,1.50
2013.11.07 07:25:40.873,1.33316,1.33318,1.00,1.50
2013.11.07 07:25:45.432,1.33317,1.33319,1.00,1.50
2013.11.07 07:25:48.512,1.33316,1.33319,1.00,1.50
2013.11.07 07:25:49.262,1.33315,1.3332,1.00,2.25
2013.11.07 07:25:49.802,1.33317,1.3332,1.00,1.88
2013.11.07 07:25:49.922,1.33317,1.33322,1.00,1.00
2013.11.07 07:25:50.103,1.3332,1.33323,1.00,1.00
2013.11.07 07:25:50.643,1.33319,1.33324,1.00,1.00
2013.11.07 07:25:51.643,1.33319,1.33325,1.00,1.38
2013.11.07 07:25:52.182,1.33318,1.33325,1.00,3.94
2013.11.07 07:26:02.383,1.33321,1.33322,1.00,1.32
2013.11.07 07:26:04.052,1.33321,1.33323,1.00,1.32
2013.11.07 07:26:05.202,1.33319,1.33323,1.00,2.44
2013.11.07 07:26:06.031,1.33319,1.33322,1.00,1.32
2013.11.07 07:26:13.777,1.33319,1.33323,1.00,1.32
2013.11.07 07:26:14.301,1.33318,1.33323,1.00,1.32
2013.11.07 07:26:21.963,1.33321,1.33323,1.00,1.32
2013.11.07 07:26:22.321,1.33324,1.33327,1.00,1.13
2013.11.07 07:26:23.872,1.33326,1.33328,1.00,1.13
2013.11.07 07:26:25.762,1.33323,1.33328,1.00,1.50
2013.11.07 07:26:26.362,1.33321,1.33326,1.00,2.25
2013.11.07 07:26:26.662,1.33321,1.33326,1.19,1.25
2013.11.07 07:26:27.022,1.33325,1.33326,1.00,1.00
2013.11.07 07:26:27.762,1.33325,1.3333,1.00,3.00
2013.11.07 07:26:28.272,1.33325,1.3333,1.00,3.00
2013.11.07 07:26:30.772,1.33319,1.33327,3.00,1.32
2013.11.07 07:26:30.952,1.33319,1.33326,1.13,1.38
2013.11.07 07:26:32.342,1.33316,1.33324,2.07,1.13
2013.11.07 07:26:32.864,1.33316,1.33324,1.00,2.82
2013.11.07 07:26:34.492,1.33316,1.3332,1.00,1.50
2013.11.07 07:26:35.032,1.33316,1.3332,1.00,2.07
2013.11.07 07:26:37.422,1.33316,1.3332,1.00,2.44
2013.11.07 07:26:38.017,1.33317,1.33319,1.00,1.32
2013.11.07 07:26:46.531,1.33316,1.3332,1.00,2.44
2013.11.07 07:26:47.442,1.33314,1.3332,1.00,2.07
2013.11.07 07:26:52.412,1.33315,1.33317,1.00,1.25
2013.11.07 07:26:52.473,1.33316,1.33322,1.50,1.13
2013.11.07 07:26:52.593,1.33319,1.33325,1.25,3.19
2013.11.07 07:26:52.772,1.33319,1.33325,1.25,3.94
2013.11.07 07:26:57.525,1.33319,1.33324,1.25,1.32
2013.11.07 07:27:02.235,1.33322,1.33324,1.00,1.32
2013.11.07 07:27:13.722,1.33323,1.33325,1.00,1.00
2013.11.07 07:27:16.182,1.33323,1.33326,1.00,1.00
2013.11.07 07:27:17.007,1.33324,1.33326,1.00,1.00
2013.11.07 07:27:18.882,1.33324,1.33328,1.00,2.25
2013.11.07 07:27:25.142,1.33324,1.3333,1.00,2.25
2013.11.07 07:27:25.264,1.33324,1.33329,1.00,2.07
2013.11.07 07:27:25.771,1.33324,1.33329,1.00,2.44
2013.11.07 07:27:28.992,1.33323,1.3333,1.00,3.19
2013.11.07 07:27:32.088,1.33323,1.33325,1.00,1.25
2013.11.07 07:27:37.532,1.3332,1.33325,1.00,1.32
2013.11.07 07:27:37.592,1.33317,1.33325,1.13,1.69
2013.11.07 07:27:37.712,1.3332,1.33325,1.00,3.04
2013.11.07 07:27:38.072,1.33322,1.33325,1.00,1.73
2013.11.07 07:27:43.912,1.33324,1.33327,1.00,1.50
2013.11.07 07:27:54.924,1.33325,1.33329,1.50,2.25
2013.11.07 07:27:55.247,1.33331,1.33335,2.50,2.63
2013.11.07 07:27:55.324,1.33335,1.3334,1.88,1.69
2013.11.07 07:27:55.683,1.33339,1.33344,1.00,1.94
2013.11.07 07:27:56.222,1.33335,1.33345,3.38,3.38
2013.11.07 07:28:00.512,1.3334,1.33343,1.00,1.69
2013.11.07 07:28:00.633,1.3334,1.33343,1.00,1.69
2013.11.07 07:28:00.692,1.33342,1.33345,1.00,1.00
2013.11.07 07:28:01.052,1.3334,1.33347,1.50,1.50
2013.11.07 07:28:01.172,1.3334,1.33347,1.88,1.50
2013.11.07 07:28:01.832,1.3334,1.33347,1.00,1.50
2013.11.07 07:28:01.952,1.3334,1.33347,1.25,2.10
2013.11.07 07:28:02.621,1.33343,1.33347,1.00,1.13
2013.11.07 07:28:06.272,1.33344,1.33348,1.00,1.13
2013.11.07 07:28:06.392,1.33342,1.33348,1.19,1.50
2013.11.07 07:28:06.632,1.33341,1.33348,1.38,1.50
2013.11.07 07:28:06.693,1.33344,1.33348,1.00,1.13
2013.11.07 07:28:14.132,1.33339,1.33347,1.38,1.50
2013.11.07 07:28:14.689,1.33342,1.33347,1.00,1.13
2013.11.07 07:28:20.092,1.33339,1.33347,1.25,3.04
2013.11.07 07:28:24.152,1.3334,1.33348,1.32,2.25
2013.11.07 07:28:24.211,1.33341,1.33348,1.00,1.88
2013.11.07 07:28:24.572,1.33343,1.33347,1.00,2.44
2013.11.07 07:28:32.512,1.33341,1.33346,1.38,1.63
2013.11.07 07:28:32.632,1.33336,1.33344,1.00,2.48
2013.11.07 07:28:32.692,1.33336,1.33341,1.38,1.13
2013.11.07 07:28:32.752,1.33336,1.33341,1.38,1.50
2013.11.07 07:28:33.592,1.33334,1.3334,1.13,1.50
2013.11.07 07:28:54.082,1.33331,1.33339,1.00,1.57
2013.11.07 07:28:54.143,1.33331,1.33339,1.00,1.57
2013.11.07 07:28:54.203,1.33331,1.33339,1.00,1.57
2013.11.07 07:28:54.263,1.33331,1.33339,1.00,1.57
2013.11.07 07:28:54.632,1.33329,1.33336,1.13,1.88
2013.11.07 07:28:54.752,1.33331,1.33336,1.00,2.82
2013.11.07 07:28:54.812,1.33329,1.33336,1.00,2.63
2013.11.07 07:28:55.382,1.33329,1.33336,1.00,1.50
2013.11.07 07:28:55.442,1.33331,1.33336,1.00,1.50
2013.11.07 07:28:55.753,1.33334,1.33338,1.00,1.38
2013.11.07 07:29:16.613,1.33329,1.3334,1.00,1.35
2013.11.07 07:29:16.854,1.33323,1.33331,2.44,1.38
2013.11.07 07:29:17.486,1.3332,1.3333,1.88,2.44
2013.11.07 07:29:17.612,1.33325,1.33331,1.00,1.00
2013.11.07 07:29:17.913,1.33327,1.33332,1.00,1.38
2013.11.07 07:29:20.080,1.33329,1.33332,1.00,1.38
2013.11.07 07:29:20.516,1.3333,1.33335,1.00,2.63
2013.11.07 07:29:20.733,1.33329,1.33332,1.00,1.38
2013.11.07 07:29:24.713,1.33331,1.33334,1.00,1.00
2013.11.07 07:29:24.774,1.33331,1.33334,1.00,1.13
2013.11.07 07:29:24.834,1.33332,1.3334,1.00,1.13
2013.11.07 07:29:24.892,1.33334,1.33337,1.38,1.00
2013.11.07 07:29:25.073,1.33337,1.33339,1.38,1.13
2013.11.07 07:29:25.433,1.33337,1.33348,1.38,2.25
2013.11.07 07:29:25.972,1.33337,1.33341,1.38,1.00
2013.11.07 07:29:27.283,1.33336,1.33342,1.50,1.32
2013.11.07 07:29:27.691,1.33337,1.33344,1.38,1.32
2013.11.07 07:29:37.522,1.33337,1.33344,1.00,1.00
2013.11.07 07:29:37.582,1.33336,1.33342,1.50,1.00
2013.11.07 07:29:38.086,1.33336,1.33342,1.38,1.00
2013.11.07 07:29:38.823,1.33336,1.33344,1.38,1.32
2013.11.07 07:29:46.063,1.33339,1.33344,1.00,1.32
2013.11.07 07:29:48.603,1.33339,1.33347,1.00,1.32
2013.11.07 07:29:52.630,1.33339,1.33345,1.00,1.25
2013.11.07 07:29:56.292,1.33339,1.33346,1.00,1.32
2013.11.07 07:29:58.476,1.3334,1.33346,1.00,1.00
2013.11.07 07:30:00.682,1.33337,1.33346,1.63,1.50
2013.11.07 07:30:00.864,1.33337,1.33346,2.25,1.50
2013.11.07 07:30:01.223,1.33347,1.33349,1.00,2.07
2013.11.07 07:30:01.342,1.33347,1.3335,1.00,1.13
2013.11.07 07:30:01.462,1.33347,1.33355,1.32,1.88
2013.11.07 07:30:02.003,1.33346,1.33354,1.25,1.00
2013.11.07 07:30:02.587,1.33344,1.33354,1.94,1.00
2013.11.07 07:30:03.703,1.33349,1.33355,1.00,1.88
2013.11.07 07:30:04.012,1.33352,1.33355,1.00,1.50
2013.11.07 07:30:04.372,1.33354,1.3336,1.13,1.13
2013.11.07 07:30:06.472,1.33353,1.33357,1.50,1.50
2013.11.07 07:30:06.545,1.33353,1.3336,1.50,1.13
2013.11.07 07:30:07.062,1.33357,1.3336,1.00,1.13
2013.11.07 07:30:10.070,1.33356,1.3336,1.13,1.13
2013.11.07 07:30:13.084,1.33356,1.33359,1.00,1.32
2013.11.07 07:30:13.294,1.33356,1.33361,1.00,1.00
2013.11.07 07:30:13.412,1.33356,1.33365,1.00,3.94
2013.11.07 07:30:13.612,1.33356,1.33361,1.00,1.00
2013.11.07 07:30:13.673,1.33356,1.33363,1.13,1.00
2013.11.07 07:30:19.392,1.33356,1.33363,1.38,1.00
2013.11.07 07:30:19.912,1.33356,1.33364,2.25,1.25
2013.11.07 07:30:20.452,1.33357,1.33365,1.50,1.13
2013.11.07 07:30:21.242,1.33358,1.33367,1.32,1.69
2013.11.07 07:30:21.482,1.33361,1.3337,1.00,2.82
2013.11.07 07:30:22.021,1.33361,1.33367,1.00,1.32
2013.11.07 07:30:22.322,1.33358,1.33367,1.13,2.44
2013.11.07 07:30:22.382,1.33357,1.33365,3.00,1.13
2013.11.07 07:30:27.780,1.33359,1.33367,1.00,1.00
2013.11.07 07:30:28.592,1.3336,1.33367,1.13,1.00
2013.11.07 07:30:36.072,1.33361,1.33368,1.13,1.63
2013.11.07 07:30:36.132,1.33361,1.33368,1.13,1.57
2013.11.07 07:30:36.789,1.33361,1.33368,1.13,1.57
2013.11.07 07:30:40.132,1.33361,1.33368,1.13,1.63
2013.11.07 07:30:44.503,1.33361,1.33368,1.13,2.00
2013.11.07 07:30:44.624,1.33358,1.33364,2.07,1.00
2013.11.07 07:30:44.862,1.33357,1.33364,1.00,1.63
2013.11.07 07:30:45.163,1.33353,1.33358,1.00,1.13
2013.11.07 07:30:46.394,1.33353,1.33358,1.00,1.63
2013.11.07 07:30:47.073,1.33355,1.33356,1.00,1.00
2013.11.07 07:30:47.193,1.33355,1.33361,1.00,1.88
2013.11.07 07:30:47.313,1.33357,1.33362,1.00,1.50
2013.11.07 07:30:47.929,1.33357,1.33363,1.00,1.32
2013.11.07 07:30:48.202,1.33356,1.33363,2.07,1.13
2013.11.07 07:30:48.383,1.33363,1.33372,2.44,3.00
2013.11.07 07:30:48.442,1.33369,1.33372,1.00,3.00
2013.11.07 07:30:48.993,1.3337,1.33376,1.00,1.88
2013.11.07 07:30:49.052,1.3337,1.33376,1.00,1.88
2013.11.07 07:30:49.592,1.33369,1.33376,1.25,2.63
2013.11.07 07:30:49.772,1.33368,1.33376,1.13,3.00
2013.11.07 07:30:50.423,1.33361,1.33371,1.13,1.00
2013.11.07 07:30:50.962,1.33365,1.33371,1.00,1.00
2013.11.07 07:30:51.082,1.33363,1.33371,1.13,1.13
2013.11.07 07:30:51.263,1.33363,1.33367,1.00,1.13
2013.11.07 07:30:51.622,1.33356,1.33364,1.50,1.25
2013.11.07 07:30:51.983,1.33356,1.33364,1.00,1.25
2013.11.07 07:30:52.342,1.33358,1.33365,1.00,1.50
2013.11.07 07:30:52.643,1.33365,1.33369,1.00,1.50
2013.11.07 07:30:53.132,1.33365,1.33371,1.13,1.13
2013.11.07 07:30:54.032,1.33365,1.33372,1.00,1.50
2013.11.07 07:30:55.273,1.33366,1.33372,1.00,1.13
2013.11.07 07:30:56.034,1.33366,1.33375,1.00,2.25
2013.11.07 07:30:58.962,1.33366,1.33375,1.00,2.25
2013.11.07 07:30:59.593,1.33366,1.33373,1.00,1.13
2013.11.07 07:30:59.654,1.33363,1.33372,1.38,1.75
2013.11.07 07:30:59.714,1.33362,1.3337,1.38,1.88
2013.11.07 07:30:59.834,1.33358,1.33367,1.00,1.38
2013.11.07 07:31:00.014,1.33356,1.33366,2.25,1.13
2013.11.07 07:31:00.075,1.33356,1.33366,1.00,1.13
2013.11.07 07:31:00.793,1.33353,1.33365,1.00,2.25
2013.11.07 07:31:01.033,1.33353,1.33357,1.00,1.38
2013.11.07 07:31:01.653,1.33351,1.33356,1.00,1.63
2013.11.07 07:31:04.692,1.33351,1.33353,1.00,1.00
2013.11.07 07:31:04.873,1.33347,1.33353,1.88,1.25
2013.11.07 07:31:04.933,1.33343,1.33352,2.44,1.00
2013.11.07 07:31:05.052,1.33343,1.33348,2.25,1.00
2013.11.07 07:31:05.116,1.33342,1.33348,2.25,1.13
2013.11.07 07:31:05.292,1.33341,1.33348,2.63,1.32
2013.11.07 07:31:05.532,1.33337,1.33348,2.55,1.57
2013.11.07 07:31:10.032,1.33339,1.33347,1.88,1.25
2013.11.07 07:31:14.112,1.33339,1.33347,1.88,1.19
2013.11.07 07:31:15.443,1.3334,1.33347,1.00,1.00
2013.11.07 07:31:15.622,1.3334,1.33349,1.00,2.07
2013.11.07 07:31:16.175,1.33341,1.33349,1.00,1.32
2013.11.07 07:31:19.552,1.3334,1.33349,1.50,2.63
2013.11.07 07:31:22.182,1.3334,1.33348,1.50,1.00
2013.11.07 07:31:31.642,1.33339,1.33347,1.50,1.00
2013.11.07 07:31:32.306,1.33341,1.33347,1.00,1.00
2013.11.07 07:31:32.426,1.33341,1.33351,1.88,3.00
2013.11.07 07:31:32.543,1.33343,1.33351,1.00,1.63
2013.11.07 07:31:32.902,1.33345,1.33352,1.00,1.00
2013.11.07 07:31:35.132,1.33345,1.33353,1.13,1.00
2013.11.07 07:31:38.242,1.33345,1.33354,2.07,1.32
2013.11.07 07:31:46.132,1.33345,1.33354,2.07,1.63
2013.11.07 07:31:47.053,1.33345,1.33354,2.07,1.38
2013.11.07 07:31:47.415,1.33352,1.33358,1.00,1.00
2013.11.07 07:31:47.773,1.33352,1.33361,2.25,2.25
2013.11.07 07:31:50.162,1.33352,1.33361,1.38,2.25
2013.11.07 07:31:50.222,1.33352,1.33361,1.13,2.63
2013.11.07 07:31:50.742,1.33351,1.33359,1.13,1.63
2013.11.07 07:31:51.293,1.3335,1.33358,1.88,1.88
2013.11.07 07:31:51.912,1.3335,1.33357,1.00,1.25
2013.11.07 07:31:52.762,1.3335,1.33359,1.00,3.00
2013.11.07 07:31:52.943,1.3335,1.33359,1.57,1.69
2013.11.07 07:31:53.599,1.33352,1.33357,1.13,1.25
2013.11.07 07:31:54.732,1.33352,1.33357,1.63,1.25
2013.11.07 07:31:55.732,1.33352,1.33358,2.07,1.32
2013.11.07 07:31:56.283,1.33353,1.33359,1.38,1.25
2013.11.07 07:32:05.342,1.33354,1.33361,1.57,1.69
2013.11.07 07:32:05.523,1.33354,1.33361,1.69,1.69
2013.11.07 07:32:06.903,1.33357,1.3336,1.25,1.25
2013.11.07 07:32:09.032,1.33357,1.33364,1.25,1.69
2013.11.07 07:32:14.672,1.33357,1.3336,1.25,1.25
2013.11.07 07:32:22.453,1.33357,1.33361,1.00,1.32
2013.11.07 07:32:22.765,1.3336,1.33361,1.00,1.32
2013.11.07 07:32:24.182,1.33355,1.33361,1.38,1.50
2013.11.07 07:32:24.242,1.33355,1.33361,1.38,1.50
2013.11.07 07:32:24.302,1.33355,1.3336,1.00,1.50
2013.11.07 07:32:24.362,1.33352,1.33359,1.38,1.19
2013.11.07 07:32:24.482,1.33352,1.33355,1.38,1.00
2013.11.07 07:32:24.842,1.33351,1.33356,1.00,1.57
2013.11.07 07:32:33.624,1.3335,1.33355,1.88,1.69
2013.11.07 07:32:35.003,1.33349,1.33355,1.88,1.75
2013.11.07 07:32:36.182,1.33349,1.33354,1.50,1.50
2013.11.07 07:32:36.722,1.33348,1.33352,1.00,2.07
2013.11.07 07:32:36.868,1.33345,1.33352,1.63,2.07
2013.11.07 07:32:37.412,1.33345,1.33351,1.63,1.13
2013.11.07 07:32:37.962,1.33345,1.33351,1.63,1.13
2013.11.07 07:32:38.734,1.33345,1.33354,1.63,1.57
2013.11.07 07:32:39.612,1.33345,1.33351,1.63,1.13
2013.11.07 07:32:42.749,1.33347,1.33352,1.32,1.88
2013.11.07 07:32:45.132,1.33347,1.33352,1.32,1.88
2013.11.07 07:32:45.313,1.33346,1.33352,1.38,1.88
2013.11.07 07:32:45.613,1.33346,1.33349,1.00,1.00
2013.11.07 07:32:45.974,1.33346,1.33351,1.00,1.50
2013.11.07 07:32:46.512,1.33347,1.33355,1.00,4.69
2013.11.07 07:32:47.062,1.33345,1.33351,2.25,1.25
2013.11.07 07:32:47.492,1.3335,1.33352,1.00,1.13
2013.11.07 07:32:47.612,1.3335,1.33355,1.63,1.50
2013.11.07 07:32:47.733,1.33347,1.33354,1.88,1.69
2013.11.07 07:32:48.062,1.33347,1.33355,3.57,2.07
2013.11.07 07:32:50.862,1.33347,1.33355,2.00,1.69
2013.11.07 07:32:59.752,1.33349,1.33355,1.69,1.88
2013.11.07 07:33:01.162,1.33349,1.33355,1.32,2.25
2013.11.07 07:33:06.502,1.33348,1.33355,1.57,1.50
2013.11.07 07:33:06.922,1.33347,1.33354,2.63,1.25
2013.11.07 07:33:07.462,1.33346,1.33354,2.44,1.32
2013.11.07 07:33:08.163,1.33347,1.33354,1.57,1.13
2013.11.07 07:33:08.644,1.3335,1.33355,1.19,1.00
2013.11.07 07:33:08.953,1.33351,1.33355,1.69,1.00
2013.11.07 07:33:09.192,1.33352,1.33358,1.19,1.13
2013.11.07 07:33:13.293,1.33352,1.33359,2.44,1.50
2013.11.07 07:33:13.632,1.33355,1.33359,1.19,1.13
2013.11.07 07:33:18.179,1.33354,1.3336,1.94,1.38
2013.11.07 07:33:18.303,1.33354,1.3336,2.07,1.13
2013.11.07 07:33:19.194,1.33359,1.33364,1.13,1.50
2013.11.07 07:33:19.315,1.33363,1.33369,1.69,1.50
2013.11.07 07:33:19.375,1.33363,1.3337,1.69,5.25
2013.11.07 07:33:20.036,1.33364,1.33371,1.69,1.88
2013.11.07 07:33:23.507,1.33365,1.3337,1.32,1.13
2013.11.07 07:33:24.100,1.33365,1.3337,1.19,1.13
2013.11.07 07:33:24.983,1.33365,1.33374,1.19,1.13
2013.11.07 07:33:30.322,1.33365,1.3337,1.19,1.32
2013.11.07 07:33:33.642,1.33365,1.3338,1.19,3.19
2013.11.07 07:33:38.432,1.33366,1.33375,1.57,2.25
2013.11.07 07:33:38.676,1.33365,1.33369,1.63,1.00
2013.11.07 07:33:39.224,1.33365,1.33374,1.57,1.38
2013.11.07 07:33:43.514,1.33368,1.3337,1.19,1.00
2013.11.07 07:33:46.362,1.33368,1.3337,1.00,1.00
2013.11.07 07:33:46.482,1.33365,1.3337,1.13,1.88
2013.11.07 07:33:46.806,1.33363,1.3337,1.25,2.07
2013.11.07 07:33:46.876,1.33359,1.33368,2.07,1.94
2013.11.07 07:33:47.433,1.33359,1.33367,1.32,1.38
2013.11.07 07:33:52.003,1.33356,1.33365,1.69,2.44
2013.11.07 07:33:52.304,1.33356,1.33364,1.57,1.63
2013.11.07 07:33:52.604,1.3335,1.33358,1.32,1.88
2013.11.07 07:33:53.442,1.33349,1.33356,1.13,1.32
2013.11.07 07:33:53.974,1.33345,1.33354,2.44,1.00
2013.11.07 07:33:54.527,1.33347,1.33354,1.13,1.19
2013.11.07 07:33:56.823,1.33346,1.33354,1.88,1.19
2013.11.07 07:33:58.673,1.33346,1.33354,1.88,1.32
2013.11.07 07:34:01.487,1.33352,1.33354,1.00,1.19
2013.11.07 07:34:05.573,1.33352,1.33356,1.00,1.25
2013.11.07 07:34:06.422,1.33352,1.33359,1.69,1.88
2013.11.07 07:34:06.482,1.33352,1.33359,2.07,1.88
2013.11.07 07:34:06.544,1.33352,1.33359,2.07,1.13
2013.11.07 07:34:06.814,1.33352,1.33359,1.69,1.13
2013.11.07 07:34:09.652,1.33352,1.3336,1.69,2.07
2013.11.07 07:34:11.245,1.33351,1.33356,2.07,1.00
2013.11.07 07:34:11.364,1.33351,1.33358,2.07,1.32
2013.11.07 07:34:11.663,1.33352,1.33356,1.00,1.00
2013.11.07 07:34:15.353,1.33351,1.33357,1.38,1.69
2013.11.07 07:34:15.892,1.33351,1.33357,1.13,2.82
2013.11.07 07:34:18.053,1.3335,1.33357,1.50,1.50
2013.11.07 07:34:25.733,1.33348,1.33352,1.00,1.38
2013.11.07 07:34:25.793,1.33348,1.33352,1.00,1.38
2013.11.07 07:34:25.972,1.33345,1.3335,1.69,1.00
2013.11.07 07:34:27.022,1.33342,1.3335,1.32,1.25
2013.11.07 07:34:27.203,1.33341,1.33349,1.32,1.38
2013.11.07 07:34:27.849,1.33341,1.33349,1.32,1.38
2013.11.07 07:34:28.843,1.33345,1.33349,1.50,1.38
2013.11.07 07:34:28.962,1.33342,1.33349,2.82,1.00
2013.11.07 07:34:34.792,1.33342,1.33346,2.63,1.00
2013.11.07 07:34:35.153,1.33342,1.33345,1.69,1.00
2013.11.07 07:34:35.573,1.3334,1.33344,1.00,1.19
2013.11.07 07:34:36.053,1.3334,1.33342,1.50,1.25
2013.11.07 07:34:43.203,1.3334,1.33343,1.50,1.25
2013.11.07 07:34:46.552,1.33337,1.33342,3.00,1.00
2013.11.07 07:34:47.094,1.33336,1.33342,2.00,1.00
2013.11.07 07:34:47.212,1.33334,1.33342,1.32,1.00
2013.11.07 07:34:48.202,1.33334,1.33342,1.32,1.00
2013.11.07 07:34:49.223,1.33334,1.33341,1.19,2.07
2013.11.07 07:34:50.071,1.33334,1.33341,1.00,2.25
2013.11.07 07:34:50.582,1.33332,1.33341,3.57,1.50
2013.11.07 07:34:52.233,1.33334,1.33342,1.00,1.32
2013.11.07 07:34:54.723,1.33333,1.33342,1.13,2.25
2013.11.07 07:34:59.873,1.33333,1.33342,1.19,2.07
2013.11.07 07:35:00.233,1.33334,1.33342,1.32,2.25
2013.11.07 07:35:05.471,1.33334,1.33342,2.25,1.88
2013.11.07 07:35:05.592,1.33336,1.33342,1.19,1.13
2013.11.07 07:35:05.713,1.33337,1.33342,2.07,1.13
2013.11.07 07:35:05.893,1.33338,1.33346,1.19,1.13
2013.11.07 07:35:06.372,1.33338,1.33344,1.00,1.00
2013.11.07 07:35:12.025,1.3334,1.33344,1.50,1.00
2013.11.07 07:35:12.424,1.33342,1.33344,1.00,1.00
2013.11.07 07:35:12.964,1.33342,1.33346,1.00,1.57
2013.11.07 07:35:13.907,1.3334,1.33346,1.50,1.57
2013.11.07 07:35:14.393,1.3334,1.33345,1.19,1.13
2013.11.07 07:35:14.513,1.33341,1.33348,1.57,1.32
2013.11.07 07:35:14.635,1.33345,1.33348,1.69,1.00
2013.11.07 07:35:14.697,1.33347,1.33351,1.69,1.50
2013.11.07 07:35:15.053,1.33349,1.33359,2.07,1.00
2013.11.07 07:35:15.113,1.33351,1.33359,1.19,1.00
2013.11.07 07:35:15.233,1.33349,1.33359,2.10,1.38
2013.11.07 07:35:15.355,1.33351,1.33359,2.44,1.38
2013.11.07 07:35:16.017,1.33351,1.33359,2.44,1.32
2013.11.07 07:35:16.247,1.33351,1.33359,2.82,1.32
2013.11.07 07:35:16.605,1.33358,1.33368,1.57,1.58
2013.11.07 07:35:16.724,1.33361,1.33368,1.50,1.13
2013.11.07 07:35:19.643,1.33363,1.33368,1.19,1.38
2013.11.07 07:35:21.803,1.33362,1.33371,1.13,1.82
2013.11.07 07:35:22.387,1.33361,1.33369,1.25,1.63
2013.11.07 07:35:23.972,1.33361,1.33369,1.19,1.38
2013.11.07 07:35:24.704,1.33361,1.33369,1.19,1.38
2013.11.07 07:35:25.692,1.33361,1.33369,1.19,1.38
2013.11.07 07:35:29.433,1.33363,1.33369,1.00,1.38
2013.11.07 07:35:32.976,1.33361,1.33366,1.25,1.00
2013.11.07 07:35:33.093,1.33361,1.33366,1.25,1.38
2013.11.07 07:35:33.213,1.33358,1.33365,2.07,1.13
2013.11.07 07:35:33.692,1.33362,1.33369,1.19,1.38
2013.11.07 07:35:33.943,1.33362,1.33371,1.00,4.13
2013.11.07 07:35:34.455,1.33361,1.33369,1.25,1.92
2013.11.07 07:35:37.053,1.3336,1.33369,1.19,1.88
2013.11.07 07:35:40.722,1.3336,1.33369,1.00,2.44
2013.11.07 07:35:40.782,1.33359,1.33365,1.25,1.38
2013.11.07 07:35:41.142,1.33357,1.33365,1.50,1.57
2013.11.07 07:35:41.203,1.33357,1.33363,1.00,1.38
2013.11.07 07:35:43.463,1.33351,1.3336,1.69,1.13
2013.11.07 07:35:43.882,1.33351,1.3336,1.32,1.88
2013.11.07 07:35:44.978,1.33356,1.3336,1.32,1.13
2013.11.07 07:35:46.782,1.33357,1.33365,1.19,1.88
2013.11.07 07:35:48.054,1.33357,1.33365,1.32,1.50
2013.11.07 07:35:50.569,1.33357,1.33365,2.63,1.88
2013.11.07 07:35:50.693,1.33361,1.33367,1.69,1.13
2013.11.07 07:35:51.242,1.33361,1.33368,1.69,1.50
2013.11.07 07:35:52.433,1.33361,1.33368,1.69,1.73
2013.11.07 07:35:52.493,1.33361,1.33368,1.13,1.92
2013.11.07 07:35:52.553,1.33358,1.33365,1.00,1.25
2013.11.07 07:35:53.184,1.33356,1.33365,1.50,1.69
2013.11.07 07:35:55.922,1.33356,1.33364,1.50,1.00
2013.11.07 07:36:00.579,1.33356,1.33367,2.82,1.35
2013.11.07 07:36:00.762,1.33361,1.3337,1.69,2.25
2013.11.07 07:36:01.513,1.33361,1.33368,1.69,1.32
2013.11.07 07:36:05.743,1.33361,1.33368,1.57,1.32
2013.11.07 07:36:07.323,1.33362,1.33368,1.19,1.13
2013.11.07 07:36:07.682,1.33364,1.3337,2.29,2.25
2013.11.07 07:36:13.118,1.33364,1.33372,1.69,1.50
2013.11.07 07:36:18.643,1.33366,1.33373,1.32,1.63
2013.11.07 07:36:18.763,1.33366,1.3337,1.32,1.25
2013.11.07 07:36:20.398,1.33362,1.33369,1.57,1.88
2013.11.07 07:36:28.541,1.33364,1.33369,1.19,1.50
2013.11.07 07:36:30.543,1.33364,1.33369,1.57,2.25
2013.11.07 07:36:30.964,1.33366,1.33374,3.32,1.00
2013.11.07 07:36:31.085,1.33371,1.33375,2.32,3.00
2013.11.07 07:36:31.383,1.33373,1.3338,2.44,2.25
2013.11.07 07:36:31.443,1.33373,1.33376,1.69,3.00
2013.11.07 07:36:32.168,1.33372,1.33382,2.07,1.82
2013.11.07 07:36:35.703,1.33372,1.3338,1.57,1.32
2013.11.07 07:36:35.883,1.33375,1.3338,1.19,1.63
2013.11.07 07:36:36.434,1.33375,1.3338,1.19,1.38
2013.11.07 07:36:37.133,1.33372,1.33379,1.68,1.32
2013.11.07 07:36:37.193,1.3337,1.33379,3.04,1.57
2013.11.07 07:36:37.253,1.3337,1.33379,1.69,1.57
2013.11.07 07:36:39.963,1.33369,1.33378,2.07,1.63
2013.11.07 07:36:40.202,1.33372,1.33378,1.49,1.13
2013.11.07 07:36:40.753,1.33371,1.33379,3.04,1.00
2013.11.07 07:36:41.113,1.33373,1.3338,1.19,3.00
2013.11.07 07:36:42.463,1.33374,1.3338,1.69,1.00
2013.11.07 07:36:43.885,1.33374,1.3338,1.32,1.63
2013.11.07 07:36:47.735,1.33375,1.3338,1.00,1.63
2013.11.07 07:36:49.202,1.33372,1.3338,3.04,1.38
2013.11.07 07:36:49.604,1.33372,1.3338,2.85,2.44
2013.11.07 07:36:49.665,1.33372,1.3338,2.85,2.82
2013.11.07 07:36:49.784,1.33369,1.33378,2.44,1.57
2013.11.07 07:36:49.843,1.33369,1.33378,2.44,1.57
2013.11.07 07:36:50.083,1.33366,1.33374,2.07,2.07
2013.11.07 07:36:50.624,1.33364,1.33373,1.88,1.43
2013.11.07 07:36:52.384,1.33364,1.33373,2.25,1.50
2013.11.07 07:36:53.442,1.33364,1.33373,2.07,1.69
2013.11.07 07:36:53.964,1.33364,1.33373,1.50,2.07
2013.11.07 07:36:54.114,1.33361,1.33369,1.25,2.07
2013.11.07 07:36:54.623,1.33361,1.33369,1.25,2.44
2013.11.07 07:37:01.100,1.3336,1.33369,1.32,1.38
2013.11.07 07:37:04.464,1.33362,1.3337,1.32,1.00
2013.11.07 07:37:04.524,1.33362,1.3337,1.69,1.00
2013.11.07 07:37:04.884,1.33366,1.33374,1.44,1.38
2013.11.07 07:37:05.423,1.33366,1.33372,1.19,1.32
2013.11.07 07:37:07.982,1.33366,1.3337,1.19,1.00
2013.11.07 07:37:26.743,1.33364,1.3337,1.00,1.32
2013.11.07 07:37:26.804,1.33363,1.33366,1.13,1.00
2013.11.07 07:37:27.043,1.3336,1.33366,1.69,1.13
2013.11.07 07:37:34.474,1.3336,1.33368,1.00,2.07
2013.11.07 07:37:34.533,1.3336,1.33368,1.00,2.07
2013.11.07 07:37:34.723,1.3336,1.33368,1.19,1.88
2013.11.07 07:37:35.968,1.3336,1.33368,2.25,1.88
2013.11.07 07:37:36.203,1.33368,1.33373,1.00,1.38
2013.11.07 07:37:36.443,1.33366,1.33374,1.57,1.38
2013.11.07 07:37:36.743,1.33369,1.33374,1.19,1.50
2013.11.07 07:37:44.154,1.33368,1.33374,1.54,1.00
2013.11.07 07:37:56.264,1.33367,1.33374,2.67,1.00
2013.11.07 07:37:56.323,1.33367,1.33374,2.29,1.13
2013.11.07 07:37:58.113,1.33369,1.33375,1.00,1.63
2013.11.07 07:37:58.473,1.33365,1.3337,1.00,1.50
2013.11.07 07:37:58.833,1.33365,1.3337,1.00,2.07
2013.11.07 07:38:01.013,1.33362,1.33368,1.50,1.25
2013.11.07 07:38:03.909,1.33362,1.33368,2.07,1.00
2013.11.07 07:38:04.213,1.33368,1.33376,1.19,1.38
2013.11.07 07:38:04.273,1.33368,1.33376,1.57,1.00
2013.11.07 07:38:04.393,1.33368,1.33376,1.92,1.38
2013.11.07 07:38:04.454,1.33368,1.33376,2.29,1.00
2013.11.07 07:38:04.513,1.33368,1.33376,1.92,1.38
2013.11.07 07:38:05.082,1.33368,1.33376,1.79,1.38
2013.11.07 07:38:05.494,1.33372,1.33376,1.00,1.38
2013.11.07 07:38:05.554,1.33372,1.33379,1.69,1.00
2013.11.07 07:38:06.863,1.33373,1.33381,1.19,1.88
2013.11.07 07:38:06.984,1.33376,1.33381,1.19,1.13
2013.11.07 07:38:07.343,1.33378,1.33383,1.19,1.13
2013.11.07 07:38:07.523,1.33378,1.33383,1.25,1.13
2013.11.07 07:38:07.923,1.33377,1.33381,1.13,1.00
2013.11.07 07:38:08.283,1.33375,1.33379,1.00,1.00
2013.11.07 07:38:09.180,1.33373,1.33379,1.19,1.00
2013.11.07 07:38:10.783,1.33373,1.33379,1.00,1.25
2013.11.07 07:38:11.143,1.3337,1.33377,1.00,1.63
2013.11.07 07:38:12.124,1.3337,1.33375,1.00,1.00
2013.11.07 07:38:12.245,1.33367,1.33373,1.00,1.13
2013.11.07 07:38:17.364,1.33367,1.33371,1.00,1.00
2013.11.07 07:38:17.483,1.33365,1.33371,1.88,1.69
2013.11.07 07:38:17.603,1.33362,1.33368,1.38,1.44
2013.11.07 07:38:17.843,1.33359,1.33366,1.32,1.00
2013.11.07 07:38:18.763,1.33359,1.33366,1.69,1.00
2013.11.07 07:38:19.313,1.33359,1.33366,1.32,1.00
2013.11.07 07:38:20.294,1.33359,1.33366,1.13,1.19
2013.11.07 07:38:20.653,1.33357,1.33366,4.50,1.57
2013.11.07 07:38:26.413,1.33357,1.33366,2.44,1.38
2013.11.07 07:38:26.535,1.33363,1.33366,1.25,1.00
2013.11.07 07:38:27.354,1.33363,1.33368,1.54,1.00
2013.11.07 07:38:29.903,1.33364,1.33368,1.00,1.00
2013.11.07 07:38:32.746,1.33365,1.33368,1.00,1.00
2013.11.07 07:38:32.875,1.33367,1.33368,1.00,1.00
2013.11.07 07:38:33.053,1.33365,1.33373,1.00,1.94
2013.11.07 07:38:33.593,1.33365,1.3337,1.00,1.88
2013.11.07 07:38:34.873,1.33365,1.33371,1.00,1.88
2013.11.07 07:38:36.503,1.33364,1.3337,1.19,1.88
2013.11.07 07:38:38.693,1.33364,1.33367,1.19,1.00
2013.11.07 07:38:39.783,1.33364,1.33367,1.19,1.00
2013.11.07 07:38:40.663,1.33364,1.33369,1.19,1.13
2013.11.07 07:38:49.647,1.33361,1.33369,1.57,1.88
2013.11.07 07:38:49.884,1.33361,1.33369,1.25,2.44
2013.11.07 07:38:50.004,1.33361,1.33369,1.25,2.44
2013.11.07 07:38:50.615,1.33359,1.33367,1.69,1.88
2013.11.07 07:38:53.370,1.33359,1.33367,1.32,2.25
2013.11.07 07:38:54.593,1.33359,1.33367,1.69,2.25
2013.11.07 07:39:13.053,1.3336,1.33363,2.63,1.00
2013.11.07 07:39:13.413,1.33359,1.33364,1.25,1.50
2013.11.07 07:39:13.773,1.33355,1.33362,3.19,1.00
2013.11.07 07:39:14.135,1.33355,1.33362,1.00,2.07
2013.11.07 07:39:14.674,1.33352,1.33362,2.07,2.07
2013.11.07 07:39:15.943,1.33352,1.33362,3.19,1.13
2013.11.07 07:39:16.483,1.33352,1.33362,3.57,2.25
2013.11.07 07:39:17.285,1.33355,1.33362,2.44,1.50
2013.11.07 07:39:17.404,1.33359,1.33365,1.69,2.25
2013.11.07 07:39:17.464,1.33359,1.33367,1.69,2.25
2013.11.07 07:39:17.583,1.33362,1.33365,1.25,1.88
2013.11.07 07:39:18.013,1.33359,1.33369,1.69,2.63
2013.11.07 07:39:20.284,1.33359,1.33365,1.94,1.88
2013.11.07 07:39:20.465,1.33359,1.33365,1.69,2.63
2013.11.07 07:39:21.023,1.33355,1.33364,1.69,1.57
2013.11.07 07:39:21.553,1.33359,1.33364,1.13,1.57
2013.11.07 07:39:21.949,1.33354,1.33364,1.32,1.94
2013.11.07 07:39:22.484,1.3335,1.3336,3.19,2.07
2013.11.07 07:39:23.133,1.3335,1.3336,3.19,2.07
2013.11.07 07:39:23.373,1.33353,1.3336,1.44,1.00
2013.11.07 07:39:25.693,1.3335,1.3336,4.69,1.63
2013.11.07 07:39:25.933,1.3335,1.3336,3.19,1.63
2013.11.07 07:39:26.467,1.33352,1.3336,1.32,1.63
2013.11.07 07:39:27.743,1.33353,1.3336,1.25,1.63
2013.11.07 07:39:30.214,1.33352,1.3336,1.00,1.63
2013.11.07 07:39:30.638,1.33352,1.3336,1.69,1.50
2013.11.07 07:39:30.753,1.33355,1.33362,1.25,2.10
2013.11.07 07:39:31.274,1.33355,1.33363,2.25,1.69
2013.11.07 07:39:31.784,1.33355,1.33363,2.07,1.69
2013.11.07 07:39:32.203,1.33355,1.3336,1.50,1.02
2013.11.07 07:39:32.323,1.33352,1.33359,1.50,1.69
2013.11.07 07:39:32.503,1.33352,1.33359,2.82,1.13
2013.11.07 07:39:33.244,1.33353,1.3336,1.00,1.13
2013.11.07 07:39:34.044,1.33353,1.33359,1.00,1.00
2013.11.07 07:39:34.103,1.33352,1.33359,2.44,1.19
2013.11.07 07:39:34.476,1.3335,1.33359,2.25,2.44
2013.11.07 07:39:35.183,1.33351,1.33359,1.00,1.57
2013.11.07 07:39:36.032,1.3335,1.33359,1.69,1.57
2013.11.07 07:39:44.673,1.33351,1.33359,1.32,1.57
2013.11.07 07:39:44.733,1.33352,1.3336,3.00,1.50
2013.11.07 07:39:44.914,1.33355,1.33362,3.38,1.75
2013.11.07 07:39:44.973,1.33356,1.33362,1.44,1.38
2013.11.07 07:39:45.033,1.33356,1.33362,1.44,1.13
2013.11.07 07:39:45.093,1.33356,1.33365,1.25,3.57
2013.11.07 07:39:45.273,1.33356,1.33365,1.50,3.38
2013.11.07 07:39:49.385,1.33356,1.33364,1.00,1.57
2013.11.07 07:39:49.563,1.33352,1.3336,5.07,1.13
2013.11.07 07:39:54.513,1.33351,1.33355,1.88,1.00
2013.11.07 07:39:54.574,1.33351,1.33353,1.50,1.00
2013.11.07 07:39:55.113,1.3335,1.33353,1.00,1.63
2013.11.07 07:39:55.173,1.33347,1.33353,1.32,1.63
2013.11.07 07:39:59.518,1.33347,1.33355,1.19,1.69
2013.11.07 07:40:02.033,1.33347,1.33354,1.32,1.57
2013.11.07 07:40:07.300,1.33347,1.33355,2.44,1.69
2013.11.07 07:40:07.874,1.33347,1.33355,2.25,1.69
2013.11.07 07:40:09.013,1.3335,1.33355,1.00,1.69
2013.11.07 07:40:09.703,1.33351,1.33357,1.19,1.00
2013.11.07 07:40:09.763,1.33352,1.3336,1.19,2.25
2013.11.07 07:40:09.883,1.33352,1.33359,1.13,1.57
2013.11.07 07:40:10.003,1.33354,1.33359,1.00,1.57
2013.11.07 07:40:10.183,1.33354,1.33361,1.00,1.88
2013.11.07 07:40:10.693,1.33354,1.33361,1.38,2.25
2013.11.07 07:40:11.230,1.33356,1.33361,1.00,2.25
2013.11.07 07:40:13.663,1.33356,1.33361,1.00,2.07
2013.11.07 07:40:15.729,1.33356,1.33359,1.00,1.25
2013.11.07 07:40:15.963,1.33354,1.33359,1.00,1.25
2013.11.07 07:40:16.276,1.33354,1.33362,1.38,1.32
2013.11.07 07:40:21.373,1.33356,1.33362,1.00,2.07
2013.11.07 07:40:22.593,1.33356,1.33362,1.25,1.88
2013.11.07 07:40:23.143,1.33356,1.33362,1.63,1.00
2013.11.07 07:40:23.323,1.33359,1.33362,1.00,1.00
2013.11.07 07:40:26.314,1.33361,1.33363,1.00,1.00
2013.11.07 07:40:26.374,1.33361,1.33367,1.38,2.25
2013.11.07 07:40:28.213,1.33363,1.33367,1.00,1.00
2013.11.07 07:40:28.573,1.33363,1.33368,1.63,1.00
2013.11.07 07:40:29.304,1.33363,1.3337,1.63,1.00
2013.11.07 07:40:30.959,1.33363,1.33368,1.38,1.25
2013.11.07 07:40:31.085,1.33363,1.3337,1.63,1.00
2013.11.07 07:40:48.045,1.33363,1.33371,1.57,1.00
2013.11.07 07:40:50.464,1.33363,1.33372,2.44,1.13
2013.11.07 07:40:52.034,1.33362,1.33369,2.25,1.25
2013.11.07 07:40:52.213,1.3336,1.33367,2.07,1.00
2013.11.07 07:40:52.273,1.3336,1.33366,1.88,1.19
2013.11.07 07:40:52.333,1.33358,1.33366,1.88,1.50
2013.11.07 07:40:52.574,1.33361,1.33367,1.13,1.88
2013.11.07 07:40:52.694,1.33361,1.33367,2.44,1.13
2013.11.07 07:40:52.754,1.33361,1.3337,2.82,2.63
2013.11.07 07:40:52.934,1.33361,1.3337,3.19,2.07
2013.11.07 07:40:53.533,1.33363,1.3337,2.82,1.13
2013.11.07 07:40:54.093,1.33363,1.33371,1.57,1.00
2013.11.07 07:40:55.323,1.33363,1.33371,1.69,1.00
2013.11.07 07:40:55.913,1.33363,1.33373,2.44,1.69
2013.11.07 07:40:56.463,1.33363,1.33373,2.44,1.63
2013.11.07 07:40:56.764,1.33364,1.33373,2.24,1.63
2013.11.07 07:40:59.177,1.33364,1.33371,1.57,1.00
2013.11.07 07:41:04.239,1.33364,1.33371,2.10,1.19
2013.11.07 07:41:11.275,1.33364,1.33371,2.29,1.00
2013.11.07 07:41:11.693,1.33365,1.33372,2.07,1.13
2013.11.07 07:41:11.933,1.33367,1.33375,3.19,1.50
2013.11.07 07:41:12.233,1.33369,1.33377,1.63,2.07
2013.11.07 07:41:26.624,1.33371,1.33379,1.25,1.69
2013.11.07 07:41:27.173,1.33372,1.33379,1.00,2.07
2013.11.07 07:41:28.823,1.33372,1.33377,1.00,1.00
2013.11.07 07:41:35.249,1.33372,1.33378,1.13,1.00
2013.11.07 07:41:37.363,1.33375,1.33378,1.00,1.00
2013.11.07 07:41:37.484,1.33375,1.33381,6.00,1.19
2013.11.07 07:41:37.544,1.33375,1.33381,6.94,1.00
2013.11.07 07:41:37.844,1.3338,1.33389,1.57,1.00
2013.11.07 07:41:39.430,1.33383,1.3339,1.57,1.00
2013.11.07 07:41:41.304,1.33383,1.3339,2.44,1.00
2013.11.07 07:41:44.354,1.33385,1.3339,1.00,1.00
2013.11.07 07:41:45.425,1.33385,1.33391,1.00,1.25
2013.11.07 07:41:48.083,1.33385,1.33391,1.88,1.25
2013.11.07 07:41:48.845,1.33385,1.33391,1.50,1.63
2013.11.07 07:41:49.313,1.33385,1.33391,1.50,1.57
2013.11.07 07:41:49.816,1.33385,1.33388,1.50,1.63
2013.11.07 07:41:50.413,1.33381,1.33384,4.50,1.57
2013.11.07 07:41:50.491,1.33376,1.33383,1.00,1.63
2013.11.07 07:41:52.244,1.33374,1.33382,1.69,1.13
2013.11.07 07:41:57.403,1.33374,1.33381,1.19,1.00
2013.11.07 07:42:04.233,1.33373,1.33381,2.44,1.88
2013.11.07 07:42:12.705,1.33374,1.33381,1.69,1.00
2013.11.07 07:42:13.064,1.3338,1.33385,1.19,1.00
2013.11.07 07:42:13.384,1.3338,1.33385,1.19,1.00
2013.11.07 07:42:13.623,1.3338,1.33388,1.19,2.25
2013.11.07 07:42:19.783,1.3338,1.33388,2.25,2.07
2013.11.07 07:42:21.155,1.33379,1.33386,1.50,1.63
2013.11.07 07:42:32.284,1.33379,1.33382,1.13,1.00
2013.11.07 07:42:32.403,1.33376,1.33382,1.69,1.00
2013.11.07 07:42:35.893,1.33377,1.33382,1.19,1.00
2013.11.07 07:42:36.013,1.33376,1.33384,2.44,2.63
2013.11.07 07:42:36.133,1.33376,1.33384,1.69,1.88
2013.11.07 07:42:36.254,1.33376,1.33384,3.19,1.88
2013.11.07 07:42:39.333,1.33376,1.33384,2.82,1.88
2013.11.07 07:42:39.873,1.33377,1.33383,1.25,1.50
2013.11.07 07:42:43.254,1.33375,1.33383,2.25,1.19
2013.11.07 07:42:43.324,1.33375,1.33379,1.75,1.00
2013.11.07 07:42:43.443,1.33373,1.33379,2.07,1.00
2013.11.07 07:42:51.593,1.33371,1.33379,1.63,1.63
2013.11.07 07:42:51.894,1.3337,1.33375,1.88,1.32
2013.11.07 07:42:51.954,1.3337,1.33375,1.00,1.32
2013.11.07 07:42:52.375,1.33369,1.33375,1.00,1.57
2013.11.07 07:42:52.436,1.33365,1.33371,1.19,1.13
2013.11.07 07:42:52.555,1.33365,1.33371,1.00,1.57
2013.11.07 07:42:52.915,1.33362,1.33369,2.25,1.63
2013.11.07 07:42:53.033,1.33362,1.33369,1.00,1.63
2013.11.07 07:42:54.083,1.3336,1.33369,3.75,1.63
2013.11.07 07:42:54.643,1.3336,1.33369,3.57,1.38
2013.11.07 07:42:56.205,1.3336,1.33369,3.00,1.57
2013.11.07 07:42:56.323,1.3336,1.33369,1.50,2.82
2013.11.07 07:42:59.223,1.33358,1.33367,1.19,2.00
2013.11.07 07:43:03.763,1.33357,1.33366,1.69,2.25
2013.11.07 07:43:03.883,1.33361,1.33366,1.19,1.50
2013.11.07 07:43:04.674,1.33357,1.33366,2.07,1.13
2013.11.07 07:43:04.793,1.33357,1.33366,2.07,1.13
2013.11.07 07:43:05.863,1.33357,1.33366,2.82,1.13
2013.11.07 07:43:06.455,1.3336,1.33366,1.00,1.13
2013.11.07 07:43:06.993,1.33357,1.33365,2.07,1.88
2013.11.07 07:43:09.505,1.33358,1.33365,1.57,1.88
2013.11.07 07:43:11.235,1.33358,1.33365,1.19,1.00
2013.11.07 07:43:11.685,1.33358,1.33365,1.00,1.57
2013.11.07 07:43:11.804,1.33356,1.3336,1.50,1.25
2013.11.07 07:43:11.924,1.33352,1.3336,2.44,1.63
2013.11.07 07:43:12.445,1.33351,1.33359,1.57,1.00
2013.11.07 07:43:19.053,1.33353,1.3336,1.00,1.25
2013.11.07 07:43:19.798,1.33351,1.3336,2.07,1.25
2013.11.07 07:43:24.403,1.33355,1.33361,1.00,1.69
2013.11.07 07:43:24.763,1.33358,1.33365,1.19,3.75
2013.11.07 07:43:24.944,1.33358,1.33367,2.07,1.25
2013.11.07 07:43:27.533,1.33358,1.33367,2.07,1.25
2013.11.07 07:43:34.763,1.33358,1.33367,2.07,1.32
2013.11.07 07:43:35.373,1.33358,1.33366,2.07,1.00
2013.11.07 07:43:36.053,1.33358,1.33367,2.07,2.07
2013.11.07 07:43:40.593,1.33358,1.33367,2.07,1.63
2013.11.07 07:43:40.653,1.33359,1.33367,1.19,1.38
2013.11.07 07:43:40.953,1.33361,1.33369,2.07,1.00
2013.11.07 07:43:41.253,1.33361,1.33367,1.38,1.25
2013.11.07 07:43:41.765,1.33361,1.33367,1.00,1.25
2013.11.07 07:43:47.424,1.33361,1.33365,1.00,1.00
2013.11.07 07:43:54.997,1.33361,1.33367,1.00,1.25
2013.11.07 07:43:55.124,1.33358,1.33367,2.07,1.25
2013.11.07 07:43:57.883,1.33358,1.33362,2.07,1.00
2013.11.07 07:43:58.243,1.33358,1.33366,2.07,1.13
2013.11.07 07:43:58.774,1.3336,1.33367,2.07,1.88
2013.11.07 07:43:58.834,1.33362,1.33369,1.69,1.00
2013.11.07 07:43:58.894,1.33363,1.3337,1.19,5.63
2013.11.07 07:43:59.253,1.33362,1.33371,2.07,2.82
2013.11.07 07:44:00.693,1.33361,1.3337,1.32,2.82
2013.11.07 07:44:06.063,1.33361,1.3337,1.69,2.82
2013.11.07 07:44:10.686,1.33361,1.3337,1.32,2.82
2013.11.07 07:44:18.466,1.33361,1.3337,1.32,1.88
2013.11.07 07:44:19.005,1.33363,1.33369,1.00,1.57
2013.11.07 07:44:19.125,1.33359,1.33367,2.44,1.25
2013.11.07 07:44:19.676,1.33358,1.33367,2.07,1.25
2013.11.07 07:44:27.236,1.33358,1.33367,2.82,1.00
2013.11.07 07:44:27.930,1.3336,1.33368,1.57,1.00
2013.11.07 07:44:32.312,1.3336,1.33368,1.38,1.19
2013.11.07 07:44:32.814,1.3336,1.33368,1.00,1.32
2013.11.07 07:44:34.923,1.33363,1.33368,1.88,1.13
2013.11.07 07:44:35.225,1.33378,1.33385,1.00,2.25
2013.11.07 07:44:35.525,1.33381,1.33387,1.25,1.00
2013.11.07 07:44:35.585,1.33385,1.33387,1.00,1.00
2013.11.07 07:44:35.705,1.33385,1.33389,1.00,1.32
2013.11.07 07:44:35.884,1.33385,1.33387,1.00,1.00
2013.11.07 07:44:36.125,1.33379,1.33386,1.50,1.19
2013.11.07 07:44:37.024,1.33378,1.33386,1.38,1.19
2013.11.07 07:44:37.821,1.33379,1.33386,1.00,1.19
2013.11.07 07:44:37.964,1.33377,1.33381,1.88,1.57
2013.11.07 07:44:38.146,1.33376,1.33381,1.50,1.63
2013.11.07 07:44:38.385,1.33374,1.33381,1.50,2.44
2013.11.07 07:44:38.505,1.33372,1.33377,1.00,1.32
2013.11.07 07:44:38.754,1.33374,1.3338,1.00,1.38
2013.11.07 07:44:38.815,1.33374,1.33381,1.00,1.88
2013.11.07 07:44:39.415,1.33374,1.3338,1.13,1.57
2013.11.07 07:44:40.243,1.3337,1.3338,4.69,1.57
2013.11.07 07:44:40.840,1.33372,1.3338,1.00,1.69
2013.11.07 07:44:44.144,1.3337,1.33379,3.00,1.57
2013.11.07 07:44:44.264,1.3337,1.33377,3.00,1.19
2013.11.07 07:44:45.343,1.3337,1.33377,1.88,1.63
2013.11.07 07:44:45.884,1.33371,1.33378,1.00,1.57
2013.11.07 07:44:46.483,1.33371,1.33379,1.69,1.38
2013.11.07 07:44:46.548,1.33371,1.3338,1.57,1.63
2013.11.07 07:44:46.674,1.33372,1.3338,2.07,1.63
2013.11.07 07:44:46.853,1.33374,1.33382,1.32,1.50
2013.11.07 07:44:49.853,1.33375,1.33382,1.19,1.50
2013.11.07 07:44:54.472,1.33374,1.33383,4.32,1.75
2013.11.07 07:45:07.344,1.33374,1.33381,1.88,2.63
2013.11.07 07:45:07.525,1.33373,1.3338,1.25,1.32
2013.11.07 07:45:08.004,1.33371,1.3338,3.19,1.69
2013.11.07 07:45:11.853,1.33371,1.33379,1.69,1.63
2013.11.07 07:45:12.735,1.33374,1.33379,1.25,1.63
2013.11.07 07:45:13.383,1.33374,1.33379,1.25,1.25
2013.11.07 07:45:14.796,1.33374,1.33383,1.25,2.07
2013.11.07 07:45:20.603,1.33374,1.3338,1.25,1.00
2013.11.07 07:45:22.081,1.33374,1.3338,1.00,1.19
2013.11.07 07:45:22.204,1.33371,1.33379,1.38,1.19
2013.11.07 07:45:22.799,1.33371,1.33379,1.00,1.57
2013.11.07 07:45:26.310,1.33372,1.33379,1.00,1.57
2013.11.07 07:45:27.213,1.33372,1.33379,1.00,1.57
2013.11.07 07:45:36.493,1.33371,1.33379,1.00,1.57
2013.11.07 07:45:37.034,1.33371,1.33379,1.00,1.57
2013.11.07 07:45:40.393,1.33372,1.3338,1.00,2.44
2013.11.07 07:45:48.523,1.33372,1.3338,1.00,2.07
2013.11.07 07:45:49.112,1.33371,1.33379,1.25,1.63
2013.11.07 07:45:53.765,1.33371,1.33379,1.63,1.25
2013.11.07 07:45:57.777,1.33373,1.33381,1.63,1.17
2013.11.07 07:46:06.493,1.33373,1.33381,1.25,1.43
2013.11.07 07:46:08.203,1.33373,1.33381,1.25,1.43
2013.11.07 07:46:08.324,1.33377,1.33385,1.38,5.49
2013.11.07 07:46:08.564,1.33378,1.33385,2.19,5.01
2013.11.07 07:46:09.763,1.3338,1.33387,2.07,1.88
2013.11.07 07:46:11.263,1.33382,1.33388,1.38,3.38
2013.11.07 07:46:12.614,1.33382,1.33387,1.38,1.50
2013.11.07 07:46:16.617,1.33383,1.33386,1.00,1.00
2013.11.07 07:46:17.224,1.33384,1.33385,1.25,1.00
2013.11.07 07:46:19.443,1.33384,1.33387,1.25,1.13
2013.11.07 07:46:23.388,1.33384,1.33387,1.38,1.32
2013.11.07 07:46:23.505,1.33378,1.33386,1.57,1.13
2013.11.07 07:46:28.764,1.33383,1.33386,1.00,1.00
2013.11.07 07:46:28.883,1.33379,1.33386,1.82,1.00
2013.11.07 07:46:29.444,1.33379,1.33388,2.07,1.00
2013.11.07 07:46:33.934,1.33385,1.33387,1.25,2.50
2013.11.07 07:46:34.354,1.33384,1.33387,1.19,1.00
2013.11.07 07:46:34.843,1.33384,1.33389,1.19,1.50
2013.11.07 07:46:43.183,1.33385,1.33388,1.19,1.13
2013.11.07 07:46:44.245,1.33385,1.33388,1.19,1.13
2013.11.07 07:46:49.115,1.33385,1.3339,1.57,1.50
2013.11.07 07:46:49.792,1.33385,1.33391,1.57,1.13
2013.11.07 07:46:52.734,1.33386,1.33394,1.32,1.25
2013.11.07 07:46:54.273,1.33388,1.33393,1.63,1.13
2013.11.07 07:46:58.737,1.33388,1.33395,1.25,2.63
2013.11.07 07:46:59.954,1.33388,1.33391,1.00,1.00
2013.11.07 07:47:00.013,1.33388,1.33391,1.38,1.00
2013.11.07 07:47:06.724,1.33386,1.33391,1.38,1.25
2013.11.07 07:47:06.844,1.33383,1.3339,3.00,2.44
2013.11.07 07:47:06.905,1.33381,1.33387,2.07,1.50
2013.11.07 07:47:06.964,1.33381,1.33387,1.88,1.69
2013.11.07 07:47:07.324,1.33377,1.33383,2.07,1.00
2013.11.07 07:47:10.114,1.33377,1.33381,1.38,1.13
2013.11.07 07:47:10.475,1.33374,1.33383,1.38,1.57
2013.11.07 07:47:12.475,1.33379,1.33385,1.13,3.57
2013.11.07 07:47:12.835,1.33379,1.33385,1.63,3.38
2013.11.07 07:47:15.944,1.33379,1.33383,1.63,1.88
2013.11.07 07:47:16.462,1.33379,1.33383,1.25,2.25
2013.11.07 07:47:16.944,1.33379,1.33383,1.25,2.25
2013.11.07 07:47:17.455,1.33379,1.33383,1.25,1.88
2013.11.07 07:47:19.174,1.33379,1.33383,1.25,1.38
2013.11.07 07:47:19.806,1.33379,1.33386,1.25,1.13
2013.11.07 07:47:21.674,1.33379,1.33384,1.63,1.50
2013.11.07 07:47:21.794,1.33379,1.33386,1.69,1.88
2013.11.07 07:47:22.113,1.33381,1.33386,1.13,1.88
2013.11.07 07:47:23.104,1.33381,1.33389,1.69,2.25
2013.11.07 07:47:23.884,1.33381,1.33387,2.44,1.13
2013.11.07 07:47:24.222,1.33384,1.33387,1.19,1.13
2013.11.07 07:47:28.625,1.33381,1.33387,1.32,1.13
2013.11.07 07:47:30.134,1.33381,1.33389,1.57,2.63
2013.11.07 07:47:30.254,1.3338,1.33385,1.19,2.25
2013.11.07 07:47:31.583,1.3338,1.33384,1.57,1.00
2013.11.07 07:47:32.685,1.33376,1.33384,2.82,1.00
2013.11.07 07:47:33.004,1.33374,1.33382,2.07,1.88
2013.11.07 07:47:34.984,1.33375,1.33382,3.19,1.13
2013.11.07 07:47:51.696,1.33379,1.33384,2.25,1.69
2013.11.07 07:47:52.054,1.33384,1.33386,1.69,1.00
2013.11.07 07:47:52.234,1.33384,1.33389,1.69,3.75
2013.11.07 07:47:53.608,1.33384,1.33388,1.19,1.00
2013.11.07 07:47:54.979,1.33384,1.33388,1.57,1.00
2013.11.07 07:47:55.736,1.33384,1.33389,1.57,4.88
2013.11.07 07:47:57.206,1.33383,1.33388,1.57,1.13
2013.11.07 07:47:57.884,1.33384,1.3339,2.19,1.13
2013.11.07 07:47:58.004,1.33389,1.33391,1.13,3.38
2013.11.07 07:47:58.064,1.33389,1.33394,1.32,1.88
2013.11.07 07:47:58.614,1.3339,1.33397,1.57,1.13
2013.11.07 07:47:59.154,1.33389,1.33397,1.63,2.07
2013.11.07 07:47:59.214,1.33389,1.33397,1.25,2.07
2013.11.07 07:48:03.004,1.33388,1.33397,1.69,2.44
2013.11.07 07:48:08.770,1.33388,1.33397,1.32,1.75
2013.11.07 07:48:09.075,1.33396,1.33401,1.32,1.13
2013.11.07 07:48:09.134,1.33396,1.33401,1.69,1.13
2013.11.07 07:48:09.314,1.33396,1.33401,1.69,1.13
2013.11.07 07:48:09.374,1.33398,1.33404,1.00,1.00
2013.11.07 07:48:09.879,1.33398,1.33405,1.69,1.50
2013.11.07 07:48:10.954,1.33398,1.33405,2.07,1.13
2013.11.07 07:48:12.304,1.33398,1.33404,1.68,1.19
2013.11.07 07:48:12.424,1.33397,1.334,1.00,1.13
2013.11.07 07:48:12.784,1.33397,1.334,1.00,1.50
2013.11.07 07:48:12.904,1.33395,1.334,1.00,1.50
2013.11.07 07:48:13.334,1.33393,1.334,1.87,1.50
2013.11.07 07:48:14.065,1.33393,1.334,2.29,1.50
2013.11.07 07:48:17.294,1.33394,1.33401,1.25,1.50
2013.11.07 07:48:19.844,1.33396,1.33402,1.50,2.00
2013.11.07 07:48:23.725,1.33397,1.33402,1.25,2.25
2013.11.07 07:48:25.116,1.33397,1.33402,1.25,1.38
2013.11.07 07:48:25.425,1.33395,1.33402,1.32,1.00
2013.11.07 07:48:26.345,1.33395,1.33404,2.44,1.50
2013.11.07 07:48:26.645,1.33399,1.33406,1.19,1.13
2013.11.07 07:48:27.184,1.33399,1.33405,1.57,1.00
2013.11.07 07:48:27.744,1.33402,1.33405,1.00,1.00
2013.11.07 07:48:28.104,1.33402,1.33408,3.38,1.32
2013.11.07 07:48:28.644,1.33405,1.3341,1.88,1.13
2013.11.07 07:48:28.764,1.33405,1.33411,2.63,1.88
2013.11.07 07:48:29.184,1.3341,1.33421,1.13,1.50
2013.11.07 07:48:29.244,1.33409,1.33417,2.07,1.63
2013.11.07 07:48:29.424,1.33413,1.3342,2.10,2.25
2013.11.07 07:48:29.544,1.33411,1.3342,1.57,1.88
2013.11.07 07:48:29.605,1.33411,1.3342,1.69,1.69
2013.11.07 07:48:29.784,1.33413,1.3342,1.54,1.13
2013.11.07 07:48:30.205,1.33416,1.3342,1.00,1.69
2013.11.07 07:48:30.686,1.33412,1.33417,1.57,1.00
2013.11.07 07:48:30.866,1.3341,1.33417,1.54,1.00
2013.11.07 07:48:30.984,1.33408,1.33417,2.44,1.00
2013.11.07 07:48:31.484,1.33408,1.33415,2.44,1.00
2013.11.07 07:48:34.484,1.3341,1.33417,2.07,1.00
2013.11.07 07:48:35.174,1.33411,1.33415,1.30,1.00
2013.11.07 07:48:35.534,1.3341,1.33415,1.88,2.07
2013.11.07 07:48:36.036,1.33409,1.33413,1.00,2.07
2013.11.07 07:48:36.326,1.33405,1.33413,1.88,2.07
2013.11.07 07:48:37.526,1.33406,1.33413,1.57,1.00
2013.11.07 07:48:37.965,1.3341,1.33417,1.35,2.07
2013.11.07 07:48:39.249,1.33407,1.33417,3.04,1.69
2013.11.07 07:48:40.917,1.33407,1.33416,1.80,1.19
2013.11.07 07:48:41.224,1.33406,1.33413,1.38,1.19
2013.11.07 07:48:41.285,1.33405,1.33412,1.50,1.25
2013.11.07 07:48:42.214,1.33404,1.33412,1.38,1.19
2013.11.07 07:48:42.574,1.33402,1.3341,1.73,1.19
2013.11.07 07:48:42.934,1.334,1.33407,2.25,1.00
2013.11.07 07:48:43.644,1.33402,1.33407,2.48,1.57
2013.11.07 07:48:43.884,1.33402,1.33404,1.00,1.00
2013.11.07 07:48:43.944,1.33402,1.33407,1.50,1.00
2013.11.07 07:48:44.764,1.33402,1.33407,2.25,1.19
2013.11.07 07:48:53.704,1.33398,1.33404,1.38,1.25
2013.11.07 07:48:58.624,1.33398,1.33406,1.38,3.19
2013.11.07 07:49:01.954,1.33398,1.33406,1.69,1.50
2013.11.07 07:49:03.063,1.33401,1.33406,1.38,1.69
2013.11.07 07:49:10.556,1.33401,1.33408,1.38,1.32
2013.11.07 07:49:13.094,1.33399,1.33408,2.07,1.32
2013.11.07 07:49:19.245,1.33404,1.33412,1.32,2.44
2013.11.07 07:49:19.364,1.33404,1.3341,1.63,1.50
2013.11.07 07:49:19.425,1.33404,1.3341,1.63,1.50
2013.11.07 07:49:19.834,1.33404,1.33411,1.38,2.07
2013.11.07 07:49:19.895,1.33401,1.33409,1.38,1.19
2013.11.07 07:49:24.504,1.33405,1.33407,1.00,1.00
2013.11.07 07:49:24.624,1.33405,1.33411,1.69,1.13
2013.11.07 07:49:24.984,1.33409,1.33415,1.63,1.00
2013.11.07 07:49:25.164,1.33409,1.33415,1.32,1.00
2013.11.07 07:49:28.484,1.33408,1.33413,1.57,1.00
2013.11.07 07:49:29.574,1.33407,1.33413,1.00,1.25
2013.11.07 07:49:31.380,1.33407,1.33413,1.38,1.25
2013.11.07 07:49:32.464,1.33406,1.33412,1.13,1.19
2013.11.07 07:49:32.524,1.33407,1.33412,1.00,1.19
2013.11.07 07:49:32.584,1.33404,1.3341,1.75,1.69
2013.11.07 07:49:32.944,1.33402,1.33405,1.00,1.32
2013.11.07 07:49:33.004,1.33399,1.33404,1.50,1.19
2013.11.07 07:49:33.514,1.334,1.33404,1.00,1.00
2013.11.07 07:49:34.065,1.334,1.33404,1.00,1.69
2013.11.07 07:49:34.424,1.33398,1.33404,1.50,1.19
2013.11.07 07:49:34.955,1.33398,1.33404,2.48,1.19
2013.11.07 07:49:36.153,1.33398,1.33404,3.98,1.19
2013.11.07 07:49:36.403,1.33398,1.33405,1.88,1.19
2013.11.07 07:49:37.734,1.33399,1.33406,1.25,1.13
2013.11.07 07:49:38.285,1.33399,1.33406,3.19,1.00
2013.11.07 07:49:39.465,1.33399,1.33406,3.19,1.00
2013.11.07 07:49:40.024,1.33399,1.33406,2.82,1.00
2013.11.07 07:49:45.045,1.33399,1.33406,3.19,1.00
2013.11.07 07:49:45.187,1.33399,1.33406,3.00,1.19
2013.11.07 07:49:46.064,1.33398,1.33405,1.88,1.19
2013.11.07 07:49:49.878,1.33398,1.33403,1.50,1.00
2013.11.07 07:49:50.236,1.33397,1.334,3.00,1.19
2013.11.07 07:49:50.715,1.33396,1.334,1.00,1.19
2013.11.07 07:49:50.954,1.33395,1.33397,1.00,1.25
2013.11.07 07:49:51.014,1.33391,1.33396,1.88,1.00
2013.11.07 07:49:51.135,1.33391,1.33396,1.50,1.32
2013.11.07 07:49:51.255,1.33387,1.33394,1.50,1.25
2013.11.07 07:49:51.315,1.33387,1.33392,1.50,1.00
2013.11.07 07:49:51.824,1.33387,1.33392,1.13,1.00
2013.11.07 07:49:54.124,1.33385,1.33392,3.75,1.25
2013.11.07 07:49:54.664,1.33385,1.33394,4.13,2.07
2013.11.07 07:49:55.025,1.33385,1.33394,6.75,2.44
2013.11.07 07:49:55.564,1.33385,1.33391,1.00,1.25
2013.11.07 07:49:56.744,1.33385,1.33393,1.69,1.13
2013.11.07 07:49:57.284,1.33387,1.33395,2.63,1.19
2013.11.07 07:49:58.935,1.33387,1.33395,3.57,1.00
2013.11.07 07:49:59.441,1.33389,1.33398,1.88,2.07
2013.11.07 07:50:04.486,1.3339,1.33398,1.57,1.50
2013.11.07 07:50:04.844,1.33393,1.33402,2.82,1.57
2013.11.07 07:50:05.264,1.33395,1.33401,1.88,1.25
2013.11.07 07:50:05.445,1.33397,1.33403,1.13,1.00
2013.11.07 07:50:06.000,1.33398,1.33407,1.32,2.07
2013.11.07 07:50:07.034,1.33398,1.33405,1.69,1.00
2013.11.07 07:50:10.084,1.33396,1.33403,1.38,1.25
2013.11.07 07:50:10.444,1.33396,1.33401,1.00,1.57
2013.11.07 07:50:10.817,1.33396,1.33401,1.00,1.57
2013.11.07 07:50:11.115,1.33394,1.33399,1.50,1.38
2013.11.07 07:50:11.721,1.33396,1.33399,1.13,1.00
2013.11.07 07:50:11.791,1.33396,1.33401,1.13,1.13
2013.11.07 07:50:18.344,1.33394,1.33401,1.00,1.32
2013.11.07 07:50:18.406,1.33394,1.33401,1.00,1.57
2013.11.07 07:50:18.965,1.33394,1.33401,1.00,1.94
2013.11.07 07:50:19.325,1.33392,1.33395,1.13,1.57
2013.11.07 07:50:19.684,1.33387,1.33396,3.19,2.07
2013.11.07 07:50:20.075,1.33387,1.33393,2.25,1.57
2013.11.07 07:50:20.554,1.33388,1.33393,1.50,1.13
2013.11.07 07:50:21.415,1.33389,1.33396,1.00,1.57
2013.11.07 07:50:22.904,1.33389,1.33397,1.00,2.44
2013.11.07 07:50:22.964,1.33391,1.33397,1.00,1.38
2013.11.07 07:50:23.024,1.33391,1.33399,1.00,1.19
2013.11.07 07:50:23.654,1.33391,1.33397,1.00,1.19
2013.11.07 07:50:23.717,1.33389,1.33397,2.25,1.69
2013.11.07 07:50:24.075,1.33389,1.33397,2.44,1.69
2013.11.07 07:50:24.584,1.3339,1.33397,1.00,1.25
2013.11.07 07:50:25.065,1.33393,1.33399,1.00,1.25
2013.11.07 07:50:25.415,1.33393,1.33399,1.32,1.00
2013.11.07 07:50:25.534,1.33395,1.33402,1.63,1.00
2013.11.07 07:50:26.048,1.33398,1.33404,2.29,1.00
2013.11.07 07:50:26.765,1.33398,1.33404,1.73,1.19
2013.11.07 07:50:26.944,1.33395,1.33404,5.25,1.57
2013.11.07 07:50:27.184,1.33395,1.33404,4.50,1.57
2013.11.07 07:50:27.544,1.33395,1.33402,3.98,1.69
2013.11.07 07:50:27.664,1.33395,1.33402,1.88,2.82
2013.11.07 07:50:28.574,1.33392,1.33402,4.13,2.44
2013.11.07 07:50:30.774,1.33393,1.33402,1.32,1.88
2013.11.07 07:50:30.918,1.33392,1.33402,4.13,1.38
2013.11.07 07:50:30.974,1.33393,1.33402,1.68,1.57
2013.11.07 07:50:31.545,1.33393,1.33402,1.00,1.57
2013.11.07 07:50:35.104,1.33392,1.33402,4.32,1.50
2013.11.07 07:50:35.664,1.33395,1.33402,1.69,1.00
2013.11.07 07:50:36.204,1.33395,1.33402,3.19,1.00
2013.11.07 07:50:37.934,1.33398,1.33404,1.25,1.50
2013.11.07 07:50:38.174,1.33399,1.33407,2.07,1.88
2013.11.07 07:50:38.365,1.33399,1.33407,2.44,1.88
2013.11.07 07:50:38.794,1.33406,1.33407,1.00,1.50
2013.11.07 07:50:39.154,1.3341,1.33415,3.04,2.25
2013.11.07 07:50:39.514,1.3341,1.33415,2.44,3.61
2013.11.07 07:50:39.634,1.3341,1.33413,2.44,1.13
2013.11.07 07:50:39.699,1.3341,1.33417,2.44,1.00
2013.11.07 07:50:40.172,1.3341,1.3342,3.79,1.57
2013.11.07 07:50:40.854,1.3341,1.3342,3.19,1.57
2013.11.07 07:50:44.634,1.3341,1.3342,5.07,1.32
2013.11.07 07:50:45.064,1.3341,1.3342,4.73,1.32
2013.11.07 07:50:45.604,1.3341,1.33419,3.23,2.07
2013.11.07 07:50:46.144,1.33407,1.33416,3.00,1.19
2013.11.07 07:50:46.424,1.33407,1.33415,3.38,1.19
2013.11.07 07:50:48.134,1.33407,1.33417,3.57,2.07
2013.11.07 07:50:48.194,1.3341,1.33419,1.00,2.44
2013.11.07 07:50:48.734,1.33409,1.33419,2.25,2.07
2013.11.07 07:50:50.814,1.33409,1.33417,1.88,2.25
2013.11.07 07:50:50.994,1.33407,1.33413,2.63,1.69
2013.11.07 07:50:51.844,1.33407,1.33413,1.13,1.69
2013.11.07 07:50:52.144,1.33405,1.33413,1.00,1.69
2013.11.07 07:50:53.774,1.33407,1.33415,1.00,2.44
2013.11.07 07:50:53.834,1.33407,1.33416,1.00,2.82
2013.11.07 07:50:55.074,1.33406,1.33413,2.25,1.25
2013.11.07 07:50:55.194,1.33406,1.33411,2.25,1.00
2013.11.07 07:50:56.214,1.33406,1.33413,1.00,1.25
2013.11.07 07:50:57.374,1.33408,1.33413,1.82,1.00
2013.11.07 07:50:57.494,1.33411,1.33415,1.38,1.00
2013.11.07 07:50:57.614,1.33409,1.33415,1.13,1.00
2013.11.07 07:51:04.354,1.33409,1.33415,1.00,1.32
2013.11.07 07:51:04.894,1.33408,1.33415,1.50,1.32
2013.11.07 07:51:10.034,1.33408,1.33415,1.50,2.22
2013.11.07 07:51:11.224,1.33406,1.33413,1.50,2.44
2013.11.07 07:51:13.555,1.33406,1.33411,1.50,1.57
2013.11.07 07:51:13.675,1.33406,1.33411,1.50,1.19
2013.11.07 07:51:14.394,1.33409,1.33413,1.00,1.50
2013.11.07 07:51:14.454,1.3341,1.33415,1.00,1.00
2013.11.07 07:51:14.574,1.33408,1.33416,2.25,1.69
2013.11.07 07:51:16.674,1.33408,1.33415,1.50,1.19
2013.11.07 07:51:17.324,1.33408,1.33415,1.50,1.25
2013.11.07 07:51:20.061,1.33409,1.33415,1.00,1.25
2013.11.07 07:51:20.775,1.33409,1.33415,1.19,1.00
2013.11.07 07:51:20.836,1.33414,1.33419,1.88,1.19
2013.11.07 07:51:21.194,1.33418,1.33421,1.50,1.00
2013.11.07 07:51:21.555,1.33412,1.33419,1.73,1.32
2013.11.07 07:51:21.617,1.33412,1.33419,1.73,1.69
2013.11.07 07:51:21.804,1.33411,1.33417,1.88,1.57
2013.11.07 07:51:21.864,1.33411,1.33416,1.88,1.19
2013.11.07 07:51:21.985,1.33409,1.33416,1.00,1.19
2013.11.07 07:51:22.435,1.33408,1.33413,3.75,1.19
2013.11.07 07:51:22.975,1.33403,1.33411,1.13,1.57
2013.11.07 07:51:23.705,1.33403,1.33411,1.13,1.57
2013.11.07 07:51:24.064,1.33406,1.33412,1.38,1.44
2013.11.07 07:51:24.244,1.33405,1.3341,2.25,1.63
2013.11.07 07:51:24.304,1.33403,1.3341,1.50,1.63
2013.11.07 07:51:24.745,1.33403,1.3341,1.00,1.57
2013.11.07 07:51:25.104,1.33398,1.33407,2.25,1.94
2013.11.07 07:51:25.224,1.33398,1.33405,1.88,1.57
2013.11.07 07:51:26.804,1.33398,1.33405,1.50,1.94
2013.11.07 07:51:27.344,1.33397,1.33404,1.13,1.69
2013.11.07 07:51:27.910,1.33396,1.33403,1.50,1.57
2013.11.07 07:51:28.955,1.33396,1.33403,2.63,1.57
2013.11.07 07:51:29.383,1.33401,1.33405,1.50,1.38
2013.11.07 07:51:29.804,1.33397,1.33405,2.25,1.49
2013.11.07 07:51:30.434,1.33397,1.33405,1.88,3.07
2013.11.07 07:51:30.555,1.33398,1.33405,1.00,1.86
2013.11.07 07:51:31.434,1.33397,1.33405,1.88,1.86
2013.11.07 07:51:31.554,1.33396,1.33405,2.63,1.86
2013.11.07 07:51:32.237,1.33396,1.33405,1.88,2.36
2013.11.07 07:51:34.817,1.33396,1.33405,2.25,2.44
2013.11.07 07:51:48.227,1.33396,1.33405,1.69,2.07
2013.11.07 07:51:48.704,1.33399,1.33405,1.00,1.69
2013.11.07 07:51:48.764,1.33396,1.33403,1.13,1.57
2013.11.07 07:51:50.644,1.33395,1.33401,3.75,1.13
2013.11.07 07:51:51.534,1.33395,1.33403,1.69,1.88
2013.11.07 07:51:51.654,1.33395,1.33403,2.44,1.88
2013.11.07 07:51:51.894,1.33401,1.33406,1.00,2.25
2013.11.07 07:51:52.384,1.33401,1.33407,1.00,2.07
2013.11.07 07:51:52.684,1.33398,1.33404,1.00,1.57
2013.11.07 07:51:53.985,1.33398,1.33404,1.00,1.57
2013.11.07 07:51:54.825,1.33395,1.33404,2.44,1.38
2013.11.07 07:51:54.945,1.33395,1.33404,2.44,1.38
2013.11.07 07:51:55.245,1.33403,1.3341,1.13,2.07
2013.11.07 07:51:55.305,1.334,1.3341,1.92,2.44
2013.11.07 07:52:02.085,1.33401,1.33407,1.00,1.50
2013.11.07 07:52:02.274,1.33398,1.33407,1.00,1.82
2013.11.07 07:52:02.905,1.33398,1.33405,1.00,1.63
2013.11.07 07:52:08.078,1.334,1.33405,1.25,1.13
2013.11.07 07:52:09.158,1.334,1.33408,2.07,1.63
2013.11.07 07:52:09.514,1.33405,1.33411,1.73,1.63
2013.11.07 07:52:10.016,1.33405,1.33411,1.00,1.63
2013.11.07 07:52:24.784,1.33405,1.33413,1.69,1.63
2013.11.07 07:52:27.407,1.33405,1.33413,3.94,1.38
2013.11.07 07:52:30.524,1.33405,1.33413,3.75,1.57
2013.11.07 07:52:43.404,1.33405,1.33413,1.00,2.07
2013.11.07 07:52:49.224,1.33405,1.33412,1.69,1.38
2013.11.07 07:52:49.744,1.33407,1.33412,1.00,1.00
2013.11.07 07:52:50.297,1.33407,1.33414,1.13,2.07
2013.11.07 07:52:52.785,1.33407,1.33414,1.88,2.07
2013.11.07 07:53:03.184,1.33406,1.33412,2.44,1.00
2013.11.07 07:53:05.944,1.33409,1.33412,1.00,1.00
2013.11.07 07:53:06.484,1.33409,1.33416,1.50,1.63
2013.11.07 07:53:07.595,1.33406,1.33414,1.50,2.07
2013.11.07 07:53:07.714,1.33405,1.33413,5.07,2.44
2013.11.07 07:53:08.015,1.33409,1.33414,1.00,1.38
2013.11.07 07:53:08.876,1.33409,1.33416,1.50,1.69
2013.11.07 07:53:09.696,1.33409,1.33416,1.50,1.69
2013.11.07 07:53:12.767,1.33408,1.33414,1.00,1.69
2013.11.07 07:53:13.126,1.33408,1.33414,1.63,1.13
2013.11.07 07:53:13.304,1.33408,1.33414,1.25,1.13
2013.11.07 07:53:13.484,1.33409,1.33412,1.50,1.25
2013.11.07 07:53:14.464,1.33407,1.33414,1.88,1.19
2013.11.07 07:53:15.019,1.33407,1.33414,1.88,1.32
2013.11.07 07:53:17.796,1.33407,1.33414,2.63,1.19
2013.11.07 07:53:22.274,1.33407,1.33416,2.82,1.69
2013.11.07 07:53:22.814,1.33408,1.33416,1.00,1.69
2013.11.07 07:53:22.874,1.33408,1.33415,1.00,1.19
2013.11.07 07:53:23.545,1.33408,1.33416,1.00,1.69
2013.11.07 07:53:24.070,1.33409,1.33418,1.00,2.07
2013.11.07 07:53:24.194,1.33409,1.33416,1.00,1.32
2013.11.07 07:53:24.254,1.33407,1.33415,3.38,1.69
2013.11.07 07:53:25.185,1.33406,1.33413,1.38,1.57
2013.11.07 07:53:25.701,1.33404,1.33413,1.38,1.57
2013.11.07 07:53:26.295,1.33404,1.33413,1.50,1.57
2013.11.07 07:53:27.694,1.33404,1.33409,1.00,1.69
2013.11.07 07:53:27.815,1.33402,1.33409,1.88,1.69
2013.11.07 07:53:27.874,1.33402,1.33409,1.88,1.69
2013.11.07 07:53:28.054,1.33399,1.33404,1.50,1.57
2013.11.07 07:53:28.174,1.33398,1.33404,1.73,1.57
2013.11.07 07:53:29.325,1.33397,1.33404,2.07,1.57
2013.11.07 07:53:35.038,1.33396,1.33404,2.25,1.57
2013.11.07 07:53:37.175,1.33396,1.33404,2.25,1.57
2013.11.07 07:53:40.395,1.33398,1.33405,1.00,1.63
2013.11.07 07:53:40.455,1.33399,1.33405,1.19,1.38
2013.11.07 07:53:40.754,1.33403,1.33405,1.50,1.00
2013.11.07 07:53:41.256,1.33401,1.33405,3.04,1.00
2013.11.07 07:53:41.764,1.33403,1.33406,1.13,1.00
2013.11.07 07:53:41.945,1.33401,1.33406,3.42,1.00
2013.11.07 07:53:42.244,1.33401,1.33406,3.42,1.00
2013.11.07 07:53:42.365,1.33401,1.33406,3.42,1.00
2013.11.07 07:53:43.234,1.33401,1.33406,3.79,1.00
2013.11.07 07:53:43.294,1.33403,1.3341,1.13,1.25
2013.11.07 07:53:43.354,1.33403,1.3341,1.38,1.25
2013.11.07 07:53:44.005,1.33403,1.3341,1.32,1.00
2013.11.07 07:53:44.524,1.33405,1.3341,1.00,1.00
2013.11.07 07:53:46.825,1.33404,1.3341,1.25,1.00
2013.11.07 07:53:51.253,1.33404,1.33413,2.07,2.07
2013.11.07 07:53:51.794,1.33405,1.33413,1.00,1.57
2013.11.07 07:53:55.984,1.33406,1.33414,1.50,1.19
2013.11.07 07:53:56.317,1.33405,1.33414,2.44,1.69
2013.11.07 07:53:56.495,1.33406,1.33414,1.32,1.50
2013.11.07 07:53:56.855,1.33412,1.33417,1.32,1.00
2013.11.07 07:53:57.095,1.33413,1.33417,1.00,1.00
2013.11.07 07:53:57.215,1.33413,1.33419,1.13,1.50
2013.11.07 07:53:57.934,1.33413,1.3342,1.32,1.00
2013.11.07 07:54:03.464,1.33413,1.3342,1.32,1.00
2013.11.07 07:54:06.634,1.33413,1.3342,1.32,1.00
2013.11.07 07:54:08.924,1.33412,1.3342,2.44,1.00
2013.11.07 07:54:12.924,1.33413,1.3342,2.07,1.50
2013.11.07 07:54:14.526,1.33413,1.3342,1.38,1.57
2013.11.07 07:54:14.647,1.33413,1.33417,1.25,1.00
2013.11.07 07:54:14.705,1.33413,1.33419,1.25,1.00
2013.11.07 07:54:15.004,1.33413,1.3342,1.19,1.00
2013.11.07 07:54:17.184,1.33414,1.33421,1.57,1.00
2013.11.07 07:54:17.764,1.33414,1.33421,1.19,3.00
2013.11.07 07:54:18.304,1.33414,1.3342,1.57,1.00
2013.11.07 07:54:18.834,1.33414,1.33421,1.57,1.00
2013.11.07 07:54:19.714,1.33414,1.33421,1.19,1.38
2013.11.07 07:54:20.294,1.33414,1.33421,1.00,1.57
2013.11.07 07:54:20.414,1.33413,1.33419,2.07,1.38
2013.11.07 07:54:21.110,1.33412,1.33419,2.07,1.38
2013.11.07 07:54:32.376,1.33411,1.33419,2.44,1.88
2013.11.07 07:54:33.884,1.33411,1.33419,2.25,2.07
2013.11.07 07:54:34.604,1.33412,1.33419,1.25,1.88
2013.11.07 07:54:36.817,1.33411,1.33419,1.69,1.50
2013.11.07 07:54:37.324,1.33411,1.33419,1.69,1.38
2013.11.07 07:54:37.564,1.33411,1.33417,1.13,1.32
2013.11.07 07:54:37.685,1.33407,1.33416,2.07,1.38
2013.11.07 07:54:38.234,1.33407,1.33414,2.07,1.00
2013.11.07 07:54:39.404,1.33408,1.33414,1.32,1.00
2013.11.07 07:54:39.913,1.33411,1.33419,1.32,1.38
2013.11.07 07:54:41.466,1.33411,1.33418,2.07,1.00
2013.11.07 07:54:42.295,1.33411,1.33419,2.44,1.00
2013.11.07 07:54:43.598,1.33411,1.33419,2.07,1.38
2013.11.07 07:54:43.655,1.33411,1.33419,2.44,1.00
2013.11.07 07:54:45.055,1.33411,1.33419,2.44,1.00
2013.11.07 07:54:49.785,1.33411,1.33419,1.69,1.38
2013.11.07 07:54:52.774,1.33411,1.33419,1.50,1.88
2013.11.07 07:54:54.215,1.33411,1.33419,1.69,1.50
2013.11.07 07:54:58.814,1.33412,1.33419,1.00,3.94
2013.11.07 07:54:58.994,1.3341,1.33417,1.32,1.13
2013.11.07 07:54:59.314,1.3341,1.33417,1.32,1.50
2013.11.07 07:54:59.881,1.33409,1.33417,1.19,3.75
2013.11.07 07:55:01.095,1.33409,1.33417,1.32,2.63
2013.11.07 07:55:01.215,1.33409,1.33417,1.32,1.13
2013.11.07 07:55:04.625,1.33411,1.33417,1.38,1.00
2013.11.07 07:55:06.075,1.3341,1.33417,1.50,1.19
2013.11.07 07:55:06.375,1.33408,1.33416,2.07,1.25
2013.11.07 07:55:06.434,1.33408,1.33414,1.32,1.00
2013.11.07 07:55:06.985,1.33403,1.33411,2.44,1.00
2013.11.07 07:55:07.105,1.33403,1.33411,3.00,1.32
2013.11.07 07:55:09.604,1.33403,1.33408,3.19,1.00
2013.11.07 07:55:09.664,1.33403,1.33411,3.94,1.13
2013.11.07 07:55:10.144,1.33403,1.33409,3.19,1.00
2013.11.07 07:55:10.725,1.33403,1.33409,1.69,1.00
2013.11.07 07:55:11.796,1.33401,1.33409,2.82,1.38
2013.11.07 07:55:11.974,1.33401,1.33409,1.13,2.44
2013.11.07 07:55:12.155,1.33401,1.33407,1.00,2.07
2013.11.07 07:55:12.215,1.33399,1.33407,2.07,1.88
2013.11.07 07:55:12.335,1.334,1.3341,2.07,2.85
2013.11.07 07:55:12.514,1.334,1.3341,1.88,3.04
2013.11.07 07:55:12.755,1.33398,1.33407,1.69,2.07
2013.11.07 07:55:13.883,1.33398,1.33407,1.69,1.63
2013.11.07 07:55:14.295,1.33399,1.3341,1.32,3.04
2013.11.07 07:55:14.414,1.33399,1.33409,2.44,1.32
2013.11.07 07:55:14.475,1.33399,1.3341,2.44,2.67
2013.11.07 07:55:14.636,1.33399,1.33408,2.44,1.69
2013.11.07 07:55:17.682,1.33399,1.33409,2.44,1.88
2013.11.07 07:55:18.224,1.334,1.33409,1.69,1.00
2013.11.07 07:55:18.755,1.33403,1.3341,1.00,1.25
2013.11.07 07:55:25.358,1.33405,1.3341,1.00,1.25
2013.11.07 07:55:25.476,1.33403,1.3341,1.00,1.25
2013.11.07 07:55:33.284,1.33402,1.33409,1.19,1.00
2013.11.07 07:55:42.805,1.33403,1.33409,1.00,1.19
2013.11.07 07:55:47.385,1.33403,1.33409,1.69,1.00
2013.11.07 07:55:47.685,1.33402,1.3341,1.50,1.19
2013.11.07 07:55:49.627,1.33403,1.3341,1.00,1.19
2013.11.07 07:55:49.866,1.33404,1.3341,1.13,1.00
2013.11.07 07:55:49.985,1.3341,1.33413,1.00,1.50
2013.11.07 07:55:50.285,1.33408,1.33417,2.07,5.07
2013.11.07 07:55:53.494,1.33409,1.33417,1.00,2.07
2013.11.07 07:56:09.964,1.33411,1.33414,1.00,1.00
2013.11.07 07:56:12.486,1.33409,1.33417,1.57,3.60
2013.11.07 07:56:13.654,1.3341,1.33417,1.32,2.63
2013.11.07 07:56:16.395,1.33411,1.33419,1.00,3.19
2013.11.07 07:56:17.151,1.3341,1.33417,1.50,1.13
2013.11.07 07:56:18.404,1.33409,1.33417,1.57,1.13
2013.11.07 07:56:20.605,1.33412,1.33417,1.13,1.13
2013.11.07 07:56:20.665,1.33412,1.33417,3.79,1.13
2013.11.07 07:56:20.785,1.33413,1.33421,1.79,2.63
2013.11.07 07:56:25.435,1.33415,1.33419,1.00,1.00
2013.11.07 07:56:25.974,1.33412,1.33419,1.32,1.69
2013.11.07 07:56:26.559,1.33411,1.33418,1.38,1.63
2013.11.07 07:56:28.134,1.33411,1.33419,1.50,2.07
2013.11.07 07:56:29.444,1.33414,1.33419,1.25,1.50
2013.11.07 07:56:29.565,1.33414,1.33419,1.25,1.13
2013.11.07 07:56:32.082,1.33414,1.33419,1.25,1.38
2013.11.07 07:56:32.266,1.33412,1.33419,1.00,2.25
2013.11.07 07:56:32.806,1.33408,1.33416,2.07,1.00
2013.11.07 07:56:39.165,1.33408,1.33415,2.67,1.00
2013.11.07 07:56:39.755,1.33408,1.33415,1.13,1.69
2013.11.07 07:56:39.875,1.33405,1.33412,1.17,1.88
2013.11.07 07:56:40.414,1.33404,1.33412,2.44,3.00
2013.11.07 07:56:43.715,1.33404,1.33411,2.44,1.88
2013.11.07 07:56:44.856,1.33407,1.33413,1.25,1.13
2013.11.07 07:57:02.164,1.33408,1.33416,1.00,3.57
2013.11.07 07:57:02.705,1.33407,1.33416,1.69,2.82
2013.11.07 07:57:06.346,1.33407,1.33415,1.19,1.38
2013.11.07 07:57:23.265,1.33408,1.33416,1.32,3.00
2013.11.07 07:57:23.385,1.3341,1.33416,1.19,1.00
2013.11.07 07:57:23.896,1.3341,1.33417,1.19,1.88
2013.11.07 07:57:32.185,1.33411,1.33417,1.00,1.32
2013.11.07 07:57:32.245,1.33409,1.33416,1.35,1.25
2013.11.07 07:57:32.484,1.33409,1.33416,1.19,1.00
2013.11.07 07:57:33.035,1.33411,1.33417,1.25,1.50
2013.11.07 07:57:33.635,1.33411,1.33417,1.00,1.69
2013.11.07 07:57:33.814,1.33409,1.33416,1.00,1.25
2013.11.07 07:57:35.444,1.33409,1.33416,1.19,1.00
2013.11.07 07:57:35.925,1.33409,1.33416,1.00,1.25
2013.11.07 07:57:37.053,1.33409,1.33413,1.00,1.00
2013.11.07 07:57:37.554,1.33407,1.33413,1.19,1.00
2013.11.07 07:57:42.775,1.33407,1.33413,1.19,1.00
2013.11.07 07:57:50.780,1.33407,1.33416,1.32,4.50
2013.11.07 07:57:57.825,1.33408,1.33416,1.19,2.25
2013.11.07 07:58:01.665,1.33408,1.33415,1.00,1.69
2013.11.07 07:58:01.785,1.33408,1.33415,1.19,1.50
2013.11.07 07:58:01.846,1.33408,1.33415,1.00,1.69
2013.11.07 07:58:02.396,1.33408,1.33415,1.00,1.69
2013.11.07 07:58:03.655,1.33408,1.33414,1.00,2.07
2013.11.07 07:58:04.016,1.33408,1.33415,1.50,1.63
2013.11.07 07:58:04.703,1.33409,1.33414,1.50,1.13
2013.11.07 07:58:07.168,1.33409,1.33414,1.69,1.13
2013.11.07 07:58:07.694,1.33409,1.33416,1.13,2.82
2013.11.07 07:58:09.045,1.33409,1.33416,1.13,2.44
2013.11.07 07:58:09.285,1.33407,1.33412,1.50,1.50
2013.11.07 07:58:09.348,1.33404,1.33412,3.38,2.07
2013.11.07 07:58:09.406,1.33404,1.33412,1.50,1.69
2013.11.07 07:58:09.587,1.33402,1.33409,1.32,1.00
2013.11.07 07:58:09.887,1.33402,1.33409,1.13,1.69
2013.11.07 07:58:10.127,1.334,1.33405,1.13,1.25
2013.11.07 07:58:11.755,1.33395,1.334,1.38,1.25
2013.11.07 07:58:11.815,1.33398,1.334,1.13,1.25
2013.11.07 07:58:11.995,1.33398,1.33405,1.88,1.32
2013.11.07 07:58:12.055,1.33396,1.33403,1.32,1.00
2013.11.07 07:58:12.115,1.33396,1.33403,1.00,1.32
2013.11.07 07:58:12.236,1.33398,1.33406,1.13,5.29
2013.11.07 07:58:16.175,1.33398,1.33404,1.13,1.00
2013.11.07 07:58:17.816,1.33398,1.33403,1.00,1.69
2013.11.07 07:58:17.875,1.33394,1.33402,1.94,1.00
2013.11.07 07:58:18.415,1.33395,1.33402,1.32,1.00
2013.11.07 07:58:22.195,1.33395,1.33402,1.69,1.13
2013.11.07 07:58:22.315,1.33397,1.33403,1.88,1.69
2013.11.07 07:58:22.961,1.33397,1.33401,1.00,1.00
2013.11.07 07:58:30.165,1.33397,1.33402,1.00,2.82
2013.11.07 07:58:33.428,1.33397,1.33402,1.00,1.63
2013.11.07 07:58:35.225,1.33397,1.33402,1.13,1.00
2013.11.07 07:58:35.349,1.33397,1.33402,1.00,1.63
2013.11.07 07:58:35.535,1.33397,1.33405,1.69,2.07
2013.11.07 07:58:35.655,1.33397,1.33402,1.00,1.63
2013.11.07 07:58:37.265,1.33397,1.33402,1.19,1.00
2013.11.07 07:58:37.325,1.33397,1.33402,1.19,1.00
2013.11.07 07:58:40.087,1.33398,1.33406,1.19,1.38
2013.11.07 07:58:40.632,1.33398,1.33406,1.19,1.38
2013.11.07 07:58:49.264,1.33398,1.33405,1.19,1.38
2013.11.07 07:58:50.577,1.33398,1.33404,1.19,1.00
2013.11.07 07:58:51.761,1.33397,1.33405,1.19,2.25
2013.11.07 07:58:59.516,1.33397,1.33404,1.19,1.13
2013.11.07 07:59:00.605,1.33397,1.33405,1.69,2.25
2013.11.07 07:59:02.338,1.33397,1.33405,2.07,2.25
2013.11.07 07:59:02.696,1.33405,1.33407,1.00,1.38
2013.11.07 07:59:02.755,1.33405,1.33409,1.19,1.13
2013.11.07 07:59:02.875,1.33405,1.33412,1.57,1.00
2013.11.07 07:59:03.055,1.33405,1.3341,1.19,1.38
2013.11.07 07:59:41.425,1.33402,1.33409,2.07,2.07
2013.11.07 07:59:41.665,1.33402,1.33407,1.32,1.63
2013.11.07 07:59:41.946,1.33399,1.33407,1.25,3.19
2013.11.07 07:59:47.771,1.33399,1.33407,1.00,3.19
2013.11.07 07:59:52.955,1.33399,1.33406,1.00,1.63
