2009.07.03 02:00:00.009,1.34145,1.3417,1.60,1.00
2009.07.03 02:00:00.699,1.34145,1.34165,1.60,1.00
2009.07.03 02:00:01.049,1.3414,1.34165,1.60,1.00
2009.07.03 02:00:01.599,1.3414,1.3416,1.60,1.00
2009.07.03 02:00:01.959,1.3414,1.3416,3.20,1.00
2009.07.03 02:00:02.359,1.3414,1.34165,3.80,1.00
2009.07.03 02:00:02.819,1.3415,1.34165,2.00,3.40
2009.07.03 02:00:03.048,1.3415,1.34155,2.00,1.00
2009.07.03 02:00:04.178,1.34145,1.34155,1.30,3.60
2009.07.03 02:00:04.408,1.34145,1.34155,1.40,7.60
2009.07.03 02:00:04.758,1.3414,1.3415,2.00,1.00
2009.07.03 02:00:05.618,1.34145,1.3415,1.00,1.00
2009.07.03 02:00:05.848,1.34145,1.3415,2.00,1.00
2009.07.03 02:00:08.067,1.3414,1.3415,2.00,3.40
2009.07.03 02:00:08.417,1.3414,1.3415,2.00,1.00
2009.07.03 02:00:08.777,1.34135,1.3415,2.60,1.00
2009.07.03 02:00:10.547,1.34145,1.3415,2.00,1.00
2009.07.03 02:00:10.966,1.3415,1.34165,2.00,1.00
2009.07.03 02:00:11.247,1.34155,1.3417,2.60,1.00
2009.07.03 02:00:11.476,1.3416,1.3417,1.40,1.00
2009.07.03 02:00:11.636,1.3416,1.3417,2.00,1.00
2009.07.03 02:00:12.106,1.3416,1.34175,2.00,3.60
2009.07.03 02:00:12.606,1.3416,1.34175,2.00,4.00
2009.07.03 02:00:13.656,1.34165,1.34175,1.00,1.00
2009.07.03 02:00:14.745,1.34165,1.3418,2.60,1.00
2009.07.03 02:00:14.975,1.34165,1.3417,1.20,1.00
2009.07.03 02:00:15.475,1.34175,1.3418,1.00,5.20
2009.07.03 02:00:15.695,1.34165,1.34175,2.20,3.60
2009.07.03 02:00:15.815,1.34165,1.34175,1.00,3.60
2009.07.03 02:00:16.205,1.34165,1.34185,1.00,1.00
2009.07.03 02:00:16.435,1.3416,1.34185,13.40,1.00
2009.07.03 02:00:16.736,1.3416,1.34175,13.40,1.00
2009.07.03 02:00:17.155,1.34165,1.3418,1.00,1.00
2009.07.03 02:00:17.615,1.34165,1.34175,1.00,8.00
2009.07.03 02:00:17.885,1.34155,1.3417,7.00,1.00
2009.07.03 02:00:18.295,1.34155,1.3417,1.00,1.00
2009.07.03 02:00:19.914,1.3415,1.34165,7.00,3.40
2009.07.03 02:00:20.374,1.3416,1.3417,1.00,1.60
2009.07.03 02:00:20.954,1.3416,1.34175,1.00,12.00
2009.07.03 02:00:21.354,1.3416,1.34175,1.00,4.00
2009.07.03 02:00:21.534,1.3416,1.34175,1.00,1.00
2009.07.03 02:00:27.632,1.3416,1.34175,1.00,3.40
2009.07.03 02:00:27.812,1.3416,1.3417,1.00,1.00
2009.07.03 02:00:28.042,1.34155,1.3417,10.20,1.00
2009.07.03 02:00:28.222,1.34155,1.3417,1.00,1.00
2009.07.03 02:00:28.332,1.34155,1.34165,1.00,1.00
2009.07.03 02:00:28.392,1.3415,1.3416,1.00,1.00
2009.07.03 02:00:28.802,1.3414,1.34155,1.00,1.00
2009.07.03 02:00:29.042,1.34145,1.3416,1.00,1.00
2009.07.03 02:00:29.632,1.34145,1.3416,1.00,3.40
2009.07.03 02:00:29.802,1.34135,1.3415,1.00,1.00
2009.07.03 02:00:31.451,1.3414,1.3415,2.80,1.00
2009.07.03 02:00:31.681,1.34135,1.3415,1.00,1.00
2009.07.03 02:00:31.981,1.3414,1.3415,2.80,1.00
2009.07.03 02:00:33.041,1.34145,1.34155,1.00,1.80
2009.07.03 02:00:33.451,1.34145,1.3416,1.00,4.00
2009.07.03 02:00:33.561,1.34145,1.34155,1.00,1.00
2009.07.03 02:00:34.191,1.34145,1.3416,1.00,3.40
2009.07.03 02:00:34.531,1.34145,1.3416,1.00,1.00
2009.07.03 02:00:41.259,1.3415,1.3416,3.20,1.00
2009.07.03 02:00:41.489,1.34155,1.3417,4.60,1.60
2009.07.03 02:00:41.659,1.34155,1.3417,8.60,1.60
2009.07.03 02:00:42.009,1.34155,1.3417,7.00,1.00
2009.07.03 02:00:42.189,1.34155,1.3417,11.80,1.00
2009.07.03 02:00:42.459,1.34165,1.3417,1.00,1.00
2009.07.03 02:00:42.809,1.3417,1.3418,6.40,5.70
2009.07.03 02:00:42.928,1.34175,1.34195,2.80,1.60
2009.07.03 02:00:43.098,1.34175,1.3418,1.00,1.00
2009.07.03 02:00:43.149,1.34175,1.3419,1.00,1.00
2009.07.03 02:00:43.488,1.34165,1.3419,9.20,1.00
2009.07.03 02:00:44.009,1.3416,1.3418,16.40,1.00
2009.07.03 02:00:44.748,1.34175,1.34195,1.00,1.80
2009.07.03 02:00:45.088,1.34175,1.342,1.00,1.00
2009.07.03 02:00:47.918,1.3419,1.342,1.00,1.00
2009.07.03 02:00:49.287,1.3419,1.34205,1.00,1.00
2009.07.03 02:00:49.737,1.342,1.34205,1.00,1.00
2009.07.03 02:00:49.967,1.3419,1.34205,5.40,1.00
2009.07.03 02:00:50.837,1.3419,1.34205,1.00,1.00
2009.07.03 02:00:51.067,1.34185,1.34205,9.20,1.80
2009.07.03 02:00:51.297,1.34185,1.342,1.00,1.00
2009.07.03 02:00:51.477,1.342,1.34205,1.00,2.40
2009.07.03 02:00:51.656,1.3419,1.3421,5.60,18.40
2009.07.03 02:00:51.886,1.34195,1.34205,2.00,1.00
2009.07.03 02:00:51.996,1.3419,1.34205,1.00,1.00
2009.07.03 02:00:53.666,1.3419,1.34205,6.60,1.00
2009.07.03 02:00:54.136,1.342,1.34205,1.00,1.00
2009.07.03 02:00:54.246,1.3419,1.34205,7.20,1.00
2009.07.03 02:00:54.486,1.34195,1.34205,3.60,1.00
2009.07.03 02:00:54.546,1.3419,1.34205,1.00,1.00
2009.07.03 02:00:55.126,1.3419,1.34205,1.00,1.80
2009.07.03 02:00:55.416,1.34185,1.3419,2.80,2.40
2009.07.03 02:00:55.866,1.3415,1.3419,7.00,2.60
2009.07.03 02:00:56.155,1.34165,1.3419,1.00,2.60
2009.07.03 02:00:56.455,1.3416,1.34185,1.60,2.40
2009.07.03 02:00:56.745,1.34165,1.3419,1.00,1.00
2009.07.03 02:00:57.975,1.34175,1.34195,1.00,1.00
2009.07.03 02:00:58.925,1.3418,1.34195,1.00,1.00
2009.07.03 02:00:59.625,1.34185,1.34205,2.80,6.60
2009.07.03 02:00:59.975,1.34185,1.34205,2.80,5.80
2009.07.03 02:01:00.255,1.34185,1.342,2.80,1.00
2009.07.03 02:01:00.484,1.34185,1.34205,3.20,4.00
2009.07.03 02:01:00.654,1.34175,1.342,6.00,1.00
2009.07.03 02:01:00.834,1.3418,1.34195,6.40,6.60
2009.07.03 02:01:01.174,1.34175,1.34195,1.60,1.60
2009.07.03 02:01:01.394,1.34185,1.342,2.80,1.00
2009.07.03 02:01:01.794,1.3418,1.342,7.00,1.00
2009.07.03 02:01:04.463,1.342,1.3421,1.00,20.00
2009.07.03 02:01:04.523,1.34195,1.34205,2.80,1.00
2009.07.03 02:01:05.223,1.3419,1.34205,7.20,1.00
2009.07.03 02:01:06.853,1.34195,1.34205,5.20,1.00
2009.07.03 02:01:06.963,1.342,1.3421,1.00,1.00
2009.07.03 02:01:07.323,1.3419,1.3421,6.60,1.00
2009.07.03 02:01:07.383,1.34195,1.34205,1.60,1.00
2009.07.03 02:01:07.443,1.3419,1.34205,8.00,1.00
2009.07.03 02:01:07.663,1.3419,1.34205,4.80,1.00
2009.07.03 02:01:07.723,1.34185,1.34205,10.80,1.00
2009.07.03 02:01:07.953,1.34185,1.34205,6.00,1.00
2009.07.03 02:01:10.662,1.34195,1.34205,1.00,1.00
2009.07.03 02:01:11.172,1.34195,1.34205,3.60,1.00
2009.07.03 02:01:11.402,1.3418,1.34205,1.80,1.00
2009.07.03 02:01:11.692,1.3418,1.342,2.20,1.00
2009.07.03 02:01:11.912,1.3418,1.342,1.00,1.00
2009.07.03 02:01:12.022,1.34175,1.342,20.40,3.40
2009.07.03 02:01:16.650,1.34175,1.3419,14.40,1.00
2009.07.03 02:01:16.830,1.34175,1.3419,11.20,1.00
2009.07.03 02:01:17.180,1.3417,1.3419,11.20,1.00
2009.07.03 02:01:17.290,1.3417,1.3419,12.80,1.00
2009.07.03 02:01:17.940,1.3417,1.3419,11.20,1.00
2009.07.03 02:01:18.620,1.34165,1.3419,1.60,1.00
2009.07.03 02:01:18.900,1.34165,1.34185,8.00,1.00
2009.07.03 02:01:19.120,1.3417,1.34185,3.20,1.00
2009.07.03 02:01:19.340,1.3417,1.34195,4.60,1.00
2009.07.03 02:01:19.700,1.3417,1.34195,7.80,3.40
2009.07.03 02:01:19.870,1.3417,1.3419,6.40,1.00
2009.07.03 02:01:19.990,1.3417,1.3419,11.20,1.00
2009.07.03 02:01:20.289,1.3418,1.342,1.00,1.80
2009.07.03 02:01:20.400,1.3418,1.342,1.00,1.00
2009.07.03 02:01:21.769,1.3418,1.342,3.80,1.00
2009.07.03 02:01:23.869,1.3417,1.34195,22.80,1.00
2009.07.03 02:01:24.099,1.3417,1.34195,14.80,1.00
2009.07.03 02:01:24.389,1.34175,1.34195,3.20,1.00
2009.07.03 02:01:24.669,1.34175,1.34195,6.40,1.00
2009.07.03 02:01:25.018,1.3419,1.342,3.20,3.20
2009.07.03 02:01:25.358,1.3418,1.342,20.60,3.20
2009.07.03 02:01:25.708,1.3418,1.342,7.00,1.00
2009.07.03 02:01:26.169,1.34175,1.34195,6.40,1.00
2009.07.03 02:01:26.878,1.34175,1.34195,11.20,1.00
2009.07.03 02:01:27.238,1.3418,1.34195,3.20,1.00
2009.07.03 02:01:27.408,1.3418,1.342,4.60,3.40
2009.07.03 02:01:27.638,1.3418,1.342,3.20,1.00
2009.07.03 02:01:27.758,1.3418,1.34195,11.20,1.00
2009.07.03 02:01:28.108,1.3418,1.342,6.40,1.00
2009.07.03 02:01:28.678,1.3418,1.34205,13.20,3.40
2009.07.03 02:01:29.038,1.3418,1.342,1.60,3.20
2009.07.03 02:01:30.077,1.3418,1.342,1.60,3.40
2009.07.03 02:01:30.597,1.3418,1.342,1.60,1.00
2009.07.03 02:01:30.767,1.3418,1.342,1.60,3.40
2009.07.03 02:01:30.947,1.34175,1.34185,1.60,3.20
2009.07.03 02:01:31.288,1.3418,1.34185,3.20,4.80
2009.07.03 02:01:31.397,1.3418,1.342,6.40,4.00
2009.07.03 02:01:31.637,1.34175,1.342,1.60,4.00
2009.07.03 02:01:31.757,1.3417,1.3419,8.00,1.00
2009.07.03 02:01:32.047,1.3417,1.3419,8.00,1.00
2009.07.03 02:01:32.157,1.34175,1.342,1.60,6.60
2009.07.03 02:01:32.337,1.34175,1.34185,1.60,1.60
2009.07.03 02:01:32.627,1.34175,1.34185,3.20,3.40
2009.07.03 02:01:32.847,1.34165,1.34185,1.60,3.20
2009.07.03 02:01:33.706,1.3417,1.34185,3.20,3.20
2009.07.03 02:01:33.996,1.3417,1.3419,4.80,1.60
2009.07.03 02:01:34.276,1.3417,1.34195,4.80,1.00
2009.07.03 02:01:34.556,1.3417,1.34195,12.80,1.00
2009.07.03 02:01:35.096,1.3418,1.34195,3.20,1.00
2009.07.03 02:01:35.436,1.3418,1.34185,3.20,3.20
2009.07.03 02:01:35.906,1.34175,1.342,12.80,1.80
2009.07.03 02:01:36.206,1.3418,1.34185,6.40,3.20
2009.07.03 02:01:36.316,1.3418,1.34195,3.20,8.20
2009.07.03 02:01:36.616,1.3418,1.34195,3.20,11.40
2009.07.03 02:01:36.736,1.34175,1.3419,6.40,1.00
2009.07.03 02:01:37.156,1.34175,1.34185,3.20,1.00
2009.07.03 02:01:37.626,1.3417,1.34185,11.20,1.00
2009.07.03 02:01:38.035,1.34155,1.3417,8.00,3.20
2009.07.03 02:01:38.316,1.34155,1.34175,4.80,1.60
2009.07.03 02:01:38.665,1.34155,1.3418,4.80,1.80
2009.07.03 02:01:38.905,1.34155,1.3418,12.80,1.80
2009.07.03 02:01:39.405,1.3416,1.34185,2.20,3.40
2009.07.03 02:01:39.755,1.3416,1.3418,10.20,1.00
2009.07.03 02:01:40.046,1.3416,1.3418,5.40,1.00
2009.07.03 02:01:40.345,1.3416,1.34175,1.60,3.20
2009.07.03 02:01:40.905,1.34155,1.34175,1.60,3.20
2009.07.03 02:01:44.224,1.34165,1.34175,3.20,3.20
2009.07.03 02:01:44.394,1.34165,1.34175,6.40,3.20
2009.07.03 02:01:44.694,1.34155,1.34175,1.60,3.20
2009.07.03 02:01:47.573,1.34155,1.3417,1.60,3.20
2009.07.03 02:01:48.503,1.34155,1.34175,1.60,3.20
2009.07.03 02:01:48.963,1.3415,1.34175,15.60,9.80
2009.07.03 02:01:49.183,1.34155,1.34175,1.60,3.20
2009.07.03 02:01:49.523,1.34165,1.34175,3.20,3.20
2009.07.03 02:01:49.643,1.3416,1.34175,2.20,3.20
2009.07.03 02:01:49.762,1.3416,1.34185,2.20,3.40
2009.07.03 02:01:50.652,1.34165,1.34185,8.00,3.40
2009.07.03 02:01:51.062,1.3416,1.34185,15.60,3.40
2009.07.03 02:01:51.792,1.3416,1.34175,15.60,11.40
2009.07.03 02:01:52.132,1.3416,1.34175,3.60,3.20
2009.07.03 02:01:52.942,1.34165,1.34175,3.20,3.20
2009.07.03 02:01:53.062,1.34165,1.34185,3.20,3.20
2009.07.03 02:01:53.402,1.34165,1.34185,1.60,3.20
2009.07.03 02:01:59.290,1.34165,1.34175,1.60,3.20
2009.07.03 02:01:59.650,1.34165,1.34175,6.40,3.20
2009.07.03 02:01:59.770,1.3416,1.34175,1.60,3.20
2009.07.03 02:01:59.940,1.34165,1.34175,1.00,6.40
2009.07.03 02:02:00.170,1.34165,1.34185,1.60,3.20
2009.07.03 02:02:01.470,1.3417,1.34185,1.00,3.20
2009.07.03 02:02:01.530,1.34175,1.34185,6.40,3.20
2009.07.03 02:02:01.940,1.34165,1.34185,4.80,3.20
2009.07.03 02:02:02.050,1.34165,1.34185,1.60,3.20
2009.07.03 02:02:04.199,1.3416,1.34175,2.20,2.40
2009.07.03 02:02:04.309,1.3416,1.34175,1.60,3.20
2009.07.03 02:02:05.838,1.3417,1.34185,3.20,5.00
2009.07.03 02:02:06.198,1.34165,1.34185,11.80,3.20
2009.07.03 02:02:07.178,1.34165,1.34185,8.40,3.40
2009.07.03 02:02:07.288,1.3416,1.34185,5.40,3.40
2009.07.03 02:02:07.688,1.3416,1.34185,13.40,3.40
2009.07.03 02:02:08.368,1.34165,1.34185,6.40,3.40
2009.07.03 02:02:08.528,1.34165,1.34185,8.60,3.20
2009.07.03 02:02:08.828,1.34165,1.34185,26.20,3.20
2009.07.03 02:02:09.118,1.3418,1.34185,3.20,3.20
2009.07.03 02:02:09.408,1.34185,1.34195,6.40,3.40
2009.07.03 02:02:09.818,1.3419,1.34195,3.20,3.40
2009.07.03 02:02:10.038,1.3419,1.34195,3.20,1.60
2009.07.03 02:02:10.438,1.3419,1.3422,1.60,1.20
2009.07.03 02:02:10.837,1.34195,1.34215,3.20,1.00
2009.07.03 02:02:11.178,1.342,1.34215,6.40,1.00
2009.07.03 02:02:11.568,1.342,1.34205,6.40,1.00
2009.07.03 02:02:12.037,1.342,1.34205,3.20,1.00
2009.07.03 02:02:12.547,1.34195,1.34205,3.20,1.00
2009.07.03 02:02:12.997,1.3419,1.342,3.20,1.00
2009.07.03 02:02:18.226,1.34185,1.34205,3.20,3.40
2009.07.03 02:02:18.386,1.34185,1.342,3.20,3.20
2009.07.03 02:02:18.555,1.34185,1.342,3.20,3.40
2009.07.03 02:02:18.826,1.3419,1.342,6.40,3.40
2009.07.03 02:02:19.865,1.3419,1.342,6.40,1.00
2009.07.03 02:02:20.555,1.3419,1.342,6.40,3.40
2009.07.03 02:02:21.585,1.3419,1.342,6.40,1.00
2009.07.03 02:02:26.514,1.3419,1.342,6.40,3.40
2009.07.03 02:02:30.193,1.3419,1.342,6.40,1.00
2009.07.03 02:02:30.823,1.3419,1.342,6.40,3.40
2009.07.03 02:02:31.003,1.34195,1.342,3.20,3.20
2009.07.03 02:02:31.412,1.34195,1.34205,3.20,3.40
2009.07.03 02:02:31.582,1.3419,1.34205,6.40,3.40
2009.07.03 02:02:31.742,1.3419,1.342,6.40,3.20
2009.07.03 02:02:32.102,1.34185,1.34205,4.80,2.40
2009.07.03 02:02:32.282,1.34185,1.3421,4.80,9.80
2009.07.03 02:02:32.402,1.34195,1.3421,3.20,1.00
2009.07.03 02:02:32.572,1.34195,1.34205,6.40,1.00
2009.07.03 02:02:32.922,1.34195,1.3421,6.40,1.00
2009.07.03 02:02:33.092,1.34205,1.3421,3.20,1.00
2009.07.03 02:02:33.502,1.34205,1.3421,6.40,1.00
2009.07.03 02:02:33.902,1.34205,1.3421,5.20,1.00
2009.07.03 02:02:35.601,1.34195,1.342,8.05,3.20
2009.07.03 02:02:35.901,1.34205,1.3421,3.20,4.60
2009.07.03 02:02:36.061,1.34195,1.342,5.20,3.20
2009.07.03 02:02:36.241,1.34195,1.34205,5.20,3.40
2009.07.03 02:02:36.941,1.34195,1.34205,5.20,2.60
2009.07.03 02:02:38.601,1.34195,1.34205,6.40,2.60
2009.07.03 02:02:45.949,1.3418,1.342,6.60,4.00
2009.07.03 02:02:46.129,1.3419,1.342,3.20,4.20
2009.07.03 02:02:46.289,1.34195,1.342,3.20,1.80
2009.07.03 02:02:46.589,1.3418,1.342,3.80,1.00
2009.07.03 02:02:46.699,1.3418,1.342,3.80,1.00
2009.07.03 02:02:46.999,1.3418,1.342,3.80,2.60
2009.07.03 02:02:47.168,1.34195,1.342,3.20,2.60
2009.07.03 02:02:47.329,1.34195,1.342,3.20,1.80
2009.07.03 02:02:47.569,1.34195,1.342,3.20,1.00
2009.07.03 02:02:47.739,1.34195,1.342,6.40,1.00
2009.07.03 02:02:48.378,1.34195,1.342,3.20,1.00
2009.07.03 02:02:48.658,1.34185,1.342,7.00,1.00
2009.07.03 02:02:49.128,1.34185,1.342,6.40,2.60
2009.07.03 02:02:49.588,1.34185,1.342,6.40,1.00
2009.07.03 02:02:49.988,1.34185,1.342,6.40,1.00
2009.07.03 02:02:51.088,1.34185,1.342,6.40,2.60
2009.07.03 02:02:52.957,1.3419,1.342,3.20,3.40
2009.07.03 02:02:53.067,1.3419,1.342,6.40,3.40
2009.07.03 02:02:53.297,1.3419,1.342,6.40,3.20
2009.07.03 02:02:54.287,1.3419,1.34205,6.40,4.20
2009.07.03 02:02:54.737,1.3419,1.34205,6.40,4.20
2009.07.03 02:02:54.957,1.3419,1.34205,6.40,4.20
2009.07.03 02:02:55.367,1.3419,1.342,6.40,1.00
2009.07.03 02:02:56.206,1.34195,1.34205,1.00,2.40
2009.07.03 02:02:56.546,1.3419,1.34205,7.00,1.00
2009.07.03 02:02:56.936,1.342,1.34205,3.20,1.00
2009.07.03 02:02:57.236,1.342,1.3421,6.40,2.60
2009.07.03 02:02:57.346,1.342,1.3421,6.40,1.00
2009.07.03 02:02:57.576,1.342,1.3421,6.40,1.00
2009.07.03 02:02:58.956,1.34215,1.3422,3.20,3.30
2009.07.03 02:02:59.016,1.34215,1.34225,6.40,2.40
2009.07.03 02:02:59.526,1.34215,1.3423,7.00,2.60
2009.07.03 02:03:08.103,1.3422,1.3423,1.60,2.60
2009.07.03 02:03:08.274,1.3422,1.34235,5.40,2.60
2009.07.03 02:03:10.233,1.34225,1.34235,1.60,2.60
2009.07.03 02:03:10.353,1.34225,1.34235,4.80,2.60
2009.07.03 02:03:10.473,1.34225,1.34235,6.40,2.60
2009.07.03 02:03:11.113,1.34235,1.3424,3.20,2.40
2009.07.03 02:03:11.173,1.34235,1.3424,3.20,2.60
2009.07.03 02:03:11.233,1.3423,1.3424,6.40,2.60
2009.07.03 02:03:12.123,1.3423,1.34235,3.20,1.00
2009.07.03 02:03:12.293,1.34225,1.34235,6.40,2.60
2009.07.03 02:03:12.692,1.34225,1.34235,6.40,4.20
2009.07.03 02:03:14.602,1.3422,1.3423,6.40,1.00
2009.07.03 02:03:23.740,1.34225,1.3423,3.20,1.00
2009.07.03 02:03:23.900,1.34225,1.3423,6.40,1.00
2009.07.03 02:03:26.289,1.3423,1.34235,4.80,1.00
2009.07.03 02:03:26.459,1.3423,1.34235,3.20,1.00
2009.07.03 02:03:27.029,1.34225,1.34235,6.40,1.00
2009.07.03 02:03:31.508,1.34225,1.34235,3.20,1.80
2009.07.03 02:03:31.738,1.34225,1.3423,3.20,1.00
2009.07.03 02:03:31.858,1.3422,1.3423,6.40,1.00
2009.07.03 02:03:38.167,1.3423,1.3424,6.40,2.60
2009.07.03 02:03:42.415,1.3423,1.3424,6.40,1.20
2009.07.03 02:03:42.585,1.3423,1.3424,6.40,1.00
2009.07.03 02:03:43.515,1.34225,1.3424,3.20,1.00
2009.07.03 02:03:43.695,1.3423,1.3424,6.40,1.00
2009.07.03 02:04:00.671,1.3423,1.34235,3.20,1.00
2009.07.03 02:04:00.891,1.34225,1.34235,6.40,1.00
2009.07.03 02:04:15.567,1.3422,1.3423,6.40,1.00
2009.07.03 02:04:22.886,1.3422,1.3423,6.40,1.60
2009.07.03 02:04:22.996,1.3422,1.34225,6.40,3.00
2009.07.03 02:04:23.226,1.3421,1.34225,11.20,4.60
2009.07.03 02:04:23.506,1.34205,1.3421,6.40,1.00
2009.07.03 02:04:23.845,1.342,1.34205,6.40,3.20
2009.07.03 02:04:24.345,1.34205,1.3421,3.20,3.40
2009.07.03 02:04:24.625,1.34205,1.3421,3.20,1.00
2009.07.03 02:04:25.315,1.3421,1.34215,3.20,7.70
2009.07.03 02:04:25.495,1.3421,1.34215,6.40,11.40
2009.07.03 02:04:25.845,1.34215,1.3422,3.20,2.80
2009.07.03 02:04:26.065,1.34215,1.34225,6.40,3.00
2009.07.03 02:04:26.945,1.34215,1.3422,6.40,1.00
2009.07.03 02:04:27.175,1.3422,1.34225,3.20,1.70
2009.07.03 02:04:27.524,1.3422,1.34225,3.20,3.00
2009.07.03 02:04:27.585,1.34215,1.3422,4.80,1.00
2009.07.03 02:04:27.865,1.34215,1.3422,6.40,1.00
2009.07.03 02:04:28.424,1.34215,1.3422,6.40,1.00
2009.07.03 02:04:28.764,1.34215,1.34225,6.40,1.00
2009.07.03 02:04:29.094,1.34225,1.3423,3.20,3.00
2009.07.03 02:04:29.204,1.34225,1.3423,3.20,1.20
2009.07.03 02:04:29.434,1.34225,1.34235,3.20,11.00
2009.07.03 02:04:29.794,1.34225,1.3423,3.20,1.00
2009.07.03 02:04:32.124,1.34215,1.3422,4.80,1.00
2009.07.03 02:04:32.423,1.34215,1.3422,6.40,1.00
2009.07.03 02:04:34.493,1.34215,1.34225,6.40,1.00
2009.07.03 02:04:35.833,1.34215,1.34225,6.40,3.00
2009.07.03 02:04:37.322,1.34215,1.3422,6.40,3.80
2009.07.03 02:04:37.492,1.34215,1.3422,3.20,8.00
2009.07.03 02:04:37.552,1.34205,1.3422,1.60,8.00
2009.07.03 02:04:37.712,1.3421,1.3422,1.00,8.00
2009.07.03 02:04:37.772,1.3421,1.34215,1.00,1.60
2009.07.03 02:04:37.892,1.3421,1.3422,1.00,8.00
2009.07.03 02:04:38.122,1.3421,1.3422,3.20,3.60
2009.07.03 02:04:38.182,1.3421,1.34225,6.40,1.00
2009.07.03 02:04:42.401,1.34205,1.3422,6.40,1.00
2009.07.03 02:04:43.441,1.34205,1.3421,6.40,1.00
2009.07.03 02:04:43.730,1.34205,1.3422,8.00,1.00
2009.07.03 02:04:44.360,1.34205,1.3421,6.40,1.60
2009.07.03 02:04:44.650,1.342,1.34205,5.60,1.80
2009.07.03 02:04:44.710,1.34205,1.3421,3.20,5.00
2009.07.03 02:04:44.830,1.34195,1.34205,6.40,3.40
2009.07.03 02:04:45.110,1.34195,1.342,6.40,3.20
2009.07.03 02:04:45.680,1.34195,1.342,6.40,1.00
2009.07.03 02:04:45.900,1.34195,1.342,6.40,3.40
2009.07.03 02:04:46.460,1.34195,1.342,6.40,1.00
2009.07.03 02:04:47.830,1.34185,1.342,6.40,1.00
2009.07.03 02:04:47.890,1.34195,1.342,3.20,1.00
2009.07.03 02:04:48.120,1.3419,1.342,6.40,1.00
2009.07.03 02:04:48.399,1.3419,1.342,6.40,3.40
2009.07.03 02:04:48.909,1.3419,1.342,6.40,1.00
2009.07.03 02:04:51.359,1.34185,1.34195,3.20,1.00
2009.07.03 02:04:51.648,1.3419,1.34195,6.40,1.00
2009.07.03 02:04:51.869,1.3419,1.342,6.40,3.40
2009.07.03 02:04:52.109,1.3419,1.342,6.40,1.00
2009.07.03 02:04:54.888,1.34185,1.342,3.20,1.00
2009.07.03 02:04:54.948,1.34185,1.34205,3.20,3.40
2009.07.03 02:04:55.238,1.3419,1.34205,3.20,3.40
2009.07.03 02:04:55.578,1.34185,1.34205,3.20,3.40
2009.07.03 02:04:55.927,1.34195,1.34215,6.40,1.00
2009.07.03 02:04:56.607,1.34195,1.3422,8.00,1.00
2009.07.03 02:04:57.827,1.342,1.3422,3.20,1.00
2009.07.03 02:04:57.887,1.342,1.3422,6.40,1.00
2009.07.03 02:05:00.426,1.342,1.34225,6.40,8.00
2009.07.03 02:05:00.487,1.342,1.3422,6.40,1.00
2009.07.03 02:05:01.116,1.342,1.34215,6.40,1.00
2009.07.03 02:05:01.516,1.342,1.34215,7.00,1.00
2009.07.03 02:05:01.806,1.342,1.34215,6.40,1.00
2009.07.03 02:05:04.126,1.34205,1.34215,3.20,1.00
2009.07.03 02:05:04.246,1.34205,1.34215,6.40,1.00
2009.07.03 02:05:05.055,1.34205,1.34215,3.20,1.00
2009.07.03 02:05:05.115,1.342,1.34215,6.40,1.00
2009.07.03 02:05:14.423,1.34205,1.34215,3.20,1.00
2009.07.03 02:05:14.593,1.34205,1.34215,6.40,1.00
2009.07.03 02:05:15.743,1.342,1.34215,6.40,1.00
2009.07.03 02:05:17.003,1.342,1.3422,3.80,1.00
2009.07.03 02:05:17.592,1.342,1.3422,3.80,1.00
2009.07.03 02:05:17.652,1.342,1.3422,3.80,2.60
2009.07.03 02:05:22.931,1.342,1.3422,3.80,4.20
2009.07.03 02:05:23.091,1.34205,1.3422,6.40,4.20
2009.07.03 02:05:24.291,1.34205,1.34215,6.40,1.60
2009.07.03 02:05:24.471,1.34205,1.34215,6.40,2.40
2009.07.03 02:05:27.700,1.34205,1.34215,3.20,2.40
2009.07.03 02:05:27.940,1.342,1.34215,7.00,2.40
2009.07.03 02:05:28.170,1.342,1.34215,5.40,2.40
2009.07.03 02:05:29.139,1.342,1.3422,5.40,2.60
2009.07.03 02:05:30.779,1.342,1.34215,5.40,1.00
2009.07.03 02:05:30.939,1.342,1.3422,5.40,2.60
2009.07.03 02:05:32.459,1.342,1.3422,7.00,2.60
2009.07.03 02:05:37.537,1.342,1.3422,5.40,2.60
2009.07.03 02:05:40.167,1.342,1.3422,5.40,4.20
2009.07.03 02:05:41.417,1.34205,1.3422,1.00,4.20
2009.07.03 02:05:41.477,1.34205,1.3422,1.60,4.20
2009.07.03 02:05:41.657,1.34205,1.3422,1.60,2.60
2009.07.03 02:05:41.897,1.34205,1.3422,1.60,2.40
2009.07.03 02:05:42.007,1.34205,1.3422,3.20,2.40
2009.07.03 02:05:42.547,1.342,1.34225,3.80,10.60
2009.07.03 02:05:43.126,1.342,1.34215,2.20,2.40
2009.07.03 02:05:44.136,1.34195,1.34215,9.40,2.40
2009.07.03 02:05:44.416,1.34195,1.3422,3.00,2.60
2009.07.03 02:05:46.236,1.342,1.34215,3.20,3.20
2009.07.03 02:05:46.415,1.342,1.34215,2.80,3.40
2009.07.03 02:05:46.815,1.3421,1.3422,3.20,1.60
2009.07.03 02:05:47.205,1.3421,1.34225,3.20,1.60
2009.07.03 02:05:47.365,1.3421,1.3423,6.40,4.20
2009.07.03 02:05:47.705,1.3421,1.3423,3.20,4.20
2009.07.03 02:05:47.995,1.34205,1.3423,12.60,2.60
2009.07.03 02:05:48.275,1.34215,1.3423,1.00,2.60
2009.07.03 02:05:48.625,1.3422,1.3423,6.40,1.00
2009.07.03 02:05:51.324,1.3422,1.34235,6.40,1.00
2009.07.03 02:05:51.734,1.34225,1.34235,6.40,1.00
2009.07.03 02:05:51.964,1.34225,1.3424,6.40,3.40
2009.07.03 02:05:52.184,1.3422,1.34235,11.20,1.00
2009.07.03 02:05:53.224,1.3422,1.3423,11.20,3.20
2009.07.03 02:05:53.454,1.3422,1.34235,11.20,5.80
2009.07.03 02:05:53.634,1.3422,1.34235,8.00,4.20
2009.07.03 02:05:53.874,1.3422,1.34235,6.40,4.20
2009.07.03 02:05:54.523,1.34225,1.34235,3.20,1.60
2009.07.03 02:05:54.803,1.34225,1.3424,11.20,5.00
2009.07.03 02:05:54.913,1.3422,1.3424,16.80,5.00
2009.07.03 02:05:55.083,1.34225,1.3424,13.20,1.00
2009.07.03 02:05:55.194,1.34225,1.34245,13.20,9.80
2009.07.03 02:05:55.423,1.3422,1.34245,21.20,3.40
2009.07.03 02:05:57.983,1.3423,1.34245,1.00,6.60
2009.07.03 02:05:58.153,1.3423,1.34245,3.80,4.00
2009.07.03 02:05:58.272,1.3423,1.34245,11.80,2.40
2009.07.03 02:05:59.262,1.3423,1.3424,11.80,2.40
2009.07.03 02:05:59.422,1.3423,1.3424,8.00,2.40
2009.07.03 02:05:59.592,1.3423,1.3424,4.80,2.40
2009.07.03 02:05:59.642,1.3423,1.3424,5.40,2.40
2009.07.03 02:05:59.702,1.3423,1.3424,8.60,2.40
2009.07.03 02:05:59.932,1.3423,1.3424,7.00,2.40
2009.07.03 02:06:00.332,1.3423,1.3424,11.80,2.40
2009.07.03 02:06:00.733,1.34225,1.3424,8.00,2.40
2009.07.03 02:06:00.952,1.3423,1.3424,4.80,4.00
2009.07.03 02:06:01.242,1.34225,1.3424,10.00,4.00
2009.07.03 02:06:01.932,1.34225,1.34245,10.00,5.80
2009.07.03 02:06:02.342,1.3422,1.3423,8.00,1.00
2009.07.03 02:06:02.511,1.3422,1.3423,8.00,3.40
2009.07.03 02:06:02.571,1.34215,1.3423,3.60,3.40
2009.07.03 02:06:02.622,1.3421,1.3423,9.40,3.40
2009.07.03 02:06:02.732,1.3421,1.3423,10.00,1.00
2009.07.03 02:06:02.792,1.34215,1.34235,3.60,4.20
2009.07.03 02:06:02.842,1.34215,1.34235,8.00,4.20
2009.07.03 02:06:03.011,1.34215,1.34235,8.00,2.60
2009.07.03 02:06:03.861,1.3422,1.3423,4.80,2.60
2009.07.03 02:06:04.141,1.3421,1.3423,1.00,2.60
2009.07.03 02:06:04.261,1.34205,1.3423,15.80,2.60
2009.07.03 02:06:04.601,1.34205,1.3423,14.20,2.60
2009.07.03 02:06:04.951,1.3421,1.3423,1.00,2.60
2009.07.03 02:06:05.451,1.3421,1.3423,1.60,2.60
2009.07.03 02:06:05.691,1.3421,1.3423,3.20,2.60
2009.07.03 02:06:07.370,1.3421,1.3423,3.20,2.60
2009.07.03 02:06:07.430,1.3421,1.3423,1.60,2.60
2009.07.03 02:06:09.930,1.34215,1.3423,3.20,2.60
2009.07.03 02:06:10.090,1.3421,1.3423,8.00,2.60
2009.07.03 02:06:10.610,1.3421,1.34225,4.80,1.00
2009.07.03 02:06:11.130,1.3421,1.34225,6.40,1.00
2009.07.03 02:06:11.979,1.3421,1.3423,6.40,4.20
2009.07.03 02:06:12.209,1.3421,1.34225,6.40,1.00
2009.07.03 02:06:12.609,1.3421,1.34225,11.20,1.00
2009.07.03 02:06:13.589,1.3421,1.3423,11.20,1.00
2009.07.03 02:06:16.248,1.34215,1.34235,4.60,3.40
2009.07.03 02:06:16.888,1.3421,1.3423,12.60,3.20
2009.07.03 02:06:17.418,1.3421,1.3423,8.00,1.00
2009.07.03 02:06:17.928,1.3422,1.3423,3.20,1.00
2009.07.03 02:06:18.048,1.3422,1.3423,3.20,3.20
2009.07.03 02:06:18.398,1.34215,1.34235,4.60,3.40
2009.07.03 02:06:19.338,1.34215,1.3423,4.60,3.20
2009.07.03 02:06:20.178,1.34215,1.34235,4.60,3.40
2009.07.03 02:06:20.237,1.3422,1.34235,3.20,3.40
2009.07.03 02:06:20.777,1.3422,1.34235,4.80,3.40
2009.07.03 02:06:23.966,1.34215,1.3423,4.80,3.20
2009.07.03 02:06:25.696,1.3422,1.34235,6.40,1.80
2009.07.03 02:06:25.756,1.34225,1.34235,3.20,1.80
2009.07.03 02:06:25.816,1.34225,1.34235,6.40,1.00
2009.07.03 02:06:31.495,1.3422,1.34235,6.40,1.80
2009.07.03 02:06:31.905,1.3422,1.34235,6.40,2.60
2009.07.03 02:06:32.124,1.3422,1.34235,6.40,2.60
2009.07.03 02:06:32.524,1.3422,1.3424,3.20,4.20
2009.07.03 02:06:33.044,1.3422,1.3424,3.20,2.60
2009.07.03 02:06:35.723,1.3422,1.3424,3.20,4.20
2009.07.03 02:06:38.113,1.3422,1.3424,3.20,7.40
2009.07.03 02:06:38.233,1.3422,1.3424,3.20,5.80
2009.07.03 02:06:38.343,1.3422,1.3424,3.20,4.20
2009.07.03 02:06:38.523,1.3422,1.3424,3.20,3.40
2009.07.03 02:06:42.312,1.3423,1.3424,8.00,3.40
2009.07.03 02:06:42.762,1.3423,1.3424,8.00,3.20
2009.07.03 02:06:45.741,1.3423,1.34245,8.00,3.40
2009.07.03 02:06:47.871,1.3423,1.34245,8.00,1.80
2009.07.03 02:06:47.991,1.34235,1.34245,3.20,1.80
2009.07.03 02:06:48.281,1.34235,1.34245,6.40,1.00
2009.07.03 02:06:49.311,1.34235,1.34245,3.20,1.00
2009.07.03 02:06:49.481,1.3423,1.34245,9.60,1.00
2009.07.03 02:06:49.710,1.3423,1.34245,9.60,1.80
2009.07.03 02:06:49.830,1.34225,1.3424,12.80,1.00
2009.07.03 02:06:53.989,1.34235,1.34245,6.40,1.00
2009.07.03 02:06:54.049,1.34235,1.34245,6.40,1.00
2009.07.03 02:06:54.869,1.34235,1.34245,8.00,1.00
2009.07.03 02:06:55.219,1.3423,1.34245,12.80,2.60
2009.07.03 02:06:55.499,1.3423,1.34245,12.80,1.00
2009.07.03 02:06:56.419,1.3423,1.34245,12.80,1.00
2009.07.03 02:06:56.879,1.34225,1.3424,12.80,1.00
2009.07.03 02:06:57.168,1.3423,1.3424,1.60,1.00
2009.07.03 02:06:58.199,1.3423,1.34245,12.80,1.00
2009.07.03 02:06:59.938,1.3423,1.34245,12.80,1.80
2009.07.03 02:07:00.178,1.34225,1.34245,8.00,1.80
2009.07.03 02:07:00.348,1.34225,1.34245,12.80,2.40
2009.07.03 02:07:00.668,1.34225,1.3424,12.80,1.00
2009.07.03 02:07:01.517,1.3423,1.3424,1.60,1.00
2009.07.03 02:07:02.027,1.34225,1.3424,12.80,1.00
2009.07.03 02:07:02.137,1.34225,1.3424,11.20,1.00
2009.07.03 02:07:02.597,1.3423,1.3424,3.20,1.00
2009.07.03 02:07:02.927,1.3423,1.3424,11.20,1.00
2009.07.03 02:07:03.847,1.3423,1.34245,11.20,1.00
2009.07.03 02:07:03.967,1.3423,1.34245,13.40,1.00
2009.07.03 02:07:04.437,1.34235,1.3425,3.20,1.00
2009.07.03 02:07:04.896,1.34235,1.3425,8.00,1.00
2009.07.03 02:07:05.176,1.34235,1.3425,8.00,1.80
2009.07.03 02:07:05.396,1.3423,1.3425,1.60,1.80
2009.07.03 02:07:05.566,1.34225,1.34245,20.80,1.00
2009.07.03 02:07:07.456,1.34225,1.34245,11.20,1.00
2009.07.03 02:07:07.806,1.3423,1.34245,3.20,1.00
2009.07.03 02:07:08.096,1.3423,1.34245,11.20,1.00
2009.07.03 02:07:08.206,1.34225,1.34245,11.20,1.00
2009.07.03 02:07:08.546,1.34225,1.3425,12.80,2.60
2009.07.03 02:07:09.415,1.3423,1.34245,11.20,1.00
2009.07.03 02:07:14.674,1.3423,1.34245,8.00,1.00
2009.07.03 02:07:14.904,1.3422,1.34245,24.00,1.00
2009.07.03 02:07:15.064,1.3422,1.34245,13.40,1.00
2009.07.03 02:07:15.294,1.3422,1.34245,5.40,1.00
2009.07.03 02:07:16.024,1.3422,1.34245,5.40,12.00
2009.07.03 02:07:16.244,1.3422,1.34245,5.40,14.40
2009.07.03 02:07:16.634,1.34225,1.3424,3.20,1.00
2009.07.03 02:07:16.974,1.3421,1.34235,11.80,1.00
2009.07.03 02:07:17.154,1.34215,1.3424,4.80,1.00
2009.07.03 02:07:17.374,1.34215,1.3424,4.80,8.20
2009.07.03 02:07:17.893,1.34215,1.3424,1.60,1.00
2009.07.03 02:07:24.352,1.34215,1.3424,1.60,4.00
2009.07.03 02:07:24.412,1.34215,1.34235,1.60,3.20
2009.07.03 02:07:24.532,1.34215,1.34235,1.60,3.20
2009.07.03 02:07:24.882,1.3421,1.34235,2.20,14.60
2009.07.03 02:07:26.651,1.3421,1.34235,1.60,14.60
2009.07.03 02:07:26.831,1.3421,1.34235,1.60,13.00
2009.07.03 02:07:27.001,1.342,1.34225,9.60,1.00
2009.07.03 02:07:27.861,1.3421,1.34225,1.00,1.00
2009.07.03 02:07:30.031,1.3421,1.34235,2.20,18.40
2009.07.03 02:07:30.811,1.3421,1.34235,2.20,14.60
2009.07.03 02:07:31.391,1.3421,1.34235,2.20,13.00
2009.07.03 02:07:31.850,1.3421,1.34235,2.20,1.00
2009.07.03 02:07:32.940,1.34215,1.34235,1.00,1.00
2009.07.03 02:07:33.170,1.34215,1.3424,1.60,1.80
2009.07.03 02:07:33.460,1.3421,1.34235,2.20,1.00
2009.07.03 02:07:38.289,1.34215,1.34235,2.80,1.00
2009.07.03 02:07:38.519,1.3421,1.34235,15.00,1.00
2009.07.03 02:07:38.868,1.34215,1.34235,1.00,1.00
2009.07.03 02:07:39.228,1.3421,1.34235,13.40,1.00
2009.07.03 02:07:39.588,1.3421,1.34235,15.00,1.00
2009.07.03 02:07:39.928,1.3421,1.34235,10.20,1.00
2009.07.03 02:07:40.698,1.3421,1.34235,15.00,1.00
2009.07.03 02:07:41.048,1.3421,1.34235,8.60,1.00
2009.07.03 02:07:41.408,1.3421,1.34235,10.20,1.00
2009.07.03 02:07:42.527,1.3421,1.34235,2.20,1.00
2009.07.03 02:07:43.377,1.3422,1.34235,1.00,1.00
2009.07.03 02:07:43.957,1.34225,1.3424,1.00,1.00
2009.07.03 02:07:44.307,1.34225,1.3423,1.00,1.00
2009.07.03 02:07:44.527,1.34215,1.34225,1.40,2.40
2009.07.03 02:07:48.526,1.34225,1.3423,1.00,2.20
2009.07.03 02:07:48.646,1.34225,1.3423,1.00,2.40
2009.07.03 02:07:50.036,1.34215,1.3423,1.60,2.40
2009.07.03 02:07:56.514,1.34215,1.3423,1.60,2.40
2009.07.03 02:07:56.814,1.3422,1.34225,1.00,2.40
2009.07.03 02:07:56.984,1.34215,1.3423,1.00,2.60
2009.07.03 02:07:57.104,1.34215,1.34225,1.00,2.40
2009.07.03 02:07:57.334,1.3421,1.34225,3.80,2.40
2009.07.03 02:07:57.574,1.3422,1.34225,1.00,2.40
2009.07.03 02:07:57.794,1.3422,1.34225,1.00,1.00
2009.07.03 02:07:58.024,1.3422,1.34225,1.00,1.60
2009.07.03 02:07:58.504,1.3422,1.34225,1.00,2.40
2009.07.03 02:07:58.743,1.34225,1.3423,1.00,2.40
2009.07.03 02:07:58.974,1.3422,1.3423,1.00,2.40
2009.07.03 02:08:00.353,1.34225,1.3423,1.00,2.40
2009.07.03 02:08:03.832,1.3422,1.34235,1.00,2.60
2009.07.03 02:08:04.412,1.34225,1.3423,1.00,2.40
2009.07.03 02:08:08.761,1.34215,1.3423,1.60,2.40
2009.07.03 02:08:09.881,1.34215,1.3423,1.40,2.40
2009.07.03 02:08:10.381,1.3421,1.34235,8.20,2.60
2009.07.03 02:08:10.561,1.3421,1.34235,9.80,2.60
2009.07.03 02:08:23.458,1.3421,1.34225,3.40,2.40
2009.07.03 02:08:23.638,1.3421,1.3422,3.40,2.40
2009.07.03 02:08:24.497,1.3421,1.3422,3.40,2.40
2009.07.03 02:08:25.077,1.3421,1.3422,2.80,2.40
2009.07.03 02:08:25.137,1.342,1.3422,7.20,1.00
2009.07.03 02:08:25.257,1.342,1.3422,6.60,1.00
2009.07.03 02:08:25.477,1.34195,1.3422,3.20,1.00
2009.07.03 02:08:25.597,1.34195,1.3422,1.60,1.00
2009.07.03 02:08:27.307,1.34205,1.3422,1.00,1.00
2009.07.03 02:08:28.066,1.34195,1.3422,3.80,1.00
2009.07.03 02:08:28.176,1.34195,1.3421,2.20,1.00
2009.07.03 02:08:28.406,1.34195,1.3421,1.00,1.00
2009.07.03 02:08:32.096,1.3419,1.3421,7.80,1.00
2009.07.03 02:08:33.145,1.34205,1.3421,1.60,1.00
2009.07.03 02:08:33.195,1.3421,1.34225,1.00,14.60
2009.07.03 02:08:33.315,1.3421,1.3422,1.00,1.00
2009.07.03 02:08:33.545,1.342,1.34215,3.00,1.60
2009.07.03 02:08:33.605,1.34205,1.34215,1.60,3.60
2009.07.03 02:08:33.715,1.34195,1.34205,1.60,1.00
2009.07.03 02:08:33.775,1.34195,1.3421,1.60,1.00
2009.07.03 02:08:34.185,1.3419,1.3421,7.80,1.00
2009.07.03 02:08:34.865,1.3419,1.34205,6.40,1.00
2009.07.03 02:08:35.255,1.34185,1.34205,1.00,1.00
2009.07.03 02:08:35.594,1.34185,1.342,1.00,1.00
2009.07.03 02:08:36.644,1.34185,1.34205,1.00,1.00
2009.07.03 02:08:41.753,1.342,1.34215,1.00,18.40
2009.07.03 02:08:41.983,1.3419,1.34205,3.20,1.00
2009.07.03 02:08:42.333,1.34185,1.34205,5.40,1.00
2009.07.03 02:08:42.503,1.34185,1.34205,1.00,1.00
2009.07.03 02:08:43.343,1.34195,1.3421,3.20,1.00
2009.07.03 02:08:43.513,1.342,1.3421,3.20,1.00
2009.07.03 02:08:43.843,1.342,1.3422,1.20,1.60
2009.07.03 02:08:44.063,1.34195,1.3422,8.20,1.00
2009.07.03 02:08:44.462,1.34195,1.3422,14.60,1.00
2009.07.03 02:08:48.111,1.34195,1.3422,14.00,1.00
2009.07.03 02:08:48.222,1.34195,1.3422,14.00,1.80
2009.07.03 02:08:48.281,1.34195,1.3421,12.80,1.00
2009.07.03 02:08:48.452,1.34195,1.3421,6.40,1.00
2009.07.03 02:08:48.981,1.34195,1.3421,8.00,1.00
2009.07.03 02:08:49.731,1.34195,1.3421,11.20,1.00
2009.07.03 02:08:50.141,1.34195,1.3421,12.80,1.00
2009.07.03 02:08:53.211,1.34205,1.3421,3.20,1.00
2009.07.03 02:08:53.270,1.34205,1.34215,3.20,1.60
2009.07.03 02:08:53.321,1.34205,1.34225,6.40,3.40
2009.07.03 02:08:53.431,1.34205,1.34225,6.40,1.00
2009.07.03 02:08:56.380,1.342,1.34215,6.40,1.00
2009.07.03 02:08:56.560,1.342,1.34215,11.20,1.00
2009.07.03 02:08:56.899,1.342,1.34215,12.80,1.00
2009.07.03 02:08:57.469,1.342,1.34215,11.20,1.00
2009.07.03 02:09:08.577,1.34195,1.3421,15.00,1.00
2009.07.03 02:09:08.807,1.34195,1.3421,7.00,1.00
2009.07.03 02:09:13.646,1.34205,1.3421,3.20,1.00
2009.07.03 02:09:13.765,1.34205,1.34215,3.20,1.00
2009.07.03 02:09:14.125,1.3421,1.3422,3.20,2.60
2009.07.03 02:09:14.236,1.3421,1.34225,3.80,9.00
2009.07.03 02:09:14.687,1.34205,1.34215,3.20,1.00
2009.07.03 02:09:14.985,1.34195,1.3421,19.80,1.00
2009.07.03 02:09:15.215,1.34195,1.3421,7.00,1.00
2009.07.03 02:09:15.555,1.34205,1.34215,2.20,1.00
2009.07.03 02:09:15.665,1.34205,1.34225,2.20,11.40
2009.07.03 02:09:16.015,1.34205,1.34215,4.80,1.00
2009.07.03 02:09:16.135,1.342,1.34215,1.00,1.00
2009.07.03 02:09:16.255,1.3419,1.34215,4.80,1.00
2009.07.03 02:09:16.545,1.3419,1.34215,12.80,1.00
2009.07.03 02:09:16.825,1.34205,1.34225,1.00,16.20
2009.07.03 02:09:17.225,1.34205,1.3422,7.60,1.00
2009.07.03 02:09:17.675,1.34205,1.3422,14.00,1.00
2009.07.03 02:09:18.074,1.34205,1.3422,15.60,1.00
2009.07.03 02:09:18.664,1.3421,1.3422,1.00,1.00
2009.07.03 02:09:18.904,1.3421,1.34225,1.00,6.60
2009.07.03 02:09:19.544,1.34205,1.34215,9.60,1.00
2009.07.03 02:09:19.784,1.34205,1.3422,12.80,1.00
2009.07.03 02:09:20.254,1.34205,1.3422,13.00,1.00
2009.07.03 02:09:20.434,1.34205,1.3422,12.20,1.00
2009.07.03 02:09:20.784,1.3421,1.34225,3.20,6.60
2009.07.03 02:09:21.004,1.3421,1.34225,6.40,6.60
2009.07.03 02:09:21.304,1.3421,1.34225,6.60,6.60
2009.07.03 02:09:21.524,1.3421,1.34225,7.20,5.60
2009.07.03 02:09:21.803,1.34225,1.3423,1.00,3.40
2009.07.03 02:09:22.223,1.3423,1.3425,1.00,4.20
2009.07.03 02:09:22.283,1.3422,1.3425,2.80,2.60
2009.07.03 02:09:22.334,1.34215,1.34245,13.40,1.00
2009.07.03 02:09:24.303,1.34215,1.3424,13.60,1.00
2009.07.03 02:09:24.743,1.34215,1.3424,13.80,1.00
2009.07.03 02:09:25.773,1.34215,1.3424,13.40,1.00
2009.07.03 02:09:26.003,1.34215,1.34235,13.40,1.00
2009.07.03 02:09:26.113,1.34215,1.34235,13.60,1.00
2009.07.03 02:09:26.173,1.34215,1.34235,13.80,1.00
2009.07.03 02:09:26.233,1.3422,1.34235,3.20,1.00
2009.07.03 02:09:26.683,1.34225,1.3424,7.00,1.00
2009.07.03 02:09:26.913,1.34225,1.3424,3.80,1.00
2009.07.03 02:09:27.372,1.34225,1.3424,7.00,1.00
2009.07.03 02:09:27.532,1.34225,1.3424,3.80,1.00
2009.07.03 02:09:27.772,1.34225,1.3424,1.00,1.00
2009.07.03 02:09:31.781,1.34225,1.3424,7.00,1.00
2009.07.03 02:09:32.181,1.34225,1.3424,3.80,1.00
2009.07.03 02:09:32.411,1.34225,1.3424,7.00,1.00
2009.07.03 02:09:32.641,1.34225,1.3424,3.80,1.00
2009.07.03 02:09:32.761,1.34225,1.3424,1.00,1.00
2009.07.03 02:09:36.740,1.34225,1.3424,7.00,1.00
2009.07.03 02:09:41.619,1.3423,1.3424,1.00,1.00
2009.07.03 02:09:41.799,1.34235,1.34245,3.20,1.00
2009.07.03 02:09:42.479,1.34235,1.3425,3.20,1.00
2009.07.03 02:09:42.758,1.3423,1.3425,12.00,1.00
2009.07.03 02:09:47.857,1.3423,1.34255,13.60,9.00
2009.07.03 02:09:47.917,1.34235,1.34255,1.00,9.00
2009.07.03 02:09:47.967,1.34235,1.34255,3.40,9.00
2009.07.03 02:09:50.117,1.34245,1.3426,7.00,1.00
2009.07.03 02:09:50.347,1.34255,1.34265,3.20,1.00
2009.07.03 02:09:50.697,1.34255,1.34275,1.60,8.00
2009.07.03 02:09:50.817,1.34255,1.34275,11.20,1.00
2009.07.03 02:09:51.157,1.34255,1.34275,5.40,5.00
2009.07.03 02:09:51.516,1.34255,1.34265,6.20,7.20
2009.07.03 02:09:51.856,1.34255,1.34275,3.40,1.80
2009.07.03 02:09:52.036,1.34255,1.34275,1.00,1.80
2009.07.03 02:09:52.456,1.34255,1.34275,1.00,1.00
2009.07.03 02:09:52.856,1.34255,1.34275,3.80,1.00
2009.07.03 02:09:52.976,1.34255,1.34275,7.00,1.00
2009.07.03 02:09:53.266,1.34255,1.34275,3.80,1.00
2009.07.03 02:09:53.386,1.34255,1.34275,5.40,1.00
2009.07.03 02:09:54.376,1.34265,1.3428,1.00,1.00
2009.07.03 02:09:55.286,1.3426,1.34275,1.00,1.00
2009.07.03 02:09:59.354,1.3425,1.34275,1.60,1.00
2009.07.03 02:09:59.474,1.3425,1.34275,12.60,1.00
2009.07.03 02:10:00.454,1.3425,1.34285,11.20,8.00
2009.07.03 02:10:00.514,1.3425,1.34275,12.60,1.00
2009.07.03 02:10:17.870,1.3425,1.3427,12.60,1.60
2009.07.03 02:10:18.690,1.34255,1.3427,1.00,1.60
2009.07.03 02:10:18.740,1.34255,1.3427,1.00,1.80
2009.07.03 02:10:21.709,1.34255,1.34265,1.00,1.60
2009.07.03 02:10:27.668,1.3425,1.3426,3.20,1.60
2009.07.03 02:10:28.168,1.3424,1.34265,12.80,1.00
2009.07.03 02:10:28.787,1.34255,1.34265,1.00,1.00
2009.07.03 02:10:28.947,1.34255,1.34275,1.00,3.40
2009.07.03 02:10:29.397,1.34255,1.34275,8.00,1.80
2009.07.03 02:10:29.727,1.34245,1.3427,2.80,1.80
2009.07.03 02:10:30.187,1.3425,1.34265,8.00,1.60
2009.07.03 02:10:30.977,1.3425,1.34265,7.80,1.60
2009.07.03 02:10:31.097,1.3425,1.34265,7.80,1.60
2009.07.03 02:10:33.286,1.3425,1.34265,4.60,1.60
2009.07.03 02:10:33.677,1.34245,1.34265,7.80,1.80
2009.07.03 02:10:33.856,1.34245,1.34265,8.00,1.80
2009.07.03 02:10:34.206,1.3425,1.3427,4.60,1.60
2009.07.03 02:10:34.426,1.3425,1.3427,12.60,1.60
2009.07.03 02:10:35.126,1.3425,1.3427,12.80,1.60
2009.07.03 02:10:35.766,1.34245,1.3427,13.00,1.80
2009.07.03 02:10:35.946,1.34255,1.3427,1.00,1.80
2009.07.03 02:10:45.963,1.3425,1.3427,12.60,1.60
2009.07.03 02:10:49.502,1.34245,1.34265,8.60,1.80
2009.07.03 02:10:50.122,1.34245,1.34265,13.40,1.80
2009.07.03 02:10:50.402,1.34245,1.34265,8.60,1.80
2009.07.03 02:10:59.330,1.34245,1.34265,8.60,1.80
2009.07.03 02:10:59.670,1.34245,1.34265,13.40,1.80
2009.07.03 02:11:00.530,1.34245,1.34265,8.60,1.80
2009.07.03 02:11:02.589,1.34245,1.34265,5.40,1.80
2009.07.03 02:11:02.649,1.34245,1.3426,3.80,1.80
2009.07.03 02:11:02.879,1.34245,1.3426,1.00,1.80
2009.07.03 02:11:03.799,1.34245,1.3426,1.00,5.00
2009.07.03 02:11:03.979,1.3424,1.3425,8.20,1.60
2009.07.03 02:11:04.319,1.3424,1.34255,8.20,4.20
2009.07.03 02:11:04.499,1.3424,1.34255,1.00,5.80
2009.07.03 02:11:04.729,1.3424,1.34255,1.00,5.80
2009.07.03 02:11:05.129,1.34235,1.34255,15.60,5.80
2009.07.03 02:11:05.308,1.3424,1.34255,1.00,5.80
2009.07.03 02:11:10.058,1.3423,1.34245,12.00,1.80
2009.07.03 02:11:10.567,1.3423,1.34245,12.00,1.60
2009.07.03 02:11:11.077,1.3423,1.34245,20.00,1.80
2009.07.03 02:11:11.537,1.3423,1.34245,7.20,1.60
2009.07.03 02:11:12.337,1.3423,1.34245,12.00,1.60
2009.07.03 02:11:12.677,1.3423,1.3424,11.40,1.60
2009.07.03 02:11:13.137,1.3423,1.3424,8.20,1.60
2009.07.03 02:11:13.377,1.3423,1.34235,8.20,1.60
2009.07.03 02:11:13.487,1.3423,1.34235,1.00,1.60
2009.07.03 02:11:13.837,1.34225,1.34235,6.60,1.60
2009.07.03 02:11:16.306,1.34225,1.34235,6.60,1.80
2009.07.03 02:11:18.476,1.34225,1.3424,6.60,3.40
2009.07.03 02:11:18.776,1.34225,1.3424,8.20,1.80
2009.07.03 02:11:18.836,1.3422,1.34235,3.80,1.00
2009.07.03 02:11:19.066,1.34225,1.34235,6.40,1.80
2009.07.03 02:11:19.125,1.34225,1.3424,8.00,1.80
2009.07.03 02:11:19.405,1.34225,1.3424,6.60,1.80
2009.07.03 02:11:19.995,1.34225,1.34235,6.40,1.80
2009.07.03 02:11:22.574,1.3422,1.3424,3.80,3.40
2009.07.03 02:11:22.634,1.3422,1.3424,3.80,1.80
2009.07.03 02:11:22.984,1.34225,1.34235,4.80,1.80
2009.07.03 02:11:23.374,1.34215,1.3423,7.00,1.00
2009.07.03 02:11:23.764,1.34215,1.34225,3.80,1.60
2009.07.03 02:11:24.424,1.34215,1.3423,7.00,1.80
2009.07.03 02:11:25.134,1.34215,1.3423,11.80,1.80
2009.07.03 02:11:28.093,1.34215,1.3423,7.00,1.80
2009.07.03 02:11:28.603,1.34215,1.3423,11.80,1.80
2009.07.03 02:11:30.003,1.34215,1.3423,1.00,1.80
2009.07.03 02:11:30.233,1.34215,1.3423,1.00,1.00
2009.07.03 02:11:32.542,1.3422,1.3423,1.00,1.00
2009.07.03 02:11:32.932,1.3422,1.34235,3.40,1.80
2009.07.03 02:11:33.222,1.3422,1.34235,12.00,1.80
2009.07.03 02:11:41.980,1.3423,1.3424,3.20,1.80
2009.07.03 02:11:42.310,1.3422,1.3424,3.40,1.80
2009.07.03 02:11:42.370,1.3422,1.3424,1.60,1.60
2009.07.03 02:11:42.420,1.3422,1.34235,1.60,1.60
2009.07.03 02:11:42.780,1.3422,1.34235,1.00,1.80
2009.07.03 02:11:42.839,1.3422,1.34235,1.00,1.80
2009.07.03 02:11:42.899,1.34215,1.34235,13.60,1.80
2009.07.03 02:11:43.359,1.34215,1.34235,15.20,1.80
2009.07.03 02:11:49.178,1.34215,1.34235,1.60,1.80
2009.07.03 02:11:49.988,1.3422,1.34235,3.20,1.00
2009.07.03 02:11:50.048,1.3422,1.34235,3.40,1.00
2009.07.03 02:11:50.398,1.3422,1.3424,1.60,1.60
2009.07.03 02:11:54.936,1.3422,1.34235,11.20,1.60
2009.07.03 02:11:54.987,1.34215,1.34235,9.60,1.60
2009.07.03 02:11:55.217,1.34215,1.34235,8.00,1.80
2009.07.03 02:11:55.276,1.34215,1.34235,8.00,1.80
2009.07.03 02:11:55.557,1.3421,1.34235,1.60,1.80
2009.07.03 02:11:57.306,1.3421,1.34225,8.20,1.80
2009.07.03 02:11:57.366,1.3421,1.34225,1.80,1.80
2009.07.03 02:11:57.716,1.34205,1.34225,1.80,1.80
2009.07.03 02:12:04.514,1.3421,1.34225,5.00,1.80
2009.07.03 02:12:04.685,1.3421,1.34225,5.00,1.00
2009.07.03 02:12:05.024,1.34215,1.34235,1.60,1.60
2009.07.03 02:12:05.204,1.34215,1.3424,12.80,3.40
2009.07.03 02:12:05.364,1.34215,1.3424,13.00,1.80
2009.07.03 02:12:05.664,1.3422,1.3424,6.60,1.00
2009.07.03 02:12:05.834,1.34225,1.3424,3.20,1.00
2009.07.03 02:12:06.164,1.34225,1.3424,6.40,1.00
2009.07.03 02:12:06.454,1.34225,1.3424,11.40,1.00
2009.07.03 02:12:31.588,1.34225,1.3424,11.20,1.00
2009.07.03 02:12:31.768,1.3422,1.34235,1.00,1.00
2009.07.03 02:12:34.757,1.34215,1.34235,9.60,1.00
2009.07.03 02:12:47.274,1.34215,1.3423,1.00,1.00
2009.07.03 02:12:49.643,1.3421,1.34225,1.00,1.00
2009.07.03 02:12:50.273,1.34215,1.34225,1.00,1.00
2009.07.03 02:12:51.003,1.3421,1.34225,1.00,1.00
2009.07.03 02:12:51.623,1.3421,1.34225,1.00,1.00
2009.07.03 02:13:00.171,1.342,1.34215,1.00,4.20
2009.07.03 02:13:00.461,1.342,1.34215,1.00,5.80
2009.07.03 02:13:01.211,1.3419,1.342,1.60,1.60
2009.07.03 02:13:01.511,1.3419,1.342,8.20,1.60
2009.07.03 02:13:02.800,1.3419,1.342,1.00,1.60
2009.07.03 02:13:03.310,1.34195,1.342,1.00,1.60
2009.07.03 02:13:03.430,1.3419,1.3421,3.80,1.80
2009.07.03 02:13:03.600,1.3419,1.3421,11.80,1.80
2009.07.03 02:13:03.770,1.3419,1.34205,19.80,1.60
2009.07.03 02:13:05.180,1.3419,1.34205,16.60,1.60
2009.07.03 02:13:16.847,1.3419,1.34205,16.60,1.40
2009.07.03 02:13:18.507,1.3419,1.34205,8.60,1.40
2009.07.03 02:13:21.596,1.3419,1.34205,8.60,1.40
2009.07.03 02:13:22.076,1.34195,1.34205,3.20,1.80
2009.07.03 02:13:24.195,1.34185,1.34205,8.00,1.80
2009.07.03 02:13:25.135,1.34185,1.34205,4.80,1.40
2009.07.03 02:13:26.574,1.3419,1.3421,4.60,1.80
2009.07.03 02:13:27.525,1.34195,1.34205,3.20,1.80
2009.07.03 02:13:27.644,1.3419,1.34205,8.00,1.80
2009.07.03 02:13:30.914,1.34185,1.34205,12.60,1.40
2009.07.03 02:13:46.410,1.34195,1.3421,3.20,1.80
2009.07.03 02:13:46.860,1.34195,1.34215,1.60,4.80
2009.07.03 02:13:47.040,1.342,1.34215,2.80,3.20
2009.07.03 02:13:47.150,1.34195,1.34215,1.60,1.60
2009.07.03 02:13:48.189,1.342,1.3422,3.20,4.60
2009.07.03 02:13:48.419,1.342,1.3422,3.20,3.20
2009.07.03 02:13:48.479,1.342,1.3422,1.60,1.60
2009.07.03 02:13:48.879,1.342,1.3422,9.60,1.60
2009.07.03 02:13:58.427,1.342,1.3422,8.00,1.80
2009.07.03 02:14:00.236,1.342,1.3422,8.00,1.60
2009.07.03 02:14:00.356,1.342,1.3422,8.00,1.80
2009.07.03 02:14:00.646,1.342,1.3422,16.60,1.80
2009.07.03 02:14:01.046,1.3421,1.3422,3.20,1.00
2009.07.03 02:14:01.446,1.34205,1.3422,11.80,1.80
2009.07.03 02:14:01.506,1.3421,1.3422,4.80,1.80
2009.07.03 02:14:02.226,1.34205,1.3422,8.60,1.80
2009.07.03 02:14:03.176,1.3421,1.3422,3.20,1.80
2009.07.03 02:14:03.396,1.3421,1.3422,3.20,1.00
2009.07.03 02:14:03.456,1.3421,1.34225,3.80,1.80
2009.07.03 02:14:03.996,1.3421,1.34225,1.00,1.80
2009.07.03 02:14:04.495,1.3421,1.34225,1.00,4.60
2009.07.03 02:14:08.515,1.3421,1.34225,3.80,4.60
2009.07.03 02:14:08.874,1.3421,1.34225,3.80,3.20
2009.07.03 02:14:09.214,1.3421,1.34225,3.80,1.80
2009.07.03 02:14:17.572,1.3421,1.34225,3.80,3.20
2009.07.03 02:14:17.692,1.3421,1.34225,3.80,4.60
2009.07.03 02:14:17.982,1.3421,1.34225,1.00,4.60
2009.07.03 02:14:18.382,1.3421,1.34225,1.00,3.00
2009.07.03 02:14:18.562,1.3421,1.3422,1.00,2.60
2009.07.03 02:14:19.312,1.3421,1.34225,1.00,3.00
2009.07.03 02:14:20.362,1.3421,1.3422,1.00,2.60
2009.07.03 02:14:23.341,1.3421,1.34225,1.00,3.00
2009.07.03 02:14:23.791,1.3421,1.3422,1.00,2.60
2009.07.03 02:14:25.380,1.3421,1.34215,1.00,2.60
2009.07.03 02:14:25.610,1.3421,1.34215,1.00,1.20
2009.07.03 02:14:25.730,1.3421,1.34225,1.00,3.00
2009.07.03 02:14:27.800,1.3421,1.34225,3.80,4.60
2009.07.03 02:14:28.210,1.3421,1.34225,3.80,4.20
2009.07.03 02:14:28.270,1.3421,1.3423,1.60,4.20
2009.07.03 02:14:28.610,1.3421,1.34225,1.60,1.20
2009.07.03 02:14:28.669,1.3421,1.3423,1.60,3.00
2009.07.03 02:14:28.960,1.34205,1.3422,11.80,1.00
2009.07.03 02:14:29.070,1.34205,1.3422,16.60,1.00
2009.07.03 02:14:29.759,1.3421,1.34225,3.20,1.00
2009.07.03 02:14:30.499,1.34215,1.34225,3.20,1.00
2009.07.03 02:14:30.909,1.3421,1.34235,10.20,5.00
2009.07.03 02:14:31.139,1.34215,1.3423,3.20,1.60
2009.07.03 02:14:31.309,1.3421,1.3423,10.20,3.00
2009.07.03 02:14:31.649,1.34215,1.34225,3.20,1.00
2009.07.03 02:14:32.059,1.34215,1.34225,3.20,3.00
2009.07.03 02:14:35.248,1.3421,1.34225,8.00,3.00
2009.07.03 02:14:35.928,1.3421,1.34225,4.80,3.00
2009.07.03 02:14:36.098,1.3421,1.3422,4.80,1.00
2009.07.03 02:14:36.638,1.3421,1.34225,4.80,3.00
2009.07.03 02:14:37.068,1.34205,1.3422,8.00,1.60
2009.07.03 02:14:37.357,1.34205,1.3422,8.00,3.00
2009.07.03 02:14:39.677,1.342,1.3422,9.60,3.00
2009.07.03 02:14:39.847,1.342,1.3422,3.20,3.00
2009.07.03 02:14:40.177,1.34195,1.3421,9.60,2.60
2009.07.03 02:14:40.287,1.3419,1.34205,1.60,1.20
2009.07.03 02:14:40.737,1.34185,1.34205,7.00,2.60
2009.07.03 02:14:40.857,1.34185,1.34205,3.80,3.00
2009.07.03 02:14:41.086,1.34185,1.342,3.80,2.60
2009.07.03 02:14:41.386,1.34195,1.342,1.00,2.60
2009.07.03 02:14:42.016,1.34195,1.34205,1.00,10.60
2009.07.03 02:14:42.936,1.34195,1.342,1.00,2.60
2009.07.03 02:14:45.255,1.3419,1.342,1.00,2.60
2009.07.03 02:14:52.954,1.34185,1.342,3.20,2.60
2009.07.03 02:14:55.573,1.3418,1.342,5.20,2.60
2009.07.03 02:14:55.803,1.3418,1.34195,5.20,2.60
2009.07.03 02:14:57.593,1.3418,1.34195,5.20,2.60
2009.07.03 02:14:57.823,1.3418,1.34195,4.60,2.60
2009.07.03 02:14:58.242,1.3418,1.34195,1.40,2.60
2009.07.03 02:14:58.583,1.34175,1.34185,1.60,1.20
2009.07.03 02:14:58.643,1.34175,1.34185,1.60,2.60
2009.07.03 02:14:59.112,1.3417,1.34185,1.60,2.60
2009.07.03 02:15:00.492,1.3417,1.34185,2.20,1.20
2009.07.03 02:15:00.672,1.3417,1.3419,2.20,1.60
2009.07.03 02:15:01.242,1.3417,1.34195,2.20,11.40
2009.07.03 02:15:01.302,1.3417,1.34195,1.60,11.40
2009.07.03 02:15:01.592,1.3417,1.3419,1.00,1.00
2009.07.03 02:15:01.702,1.34165,1.34185,1.60,3.20
2009.07.03 02:15:01.752,1.3416,1.34185,7.60,3.40
2009.07.03 02:15:01.872,1.3416,1.3418,6.80,3.20
2009.07.03 02:15:01.992,1.34165,1.34175,6.80,9.80
2009.07.03 02:15:02.502,1.3417,1.34175,1.00,6.40
2009.07.03 02:15:02.791,1.3416,1.34185,7.60,3.40
2009.07.03 02:15:03.241,1.34165,1.34175,6.80,11.40
2009.07.03 02:15:05.631,1.34165,1.34175,1.60,6.40
2009.07.03 02:15:06.141,1.34155,1.3418,4.60,1.00
2009.07.03 02:15:06.551,1.34165,1.3418,3.20,1.00
2009.07.03 02:15:06.851,1.34165,1.3418,11.20,1.00
2009.07.03 02:15:07.090,1.3417,1.3419,3.20,1.00
2009.07.03 02:15:07.370,1.34175,1.34195,3.20,1.00
2009.07.03 02:15:09.690,1.34175,1.34195,8.00,1.00
2009.07.03 02:15:11.749,1.34175,1.34195,11.20,1.00
2009.07.03 02:15:12.859,1.34175,1.342,12.60,1.00
2009.07.03 02:15:13.259,1.34175,1.342,17.40,1.00
2009.07.03 02:15:13.719,1.3418,1.342,1.00,1.00
2009.07.03 02:15:13.779,1.3418,1.34205,10.00,1.00
2009.07.03 02:15:15.418,1.3418,1.34205,2.00,1.00
2009.07.03 02:15:24.776,1.34195,1.34205,3.20,1.00
2009.07.03 02:15:24.956,1.34195,1.34205,3.60,1.00
2009.07.03 02:15:25.076,1.34195,1.34205,3.20,1.00
2009.07.03 02:15:25.536,1.34185,1.34205,4.80,1.00
2009.07.03 02:15:25.696,1.3418,1.34205,2.00,1.00
2009.07.03 02:15:29.995,1.34185,1.34205,2.80,1.00
2009.07.03 02:15:30.345,1.3418,1.34205,3.40,1.00
2009.07.03 02:15:31.335,1.34185,1.3421,1.40,11.40
2009.07.03 02:15:31.794,1.34185,1.3421,4.80,8.20
2009.07.03 02:15:32.145,1.34185,1.3421,4.80,1.00
2009.07.03 02:15:33.904,1.3419,1.3421,3.20,1.00
2009.07.03 02:15:36.633,1.3419,1.3421,4.60,1.00
2009.07.03 02:15:36.913,1.3419,1.3421,5.20,1.00
2009.07.03 02:15:37.083,1.3419,1.3421,2.00,1.00
2009.07.03 02:15:37.543,1.3419,1.34215,6.80,8.20
2009.07.03 02:15:37.783,1.34185,1.3421,6.80,1.00
2009.07.03 02:15:38.083,1.3419,1.3421,5.20,1.00
2009.07.03 02:15:38.373,1.34195,1.3421,3.20,1.00
2009.07.03 02:15:38.543,1.34195,1.3421,5.20,1.00
2009.07.03 02:15:38.773,1.34195,1.3421,2.00,1.00
2009.07.03 02:15:39.233,1.34205,1.3421,3.20,1.00
2009.07.03 02:15:39.703,1.34205,1.34225,3.20,1.00
2009.07.03 02:15:40.003,1.3421,1.34225,3.20,1.00
2009.07.03 02:15:40.283,1.34205,1.3423,12.80,1.00
2009.07.03 02:15:40.852,1.34205,1.3423,14.80,1.00
2009.07.03 02:15:41.192,1.3422,1.3423,3.20,1.00
2009.07.03 02:15:41.482,1.34215,1.3423,3.20,1.00
2009.07.03 02:15:41.832,1.34215,1.3424,1.60,1.00
2009.07.03 02:15:42.112,1.3422,1.34235,3.20,1.00
2009.07.03 02:15:42.342,1.34215,1.3424,4.80,1.00
2009.07.03 02:15:42.902,1.3422,1.34235,3.20,1.00
2009.07.03 02:15:43.312,1.3421,1.34235,9.60,1.00
2009.07.03 02:15:43.772,1.3421,1.34225,2.00,1.00
2009.07.03 02:15:44.631,1.3421,1.34225,1.00,1.00
2009.07.03 02:15:44.811,1.34205,1.34225,10.20,1.00
2009.07.03 02:15:47.611,1.34205,1.3422,10.20,1.00
2009.07.03 02:15:47.791,1.342,1.3422,8.40,1.00
2009.07.03 02:15:48.021,1.34205,1.3422,2.00,1.00
2009.07.03 02:15:48.311,1.34205,1.3423,1.40,3.40
2009.07.03 02:15:58.678,1.3422,1.34235,1.00,1.00
2009.07.03 02:15:58.898,1.3422,1.34235,2.00,1.00
2009.07.03 02:15:59.238,1.3422,1.3424,5.20,1.00
2009.07.03 02:15:59.588,1.34225,1.3424,2.00,1.00
2009.07.03 02:15:59.928,1.34235,1.3424,1.60,1.00
2009.07.03 02:16:00.368,1.3422,1.3424,8.00,1.00
2009.07.03 02:16:00.778,1.34225,1.3424,6.80,1.00
2009.07.03 02:16:01.128,1.34225,1.3424,2.00,1.00
2009.07.03 02:16:01.647,1.34225,1.3424,1.60,1.00
2009.07.03 02:16:01.867,1.3422,1.3424,8.00,1.00
2009.07.03 02:16:02.217,1.3422,1.3424,10.00,1.00
2009.07.03 02:16:02.907,1.34225,1.3424,2.00,1.00
2009.07.03 02:16:03.147,1.3423,1.3424,1.60,1.00
2009.07.03 02:16:03.267,1.34225,1.3424,2.00,1.00
2009.07.03 02:16:05.956,1.3423,1.3424,1.60,1.00
2009.07.03 02:16:06.246,1.3423,1.34245,2.00,1.00
2009.07.03 02:16:14.284,1.3422,1.34245,3.80,1.00
2009.07.03 02:16:20.103,1.34225,1.34245,3.20,1.00
2009.07.03 02:16:20.443,1.3422,1.34245,1.60,1.00
2009.07.03 02:16:20.683,1.34225,1.3425,4.80,1.00
2009.07.03 02:16:23.122,1.34225,1.3425,7.00,1.00
2009.07.03 02:16:27.371,1.34235,1.3425,3.20,1.00
2009.07.03 02:16:27.761,1.34235,1.34255,1.60,1.00
2009.07.03 02:16:28.101,1.34235,1.3425,3.20,1.00
2009.07.03 02:16:28.501,1.3423,1.3425,5.40,1.00
2009.07.03 02:16:29.031,1.3424,1.34255,3.20,1.00
2009.07.03 02:16:29.431,1.3424,1.3426,5.20,1.00
2009.07.03 02:16:32.860,1.34245,1.3426,3.20,1.00
2009.07.03 02:16:33.480,1.3424,1.3426,2.20,1.00
2009.07.03 02:16:37.898,1.34235,1.3426,14.40,1.00
2009.07.03 02:16:42.097,1.34235,1.3426,14.40,1.00
2009.07.03 02:16:43.937,1.3424,1.34255,5.20,1.00
2009.07.03 02:16:44.047,1.34235,1.3426,6.80,1.00
2009.07.03 02:16:44.627,1.34235,1.3426,14.80,1.00
2009.07.03 02:16:44.737,1.3424,1.3426,5.20,1.00
2009.07.03 02:16:50.126,1.34245,1.3426,2.00,1.80
2009.07.03 02:16:51.505,1.34245,1.3426,1.00,1.80
2009.07.03 02:16:51.725,1.34245,1.3426,2.00,1.80
2009.07.03 02:16:52.935,1.34245,1.3426,1.60,1.80
2009.07.03 02:16:53.105,1.3424,1.3426,5.20,1.80
2009.07.03 02:16:55.604,1.34245,1.34265,2.00,3.40
2009.07.03 02:16:55.944,1.34245,1.34265,5.20,3.40
2009.07.03 02:17:00.263,1.3426,1.34275,3.80,1.60
2009.07.03 02:17:00.613,1.3426,1.3428,2.20,1.60
2009.07.03 02:17:01.193,1.34265,1.3429,4.60,2.60
2009.07.03 02:17:01.753,1.34265,1.3429,11.80,1.80
2009.07.03 02:17:02.463,1.3427,1.3429,1.60,1.80
2009.07.03 02:17:02.582,1.3427,1.3429,2.00,1.80
2009.07.03 02:17:02.933,1.34275,1.3429,1.00,1.80
2009.07.03 02:17:04.592,1.34275,1.3429,1.20,1.60
2009.07.03 02:17:04.872,1.34275,1.34295,2.80,9.80
2009.07.03 02:17:05.172,1.34275,1.34295,2.80,1.80
2009.07.03 02:17:05.452,1.34275,1.3429,2.00,1.00
2009.07.03 02:17:06.292,1.3427,1.34285,3.80,1.80
2009.07.03 02:17:06.521,1.34275,1.3429,1.00,5.00
2009.07.03 02:17:06.802,1.34275,1.3429,1.00,1.80
2009.07.03 02:17:07.491,1.34275,1.3429,1.00,1.00
2009.07.03 02:17:07.781,1.34275,1.3429,1.00,1.80
2009.07.03 02:17:08.341,1.34275,1.3429,1.00,1.00
2009.07.03 02:17:09.031,1.34275,1.34295,1.00,5.80
2009.07.03 02:17:12.590,1.34275,1.34295,2.20,5.80
2009.07.03 02:17:12.650,1.34275,1.34295,2.80,5.80
2009.07.03 02:17:21.218,1.3428,1.34295,1.00,1.80
2009.07.03 02:17:21.338,1.3427,1.34295,2.20,1.80
2009.07.03 02:17:24.187,1.3427,1.34295,2.20,1.80
2009.07.03 02:17:24.467,1.3427,1.34295,5.40,1.80
2009.07.03 02:17:25.227,1.3427,1.34295,2.20,1.00
2009.07.03 02:17:26.717,1.3427,1.34295,5.40,1.00
2009.07.03 02:17:26.997,1.3427,1.34295,2.20,3.40
2009.07.03 02:17:27.336,1.3427,1.34295,2.00,3.40
2009.07.03 02:17:27.837,1.3427,1.34295,2.20,1.80
2009.07.03 02:17:28.287,1.3427,1.34295,2.20,1.00
2009.07.03 02:17:29.666,1.3427,1.34295,5.40,1.00
2009.07.03 02:17:30.456,1.3427,1.34295,7.00,1.00
2009.07.03 02:17:31.216,1.3427,1.34295,5.40,1.00
2009.07.03 02:17:33.645,1.3427,1.3429,3.20,3.40
2009.07.03 02:17:33.875,1.3427,1.3429,3.20,3.40
2009.07.03 02:17:35.204,1.3427,1.3429,3.80,1.00
2009.07.03 02:17:36.414,1.3427,1.3429,1.00,1.00
2009.07.03 02:17:36.465,1.34265,1.3429,6.00,3.40
2009.07.03 02:17:36.524,1.34265,1.3429,6.00,5.00
2009.07.03 02:17:36.644,1.34265,1.3429,6.00,5.80
2009.07.03 02:17:37.394,1.3426,1.3428,8.40,1.00
2009.07.03 02:17:37.834,1.34255,1.3428,4.60,1.00
2009.07.03 02:17:38.284,1.34245,1.3427,12.80,1.00
2009.07.03 02:17:38.684,1.34245,1.3427,1.60,1.00
2009.07.03 02:17:38.904,1.34245,1.3427,9.60,1.00
2009.07.03 02:17:39.014,1.34245,1.3427,4.80,1.00
2009.07.03 02:17:40.374,1.34245,1.3427,9.60,1.00
2009.07.03 02:18:03.098,1.34245,1.3427,1.60,5.00
2009.07.03 02:18:03.338,1.34245,1.3427,1.40,5.00
2009.07.03 02:18:03.448,1.34245,1.3427,1.40,3.40
2009.07.03 02:18:03.728,1.3424,1.3426,3.20,1.00
2009.07.03 02:18:04.467,1.34235,1.3426,8.40,1.00
2009.07.03 02:18:04.868,1.34235,1.3426,3.60,1.00
2009.07.03 02:18:05.098,1.3424,1.3426,4.60,1.00
2009.07.03 02:18:09.986,1.3425,1.3426,3.20,1.00
2009.07.03 02:18:10.226,1.34255,1.3426,1.00,1.00
2009.07.03 02:18:10.566,1.34255,1.3426,9.20,1.00
2009.07.03 02:18:10.736,1.34255,1.3426,4.80,1.00
2009.07.03 02:18:10.906,1.3424,1.3426,6.20,1.00
2009.07.03 02:18:11.236,1.3424,1.3426,4.60,1.00
2009.07.03 02:18:12.676,1.34255,1.3427,1.40,8.00
2009.07.03 02:18:12.786,1.3426,1.3427,3.20,8.00
2009.07.03 02:18:13.076,1.3426,1.3427,3.20,3.20
2009.07.03 02:18:13.186,1.3425,1.3426,8.00,1.00
2009.07.03 02:18:13.416,1.34245,1.3426,9.60,1.00
2009.07.03 02:18:13.576,1.3425,1.3427,4.60,1.00
2009.07.03 02:18:20.394,1.34265,1.34285,6.20,1.00
2009.07.03 02:18:20.554,1.34265,1.34285,1.40,1.00
2009.07.03 02:18:20.954,1.3426,1.3428,11.20,1.00
2009.07.03 02:18:21.184,1.3426,1.3428,6.40,1.00
2009.07.03 02:18:24.553,1.3427,1.3429,1.60,5.00
2009.07.03 02:18:24.853,1.3427,1.3429,1.60,8.20
2009.07.03 02:18:25.492,1.3426,1.34285,8.00,1.00
2009.07.03 02:18:26.003,1.3426,1.3428,9.60,3.20
2009.07.03 02:18:26.412,1.3425,1.3427,8.60,1.00
2009.07.03 02:18:26.592,1.34255,1.3428,1.40,16.20
2009.07.03 02:18:26.992,1.3425,1.3427,7.80,1.00
2009.07.03 02:18:28.152,1.34255,1.3427,3.20,1.00
2009.07.03 02:18:28.512,1.34255,1.34275,11.20,1.00
2009.07.03 02:18:28.902,1.34255,1.34275,8.00,1.00
2009.07.03 02:18:29.082,1.34255,1.3427,8.00,1.00
2009.07.03 02:18:29.502,1.3426,1.34285,9.60,1.00
2009.07.03 02:18:29.801,1.3426,1.34285,12.80,1.00
2009.07.03 02:18:29.972,1.34275,1.34295,1.00,6.60
2009.07.03 02:18:30.211,1.34275,1.34295,1.20,6.60
2009.07.03 02:18:30.372,1.34275,1.34295,10.80,1.00
2009.07.03 02:18:30.722,1.34275,1.3428,10.00,1.00
2009.07.03 02:18:31.231,1.34265,1.3428,4.80,1.00
2009.07.03 02:18:31.511,1.3426,1.3428,6.40,1.00
2009.07.03 02:18:34.370,1.34265,1.3428,4.80,1.00
2009.07.03 02:18:34.601,1.3427,1.3429,2.80,1.60
2009.07.03 02:18:34.661,1.3427,1.34295,6.00,3.40
2009.07.03 02:18:36.200,1.34275,1.34295,5.20,12.20
2009.07.03 02:18:36.490,1.3427,1.34295,6.00,3.40
2009.07.03 02:18:36.660,1.3427,1.34295,9.20,3.40
2009.07.03 02:18:37.590,1.34275,1.34295,11.60,3.40
2009.07.03 02:18:37.769,1.34275,1.3429,6.40,3.20
2009.07.03 02:18:37.989,1.34275,1.34295,6.40,3.40
2009.07.03 02:18:38.150,1.34275,1.3429,6.40,1.00
2009.07.03 02:18:38.899,1.34275,1.3429,3.20,1.00
2009.07.03 02:18:39.199,1.34265,1.34285,6.40,1.00
2009.07.03 02:18:40.119,1.3427,1.34285,1.00,1.00
2009.07.03 02:18:40.289,1.34275,1.3429,1.00,3.40
2009.07.03 02:18:40.459,1.34275,1.3429,1.00,1.00
2009.07.03 02:18:40.859,1.34275,1.3429,1.00,1.80
2009.07.03 02:18:43.048,1.3427,1.3429,1.00,1.80
2009.07.03 02:18:43.268,1.3427,1.34285,1.00,1.00
2009.07.03 02:18:49.847,1.3426,1.3428,2.80,1.00
2009.07.03 02:18:57.865,1.34265,1.3428,2.20,1.00
2009.07.03 02:18:58.145,1.34265,1.3428,1.00,1.00
2009.07.03 02:18:58.375,1.3426,1.3428,9.20,1.00
2009.07.03 02:18:58.725,1.34265,1.3428,1.00,1.00
2009.07.03 02:18:58.904,1.34265,1.34285,1.00,1.00
2009.07.03 02:18:59.704,1.34265,1.34285,2.20,1.00
2009.07.03 02:18:59.874,1.34265,1.34285,2.80,1.00
2009.07.03 02:19:02.964,1.34265,1.34275,2.80,1.00
2009.07.03 02:19:03.024,1.34265,1.34275,2.00,1.00
2009.07.03 02:19:03.304,1.3427,1.3428,1.00,1.00
2009.07.03 02:19:03.544,1.3427,1.3428,2.00,1.00
2009.07.03 02:19:04.114,1.3426,1.3428,9.20,1.00
2009.07.03 02:19:04.393,1.34265,1.3428,1.00,1.00
2009.07.03 02:19:04.613,1.3426,1.3428,9.20,1.00
2009.07.03 02:19:05.273,1.34265,1.34285,5.40,5.00
2009.07.03 02:19:05.623,1.34265,1.34285,8.60,1.00
2009.07.03 02:19:06.033,1.3427,1.34295,1.60,1.80
2009.07.03 02:19:08.142,1.34265,1.34285,10.60,1.00
2009.07.03 02:19:08.552,1.3428,1.34285,1.00,1.00
2009.07.03 02:19:08.662,1.3428,1.343,1.00,6.60
2009.07.03 02:19:08.782,1.3428,1.343,1.00,1.80
2009.07.03 02:19:08.902,1.3428,1.343,1.00,3.40
2009.07.03 02:19:09.022,1.3428,1.343,1.00,1.80
2009.07.03 02:19:10.812,1.3428,1.343,1.00,1.80
2009.07.03 02:19:14.171,1.3428,1.343,1.00,1.00
2009.07.03 02:19:14.621,1.3428,1.34295,1.00,1.00
2009.07.03 02:19:14.731,1.34275,1.34295,8.00,1.00
2009.07.03 02:19:14.851,1.34275,1.34295,4.80,1.00
2009.07.03 02:19:14.911,1.3427,1.34295,15.40,1.00
2009.07.03 02:19:15.211,1.3427,1.34295,10.60,1.00
2009.07.03 02:19:17.880,1.34275,1.34295,3.20,1.00
2009.07.03 02:19:18.221,1.34275,1.34295,6.40,1.00
2009.07.03 02:19:21.039,1.34275,1.34295,3.20,1.00
2009.07.03 02:19:21.569,1.3427,1.34295,10.60,1.00
2009.07.03 02:19:22.569,1.34275,1.34295,4.80,1.00
2009.07.03 02:19:22.849,1.34275,1.34295,8.60,1.00
2009.07.03 02:19:23.179,1.34275,1.34295,6.40,1.00
2009.07.03 02:19:24.378,1.3427,1.34295,5.40,1.00
2009.07.03 02:19:24.759,1.34275,1.34295,6.40,1.00
2009.07.03 02:19:25.228,1.34275,1.3429,6.40,1.00
2009.07.03 02:19:28.867,1.34275,1.34295,6.40,1.00
2009.07.03 02:19:28.977,1.3428,1.34295,1.00,1.00
2009.07.03 02:19:29.157,1.34285,1.34295,3.20,1.00
2009.07.03 02:19:29.377,1.34285,1.34295,6.40,1.00
2009.07.03 02:19:29.657,1.34285,1.34295,3.20,1.00
2009.07.03 02:19:29.997,1.3428,1.34295,6.80,1.00
2009.07.03 02:19:30.227,1.3428,1.34295,8.40,1.00
2009.07.03 02:19:30.557,1.3428,1.34295,6.40,1.00
2009.07.03 02:19:40.105,1.34275,1.3429,8.60,1.00
2009.07.03 02:19:40.644,1.34275,1.3429,6.40,1.00
2009.07.03 02:19:41.624,1.34285,1.343,3.20,3.40
2009.07.03 02:19:42.074,1.34285,1.343,6.40,3.40
2009.07.03 02:19:42.294,1.34285,1.343,6.40,1.00
2009.07.03 02:19:43.564,1.34285,1.34305,8.00,1.60
2009.07.03 02:19:48.003,1.3428,1.343,3.20,1.00
2009.07.03 02:19:48.403,1.34275,1.343,8.00,1.00
2009.07.03 02:19:49.402,1.3428,1.343,1.00,1.00
2009.07.03 02:19:49.522,1.34285,1.3431,1.40,17.80
2009.07.03 02:19:49.642,1.34285,1.3431,1.40,16.20
2009.07.03 02:19:49.922,1.34285,1.3431,1.40,17.80
2009.07.03 02:19:50.262,1.34285,1.3431,1.40,9.80
2009.07.03 02:19:50.382,1.34285,1.34305,6.40,1.00
2009.07.03 02:19:50.552,1.34285,1.34305,3.20,1.00
2009.07.03 02:19:50.792,1.34285,1.34305,3.80,1.00
2009.07.03 02:19:50.952,1.343,1.3431,13.20,12.20
2009.07.03 02:19:51.192,1.343,1.3431,1.00,5.60
2009.07.03 02:19:51.592,1.3429,1.3431,18.60,1.00
2009.07.03 02:19:51.942,1.343,1.3432,1.00,1.00
2009.07.03 02:19:52.342,1.34305,1.3432,3.60,1.00
2009.07.03 02:19:52.682,1.343,1.3432,2.00,1.00
2009.07.03 02:19:53.152,1.343,1.3432,3.60,1.00
2009.07.03 02:19:53.501,1.343,1.3432,2.00,1.00
2009.07.03 02:19:53.851,1.343,1.34325,2.00,1.00
2009.07.03 02:19:54.021,1.343,1.3432,1.00,1.00
2009.07.03 02:19:54.241,1.343,1.3432,2.20,1.00
2009.07.03 02:19:54.591,1.34305,1.3433,1.20,6.60
2009.07.03 02:19:54.912,1.34305,1.34325,1.00,1.00
2009.07.03 02:19:55.205,1.34305,1.3433,2.60,11.40
2009.07.03 02:19:55.321,1.3431,1.3433,1.00,1.80
2009.07.03 02:19:55.551,1.3431,1.3433,1.00,3.40
2009.07.03 02:19:55.661,1.343,1.34315,1.60,4.80
2009.07.03 02:19:56.011,1.34285,1.343,2.00,3.40
2009.07.03 02:19:56.311,1.3428,1.343,2.00,1.00
2009.07.03 02:19:56.831,1.34285,1.34305,1.00,1.00
2009.07.03 02:19:57.471,1.3428,1.343,2.80,1.00
2009.07.03 02:19:57.820,1.34295,1.3431,3.60,1.80
2009.07.03 02:19:58.180,1.34295,1.3431,3.60,1.00
2009.07.03 02:19:58.410,1.34295,1.3431,5.20,1.00
2009.07.03 02:20:00.690,1.34295,1.34305,5.20,1.00
2009.07.03 02:20:01.420,1.34285,1.3429,6.40,1.00
2009.07.03 02:20:01.599,1.3427,1.3429,2.00,1.00
2009.07.03 02:20:02.059,1.34275,1.343,1.00,1.00
2009.07.03 02:20:02.509,1.34275,1.343,3.80,1.00
2009.07.03 02:20:02.919,1.3428,1.343,7.00,1.00
2009.07.03 02:20:04.519,1.3428,1.343,7.00,1.00
2009.07.03 02:20:04.679,1.3428,1.343,1.00,1.00
2009.07.03 02:20:04.789,1.3428,1.343,1.00,1.80
2009.07.03 02:20:05.358,1.3428,1.343,1.00,1.00
2009.07.03 02:20:10.257,1.3428,1.343,2.80,1.00
2009.07.03 02:20:13.277,1.3428,1.343,6.00,1.00
2009.07.03 02:20:13.517,1.3428,1.343,9.20,1.00
2009.07.03 02:20:14.626,1.3428,1.34295,2.00,1.00
2009.07.03 02:20:14.686,1.3428,1.34295,1.00,1.00
2009.07.03 02:20:14.916,1.3427,1.34295,5.40,1.00
2009.07.03 02:20:24.424,1.3427,1.34295,5.40,1.00
2009.07.03 02:20:25.524,1.34285,1.34295,22.80,1.00
2009.07.03 02:20:25.864,1.34285,1.34305,22.80,3.40
2009.07.03 02:20:25.923,1.34285,1.34305,24.40,3.40
2009.07.03 02:20:26.383,1.34285,1.34305,24.00,3.40
2009.07.03 02:20:26.723,1.34275,1.34295,6.40,1.00
2009.07.03 02:20:32.802,1.34275,1.343,7.80,1.80
2009.07.03 02:20:33.032,1.34275,1.343,7.80,1.00
2009.07.03 02:20:37.661,1.3429,1.343,1.00,1.00
2009.07.03 02:20:37.961,1.343,1.3431,1.00,3.40
2009.07.03 02:20:38.241,1.34295,1.3431,12.40,1.00
2009.07.03 02:20:38.590,1.3429,1.3431,13.00,3.40
2009.07.03 02:20:38.700,1.3428,1.34295,14.80,1.00
2009.07.03 02:20:38.810,1.3428,1.343,14.80,1.00
2009.07.03 02:20:38.870,1.34285,1.343,11.60,1.00
2009.07.03 02:20:39.260,1.34285,1.343,6.80,1.00
2009.07.03 02:20:40.830,1.34285,1.343,6.40,1.00
2009.07.03 02:20:40.950,1.34275,1.343,1.60,1.00
2009.07.03 02:20:42.140,1.34275,1.343,4.80,1.00
2009.07.03 02:20:42.540,1.3428,1.34295,3.20,1.00
2009.07.03 02:20:42.900,1.34275,1.343,1.60,1.00
2009.07.03 02:20:43.139,1.3428,1.343,1.00,1.00
2009.07.03 02:20:43.489,1.3428,1.343,6.40,1.00
2009.07.03 02:20:46.978,1.3428,1.34305,1.60,1.00
2009.07.03 02:20:47.598,1.3428,1.34305,2.20,1.00
2009.07.03 02:20:47.658,1.3428,1.34305,1.60,1.00
2009.07.03 02:20:47.878,1.3428,1.343,9.20,1.00
2009.07.03 02:20:48.298,1.3428,1.34305,7.00,1.00
2009.07.03 02:20:48.528,1.3429,1.34305,3.20,1.00
2009.07.03 02:20:48.928,1.34285,1.34305,4.80,3.20
2009.07.03 02:20:49.038,1.34295,1.34305,3.20,4.80
2009.07.03 02:20:49.098,1.343,1.34305,1.00,1.60
2009.07.03 02:20:49.218,1.343,1.34315,5.40,1.00
2009.07.03 02:20:49.268,1.34305,1.34325,2.00,5.00
2009.07.03 02:20:49.608,1.34305,1.34325,3.60,3.40
2009.07.03 02:20:49.668,1.34305,1.34325,3.00,3.40
2009.07.03 02:20:50.128,1.343,1.34325,3.80,3.40
2009.07.03 02:20:54.077,1.3429,1.3431,1.40,1.80
2009.07.03 02:20:56.286,1.34285,1.3431,7.00,1.00
2009.07.03 02:20:56.456,1.34285,1.3431,10.20,1.00
2009.07.03 02:20:57.436,1.3429,1.3431,3.20,1.00
2009.07.03 02:20:57.956,1.3429,1.34305,8.40,1.00
2009.07.03 02:20:59.856,1.3429,1.34305,1.60,1.80
2009.07.03 02:21:02.055,1.34285,1.34305,2.00,1.80
2009.07.03 02:21:02.735,1.3429,1.34305,6.40,1.00
2009.07.03 02:21:03.814,1.34285,1.3431,10.20,1.00
2009.07.03 02:21:03.984,1.3429,1.3431,3.20,1.00
2009.07.03 02:21:04.444,1.3429,1.3431,6.40,1.80
2009.07.03 02:21:06.894,1.34305,1.3431,22.40,1.80
2009.07.03 02:21:06.954,1.34305,1.3431,22.80,1.80
2009.07.03 02:21:07.124,1.34305,1.3432,22.80,1.80
2009.07.03 02:21:07.354,1.343,1.3432,24.40,1.00
2009.07.03 02:21:07.474,1.343,1.3431,11.20,1.00
2009.07.03 02:21:07.773,1.3429,1.3431,4.80,1.00
2009.07.03 02:21:07.993,1.3429,1.3431,1.60,1.80
2009.07.03 02:21:08.223,1.3428,1.34305,14.80,1.00
2009.07.03 02:21:08.443,1.34285,1.34305,8.60,1.00
2009.07.03 02:21:08.723,1.343,1.34315,4.80,4.80
2009.07.03 02:21:09.063,1.343,1.3431,1.60,1.00
2009.07.03 02:21:09.183,1.34285,1.3431,1.60,1.00
2009.07.03 02:21:09.703,1.34285,1.3431,4.80,1.00
2009.07.03 02:21:09.923,1.34295,1.3431,1.00,1.00
2009.07.03 02:21:10.493,1.34295,1.3432,34.20,3.40
2009.07.03 02:21:10.673,1.34285,1.3431,12.80,1.00
2009.07.03 02:21:11.013,1.34285,1.3431,4.80,1.00
2009.07.03 02:21:16.611,1.34285,1.3431,1.60,1.00
2009.07.03 02:21:17.072,1.34285,1.3431,1.60,1.80
2009.07.03 02:21:17.591,1.34285,1.3431,4.80,1.80
2009.07.03 02:21:17.821,1.34285,1.3431,4.80,1.00
2009.07.03 02:21:18.121,1.34295,1.34315,1.00,1.00
2009.07.03 02:21:18.451,1.34295,1.3432,1.60,1.80
2009.07.03 02:21:18.741,1.34295,1.3432,8.00,1.00
2009.07.03 02:21:19.201,1.34295,1.3432,8.00,1.80
2009.07.03 02:21:19.651,1.343,1.3432,1.40,1.60
2009.07.03 02:21:19.761,1.343,1.34325,4.60,1.80
2009.07.03 02:21:19.930,1.343,1.34325,7.80,1.80
2009.07.03 02:21:20.261,1.34305,1.34325,1.00,1.80
2009.07.03 02:21:20.380,1.34305,1.3433,1.40,1.80
2009.07.03 02:21:22.260,1.34305,1.3433,1.40,5.00
2009.07.03 02:21:22.601,1.34305,1.3433,1.40,8.20
2009.07.03 02:21:23.050,1.3431,1.3433,1.40,5.00
2009.07.03 02:21:23.110,1.3431,1.3433,1.40,1.80
2009.07.03 02:21:23.500,1.3431,1.3433,1.40,1.00
2009.07.03 02:21:23.850,1.34315,1.3433,1.00,1.00
2009.07.03 02:21:23.960,1.34315,1.34335,1.40,3.20
2009.07.03 02:21:24.430,1.34315,1.34335,1.40,1.00
2009.07.03 02:21:24.649,1.34315,1.34335,1.40,1.80
2009.07.03 02:21:25.049,1.3431,1.34335,2.00,1.00
2009.07.03 02:21:25.699,1.3431,1.34335,2.00,1.80
2009.07.03 02:21:26.159,1.34315,1.3434,1.40,3.40
2009.07.03 02:21:26.559,1.34315,1.3434,1.40,1.80
2009.07.03 02:21:26.909,1.34315,1.3434,3.00,1.80
2009.07.03 02:21:27.019,1.34315,1.3434,3.60,1.80
2009.07.03 02:21:27.139,1.34315,1.3434,3.60,1.80
2009.07.03 02:21:27.199,1.3432,1.3434,1.00,1.80
2009.07.03 02:21:27.479,1.3432,1.3434,2.00,1.60
2009.07.03 02:21:28.108,1.3432,1.3434,1.40,1.60
2009.07.03 02:21:28.329,1.34315,1.34335,6.00,2.60
2009.07.03 02:21:28.558,1.34315,1.34335,6.00,4.20
2009.07.03 02:21:29.128,1.34315,1.34335,6.00,3.40
2009.07.03 02:21:29.308,1.34315,1.34335,6.00,1.80
2009.07.03 02:21:29.478,1.34315,1.34335,6.00,1.00
2009.07.03 02:21:29.658,1.3432,1.3434,1.40,1.60
2009.07.03 02:21:31.848,1.3432,1.3434,1.40,1.60
2009.07.03 02:21:32.028,1.3432,1.34345,1.40,1.80
2009.07.03 02:21:32.257,1.3432,1.34345,2.20,1.80
2009.07.03 02:21:36.077,1.3432,1.3434,2.20,1.60
2009.07.03 02:21:36.247,1.3432,1.3434,2.20,1.60
2009.07.03 02:21:36.537,1.3432,1.3434,2.20,1.60
2009.07.03 02:21:46.474,1.3432,1.34345,2.20,1.80
2009.07.03 02:21:54.642,1.3432,1.34345,7.80,1.00
2009.07.03 02:21:54.752,1.3432,1.34345,10.00,1.00
2009.07.03 02:21:54.922,1.3432,1.34345,10.00,1.80
2009.07.03 02:21:55.442,1.3432,1.34345,1.40,1.80
2009.07.03 02:21:56.272,1.3432,1.34345,1.00,1.80
2009.07.03 02:21:56.502,1.34325,1.34345,1.00,1.60
2009.07.03 02:21:56.732,1.34325,1.3435,5.20,8.20
2009.07.03 02:21:57.072,1.34325,1.34345,1.60,1.00
2009.07.03 02:21:57.132,1.3432,1.34345,9.20,1.00
2009.07.03 02:21:57.252,1.3432,1.34345,9.40,3.40
2009.07.03 02:21:57.431,1.3432,1.34345,9.20,3.40
2009.07.03 02:21:57.482,1.3432,1.3434,1.00,1.00
2009.07.03 02:22:00.841,1.34315,1.3434,9.40,1.20
2009.07.03 02:22:01.001,1.34315,1.3433,3.20,1.00
2009.07.03 02:22:01.121,1.3431,1.34335,14.00,1.00
2009.07.03 02:22:01.281,1.3431,1.34335,9.20,1.00
2009.07.03 02:22:02.790,1.3431,1.34335,7.00,1.00
2009.07.03 02:22:04.440,1.3431,1.34335,7.00,1.20
2009.07.03 02:22:10.648,1.3429,1.34315,7.00,1.00
2009.07.03 02:22:17.728,1.3429,1.34315,6.80,1.00
2009.07.03 02:22:17.846,1.34295,1.3431,2.00,1.00
2009.07.03 02:22:18.336,1.34295,1.3431,1.60,1.00
2009.07.03 02:22:18.456,1.3429,1.3431,10.00,1.00
2009.07.03 02:22:21.596,1.34285,1.3431,6.80,1.00
2009.07.03 02:22:26.684,1.3429,1.3431,8.40,1.00
2009.07.03 02:22:46.200,1.3429,1.343,1.60,1.00
2009.07.03 02:22:46.550,1.3429,1.343,2.00,1.00
2009.07.03 02:22:47.120,1.3429,1.34305,2.00,1.00
2009.07.03 02:22:51.219,1.3429,1.3431,10.00,1.00
2009.07.03 02:22:54.967,1.3429,1.3431,9.40,1.00
2009.07.03 02:22:55.018,1.3429,1.3431,7.80,1.00
2009.07.03 02:22:58.097,1.3429,1.3431,4.60,1.00
2009.07.03 02:22:58.567,1.34285,1.34305,14.80,1.00
2009.07.03 02:22:59.836,1.34285,1.34305,10.00,1.00
2009.07.03 02:23:00.336,1.3428,1.34315,13.20,9.60
2009.07.03 02:23:00.576,1.34285,1.34315,8.40,9.60
2009.07.03 02:23:00.696,1.34285,1.34305,10.00,1.00
2009.07.03 02:23:02.046,1.34285,1.34305,4.60,1.00
2009.07.03 02:23:02.336,1.3429,1.3431,4.60,1.00
2009.07.03 02:23:02.556,1.3429,1.3431,7.80,1.00
2009.07.03 02:23:06.745,1.3429,1.3431,7.80,1.20
2009.07.03 02:23:06.965,1.3429,1.3431,7.80,1.00
2009.07.03 02:23:12.004,1.3428,1.34305,1.60,1.00
2009.07.03 02:23:12.464,1.34275,1.343,1.60,1.00
2009.07.03 02:23:13.503,1.3428,1.34305,1.60,1.00
2009.07.03 02:23:13.913,1.3428,1.34305,7.80,1.00
2009.07.03 02:23:18.642,1.34285,1.343,8.40,1.00
2009.07.03 02:23:18.992,1.34285,1.3431,7.60,1.00
2009.07.03 02:23:19.512,1.34285,1.343,3.20,1.00
2009.07.03 02:23:19.622,1.34275,1.34295,2.00,1.00
2009.07.03 02:23:19.952,1.3427,1.34295,9.80,1.00
2009.07.03 02:23:20.242,1.3427,1.34295,6.60,8.20
2009.07.03 02:23:20.352,1.34265,1.34285,9.80,1.00
2009.07.03 02:23:20.821,1.34265,1.3428,8.40,1.00
2009.07.03 02:23:21.121,1.34265,1.34285,9.80,1.00
2009.07.03 02:23:22.981,1.3427,1.3429,4.40,1.00
2009.07.03 02:23:23.341,1.3427,1.3429,8.20,1.00
2009.07.03 02:23:23.461,1.34275,1.3429,6.40,1.00
2009.07.03 02:23:24.661,1.34275,1.3429,3.20,1.00
2009.07.03 02:23:24.780,1.34275,1.34285,3.20,1.00
2009.07.03 02:23:24.901,1.3427,1.34285,2.00,1.00
2009.07.03 02:23:25.190,1.3426,1.34285,6.80,1.00
2009.07.03 02:23:26.120,1.3427,1.34285,1.60,1.00
2009.07.03 02:23:26.400,1.3427,1.34285,2.00,1.00
2009.07.03 02:23:31.219,1.3427,1.34285,2.00,8.20
2009.07.03 02:23:31.329,1.3427,1.34285,1.60,8.20
2009.07.03 02:23:31.549,1.34265,1.34275,2.00,1.00
2009.07.03 02:23:31.719,1.3427,1.34275,1.00,1.00
2009.07.03 02:23:31.959,1.3427,1.34285,1.60,1.00
2009.07.03 02:23:32.409,1.34275,1.34285,3.20,1.00
2009.07.03 02:23:32.649,1.34275,1.3429,6.40,1.00
2009.07.03 02:23:34.008,1.34265,1.3429,4.80,1.00
2009.07.03 02:23:34.298,1.34265,1.34285,1.60,1.00
2009.07.03 02:23:39.307,1.34255,1.34275,4.80,1.00
2009.07.03 02:23:39.427,1.34255,1.34275,12.80,1.00
2009.07.03 02:23:39.717,1.34265,1.34285,1.60,1.00
2009.07.03 02:23:40.797,1.34255,1.3428,1.60,1.00
2009.07.03 02:23:52.204,1.34255,1.3428,4.80,1.00
2009.07.03 02:23:52.324,1.3426,1.3428,3.20,1.00
2009.07.03 02:23:52.434,1.3426,1.3428,4.80,1.00
2009.07.03 02:23:52.724,1.3426,1.3428,7.80,1.00
2009.07.03 02:23:53.064,1.3426,1.3428,9.60,1.00
2009.07.03 02:23:53.404,1.3426,1.34285,12.60,1.00
2009.07.03 02:23:53.753,1.3426,1.34285,7.80,1.00
2009.07.03 02:23:58.102,1.3426,1.34285,7.80,1.00
2009.07.03 02:23:59.952,1.3426,1.3428,6.40,1.00
2009.07.03 02:24:04.951,1.3426,1.3428,8.00,1.00
2009.07.03 02:24:05.011,1.3426,1.3428,8.40,1.00
2009.07.03 02:24:06.900,1.34255,1.3428,6.80,1.00
2009.07.03 02:24:08.390,1.3426,1.3428,8.40,1.00
2009.07.03 02:24:14.009,1.3426,1.3428,8.60,1.00
2009.07.03 02:24:18.107,1.34255,1.3428,6.80,1.00
2009.07.03 02:24:19.267,1.34255,1.34275,2.20,1.00
2009.07.03 02:24:25.566,1.3426,1.34275,2.20,1.00
2009.07.03 02:24:35.624,1.3426,1.3428,2.20,1.00
2009.07.03 02:24:35.784,1.3426,1.3428,8.60,1.00
2009.07.03 02:24:37.523,1.3427,1.3428,1.00,1.00
2009.07.03 02:24:37.753,1.34275,1.34295,2.00,1.80
2009.07.03 02:24:37.923,1.34275,1.3429,2.00,1.00
2009.07.03 02:24:38.343,1.34265,1.3429,12.40,1.00
2009.07.03 02:24:38.503,1.34265,1.3428,3.20,1.00
2009.07.03 02:24:38.853,1.3426,1.3428,8.60,1.00
2009.07.03 02:24:39.212,1.3426,1.3428,5.40,1.00
2009.07.03 02:24:39.323,1.3426,1.34275,2.20,1.00
2009.07.03 02:24:39.912,1.3426,1.3428,1.00,1.00
2009.07.03 02:24:43.471,1.3426,1.34275,1.00,1.00
2009.07.03 02:24:49.780,1.3426,1.3427,1.00,1.00
2009.07.03 02:24:49.830,1.34255,1.3427,2.00,1.00
2009.07.03 02:24:52.819,1.34245,1.3427,4.00,1.00
2009.07.03 02:24:53.569,1.34245,1.3427,3.80,1.00
2009.07.03 02:24:53.919,1.34245,1.3427,1.80,1.80
2009.07.03 02:24:54.029,1.34255,1.34265,1.00,1.00
2009.07.03 02:24:57.368,1.34245,1.34265,1.80,1.00
2009.07.03 02:24:58.538,1.34255,1.3426,1.00,1.00
2009.07.03 02:24:59.048,1.34235,1.34255,2.80,3.40
2009.07.03 02:24:59.448,1.3423,1.3425,2.00,1.00
2009.07.03 02:24:59.858,1.3423,1.3425,2.20,1.60
2009.07.03 02:25:00.247,1.34225,1.3424,3.20,1.00
2009.07.03 02:25:00.579,1.34245,1.3425,3.20,6.40
2009.07.03 02:25:00.997,1.34245,1.3426,3.20,5.60
2009.07.03 02:25:01.287,1.3422,1.3425,6.40,1.00
2009.07.03 02:25:01.627,1.34225,1.3425,6.40,1.00
2009.07.03 02:25:01.907,1.34225,1.34255,7.80,1.00
2009.07.03 02:25:05.336,1.34215,1.3424,5.40,1.00
2009.07.03 02:25:05.446,1.3422,1.34245,1.40,6.60
2009.07.03 02:25:05.676,1.3422,1.34245,4.60,3.40
2009.07.03 02:25:05.786,1.3422,1.34245,7.80,1.00
2009.07.03 02:25:06.796,1.34225,1.3425,7.80,1.80
2009.07.03 02:25:07.146,1.3422,1.3424,4.60,1.00
2009.07.03 02:25:07.676,1.3422,1.3424,3.20,1.00
2009.07.03 02:25:08.356,1.34215,1.3424,24.40,1.00
2009.07.03 02:25:08.635,1.3422,1.3424,4.80,1.00
2009.07.03 02:25:09.515,1.34215,1.3423,8.00,1.00
2009.07.03 02:25:09.865,1.34205,1.3423,7.60,1.00
2009.07.03 02:25:11.535,1.34205,1.3423,9.80,1.00
2009.07.03 02:25:11.945,1.34205,1.3423,13.00,1.00
2009.07.03 02:25:12.245,1.34205,1.3423,17.80,1.00
2009.07.03 02:25:13.124,1.34205,1.3423,4.40,1.00
2009.07.03 02:25:13.524,1.34205,1.3423,12.40,1.00
2009.07.03 02:25:15.104,1.34215,1.3423,3.20,1.00
2009.07.03 02:25:15.344,1.34215,1.34235,3.20,1.00
2009.07.03 02:25:15.514,1.34215,1.34235,3.20,1.00
2009.07.03 02:25:15.804,1.3421,1.34235,20.40,1.00
2009.07.03 02:25:16.254,1.3421,1.3423,8.00,1.00
2009.07.03 02:25:16.544,1.34205,1.3423,17.60,1.00
2009.07.03 02:25:16.785,1.34205,1.3423,16.00,1.00
2009.07.03 02:25:17.583,1.3421,1.3423,8.00,1.00
2009.07.03 02:25:17.913,1.3421,1.34235,20.40,1.00
2009.07.03 02:25:18.753,1.3422,1.3424,4.40,1.00
2009.07.03 02:25:19.163,1.3422,1.3424,7.60,1.00
2009.07.03 02:25:19.383,1.3422,1.3424,6.40,1.00
2009.07.03 02:25:19.793,1.34215,1.3424,1.20,1.00
2009.07.03 02:25:20.463,1.34215,1.3424,1.40,3.40
2009.07.03 02:25:20.743,1.34215,1.3424,1.40,6.60
2009.07.03 02:25:20.983,1.34215,1.3424,4.60,1.80
2009.07.03 02:25:21.453,1.34215,1.3424,7.80,1.00
2009.07.03 02:25:21.692,1.34215,1.3424,7.80,1.00
2009.07.03 02:25:21.963,1.34215,1.34235,3.20,5.00
2009.07.03 02:25:22.312,1.3422,1.34235,1.00,5.00
2009.07.03 02:25:22.372,1.3422,1.34235,1.00,8.20
2009.07.03 02:25:22.772,1.3421,1.3423,3.60,3.20
2009.07.03 02:25:23.122,1.3421,1.3423,2.80,1.00
2009.07.03 02:25:23.452,1.34215,1.3423,1.00,1.00
2009.07.03 02:25:23.752,1.3422,1.34235,1.00,11.40
2009.07.03 02:25:24.211,1.3422,1.34235,1.00,8.20
2009.07.03 02:25:24.662,1.34215,1.34235,1.00,8.20
2009.07.03 02:25:24.782,1.34215,1.34235,1.00,21.20
2009.07.03 02:25:24.892,1.34215,1.3423,1.00,1.00
2009.07.03 02:25:24.952,1.34215,1.3423,1.00,1.80
2009.07.03 02:25:26.971,1.3421,1.3423,2.80,1.80
2009.07.03 02:25:27.091,1.3421,1.34225,1.00,4.20
2009.07.03 02:25:27.481,1.3421,1.34225,1.00,1.00
2009.07.03 02:25:27.891,1.34205,1.34215,10.00,4.80
2009.07.03 02:25:28.291,1.34215,1.3423,1.00,1.80
2009.07.03 02:25:28.511,1.3421,1.3422,1.00,3.20
2009.07.03 02:25:28.920,1.3421,1.34225,1.00,1.00
2009.07.03 02:25:29.200,1.3421,1.34225,1.00,1.00
2009.07.03 02:25:29.361,1.34215,1.34225,3.20,1.00
2009.07.03 02:25:29.480,1.34215,1.34225,6.40,1.00
2009.07.03 02:25:29.660,1.34215,1.34225,7.00,1.00
2009.07.03 02:25:29.830,1.34215,1.3423,7.00,1.00
2009.07.03 02:25:30.230,1.3421,1.34215,6.70,4.80
2009.07.03 02:25:30.350,1.3421,1.34215,1.00,4.80
2009.07.03 02:25:30.930,1.34215,1.3422,1.00,5.60
2009.07.03 02:25:32.300,1.34205,1.34215,4.60,1.60
2009.07.03 02:25:32.470,1.34215,1.3423,1.00,1.00
2009.07.03 02:25:34.259,1.34225,1.3423,1.00,1.00
2009.07.03 02:25:34.499,1.34225,1.34235,1.00,1.00
2009.07.03 02:25:34.999,1.34225,1.3423,1.00,1.00
2009.07.03 02:25:35.059,1.3422,1.3423,1.00,1.80
2009.07.03 02:25:35.349,1.3422,1.3423,1.00,1.60
2009.07.03 02:25:35.459,1.3422,1.34235,1.00,6.60
2009.07.03 02:25:35.809,1.3422,1.34235,1.00,3.40
2009.07.03 02:25:35.929,1.3422,1.34235,1.00,1.80
2009.07.03 02:25:37.039,1.3422,1.34235,1.00,1.00
2009.07.03 02:25:39.938,1.34225,1.34235,1.00,1.00
2009.07.03 02:25:40.388,1.3423,1.34235,1.00,1.00
2009.07.03 02:25:40.848,1.34225,1.34245,1.60,6.40
2009.07.03 02:25:41.128,1.3423,1.3424,1.00,1.60
2009.07.03 02:25:41.528,1.3423,1.34245,1.00,6.60
2009.07.03 02:25:42.067,1.3423,1.34245,1.00,7.40
2009.07.03 02:25:42.407,1.3423,1.3424,1.00,1.80
2009.07.03 02:25:42.817,1.3423,1.34235,1.00,1.00
2009.07.03 02:25:48.296,1.3423,1.3424,1.00,5.00
2009.07.03 02:25:48.516,1.34215,1.3424,4.40,6.60
2009.07.03 02:25:48.866,1.34215,1.34235,2.20,6.40
2009.07.03 02:25:49.216,1.34215,1.34225,1.00,1.00
2009.07.03 02:25:52.485,1.3421,1.34225,1.00,1.00
2009.07.03 02:25:54.994,1.34205,1.34225,5.40,1.80
2009.07.03 02:25:55.284,1.3421,1.34225,1.00,5.00
2009.07.03 02:25:55.804,1.3421,1.34225,1.00,1.80
2009.07.03 02:25:55.984,1.3421,1.34225,1.00,1.00
2009.07.03 02:25:57.694,1.34205,1.34225,5.40,1.00
2009.07.03 02:25:57.924,1.34205,1.34225,1.00,1.00
2009.07.03 02:25:58.203,1.34205,1.3422,1.00,1.00
2009.07.03 02:26:01.903,1.3421,1.34225,1.00,1.00
2009.07.03 02:26:07.181,1.34195,1.34215,3.80,1.00
2009.07.03 02:26:07.291,1.34195,1.3421,3.80,1.00
2009.07.03 02:26:07.511,1.34195,1.3421,1.00,1.00
2009.07.03 02:26:11.960,1.342,1.3422,3.20,1.80
2009.07.03 02:26:12.200,1.342,1.3422,6.40,1.80
2009.07.03 02:26:12.561,1.342,1.3422,6.40,1.00
2009.07.03 02:26:17.419,1.34205,1.34225,3.20,3.40
2009.07.03 02:26:17.539,1.34205,1.34225,6.40,3.40
2009.07.03 02:26:17.839,1.34205,1.34225,6.40,6.60
2009.07.03 02:26:35.214,1.3421,1.34225,3.20,3.40
2009.07.03 02:26:35.495,1.3421,1.34225,6.40,1.00
2009.07.03 02:26:35.675,1.3421,1.34225,7.00,1.00
2009.07.03 02:26:36.254,1.3421,1.34225,3.80,3.40
2009.07.03 02:26:36.424,1.34205,1.34225,6.40,6.60
2009.07.03 02:26:37.124,1.34205,1.34225,6.40,3.40
2009.07.03 02:26:37.304,1.34205,1.34225,7.80,3.20
2009.07.03 02:26:37.414,1.3421,1.34225,3.20,1.00
2009.07.03 02:26:37.764,1.3421,1.34225,6.40,1.00
2009.07.03 02:26:38.454,1.3421,1.3423,7.00,1.00
2009.07.03 02:26:38.564,1.34205,1.3423,4.80,3.40
2009.07.03 02:26:42.173,1.34215,1.3424,7.80,6.60
2009.07.03 02:26:44.442,1.34215,1.34235,6.40,1.00
2009.07.03 02:26:44.502,1.34215,1.34235,3.20,3.40
2009.07.03 02:26:44.612,1.3421,1.34235,8.00,6.60
2009.07.03 02:26:44.912,1.3421,1.34235,1.60,6.60
2009.07.03 02:26:47.022,1.3422,1.34235,1.60,3.20
2009.07.03 02:26:47.362,1.3422,1.34245,1.60,8.20
2009.07.03 02:26:47.541,1.3422,1.34245,1.60,6.60
2009.07.03 02:26:48.501,1.3422,1.34245,4.80,3.40
2009.07.03 02:26:48.851,1.34225,1.3425,1.60,6.60
2009.07.03 02:26:49.031,1.34225,1.34245,3.20,3.40
2009.07.03 02:26:49.261,1.3422,1.34245,1.60,3.40
2009.07.03 02:26:49.491,1.3422,1.34245,1.60,6.60
2009.07.03 02:26:50.721,1.3422,1.34245,8.00,6.60
2009.07.03 02:26:50.901,1.34225,1.3425,1.60,9.80
2009.07.03 02:26:53.510,1.34225,1.3425,1.60,6.60
2009.07.03 02:26:53.800,1.34225,1.3425,1.60,9.80
2009.07.03 02:26:54.320,1.3422,1.34245,1.60,6.60
2009.07.03 02:26:54.880,1.34225,1.34245,1.60,3.20
2009.07.03 02:26:55.110,1.34225,1.3425,1.60,6.60
2009.07.03 02:26:55.340,1.3422,1.34235,6.40,1.00
2009.07.03 02:26:55.740,1.3421,1.34235,12.80,3.40
2009.07.03 02:26:55.800,1.3421,1.34235,4.80,3.40
2009.07.03 02:26:56.220,1.3421,1.3423,3.20,3.40
2009.07.03 02:26:56.679,1.34205,1.3423,1.60,6.60
2009.07.03 02:26:57.389,1.34205,1.34225,1.60,1.00
2009.07.03 02:26:58.029,1.34205,1.3422,3.20,1.00
2009.07.03 02:26:58.259,1.342,1.3422,12.80,1.00
2009.07.03 02:26:58.659,1.34205,1.3423,1.60,6.60
2009.07.03 02:26:58.899,1.342,1.34225,1.60,6.60
2009.07.03 02:26:59.469,1.342,1.34225,4.80,6.60
2009.07.03 02:26:59.699,1.3421,1.34225,3.20,1.00
2009.07.03 02:27:00.099,1.3421,1.34225,1.00,1.00
2009.07.03 02:27:00.489,1.34205,1.34225,1.60,1.00
2009.07.03 02:27:01.968,1.34205,1.3423,1.60,6.60
2009.07.03 02:27:04.038,1.34205,1.3423,1.60,6.60
2009.07.03 02:27:08.607,1.3421,1.3423,1.00,6.60
2009.07.03 02:27:08.837,1.3421,1.3423,6.40,1.00
2009.07.03 02:27:11.576,1.34205,1.3423,1.60,3.40
2009.07.03 02:27:11.686,1.34205,1.3423,1.60,6.60
2009.07.03 02:27:13.716,1.34205,1.3423,1.40,6.60
2009.07.03 02:27:14.045,1.342,1.34225,1.60,6.60
2009.07.03 02:27:15.205,1.342,1.34225,4.80,3.40
2009.07.03 02:27:15.555,1.342,1.34225,1.60,3.40
2009.07.03 02:27:15.725,1.34205,1.34225,3.20,3.40
2009.07.03 02:27:15.945,1.342,1.34225,4.80,1.00
2009.07.03 02:27:16.295,1.3421,1.3422,1.00,6.40
2009.07.03 02:27:16.995,1.34205,1.3422,1.40,6.40
2009.07.03 02:27:17.325,1.34195,1.34215,7.00,1.00
2009.07.03 02:27:17.674,1.34195,1.34215,6.40,1.00
2009.07.03 02:27:21.193,1.34195,1.342,3.20,3.20
2009.07.03 02:27:21.404,1.34195,1.342,3.20,3.40
2009.07.03 02:27:21.573,1.3419,1.342,6.40,3.40
2009.07.03 02:27:22.663,1.3418,1.342,6.40,3.40
2009.07.03 02:27:22.963,1.3418,1.34195,6.40,1.80
2009.07.03 02:27:23.133,1.3418,1.34195,6.40,1.00
2009.07.03 02:27:23.363,1.3418,1.34195,6.40,2.40
2009.07.03 02:27:23.663,1.3418,1.342,6.40,5.00
2009.07.03 02:27:23.903,1.3418,1.342,6.40,3.40
2009.07.03 02:27:25.253,1.3418,1.342,7.00,1.00
2009.07.03 02:27:25.602,1.3418,1.34195,6.40,3.20
2009.07.03 02:27:26.163,1.3418,1.34185,3.20,4.80
2009.07.03 02:27:26.502,1.3418,1.3419,6.40,3.20
2009.07.03 02:27:27.022,1.3418,1.342,6.40,9.80
2009.07.03 02:27:28.112,1.3418,1.342,6.40,6.60
2009.07.03 02:27:28.332,1.3418,1.342,6.40,3.40
2009.07.03 02:27:30.071,1.3418,1.342,6.40,1.00
2009.07.03 02:27:30.191,1.34185,1.342,3.80,1.00
2009.07.03 02:27:30.522,1.34185,1.34205,5.20,3.40
2009.07.03 02:27:30.871,1.34185,1.34205,12.40,9.00
2009.07.03 02:27:32.731,1.34185,1.34205,12.40,12.20
2009.07.03 02:27:33.131,1.34185,1.34205,10.80,15.40
2009.07.03 02:27:33.531,1.34185,1.342,8.00,3.40
2009.07.03 02:27:33.761,1.3418,1.342,8.00,3.40
2009.07.03 02:27:34.800,1.3418,1.342,9.40,3.40
2009.07.03 02:27:34.910,1.3418,1.342,7.80,3.40
2009.07.03 02:27:35.950,1.34185,1.34205,4.40,15.40
2009.07.03 02:27:40.359,1.3418,1.342,6.40,3.40
2009.07.03 02:27:41.099,1.34175,1.342,15.60,9.80
2009.07.03 02:27:41.619,1.3418,1.342,3.20,6.60
2009.07.03 02:27:41.909,1.3418,1.342,6.40,6.60
2009.07.03 02:27:42.138,1.3418,1.342,6.40,9.80
2009.07.03 02:27:43.248,1.3418,1.34195,3.20,3.20
2009.07.03 02:27:43.518,1.34175,1.34195,15.60,6.40
2009.07.03 02:27:45.788,1.34175,1.34195,15.00,6.40
2009.07.03 02:27:46.017,1.34175,1.34195,10.20,6.40
2009.07.03 02:27:46.707,1.34175,1.34195,5.40,6.60
2009.07.03 02:27:47.097,1.34175,1.34195,2.20,6.60
2009.07.03 02:27:47.207,1.34175,1.34195,5.40,3.40
2009.07.03 02:27:47.448,1.34175,1.34195,8.60,1.00
2009.07.03 02:27:47.797,1.34175,1.34195,8.00,3.40
2009.07.03 02:27:48.097,1.3417,1.34195,5.00,1.00
2009.07.03 02:27:48.857,1.3417,1.34195,5.80,1.00
2009.07.03 02:27:49.667,1.3417,1.34195,5.00,1.00
2009.07.03 02:27:50.077,1.3417,1.34195,2.60,3.40
2009.07.03 02:27:50.247,1.3417,1.34195,1.80,6.60
2009.07.03 02:27:50.587,1.3417,1.34195,2.60,6.60
2009.07.03 02:27:50.646,1.3417,1.34195,1.80,6.60
2009.07.03 02:27:50.886,1.34175,1.3419,1.00,6.40
2009.07.03 02:27:51.007,1.3417,1.34185,2.40,3.20
2009.07.03 02:27:51.306,1.3417,1.34185,3.20,3.20
2009.07.03 02:27:51.466,1.3417,1.34185,1.60,6.40
2009.07.03 02:27:52.686,1.3417,1.34185,2.20,6.40
2009.07.03 02:27:52.796,1.3417,1.34185,1.60,6.40
2009.07.03 02:27:53.366,1.3417,1.34185,2.20,6.40
2009.07.03 02:27:53.776,1.3417,1.34185,1.60,6.40
2009.07.03 02:27:56.165,1.3417,1.34185,1.00,6.60
2009.07.03 02:27:56.455,1.34165,1.34185,12.40,6.60
2009.07.03 02:27:57.035,1.3417,1.34185,1.00,6.60
2009.07.03 02:27:57.255,1.34165,1.34185,12.40,6.60
2009.07.03 02:27:57.375,1.34165,1.34185,1.60,3.40
2009.07.03 02:27:57.645,1.34165,1.34185,10.00,11.40
2009.07.03 02:27:57.705,1.3417,1.34185,1.00,9.80
2009.07.03 02:27:57.824,1.3417,1.34185,1.00,6.60
2009.07.03 02:27:59.384,1.34165,1.34185,12.40,6.60
2009.07.03 02:28:02.224,1.34165,1.34185,10.00,13.80
2009.07.03 02:28:02.744,1.34165,1.3418,10.00,3.20
2009.07.03 02:28:03.103,1.34165,1.3418,10.00,6.60
2009.07.03 02:28:03.433,1.34165,1.3417,2.00,6.60
2009.07.03 02:28:03.553,1.3415,1.3417,6.60,9.80
2009.07.03 02:28:08.892,1.34155,1.3417,2.60,3.20
2009.07.03 02:28:09.122,1.34155,1.34175,4.20,6.40
2009.07.03 02:28:09.352,1.34155,1.3418,4.20,6.60
2009.07.03 02:28:09.692,1.34155,1.34175,7.40,3.20
2009.07.03 02:28:09.752,1.34155,1.3418,10.60,8.40
2009.07.03 02:28:10.092,1.34155,1.3418,10.60,6.60
2009.07.03 02:28:10.152,1.34155,1.3418,10.60,3.40
2009.07.03 02:28:11.441,1.3416,1.3418,1.00,3.40
2009.07.03 02:28:12.201,1.3416,1.3418,3.40,5.00
2009.07.03 02:28:12.831,1.3416,1.3418,1.00,1.80
2009.07.03 02:28:13.111,1.34155,1.3418,6.00,3.40
2009.07.03 02:28:14.731,1.3416,1.3418,1.00,1.00
2009.07.03 02:28:16.690,1.34165,1.3418,2.00,1.00
2009.07.03 02:28:17.221,1.3416,1.3418,7.20,1.00
2009.07.03 02:28:22.099,1.3416,1.3418,4.20,1.00
2009.07.03 02:28:22.149,1.34165,1.34185,1.00,9.80
2009.07.03 02:28:22.549,1.3416,1.3418,1.00,1.00
2009.07.03 02:28:22.939,1.3416,1.3418,2.40,1.00
2009.07.03 02:28:23.329,1.3416,1.3418,1.00,1.00
2009.07.03 02:28:25.688,1.3416,1.34185,2.60,11.40
2009.07.03 02:28:25.858,1.34165,1.34185,3.60,9.80
2009.07.03 02:28:26.098,1.34165,1.34185,3.60,3.40
2009.07.03 02:28:27.048,1.34165,1.34185,3.60,9.80
2009.07.03 02:28:42.934,1.3417,1.34195,1.60,1.00
2009.07.03 02:28:43.514,1.3417,1.34195,2.20,1.00
2009.07.03 02:28:43.804,1.3417,1.34195,1.60,1.00
2009.07.03 02:28:44.433,1.3417,1.34195,1.60,1.80
2009.07.03 02:28:44.553,1.3417,1.34195,1.60,2.60
2009.07.03 02:28:44.723,1.3417,1.34195,2.20,3.40
2009.07.03 02:28:44.833,1.3417,1.3419,1.00,1.00
2009.07.03 02:28:45.013,1.3417,1.3419,1.00,3.40
2009.07.03 02:28:45.363,1.34175,1.34195,2.80,5.80
2009.07.03 02:28:45.423,1.34175,1.34195,2.80,4.20
2009.07.03 02:28:45.713,1.34175,1.34195,4.40,4.20
2009.07.03 02:28:47.183,1.34175,1.34195,6.00,1.60
2009.07.03 02:28:47.363,1.34175,1.342,6.00,5.00
2009.07.03 02:28:52.272,1.34175,1.342,9.20,5.00
2009.07.03 02:28:52.392,1.34175,1.342,12.40,5.00
2009.07.03 02:28:52.781,1.3418,1.342,1.00,1.80
2009.07.03 02:28:52.901,1.34175,1.342,12.40,5.00
2009.07.03 02:28:55.311,1.34175,1.34195,12.40,1.00
2009.07.03 02:29:00.110,1.3418,1.342,6.60,3.40
2009.07.03 02:29:02.429,1.34175,1.34195,12.40,1.00
2009.07.03 02:29:04.429,1.3418,1.342,1.00,5.00
2009.07.03 02:29:04.838,1.3418,1.342,1.00,3.40
2009.07.03 02:29:08.878,1.3418,1.342,1.00,3.40
2009.07.03 02:29:09.047,1.34175,1.342,12.40,3.40
2009.07.03 02:29:09.337,1.34175,1.342,12.40,5.00
2009.07.03 02:29:32.952,1.34175,1.34195,10.80,4.20
2009.07.03 02:29:33.192,1.34175,1.342,12.40,6.60
2009.07.03 02:29:33.712,1.34175,1.342,12.40,5.00
2009.07.03 02:29:33.942,1.34175,1.342,12.40,3.40
2009.07.03 02:29:52.847,1.34175,1.342,12.40,3.40
2009.07.03 02:29:52.967,1.34175,1.342,2.20,3.40
2009.07.03 02:29:53.137,1.34175,1.342,2.20,5.80
2009.07.03 02:29:53.367,1.34175,1.34195,14.00,2.40
2009.07.03 02:29:53.487,1.34175,1.342,14.00,3.40
2009.07.03 02:29:54.027,1.3418,1.342,3.20,3.40
2009.07.03 02:29:54.317,1.3418,1.342,6.40,3.40
2009.07.03 02:29:55.476,1.3418,1.342,3.20,3.40
2009.07.03 02:29:55.806,1.34175,1.342,14.00,3.40
2009.07.03 02:29:56.106,1.3418,1.342,1.00,1.00
2009.07.03 02:29:56.456,1.3418,1.342,1.00,1.80
2009.07.03 02:29:57.876,1.34175,1.342,14.00,5.00
2009.07.03 02:29:59.485,1.3418,1.342,1.00,1.80
2009.07.03 02:29:59.595,1.34175,1.342,14.00,5.00
2009.07.03 02:30:00.505,1.3418,1.342,1.00,1.80
2009.07.03 02:30:02.065,1.34175,1.342,14.00,5.00
2009.07.03 02:30:02.245,1.34175,1.342,13.40,3.40
2009.07.03 02:30:02.355,1.3418,1.342,1.00,3.40
2009.07.03 02:30:02.634,1.3418,1.34195,1.00,1.00
2009.07.03 02:30:06.364,1.34185,1.342,5.60,1.00
2009.07.03 02:30:06.843,1.34185,1.3421,7.60,8.20
2009.07.03 02:30:07.134,1.34185,1.3421,7.60,6.60
2009.07.03 02:30:09.893,1.34185,1.3421,7.60,6.60
2009.07.03 02:30:09.943,1.3419,1.3421,5.60,1.00
2009.07.03 02:30:10.113,1.3419,1.34215,7.20,1.80
2009.07.03 02:30:10.233,1.3419,1.34215,7.20,1.00
2009.07.03 02:30:10.573,1.34195,1.3422,4.80,1.00
2009.07.03 02:30:10.743,1.34195,1.3422,5.00,1.00
2009.07.03 02:30:11.153,1.34195,1.3422,5.00,1.00
2009.07.03 02:30:11.323,1.342,1.34225,1.60,1.00
2009.07.03 02:30:11.603,1.34195,1.3422,10.80,1.00
2009.07.03 02:30:12.252,1.34195,1.3422,10.40,1.00
2009.07.03 02:30:13.772,1.34195,1.3422,10.60,1.00
2009.07.03 02:30:13.942,1.34195,1.3422,10.80,1.00
2009.07.03 02:30:15.571,1.342,1.3422,7.20,1.00
2009.07.03 02:30:15.681,1.342,1.3422,13.00,1.00
2009.07.03 02:30:16.671,1.342,1.3422,14.60,1.00
2009.07.03 02:30:17.001,1.342,1.34225,8.00,1.00
2009.07.03 02:30:44.385,1.342,1.34215,3.80,1.00
2009.07.03 02:30:44.614,1.342,1.34215,1.00,1.00
2009.07.03 02:30:45.115,1.34195,1.34215,4.40,1.00
2009.07.03 02:30:45.294,1.342,1.3422,1.20,8.00
2009.07.03 02:30:45.354,1.342,1.3422,4.40,4.80
2009.07.03 02:30:45.534,1.342,1.3422,4.40,4.80
2009.07.03 02:30:45.594,1.342,1.34225,7.60,1.00
2009.07.03 02:30:46.404,1.342,1.34225,9.20,1.00
2009.07.03 02:30:48.783,1.342,1.34225,7.60,1.00
2009.07.03 02:30:52.033,1.3418,1.34205,1.60,1.00
2009.07.03 02:30:52.323,1.3418,1.342,1.00,1.00
2009.07.03 02:30:52.603,1.3418,1.34205,1.60,1.00
2009.07.03 02:30:53.072,1.3418,1.342,1.00,1.00
2009.07.03 02:30:53.532,1.34175,1.342,6.00,6.60
2009.07.03 02:30:53.822,1.3418,1.34205,1.60,1.80
2009.07.03 02:30:54.152,1.3418,1.34205,1.60,1.00
2009.07.03 02:30:55.802,1.3418,1.34205,1.60,3.60
2009.07.03 02:30:55.862,1.3418,1.34205,1.60,3.60
2009.07.03 02:30:55.912,1.34175,1.342,14.00,1.00
2009.07.03 02:30:55.972,1.34175,1.342,14.00,3.40
2009.07.03 02:30:58.971,1.34175,1.342,15.60,1.00
2009.07.03 02:30:59.371,1.34185,1.342,1.00,3.40
2009.07.03 02:30:59.611,1.3419,1.34205,1.00,13.20
2009.07.03 02:30:59.791,1.3419,1.34205,1.00,13.20
2009.07.03 02:31:00.021,1.34195,1.34205,1.00,13.20
2009.07.03 02:31:00.251,1.34195,1.3422,1.60,5.60
2009.07.03 02:31:00.611,1.3419,1.34215,5.00,1.00
2009.07.03 02:31:00.841,1.34195,1.3422,5.00,1.00
2009.07.03 02:31:01.190,1.34195,1.34205,10.40,3.20
2009.07.03 02:31:01.361,1.34195,1.34215,10.40,1.00
2009.07.03 02:31:01.751,1.34195,1.3422,7.60,1.80
2009.07.03 02:31:01.990,1.34195,1.3422,7.20,1.00
2009.07.03 02:31:02.230,1.34195,1.3422,10.40,1.00
2009.07.03 02:31:02.510,1.34195,1.3422,10.80,1.00
2009.07.03 02:31:03.260,1.34195,1.3422,10.60,1.00
2009.07.03 02:31:03.491,1.34195,1.3422,10.40,1.00
2009.07.03 02:31:08.449,1.3418,1.342,1.00,1.00
2009.07.03 02:31:08.839,1.3418,1.3419,1.00,1.00
2009.07.03 02:31:09.239,1.3418,1.342,1.00,1.00
2009.07.03 02:31:09.629,1.3418,1.34205,1.60,1.80
2009.07.03 02:31:09.909,1.3418,1.34205,1.60,3.40
2009.07.03 02:31:12.268,1.3419,1.3421,3.20,1.00
2009.07.03 02:31:12.598,1.34195,1.3422,1.60,1.80
2009.07.03 02:31:12.838,1.34195,1.3422,1.60,1.00
2009.07.03 02:31:13.758,1.3419,1.34215,1.60,1.00
2009.07.03 02:31:15.617,1.3419,1.34215,7.20,1.00
2009.07.03 02:31:17.346,1.3419,1.34215,1.60,1.00
2009.07.03 02:31:18.136,1.3419,1.34215,3.20,1.00
2009.07.03 02:31:18.486,1.342,1.3422,1.60,8.00
2009.07.03 02:31:18.776,1.34195,1.3422,4.80,1.00
2009.07.03 02:31:19.346,1.34195,1.3422,5.20,1.00
2009.07.03 02:31:19.866,1.34195,1.3422,2.00,1.00
2009.07.03 02:31:22.036,1.34195,1.34215,3.60,1.00
2009.07.03 02:31:22.366,1.34195,1.3422,5.00,1.00
2009.07.03 02:31:22.826,1.342,1.3422,1.00,1.00
2009.07.03 02:31:26.364,1.34195,1.3422,8.20,1.00
2009.07.03 02:31:32.813,1.34195,1.3422,8.20,3.40
2009.07.03 02:31:33.163,1.34195,1.3422,8.20,6.60
2009.07.03 02:31:33.333,1.34195,1.3422,9.80,6.60
2009.07.03 02:31:35.462,1.34195,1.3422,8.20,6.60
2009.07.03 02:31:39.181,1.34195,1.3422,8.00,6.60
2009.07.03 02:31:39.351,1.34195,1.3422,7.80,6.60
2009.07.03 02:31:41.931,1.34195,1.3422,8.00,6.60
2009.07.03 02:31:42.550,1.34195,1.3422,8.20,6.60
2009.07.03 02:31:45.640,1.34195,1.3422,8.00,6.60
2009.07.03 02:31:45.750,1.34195,1.3422,7.80,6.60
2009.07.03 02:31:48.099,1.34195,1.3422,7.80,6.60
2009.07.03 02:31:48.219,1.34195,1.3422,4.60,3.40
2009.07.03 02:31:48.449,1.34195,1.3422,1.40,3.40
2009.07.03 02:31:48.559,1.3419,1.34215,1.60,6.60
2009.07.03 02:31:48.679,1.3419,1.34215,1.60,5.00
2009.07.03 02:31:48.959,1.3419,1.34205,6.60,1.00
2009.07.03 02:31:49.189,1.3419,1.34205,3.20,1.00
2009.07.03 02:31:49.409,1.3419,1.3421,1.60,3.20
2009.07.03 02:31:49.819,1.34185,1.34205,8.00,1.00
2009.07.03 02:31:50.039,1.34185,1.34205,6.40,1.00
2009.07.03 02:31:50.328,1.34185,1.34205,6.60,1.00
2009.07.03 02:31:50.559,1.3419,1.34215,7.80,6.60
2009.07.03 02:31:56.716,1.34195,1.34215,1.00,6.60
2009.07.03 02:31:56.886,1.34195,1.34215,6.80,1.00
2009.07.03 02:31:57.686,1.34195,1.3422,8.40,6.60
2009.07.03 02:32:00.585,1.34195,1.3422,8.40,6.60
2009.07.03 02:32:02.605,1.34195,1.3422,8.20,6.60
2009.07.03 02:32:03.065,1.34195,1.3422,7.80,6.60
2009.07.03 02:32:05.804,1.34195,1.3422,7.80,6.60
2009.07.03 02:32:05.974,1.3419,1.34215,4.80,1.00
2009.07.03 02:32:08.024,1.34185,1.34205,6.80,1.00
2009.07.03 02:32:08.313,1.3419,1.34215,1.60,6.60
2009.07.03 02:32:17.171,1.34195,1.3421,3.20,3.40
2009.07.03 02:32:17.342,1.34195,1.3421,6.40,1.00
2009.07.03 02:32:17.631,1.3419,1.34215,4.80,6.60
2009.07.03 02:32:25.450,1.3419,1.34215,5.40,6.60
2009.07.03 02:32:28.678,1.3419,1.3421,2.20,3.20
2009.07.03 02:32:28.789,1.34185,1.3421,8.00,3.40
2009.07.03 02:32:29.009,1.34185,1.34205,1.60,3.20
2009.07.03 02:32:29.179,1.34185,1.34205,8.00,6.60
2009.07.03 02:32:29.479,1.34185,1.34205,4.80,6.60
2009.07.03 02:32:29.868,1.34185,1.34205,4.80,3.40
2009.07.03 02:32:30.088,1.34185,1.3421,1.60,6.60
2009.07.03 02:32:30.328,1.3418,1.342,1.60,6.40
2009.07.03 02:32:31.128,1.3418,1.342,4.80,3.20
2009.07.03 02:32:31.488,1.3418,1.342,1.60,3.20
2009.07.03 02:32:31.828,1.3418,1.342,8.20,6.60
2009.07.03 02:32:32.048,1.3418,1.342,8.00,6.60
2009.07.03 02:32:32.218,1.3418,1.342,4.80,3.20
2009.07.03 02:32:32.438,1.3418,1.34205,4.80,6.60
2009.07.03 02:32:33.068,1.3419,1.34205,1.00,6.60
2009.07.03 02:32:46.435,1.3419,1.34205,1.20,6.60
2009.07.03 02:32:58.122,1.34195,1.3421,1.00,6.60
2009.07.03 02:33:22.895,1.34205,1.3421,1.00,6.60
2009.07.03 02:33:22.946,1.34205,1.3421,1.00,3.60
2009.07.03 02:33:23.056,1.34215,1.3422,6.40,2.80
2009.07.03 02:33:23.446,1.3423,1.3424,1.00,6.60
2009.07.03 02:33:23.505,1.3423,1.3424,1.00,5.00
2009.07.03 02:33:23.735,1.3423,1.3424,1.00,4.80
2009.07.03 02:33:23.855,1.3422,1.3424,1.00,1.00
2009.07.03 02:33:24.265,1.3423,1.34245,1.00,3.20
2009.07.03 02:33:24.785,1.3423,1.3424,1.00,9.80
2009.07.03 02:33:25.325,1.3423,1.3424,1.00,6.60
2009.07.03 02:33:33.393,1.34215,1.3423,1.00,3.20
2009.07.03 02:33:33.513,1.34215,1.34235,1.00,6.60
2009.07.03 02:33:57.777,1.34215,1.3423,1.00,3.40
2009.07.03 02:33:58.067,1.34205,1.3422,3.20,1.00
2009.07.03 02:33:58.187,1.342,1.3422,8.40,1.00
2009.07.03 02:33:58.587,1.34205,1.3422,1.00,1.00
2009.07.03 02:33:58.817,1.3421,1.34225,4.80,3.20
2009.07.03 02:33:59.217,1.3421,1.34235,4.80,1.80
2009.07.03 02:33:59.447,1.3421,1.34235,5.20,1.00
2009.07.03 02:34:00.137,1.3422,1.34245,1.60,3.40
2009.07.03 02:34:00.247,1.3422,1.3424,1.60,3.20
2009.07.03 02:34:00.697,1.3422,1.34245,1.60,6.60
2009.07.03 02:34:04.426,1.3422,1.34245,2.00,6.60
2009.07.03 02:34:04.536,1.34235,1.34255,1.60,11.20
2009.07.03 02:34:04.655,1.34235,1.34255,1.60,1.60
2009.07.03 02:34:04.835,1.34245,1.34265,1.00,6.60
2009.07.03 02:34:05.006,1.34245,1.34265,1.00,6.60
2009.07.03 02:34:05.935,1.3425,1.34265,1.00,6.60
2009.07.03 02:34:06.115,1.34245,1.34265,1.00,6.60
2009.07.03 02:34:07.335,1.3424,1.34265,2.00,6.60
2009.07.03 02:34:07.565,1.34245,1.34265,1.00,6.60
2009.07.03 02:34:08.075,1.3424,1.34265,2.00,6.60
2009.07.03 02:34:11.624,1.3424,1.34265,1.60,6.60
2009.07.03 02:34:11.854,1.3424,1.34255,4.80,1.00
2009.07.03 02:34:12.314,1.34235,1.34255,8.40,1.00
2009.07.03 02:34:18.792,1.34235,1.34255,5.20,3.40
2009.07.03 02:34:19.122,1.34225,1.3425,8.40,3.40
2009.07.03 02:34:19.282,1.34225,1.3425,5.20,6.60
2009.07.03 02:34:20.861,1.34225,1.3425,2.00,3.40
2009.07.03 02:34:20.972,1.3423,1.34245,3.60,3.40
2009.07.03 02:34:21.141,1.3423,1.34245,3.20,3.40
2009.07.03 02:34:21.311,1.34225,1.34245,1.00,6.60
2009.07.03 02:34:24.391,1.34225,1.34245,1.00,6.60
2009.07.03 02:34:24.511,1.3422,1.34245,1.60,6.60
2009.07.03 02:34:24.781,1.3422,1.34245,1.60,3.40
2009.07.03 02:34:24.891,1.3422,1.34235,3.60,1.00
2009.07.03 02:34:25.121,1.3422,1.34235,1.00,1.00
2009.07.03 02:34:25.231,1.34215,1.34235,6.80,1.00
2009.07.03 02:34:28.720,1.34215,1.34235,6.60,1.00
2009.07.03 02:34:28.830,1.34215,1.34235,6.40,1.00
2009.07.03 02:34:29.170,1.34225,1.34235,3.20,1.00
2009.07.03 02:34:29.460,1.34235,1.3424,2.00,3.20
2009.07.03 02:34:29.690,1.3422,1.34235,8.00,1.00
2009.07.03 02:34:29.860,1.34215,1.34235,4.80,1.00
2009.07.03 02:34:30.209,1.34215,1.34235,6.40,1.00
2009.07.03 02:34:30.669,1.3421,1.34235,4.80,1.00
2009.07.03 02:34:37.068,1.34205,1.34225,6.40,3.40
2009.07.03 02:34:37.118,1.34205,1.34225,6.40,3.40
2009.07.03 02:34:37.408,1.34205,1.34225,6.40,6.60
2009.07.03 02:34:37.588,1.342,1.34225,4.80,6.60
2009.07.03 02:34:38.597,1.342,1.34225,5.40,6.60
2009.07.03 02:34:38.897,1.342,1.34225,2.20,3.40
2009.07.03 02:34:39.117,1.3419,1.34215,4.80,6.60
2009.07.03 02:34:41.267,1.34195,1.3421,6.40,1.00
2009.07.03 02:34:45.416,1.3419,1.34215,4.80,6.60
2009.07.03 02:34:47.915,1.3419,1.342,1.60,6.40
2009.07.03 02:34:48.685,1.3419,1.3421,1.60,11.20
2009.07.03 02:34:48.855,1.3419,1.3421,1.60,6.40
2009.07.03 02:34:49.305,1.3419,1.34205,1.60,3.20
2009.07.03 02:34:49.475,1.3419,1.3421,1.60,6.40
2009.07.03 02:34:50.174,1.34185,1.34205,6.40,1.00
2009.07.03 02:34:50.505,1.34185,1.342,6.40,1.00
2009.07.03 02:34:51.074,1.3419,1.3421,4.80,3.20
2009.07.03 02:34:51.414,1.3419,1.34215,4.80,6.60
2009.07.03 02:35:02.402,1.342,1.34215,2.00,6.60
2009.07.03 02:35:02.691,1.34205,1.34215,1.60,6.60
2009.07.03 02:35:02.861,1.34205,1.34215,2.00,6.60
2009.07.03 02:35:03.201,1.34205,1.34215,2.00,3.40
2009.07.03 02:35:03.381,1.34205,1.3422,2.00,1.00
2009.07.03 02:35:05.641,1.34205,1.34215,2.00,6.60
2009.07.03 02:35:11.949,1.34205,1.34215,1.00,6.60
2009.07.03 02:35:12.009,1.342,1.34215,2.00,6.60
2009.07.03 02:35:20.447,1.342,1.3421,2.00,1.00
2009.07.03 02:35:20.607,1.34205,1.3421,1.00,1.00
2009.07.03 02:35:21.008,1.342,1.3421,2.00,3.40
2009.07.03 02:35:21.187,1.342,1.3421,2.00,6.60
2009.07.03 02:35:22.797,1.342,1.34205,1.00,3.40
2009.07.03 02:35:22.967,1.34195,1.34205,2.80,6.60
2009.07.03 02:35:23.146,1.342,1.34205,1.00,6.60
2009.07.03 02:35:23.546,1.342,1.34205,1.00,6.40
2009.07.03 02:35:23.846,1.34195,1.34205,1.00,6.40
2009.07.03 02:35:33.594,1.34215,1.3423,1.00,8.20
2009.07.03 02:35:33.714,1.34205,1.34215,1.40,3.20
2009.07.03 02:35:33.894,1.3421,1.34215,1.00,6.40
2009.07.03 02:35:38.693,1.342,1.34215,1.60,6.40
2009.07.03 02:35:38.983,1.34195,1.34215,2.80,6.60
2009.07.03 02:35:48.380,1.3419,1.3421,2.00,6.60
2009.07.03 02:35:48.681,1.3419,1.34205,3.60,3.20
2009.07.03 02:35:48.960,1.34195,1.34205,1.00,3.20
2009.07.03 02:35:49.140,1.34195,1.3421,1.00,6.60
2009.07.03 02:35:49.600,1.34195,1.3421,2.80,6.60
2009.07.03 02:35:50.170,1.34195,1.3421,1.20,6.60
2009.07.03 02:35:50.460,1.3419,1.34195,1.40,3.20
2009.07.03 02:35:50.570,1.34195,1.34205,1.00,8.30
2009.07.03 02:35:58.318,1.34185,1.34195,1.00,6.40
2009.07.03 02:35:58.498,1.3418,1.34195,4.40,6.40
2009.07.03 02:35:58.608,1.3418,1.34195,3.60,6.40
2009.07.03 02:35:59.468,1.3418,1.34195,4.40,6.40
2009.07.03 02:36:02.967,1.3418,1.34195,3.60,6.40
2009.07.03 02:36:03.197,1.3418,1.34195,3.60,3.20
2009.07.03 02:36:03.307,1.3418,1.342,3.60,9.80
2009.07.03 02:36:03.777,1.3418,1.342,2.00,9.80
2009.07.03 02:36:04.427,1.3418,1.342,2.80,6.60
2009.07.03 02:36:04.667,1.3418,1.342,2.00,9.80
2009.07.03 02:36:04.887,1.3418,1.342,2.80,6.60
2009.07.03 02:36:05.107,1.3418,1.342,2.00,9.80
2009.07.03 02:36:05.336,1.34185,1.342,1.00,6.60
2009.07.03 02:36:06.716,1.3419,1.342,1.60,6.40
2009.07.03 02:36:06.946,1.3419,1.342,1.60,3.20
2009.07.03 02:36:07.116,1.342,1.34205,1.60,3.40
2009.07.03 02:36:07.416,1.34205,1.3421,1.00,5.70
2009.07.03 02:36:07.536,1.34205,1.3421,1.00,3.20
2009.07.03 02:36:08.266,1.342,1.34205,1.60,3.40
2009.07.03 02:36:08.776,1.34195,1.342,1.00,6.40
2009.07.03 02:36:09.016,1.34195,1.34205,1.00,6.40
2009.07.03 02:36:10.445,1.342,1.34205,1.00,6.40
2009.07.03 02:36:10.675,1.342,1.3421,2.00,6.60
2009.07.03 02:36:10.795,1.34205,1.3421,2.00,6.40
2009.07.03 02:36:11.075,1.34205,1.3421,2.00,3.20
2009.07.03 02:36:11.315,1.34205,1.34215,2.00,6.40
2009.07.03 02:36:11.365,1.3421,1.34215,1.00,6.40
2009.07.03 02:36:11.815,1.3421,1.34215,2.00,6.40
2009.07.03 02:36:25.502,1.3421,1.34215,1.60,6.40
2009.07.03 02:36:25.682,1.34205,1.34215,2.00,6.40
2009.07.03 02:36:26.012,1.34205,1.3421,2.00,6.60
2009.07.03 02:36:32.600,1.342,1.34205,1.90,6.60
2009.07.03 02:36:32.720,1.342,1.34205,2.00,3.40
2009.07.03 02:36:33.060,1.342,1.3421,2.00,3.20
2009.07.03 02:36:33.180,1.34205,1.3421,2.00,3.20
2009.07.03 02:36:33.350,1.34205,1.3422,2.80,6.60
2009.07.03 02:36:40.048,1.3421,1.3422,3.20,3.20
2009.07.03 02:36:40.228,1.3421,1.34225,1.60,3.20
2009.07.03 02:36:40.388,1.3421,1.3423,3.60,6.40
2009.07.03 02:36:40.908,1.34215,1.3423,2.80,6.60
2009.07.03 02:36:42.447,1.34215,1.3423,2.80,3.40
2009.07.03 02:36:42.557,1.34215,1.3423,2.80,3.20
2009.07.03 02:36:42.727,1.3421,1.34235,3.60,6.60
2009.07.03 02:36:45.047,1.34215,1.34225,1.60,6.60
2009.07.03 02:36:45.217,1.3421,1.34225,2.00,6.60
2009.07.03 02:36:45.627,1.34205,1.34225,2.80,6.60
2009.07.03 02:36:59.854,1.3421,1.34225,2.00,6.60
2009.07.03 02:37:00.263,1.3421,1.34225,2.00,6.40
2009.07.03 02:37:00.653,1.3421,1.34225,2.00,6.60
2009.07.03 02:37:01.223,1.3421,1.3423,2.00,3.40
2009.07.03 02:37:01.523,1.34215,1.34225,2.00,3.20
2009.07.03 02:37:01.583,1.34215,1.3423,2.00,6.60
2009.07.03 02:37:14.430,1.34215,1.3423,1.60,6.60
2009.07.03 02:37:14.550,1.34205,1.3423,3.60,6.60
2009.07.03 02:37:26.687,1.3421,1.34225,2.00,3.40
2009.07.03 02:37:26.847,1.3421,1.34225,1.00,3.40
2009.07.03 02:37:27.117,1.3421,1.34225,2.00,6.60
2009.07.03 02:37:27.507,1.34205,1.34225,3.60,3.20
2009.07.03 02:37:27.857,1.34205,1.3423,3.60,6.60
2009.07.03 02:37:28.386,1.34205,1.3423,3.80,6.60
2009.07.03 02:37:46.382,1.34205,1.3423,3.60,6.60
2009.07.03 02:37:46.672,1.3421,1.34225,2.00,6.60
2009.07.03 02:37:46.952,1.3421,1.34225,1.60,6.60
2009.07.03 02:37:47.292,1.342,1.34225,3.80,6.60
2009.07.03 02:37:48.811,1.342,1.34225,3.80,3.40
2009.07.03 02:37:49.381,1.3421,1.34225,1.00,3.40
2009.07.03 02:37:49.621,1.3421,1.34225,2.00,3.40
2009.07.03 02:37:49.741,1.3422,1.34225,1.60,3.40
2009.07.03 02:37:49.851,1.3423,1.34235,1.60,5.30
2009.07.03 02:37:57.150,1.3422,1.3423,2.40,2.00
2009.07.03 02:37:57.210,1.3423,1.3424,1.60,9.40
2009.07.03 02:37:58.059,1.3423,1.34235,1.60,5.00
2009.07.03 02:37:59.749,1.3423,1.34235,1.60,6.60
2009.07.03 02:38:00.279,1.3423,1.34235,1.60,6.40
2009.07.03 02:38:00.509,1.3423,1.34235,1.60,6.60
2009.07.03 02:38:00.858,1.3423,1.3424,1.60,3.40
2009.07.03 02:38:02.079,1.3423,1.34235,1.60,4.80
2009.07.03 02:38:03.998,1.3423,1.3424,1.60,3.40
2009.07.03 02:38:04.568,1.3423,1.34235,1.60,3.20
2009.07.03 02:38:04.858,1.3423,1.3424,1.60,6.60
2009.07.03 02:38:20.444,1.34225,1.3424,1.00,3.40
2009.07.03 02:38:21.194,1.3422,1.34235,2.00,3.40
2009.07.03 02:38:23.493,1.34215,1.34235,2.80,3.40
2009.07.03 02:38:26.532,1.34215,1.3423,1.00,6.40
2009.07.03 02:38:27.302,1.34215,1.3423,1.20,6.40
2009.07.03 02:38:27.422,1.34215,1.3423,2.80,6.40
2009.07.03 02:38:31.071,1.34215,1.34235,2.80,6.60
2009.07.03 02:38:31.841,1.3422,1.34235,1.00,6.60
2009.07.03 02:38:31.961,1.3422,1.34235,2.00,6.60
2009.07.03 02:38:32.201,1.3422,1.34235,2.00,3.40
2009.07.03 02:38:32.491,1.34225,1.3424,2.00,6.60
2009.07.03 02:38:33.311,1.3422,1.3424,2.00,6.60
2009.07.03 02:38:33.841,1.34225,1.3424,2.00,6.60
2009.07.03 02:38:39.129,1.34215,1.3424,10.80,6.60
2009.07.03 02:38:42.009,1.34215,1.34235,3.80,3.40
2009.07.03 02:38:42.069,1.34215,1.34235,1.00,6.60
2009.07.03 02:38:42.299,1.34215,1.3423,1.00,1.00
2009.07.03 02:38:42.469,1.34215,1.3423,1.00,3.40
2009.07.03 02:38:42.709,1.34215,1.3423,1.00,6.60
2009.07.03 02:38:44.818,1.34215,1.3423,1.00,3.40
2009.07.03 02:38:44.988,1.34215,1.34235,1.00,6.60
2009.07.03 02:38:45.688,1.34215,1.34235,1.00,6.60
2009.07.03 02:38:45.918,1.34215,1.34235,5.20,3.20
2009.07.03 02:38:46.038,1.34215,1.3424,10.00,6.60
2009.07.03 02:38:46.198,1.34215,1.3424,10.60,6.60
2009.07.03 02:38:52.816,1.34215,1.3424,10.00,6.60
2009.07.03 02:38:57.775,1.34215,1.3424,9.40,6.60
2009.07.03 02:38:57.885,1.34215,1.3424,5.20,3.40
2009.07.03 02:38:58.055,1.34215,1.34235,1.00,6.60
2009.07.03 02:39:12.162,1.3421,1.34215,1.00,3.20
2009.07.03 02:39:12.561,1.3421,1.34215,1.00,6.40
2009.07.03 02:39:14.711,1.34205,1.34215,1.00,6.40
2009.07.03 02:39:21.359,1.3421,1.34215,1.00,6.40
2009.07.03 02:39:27.838,1.342,1.3421,2.00,6.40
2009.07.03 02:39:28.348,1.3421,1.34215,1.00,5.70
2009.07.03 02:39:28.767,1.34205,1.3421,1.00,6.40
2009.07.03 02:39:30.467,1.34205,1.3421,1.00,3.20
2009.07.03 02:39:30.517,1.34205,1.34215,1.00,6.40
2009.07.03 02:39:35.526,1.3421,1.34215,1.00,6.40
2009.07.03 02:39:38.695,1.3421,1.34215,1.00,3.20
2009.07.03 02:39:39.115,1.3421,1.34225,2.80,1.00
2009.07.03 02:39:39.505,1.34215,1.3423,1.00,6.40
2009.07.03 02:39:40.715,1.34215,1.34225,1.00,3.20
2009.07.03 02:39:40.775,1.34215,1.3422,1.00,1.00
2009.07.03 02:39:41.004,1.34215,1.3422,1.00,3.40
2009.07.03 02:39:41.305,1.34215,1.3422,1.00,6.60
2009.07.03 02:39:41.595,1.34215,1.3422,1.00,6.40
2009.07.03 02:39:41.934,1.3421,1.3422,1.00,6.60
2009.07.03 02:39:42.694,1.34215,1.3422,1.00,6.60
2009.07.03 02:39:42.934,1.34215,1.3422,1.00,6.40
2009.07.03 02:39:43.504,1.3421,1.3422,1.00,6.40
2009.07.03 02:39:43.744,1.3421,1.34215,1.00,6.40
2009.07.03 02:39:47.153,1.3421,1.3422,1.00,3.20
2009.07.03 02:39:47.483,1.34215,1.3422,1.00,3.20
2009.07.03 02:39:47.963,1.34215,1.3423,1.00,6.60
2009.07.03 02:39:48.203,1.342,1.34215,9.70,3.20
2009.07.03 02:39:48.603,1.34215,1.34225,1.00,6.40
2009.07.03 02:39:51.572,1.34215,1.34225,1.00,3.20
2009.07.03 02:39:51.622,1.34215,1.3423,1.00,6.60
2009.07.03 02:40:00.100,1.34215,1.34225,1.00,1.00
2009.07.03 02:40:00.330,1.34215,1.34225,1.00,3.40
2009.07.03 02:40:00.570,1.34215,1.34225,1.00,6.60
2009.07.03 02:40:05.608,1.34215,1.34225,1.00,3.40
2009.07.03 02:40:06.308,1.34215,1.34225,1.00,6.60
2009.07.03 02:40:11.277,1.34215,1.3422,1.00,6.60
2009.07.03 02:40:17.246,1.34215,1.3422,1.00,3.20
2009.07.03 02:40:17.706,1.34215,1.34225,1.00,6.60
2009.07.03 02:40:18.795,1.34215,1.3422,1.00,3.20
2009.07.03 02:40:19.306,1.34215,1.34225,1.00,6.60
2009.07.03 02:40:20.175,1.34215,1.3422,1.00,3.20
2009.07.03 02:40:20.575,1.34215,1.3422,1.00,6.40
2009.07.03 02:40:22.764,1.34205,1.3422,2.20,6.40
2009.07.03 02:40:23.045,1.34205,1.3422,2.20,3.20
2009.07.03 02:40:23.215,1.3421,1.34225,2.00,6.60
2009.07.03 02:40:23.434,1.34205,1.34225,2.20,6.60
2009.07.03 02:40:43.259,1.3421,1.34225,2.00,6.60
2009.07.03 02:40:49.968,1.3421,1.34225,2.00,3.40
2009.07.03 02:40:55.497,1.34215,1.34225,1.00,6.60
2009.07.03 02:40:55.837,1.3421,1.34225,2.00,6.60
2009.07.03 02:41:00.466,1.3421,1.34225,2.00,6.40
2009.07.03 02:41:02.095,1.3421,1.34225,2.00,3.20
2009.07.03 02:41:02.265,1.3421,1.3423,2.00,6.60
2009.07.03 02:41:03.864,1.34215,1.3423,1.60,6.60
2009.07.03 02:41:08.723,1.34215,1.3423,1.00,6.60
2009.07.03 02:41:09.013,1.3421,1.3423,2.00,6.60
2009.07.03 02:41:13.582,1.34215,1.3423,2.00,1.00
2009.07.03 02:41:13.812,1.34215,1.3423,1.00,6.60
2009.07.03 02:41:14.102,1.3421,1.3423,2.00,6.60
2009.07.03 02:41:20.160,1.3421,1.3423,2.00,3.40
2009.07.03 02:41:20.451,1.3421,1.34225,2.00,6.60
2009.07.03 02:41:23.270,1.3421,1.3422,2.00,3.40
2009.07.03 02:41:23.440,1.3421,1.34215,2.00,3.20
2009.07.03 02:41:23.850,1.3421,1.34215,2.00,6.40
2009.07.03 02:41:24.200,1.3421,1.34215,1.00,6.40
2009.07.03 02:41:24.380,1.34205,1.34215,2.00,6.40
2009.07.03 02:41:31.968,1.342,1.34215,4.40,6.40
2009.07.03 02:41:32.078,1.342,1.34215,4.40,3.20
2009.07.03 02:41:32.318,1.34205,1.34215,1.60,3.20
2009.07.03 02:41:32.598,1.34205,1.34225,3.60,6.40
2009.07.03 02:41:35.827,1.34205,1.34225,3.80,6.40
2009.07.03 02:41:46.034,1.3421,1.34225,2.20,6.60
2009.07.03 02:41:46.304,1.34215,1.34235,2.00,6.60
2009.07.03 02:41:46.474,1.34215,1.34235,1.60,6.40
2009.07.03 02:42:20.576,1.34215,1.34235,3.80,6.40
2009.07.03 02:42:20.746,1.34215,1.34235,3.60,6.40
2009.07.03 02:42:29.024,1.34215,1.34235,3.60,3.20
2009.07.03 02:42:29.354,1.3422,1.3424,1.60,6.40
2009.07.03 02:42:34.153,1.3422,1.34235,1.60,3.20
2009.07.03 02:42:34.393,1.34215,1.3423,2.00,3.20
2009.07.03 02:42:34.673,1.34215,1.3423,1.60,3.20
2009.07.03 02:42:34.942,1.34215,1.34235,1.60,6.60
2009.07.03 02:42:40.541,1.34215,1.34235,1.60,3.40
2009.07.03 02:42:40.771,1.3422,1.34235,1.60,3.20
2009.07.03 02:42:41.041,1.3422,1.3424,1.60,6.60
2009.07.03 02:42:44.370,1.34215,1.3424,3.80,6.60
2009.07.03 02:42:44.430,1.34215,1.3424,2.20,6.60
2009.07.03 02:42:44.490,1.34215,1.3424,1.60,6.60
2009.07.03 02:42:45.120,1.34215,1.3424,10.80,6.60
2009.07.03 02:42:47.110,1.34215,1.34235,7.60,3.20
2009.07.03 02:42:47.219,1.34215,1.34235,6.00,3.40
2009.07.03 02:42:47.509,1.34215,1.34235,2.80,6.60
2009.07.03 02:42:47.689,1.34215,1.3424,10.80,6.60
2009.07.03 02:42:50.009,1.34215,1.3424,10.80,6.60
2009.07.03 02:42:50.169,1.34215,1.34235,9.20,1.00
2009.07.03 02:42:50.449,1.34215,1.34235,2.80,6.60
2009.07.03 02:42:54.518,1.34215,1.34235,6.00,3.40
2009.07.03 02:42:54.758,1.34215,1.34235,7.20,3.20
2009.07.03 02:42:54.988,1.34215,1.3424,10.40,6.60
2009.07.03 02:42:57.457,1.34215,1.34235,7.20,3.20
2009.07.03 02:42:57.568,1.34215,1.34235,2.80,6.60
2009.07.03 02:42:57.797,1.34215,1.34235,7.20,3.20
2009.07.03 02:42:58.147,1.34215,1.3424,10.40,6.60
2009.07.03 02:43:11.244,1.34215,1.34235,2.80,6.60
2009.07.03 02:43:32.019,1.3421,1.3423,5.20,3.40
2009.07.03 02:43:53.544,1.34215,1.3423,2.00,3.40
2009.07.03 02:43:53.834,1.3421,1.3423,2.00,3.40
2009.07.03 02:43:59.202,1.3421,1.3423,5.40,1.00
2009.07.03 02:43:59.502,1.3421,1.34235,3.20,6.60
2009.07.03 02:43:59.552,1.3421,1.34235,3.80,6.60
2009.07.03 02:44:03.601,1.3421,1.34225,2.20,1.00
2009.07.03 02:44:03.661,1.3421,1.3422,1.60,6.40
2009.07.03 02:44:03.841,1.34195,1.3422,5.40,6.60
2009.07.03 02:44:14.818,1.34195,1.3422,3.20,6.60
2009.07.03 02:44:14.988,1.34205,1.3422,3.20,3.40
2009.07.03 02:44:15.098,1.34205,1.3422,6.80,3.20
2009.07.03 02:44:15.379,1.34205,1.34225,10.00,6.60
2009.07.03 02:44:18.108,1.3421,1.34225,1.00,6.60
2009.07.03 02:44:18.278,1.3421,1.34225,5.40,3.20
2009.07.03 02:44:18.628,1.3421,1.34235,10.20,8.20
2009.07.03 02:44:18.807,1.34215,1.34235,2.00,6.60
2009.07.03 02:44:20.267,1.34215,1.3423,1.00,3.40
2009.07.03 02:44:20.628,1.3421,1.3423,2.00,6.60
2009.07.03 02:44:21.437,1.34205,1.3423,3.80,6.60
2009.07.03 02:44:22.487,1.34205,1.3423,2.20,6.60
2009.07.03 02:44:22.547,1.3421,1.3422,1.00,3.20
2009.07.03 02:44:22.787,1.3421,1.3422,1.00,3.40
2009.07.03 02:44:22.846,1.34205,1.3422,2.00,3.40
2009.07.03 02:44:38.943,1.34205,1.3422,2.00,3.40
2009.07.03 02:44:39.003,1.342,1.3422,2.00,3.40
2009.07.03 02:44:39.173,1.34195,1.3422,3.80,3.40
2009.07.03 02:44:39.413,1.34195,1.3422,1.60,3.40
2009.07.03 02:45:11.525,1.34195,1.34215,1.60,3.20
2009.07.03 02:45:11.925,1.3419,1.34215,3.20,3.40
2009.07.03 02:45:12.095,1.3419,1.34215,1.60,3.40
2009.07.03 02:45:14.015,1.34195,1.34215,3.20,1.00
2009.07.03 02:45:16.464,1.3419,1.3421,3.60,3.20
2009.07.03 02:45:16.693,1.3419,1.3421,1.60,3.40
2009.07.03 02:45:17.063,1.34185,1.3421,8.60,3.40
2009.07.03 02:45:17.173,1.3419,1.34215,1.60,3.40
2009.07.03 02:45:19.463,1.3419,1.34205,2.00,5.20
2009.07.03 02:45:19.583,1.3419,1.34205,2.20,3.60
2009.07.03 02:45:19.693,1.3419,1.3421,1.60,3.20
2009.07.03 02:45:19.873,1.34195,1.34205,1.00,2.60
2009.07.03 02:45:20.043,1.3419,1.34205,6.00,1.80
2009.07.03 02:45:20.163,1.34195,1.34215,1.00,3.40
2009.07.03 02:45:20.283,1.34195,1.34215,1.40,3.20
2009.07.03 02:45:20.843,1.3419,1.34215,6.80,3.40
2009.07.03 02:45:24.012,1.342,1.3422,2.00,3.40
2009.07.03 02:45:28.341,1.342,1.3422,1.60,3.40
2009.07.03 02:45:28.571,1.34195,1.34215,2.20,3.40
2009.07.03 02:45:28.921,1.34195,1.34215,2.00,3.40
2009.07.03 02:45:32.470,1.34195,1.34215,5.20,1.00
2009.07.03 02:45:32.530,1.34195,1.34215,5.40,1.00
2009.07.03 02:45:32.770,1.34195,1.3422,1.60,3.40
2009.07.03 02:45:48.036,1.34195,1.34215,1.60,3.20
2009.07.03 02:45:48.096,1.3419,1.34215,1.60,3.40
2009.07.03 02:45:48.396,1.34195,1.34215,3.20,1.00
2009.07.03 02:45:48.506,1.34195,1.3422,4.80,3.40
2009.07.03 02:45:53.595,1.34195,1.3422,5.40,3.40
2009.07.03 02:45:53.885,1.34195,1.3422,7.00,3.40
2009.07.03 02:46:06.461,1.34195,1.3421,5.20,3.40
2009.07.03 02:46:06.761,1.34195,1.3421,5.20,1.00
2009.07.03 02:46:12.980,1.34195,1.3421,2.00,1.00
2009.07.03 02:46:13.270,1.34195,1.3421,1.00,1.00
2009.07.03 02:46:13.730,1.3419,1.3421,5.40,1.00
2009.07.03 02:46:16.329,1.34195,1.3421,1.00,1.00
2009.07.03 02:46:22.817,1.3419,1.3421,5.40,1.00
2009.07.03 02:46:38.534,1.3418,1.342,4.40,3.40
2009.07.03 02:46:38.944,1.3418,1.342,2.80,3.40
2009.07.03 02:46:45.192,1.3418,1.342,2.80,11.40
2009.07.03 02:46:46.112,1.3418,1.342,2.00,11.40
2009.07.03 02:46:46.982,1.3418,1.342,2.80,11.40
2009.07.03 02:46:47.162,1.3418,1.342,1.20,11.40
2009.07.03 02:46:47.442,1.34175,1.342,1.60,11.40
2009.07.03 02:46:57.639,1.3417,1.3419,2.20,3.20
2009.07.03 02:46:57.899,1.3417,1.3419,1.60,3.20
2009.07.03 02:46:58.399,1.3417,1.3419,1.60,3.40
2009.07.03 02:46:58.689,1.3417,1.3419,1.00,3.40
2009.07.03 02:46:59.369,1.3417,1.3419,1.00,3.40
2009.07.03 02:46:59.779,1.3417,1.3419,2.00,3.20
2009.07.03 02:47:00.119,1.3417,1.3419,1.00,3.40
2009.07.03 02:47:00.399,1.3417,1.3419,1.00,3.20
2009.07.03 02:47:00.638,1.3417,1.3419,1.00,3.40
2009.07.03 02:47:01.068,1.3417,1.3419,2.20,3.40
2009.07.03 02:47:06.077,1.3417,1.3419,3.80,3.20
2009.07.03 02:47:06.487,1.3417,1.34195,7.00,3.40
2009.07.03 02:47:06.597,1.3417,1.34195,1.60,3.40
2009.07.03 02:47:06.827,1.3417,1.34195,2.20,3.40
2009.07.03 02:47:07.147,1.34175,1.342,1.40,11.40
2009.07.03 02:47:07.257,1.34175,1.342,1.40,3.40
2009.07.03 02:47:09.996,1.34175,1.342,3.00,3.40
2009.07.03 02:47:17.684,1.34175,1.34195,6.80,3.20
2009.07.03 02:47:17.915,1.34175,1.342,3.60,3.40
2009.07.03 02:47:18.214,1.3417,1.34185,4.80,1.00
2009.07.03 02:47:18.444,1.3417,1.3419,5.40,3.40
2009.07.03 02:47:18.734,1.34175,1.342,1.40,12.20
2009.07.03 02:47:18.964,1.3417,1.3419,3.20,1.00
2009.07.03 02:47:19.364,1.34175,1.34195,1.60,3.40
2009.07.03 02:47:20.164,1.34175,1.3419,1.00,1.00
2009.07.03 02:47:35.610,1.3419,1.342,1.60,5.40
2009.07.03 02:47:35.780,1.34195,1.342,3.20,1.00
2009.07.03 02:47:35.950,1.3419,1.34195,4.40,1.00
2009.07.03 02:47:36.070,1.3419,1.34195,4.00,1.00
2009.07.03 02:47:36.480,1.3417,1.3419,1.60,3.20
2009.07.03 02:47:37.660,1.34185,1.3419,2.20,3.20
2009.07.03 02:47:37.780,1.34195,1.34205,1.60,8.80
2009.07.03 02:47:38.239,1.3419,1.342,3.20,1.00
2009.07.03 02:47:38.529,1.34175,1.34195,3.40,3.20
2009.07.03 02:47:38.740,1.34175,1.3419,1.60,3.20
2009.07.03 02:47:46.277,1.3417,1.34195,2.20,3.40
2009.07.03 02:47:46.397,1.3417,1.3419,1.60,3.20
2009.07.03 02:47:47.147,1.3417,1.3419,2.20,3.20
2009.07.03 02:47:49.277,1.3417,1.3419,2.20,3.20
2009.07.03 02:47:49.447,1.3417,1.3419,3.40,3.20
2009.07.03 02:47:49.797,1.3417,1.34195,3.40,3.40
2009.07.03 02:47:50.097,1.3417,1.34195,4.00,3.40
2009.07.03 02:47:50.676,1.3417,1.34195,5.60,3.40
2009.07.03 02:47:51.786,1.34175,1.34195,1.20,3.40
2009.07.03 02:47:51.836,1.34175,1.34195,1.80,3.40
2009.07.03 02:47:55.125,1.3418,1.34195,5.00,1.00
2009.07.03 02:47:55.185,1.3418,1.342,5.00,3.40
2009.07.03 02:47:55.486,1.3418,1.342,5.00,3.40
2009.07.03 02:47:55.595,1.34185,1.342,1.40,3.20
2009.07.03 02:47:56.225,1.3418,1.342,3.40,3.20
2009.07.03 02:47:56.575,1.3418,1.34195,1.80,3.40
2009.07.03 02:47:57.265,1.34175,1.3419,2.00,3.20
2009.07.03 02:47:57.375,1.34175,1.3419,1.60,3.20
2009.07.03 02:47:57.715,1.34175,1.34195,1.60,3.20
2009.07.03 02:47:57.995,1.34185,1.34205,1.60,1.80
2009.07.03 02:47:58.155,1.34185,1.34205,1.60,1.00
2009.07.03 02:47:58.445,1.34185,1.34205,4.80,1.00
2009.07.03 02:47:58.555,1.34185,1.34205,6.60,1.00
2009.07.03 02:47:59.065,1.3419,1.3421,4.80,3.20
2009.07.03 02:47:59.585,1.3419,1.3421,3.40,3.20
2009.07.03 02:48:00.524,1.342,1.3421,1.80,3.20
2009.07.03 02:48:00.584,1.342,1.34215,1.80,3.40
2009.07.03 02:48:01.734,1.342,1.3421,1.00,3.20
2009.07.03 02:48:01.904,1.34195,1.3421,1.80,3.40
2009.07.03 02:48:02.024,1.34195,1.3421,1.80,1.00
2009.07.03 02:48:02.304,1.3419,1.34215,3.40,3.40
2009.07.03 02:48:08.312,1.342,1.3422,2.00,1.00
2009.07.03 02:48:08.592,1.342,1.3422,3.40,1.00
2009.07.03 02:48:10.572,1.342,1.3422,2.00,1.00
2009.07.03 02:48:10.692,1.342,1.34215,1.60,3.20
2009.07.03 02:48:10.852,1.342,1.34215,1.80,3.40
2009.07.03 02:48:11.441,1.342,1.3421,1.80,3.20
2009.07.03 02:48:11.781,1.342,1.3421,1.00,3.40
2009.07.03 02:48:11.901,1.34195,1.3421,1.80,3.40
2009.07.03 02:48:13.692,1.3419,1.3421,1.80,3.40
2009.07.03 02:48:15.260,1.34185,1.3421,3.40,3.40
2009.07.03 02:48:22.619,1.34185,1.3421,1.60,3.40
2009.07.03 02:48:25.979,1.342,1.34215,1.00,8.20
2009.07.03 02:48:26.278,1.342,1.34215,1.80,1.00
2009.07.03 02:48:27.498,1.3421,1.3423,2.20,3.40
2009.07.03 02:48:28.088,1.3421,1.3423,1.60,3.40
2009.07.03 02:48:28.308,1.3421,1.3423,2.20,3.40
2009.07.03 02:48:37.485,1.3421,1.3423,2.20,11.40
2009.07.03 02:48:42.824,1.3421,1.3423,1.60,11.40
2009.07.03 02:48:45.223,1.3421,1.3423,1.60,3.40
2009.07.03 02:48:46.263,1.34205,1.34215,2.00,1.00
2009.07.03 02:48:46.483,1.34205,1.34215,1.80,1.00
2009.07.03 02:48:48.282,1.34205,1.34215,1.00,1.00
2009.07.03 02:48:48.333,1.342,1.34215,1.80,1.00
2009.07.03 02:48:51.112,1.342,1.34215,1.80,1.00
2009.07.03 02:48:51.332,1.342,1.34225,3.40,3.40
2009.07.03 02:48:51.692,1.34205,1.34225,1.80,6.60
2009.07.03 02:48:54.161,1.3421,1.34225,1.00,6.60
2009.07.03 02:48:54.331,1.3421,1.34225,1.80,6.60
2009.07.03 02:48:54.621,1.3421,1.34225,5.00,3.40
2009.07.03 02:48:54.791,1.34205,1.3423,6.60,6.60
2009.07.03 02:48:56.281,1.34205,1.34225,3.40,3.20
2009.07.03 02:48:56.441,1.3421,1.34225,1.80,6.60
2009.07.03 02:48:56.830,1.342,1.3421,5.20,1.00
2009.07.03 02:48:57.051,1.342,1.3421,3.20,1.00
2009.07.03 02:48:57.411,1.3419,1.3421,1.60,3.20
2009.07.03 02:48:57.650,1.3419,1.34215,1.60,6.60
2009.07.03 02:48:57.770,1.342,1.34215,3.20,3.40
2009.07.03 02:49:00.400,1.3421,1.34235,2.20,11.40
2009.07.03 02:49:00.790,1.3421,1.34235,2.20,3.40
2009.07.03 02:49:03.119,1.3421,1.34235,2.20,11.40
2009.07.03 02:49:09.447,1.3421,1.3423,2.20,8.00
2009.07.03 02:49:09.567,1.3421,1.3423,1.80,11.40
2009.07.03 02:49:10.077,1.3421,1.3422,1.80,6.40
2009.07.03 02:49:10.297,1.3421,1.3422,1.00,6.40
2009.07.03 02:49:10.467,1.34205,1.3422,3.60,6.40
2009.07.03 02:49:10.637,1.34205,1.3422,3.60,6.60
2009.07.03 02:49:12.007,1.34205,1.3422,3.60,3.20
2009.07.03 02:49:12.177,1.34205,1.34225,3.60,21.80
2009.07.03 02:49:12.407,1.34205,1.34225,4.40,8.20
2009.07.03 02:49:12.576,1.34205,1.34225,4.40,6.60
2009.07.03 02:49:12.816,1.34215,1.34225,1.00,6.60
2009.07.03 02:49:16.835,1.34215,1.34225,1.00,6.40
2009.07.03 02:49:22.774,1.3421,1.34225,1.00,6.40
2009.07.03 02:49:23.873,1.34205,1.34225,6.00,6.40
2009.07.03 02:49:24.104,1.3421,1.34225,1.00,6.40
2009.07.03 02:49:25.483,1.34205,1.34225,6.00,6.40
2009.07.03 02:49:25.653,1.3421,1.34225,1.00,6.40
2009.07.03 02:49:26.053,1.34205,1.34225,4.40,6.60
2009.07.03 02:49:26.213,1.34205,1.34225,4.40,6.60
2009.07.03 02:49:26.393,1.3421,1.34225,1.00,6.40
2009.07.03 02:49:31.102,1.3421,1.3423,1.00,4.20
2009.07.03 02:49:32.512,1.34215,1.3423,1.00,4.20
2009.07.03 02:49:34.301,1.34215,1.3423,1.00,4.20
2009.07.03 02:49:34.591,1.34215,1.3423,1.00,3.40
2009.07.03 02:49:34.771,1.34215,1.3423,1.00,1.80
2009.07.03 02:49:34.831,1.34215,1.3423,1.00,1.00
2009.07.03 02:49:44.299,1.34215,1.34225,1.00,1.00
2009.07.03 02:49:49.108,1.34215,1.3423,1.00,1.00
2009.07.03 02:49:54.027,1.3422,1.34235,1.00,9.00
2009.07.03 02:49:54.086,1.3422,1.34235,1.00,2.60
2009.07.03 02:49:58.745,1.3422,1.34235,1.00,1.00
2009.07.03 02:50:01.415,1.34225,1.34235,1.80,1.00
2009.07.03 02:50:01.585,1.34225,1.34235,2.40,1.00
2009.07.03 02:50:01.815,1.34225,1.3423,2.40,1.00
2009.07.03 02:50:02.235,1.34225,1.3424,2.40,12.00
2009.07.03 02:50:02.595,1.34225,1.3424,1.00,8.20
2009.07.03 02:50:03.234,1.34235,1.3424,1.00,8.00
2009.07.03 02:50:03.474,1.34235,1.34245,1.00,7.20
2009.07.03 02:50:03.714,1.34235,1.34245,1.00,1.00
2009.07.03 02:50:04.914,1.34235,1.3425,1.00,11.40
2009.07.03 02:50:05.244,1.34235,1.3425,2.40,8.20
2009.07.03 02:50:05.564,1.3424,1.34255,1.00,8.20
2009.07.03 02:50:08.113,1.3424,1.34255,1.00,4.20
2009.07.03 02:50:08.503,1.3424,1.3425,1.00,1.00
2009.07.03 02:50:08.723,1.34245,1.34255,1.00,8.00
2009.07.03 02:50:09.183,1.34245,1.3426,1.00,12.00
2009.07.03 02:50:10.062,1.34245,1.34255,1.00,8.00
2009.07.03 02:50:10.413,1.3424,1.34255,1.00,14.60
2009.07.03 02:50:14.851,1.34245,1.3426,1.00,18.40
2009.07.03 02:50:14.971,1.34245,1.3426,1.00,11.40
2009.07.03 02:50:15.372,1.34245,1.3426,1.00,8.20
2009.07.03 02:50:15.612,1.34245,1.3426,1.00,1.00
2009.07.03 02:50:16.891,1.34245,1.3426,1.20,1.00
2009.07.03 02:50:17.171,1.34245,1.3426,2.40,1.00
2009.07.03 02:50:20.240,1.34245,1.3426,1.00,1.00
2009.07.03 02:50:21.430,1.34245,1.34255,1.00,1.00
2009.07.03 02:50:21.670,1.3424,1.3425,1.00,1.00
2009.07.03 02:50:22.490,1.34235,1.3425,1.00,1.00
2009.07.03 02:50:22.659,1.34225,1.3424,1.80,1.00
2009.07.03 02:50:29.228,1.34225,1.3424,5.00,1.00
2009.07.03 02:50:29.568,1.3423,1.34245,1.80,1.00
2009.07.03 02:50:29.918,1.34235,1.34245,1.80,1.00
2009.07.03 02:50:30.208,1.3423,1.34255,3.20,1.00
2009.07.03 02:50:30.497,1.34235,1.34255,1.80,1.00
2009.07.03 02:50:30.848,1.34235,1.34255,1.80,3.40
2009.07.03 02:50:30.958,1.34235,1.34245,1.80,1.00
2009.07.03 02:50:31.967,1.34235,1.34245,1.20,1.00
2009.07.03 02:50:32.247,1.3423,1.34245,1.80,1.00
2009.07.03 02:50:39.575,1.34235,1.3425,1.80,1.00
2009.07.03 02:50:40.266,1.34235,1.3425,5.00,1.00
2009.07.03 02:50:40.895,1.34235,1.3425,1.80,1.00
2009.07.03 02:50:41.835,1.34235,1.34245,1.80,1.00
2009.07.03 02:50:42.505,1.34235,1.34245,1.20,1.00
2009.07.03 02:50:42.615,1.3423,1.34245,1.80,1.00
2009.07.03 02:50:43.984,1.34235,1.3425,1.00,1.00
2009.07.03 02:50:44.395,1.34235,1.3425,1.80,1.00
2009.07.03 02:50:46.214,1.34235,1.34255,1.80,12.00
2009.07.03 02:50:49.623,1.34235,1.3425,1.80,1.00
2009.07.03 02:50:49.803,1.34235,1.3425,5.00,1.00
2009.07.03 02:50:49.973,1.34235,1.3425,8.20,1.00
2009.07.03 02:50:50.323,1.34235,1.34255,5.00,1.00
2009.07.03 02:50:50.623,1.34235,1.34255,1.80,12.00
2009.07.03 02:50:52.003,1.34235,1.3425,1.80,1.00
2009.07.03 02:51:00.630,1.34235,1.3425,1.00,1.00
2009.07.03 02:51:00.900,1.3423,1.34245,1.80,1.00
2009.07.03 02:51:06.609,1.34225,1.3425,3.40,12.00
2009.07.03 02:51:06.729,1.34235,1.3425,1.80,12.00
2009.07.03 02:51:07.489,1.3423,1.3425,3.40,8.00
2009.07.03 02:51:07.788,1.3423,1.3425,3.40,3.60
2009.07.03 02:51:07.899,1.3423,1.34255,3.40,12.00
2009.07.03 02:51:20.645,1.34235,1.34255,1.80,12.00
2009.07.03 02:51:24.985,1.34235,1.3426,9.80,15.20
2009.07.03 02:51:25.265,1.34235,1.34255,5.00,1.00
2009.07.03 02:51:25.385,1.34235,1.3426,9.80,15.20
2009.07.03 02:51:30.733,1.34245,1.34265,6.60,4.00
2009.07.03 02:51:31.123,1.34245,1.3427,9.80,1.00
2009.07.03 02:51:33.732,1.34245,1.34265,1.60,1.00
2009.07.03 02:51:39.761,1.3424,1.3426,4.60,1.00
2009.07.03 02:51:40.101,1.34235,1.3426,9.80,1.00
2009.07.03 02:51:40.161,1.3424,1.3426,1.80,1.00
2009.07.03 02:51:42.280,1.34235,1.3426,11.40,1.00
2009.07.03 02:51:46.399,1.3423,1.34255,3.40,1.00
2009.07.03 02:51:46.799,1.34235,1.34255,1.80,1.00
2009.07.03 02:51:55.767,1.3423,1.34245,6.60,1.00
2009.07.03 02:51:56.037,1.3423,1.34245,1.80,1.00
2009.07.03 02:52:05.655,1.3423,1.3424,1.80,1.00
2009.07.03 02:52:06.294,1.34225,1.3425,3.40,8.20
2009.07.03 02:52:06.924,1.3423,1.3425,1.80,8.20
2009.07.03 02:52:07.204,1.3423,1.3425,1.60,1.00
2009.07.03 02:52:08.654,1.3423,1.34255,1.60,8.20
2009.07.03 02:52:08.994,1.3423,1.34255,9.80,8.20
2009.07.03 02:52:09.274,1.3423,1.34255,11.40,8.20
2009.07.03 02:52:09.514,1.3423,1.34255,11.40,1.00
2009.07.03 02:52:11.084,1.34235,1.34255,1.00,1.00
2009.07.03 02:52:11.143,1.34235,1.34255,1.80,1.00
2009.07.03 02:52:12.183,1.34235,1.34255,1.00,1.00
2009.07.03 02:52:12.353,1.3423,1.34255,11.40,1.00
2009.07.03 02:52:13.523,1.3423,1.34255,1.60,8.20
2009.07.03 02:52:14.573,1.3423,1.34255,2.80,8.20
2009.07.03 02:52:14.803,1.34235,1.34255,1.20,1.00
2009.07.03 02:52:14.912,1.34235,1.34255,9.80,1.00
2009.07.03 02:52:15.022,1.34235,1.3426,1.60,1.00
2009.07.03 02:52:15.902,1.34245,1.3426,1.00,1.00
2009.07.03 02:52:17.812,1.34245,1.34265,1.00,8.20
2009.07.03 02:52:18.092,1.34245,1.34265,1.00,1.00
2009.07.03 02:52:19.941,1.34245,1.3426,3.80,1.00
2009.07.03 02:52:20.291,1.34245,1.3426,1.00,1.00
2009.07.03 02:52:29.909,1.34235,1.3426,1.60,1.00
2009.07.03 02:52:38.567,1.34235,1.3426,2.20,1.00
2009.07.03 02:52:38.747,1.34235,1.3426,3.40,1.00
2009.07.03 02:52:40.007,1.34235,1.3426,2.80,1.00
2009.07.03 02:52:40.126,1.34235,1.3426,1.60,1.00
2009.07.03 02:52:41.106,1.34235,1.3426,9.80,1.00
2009.07.03 02:52:42.206,1.34245,1.3426,1.00,1.00
2009.07.03 02:52:43.996,1.34245,1.3426,1.00,8.20
2009.07.03 02:52:44.755,1.34245,1.3426,1.00,12.00
2009.07.03 02:52:45.695,1.34245,1.3426,1.00,1.00
2009.07.03 02:52:45.975,1.34245,1.34255,1.00,1.00
2009.07.03 02:52:46.215,1.34245,1.3426,1.00,1.00
2009.07.03 02:53:01.641,1.34245,1.3426,1.00,11.40
2009.07.03 02:53:01.971,1.34245,1.3426,1.00,17.80
2009.07.03 02:53:02.481,1.34245,1.3426,1.00,21.60
2009.07.03 02:53:04.241,1.34245,1.3426,1.00,18.40
2009.07.03 02:53:04.361,1.34245,1.3426,1.00,9.80
2009.07.03 02:53:04.761,1.34245,1.3426,1.00,8.20
2009.07.03 02:53:04.821,1.34245,1.3426,1.00,1.00
2009.07.03 02:53:04.940,1.3424,1.34255,1.00,1.00
2009.07.03 02:53:08.929,1.3423,1.34255,3.20,1.00
2009.07.03 02:53:19.987,1.34235,1.34255,8.00,1.00
2009.07.03 02:53:20.667,1.34235,1.34255,9.60,1.00
2009.07.03 02:53:22.116,1.34235,1.3425,9.60,1.00
2009.07.03 02:53:22.416,1.34235,1.3425,8.00,1.00
2009.07.03 02:53:23.216,1.3424,1.3425,1.00,1.00
2009.07.03 02:53:23.336,1.3424,1.3425,1.60,1.00
2009.07.03 02:53:28.995,1.3424,1.3425,1.20,1.00
2009.07.03 02:53:29.175,1.34235,1.34245,4.80,3.40
2009.07.03 02:53:29.474,1.3424,1.3425,1.00,4.00
2009.07.03 02:53:29.655,1.3424,1.3425,1.60,4.00
2009.07.03 02:53:29.824,1.3424,1.3425,1.60,1.00
2009.07.03 02:53:30.754,1.34245,1.3425,1.60,1.00
2009.07.03 02:53:30.874,1.34245,1.34255,8.00,1.00
2009.07.03 02:53:31.334,1.34245,1.3425,8.00,1.00
2009.07.03 02:53:31.724,1.34245,1.3425,4.80,1.00
2009.07.03 02:53:31.904,1.34245,1.3425,1.60,1.00
2009.07.03 02:53:33.913,1.34235,1.3424,2.80,3.20
2009.07.03 02:53:33.973,1.34235,1.3424,3.80,3.20
2009.07.03 02:53:34.383,1.34245,1.34255,1.00,3.40
2009.07.03 02:53:34.443,1.34245,1.3426,1.00,8.80
2009.07.03 02:53:34.613,1.34245,1.3425,1.00,1.00
2009.07.03 02:53:34.893,1.3424,1.3425,8.00,1.00
2009.07.03 02:53:35.513,1.3424,1.3425,4.80,1.00
2009.07.03 02:53:35.843,1.3424,1.3425,1.60,1.00
2009.07.03 02:53:36.073,1.3424,1.34245,1.20,3.40
2009.07.03 02:53:36.463,1.34235,1.3424,1.60,3.20
2009.07.03 02:53:38.642,1.34235,1.34245,2.20,4.00
2009.07.03 02:53:38.702,1.34235,1.34245,5.40,4.00
2009.07.03 02:53:38.752,1.34235,1.34245,7.00,4.00
2009.07.03 02:53:39.232,1.3424,1.34255,9.60,1.00
2009.07.03 02:53:39.922,1.3424,1.34255,8.00,1.00
2009.07.03 02:53:40.602,1.34245,1.3425,1.60,3.40
2009.07.03 02:53:40.712,1.3424,1.3425,4.80,3.40
2009.07.03 02:53:41.162,1.34235,1.34245,1.00,3.40
2009.07.03 02:53:41.272,1.34235,1.34245,1.60,3.40
2009.07.03 02:53:41.502,1.34235,1.3424,1.20,1.00
2009.07.03 02:53:41.562,1.34235,1.34245,1.00,3.40
2009.07.03 02:53:41.922,1.34235,1.3424,1.00,3.20
2009.07.03 02:53:42.261,1.3424,1.34245,1.00,1.60
2009.07.03 02:53:42.722,1.34245,1.34255,1.60,1.00
2009.07.03 02:53:43.191,1.34245,1.34255,1.60,1.00
2009.07.03 02:53:44.881,1.34245,1.34255,1.20,1.00
2009.07.03 02:53:44.991,1.3424,1.3425,4.80,3.40
2009.07.03 02:53:45.211,1.3424,1.3425,4.80,5.00
2009.07.03 02:53:45.321,1.34245,1.3425,1.00,1.80
2009.07.03 02:53:45.381,1.34245,1.3425,1.60,1.00
2009.07.03 02:53:45.490,1.34245,1.3426,1.60,3.40
2009.07.03 02:53:45.601,1.34245,1.3426,1.60,5.00
2009.07.03 02:53:45.780,1.34245,1.34255,1.60,1.00
2009.07.03 02:53:59.097,1.34245,1.34255,1.60,1.00
2009.07.03 02:53:59.667,1.3425,1.34255,1.60,1.00
2009.07.03 02:54:10.135,1.34245,1.3426,1.20,3.40
2009.07.03 02:54:10.305,1.3424,1.3426,8.00,3.40
2009.07.03 02:54:34.139,1.34245,1.3426,8.00,3.40
2009.07.03 02:54:34.669,1.34245,1.3426,1.60,3.40
2009.07.03 02:54:34.899,1.34235,1.3426,6.40,3.40
2009.07.03 02:54:44.196,1.3425,1.3426,3.20,1.00
2009.07.03 02:54:44.486,1.3425,1.3426,6.40,1.00
2009.07.03 02:54:45.107,1.3426,1.34275,6.40,1.00
2009.07.03 02:54:53.594,1.3426,1.3427,6.40,1.00
2009.07.03 02:54:53.944,1.3426,1.3427,3.20,1.00
2009.07.03 02:54:54.354,1.34255,1.3427,6.40,1.00
2009.07.03 02:55:00.512,1.34255,1.3428,6.40,11.20
2009.07.03 02:55:01.763,1.3426,1.34275,3.20,1.80
2009.07.03 02:55:02.042,1.3426,1.34275,6.40,1.80
2009.07.03 02:55:04.411,1.3426,1.34275,6.60,1.80
2009.07.03 02:55:11.600,1.3426,1.34275,7.00,1.80
2009.07.03 02:55:11.770,1.3426,1.34275,8.20,1.80
2009.07.03 02:55:23.497,1.34265,1.34275,1.00,1.80
2009.07.03 02:55:26.776,1.34265,1.34275,1.80,1.80
2009.07.03 02:55:27.356,1.34265,1.34275,1.00,1.80
2009.07.03 02:55:32.275,1.34265,1.3427,1.00,3.20
2009.07.03 02:55:40.453,1.34265,1.3427,1.20,1.60
2009.07.03 02:55:40.733,1.3426,1.3428,2.60,5.60
2009.07.03 02:55:40.903,1.34265,1.3428,4.60,3.20
2009.07.03 02:55:41.133,1.34265,1.3428,4.60,1.60
2009.07.03 02:55:41.303,1.34265,1.34275,6.60,1.00
2009.07.03 02:55:41.363,1.34265,1.34275,1.00,1.80
2009.07.03 02:55:41.993,1.3426,1.3428,1.60,3.40
2009.07.03 02:55:42.513,1.34255,1.3428,5.00,5.00
2009.07.03 02:55:44.272,1.34255,1.3428,1.80,5.00
2009.07.03 02:55:44.452,1.34265,1.34275,1.00,1.00
2009.07.03 02:55:49.051,1.34265,1.34275,1.00,1.80
2009.07.03 02:55:56.059,1.34265,1.3427,1.00,1.60
2009.07.03 02:55:56.399,1.34265,1.3427,1.00,3.20
2009.07.03 02:56:08.616,1.34265,1.3427,1.00,5.00
2009.07.03 02:56:14.185,1.34265,1.3427,1.00,5.60
2009.07.03 02:56:14.535,1.34265,1.3427,1.00,6.00
2009.07.03 02:56:27.681,1.3425,1.34265,3.40,1.00
2009.07.03 02:56:28.262,1.3425,1.3426,1.80,1.00
2009.07.03 02:56:47.497,1.3426,1.34265,1.00,1.00
2009.07.03 02:56:51.376,1.3425,1.34265,6.40,1.00
2009.07.03 02:56:56.714,1.3425,1.3427,6.40,5.00
2009.07.03 02:57:01.064,1.3425,1.3427,6.40,6.00
2009.07.03 02:57:10.541,1.34255,1.3427,6.00,2.40
2009.07.03 02:57:10.591,1.34255,1.3427,9.20,1.20
2009.07.03 02:57:10.701,1.34255,1.3427,9.20,1.00
2009.07.03 02:57:10.761,1.34255,1.34275,9.20,5.80
2009.07.03 02:57:10.821,1.34255,1.34275,10.80,5.80
2009.07.03 02:57:16.990,1.34255,1.3427,6.40,3.40
2009.07.03 02:57:17.109,1.34255,1.3427,3.20,5.00
2009.07.03 02:57:17.279,1.3425,1.3427,6.40,5.00
2009.07.03 02:57:21.428,1.3425,1.34265,6.40,1.20
2009.07.03 02:57:22.508,1.3425,1.3427,6.40,6.00
2009.07.03 02:57:25.478,1.3425,1.34265,7.00,1.20
2009.07.03 02:57:25.868,1.3425,1.34265,6.40,1.20
2009.07.03 02:57:26.807,1.3425,1.34265,7.00,1.20
2009.07.03 02:57:27.138,1.3425,1.3427,7.00,2.80
2009.07.03 02:57:27.537,1.3425,1.3427,6.40,6.00
2009.07.03 02:57:27.987,1.3425,1.3427,7.00,2.80
2009.07.03 02:57:28.797,1.3425,1.3427,6.40,5.00
2009.07.03 02:57:34.515,1.3425,1.3427,7.00,1.80
2009.07.03 02:57:40.064,1.3425,1.3427,7.00,2.40
2009.07.03 02:57:40.114,1.3425,1.3427,7.00,2.80
2009.07.03 02:57:41.294,1.3425,1.3427,6.40,5.00
2009.07.03 02:57:42.094,1.3426,1.3427,6.40,3.40
2009.07.03 02:57:44.873,1.3426,1.3427,3.20,3.40
2009.07.03 02:57:45.113,1.3425,1.3427,6.40,5.00
2009.07.03 02:57:52.001,1.3426,1.3427,3.20,5.00
2009.07.03 02:57:52.331,1.3426,1.3427,3.20,3.20
2009.07.03 02:57:52.681,1.3426,1.3427,6.40,3.20
2009.07.03 02:57:55.990,1.3426,1.34275,6.40,5.80
2009.07.03 02:57:56.440,1.3426,1.3427,6.40,3.20
2009.07.03 02:58:00.669,1.3426,1.34275,6.40,5.80
2009.07.03 02:58:00.789,1.3426,1.3427,6.40,3.20
2009.07.03 02:58:00.899,1.3426,1.34275,6.40,5.80
2009.07.03 02:58:01.249,1.3426,1.3427,6.40,3.20
2009.07.03 02:58:05.328,1.3426,1.34275,6.40,5.80
2009.07.03 02:58:05.718,1.3426,1.3427,6.40,3.20
2009.07.03 02:58:06.288,1.3426,1.3427,3.20,3.40
2009.07.03 02:58:06.468,1.3425,1.3427,8.00,5.00
2009.07.03 02:58:06.638,1.3425,1.3427,7.00,1.80
2009.07.03 02:58:06.968,1.3425,1.3427,7.00,2.80
2009.07.03 02:58:10.337,1.3426,1.34275,6.40,3.40
2009.07.03 02:58:10.757,1.3426,1.3427,6.40,3.20
2009.07.03 02:58:13.167,1.3425,1.3427,4.80,3.20
2009.07.03 02:58:13.336,1.3426,1.3427,3.20,3.40
2009.07.03 02:58:13.396,1.3425,1.3427,6.40,5.00
2009.07.03 02:58:17.125,1.3425,1.3427,7.00,1.80
2009.07.03 02:58:18.235,1.3425,1.3427,7.00,2.80
2009.07.03 02:58:18.925,1.3425,1.3427,7.00,1.20
2009.07.03 02:58:22.904,1.3425,1.3427,3.80,1.20
2009.07.03 02:58:23.194,1.3425,1.3427,1.00,2.80
2009.07.03 02:58:35.621,1.34245,1.34265,1.60,3.20
2009.07.03 02:58:37.810,1.3425,1.3427,1.00,2.80
2009.07.03 02:58:40.140,1.3423,1.34245,6.40,1.00
2009.07.03 02:58:40.370,1.3423,1.3425,7.80,2.40
2009.07.03 02:58:40.610,1.3423,1.3425,7.80,1.20
2009.07.03 02:58:41.079,1.3423,1.3425,7.80,1.00
2009.07.03 02:58:41.420,1.3424,1.3425,3.20,1.00
2009.07.03 02:58:41.939,1.34235,1.34255,3.20,2.40
2009.07.03 02:58:42.339,1.3424,1.3425,6.40,1.00
2009.07.03 02:58:42.749,1.34245,1.3425,3.60,1.00
2009.07.03 02:58:43.219,1.34245,1.34265,19.60,4.00
2009.07.03 02:58:43.629,1.34245,1.34265,19.60,3.40
2009.07.03 02:58:43.919,1.3425,1.34265,6.40,4.20
2009.07.03 02:58:45.298,1.3425,1.34265,6.40,3.40
2009.07.03 02:58:45.748,1.3425,1.34265,3.20,3.40
2009.07.03 02:58:45.958,1.34245,1.34265,19.60,3.40
2009.07.03 02:58:57.825,1.34245,1.34265,3.20,9.00
2009.07.03 02:58:57.885,1.34245,1.34265,1.60,9.00
2009.07.03 02:58:57.995,1.34245,1.3426,1.60,3.20
2009.07.03 02:59:00.375,1.3424,1.3426,6.40,3.20
2009.07.03 02:59:00.485,1.3424,1.3426,6.40,3.40
2009.07.03 02:59:00.825,1.3424,1.3426,7.00,1.00
2009.07.03 02:59:01.235,1.3424,1.3426,3.20,3.40
2009.07.03 02:59:01.645,1.3424,1.3426,1.00,2.80
2009.07.03 02:59:02.644,1.34235,1.3426,7.60,6.00
2009.07.03 02:59:02.934,1.3424,1.3426,3.20,6.00
2009.07.03 02:59:03.285,1.3424,1.3426,6.40,5.60
2009.07.03 02:59:03.454,1.3424,1.3426,6.40,3.40
2009.07.03 02:59:03.634,1.34245,1.3426,1.00,3.40
2009.07.03 02:59:03.804,1.3424,1.34265,7.60,3.40
2009.07.03 02:59:04.154,1.3424,1.3426,3.80,3.20
2009.07.03 02:59:04.264,1.34245,1.3426,6.40,3.40
2009.07.03 02:59:04.484,1.3424,1.3426,8.00,3.20
2009.07.03 02:59:04.774,1.34245,1.3426,3.20,3.20
2009.07.03 02:59:05.114,1.3424,1.34255,6.40,1.00
2009.07.03 02:59:06.963,1.3423,1.34255,13.60,1.00
2009.07.03 02:59:07.203,1.3424,1.34255,1.00,1.20
2009.07.03 02:59:08.963,1.3423,1.34255,10.40,1.20
2009.07.03 02:59:09.133,1.3423,1.34255,7.20,1.20
2009.07.03 02:59:09.813,1.3423,1.34255,8.00,1.20
2009.07.03 02:59:11.892,1.3423,1.34255,8.00,1.00
2009.07.03 02:59:16.741,1.34245,1.34255,3.20,1.00
2009.07.03 02:59:17.031,1.34245,1.3426,3.20,3.40
2009.07.03 02:59:17.381,1.34245,1.3426,6.40,3.40
2009.07.03 02:59:17.721,1.34235,1.3426,1.60,3.40
2009.07.03 02:59:17.831,1.34235,1.3426,1.60,3.40
2009.07.03 02:59:18.391,1.34235,1.3426,1.60,4.40
2009.07.03 02:59:18.720,1.34235,1.34255,1.60,1.20
2009.07.03 02:59:19.870,1.3423,1.34255,10.40,1.20
2009.07.03 02:59:20.880,1.3423,1.3425,4.80,1.20
2009.07.03 02:59:20.980,1.3423,1.3425,1.60,1.20
2009.07.03 02:59:21.260,1.34235,1.3425,3.20,1.20
2009.07.03 02:59:21.540,1.3423,1.34245,8.60,1.00
2009.07.03 02:59:21.830,1.3423,1.3425,7.80,1.20
2009.07.03 02:59:22.110,1.34235,1.3425,3.20,1.20
2009.07.03 02:59:22.629,1.34235,1.3425,6.40,1.00
2009.07.03 02:59:23.189,1.34245,1.3426,6.40,3.40
2009.07.03 02:59:23.529,1.34245,1.3426,6.40,4.00
2009.07.03 02:59:23.649,1.34245,1.3426,6.40,3.40
2009.07.03 02:59:24.239,1.34245,1.3426,3.20,3.40
2009.07.03 02:59:24.399,1.3424,1.3426,6.40,3.40
2009.07.03 02:59:24.449,1.34245,1.3426,3.20,3.40
2009.07.03 02:59:24.789,1.34245,1.3426,6.40,3.40
2009.07.03 02:59:25.249,1.34245,1.34255,3.20,1.00
2009.07.03 02:59:25.479,1.3424,1.34255,6.40,1.00
2009.07.03 02:59:28.278,1.3423,1.3425,8.40,1.20
2009.07.03 02:59:29.338,1.3423,1.3425,7.80,3.20
2009.07.03 02:59:38.536,1.3423,1.3425,4.60,3.20
2009.07.03 02:59:38.586,1.3423,1.34245,1.60,1.20
2009.07.03 02:59:38.916,1.3423,1.34245,1.60,2.40
2009.07.03 02:59:39.146,1.3423,1.3424,1.60,1.20
2009.07.03 02:59:39.506,1.3423,1.3425,1.60,3.20
2009.07.03 02:59:40.045,1.3423,1.34245,1.60,3.20
2009.07.03 02:59:40.395,1.3423,1.3425,1.60,3.20
