2012.08.23 19:00:00.279,0.98557,0.98571,1.73,1.73
2012.08.23 19:00:00.838,0.98557,0.98571,1.73,2.48
2012.08.23 19:00:01.149,0.9855,0.98569,2.09,2.25
2012.08.23 19:00:01.489,0.98552,0.98569,3.59,2.25
2012.08.23 19:00:02.112,0.98552,0.98569,3.23,2.25
2012.08.23 19:00:02.190,0.98553,0.98569,1.73,2.25
2012.08.23 19:00:02.628,0.98554,0.98569,3.23,2.48
2012.08.23 19:00:03.158,0.98553,0.98568,2.48,3.00
2012.08.23 19:00:03.804,0.98553,0.98568,2.48,2.25
2012.08.23 19:00:04.188,0.98555,0.9857,1.73,3.00
2012.08.23 19:00:04.737,0.98553,0.98569,1.73,1.50
2012.08.23 19:00:04.985,0.98553,0.98569,1.73,2.25
2012.08.23 19:00:05.057,0.98553,0.98569,1.50,2.25
2012.08.23 19:00:06.026,0.98553,0.98569,1.88,2.25
2012.08.23 19:00:06.277,0.98554,0.9857,1.73,1.50
2012.08.23 19:00:06.676,0.98553,0.98568,5.10,2.25
2012.08.23 19:00:08.256,0.98553,0.98569,2.10,2.25
2012.08.23 19:00:09.367,0.98556,0.98572,2.48,1.35
2012.08.23 19:00:09.680,0.98558,0.98573,3.98,1.73
2012.08.23 19:00:10.787,0.9856,0.98575,1.73,3.23
2012.08.23 19:00:10.978,0.98564,0.98575,1.50,2.25
2012.08.23 19:00:11.544,0.98564,0.98576,1.50,2.25
2012.08.23 19:00:11.777,0.98565,0.98579,1.50,2.48
2012.08.23 19:00:12.029,0.98566,0.9858,2.85,1.15
2012.08.23 19:00:12.556,0.98566,0.98581,2.85,1.50
2012.08.23 19:00:13.227,0.98568,0.98583,3.23,1.73
2012.08.23 19:00:13.541,0.98568,0.98583,3.23,2.25
2012.08.23 19:00:14.176,0.98568,0.98581,1.73,1.50
2012.08.23 19:00:16.076,0.98568,0.98584,2.48,2.25
2012.08.23 19:00:16.147,0.9857,0.98585,1.73,2.85
2012.08.23 19:00:16.518,0.98568,0.98581,3.23,1.50
2012.08.23 19:00:16.647,0.98569,0.98585,1.73,1.13
2012.08.23 19:00:16.850,0.98572,0.98588,1.35,1.50
2012.08.23 19:00:16.932,0.98579,0.98588,2.10,1.50
2012.08.23 19:00:17.201,0.98579,0.9859,2.10,1.50
2012.08.23 19:00:17.479,0.9858,0.98595,2.25,2.85
2012.08.23 19:00:18.412,0.9858,0.98594,2.25,1.13
2012.08.23 19:00:19.935,0.98578,0.98594,2.48,1.50
2012.08.23 19:00:20.528,0.98578,0.98594,3.59,1.50
2012.08.23 19:00:24.398,0.98578,0.98594,2.84,3.00
2012.08.23 19:00:26.336,0.98578,0.98593,1.34,1.88
2012.08.23 19:00:26.466,0.98578,0.98589,1.34,1.50
2012.08.23 19:00:26.806,0.98573,0.98586,2.09,1.50
2012.08.23 19:00:27.177,0.98573,0.98587,2.48,1.50
2012.08.23 19:00:27.307,0.98574,0.98589,3.23,2.25
2012.08.23 19:00:27.566,0.98574,0.98586,1.73,1.50
2012.08.23 19:00:27.697,0.98574,0.98588,1.73,3.00
2012.08.23 19:00:30.235,0.98574,0.98589,3.98,2.25
2012.08.23 19:00:30.949,0.98576,0.98589,1.35,1.50
2012.08.23 19:00:31.258,0.98576,0.98589,4.35,1.50
2012.08.23 19:00:31.340,0.98578,0.98593,2.48,2.48
2012.08.23 19:00:31.848,0.98577,0.98589,1.13,1.50
2012.08.23 19:00:32.366,0.98576,0.98589,2.48,1.50
2012.08.23 19:00:32.841,0.98576,0.98591,3.98,2.63
2012.08.23 19:00:33.779,0.98576,0.98589,2.10,1.50
2012.08.23 19:00:33.907,0.98576,0.98589,1.73,1.50
2012.08.23 19:00:34.440,0.98576,0.98589,1.73,1.50
2012.08.23 19:00:55.984,0.98578,0.98591,1.50,1.13
2012.08.23 19:01:04.887,0.98578,0.98592,1.50,1.13
2012.08.23 19:01:05.269,0.9858,0.98595,3.75,3.75
2012.08.23 19:01:05.620,0.98586,0.98597,2.48,1.15
2012.08.23 19:01:05.760,0.98586,0.98603,2.25,2.10
2012.08.23 19:01:05.829,0.98586,0.98602,1.50,1.73
2012.08.23 19:01:05.898,0.98583,0.98599,1.73,1.50
2012.08.23 19:01:07.147,0.98583,0.98602,2.10,3.40
2012.08.23 19:01:07.279,0.98585,0.98602,4.73,2.65
2012.08.23 19:01:07.797,0.98585,0.98602,5.48,1.73
2012.08.23 19:01:08.788,0.98588,0.98604,1.50,1.73
2012.08.23 19:01:09.037,0.98593,0.9861,3.23,2.12
2012.08.23 19:01:09.437,0.98595,0.98612,1.73,1.88
2012.08.23 19:01:09.686,0.98596,0.98613,4.35,1.90
2012.08.23 19:01:10.146,0.98597,0.98615,1.73,3.00
2012.08.23 19:01:10.397,0.98597,0.98615,1.73,3.00
2012.08.23 19:01:10.808,0.98599,0.98615,4.50,3.00
2012.08.23 19:01:11.956,0.98599,0.98614,4.73,1.13
2012.08.23 19:01:12.236,0.98598,0.98614,3.98,1.13
2012.08.23 19:01:13.360,0.98598,0.98614,3.98,1.50
2012.08.23 19:01:16.418,0.98597,0.98612,2.48,2.25
2012.08.23 19:01:16.678,0.98595,0.98608,2.09,1.50
2012.08.23 19:01:18.348,0.98593,0.98608,5.48,1.50
2012.08.23 19:01:18.879,0.98593,0.98606,5.48,2.25
2012.08.23 19:01:20.011,0.98593,0.98606,5.48,1.50
2012.08.23 19:01:20.159,0.9859,0.98602,2.84,1.50
2012.08.23 19:01:21.026,0.9859,0.98604,1.50,4.13
2012.08.23 19:01:21.916,0.9859,0.98605,3.00,1.13
2012.08.23 19:01:22.436,0.9859,0.98605,3.00,1.13
2012.08.23 19:01:30.316,0.9859,0.98605,3.23,1.50
2012.08.23 19:01:33.856,0.98591,0.98607,1.73,2.25
2012.08.23 19:01:34.796,0.98591,0.98607,1.73,2.25
2012.08.23 19:01:37.215,0.9859,0.98606,7.73,1.13
2012.08.23 19:01:37.770,0.9859,0.98606,3.98,1.13
2012.08.23 19:01:44.216,0.98592,0.98606,2.25,1.13
2012.08.23 19:01:46.892,0.98592,0.98606,2.48,1.13
2012.08.23 19:02:00.957,0.98592,0.98606,6.23,1.13
2012.08.23 19:02:01.766,0.98592,0.98605,4.73,1.50
2012.08.23 19:02:03.375,0.98591,0.98605,1.73,1.50
2012.08.23 19:02:08.509,0.9859,0.98605,3.98,1.50
2012.08.23 19:02:21.815,0.98592,0.98607,1.50,2.25
2012.08.23 19:02:33.934,0.98592,0.98607,1.50,2.25
2012.08.23 19:02:38.314,0.98592,0.98608,3.23,3.00
2012.08.23 19:02:38.385,0.98592,0.98605,1.73,1.50
2012.08.23 19:02:44.214,0.98592,0.98607,3.23,2.25
2012.08.23 19:02:44.585,0.98592,0.98607,3.98,1.50
2012.08.23 19:02:44.897,0.98592,0.98607,3.98,2.25
2012.08.23 19:02:44.968,0.98592,0.98607,3.98,2.25
2012.08.23 19:02:45.532,0.98593,0.98607,1.73,2.25
2012.08.23 19:02:46.788,0.98593,0.98605,2.48,1.50
2012.08.23 19:02:47.562,0.98593,0.98605,1.73,1.50
2012.08.23 19:02:48.075,0.98592,0.98605,1.73,1.50
2012.08.23 19:02:49.647,0.98593,0.98605,1.73,1.50
2012.08.23 19:02:49.716,0.98593,0.98607,1.73,2.25
2012.08.23 19:02:50.331,0.98593,0.98607,1.73,2.25
2012.08.23 19:02:51.139,0.98593,0.98606,1.50,1.50
2012.08.23 19:02:51.476,0.98591,0.98606,2.48,1.50
2012.08.23 19:02:52.016,0.98592,0.98608,1.35,2.25
2012.08.23 19:02:52.947,0.98591,0.98605,2.48,1.50
2012.08.23 19:03:08.400,0.98591,0.98605,1.73,1.50
2012.08.23 19:03:14.146,0.98592,0.98606,2.48,1.50
2012.08.23 19:03:14.456,0.98593,0.98607,1.73,1.88
2012.08.23 19:03:16.115,0.98592,0.98607,3.23,1.88
2012.08.23 19:03:16.680,0.98592,0.98606,1.50,1.88
2012.08.23 19:03:18.446,0.98592,0.98607,3.00,2.25
2012.08.23 19:03:18.767,0.98593,0.98607,1.73,1.50
2012.08.23 19:03:19.879,0.98592,0.98606,1.73,1.50
2012.08.23 19:03:20.219,0.9859,0.986,1.11,1.50
2012.08.23 19:03:20.348,0.98587,0.986,2.09,1.50
2012.08.23 19:03:20.479,0.98585,0.98599,4.73,1.88
2012.08.23 19:03:21.068,0.98585,0.98599,1.73,2.63
2012.08.23 19:03:21.628,0.98585,0.98599,1.73,1.13
2012.08.23 19:03:21.758,0.98585,0.98599,1.73,1.13
2012.08.23 19:03:22.269,0.98583,0.98597,6.23,1.50
2012.08.23 19:03:22.528,0.98583,0.98596,1.73,1.50
2012.08.23 19:03:23.055,0.98582,0.98596,1.73,2.25
2012.08.23 19:03:24.417,0.98582,0.98596,1.73,2.25
2012.08.23 19:03:26.218,0.98582,0.98597,3.00,3.75
2012.08.23 19:03:26.726,0.98583,0.98597,1.73,1.50
2012.08.23 19:03:27.243,0.98583,0.98597,1.50,2.25
2012.08.23 19:03:28.109,0.98582,0.98597,2.48,3.00
2012.08.23 19:03:28.666,0.98584,0.98599,1.73,1.50
2012.08.23 19:03:29.195,0.98584,0.98596,1.50,1.50
2012.08.23 19:03:32.117,0.98582,0.98596,1.73,1.50
2012.08.23 19:03:32.671,0.98582,0.98597,1.73,1.13
2012.08.23 19:03:35.127,0.98584,0.98599,2.25,3.75
2012.08.23 19:03:35.196,0.98584,0.98599,2.48,3.00
2012.08.23 19:03:35.728,0.98583,0.98598,1.73,1.50
2012.08.23 19:03:35.876,0.98583,0.98596,1.73,1.50
2012.08.23 19:03:45.795,0.98582,0.98596,2.48,3.00
2012.08.23 19:03:46.430,0.98579,0.98593,2.84,1.13
2012.08.23 19:03:46.570,0.98579,0.98592,1.11,2.25
2012.08.23 19:03:46.767,0.98579,0.98592,6.23,2.25
2012.08.23 19:03:47.318,0.9858,0.98595,3.98,2.63
2012.08.23 19:03:47.388,0.98581,0.98596,3.23,1.13
2012.08.23 19:03:55.334,0.98581,0.98595,1.73,1.50
2012.08.23 19:04:00.215,0.98581,0.98594,1.73,1.50
2012.08.23 19:04:00.639,0.98579,0.98592,1.73,1.50
2012.08.23 19:04:00.967,0.98577,0.98589,1.73,1.50
2012.08.23 19:04:01.500,0.98575,0.9859,2.48,1.50
2012.08.23 19:04:02.029,0.98575,0.9859,3.98,1.88
2012.08.23 19:04:02.601,0.98576,0.98591,3.23,2.25
2012.08.23 19:04:02.850,0.98576,0.98592,3.23,1.50
2012.08.23 19:04:03.797,0.98576,0.98592,2.48,1.50
2012.08.23 19:04:03.868,0.98575,0.9859,3.98,1.50
2012.08.23 19:04:08.526,0.98575,0.9859,3.23,1.88
2012.08.23 19:04:08.836,0.98575,0.9859,3.23,1.50
2012.08.23 19:04:09.386,0.98575,0.9859,3.23,1.50
2012.08.23 19:04:11.123,0.98574,0.98589,1.73,1.50
2012.08.23 19:04:11.770,0.98575,0.9859,2.25,1.50
2012.08.23 19:04:12.830,0.98577,0.98591,2.25,1.13
2012.08.23 19:04:13.167,0.98582,0.98595,1.35,1.15
2012.08.23 19:04:13.597,0.98583,0.98598,1.73,3.00
2012.08.23 19:04:13.821,0.98582,0.98595,2.03,1.50
2012.08.23 19:04:14.358,0.98582,0.98594,1.50,1.50
2012.08.23 19:04:15.518,0.98579,0.98594,1.73,2.25
2012.08.23 19:04:16.141,0.98579,0.98592,1.50,2.25
2012.08.23 19:04:16.766,0.98577,0.98592,1.73,2.25
2012.08.23 19:04:16.838,0.98576,0.98589,2.09,1.50
2012.08.23 19:04:17.828,0.98575,0.98589,1.73,1.50
2012.08.23 19:04:38.656,0.98575,0.98591,3.23,1.13
2012.08.23 19:04:38.729,0.98579,0.98592,2.25,1.50
2012.08.23 19:04:38.929,0.98581,0.98595,1.73,2.65
2012.08.23 19:04:39.456,0.98581,0.98596,2.48,2.65
2012.08.23 19:04:40.105,0.98581,0.98597,2.48,1.50
2012.08.23 19:04:49.424,0.98582,0.98598,2.10,2.25
2012.08.23 19:04:49.956,0.98582,0.98598,2.48,1.50
2012.08.23 19:04:54.955,0.98583,0.98598,1.35,2.25
2012.08.23 19:04:56.536,0.98585,0.98599,1.50,1.50
2012.08.23 19:04:57.176,0.98585,0.98599,1.50,1.50
2012.08.23 19:05:01.005,0.98585,0.98599,1.50,1.50
2012.08.23 19:05:06.185,0.98585,0.98599,2.25,1.50
2012.08.23 19:05:07.955,0.98589,0.98601,1.73,1.50
2012.08.23 19:05:08.278,0.9859,0.98603,2.48,1.15
2012.08.23 19:05:08.346,0.98589,0.98605,1.73,2.25
2012.08.23 19:05:08.478,0.98588,0.98605,3.60,3.00
2012.08.23 19:05:09.063,0.98588,0.98603,1.35,1.50
2012.08.23 19:05:09.136,0.98588,0.98605,2.85,2.25
2012.08.23 19:05:09.458,0.98588,0.98605,3.60,3.00
2012.08.23 19:05:10.055,0.98588,0.98605,3.60,3.00
2012.08.23 19:05:12.060,0.9859,0.98607,2.48,3.60
2012.08.23 19:05:13.411,0.9859,0.98605,1.73,2.25
2012.08.23 19:05:13.846,0.9859,0.98607,3.60,2.25
2012.08.23 19:05:14.204,0.9859,0.98607,3.60,1.50
2012.08.23 19:05:15.206,0.98593,0.98608,2.25,2.25
2012.08.23 19:05:15.527,0.98594,0.9861,2.25,2.48
2012.08.23 19:05:19.335,0.98594,0.98608,1.13,1.50
2012.08.23 19:05:20.031,0.98594,0.98608,1.13,1.50
2012.08.23 19:05:22.756,0.98594,0.98611,2.85,4.50
2012.08.23 19:05:23.402,0.98594,0.98611,2.85,3.75
2012.08.23 19:05:30.319,0.98598,0.98614,2.63,2.12
2012.08.23 19:05:30.386,0.98598,0.98614,2.63,1.90
2012.08.23 19:05:32.226,0.98598,0.98615,2.63,4.73
2012.08.23 19:05:32.776,0.98595,0.98611,1.35,3.23
2012.08.23 19:05:33.987,0.98597,0.98612,3.23,2.25
2012.08.23 19:05:34.333,0.98601,0.98616,2.25,1.88
2012.08.23 19:05:34.718,0.98601,0.98616,2.25,2.63
2012.08.23 19:05:35.230,0.98599,0.98615,1.73,2.25
2012.08.23 19:05:35.498,0.98601,0.98617,1.50,3.23
2012.08.23 19:05:36.045,0.98603,0.98617,1.73,1.50
2012.08.23 19:05:36.557,0.98603,0.98618,3.23,2.25
2012.08.23 19:05:37.066,0.98603,0.98618,3.23,1.50
2012.08.23 19:05:37.318,0.98603,0.98618,3.60,1.50
2012.08.23 19:05:37.867,0.98604,0.9862,1.35,2.25
2012.08.23 19:05:38.383,0.98605,0.98621,3.23,1.50
2012.08.23 19:05:38.926,0.98605,0.98621,2.48,1.50
2012.08.23 19:05:39.247,0.98605,0.98621,3.23,1.50
2012.08.23 19:05:39.377,0.98604,0.98618,3.23,2.25
2012.08.23 19:05:53.686,0.98603,0.98618,3.98,2.25
2012.08.23 19:05:56.748,0.98603,0.98618,3.98,2.25
2012.08.23 19:06:04.505,0.98604,0.98619,1.73,1.88
2012.08.23 19:06:05.715,0.98604,0.98619,2.48,2.63
2012.08.23 19:06:07.866,0.98604,0.98619,2.48,1.50
2012.08.23 19:06:10.530,0.98604,0.98619,2.48,2.63
2012.08.23 19:06:19.347,0.98605,0.98621,2.25,3.38
2012.08.23 19:06:26.305,0.98605,0.98621,2.25,2.25
2012.08.23 19:06:31.607,0.98604,0.98619,1.73,1.50
2012.08.23 19:06:32.567,0.98605,0.9862,2.25,1.50
2012.08.23 19:06:37.194,0.98605,0.9862,2.25,2.25
2012.08.23 19:06:37.675,0.98606,0.9862,5.25,2.25
2012.08.23 19:06:37.868,0.98605,0.9862,4.34,1.50
2012.08.23 19:06:38.416,0.98607,0.9862,1.73,1.50
2012.08.23 19:06:44.807,0.98608,0.98622,1.73,1.50
2012.08.23 19:06:45.647,0.98608,0.98622,2.48,1.50
2012.08.23 19:06:45.719,0.98609,0.98623,1.50,2.25
2012.08.23 19:06:46.182,0.98611,0.98623,2.48,1.50
2012.08.23 19:06:46.274,0.98613,0.98626,3.23,1.50
2012.08.23 19:06:46.716,0.98613,0.98628,3.23,2.63
2012.08.23 19:06:47.407,0.98613,0.98627,1.73,1.50
2012.08.23 19:06:47.947,0.98613,0.98627,1.73,1.50
2012.08.23 19:06:48.368,0.98613,0.98627,1.73,1.50
2012.08.23 19:06:48.977,0.98613,0.98627,2.10,1.50
2012.08.23 19:06:49.486,0.98613,0.98629,2.10,2.25
2012.08.23 19:06:54.706,0.98613,0.98626,2.10,1.50
2012.08.23 19:06:57.107,0.98613,0.98626,5.85,1.50
2012.08.23 19:06:57.239,0.98616,0.98631,3.38,3.00
2012.08.23 19:06:57.308,0.98616,0.98629,1.35,1.50
2012.08.23 19:06:57.436,0.98614,0.98629,3.98,1.50
2012.08.23 19:06:58.045,0.98614,0.98629,2.48,1.88
2012.08.23 19:07:00.126,0.98614,0.98629,2.48,1.88
2012.08.23 19:07:12.847,0.98615,0.98631,2.48,2.10
2012.08.23 19:07:13.595,0.98613,0.9863,6.96,1.50
2012.08.23 19:07:15.178,0.98615,0.9863,1.35,1.50
2012.08.23 19:07:16.695,0.98615,0.9863,1.35,2.25
2012.08.23 19:07:17.256,0.98616,0.98631,2.48,3.00
2012.08.23 19:07:18.919,0.98616,0.98631,2.48,2.63
2012.08.23 19:07:19.226,0.98617,0.98631,2.48,1.88
2012.08.23 19:07:19.777,0.98617,0.98631,1.73,1.88
2012.08.23 19:07:20.378,0.98617,0.98631,1.73,2.63
2012.08.23 19:07:20.968,0.98614,0.9863,2.10,2.25
2012.08.23 19:07:24.939,0.98613,0.9863,4.73,4.13
2012.08.23 19:07:25.228,0.98613,0.98627,3.23,1.50
2012.08.23 19:07:26.538,0.98618,0.98627,1.50,1.50
2012.08.23 19:07:26.608,0.98618,0.98633,1.50,2.48
2012.08.23 19:07:26.678,0.98619,0.98633,2.48,1.50
2012.08.23 19:07:26.808,0.98616,0.98632,2.85,1.50
2012.08.23 19:07:26.877,0.98616,0.98628,1.35,1.50
2012.08.23 19:08:35.756,0.98616,0.9863,1.35,1.50
2012.08.23 19:08:35.886,0.98616,0.9863,2.10,1.50
2012.08.23 19:08:40.768,0.98616,0.98628,1.35,1.50
2012.08.23 19:08:41.267,0.98616,0.9863,1.35,1.50
2012.08.23 19:08:47.836,0.98615,0.98628,1.73,1.50
2012.08.23 19:08:47.905,0.98615,0.98628,1.73,1.50
2012.08.23 19:08:50.217,0.98619,0.98628,1.50,1.50
2012.08.23 19:08:50.287,0.98619,0.9863,1.50,1.50
2012.08.23 19:08:50.359,0.98619,0.98632,1.73,1.88
2012.08.23 19:08:50.875,0.98619,0.9863,1.73,1.50
2012.08.23 19:08:51.607,0.98616,0.9863,5.84,1.50
2012.08.23 19:08:51.737,0.98616,0.9863,1.73,1.50
2012.08.23 19:08:55.946,0.98614,0.98628,6.98,1.50
2012.08.23 19:08:57.208,0.98614,0.9863,8.48,1.50
2012.08.23 19:08:57.875,0.98614,0.98631,8.48,1.88
2012.08.23 19:08:58.155,0.98614,0.98629,6.98,1.50
2012.08.23 19:08:58.706,0.98616,0.98631,1.35,1.50
2012.08.23 19:08:59.146,0.98616,0.98629,1.35,1.50
2012.08.23 19:09:09.900,0.98619,0.98629,4.73,1.50
2012.08.23 19:09:09.968,0.98619,0.98633,4.73,2.25
2012.08.23 19:09:10.038,0.98617,0.98633,2.61,2.25
2012.08.23 19:09:10.406,0.98617,0.98633,2.24,2.25
2012.08.23 19:09:15.789,0.98614,0.98629,6.98,1.50
2012.08.23 19:09:19.599,0.98614,0.98629,2.48,2.25
2012.08.23 19:09:19.669,0.98614,0.98629,2.25,2.25
2012.08.23 19:09:19.868,0.98614,0.98629,3.00,2.25
2012.08.23 19:09:20.387,0.98614,0.98629,4.34,1.50
2012.08.23 19:09:24.477,0.98615,0.98629,1.73,1.50
2012.08.23 19:09:26.147,0.98616,0.98629,1.73,1.50
2012.08.23 19:09:27.576,0.98616,0.98632,5.48,3.75
2012.08.23 19:09:28.267,0.98616,0.98632,5.48,2.25
2012.08.23 19:09:28.907,0.98616,0.98632,5.48,2.25
2012.08.23 19:09:29.661,0.98617,0.98632,2.10,2.25
2012.08.23 19:09:29.949,0.98623,0.98637,3.00,1.90
2012.08.23 19:09:30.470,0.98625,0.98637,1.73,2.65
2012.08.23 19:09:31.029,0.98623,0.98637,1.73,1.50
2012.08.23 19:09:31.767,0.98622,0.98636,5.48,1.50
2012.08.23 19:09:32.586,0.98621,0.98636,2.84,1.50
2012.08.23 19:09:34.828,0.98621,0.98636,2.48,2.25
2012.08.23 19:09:35.522,0.98621,0.98636,1.73,2.25
2012.08.23 19:09:36.437,0.98621,0.98636,1.73,1.50
2012.08.23 19:09:36.939,0.98621,0.98636,1.73,1.50
2012.08.23 19:09:39.438,0.98621,0.98636,1.50,1.50
2012.08.23 19:09:39.566,0.98621,0.98636,1.73,1.50
2012.08.23 19:09:43.050,0.98621,0.98636,1.73,2.25
2012.08.23 19:09:44.653,0.98619,0.98633,2.48,3.00
2012.08.23 19:09:44.732,0.98619,0.9863,1.11,2.25
2012.08.23 19:09:45.008,0.98616,0.9863,2.09,3.00
2012.08.23 19:09:49.678,0.98616,0.9863,1.73,1.50
2012.08.23 19:09:49.871,0.98618,0.98632,2.48,2.63
2012.08.23 19:09:49.998,0.98618,0.98632,2.25,1.13
2012.08.23 19:09:50.507,0.98616,0.9863,1.73,2.25
2012.08.23 19:09:55.208,0.98616,0.9863,1.73,2.25
2012.08.23 19:10:00.357,0.98616,0.9863,1.73,2.25
2012.08.23 19:10:00.488,0.98617,0.9863,1.73,1.50
2012.08.23 19:10:00.750,0.98621,0.98633,1.73,1.50
2012.08.23 19:10:01.018,0.98623,0.98637,1.73,1.50
2012.08.23 19:10:09.986,0.98623,0.98638,1.73,1.50
2012.08.23 19:10:10.866,0.98622,0.98639,3.60,3.00
2012.08.23 19:10:11.388,0.98622,0.98639,3.23,3.75
2012.08.23 19:10:12.135,0.98622,0.98639,3.23,3.75
2012.08.23 19:10:13.887,0.98622,0.98635,1.73,1.50
2012.08.23 19:10:14.217,0.9862,0.98637,2.25,5.79
2012.08.23 19:10:14.525,0.98623,0.98637,1.50,2.85
2012.08.23 19:10:14.596,0.9862,0.98637,3.98,4.35
2012.08.23 19:10:16.212,0.9862,0.98637,3.23,3.98
2012.08.23 19:10:16.851,0.9862,0.98637,3.23,3.98
2012.08.23 19:10:28.389,0.9862,0.98637,2.48,3.38
2012.08.23 19:10:28.457,0.9862,0.98636,2.48,2.25
2012.08.23 19:10:28.779,0.9862,0.98633,1.50,1.50
2012.08.23 19:10:28.908,0.98617,0.98633,2.24,3.00
2012.08.23 19:10:29.039,0.98617,0.9863,2.24,1.50
2012.08.23 19:10:29.601,0.98615,0.9863,3.23,1.50
2012.08.23 19:10:31.796,0.98615,0.9863,3.23,2.25
2012.08.23 19:10:34.477,0.98615,0.9863,3.23,1.50
2012.08.23 19:10:38.508,0.98615,0.98628,1.73,1.50
2012.08.23 19:10:45.456,0.98615,0.98628,1.73,1.88
2012.08.23 19:10:46.012,0.98615,0.98629,3.23,1.50
2012.08.23 19:10:51.765,0.98615,0.9863,3.23,2.25
2012.08.23 19:10:57.346,0.98615,0.9863,2.48,1.88
2012.08.23 19:11:05.945,0.98615,0.9863,2.48,2.25
2012.08.23 19:11:07.448,0.98613,0.98629,1.35,1.50
2012.08.23 19:11:07.638,0.98612,0.98629,7.73,2.63
2012.08.23 19:11:08.516,0.98612,0.98629,6.23,3.38
2012.08.23 19:11:12.397,0.9861,0.98622,2.48,1.50
2012.08.23 19:11:12.538,0.9861,0.98622,3.36,2.25
2012.08.23 19:11:17.207,0.98607,0.98622,2.48,2.25
2012.08.23 19:11:17.347,0.98607,0.9862,1.50,1.50
2012.08.23 19:11:17.690,0.98605,0.98617,1.13,2.25
2012.08.23 19:11:18.207,0.98601,0.98617,4.73,2.25
2012.08.23 19:11:18.731,0.98602,0.98619,2.48,2.63
2012.08.23 19:11:21.317,0.98602,0.98619,3.23,3.00
2012.08.23 19:11:24.494,0.98602,0.98619,2.48,3.00
2012.08.23 19:11:25.326,0.98602,0.98619,2.48,2.25
2012.08.23 19:11:29.356,0.98602,0.98619,2.48,1.88
2012.08.23 19:11:31.277,0.98603,0.98618,1.73,1.13
2012.08.23 19:11:35.486,0.98602,0.98617,2.25,1.50
2012.08.23 19:11:35.991,0.98601,0.98616,3.23,1.50
2012.08.23 19:11:40.415,0.98601,0.98616,3.23,1.88
2012.08.23 19:11:42.530,0.98601,0.98616,2.48,2.63
2012.08.23 19:11:49.046,0.98601,0.98616,3.23,1.50
2012.08.23 19:11:49.428,0.98601,0.98614,1.73,1.50
2012.08.23 19:11:50.432,0.98601,0.98616,3.23,2.25
2012.08.23 19:11:52.965,0.98599,0.98614,3.23,1.50
2012.08.23 19:11:54.466,0.986,0.98615,2.48,1.50
2012.08.23 19:11:54.995,0.986,0.98617,2.48,3.75
2012.08.23 19:11:55.698,0.98599,0.98614,1.73,1.50
2012.08.23 19:12:02.416,0.98602,0.98615,1.50,1.50
2012.08.23 19:12:02.735,0.98602,0.98615,1.73,1.50
2012.08.23 19:12:06.748,0.98601,0.98615,1.73,1.50
2012.08.23 19:12:07.109,0.98599,0.98613,6.21,2.25
2012.08.23 19:12:07.260,0.98596,0.98608,2.84,1.50
2012.08.23 19:12:20.706,0.98595,0.98609,1.73,1.50
2012.08.23 19:12:21.266,0.98596,0.98608,1.73,1.50
2012.08.23 19:12:21.397,0.98596,0.98606,1.73,1.50
2012.08.23 19:12:21.765,0.98596,0.98608,1.73,1.50
2012.08.23 19:12:23.690,0.98596,0.98608,1.73,1.50
2012.08.23 19:12:24.116,0.98597,0.9861,1.73,1.50
2012.08.23 19:12:28.635,0.98595,0.9861,3.23,2.25
2012.08.23 19:12:29.377,0.98595,0.9861,3.23,1.50
2012.08.23 19:12:33.068,0.98595,0.98607,1.73,1.50
2012.08.23 19:12:33.196,0.98595,0.98609,1.73,1.50
2012.08.23 19:12:41.258,0.98595,0.98606,1.73,1.50
2012.08.23 19:12:41.389,0.98594,0.98607,1.50,1.50
2012.08.23 19:12:42.967,0.98594,0.98607,1.50,1.50
2012.08.23 19:12:43.037,0.98593,0.98605,1.73,1.50
2012.08.23 19:12:43.587,0.98592,0.98605,2.48,1.50
2012.08.23 19:12:44.091,0.98592,0.98607,3.98,1.50
2012.08.23 19:12:44.652,0.98592,0.98607,3.98,1.50
2012.08.23 19:12:49.377,0.98594,0.98609,1.50,1.13
2012.08.23 19:12:50.227,0.98594,0.98609,1.73,1.13
2012.08.23 19:12:50.771,0.98594,0.98609,1.50,1.13
2012.08.23 19:12:53.187,0.98593,0.98609,3.00,2.25
2012.08.23 19:13:03.575,0.98592,0.98609,3.98,2.63
2012.08.23 19:13:12.867,0.98592,0.98609,2.48,4.50
2012.08.23 19:13:13.426,0.98592,0.98609,2.48,3.75
2012.08.23 19:13:22.320,0.98592,0.98609,2.48,4.13
2012.08.23 19:13:35.585,0.98592,0.98609,2.48,3.75
2012.08.23 19:13:39.345,0.98591,0.98608,4.35,1.50
2012.08.23 19:13:39.875,0.98593,0.98609,2.25,2.25
2012.08.23 19:13:46.740,0.98593,0.98609,2.25,2.63
2012.08.23 19:13:48.387,0.98593,0.98609,2.25,1.88
2012.08.23 19:13:49.605,0.98593,0.98609,2.25,1.13
2012.08.23 19:13:49.735,0.98593,0.98609,2.25,1.13
2012.08.23 19:13:52.467,0.98593,0.98609,2.25,1.13
2012.08.23 19:13:52.715,0.98593,0.98609,2.25,1.13
2012.08.23 19:13:59.347,0.98593,0.9861,2.25,3.98
2012.08.23 19:14:00.807,0.98592,0.98607,3.23,1.50
2012.08.23 19:14:01.467,0.98592,0.98607,2.48,1.50
2012.08.23 19:14:06.515,0.98594,0.98609,2.25,3.23
2012.08.23 19:14:09.136,0.98592,0.98607,2.85,1.50
2012.08.23 19:14:09.687,0.98592,0.98607,2.48,1.50
2012.08.23 19:14:10.707,0.98592,0.98607,2.48,1.50
2012.08.23 19:14:11.859,0.98591,0.98608,3.98,1.88
2012.08.23 19:14:13.665,0.98592,0.98608,1.73,1.88
2012.08.23 19:14:14.756,0.98592,0.98608,1.73,1.88
2012.08.23 19:14:14.885,0.98594,0.98609,2.25,1.50
2012.08.23 19:14:17.387,0.98594,0.98609,2.48,1.50
2012.08.23 19:14:21.867,0.98596,0.98609,1.50,1.50
2012.08.23 19:14:22.419,0.98602,0.98614,2.25,1.15
2012.08.23 19:14:22.501,0.98602,0.98617,2.48,4.13
2012.08.23 19:14:23.071,0.98599,0.98614,3.23,1.50
2012.08.23 19:14:23.219,0.98599,0.98614,3.23,1.50
2012.08.23 19:14:23.287,0.98599,0.9861,3.23,1.50
2012.08.23 19:14:23.357,0.98599,0.98612,3.23,1.50
2012.08.23 19:14:36.158,0.986,0.98615,2.48,3.75
2012.08.23 19:14:37.266,0.98598,0.98615,3.23,2.63
2012.08.23 19:14:39.321,0.98601,0.98616,1.50,3.00
2012.08.23 19:14:44.249,0.98602,0.98615,1.50,1.13
2012.08.23 19:14:44.499,0.98602,0.98615,2.48,1.13
2012.08.23 19:14:45.214,0.98602,0.98615,2.48,1.13
2012.08.23 19:14:45.790,0.986,0.98616,3.23,1.50
2012.08.23 19:14:47.507,0.986,0.98617,3.23,2.25
2012.08.23 19:14:52.117,0.986,0.98616,3.23,1.50
2012.08.23 19:14:59.567,0.986,0.98616,2.48,1.50
2012.08.23 19:15:00.569,0.98599,0.98613,1.73,1.50
2012.08.23 19:15:00.639,0.98599,0.98615,1.73,3.38
2012.08.23 19:15:01.188,0.98598,0.98615,3.23,2.63
2012.08.23 19:15:01.859,0.98598,0.98615,4.34,2.63
2012.08.23 19:15:02.106,0.986,0.98616,2.48,1.50
2012.08.23 19:15:07.696,0.986,0.98617,3.23,3.75
2012.08.23 19:15:19.618,0.986,0.98617,3.23,3.00
2012.08.23 19:15:22.582,0.986,0.98617,3.23,3.00
2012.08.23 19:15:26.295,0.986,0.98617,3.23,3.00
2012.08.23 19:15:31.925,0.986,0.98617,3.23,3.00
2012.08.23 19:15:32.460,0.986,0.98617,3.23,2.25
2012.08.23 19:15:33.429,0.98602,0.98618,2.48,2.25
2012.08.23 19:15:33.498,0.98602,0.98618,3.23,1.50
2012.08.23 19:15:33.569,0.98604,0.98619,2.10,1.50
2012.08.23 19:15:33.759,0.98607,0.98621,1.50,1.90
2012.08.23 19:15:34.307,0.98607,0.98622,3.23,2.25
2012.08.23 19:15:42.908,0.98607,0.98622,3.98,1.50
2012.08.23 19:15:43.707,0.98608,0.98625,2.48,4.50
2012.08.23 19:15:53.237,0.98607,0.98623,1.73,2.25
2012.08.23 19:16:00.725,0.98609,0.98624,2.25,1.50
2012.08.23 19:16:05.096,0.98609,0.98624,2.25,2.25
2012.08.23 19:16:16.136,0.98609,0.98624,2.48,1.50
2012.08.23 19:16:16.331,0.98613,0.98626,1.50,1.50
2012.08.23 19:16:16.401,0.98613,0.98626,1.73,1.50
2012.08.23 19:16:16.469,0.98614,0.9863,2.25,2.85
2012.08.23 19:16:17.288,0.98614,0.98629,2.48,2.25
2012.08.23 19:16:19.057,0.98615,0.98631,2.25,2.63
2012.08.23 19:16:24.067,0.98615,0.98632,2.25,2.10
2012.08.23 19:16:24.508,0.98615,0.98632,2.25,2.85
2012.08.23 19:16:24.829,0.98613,0.98623,2.61,1.50
2012.08.23 19:16:25.157,0.9861,0.98625,2.85,3.00
2012.08.23 19:16:34.946,0.9861,0.98625,2.48,1.50
2012.08.23 19:16:38.248,0.9861,0.98624,2.48,1.50
2012.08.23 19:16:38.510,0.98606,0.98619,1.11,2.25
2012.08.23 19:16:39.124,0.98604,0.98618,2.10,2.25
2012.08.23 19:16:44.168,0.98601,0.98618,2.48,3.75
2012.08.23 19:16:44.307,0.98601,0.98618,1.73,3.98
2012.08.23 19:16:44.436,0.98601,0.98618,1.73,3.75
2012.08.23 19:16:54.618,0.986,0.98616,2.48,2.25
2012.08.23 19:16:57.606,0.986,0.98616,2.48,2.25
2012.08.23 19:16:57.676,0.986,0.98616,2.48,2.25
2012.08.23 19:16:59.077,0.986,0.98616,1.73,2.63
2012.08.23 19:16:59.218,0.98598,0.98614,1.73,2.25
2012.08.23 19:16:59.789,0.98599,0.98616,2.48,4.13
2012.08.23 19:17:07.816,0.98599,0.98615,3.23,1.50
2012.08.23 19:17:09.906,0.98599,0.98616,2.85,3.00
2012.08.23 19:17:11.533,0.98599,0.98616,2.85,3.00
2012.08.23 19:17:15.635,0.986,0.98616,1.50,2.25
2012.08.23 19:17:16.976,0.986,0.98613,1.50,1.50
2012.08.23 19:17:19.688,0.986,0.98615,2.25,2.25
2012.08.23 19:17:32.629,0.98602,0.98617,1.50,3.98
2012.08.23 19:17:36.856,0.98599,0.98616,4.73,1.50
2012.08.23 19:17:56.618,0.986,0.98612,1.13,1.50
2012.08.23 19:18:06.936,0.98599,0.98612,1.73,1.50
2012.08.23 19:18:07.010,0.98601,0.98615,3.23,3.00
2012.08.23 19:18:07.376,0.98601,0.98613,2.25,1.50
2012.08.23 19:18:17.387,0.98598,0.98613,2.48,1.50
2012.08.23 19:18:35.407,0.98599,0.98613,1.73,1.50
2012.08.23 19:18:41.366,0.98599,0.98615,2.48,1.50
2012.08.23 19:18:41.875,0.98599,0.98615,2.48,1.50
2012.08.23 19:18:50.166,0.98599,0.98612,2.84,1.50
2012.08.23 19:18:50.726,0.986,0.98612,1.35,1.50
2012.08.23 19:18:56.828,0.98599,0.98612,2.48,1.50
2012.08.23 19:19:00.577,0.98602,0.98612,1.50,1.50
2012.08.23 19:19:00.768,0.98603,0.98618,2.48,3.75
2012.08.23 19:19:00.898,0.98602,0.98617,2.48,2.25
2012.08.23 19:19:01.439,0.98602,0.98615,1.73,2.25
2012.08.23 19:19:02.791,0.98603,0.98615,1.73,2.25
2012.08.23 19:19:03.372,0.98605,0.98618,2.10,2.25
2012.08.23 19:19:03.898,0.98606,0.98621,2.09,1.50
2012.08.23 19:19:04.877,0.98607,0.9862,1.73,1.50
2012.08.23 19:19:05.717,0.98607,0.98622,1.73,1.50
2012.08.23 19:19:09.366,0.98608,0.98622,1.35,1.50
2012.08.23 19:19:14.821,0.98606,0.9862,2.46,1.50
2012.08.23 19:19:16.357,0.98606,0.98621,2.85,1.50
2012.08.23 19:19:17.082,0.98606,0.98621,2.85,1.50
2012.08.23 19:19:21.596,0.98605,0.98619,2.85,1.50
2012.08.23 19:19:23.131,0.98605,0.98619,1.73,1.50
2012.08.23 19:19:25.948,0.98606,0.98621,2.48,1.50
2012.08.23 19:19:44.329,0.98607,0.98619,1.73,1.50
2012.08.23 19:19:45.740,0.98607,0.98619,1.73,1.50
2012.08.23 19:19:49.836,0.98607,0.98619,1.73,1.50
2012.08.23 19:19:50.541,0.98607,0.98619,1.73,1.50
2012.08.23 19:19:55.798,0.98607,0.98622,1.73,1.88
2012.08.23 19:20:04.993,0.98606,0.98622,1.73,1.88
2012.08.23 19:20:05.504,0.98607,0.98622,2.48,1.50
2012.08.23 19:20:11.277,0.98608,0.98623,3.23,1.50
2012.08.23 19:20:13.267,0.98609,0.98623,2.10,1.50
2012.08.23 19:20:13.338,0.9861,0.98625,2.48,3.00
2012.08.23 19:20:13.951,0.9861,0.98624,1.73,1.50
2012.08.23 19:20:24.337,0.9861,0.98626,1.73,2.25
2012.08.23 19:20:24.869,0.9861,0.98623,1.73,1.50
2012.08.23 19:20:26.948,0.98611,0.98623,2.25,1.50
2012.08.23 19:20:27.018,0.98613,0.98628,1.50,1.73
2012.08.23 19:20:27.148,0.98614,0.98629,3.23,1.50
2012.08.23 19:20:28.537,0.98616,0.98629,1.35,1.50
2012.08.23 19:20:29.217,0.98616,0.98629,1.35,1.50
2012.08.23 19:20:30.639,0.98616,0.98631,1.73,2.25
2012.08.23 19:20:30.947,0.98617,0.98632,1.73,1.50
2012.08.23 19:20:31.498,0.98617,0.98632,1.73,1.50
2012.08.23 19:20:31.950,0.98616,0.98629,2.48,1.50
2012.08.23 19:20:32.500,0.98616,0.98629,2.48,1.50
2012.08.23 19:20:33.298,0.98616,0.98627,2.48,1.50
2012.08.23 19:20:33.609,0.98611,0.98623,2.48,1.50
2012.08.23 19:20:33.738,0.98611,0.98623,2.25,1.50
2012.08.23 19:20:34.360,0.98609,0.98622,1.73,1.50
2012.08.23 19:20:34.498,0.98607,0.98622,3.96,1.50
2012.08.23 19:20:35.129,0.98607,0.9862,2.10,1.50
2012.08.23 19:20:35.199,0.98606,0.9862,1.73,1.50
2012.08.23 19:20:40.950,0.98605,0.98617,1.73,1.50
2012.08.23 19:20:41.089,0.98603,0.98617,2.48,1.50
2012.08.23 19:20:42.150,0.98602,0.98615,1.73,1.50
2012.08.23 19:20:42.218,0.98601,0.98614,3.23,1.50
2012.08.23 19:20:42.787,0.98601,0.98615,3.23,3.00
2012.08.23 19:20:45.391,0.986,0.98613,1.73,1.50
2012.08.23 19:20:45.810,0.98598,0.98612,2.48,1.50
2012.08.23 19:20:54.799,0.98597,0.98612,2.10,1.59
2012.08.23 19:20:54.870,0.98595,0.98611,3.23,1.06
2012.08.23 19:20:55.199,0.98593,0.98609,4.71,1.73
2012.08.23 19:20:55.269,0.98593,0.98604,3.21,1.50
2012.08.23 19:20:58.569,0.98589,0.986,3.36,1.73
2012.08.23 19:20:58.655,0.98584,0.98599,1.50,6.98
2012.08.23 19:20:58.728,0.98582,0.98597,3.60,2.25
2012.08.23 19:21:10.931,0.98582,0.98596,2.48,1.13
2012.08.23 19:21:11.448,0.98583,0.98596,1.50,1.13
2012.08.23 19:21:11.958,0.98583,0.98596,1.73,1.13
2012.08.23 19:21:12.947,0.98583,0.98598,1.73,1.50
2012.08.23 19:21:13.651,0.98583,0.98599,2.48,1.50
2012.08.23 19:21:14.368,0.98583,0.98597,2.48,1.50
2012.08.23 19:21:14.889,0.98582,0.98597,2.48,3.00
2012.08.23 19:21:17.573,0.98582,0.98597,2.48,1.50
2012.08.23 19:21:18.242,0.98582,0.98597,2.48,1.50
2012.08.23 19:21:28.416,0.98582,0.98597,2.48,1.50
2012.08.23 19:21:28.620,0.9858,0.98594,1.35,1.50
2012.08.23 19:21:28.749,0.98579,0.98594,1.35,1.50
2012.08.23 19:21:29.060,0.9858,0.98597,1.35,2.48
2012.08.23 19:21:29.633,0.9858,0.98597,1.35,2.25
2012.08.23 19:21:29.971,0.98578,0.98595,3.60,1.50
2012.08.23 19:21:30.642,0.98578,0.98594,2.10,2.25
2012.08.23 19:21:32.089,0.98578,0.98593,2.10,1.50
2012.08.23 19:21:32.690,0.98578,0.98595,2.10,2.25
2012.08.23 19:21:33.208,0.98576,0.98593,2.10,1.50
2012.08.23 19:21:33.767,0.98576,0.98593,1.35,1.50
2012.08.23 19:21:34.362,0.98575,0.98592,3.23,1.13
2012.08.23 19:21:35.481,0.98574,0.98591,4.73,1.21
2012.08.23 19:21:35.624,0.98572,0.98589,2.09,1.06
2012.08.23 19:21:38.018,0.98573,0.98588,2.25,2.25
2012.08.23 19:21:38.579,0.98575,0.9859,1.73,7.50
2012.08.23 19:21:38.708,0.98575,0.9859,1.73,3.75
2012.08.23 19:21:40.419,0.98573,0.98588,2.25,1.50
2012.08.23 19:21:40.929,0.98574,0.98589,2.48,1.88
2012.08.23 19:21:42.058,0.98574,0.98589,2.48,1.50
2012.08.23 19:21:43.871,0.98574,0.9859,2.25,1.50
2012.08.23 19:21:45.166,0.98574,0.9859,3.23,1.50
2012.08.23 19:21:45.818,0.98574,0.98591,2.85,4.50
2012.08.23 19:21:46.405,0.98574,0.98591,2.85,3.75
2012.08.23 19:21:47.268,0.98574,0.98588,1.35,1.50
2012.08.23 19:21:47.777,0.98572,0.98588,1.35,1.50
2012.08.23 19:21:48.359,0.98576,0.9859,1.50,1.50
2012.08.23 19:21:48.892,0.98576,0.98591,1.50,2.48
2012.08.23 19:21:50.849,0.98574,0.9859,1.73,1.88
2012.08.23 19:21:50.989,0.98573,0.98587,1.50,2.25
2012.08.23 19:21:51.877,0.98573,0.98587,2.25,1.50
2012.08.23 19:21:56.358,0.98572,0.98588,3.23,1.50
2012.08.23 19:21:56.429,0.98572,0.98588,3.23,1.50
2012.08.23 19:21:58.379,0.98576,0.9859,1.13,1.50
2012.08.23 19:21:58.449,0.98577,0.98591,1.88,1.73
2012.08.23 19:21:58.697,0.98578,0.98594,1.73,2.25
2012.08.23 19:21:59.360,0.98578,0.98593,1.73,1.50
2012.08.23 19:22:03.967,0.98576,0.98593,2.48,3.75
2012.08.23 19:22:04.581,0.98576,0.98593,1.73,3.75
2012.08.23 19:22:07.468,0.98575,0.98589,1.50,1.50
2012.08.23 19:22:08.017,0.98573,0.98588,2.48,1.50
2012.08.23 19:22:10.858,0.98573,0.98588,2.85,1.50
2012.08.23 19:22:11.488,0.98573,0.98588,2.85,2.25
2012.08.23 19:22:12.060,0.98574,0.98588,1.50,2.25
2012.08.23 19:22:12.746,0.98574,0.98588,1.50,2.25
2012.08.23 19:22:13.281,0.98573,0.98588,3.23,2.25
2012.08.23 19:22:13.926,0.98574,0.98588,1.50,2.25
2012.08.23 19:22:14.527,0.98573,0.98588,3.23,2.25
2012.08.23 19:22:15.318,0.98573,0.98588,2.48,3.00
2012.08.23 19:22:15.569,0.98571,0.98585,1.35,1.50
2012.08.23 19:22:16.093,0.98571,0.98586,3.60,3.00
2012.08.23 19:22:16.691,0.98572,0.98588,2.48,1.73
2012.08.23 19:22:19.556,0.98572,0.98589,2.48,6.98
2012.08.23 19:22:24.699,0.98572,0.98588,2.48,1.73
2012.08.23 19:22:25.886,0.98572,0.98589,2.48,2.25
2012.08.23 19:22:26.420,0.98572,0.98589,2.48,2.25
2012.08.23 19:22:33.112,0.98574,0.9859,2.48,1.88
2012.08.23 19:22:33.829,0.98574,0.9859,2.48,1.88
2012.08.23 19:22:34.559,0.98574,0.98589,2.48,1.50
2012.08.23 19:22:37.380,0.98577,0.98591,1.50,2.48
2012.08.23 19:22:37.698,0.98577,0.98592,3.98,1.50
2012.08.23 19:22:38.296,0.98576,0.98593,2.48,3.00
2012.08.23 19:22:40.051,0.98581,0.98593,1.50,1.50
2012.08.23 19:22:40.305,0.98581,0.98596,1.73,3.75
2012.08.23 19:22:40.499,0.98581,0.98596,1.73,3.75
2012.08.23 19:22:44.017,0.98579,0.98594,2.63,3.00
2012.08.23 19:22:44.567,0.98579,0.98594,2.25,3.00
2012.08.23 19:22:45.088,0.9858,0.98596,2.48,1.88
2012.08.23 19:22:45.882,0.98582,0.98596,1.50,1.50
2012.08.23 19:22:46.564,0.98581,0.98596,2.25,3.00
2012.08.23 19:22:52.201,0.98579,0.98594,2.85,3.00
2012.08.23 19:22:52.508,0.98576,0.98591,1.86,3.00
2012.08.23 19:22:55.658,0.98574,0.98591,2.85,3.00
2012.08.23 19:22:59.618,0.98575,0.9859,3.75,1.50
2012.08.23 19:23:00.818,0.98574,0.98587,1.73,1.50
2012.08.23 19:23:02.597,0.98573,0.98587,2.10,1.50
2012.08.23 19:23:02.928,0.98572,0.98586,1.71,2.25
2012.08.23 19:23:03.299,0.9857,0.98585,1.50,1.50
2012.08.23 19:23:03.429,0.98569,0.98585,3.60,1.50
2012.08.23 19:23:03.798,0.98569,0.98585,3.60,1.50
2012.08.23 19:23:04.328,0.9857,0.98585,1.73,1.50
2012.08.23 19:23:06.595,0.9857,0.98586,1.73,3.75
2012.08.23 19:23:07.136,0.9857,0.98585,1.73,1.50
2012.08.23 19:23:07.570,0.98574,0.98585,1.50,1.50
2012.08.23 19:23:07.698,0.98575,0.98587,1.50,1.52
2012.08.23 19:23:08.217,0.98574,0.98586,1.50,1.13
2012.08.23 19:23:08.292,0.98572,0.98586,1.50,1.88
2012.08.23 19:23:08.807,0.98572,0.98586,1.50,1.88
2012.08.23 19:23:09.178,0.98574,0.98586,1.50,1.50
2012.08.23 19:23:13.647,0.98574,0.98586,1.50,1.50
2012.08.23 19:23:13.777,0.98572,0.98586,1.50,1.50
2012.08.23 19:23:14.307,0.98572,0.98587,1.50,3.60
2012.08.23 19:23:14.856,0.98572,0.98586,1.50,1.50
2012.08.23 19:23:15.347,0.98574,0.98586,1.50,1.50
2012.08.23 19:23:16.399,0.98574,0.98587,1.50,1.50
2012.08.23 19:23:17.017,0.98572,0.98586,1.50,1.50
2012.08.23 19:23:17.570,0.98572,0.98586,1.50,2.48
2012.08.23 19:23:17.641,0.98569,0.98584,1.35,2.25
2012.08.23 19:23:18.300,0.9857,0.98585,2.10,3.23
2012.08.23 19:23:22.347,0.9857,0.98583,2.10,1.50
2012.08.23 19:23:31.276,0.9857,0.98584,2.85,1.73
2012.08.23 19:23:31.923,0.9857,0.98584,2.10,1.50
2012.08.23 19:23:32.996,0.9857,0.98585,2.10,3.23
2012.08.23 19:23:33.612,0.98571,0.98586,1.50,3.00
2012.08.23 19:23:35.207,0.98569,0.98584,2.33,1.50
2012.08.23 19:23:36.123,0.9857,0.98584,1.35,1.50
2012.08.23 19:23:36.250,0.98571,0.98587,1.88,2.12
2012.08.23 19:23:36.758,0.9857,0.98585,1.50,1.50
2012.08.23 19:23:37.794,0.9857,0.98585,1.50,2.25
2012.08.23 19:23:41.848,0.9857,0.98585,1.50,3.00
2012.08.23 19:23:42.159,0.98566,0.9858,2.10,1.50
2012.08.23 19:23:42.408,0.98566,0.98583,3.60,3.00
2012.08.23 19:23:43.787,0.98566,0.98583,3.60,3.00
2012.08.23 19:23:44.097,0.98566,0.98583,3.60,3.00
2012.08.23 19:23:45.957,0.98566,0.98583,2.85,2.25
2012.08.23 19:23:48.383,0.98566,0.9858,3.00,1.50
2012.08.23 19:23:48.725,0.98562,0.98575,2.10,1.50
2012.08.23 19:23:48.999,0.98562,0.98577,2.10,1.50
2012.08.23 19:23:49.508,0.98562,0.98578,2.10,1.50
2012.08.23 19:23:51.378,0.98561,0.98578,3.23,3.75
2012.08.23 19:23:52.341,0.98561,0.98578,3.23,3.00
2012.08.23 19:23:52.922,0.98561,0.98578,3.23,3.00
2012.08.23 19:23:55.070,0.98561,0.98578,3.98,2.63
2012.08.23 19:23:55.197,0.98561,0.98576,2.48,1.50
2012.08.23 19:23:55.327,0.98563,0.98578,2.25,2.63
2012.08.23 19:24:00.729,0.98563,0.98577,2.25,2.25
2012.08.23 19:24:01.177,0.98559,0.98573,2.48,1.50
2012.08.23 19:24:02.080,0.9856,0.98576,1.50,2.25
2012.08.23 19:24:02.742,0.9856,0.98576,1.50,2.25
2012.08.23 19:24:04.002,0.9856,0.98576,1.73,1.50
2012.08.23 19:24:04.743,0.98563,0.98577,2.25,1.13
2012.08.23 19:24:24.363,0.98563,0.98577,1.50,1.13
2012.08.23 19:24:24.882,0.98562,0.98577,1.50,2.85
2012.08.23 19:24:32.969,0.98562,0.98577,3.00,1.35
2012.08.23 19:24:33.840,0.98562,0.98577,3.00,3.45
2012.08.23 19:24:34.028,0.98561,0.98575,1.73,2.25
2012.08.23 19:24:34.158,0.98558,0.98575,3.59,2.25
2012.08.23 19:24:34.469,0.98558,0.9857,1.11,1.50
2012.08.23 19:24:34.539,0.98555,0.9857,3.59,1.50
2012.08.23 19:24:37.180,0.98555,0.9857,2.25,2.25
2012.08.23 19:24:37.727,0.98555,0.9857,2.25,3.00
2012.08.23 19:24:38.681,0.98555,0.9857,1.50,3.23
2012.08.23 19:24:39.750,0.98555,0.98568,1.50,1.50
2012.08.23 19:24:40.141,0.9856,0.98568,1.73,1.50
2012.08.23 19:24:40.330,0.9856,0.98572,1.73,1.50
2012.08.23 19:24:40.400,0.98562,0.98577,1.73,3.00
2012.08.23 19:24:41.741,0.98563,0.98577,1.73,1.50
2012.08.23 19:24:42.183,0.98567,0.98579,1.13,1.73
2012.08.23 19:24:42.259,0.98567,0.98581,2.63,1.15
2012.08.23 19:24:42.531,0.9857,0.98582,1.73,1.90
2012.08.23 19:24:42.659,0.98572,0.98585,1.50,2.65
2012.08.23 19:24:43.470,0.98572,0.98586,1.50,1.50
2012.08.23 19:24:43.936,0.9857,0.98585,1.50,1.50
2012.08.23 19:24:44.488,0.98571,0.98586,2.48,1.50
2012.08.23 19:24:55.316,0.98571,0.98586,2.48,1.50
2012.08.23 19:24:55.853,0.98573,0.98588,1.50,2.48
2012.08.23 19:24:56.189,0.98578,0.98589,2.48,1.15
2012.08.23 19:24:56.332,0.9858,0.98593,1.73,1.15
2012.08.23 19:24:56.402,0.98581,0.98593,1.73,1.15
2012.08.23 19:24:56.470,0.98581,0.98596,1.73,2.27
2012.08.23 19:24:57.201,0.98582,0.98597,1.73,3.75
2012.08.23 19:25:00.008,0.98583,0.98597,1.73,1.50
2012.08.23 19:25:02.110,0.98584,0.98599,1.50,1.50
2012.08.23 19:25:02.358,0.98584,0.98599,1.50,1.50
2012.08.23 19:25:04.610,0.98582,0.98597,5.48,1.50
2012.08.23 19:25:06.819,0.98581,0.98596,1.73,1.50
2012.08.23 19:25:08.872,0.98581,0.98596,1.73,3.00
2012.08.23 19:25:09.173,0.98577,0.98593,2.48,1.88
2012.08.23 19:25:09.677,0.98576,0.9859,1.50,1.50
2012.08.23 19:25:10.220,0.98576,0.98591,1.50,3.98
2012.08.23 19:25:10.409,0.98578,0.98591,1.50,2.48
2012.08.23 19:25:14.908,0.98576,0.98591,1.50,1.50
2012.08.23 19:25:15.417,0.98575,0.98591,1.50,2.48
2012.08.23 19:25:18.597,0.98578,0.98591,1.50,2.85
2012.08.23 19:25:29.187,0.98577,0.98591,1.50,1.50
2012.08.23 19:25:49.317,0.98576,0.98591,1.88,2.48
2012.08.23 19:25:49.863,0.98576,0.98591,3.38,3.23
2012.08.23 19:25:50.544,0.98576,0.98591,2.63,3.23
2012.08.23 19:25:51.202,0.98577,0.98591,1.50,1.73
2012.08.23 19:25:52.128,0.98576,0.98591,2.25,2.48
2012.08.23 19:25:52.458,0.98578,0.98591,1.50,2.25
2012.08.23 19:25:53.837,0.98576,0.98591,2.25,1.50
2012.08.23 19:25:55.768,0.98575,0.98588,1.73,1.50
2012.08.23 19:25:56.317,0.98575,0.9859,1.50,2.25
2012.08.23 19:25:56.458,0.98575,0.9859,1.50,1.50
2012.08.23 19:25:57.783,0.98575,0.98591,1.50,3.00
2012.08.23 19:25:58.297,0.98576,0.98591,1.50,3.23
2012.08.23 19:25:59.217,0.98578,0.98592,1.50,2.48
2012.08.23 19:26:00.308,0.98576,0.98591,1.50,1.73
2012.08.23 19:26:01.082,0.98577,0.98592,1.50,1.73
2012.08.23 19:26:01.636,0.98576,0.98591,1.50,1.73
2012.08.23 19:26:03.328,0.98576,0.98591,1.50,6.23
2012.08.23 19:26:03.638,0.98576,0.98591,1.50,2.63
2012.08.23 19:26:04.138,0.98578,0.98592,1.50,4.00
2012.08.23 19:26:05.097,0.98575,0.98592,3.00,4.35
2012.08.23 19:26:10.587,0.98577,0.98592,1.50,2.85
2012.08.23 19:26:11.418,0.98577,0.98591,1.50,1.13
2012.08.23 19:26:11.489,0.98575,0.98591,1.50,1.13
2012.08.23 19:26:11.945,0.98577,0.98591,1.50,1.13
2012.08.23 19:26:12.501,0.98577,0.98592,1.50,1.73
2012.08.23 19:26:12.829,0.9858,0.98594,1.50,1.50
2012.08.23 19:26:12.960,0.98578,0.98593,1.50,2.25
2012.08.23 19:26:14.058,0.98578,0.98593,1.73,2.25
2012.08.23 19:26:14.590,0.98578,0.98593,1.73,2.25
2012.08.23 19:26:15.252,0.98578,0.98593,1.73,1.50
2012.08.23 19:26:17.249,0.98578,0.98593,1.73,2.25
2012.08.23 19:26:17.769,0.98578,0.98593,1.73,1.50
2012.08.23 19:26:18.317,0.98578,0.98593,1.73,1.50
2012.08.23 19:26:21.959,0.98578,0.98593,1.50,2.25
2012.08.23 19:26:22.629,0.98578,0.98592,1.50,2.48
2012.08.23 19:26:23.151,0.98575,0.98592,2.25,3.98
2012.08.23 19:26:23.871,0.98575,0.98592,3.00,3.98
2012.08.23 19:26:24.178,0.98578,0.98592,1.50,2.48
2012.08.23 19:26:27.138,0.98575,0.9859,1.88,1.50
2012.08.23 19:26:27.679,0.98575,0.98592,3.38,3.98
2012.08.23 19:26:29.467,0.98575,0.9859,1.88,1.50
2012.08.23 19:26:30.658,0.98576,0.98591,2.25,2.25
2012.08.23 19:26:31.422,0.98577,0.98591,2.25,1.50
2012.08.23 19:26:31.503,0.9858,0.98594,1.50,1.13
2012.08.23 19:26:34.852,0.98578,0.98593,2.48,1.50
2012.08.23 19:26:38.579,0.98578,0.98593,2.48,6.00
2012.08.23 19:26:38.911,0.98573,0.98588,1.86,2.85
2012.08.23 19:26:39.099,0.98572,0.98587,1.73,3.00
2012.08.23 19:26:40.152,0.9857,0.98585,3.23,1.50
2012.08.23 19:26:40.609,0.9857,0.98583,1.73,1.50
2012.08.23 19:26:40.799,0.98572,0.98585,1.73,1.50
2012.08.23 19:26:41.402,0.98572,0.98587,1.73,2.63
2012.08.23 19:26:41.858,0.98576,0.98589,2.25,2.87
2012.08.23 19:26:42.180,0.98576,0.9859,2.25,1.50
2012.08.23 19:26:42.733,0.98576,0.98591,2.25,4.73
2012.08.23 19:26:42.797,0.98579,0.98591,1.50,3.23
2012.08.23 19:26:42.999,0.98579,0.98593,2.48,1.13
2012.08.23 19:26:43.190,0.98578,0.98593,3.23,2.63
2012.08.23 19:26:43.458,0.98579,0.98593,3.23,1.13
2012.08.23 19:26:44.068,0.98579,0.98596,2.48,3.77
2012.08.23 19:26:44.980,0.98579,0.98594,3.23,2.25
2012.08.23 19:26:45.489,0.98581,0.98596,1.73,2.63
2012.08.23 19:26:47.611,0.98579,0.98594,3.23,2.25
2012.08.23 19:26:47.741,0.98578,0.98593,2.48,2.25
2012.08.23 19:26:48.227,0.98578,0.98595,3.98,2.63
2012.08.23 19:26:51.802,0.98579,0.98593,1.73,1.50
2012.08.23 19:26:52.350,0.9858,0.98596,1.73,1.88
2012.08.23 19:26:52.419,0.9858,0.98596,1.73,1.88
2012.08.23 19:26:54.999,0.98577,0.98591,2.48,2.25
2012.08.23 19:26:57.670,0.98575,0.9859,1.73,2.25
2012.08.23 19:27:00.858,0.98575,0.9859,1.50,2.85
2012.08.23 19:27:01.048,0.98572,0.98586,1.50,1.50
2012.08.23 19:27:01.561,0.98572,0.98587,3.00,2.25
2012.08.23 19:27:01.880,0.98576,0.98589,1.50,3.00
2012.08.23 19:27:08.217,0.98576,0.98591,1.50,3.00
2012.08.23 19:27:08.852,0.98576,0.98591,1.73,3.00
2012.08.23 19:27:09.378,0.98578,0.98591,1.50,1.50
2012.08.23 19:27:10.202,0.98575,0.98589,1.73,1.50
2012.08.23 19:27:11.171,0.98575,0.98589,1.73,1.50
2012.08.23 19:27:11.521,0.98578,0.98593,1.73,2.63
2012.08.23 19:27:12.142,0.98577,0.98593,2.48,1.88
2012.08.23 19:27:13.600,0.98577,0.98593,2.48,1.13
2012.08.23 19:27:13.670,0.98581,0.98594,1.73,1.13
2012.08.23 19:27:14.158,0.98581,0.98595,2.48,1.90
2012.08.23 19:27:14.471,0.98578,0.98594,2.48,3.00
2012.08.23 19:27:14.600,0.98577,0.98594,3.23,3.00
2012.08.23 19:27:14.939,0.98577,0.98594,3.23,3.00
2012.08.23 19:27:15.250,0.98576,0.98592,2.48,2.25
2012.08.23 19:27:15.380,0.98576,0.98592,1.73,2.25
2012.08.23 19:27:16.311,0.98577,0.98592,1.95,2.25
2012.08.23 19:27:16.866,0.9858,0.98593,1.50,1.50
2012.08.23 19:27:17.429,0.9858,0.98594,1.50,1.73
2012.08.23 19:27:17.738,0.98582,0.98595,1.50,1.50
2012.08.23 19:27:18.448,0.98582,0.98596,1.50,1.50
2012.08.23 19:27:19.100,0.98578,0.98593,2.48,1.50
2012.08.23 19:27:20.637,0.98578,0.98593,1.73,2.25
2012.08.23 19:27:24.947,0.98578,0.98593,1.73,2.25
2012.08.23 19:27:28.667,0.98577,0.98594,3.98,2.63
2012.08.23 19:27:31.249,0.98577,0.98594,3.60,2.25
2012.08.23 19:27:31.751,0.98579,0.98592,1.35,1.50
2012.08.23 19:27:32.089,0.9858,0.98592,1.73,1.50
2012.08.23 19:27:32.159,0.98581,0.98596,2.48,1.15
2012.08.23 19:27:32.669,0.98581,0.98598,2.48,3.75
2012.08.23 19:27:33.236,0.98581,0.98598,3.23,3.00
2012.08.23 19:27:34.068,0.98583,0.986,2.48,4.00
2012.08.23 19:27:34.561,0.98584,0.986,1.13,3.23
2012.08.23 19:27:35.069,0.98584,0.98598,1.13,1.50
2012.08.23 19:27:36.788,0.98584,0.98598,1.13,2.25
2012.08.23 19:27:37.324,0.98584,0.98597,1.13,1.50
2012.08.23 19:27:37.868,0.98584,0.98597,1.13,1.50
2012.08.23 19:27:40.048,0.98583,0.98597,1.50,1.50
2012.08.23 19:27:40.121,0.98584,0.98599,2.25,3.00
2012.08.23 19:27:40.251,0.98584,0.98599,2.25,2.25
2012.08.23 19:27:40.571,0.98585,0.98599,1.50,2.25
2012.08.23 19:27:41.357,0.98585,0.98599,1.50,2.25
2012.08.23 19:27:44.608,0.98584,0.98599,3.00,2.25
2012.08.23 19:27:46.781,0.98584,0.98597,1.50,1.50
2012.08.23 19:27:51.606,0.98584,0.98597,1.13,1.50
2012.08.23 19:27:56.518,0.98582,0.98597,3.60,1.50
2012.08.23 19:27:56.987,0.98582,0.98597,3.60,1.50
2012.08.23 19:28:04.426,0.98584,0.986,1.50,3.23
2012.08.23 19:28:04.950,0.98584,0.98599,1.50,1.50
2012.08.23 19:28:17.089,0.98584,0.98598,1.13,1.73
2012.08.23 19:28:18.536,0.98584,0.98598,1.13,2.48
2012.08.23 19:28:31.338,0.98584,0.98598,2.48,2.25
2012.08.23 19:28:31.650,0.98587,0.98598,2.48,1.50
2012.08.23 19:28:31.720,0.98588,0.98603,2.48,1.88
2012.08.23 19:28:39.628,0.98589,0.98605,2.48,3.23
2012.08.23 19:28:39.830,0.98591,0.98607,2.48,1.88
2012.08.23 19:28:39.899,0.98592,0.98608,2.25,2.63
2012.08.23 19:28:39.969,0.98593,0.98608,2.48,1.13
2012.08.23 19:28:40.172,0.98593,0.9861,2.85,4.15
2012.08.23 19:28:46.487,0.98594,0.98609,1.73,1.50
2012.08.23 19:28:47.090,0.98594,0.98608,1.73,1.50
2012.08.23 19:28:47.752,0.98594,0.98608,1.73,1.50
2012.08.23 19:28:48.538,0.98594,0.98609,3.23,1.50
2012.08.23 19:28:49.700,0.98594,0.98609,3.23,1.50
2012.08.23 19:28:49.960,0.986,0.98614,2.48,1.90
2012.08.23 19:28:50.868,0.98598,0.98614,1.73,1.50
2012.08.23 19:28:51.398,0.986,0.98615,2.48,2.63
2012.08.23 19:29:01.308,0.986,0.98615,2.48,1.50
2012.08.23 19:29:01.859,0.98598,0.98614,1.35,1.50
2012.08.23 19:29:04.721,0.98597,0.98613,2.25,1.13
2012.08.23 19:29:04.791,0.98595,0.98612,4.19,1.50
2012.08.23 19:29:04.861,0.98595,0.98609,2.48,1.50
2012.08.23 19:29:05.379,0.98593,0.98608,1.73,1.50
2012.08.23 19:29:19.018,0.98595,0.9861,1.73,3.00
2012.08.23 19:29:20.003,0.98598,0.98612,1.50,1.13
2012.08.23 19:29:20.370,0.98598,0.98614,2.48,1.15
2012.08.23 19:29:20.968,0.986,0.98615,1.73,1.50
2012.08.23 19:29:27.915,0.986,0.98615,1.50,1.88
2012.08.23 19:29:29.959,0.98598,0.98614,1.73,2.25
2012.08.23 19:29:30.269,0.98598,0.98611,1.73,1.50
2012.08.23 19:29:30.399,0.98598,0.98613,3.23,1.50
2012.08.23 19:29:34.579,0.98598,0.98613,3.23,1.50
2012.08.23 19:29:34.649,0.98599,0.98616,2.48,4.13
2012.08.23 19:29:39.447,0.98598,0.98613,3.60,1.50
2012.08.23 19:29:43.648,0.98599,0.98615,1.73,1.88
2012.08.23 19:29:47.731,0.98599,0.98616,2.10,3.75
2012.08.23 19:29:48.469,0.98602,0.98616,1.50,3.00
2012.08.23 19:29:49.849,0.98599,0.98616,2.85,3.00
2012.08.23 19:29:50.201,0.98602,0.98616,1.50,1.50
2012.08.23 19:29:50.636,0.98606,0.9862,1.13,1.15
2012.08.23 19:29:50.950,0.98606,0.98622,1.35,3.00
2012.08.23 19:29:51.478,0.98606,0.98622,1.35,2.25
2012.08.23 19:29:51.729,0.98606,0.98622,1.35,2.25
2012.08.23 19:29:52.251,0.98605,0.98622,2.48,3.00
2012.08.23 19:29:52.439,0.98604,0.98617,2.85,1.50
2012.08.23 19:29:52.511,0.98604,0.98617,1.35,1.50
2012.08.23 19:29:52.818,0.98604,0.98619,2.85,1.50
2012.08.23 19:29:56.391,0.98606,0.98621,2.63,1.50
2012.08.23 19:29:56.698,0.98609,0.98623,1.73,3.40
2012.08.23 19:29:57.208,0.98609,0.98622,1.73,1.50
2012.08.23 19:29:58.895,0.98606,0.98622,2.10,2.25
2012.08.23 19:29:59.170,0.98605,0.98617,2.48,1.50
2012.08.23 19:30:00.262,0.98602,0.98617,2.48,2.25
2012.08.23 19:30:00.461,0.98601,0.98615,2.84,1.50
2012.08.23 19:30:04.390,0.98601,0.98615,2.48,2.25
2012.08.23 19:30:04.463,0.986,0.98614,3.23,1.50
2012.08.23 19:30:04.651,0.98598,0.98611,1.50,1.50
2012.08.23 19:30:04.960,0.98595,0.98609,1.35,1.50
2012.08.23 19:30:05.292,0.98594,0.98607,1.50,1.50
2012.08.23 19:30:05.622,0.98592,0.98604,1.86,1.50
2012.08.23 19:30:05.976,0.9859,0.98604,1.73,3.00
2012.08.23 19:30:06.080,0.9859,0.98604,1.50,4.50
2012.08.23 19:30:07.496,0.98588,0.98599,1.73,1.50
2012.08.23 19:30:07.934,0.98587,0.98601,2.48,1.50
2012.08.23 19:30:10.756,0.98586,0.98599,1.73,3.00
2012.08.23 19:30:10.847,0.98583,0.98597,3.59,1.50
2012.08.23 19:30:11.134,0.98583,0.98598,2.48,1.50
2012.08.23 19:30:11.689,0.98585,0.986,2.48,1.50
2012.08.23 19:30:14.168,0.98585,0.986,2.48,1.50
2012.08.23 19:30:14.751,0.98584,0.98599,1.73,1.50
2012.08.23 19:30:15.521,0.98584,0.98599,1.73,1.50
2012.08.23 19:30:16.090,0.98584,0.98598,1.73,1.50
2012.08.23 19:30:18.770,0.98585,0.98596,1.73,1.50
2012.08.23 19:30:19.051,0.98582,0.98595,1.11,1.50
2012.08.23 19:30:19.241,0.98579,0.98595,1.73,1.50
2012.08.23 19:30:19.499,0.98581,0.98597,1.35,1.50
2012.08.23 19:30:20.063,0.98581,0.98597,2.10,1.50
2012.08.23 19:30:20.890,0.98581,0.98597,2.10,1.50
2012.08.23 19:30:23.169,0.98582,0.98597,1.73,1.50
2012.08.23 19:30:25.420,0.98582,0.98597,2.48,1.50
2012.08.23 19:30:25.610,0.98583,0.98598,2.25,1.73
2012.08.23 19:30:26.171,0.98586,0.98601,1.35,1.50
2012.08.23 19:30:26.239,0.98586,0.98601,1.35,1.50
2012.08.23 19:30:26.557,0.98586,0.98603,3.60,2.25
2012.08.23 19:30:27.033,0.98589,0.98601,1.35,1.50
2012.08.23 19:30:27.242,0.98589,0.986,1.13,1.50
2012.08.23 19:30:27.845,0.98587,0.986,1.73,1.50
2012.08.23 19:30:28.422,0.98586,0.98599,1.73,1.50
2012.08.23 19:30:30.909,0.98584,0.98599,2.48,1.50
2012.08.23 19:30:35.560,0.98586,0.98599,1.73,1.50
2012.08.23 19:30:35.971,0.9859,0.98601,2.10,1.50
2012.08.23 19:30:36.046,0.9859,0.98604,2.10,1.50
2012.08.23 19:30:39.419,0.9859,0.98607,3.23,4.13
2012.08.23 19:30:39.489,0.9859,0.98605,1.73,1.50
2012.08.23 19:30:39.619,0.9859,0.98605,1.73,2.25
2012.08.23 19:30:40.269,0.9859,0.98605,1.73,1.50
2012.08.23 19:30:42.894,0.98591,0.98606,2.48,1.50
2012.08.23 19:30:43.213,0.98593,0.98607,2.25,1.50
2012.08.23 19:30:43.971,0.98591,0.98606,2.48,1.50
2012.08.23 19:30:44.480,0.98591,0.98606,2.48,1.88
2012.08.23 19:30:44.797,0.9859,0.98602,1.73,1.50
2012.08.23 19:30:45.146,0.9859,0.98605,1.73,3.00
2012.08.23 19:30:45.390,0.9859,0.98605,1.73,1.50
2012.08.23 19:30:48.021,0.98589,0.98602,1.73,1.50
2012.08.23 19:30:48.668,0.98589,0.98602,1.73,1.50
2012.08.23 19:30:49.203,0.98589,0.98602,1.73,3.00
2012.08.23 19:30:49.720,0.98587,0.986,1.73,1.88
2012.08.23 19:30:50.305,0.98587,0.986,1.50,2.10
2012.08.23 19:30:50.573,0.98583,0.98599,3.23,2.10
2012.08.23 19:30:50.840,0.98583,0.98597,1.73,1.50
2012.08.23 19:30:51.592,0.98583,0.98597,1.73,1.50
2012.08.23 19:30:54.411,0.98582,0.98597,2.48,1.50
2012.08.23 19:30:55.429,0.98582,0.98596,1.73,1.50
2012.08.23 19:30:55.990,0.98582,0.98595,1.73,1.50
2012.08.23 19:31:12.079,0.98583,0.98598,2.48,3.75
2012.08.23 19:31:12.150,0.98583,0.98598,2.48,3.00
2012.08.23 19:31:12.461,0.98581,0.98596,3.60,1.50
2012.08.23 19:31:15.022,0.98581,0.98596,3.23,1.50
2012.08.23 19:31:15.152,0.98582,0.98599,2.48,2.63
2012.08.23 19:31:15.929,0.98585,0.98599,1.50,1.50
2012.08.23 19:31:19.301,0.98588,0.98599,5.25,1.50
2012.08.23 19:31:19.501,0.98589,0.98602,1.73,1.50
2012.08.23 19:31:19.750,0.9859,0.98605,2.48,2.63
2012.08.23 19:31:21.403,0.98588,0.98604,2.48,1.50
2012.08.23 19:31:22.860,0.98588,0.98604,2.48,1.50
2012.08.23 19:31:22.992,0.98588,0.98602,1.73,1.50
2012.08.23 19:31:23.299,0.98587,0.98599,2.48,1.50
2012.08.23 19:31:23.368,0.98587,0.98599,2.48,1.50
2012.08.23 19:31:30.081,0.98587,0.98602,1.73,3.75
2012.08.23 19:31:30.328,0.98587,0.98602,1.73,1.50
2012.08.23 19:31:30.868,0.98588,0.98603,2.48,3.00
2012.08.23 19:31:37.980,0.98588,0.98603,2.48,1.50
2012.08.23 19:31:38.426,0.9859,0.98605,2.48,1.50
2012.08.23 19:31:38.979,0.98591,0.98605,1.35,1.50
2012.08.23 19:31:39.170,0.98592,0.98607,2.48,1.50
2012.08.23 19:31:41.082,0.98592,0.98607,2.48,3.00
2012.08.23 19:31:41.631,0.98591,0.98606,2.10,1.50
2012.08.23 19:31:54.839,0.98591,0.98604,2.48,1.50
2012.08.23 19:31:55.506,0.9859,0.98604,2.48,1.50
2012.08.23 19:31:55.583,0.9859,0.98606,2.48,3.00
2012.08.23 19:31:56.391,0.9859,0.98606,2.48,3.00
2012.08.23 19:31:56.769,0.9859,0.98603,1.73,1.50
2012.08.23 19:32:14.180,0.9859,0.98605,2.48,3.00
2012.08.23 19:32:14.249,0.9859,0.98605,2.48,1.50
2012.08.23 19:32:14.790,0.9859,0.98605,2.48,1.50
2012.08.23 19:32:15.301,0.98589,0.98604,1.73,1.50
2012.08.23 19:32:15.429,0.98589,0.98604,1.73,1.50
2012.08.23 19:32:21.290,0.98588,0.98604,2.48,1.88
2012.08.23 19:32:21.431,0.98587,0.986,1.73,1.50
2012.08.23 19:32:21.506,0.98587,0.986,1.50,1.50
2012.08.23 19:32:21.580,0.98587,0.986,1.73,1.50
2012.08.23 19:32:21.651,0.98587,0.98602,1.73,1.50
2012.08.23 19:32:37.640,0.98587,0.98598,1.73,1.50
2012.08.23 19:32:37.771,0.98585,0.98596,2.48,1.50
2012.08.23 19:32:37.972,0.98585,0.98598,1.73,1.50
2012.08.23 19:32:40.239,0.98586,0.98596,1.73,1.50
2012.08.23 19:32:40.761,0.98584,0.98595,1.50,2.25
2012.08.23 19:32:41.409,0.98584,0.98592,1.50,1.50
2012.08.23 19:32:41.717,0.98584,0.98595,1.50,1.50
2012.08.23 19:32:42.030,0.98581,0.98595,1.73,1.50
2012.08.23 19:32:43.011,0.98578,0.98593,2.85,1.50
2012.08.23 19:32:43.592,0.98578,0.98593,2.48,2.25
2012.08.23 19:32:44.729,0.98578,0.98593,2.48,1.50
2012.08.23 19:32:45.742,0.98578,0.98593,2.48,1.50
2012.08.23 19:32:56.181,0.98579,0.98593,1.73,1.50
2012.08.23 19:32:56.249,0.98581,0.98596,2.48,1.50
2012.08.23 19:32:56.770,0.98579,0.98595,2.10,1.50
2012.08.23 19:32:57.373,0.98579,0.98595,1.73,1.88
2012.08.23 19:32:59.910,0.98579,0.98595,1.73,1.88
2012.08.23 19:33:00.428,0.98579,0.98595,2.84,2.25
2012.08.23 19:33:00.638,0.98579,0.98592,2.84,1.50
2012.08.23 19:33:02.630,0.98579,0.98593,1.73,1.50
2012.08.23 19:33:09.879,0.98579,0.98593,1.73,1.50
2012.08.23 19:33:10.211,0.98587,0.986,1.73,1.50
2012.08.23 19:33:10.282,0.98587,0.986,1.73,1.50
2012.08.23 19:33:10.609,0.98587,0.98602,2.48,2.25
2012.08.23 19:33:10.799,0.98587,0.98601,2.48,1.50
2012.08.23 19:33:11.350,0.98587,0.98601,2.48,1.50
2012.08.23 19:33:12.274,0.98587,0.986,1.73,1.50
2012.08.23 19:33:12.355,0.98587,0.986,1.73,1.50
2012.08.23 19:33:12.434,0.98586,0.98599,1.73,2.25
2012.08.23 19:33:12.639,0.98584,0.98597,1.86,1.50
2012.08.23 19:33:12.831,0.98584,0.98594,1.11,1.50
2012.08.23 19:33:13.020,0.98581,0.98594,1.73,1.50
2012.08.23 19:33:13.639,0.98581,0.98594,1.73,1.50
2012.08.23 19:33:13.769,0.98581,0.98597,1.73,1.88
2012.08.23 19:33:14.318,0.98581,0.98594,1.73,1.50
2012.08.23 19:33:30.350,0.98581,0.98596,4.73,1.50
2012.08.23 19:33:30.981,0.98582,0.98596,1.73,1.50
2012.08.23 19:34:00.648,0.98582,0.98595,2.48,1.50
2012.08.23 19:34:30.858,0.98582,0.98594,2.10,1.50
2012.08.23 19:34:30.930,0.98582,0.98594,1.73,1.50
2012.08.23 19:34:35.869,0.98578,0.98592,3.96,1.50
2012.08.23 19:34:35.939,0.98578,0.98592,3.96,1.50
2012.08.23 19:34:36.614,0.98578,0.98592,2.85,1.50
2012.08.23 19:34:41.902,0.98577,0.98591,1.73,1.50
2012.08.23 19:34:41.971,0.98576,0.98587,1.35,1.50
2012.08.23 19:34:42.099,0.98575,0.98587,1.71,1.50
2012.08.23 19:34:42.715,0.98575,0.98587,1.86,1.50
2012.08.23 19:34:44.499,0.98574,0.98587,1.73,1.50
2012.08.23 19:34:45.270,0.98573,0.98587,2.10,1.50
2012.08.23 19:34:45.951,0.9857,0.98586,2.10,1.50
2012.08.23 19:34:46.499,0.9857,0.98585,1.35,1.50
2012.08.23 19:34:46.871,0.9857,0.98583,1.35,1.50
2012.08.23 19:34:47.422,0.98569,0.98583,1.73,1.50
2012.08.23 19:34:48.400,0.98569,0.98582,1.73,1.50
2012.08.23 19:34:49.105,0.98568,0.9858,1.73,1.50
2012.08.23 19:34:49.454,0.98562,0.98576,1.34,3.00
2012.08.23 19:34:49.889,0.98559,0.98576,1.50,3.00
2012.08.23 19:34:50.100,0.98561,0.98576,1.50,3.00
2012.08.23 19:34:55.689,0.9856,0.98575,1.73,1.50
2012.08.23 19:35:00.402,0.98562,0.98575,1.73,1.50
2012.08.23 19:35:00.662,0.98567,0.98582,2.48,1.52
2012.08.23 19:35:01.218,0.98565,0.98582,3.23,1.88
2012.08.23 19:35:02.459,0.98565,0.98582,3.23,1.50
2012.08.23 19:35:02.994,0.98565,0.98582,3.23,1.50
2012.08.23 19:35:05.052,0.98565,0.98582,2.48,1.59
2012.08.23 19:35:05.251,0.98565,0.9858,1.50,1.73
2012.08.23 19:35:05.394,0.98564,0.98577,1.11,1.50
2012.08.23 19:35:05.722,0.98562,0.98575,1.50,1.50
2012.08.23 19:35:14.480,0.98561,0.98578,3.98,2.25
2012.08.23 19:35:14.548,0.98561,0.98578,3.98,2.25
2012.08.23 19:35:23.829,0.98561,0.98575,2.48,1.50
2012.08.23 19:35:24.929,0.98561,0.98575,2.48,1.50
2012.08.23 19:35:34.348,0.98561,0.98578,3.98,1.88
2012.08.23 19:35:36.721,0.98561,0.98578,3.98,1.50
2012.08.23 19:35:37.288,0.98561,0.98576,2.48,1.50
2012.08.23 19:35:40.237,0.98561,0.98578,3.98,1.50
2012.08.23 19:35:42.679,0.98561,0.98578,2.48,2.85
2012.08.23 19:35:42.809,0.9856,0.98576,2.48,1.50
2012.08.23 19:35:47.790,0.98561,0.98576,1.73,1.50
2012.08.23 19:35:48.671,0.9856,0.98576,2.48,1.50
2012.08.23 19:35:48.939,0.98561,0.98578,2.48,2.85
2012.08.23 19:35:51.319,0.9856,0.98575,3.98,1.50
2012.08.23 19:35:54.063,0.9856,0.98575,2.48,1.59
2012.08.23 19:35:54.402,0.98554,0.98568,2.84,1.50
2012.08.23 19:35:54.910,0.98554,0.98568,1.73,1.50
2012.08.23 19:35:55.445,0.98553,0.98568,2.48,1.50
2012.08.23 19:35:56.040,0.98551,0.98568,4.35,1.50
2012.08.23 19:36:00.127,0.98552,0.98568,1.73,2.25
2012.08.23 19:36:00.743,0.98552,0.98568,1.73,2.25
2012.08.23 19:36:06.090,0.98552,0.98566,1.73,2.25
2012.08.23 19:36:08.698,0.98552,0.98568,1.73,2.25
2012.08.23 19:36:11.159,0.98551,0.98565,1.73,1.50
2012.08.23 19:36:11.563,0.9855,0.98564,1.50,1.35
2012.08.23 19:36:11.821,0.98546,0.9856,1.50,1.50
2012.08.23 19:36:11.952,0.98546,0.9856,1.50,1.50
2012.08.23 19:36:12.513,0.98546,0.98561,3.00,1.50
2012.08.23 19:36:14.082,0.98546,0.98561,2.25,1.50
2012.08.23 19:36:14.909,0.98547,0.98563,1.50,3.23
2012.08.23 19:36:15.099,0.98547,0.98563,1.73,1.50
2012.08.23 19:36:15.659,0.98546,0.98561,3.23,1.50
2012.08.23 19:36:17.373,0.98546,0.98559,1.73,1.50
2012.08.23 19:36:21.590,0.98544,0.98559,3.98,1.50
2012.08.23 19:36:22.110,0.98546,0.98561,1.50,2.25
2012.08.23 19:36:22.619,0.98544,0.98559,3.98,1.50
2012.08.23 19:36:27.784,0.98553,0.98563,1.50,1.15
2012.08.23 19:36:27.921,0.98553,0.98564,1.50,1.52
2012.08.23 19:36:28.300,0.98553,0.98568,1.50,3.98
2012.08.23 19:36:30.401,0.98553,0.98568,1.73,3.75
2012.08.23 19:36:30.950,0.98554,0.98568,2.48,1.50
2012.08.23 19:36:33.278,0.98554,0.98566,2.48,2.25
2012.08.23 19:36:33.841,0.98554,0.98566,2.48,2.25
2012.08.23 19:36:34.424,0.98557,0.98566,1.50,1.50
2012.08.23 19:36:36.370,0.98557,0.98567,1.50,1.50
2012.08.23 19:36:36.678,0.98559,0.98567,1.50,1.50
2012.08.23 19:36:36.918,0.98556,0.98567,2.48,1.50
2012.08.23 19:36:37.201,0.98556,0.98567,2.48,1.50
2012.08.23 19:36:37.330,0.98557,0.98572,2.48,1.50
2012.08.23 19:36:37.771,0.9856,0.98572,1.73,1.50
2012.08.23 19:36:37.840,0.9856,0.98575,1.73,4.90
2012.08.23 19:36:47.773,0.98561,0.98575,1.73,3.00
2012.08.23 19:36:47.921,0.98564,0.98579,1.73,1.13
2012.08.23 19:36:47.990,0.98563,0.98579,2.25,1.13
2012.08.23 19:36:48.062,0.98562,0.98577,2.48,1.50
2012.08.23 19:36:53.521,0.98564,0.98579,1.50,2.63
2012.08.23 19:36:54.079,0.98564,0.98579,2.48,2.63
2012.08.23 19:36:54.618,0.98566,0.98581,1.50,2.25
2012.08.23 19:37:00.480,0.98566,0.98581,2.25,2.25
2012.08.23 19:37:00.552,0.98567,0.98581,1.50,1.50
2012.08.23 19:37:00.620,0.98567,0.98581,1.73,1.50
2012.08.23 19:37:00.940,0.9857,0.98583,1.73,1.50
2012.08.23 19:37:04.921,0.9857,0.98582,1.73,1.13
2012.08.23 19:37:05.112,0.98566,0.98581,3.23,2.25
2012.08.23 19:37:05.640,0.98566,0.98581,2.48,3.38
2012.08.23 19:37:07.451,0.98566,0.98581,2.25,3.98
2012.08.23 19:37:07.712,0.98568,0.98581,2.48,1.50
2012.08.23 19:37:08.031,0.9857,0.98584,2.48,2.65
2012.08.23 19:37:08.102,0.9857,0.98584,2.48,1.90
2012.08.23 19:37:08.172,0.9857,0.98584,2.48,2.65
2012.08.23 19:37:08.313,0.98567,0.98582,3.23,1.13
2012.08.23 19:37:08.621,0.98567,0.98582,3.23,1.13
2012.08.23 19:37:08.750,0.98567,0.98579,1.73,1.50
2012.08.23 19:37:08.879,0.98568,0.98582,1.73,1.13
2012.08.23 19:37:09.347,0.98568,0.98582,2.48,1.13
2012.08.23 19:37:10.049,0.98568,0.98583,2.48,3.75
2012.08.23 19:37:10.601,0.98572,0.98583,1.50,1.50
2012.08.23 19:37:10.850,0.98572,0.98585,2.25,1.50
2012.08.23 19:37:12.950,0.9857,0.98584,3.23,1.50
2012.08.23 19:37:16.369,0.9857,0.98584,2.48,1.88
2012.08.23 19:37:18.840,0.98568,0.98583,3.98,3.00
2012.08.23 19:37:19.149,0.98568,0.98583,3.98,3.00
2012.08.23 19:37:19.340,0.98568,0.98583,3.98,3.00
2012.08.23 19:37:31.849,0.9857,0.98583,1.73,1.50
2012.08.23 19:37:31.921,0.98571,0.98583,1.50,1.50
2012.08.23 19:37:32.054,0.98574,0.98586,2.25,1.90
2012.08.23 19:37:32.262,0.98575,0.98587,2.25,2.65
2012.08.23 19:37:32.782,0.98575,0.98591,3.38,2.25
2012.08.23 19:37:34.465,0.98576,0.98591,1.73,2.25
2012.08.23 19:37:38.199,0.98577,0.98591,1.73,1.88
2012.08.23 19:37:38.391,0.98575,0.98592,3.23,3.38
2012.08.23 19:37:38.466,0.98575,0.98589,1.73,1.50
2012.08.23 19:37:55.189,0.98574,0.98587,1.73,1.50
2012.08.23 19:37:59.132,0.98573,0.98589,1.73,1.88
2012.08.23 19:37:59.272,0.98572,0.98586,1.73,2.25
2012.08.23 19:37:59.411,0.9857,0.98583,1.73,1.50
2012.08.23 19:38:00.372,0.98568,0.98585,4.35,3.00
2012.08.23 19:38:00.690,0.98568,0.9858,2.85,1.50
2012.08.23 19:38:01.237,0.98568,0.98582,2.85,1.50
2012.08.23 19:38:05.420,0.98566,0.98581,4.73,1.50
2012.08.23 19:38:05.563,0.98566,0.9858,1.73,2.25
2012.08.23 19:38:05.632,0.98566,0.98579,1.73,1.35
2012.08.23 19:38:05.702,0.98566,0.98578,1.50,1.50
2012.08.23 19:38:05.842,0.98566,0.98576,1.50,1.50
2012.08.23 19:38:05.970,0.98562,0.98575,1.35,1.50
2012.08.23 19:38:06.530,0.98561,0.98574,1.73,1.50
2012.08.23 19:38:07.314,0.98561,0.98574,1.73,2.25
2012.08.23 19:38:08.698,0.98561,0.98575,1.73,3.00
2012.08.23 19:38:09.889,0.98561,0.98574,1.73,2.25
2012.08.23 19:38:10.591,0.98558,0.98574,2.48,2.25
2012.08.23 19:38:10.851,0.9856,0.98572,2.48,1.50
2012.08.23 19:38:11.499,0.98558,0.98572,3.98,1.50
2012.08.23 19:38:12.339,0.98558,0.98573,3.98,3.00
2012.08.23 19:38:15.472,0.98561,0.98573,2.48,1.50
2012.08.23 19:38:16.390,0.98561,0.98574,2.48,1.50
2012.08.23 19:38:45.339,0.9856,0.98575,3.98,3.75
2012.08.23 19:38:45.410,0.9856,0.98573,1.73,2.25
2012.08.23 19:38:47.400,0.98558,0.98572,2.48,2.25
2012.08.23 19:38:47.663,0.98557,0.98568,2.85,1.50
2012.08.23 19:38:49.152,0.9856,0.98572,1.50,2.25
2012.08.23 19:38:49.221,0.9856,0.98572,1.50,2.25
2012.08.23 19:38:51.922,0.9856,0.98574,1.50,2.25
2012.08.23 19:38:52.471,0.98561,0.98574,2.25,1.50
2012.08.23 19:38:53.032,0.98562,0.98574,1.13,1.50
2012.08.23 19:38:53.101,0.98562,0.98576,1.13,1.50
2012.08.23 19:38:55.820,0.98565,0.98577,1.50,1.50
2012.08.23 19:38:56.130,0.98563,0.98577,2.48,1.50
2012.08.23 19:39:03.601,0.98562,0.98574,2.48,1.50
2012.08.23 19:39:19.631,0.98562,0.98577,3.98,1.50
2012.08.23 19:39:19.760,0.98562,0.98577,3.98,1.50
2012.08.23 19:39:19.894,0.98565,0.98579,2.48,1.50
2012.08.23 19:39:20.279,0.98565,0.98581,2.48,1.50
2012.08.23 19:39:20.852,0.98565,0.98582,2.48,3.38
2012.08.23 19:39:30.659,0.98565,0.98581,1.73,1.88
2012.08.23 19:39:30.861,0.98563,0.98577,1.73,1.50
2012.08.23 19:39:31.121,0.98564,0.98579,1.50,1.50
2012.08.23 19:39:47.890,0.98564,0.98579,1.73,1.50
2012.08.23 19:39:48.436,0.98566,0.98581,1.50,3.77
2012.08.23 19:39:51.749,0.98563,0.9858,3.60,3.23
2012.08.23 19:39:53.560,0.98568,0.9858,1.50,2.10
2012.08.23 19:39:53.879,0.98568,0.98584,2.48,2.25
2012.08.23 19:39:54.009,0.98569,0.98585,1.73,3.00
2012.08.23 19:39:54.871,0.98568,0.98585,3.23,3.00
2012.08.23 19:39:55.062,0.98568,0.98584,1.73,1.59
2012.08.23 19:39:55.132,0.98568,0.9858,1.50,1.50
2012.08.23 19:39:55.273,0.98566,0.9858,3.98,1.88
2012.08.23 19:39:55.344,0.98567,0.9858,1.50,3.00
2012.08.23 19:39:55.470,0.98567,0.9858,2.25,1.50
2012.08.23 19:39:55.601,0.98566,0.98578,1.73,2.25
2012.08.23 19:39:55.671,0.98563,0.98575,3.60,1.50
2012.08.23 19:39:56.963,0.98562,0.98575,2.48,1.50
2012.08.23 19:39:58.082,0.98562,0.98575,1.50,2.48
2012.08.23 19:39:58.223,0.98558,0.98574,3.98,1.73
2012.08.23 19:39:58.610,0.98557,0.98571,1.50,1.50
2012.08.23 19:40:21.948,0.98557,0.98571,2.25,1.13
2012.08.23 19:40:23.341,0.98557,0.98572,3.98,3.00
2012.08.23 19:40:23.954,0.98558,0.98572,2.48,1.50
2012.08.23 19:40:26.840,0.98557,0.9857,2.48,1.50
2012.08.23 19:40:29.349,0.98557,0.9857,1.73,1.50
2012.08.23 19:40:29.482,0.98557,0.9857,1.73,1.50
2012.08.23 19:40:30.320,0.98555,0.98568,2.48,1.13
2012.08.23 19:40:38.579,0.98555,0.9857,2.48,3.00
2012.08.23 19:40:38.650,0.98556,0.98571,1.73,2.65
2012.08.23 19:40:39.300,0.98556,0.98571,1.50,1.50
2012.08.23 19:40:39.984,0.98556,0.9857,1.50,1.50
2012.08.23 19:40:42.290,0.98556,0.9857,1.73,1.50
2012.08.23 19:40:42.361,0.98556,0.98571,2.48,2.25
2012.08.23 19:40:42.971,0.98559,0.98571,2.25,2.25
2012.08.23 19:40:44.502,0.98559,0.98571,2.25,1.88
2012.08.23 19:40:50.824,0.98559,0.98572,2.25,1.13
2012.08.23 19:40:51.153,0.9856,0.98576,2.48,1.90
2012.08.23 19:40:51.410,0.98562,0.98577,2.25,2.63
2012.08.23 19:41:03.878,0.98563,0.98578,2.25,3.23
2012.08.23 19:41:05.359,0.98563,0.98578,2.25,3.23
2012.08.23 19:41:05.889,0.98563,0.98578,1.50,3.98
2012.08.23 19:41:08.402,0.98563,0.98578,1.50,4.35
2012.08.23 19:41:09.249,0.98563,0.98578,1.73,2.63
2012.08.23 19:41:09.915,0.98563,0.98578,1.73,3.00
2012.08.23 19:41:16.818,0.98563,0.98578,1.73,2.25
2012.08.23 19:41:17.214,0.98563,0.98576,1.73,1.50
2012.08.23 19:41:17.520,0.98565,0.98579,2.25,1.50
2012.08.23 19:41:17.591,0.98565,0.98579,2.25,1.50
2012.08.23 19:41:18.182,0.98567,0.9858,1.73,2.25
2012.08.23 19:41:19.869,0.98565,0.98578,2.48,1.13
2012.08.23 19:41:19.940,0.98565,0.98578,1.50,1.88
2012.08.23 19:41:20.190,0.98562,0.98577,3.23,1.13
2012.08.23 19:41:20.691,0.98562,0.98577,3.23,1.13
2012.08.23 19:41:22.060,0.98562,0.98579,3.23,3.23
2012.08.23 19:41:22.859,0.98562,0.98577,2.48,1.50
2012.08.23 19:41:22.931,0.98562,0.98577,2.48,1.50
2012.08.23 19:41:23.603,0.98565,0.98579,2.48,1.50
2012.08.23 19:41:24.540,0.98565,0.98577,2.48,1.50
2012.08.23 19:41:28.960,0.98563,0.98577,2.48,1.13
2012.08.23 19:41:29.850,0.98568,0.98579,1.73,1.50
2012.08.23 19:41:29.920,0.98568,0.9858,3.23,1.13
2012.08.23 19:41:30.293,0.9857,0.98584,1.73,2.25
2012.08.23 19:41:30.421,0.9857,0.98584,2.48,2.25
2012.08.23 19:41:31.142,0.98573,0.98584,2.25,2.25
2012.08.23 19:41:31.212,0.98569,0.98583,4.73,1.50
2012.08.23 19:41:31.929,0.9857,0.98582,3.23,1.13
2012.08.23 19:41:33.181,0.98571,0.98582,1.35,1.13
2012.08.23 19:41:33.647,0.98573,0.98585,1.73,1.13
2012.08.23 19:41:34.842,0.98571,0.98583,2.48,1.50
2012.08.23 19:41:34.983,0.98567,0.98581,1.73,3.00
2012.08.23 19:41:35.051,0.98566,0.9858,1.11,1.50
2012.08.23 19:41:35.121,0.98564,0.98575,1.86,1.88
2012.08.23 19:41:35.669,0.98561,0.98575,1.50,1.13
2012.08.23 19:41:37.511,0.98562,0.98575,3.23,1.13
2012.08.23 19:41:38.032,0.98562,0.98577,3.23,1.13
2012.08.23 19:41:41.859,0.98562,0.98578,3.23,2.25
2012.08.23 19:41:45.689,0.98562,0.98577,1.50,3.00
2012.08.23 19:41:46.447,0.98562,0.98577,1.50,3.00
2012.08.23 19:41:46.527,0.98558,0.98571,2.09,1.50
2012.08.23 19:41:46.603,0.98558,0.98571,2.09,1.50
2012.08.23 19:41:46.741,0.98554,0.98569,3.23,1.13
2012.08.23 19:41:47.761,0.98555,0.98569,2.48,1.13
2012.08.23 19:41:51.964,0.98555,0.98569,2.48,1.50
2012.08.23 19:41:55.399,0.98555,0.9857,3.23,3.38
2012.08.23 19:41:57.395,0.98561,0.98571,2.25,2.25
2012.08.23 19:41:57.900,0.98561,0.98573,2.48,1.50
2012.08.23 19:41:57.971,0.98561,0.98573,2.48,1.50
2012.08.23 19:41:58.479,0.98556,0.9857,4.34,1.50
2012.08.23 19:42:01.760,0.98556,0.9857,3.23,1.50
2012.08.23 19:42:01.892,0.98558,0.98572,2.25,1.13
2012.08.23 19:42:02.021,0.98558,0.98573,2.48,1.13
2012.08.23 19:42:02.339,0.98558,0.98571,2.48,1.50
2012.08.23 19:42:04.341,0.98558,0.98571,2.48,1.50
2012.08.23 19:42:04.903,0.98557,0.98571,2.25,1.50
2012.08.23 19:42:06.013,0.98555,0.9857,3.23,2.25
2012.08.23 19:42:06.600,0.98556,0.9857,1.73,2.25
2012.08.23 19:42:07.742,0.98556,0.9857,1.73,1.50
2012.08.23 19:42:08.335,0.98556,0.9857,1.73,1.50
2012.08.23 19:42:08.869,0.98557,0.98571,2.48,1.50
2012.08.23 19:42:14.749,0.98557,0.98571,2.48,2.25
2012.08.23 19:42:15.981,0.98557,0.98571,2.48,2.25
2012.08.23 19:42:21.460,0.98557,0.98571,1.50,1.50
2012.08.23 19:42:21.976,0.98555,0.9857,1.73,3.00
2012.08.23 19:42:24.576,0.98555,0.9857,1.73,3.38
2012.08.23 19:42:28.728,0.98555,0.9857,1.73,3.00
2012.08.23 19:42:33.490,0.98555,0.9857,1.73,3.75
2012.08.23 19:42:35.963,0.98555,0.9857,1.73,3.38
2012.08.23 19:42:36.822,0.98553,0.98569,3.00,2.48
2012.08.23 19:42:37.151,0.98551,0.98565,2.09,1.50
2012.08.23 19:42:37.662,0.9855,0.98564,2.48,1.50
2012.08.23 19:42:38.170,0.9855,0.98567,3.98,3.00
2012.08.23 19:42:39.093,0.98552,0.98567,2.48,1.50
2012.08.23 19:42:39.162,0.98555,0.98567,1.50,1.50
2012.08.23 19:42:40.830,0.98553,0.98567,2.48,1.50
2012.08.23 19:42:49.100,0.98555,0.98569,1.50,2.25
2012.08.23 19:42:49.408,0.98555,0.9857,2.25,2.85
2012.08.23 19:42:50.119,0.98555,0.9857,2.48,2.63
2012.08.23 19:42:51.679,0.98556,0.98571,2.25,1.35
2012.08.23 19:42:55.031,0.98556,0.98571,2.25,1.73
2012.08.23 19:42:55.559,0.98555,0.9857,2.48,1.50
2012.08.23 19:42:59.088,0.98555,0.9857,2.48,2.25
2012.08.23 19:42:59.684,0.98557,0.98571,1.50,2.10
2012.08.23 19:43:00.741,0.98554,0.98569,3.23,1.50
2012.08.23 19:43:01.259,0.98554,0.98569,3.23,1.50
2012.08.23 19:43:04.361,0.98556,0.98571,2.48,3.00
2012.08.23 19:43:04.993,0.98558,0.98571,1.13,2.25
2012.08.23 19:43:06.083,0.98558,0.98573,2.85,3.75
2012.08.23 19:43:06.155,0.98558,0.98573,2.85,2.25
2012.08.23 19:43:07.081,0.98558,0.98573,2.85,2.25
2012.08.23 19:43:10.641,0.98559,0.98573,1.35,1.50
2012.08.23 19:43:11.159,0.98558,0.98573,2.48,2.25
2012.08.23 19:43:20.870,0.98558,0.98573,2.48,2.25
2012.08.23 19:43:27.519,0.98559,0.98574,2.85,1.50
2012.08.23 19:43:28.291,0.98559,0.98574,2.85,1.50
2012.08.23 19:43:46.059,0.98559,0.98574,2.48,2.25
2012.08.23 19:43:46.382,0.98559,0.98574,2.48,2.25
2012.08.23 19:43:49.682,0.98559,0.98574,2.48,2.25
2012.08.23 19:43:55.849,0.98559,0.98574,2.48,1.50
2012.08.23 19:43:56.652,0.98559,0.98574,2.48,1.88
2012.08.23 19:43:58.381,0.98559,0.98574,2.48,1.88
2012.08.23 19:44:02.618,0.98559,0.98574,2.48,1.50
2012.08.23 19:44:05.780,0.98559,0.98574,2.48,1.88
2012.08.23 19:44:06.720,0.9856,0.98576,2.48,1.50
2012.08.23 19:44:09.372,0.98562,0.98578,2.48,1.50
2012.08.23 19:44:09.441,0.98562,0.98578,2.48,1.50
2012.08.23 19:44:13.089,0.98562,0.98578,3.98,1.50
2012.08.23 19:44:14.312,0.98562,0.98579,3.23,3.23
2012.08.23 19:44:14.500,0.98565,0.98579,1.50,1.50
2012.08.23 19:44:19.110,0.98565,0.98579,2.25,1.50
2012.08.23 19:44:19.614,0.98567,0.98579,2.48,1.50
2012.08.23 19:44:19.801,0.98567,0.98582,2.48,2.63
2012.08.23 19:44:20.331,0.98567,0.98582,2.48,2.63
2012.08.23 19:44:22.151,0.98567,0.98582,2.48,3.38
2012.08.23 19:44:22.640,0.98564,0.98581,3.23,2.10
2012.08.23 19:44:26.420,0.98566,0.98581,2.48,1.13
2012.08.23 19:44:31.160,0.98565,0.9858,1.73,3.00
2012.08.23 19:44:31.412,0.98563,0.98579,1.73,2.25
2012.08.23 19:44:32.400,0.98562,0.98579,3.83,2.25
2012.08.23 19:44:32.911,0.98562,0.98579,3.83,2.63
2012.08.23 19:44:35.139,0.98562,0.98579,4.58,2.63
2012.08.23 19:44:36.631,0.98562,0.98576,1.50,1.50
2012.08.23 19:44:36.706,0.9856,0.98574,1.34,3.00
2012.08.23 19:44:36.784,0.9856,0.98574,1.11,3.00
2012.08.23 19:44:37.306,0.98557,0.98572,3.23,1.50
2012.08.23 19:44:38.801,0.98557,0.98572,1.50,3.00
2012.08.23 19:44:39.311,0.98555,0.9857,3.98,1.50
2012.08.23 19:44:43.350,0.98557,0.98572,1.73,3.00
2012.08.23 19:44:43.423,0.98558,0.98573,2.25,2.48
2012.08.23 19:44:44.329,0.98558,0.98574,2.48,1.88
2012.08.23 19:44:46.792,0.98558,0.98575,2.48,2.85
2012.08.23 19:44:50.340,0.98558,0.98574,2.48,1.73
2012.08.23 19:44:53.320,0.98558,0.98573,1.73,3.00
2012.08.23 19:45:00.848,0.98558,0.98572,1.73,1.50
2012.08.23 19:45:02.691,0.98558,0.98573,1.73,2.63
2012.08.23 19:45:04.720,0.98558,0.98573,1.73,2.25
2012.08.23 19:45:12.480,0.98558,0.98575,3.00,4.73
2012.08.23 19:45:13.031,0.98558,0.98575,3.00,3.23
2012.08.23 19:45:15.560,0.98558,0.98575,3.23,2.63
2012.08.23 19:45:16.361,0.98558,0.98575,2.48,2.63
2012.08.23 19:45:18.420,0.98558,0.98575,2.85,3.00
2012.08.23 19:45:19.460,0.98558,0.98575,3.60,3.00
2012.08.23 19:45:19.768,0.98558,0.98575,4.71,3.00
2012.08.23 19:45:21.821,0.98558,0.98575,3.23,2.63
2012.08.23 19:45:23.860,0.98557,0.98573,4.34,1.50
2012.08.23 19:45:27.271,0.98559,0.98574,1.50,1.88
2012.08.23 19:45:27.781,0.98559,0.98574,2.48,1.88
2012.08.23 19:45:27.856,0.9856,0.98576,2.48,1.50
2012.08.23 19:45:28.425,0.98562,0.98577,2.48,1.50
2012.08.23 19:45:31.189,0.98563,0.98577,1.50,1.50
2012.08.23 19:45:33.302,0.98561,0.98576,2.25,3.00
2012.08.23 19:45:33.683,0.98563,0.98579,3.23,2.25
2012.08.23 19:45:33.823,0.98565,0.98581,2.48,1.52
2012.08.23 19:45:34.363,0.9857,0.98584,2.25,1.13
2012.08.23 19:45:34.503,0.9857,0.98585,3.98,1.88
2012.08.23 19:45:34.750,0.98572,0.98586,1.73,1.50
2012.08.23 19:45:35.290,0.9857,0.98585,3.23,1.50
2012.08.23 19:45:35.791,0.98569,0.98584,1.50,1.50
2012.08.23 19:45:35.921,0.98568,0.98584,2.09,3.00
2012.08.23 19:45:36.464,0.98568,0.98584,1.73,3.00
2012.08.23 19:45:36.952,0.98565,0.98579,2.09,1.50
2012.08.23 19:45:37.020,0.98565,0.98579,2.09,1.50
2012.08.23 19:45:38.372,0.98566,0.98581,1.73,1.50
2012.08.23 19:45:39.313,0.98564,0.98579,3.83,1.50
2012.08.23 19:45:39.977,0.98564,0.98579,2.84,1.50
2012.08.23 19:45:46.390,0.98564,0.98579,1.73,1.50
2012.08.23 19:45:47.094,0.98566,0.98581,1.73,2.25
2012.08.23 19:45:51.166,0.98566,0.98581,2.48,1.88
2012.08.23 19:45:53.561,0.98566,0.98581,2.48,2.25
2012.08.23 19:45:54.120,0.98567,0.98582,1.73,2.25
2012.08.23 19:45:54.960,0.98567,0.98582,1.73,1.13
2012.08.23 19:46:00.997,0.98565,0.98582,3.23,2.25
2012.08.23 19:46:02.149,0.98564,0.9858,3.59,1.88
2012.08.23 19:46:04.761,0.98564,0.9858,2.48,3.00
2012.08.23 19:46:07.845,0.98564,0.9858,1.73,2.25
2012.08.23 19:46:17.341,0.98564,0.9858,1.73,1.88
2012.08.23 19:46:23.487,0.98564,0.98579,1.73,1.50
2012.08.23 19:46:26.514,0.98564,0.9858,1.73,3.00
2012.08.23 19:46:30.803,0.98564,0.9858,1.73,1.88
2012.08.23 19:46:33.001,0.98565,0.9858,1.73,1.88
2012.08.23 19:46:36.052,0.98564,0.98579,2.25,4.73
2012.08.23 19:46:36.383,0.98562,0.98573,1.86,1.88
2012.08.23 19:46:36.720,0.98559,0.98573,2.48,1.88
2012.08.23 19:46:38.758,0.98559,0.98573,1.73,1.88
2012.08.23 19:46:38.834,0.98559,0.98576,3.23,3.00
2012.08.23 19:46:40.290,0.98559,0.98576,5.09,1.88
2012.08.23 19:46:42.261,0.98559,0.98574,3.23,1.88
2012.08.23 19:46:42.523,0.98559,0.98571,1.86,1.50
2012.08.23 19:46:42.832,0.98557,0.98571,2.84,2.25
2012.08.23 19:46:45.267,0.98557,0.9857,1.50,1.50
2012.08.23 19:46:46.210,0.98557,0.98572,1.50,4.13
2012.08.23 19:46:46.732,0.98557,0.98572,1.50,1.88
2012.08.23 19:46:47.681,0.98557,0.98571,1.50,1.50
2012.08.23 19:46:48.240,0.98557,0.98571,1.73,2.25
2012.08.23 19:46:49.442,0.98559,0.98574,1.50,1.50
2012.08.23 19:46:50.700,0.98558,0.98572,2.25,1.50
2012.08.23 19:46:53.241,0.98556,0.98572,1.35,2.25
2012.08.23 19:46:54.421,0.98558,0.98573,2.48,3.00
2012.08.23 19:46:55.060,0.98558,0.98573,2.48,2.25
2012.08.23 19:47:06.148,0.98558,0.98573,2.48,2.25
2012.08.23 19:47:07.035,0.98558,0.98573,2.48,2.25
2012.08.23 19:47:14.298,0.98558,0.98573,2.48,2.25
2012.08.23 19:47:22.570,0.98557,0.98571,1.13,1.50
2012.08.23 19:47:24.890,0.98556,0.98571,1.73,1.50
2012.08.23 19:47:29.969,0.98556,0.98572,3.23,1.13
2012.08.23 19:47:33.201,0.98555,0.98571,2.33,1.88
2012.08.23 19:47:39.071,0.98556,0.98571,1.73,1.88
2012.08.23 19:47:40.753,0.98556,0.98571,1.73,1.88
2012.08.23 19:47:41.799,0.98556,0.98571,1.73,1.88
2012.08.23 19:47:47.929,0.98555,0.98571,2.09,1.88
2012.08.23 19:47:49.055,0.98559,0.98572,1.50,1.50
2012.08.23 19:47:50.278,0.98558,0.98572,1.50,1.50
2012.08.23 19:47:50.869,0.98558,0.98572,1.50,1.13
2012.08.23 19:48:00.788,0.98558,0.98571,1.50,1.50
2012.08.23 19:48:03.301,0.98558,0.98572,1.50,1.13
2012.08.23 19:48:09.678,0.98557,0.98571,2.25,1.13
2012.08.23 19:48:10.280,0.98557,0.98571,3.00,1.13
2012.08.23 19:48:12.382,0.98557,0.98571,2.25,1.13
2012.08.23 19:48:13.710,0.98557,0.98571,1.50,2.63
2012.08.23 19:48:18.828,0.98557,0.98571,1.50,3.00
2012.08.23 19:48:20.470,0.98558,0.98572,1.50,1.73
2012.08.23 19:48:52.650,0.98558,0.98573,1.73,3.00
2012.08.23 19:48:53.173,0.98558,0.98573,1.73,3.00
2012.08.23 19:48:54.059,0.98558,0.98573,1.73,2.63
2012.08.23 19:48:55.390,0.98558,0.98573,1.73,3.00
2012.08.23 19:49:01.769,0.98558,0.98572,1.73,1.50
2012.08.23 19:49:02.465,0.98558,0.98572,1.50,1.50
2012.08.23 19:49:07.761,0.98557,0.98571,1.73,2.25
2012.08.23 19:49:12.314,0.98556,0.9857,2.48,1.50
2012.08.23 19:49:12.381,0.98556,0.9857,2.48,2.25
2012.08.23 19:49:15.353,0.98556,0.9857,2.48,1.96
2012.08.23 19:49:15.422,0.98556,0.9857,1.73,1.21
2012.08.23 19:49:15.802,0.98552,0.98566,1.50,1.50
2012.08.23 19:49:16.362,0.98553,0.98567,2.25,3.23
2012.08.23 19:49:16.832,0.9855,0.98567,3.98,3.23
2012.08.23 19:49:17.381,0.9855,0.98567,2.48,3.23
2012.08.23 19:49:17.987,0.98549,0.98564,4.35,2.25
2012.08.23 19:49:19.211,0.9855,0.98567,2.48,3.23
2012.08.23 19:49:19.280,0.9855,0.98567,2.48,3.00
2012.08.23 19:49:30.400,0.9855,0.98567,2.48,3.00
2012.08.23 19:49:36.379,0.9855,0.98567,1.73,4.50
2012.08.23 19:49:37.247,0.9855,0.98565,1.73,1.50
2012.08.23 19:49:41.130,0.9855,0.98567,1.73,4.50
2012.08.23 19:49:42.592,0.98552,0.98567,2.48,1.50
2012.08.23 19:49:43.672,0.98552,0.98569,2.48,3.98
2012.08.23 19:49:43.811,0.9855,0.98567,3.23,3.00
2012.08.23 19:49:44.331,0.9855,0.98567,3.60,3.00
2012.08.23 19:49:44.850,0.9855,0.98567,3.60,3.00
2012.08.23 19:49:48.620,0.9855,0.98564,1.73,1.50
2012.08.23 19:49:50.430,0.98549,0.98564,3.23,2.25
2012.08.23 19:49:51.461,0.98549,0.98564,3.23,2.25
2012.08.23 19:50:03.141,0.98549,0.98564,2.48,3.38
2012.08.23 19:50:08.441,0.98548,0.98563,2.48,1.50
2012.08.23 19:50:08.511,0.98548,0.98563,2.25,2.25
2012.08.23 19:50:09.179,0.98549,0.98563,1.50,2.25
2012.08.23 19:50:16.535,0.98549,0.98563,1.73,2.25
2012.08.23 19:50:17.070,0.98549,0.98563,1.50,2.25
2012.08.23 19:50:17.772,0.98548,0.98561,2.63,1.50
2012.08.23 19:50:18.310,0.98549,0.98561,1.50,1.50
2012.08.23 19:50:20.209,0.98548,0.98561,3.00,1.50
2012.08.23 19:50:30.870,0.98547,0.98561,3.23,1.50
2012.08.23 19:50:32.260,0.98547,0.98562,3.23,3.00
2012.08.23 19:50:32.390,0.98547,0.98562,3.23,3.00
2012.08.23 19:50:38.200,0.98547,0.98562,2.48,3.00
2012.08.23 19:50:38.802,0.98548,0.98562,1.73,1.50
2012.08.23 19:50:39.566,0.98548,0.98557,1.73,2.25
2012.08.23 19:50:39.783,0.98541,0.98556,1.11,3.00
2012.08.23 19:50:40.482,0.98539,0.98556,2.10,4.50
2012.08.23 19:50:40.713,0.98539,0.98553,2.10,1.50
2012.08.23 19:50:41.091,0.98542,0.98553,1.50,1.50
2012.08.23 19:50:41.614,0.98543,0.98554,1.50,1.13
2012.08.23 19:50:41.681,0.98543,0.98555,1.50,1.88
2012.08.23 19:50:42.242,0.98541,0.98556,2.48,1.50
2012.08.23 19:50:43.241,0.98541,0.98554,1.73,1.50
2012.08.23 19:50:43.491,0.98539,0.98554,3.21,1.50
2012.08.23 19:50:44.710,0.98539,0.98553,1.73,1.50
2012.08.23 19:50:50.082,0.98537,0.98553,2.48,1.50
2012.08.23 19:50:50.752,0.9854,0.98553,1.50,1.50
2012.08.23 19:50:53.642,0.9854,0.98551,1.50,1.50
2012.08.23 19:50:53.714,0.98538,0.98551,1.73,1.50
2012.08.23 19:50:54.092,0.9854,0.9855,1.50,1.50
2012.08.23 19:50:56.711,0.98539,0.9855,1.50,1.50
2012.08.23 19:51:02.939,0.98539,0.98554,1.50,3.23
2012.08.23 19:51:03.015,0.98543,0.98555,1.50,3.08
2012.08.23 19:51:03.332,0.98541,0.98555,1.73,1.50
2012.08.23 19:51:03.462,0.98541,0.98557,2.48,2.48
2012.08.23 19:51:04.025,0.98543,0.98558,1.50,1.88
2012.08.23 19:51:04.763,0.98543,0.98558,1.50,3.00
2012.08.23 19:51:04.962,0.9854,0.98557,4.71,2.25
2012.08.23 19:51:06.433,0.9854,0.98557,2.85,2.25
2012.08.23 19:51:06.502,0.9854,0.98557,3.60,3.00
2012.08.23 19:51:06.878,0.98541,0.98555,2.25,1.50
2012.08.23 19:51:07.418,0.98541,0.98555,2.25,2.25
2012.08.23 19:51:08.883,0.9854,0.98555,1.73,3.00
2012.08.23 19:51:10.501,0.9854,0.98555,1.73,3.00
2012.08.23 19:51:13.201,0.98541,0.98554,1.50,1.50
2012.08.23 19:51:17.000,0.9854,0.98554,1.73,1.50
2012.08.23 19:51:20.390,0.98541,0.98554,2.25,1.13
2012.08.23 19:51:21.290,0.98539,0.98553,1.73,1.50
2012.08.23 19:51:21.614,0.98538,0.98553,3.23,3.00
2012.08.23 19:51:28.324,0.98539,0.98553,2.48,1.50
2012.08.23 19:51:28.463,0.98543,0.98555,1.50,1.50
2012.08.23 19:51:28.830,0.98541,0.98556,2.48,1.50
2012.08.23 19:51:30.198,0.98544,0.98553,1.73,1.50
2012.08.23 19:51:30.510,0.98542,0.98552,3.23,1.50
2012.08.23 19:51:30.582,0.98542,0.98554,3.23,1.50
2012.08.23 19:51:35.790,0.98542,0.98555,3.23,1.50
2012.08.23 19:51:36.322,0.98545,0.98557,1.73,1.50
2012.08.23 19:51:36.996,0.98545,0.98557,1.73,1.50
2012.08.23 19:51:39.134,0.98546,0.98557,1.73,1.50
2012.08.23 19:51:39.487,0.98548,0.98557,2.25,1.50
2012.08.23 19:51:40.572,0.98548,0.98559,1.50,1.50
2012.08.23 19:51:41.232,0.98548,0.9856,2.25,1.50
2012.08.23 19:51:41.303,0.98551,0.9856,1.50,1.50
2012.08.23 19:51:41.997,0.98551,0.98562,1.50,1.50
2012.08.23 19:51:45.180,0.98549,0.98562,1.50,1.50
2012.08.23 19:51:45.873,0.98552,0.98562,1.50,1.50
2012.08.23 19:51:46.430,0.98551,0.98562,1.73,1.50
2012.08.23 19:51:47.570,0.98553,0.98562,1.50,1.50
2012.08.23 19:51:50.712,0.98551,0.98562,1.73,1.50
2012.08.23 19:51:51.034,0.98555,0.98562,1.73,1.50
2012.08.23 19:51:51.104,0.98555,0.98565,1.73,1.50
2012.08.23 19:51:51.172,0.98555,0.98566,1.73,1.50
2012.08.23 19:51:51.777,0.98555,0.98569,2.48,1.50
2012.08.23 19:51:56.253,0.98555,0.98568,1.50,1.50
2012.08.23 19:51:57.254,0.98555,0.98567,2.25,1.50
2012.08.23 19:51:57.796,0.98557,0.98567,1.50,1.50
2012.08.23 19:52:03.530,0.98557,0.98566,1.50,1.50
2012.08.23 19:52:09.281,0.98557,0.98567,1.50,1.50
2012.08.23 19:52:09.786,0.98556,0.98568,1.50,1.50
2012.08.23 19:52:16.812,0.98558,0.98568,1.50,1.50
2012.08.23 19:52:17.012,0.98564,0.98574,1.50,1.15
2012.08.23 19:52:17.153,0.98564,0.98577,1.50,3.77
2012.08.23 19:52:17.411,0.98564,0.98576,1.50,1.50
2012.08.23 19:52:17.483,0.98561,0.98576,1.73,1.50
2012.08.23 19:52:18.056,0.98561,0.98577,2.48,1.13
2012.08.23 19:52:18.393,0.98561,0.98578,3.23,4.13
2012.08.23 19:52:20.074,0.98563,0.98578,1.50,3.38
2012.08.23 19:52:20.625,0.98565,0.98579,2.48,1.50
2012.08.23 19:52:21.731,0.98566,0.98579,1.50,1.50
2012.08.23 19:52:22.563,0.98566,0.98579,1.50,1.50
2012.08.23 19:52:23.264,0.98567,0.98579,2.48,1.50
2012.08.23 19:52:23.811,0.98567,0.98579,2.25,1.50
2012.08.23 19:52:26.462,0.98566,0.98579,1.13,1.50
2012.08.23 19:52:29.522,0.98566,0.98579,2.63,1.50
2012.08.23 19:52:30.039,0.9857,0.98579,2.25,1.50
2012.08.23 19:52:32.435,0.9857,0.98584,2.63,1.50
2012.08.23 19:52:32.513,0.9857,0.98586,2.63,1.73
2012.08.23 19:52:34.023,0.98569,0.98584,2.25,2.25
2012.08.23 19:52:34.663,0.98569,0.98584,1.50,3.00
2012.08.23 19:52:35.164,0.98568,0.98581,1.50,1.50
2012.08.23 19:52:35.725,0.98567,0.98582,2.25,2.25
2012.08.23 19:52:42.274,0.98568,0.98582,1.50,2.25
2012.08.23 19:52:45.921,0.98567,0.98582,2.25,1.50
2012.08.23 19:52:46.421,0.98567,0.98582,2.25,1.50
2012.08.23 19:52:54.713,0.98567,0.98582,3.23,1.50
2012.08.23 19:52:55.271,0.98568,0.98583,1.50,3.00
2012.08.23 19:53:05.091,0.98569,0.98583,2.25,1.50
2012.08.23 19:53:05.776,0.98569,0.98583,2.25,1.50
2012.08.23 19:53:06.772,0.98569,0.98583,1.50,2.25
2012.08.23 19:53:07.073,0.98569,0.9858,1.50,1.50
2012.08.23 19:53:12.642,0.98566,0.9858,5.84,1.50
2012.08.23 19:53:15.177,0.98566,0.9858,3.96,1.50
2012.08.23 19:53:22.313,0.98568,0.9858,1.73,1.50
2012.08.23 19:53:31.106,0.98565,0.98577,1.35,1.50
2012.08.23 19:53:31.182,0.98565,0.98577,1.35,1.50
2012.08.23 19:53:31.490,0.98564,0.98578,3.98,2.25
2012.08.23 19:53:31.561,0.98564,0.98578,3.98,1.50
2012.08.23 19:53:32.842,0.98566,0.98578,2.10,1.50
2012.08.23 19:53:38.540,0.98566,0.98578,1.73,1.50
2012.08.23 19:53:38.610,0.98566,0.98578,1.73,1.50
2012.08.23 19:53:38.930,0.9857,0.9858,1.73,1.50
2012.08.23 19:53:43.884,0.98568,0.98576,1.50,1.50
2012.08.23 19:53:44.023,0.98566,0.98576,1.50,2.25
2012.08.23 19:53:44.162,0.98566,0.98574,1.50,2.25
2012.08.23 19:53:44.660,0.9856,0.9857,2.61,1.50
2012.08.23 19:53:44.742,0.98558,0.9857,1.73,1.50
2012.08.23 19:53:56.072,0.98554,0.98567,1.73,1.50
2012.08.23 19:53:56.260,0.98552,0.98567,4.34,1.50
2012.08.23 19:53:56.976,0.98554,0.98568,1.73,1.50
2012.08.23 19:54:03.696,0.98554,0.98568,1.73,1.13
2012.08.23 19:54:04.660,0.98554,0.98569,1.73,3.00
2012.08.23 19:54:07.182,0.98554,0.98567,1.73,1.50
2012.08.23 19:54:07.494,0.98552,0.98565,2.48,1.50
2012.08.23 19:54:08.104,0.98555,0.98565,1.50,1.50
2012.08.23 19:54:08.173,0.98555,0.98567,1.50,1.50
2012.08.23 19:54:08.312,0.98555,0.9857,2.48,1.13
2012.08.23 19:54:08.383,0.98558,0.98572,1.73,2.65
2012.08.23 19:54:09.285,0.98558,0.98573,1.73,2.63
2012.08.23 19:54:09.473,0.9856,0.98573,1.50,1.88
2012.08.23 19:54:10.376,0.9856,0.98573,1.50,1.13
2012.08.23 19:54:11.016,0.98558,0.98573,2.48,2.25
2012.08.23 19:54:12.131,0.98559,0.98574,2.48,1.13
2012.08.23 19:54:12.321,0.98561,0.98576,2.25,1.73
2012.08.23 19:54:12.952,0.9856,0.98575,2.48,1.50
2012.08.23 19:54:13.262,0.98558,0.98573,2.48,1.50
2012.08.23 19:54:13.992,0.98558,0.98573,2.48,1.50
2012.08.23 19:54:23.585,0.98558,0.98573,2.48,2.63
2012.08.23 19:54:27.800,0.98558,0.98573,2.48,3.00
2012.08.23 19:54:31.783,0.98557,0.98574,3.23,2.10
2012.08.23 19:54:32.233,0.98562,0.98576,1.50,1.50
2012.08.23 19:54:32.371,0.98562,0.98577,2.25,1.50
2012.08.23 19:54:33.041,0.98562,0.98578,2.25,2.25
2012.08.23 19:54:33.595,0.98567,0.9858,1.50,2.48
2012.08.23 19:54:33.925,0.98566,0.9858,2.48,1.50
2012.08.23 19:54:34.371,0.98566,0.98582,2.48,1.50
2012.08.23 19:54:41.010,0.98566,0.98581,2.48,1.50
2012.08.23 19:54:41.873,0.98566,0.98583,2.48,3.75
2012.08.23 19:54:43.473,0.98567,0.98582,1.50,1.50
2012.08.23 19:54:48.009,0.98567,0.98583,1.50,3.98
2012.08.23 19:54:54.161,0.98567,0.98583,1.50,3.23
2012.08.23 19:54:54.413,0.98566,0.98581,1.50,1.35
2012.08.23 19:54:54.556,0.98564,0.98579,2.25,2.48
2012.08.23 19:54:55.084,0.98563,0.98576,2.61,2.10
2012.08.23 19:54:56.522,0.98563,0.98576,1.50,2.10
2012.08.23 19:55:00.386,0.98564,0.98577,2.25,1.50
2012.08.23 19:55:00.533,0.98565,0.98581,1.50,3.98
2012.08.23 19:55:01.204,0.98564,0.98577,3.00,1.21
2012.08.23 19:55:01.523,0.98564,0.98572,1.50,1.06
2012.08.23 19:55:01.932,0.9856,0.98567,1.50,1.50
2012.08.23 19:55:02.026,0.98553,0.98567,1.50,1.65
2012.08.23 19:55:02.589,0.9855,0.98565,3.00,2.10
2012.08.23 19:55:03.092,0.9855,0.98564,1.50,2.25
2012.08.23 19:55:03.462,0.98549,0.98564,1.50,2.25
2012.08.23 19:55:03.894,0.98546,0.98559,1.88,1.50
2012.08.23 19:55:04.411,0.98546,0.98559,1.88,1.50
2012.08.23 19:55:04.746,0.98546,0.98561,1.88,2.48
2012.08.23 19:55:05.952,0.98546,0.9856,1.50,1.50
2012.08.23 19:55:06.085,0.98544,0.9856,1.88,2.25
2012.08.23 19:55:06.910,0.98545,0.9856,1.50,3.23
2012.08.23 19:55:07.535,0.98545,0.9856,1.50,3.60
2012.08.23 19:55:08.081,0.98543,0.98557,1.50,2.25
2012.08.23 19:55:09.581,0.98543,0.98557,1.50,2.25
2012.08.23 19:55:10.140,0.98543,0.98558,3.00,3.23
2012.08.23 19:55:10.633,0.98544,0.9856,2.25,3.98
2012.08.23 19:55:16.622,0.98543,0.98559,1.50,3.23
2012.08.23 19:55:19.472,0.98543,0.98559,1.50,2.48
2012.08.23 19:55:22.880,0.98545,0.9856,1.50,2.48
2012.08.23 19:55:23.281,0.98543,0.98559,2.63,1.73
2012.08.23 19:55:23.354,0.98543,0.98559,1.13,1.73
2012.08.23 19:55:23.872,0.98541,0.98557,1.13,1.73
2012.08.23 19:55:24.241,0.98542,0.98559,3.00,3.23
2012.08.23 19:55:24.553,0.98544,0.98559,1.35,2.25
2012.08.23 19:55:24.695,0.98547,0.98562,2.25,4.37
2012.08.23 19:55:25.782,0.98545,0.98559,1.50,1.73
2012.08.23 19:55:26.251,0.98545,0.98559,1.50,2.48
2012.08.23 19:55:27.990,0.98542,0.98559,3.75,2.48
2012.08.23 19:55:28.496,0.98546,0.98562,1.50,2.87
2012.08.23 19:55:28.631,0.98545,0.98561,1.13,2.48
2012.08.23 19:55:29.312,0.98542,0.98558,3.38,1.73
2012.08.23 19:55:29.383,0.98542,0.98557,1.88,2.48
2012.08.23 19:55:29.911,0.98542,0.98557,1.88,2.48
2012.08.23 19:55:30.451,0.98543,0.98558,2.25,1.73
2012.08.23 19:55:31.941,0.98543,0.98558,2.25,1.73
2012.08.23 19:55:36.052,0.98547,0.98562,2.25,3.23
2012.08.23 19:55:36.433,0.98544,0.98558,1.13,1.73
2012.08.23 19:55:36.983,0.98544,0.98558,1.13,1.73
2012.08.23 19:55:37.781,0.98545,0.9856,2.25,1.73
2012.08.23 19:55:38.102,0.98545,0.9856,2.25,2.48
2012.08.23 19:55:38.741,0.98545,0.9856,2.25,2.48
2012.08.23 19:55:39.121,0.98546,0.98562,2.63,1.73
2012.08.23 19:55:39.570,0.98546,0.98562,2.63,1.73
2012.08.23 19:55:40.111,0.98546,0.98562,2.63,1.73
2012.08.23 19:55:40.661,0.98546,0.98561,1.13,2.48
2012.08.23 19:55:41.162,0.98546,0.98562,2.63,1.73
2012.08.23 19:55:41.672,0.98545,0.98561,1.13,2.48
2012.08.23 19:55:42.481,0.98545,0.98561,1.13,2.48
2012.08.23 19:55:42.610,0.98545,0.98561,1.13,2.48
2012.08.23 19:55:43.591,0.98545,0.9856,2.63,2.48
2012.08.23 19:55:45.272,0.98545,0.9856,2.63,1.73
2012.08.23 19:55:45.892,0.98547,0.98562,2.25,3.23
2012.08.23 19:55:46.440,0.98545,0.98561,1.13,1.73
2012.08.23 19:55:48.351,0.98545,0.9856,2.63,1.73
2012.08.23 19:55:48.660,0.98547,0.98562,2.25,3.23
2012.08.23 19:55:49.033,0.98547,0.98562,1.50,3.23
2012.08.23 19:55:49.402,0.98544,0.98561,2.63,1.73
2012.08.23 19:55:50.341,0.98547,0.98562,2.25,2.48
2012.08.23 19:55:51.101,0.98545,0.9856,1.50,1.73
2012.08.23 19:55:51.470,0.98546,0.98563,2.25,3.23
2012.08.23 19:55:52.141,0.98546,0.98563,2.25,3.23
2012.08.23 19:55:54.323,0.98548,0.98564,2.25,2.48
2012.08.23 19:55:54.641,0.98548,0.98564,2.25,2.48
2012.08.23 19:55:59.920,0.98548,0.98565,2.25,4.73
2012.08.23 19:56:00.121,0.98547,0.98562,3.00,1.73
2012.08.23 19:56:00.670,0.98547,0.98562,2.25,1.73
2012.08.23 19:56:00.802,0.98547,0.98562,2.25,1.73
2012.08.23 19:56:04.713,0.98547,0.98562,3.00,1.73
2012.08.23 19:56:04.783,0.98547,0.98562,2.25,1.73
2012.08.23 19:56:04.852,0.98547,0.98562,2.25,3.23
2012.08.23 19:56:05.461,0.98545,0.9856,2.63,1.73
2012.08.23 19:56:06.813,0.98545,0.9856,1.88,1.73
2012.08.23 19:56:07.531,0.98544,0.98558,1.50,1.73
2012.08.23 19:56:08.224,0.98543,0.98558,3.00,2.48
2012.08.23 19:56:24.350,0.98543,0.98558,3.00,3.23
2012.08.23 19:56:27.459,0.98543,0.98557,3.00,1.73
2012.08.23 19:56:28.951,0.98543,0.98557,3.00,1.73
2012.08.23 19:56:30.041,0.98543,0.98557,3.00,1.73
2012.08.23 19:56:30.111,0.98543,0.98558,3.00,2.10
2012.08.23 19:56:30.180,0.98543,0.98558,3.00,2.10
2012.08.23 19:56:33.371,0.98543,0.98558,3.00,2.10
2012.08.23 19:56:33.741,0.98543,0.98558,3.00,2.10
2012.08.23 19:56:35.981,0.98541,0.98557,1.50,1.73
2012.08.23 19:56:36.053,0.9854,0.98556,4.11,2.48
2012.08.23 19:56:36.603,0.9854,0.98555,1.50,1.73
2012.08.23 19:56:37.393,0.98541,0.98556,1.50,3.23
2012.08.23 19:56:37.761,0.98539,0.98554,2.63,1.73
2012.08.23 19:56:40.930,0.98539,0.98554,2.25,1.65
2012.08.23 19:56:41.476,0.98539,0.98554,2.25,1.73
2012.08.23 19:56:43.550,0.98539,0.98554,2.25,1.73
2012.08.23 19:56:46.302,0.98543,0.98558,2.25,2.48
2012.08.23 19:56:48.061,0.98543,0.98558,1.50,1.73
2012.08.23 19:56:48.283,0.98543,0.98558,2.25,1.73
2012.08.23 19:56:51.170,0.98543,0.98558,1.50,1.73
2012.08.23 19:56:54.380,0.98543,0.98558,1.50,2.10
2012.08.23 19:56:55.630,0.98543,0.98557,1.50,1.73
2012.08.23 19:56:56.141,0.98541,0.98555,2.25,1.13
2012.08.23 19:56:57.073,0.9854,0.98555,3.00,1.35
2012.08.23 19:56:59.546,0.98542,0.98557,1.50,1.35
2012.08.23 19:56:59.611,0.98542,0.98557,1.50,1.35
2012.08.23 19:56:59.863,0.98545,0.98557,1.50,1.35
2012.08.23 19:57:00.423,0.98546,0.9856,2.25,1.73
2012.08.23 19:57:00.824,0.98546,0.98563,2.25,5.87
2012.08.23 19:57:02.261,0.98549,0.98563,1.50,2.48
2012.08.23 19:57:02.811,0.98549,0.98563,2.25,2.48
2012.08.23 19:57:03.330,0.98546,0.98563,2.25,3.98
2012.08.23 19:57:03.891,0.98546,0.98562,2.25,1.35
2012.08.23 19:57:07.231,0.98546,0.98562,2.25,1.35
2012.08.23 19:57:11.233,0.98546,0.98562,2.25,1.73
2012.08.23 19:57:12.311,0.98547,0.98562,2.25,3.23
2012.08.23 19:57:31.593,0.98549,0.98562,1.50,1.73
2012.08.23 19:57:32.141,0.98549,0.98563,2.25,1.35
2012.08.23 19:57:47.050,0.98549,0.98564,2.25,2.10
2012.08.23 19:57:49.401,0.98549,0.98564,2.25,3.23
2012.08.23 19:57:50.142,0.98549,0.98564,2.25,2.10
2012.08.23 19:57:55.241,0.98553,0.98564,1.50,1.73
2012.08.23 19:57:55.562,0.98557,0.98568,2.25,1.15
2012.08.23 19:57:56.069,0.98555,0.9857,3.75,2.48
2012.08.23 19:58:05.732,0.98555,0.9857,2.25,2.48
2012.08.23 19:58:08.972,0.98555,0.9857,2.25,2.85
2012.08.23 19:58:10.031,0.98555,0.9857,2.63,2.48
2012.08.23 19:58:12.792,0.98555,0.9857,2.63,2.48
2012.08.23 19:58:13.340,0.98556,0.98572,2.25,1.73
2012.08.23 19:58:20.472,0.98556,0.98572,2.25,1.73
2012.08.23 19:58:22.842,0.98556,0.98573,2.25,2.48
2012.08.23 19:58:25.234,0.98559,0.98574,1.50,5.10
2012.08.23 19:58:25.304,0.98557,0.98572,2.25,2.48
2012.08.23 19:58:27.431,0.98555,0.9857,2.25,1.73
2012.08.23 19:58:27.853,0.98555,0.9857,1.50,2.48
2012.08.23 19:58:28.062,0.98553,0.98568,2.25,2.48
2012.08.23 19:58:28.312,0.98551,0.98566,1.50,2.48
2012.08.23 19:58:31.308,0.98553,0.98568,1.50,3.23
2012.08.23 19:58:31.623,0.98555,0.98568,1.50,1.73
2012.08.23 19:58:31.752,0.98555,0.9857,1.50,3.25
2012.08.23 19:58:32.302,0.98555,0.9857,2.25,2.10
2012.08.23 19:58:38.349,0.98554,0.98571,2.25,3.98
2012.08.23 19:58:38.881,0.98554,0.98571,2.25,4.73
2012.08.23 19:58:39.592,0.98554,0.9857,2.25,1.35
2012.08.23 19:58:43.825,0.98553,0.98568,1.88,1.73
2012.08.23 19:58:44.133,0.98549,0.98565,1.50,1.73
2012.08.23 19:58:44.842,0.98548,0.98565,1.88,2.48
2012.08.23 19:58:46.023,0.98548,0.98565,1.88,2.48
2012.08.23 19:58:46.212,0.98547,0.98562,1.50,3.98
2012.08.23 19:58:46.526,0.98548,0.98563,3.00,1.73
2012.08.23 19:58:46.592,0.9855,0.98563,1.50,1.73
2012.08.23 19:58:48.362,0.9855,0.98564,1.50,1.35
2012.08.23 19:58:48.433,0.98546,0.98563,2.25,2.48
2012.08.23 19:58:48.634,0.98548,0.98565,1.50,2.85
2012.08.23 19:58:48.821,0.98548,0.98565,1.50,2.85
2012.08.23 19:58:49.504,0.98548,0.98565,1.73,2.85
2012.08.23 19:58:49.573,0.9855,0.98566,1.50,3.25
2012.08.23 19:58:50.613,0.9855,0.98566,1.73,2.10
2012.08.23 19:58:52.972,0.9855,0.98565,1.50,1.50
2012.08.23 19:58:53.523,0.9855,0.98565,1.50,1.73
2012.08.23 19:58:54.183,0.9855,0.98561,1.50,1.13
2012.08.23 19:58:54.254,0.98546,0.98561,1.50,1.35
2012.08.23 19:58:54.563,0.98546,0.98559,1.50,1.73
2012.08.23 19:58:54.635,0.98542,0.98557,1.50,1.73
2012.08.23 19:58:55.064,0.98545,0.98557,1.50,1.73
2012.08.23 19:58:55.373,0.98547,0.98559,1.50,1.73
2012.08.23 19:58:55.959,0.98549,0.98564,1.50,4.37
2012.08.23 19:58:56.152,0.98546,0.98563,2.63,2.48
2012.08.23 19:58:56.403,0.98548,0.98563,2.25,1.73
2012.08.23 19:58:56.536,0.98551,0.98563,1.50,1.50
2012.08.23 19:58:56.732,0.98554,0.98563,1.50,1.50
2012.08.23 19:58:56.804,0.98555,0.98565,1.50,1.15
2012.08.23 19:58:56.943,0.98555,0.9857,1.50,1.28
2012.08.23 19:58:57.731,0.98555,0.98572,3.00,2.85
2012.08.23 19:58:58.472,0.98555,0.98567,1.50,1.13
2012.08.23 19:58:58.813,0.98552,0.98561,1.11,1.35
2012.08.23 19:58:58.888,0.98548,0.98561,1.50,1.35
2012.08.23 19:58:58.966,0.98546,0.98559,1.50,2.48
2012.08.23 19:58:59.045,0.98543,0.98558,2.25,2.48
2012.08.23 19:58:59.247,0.98538,0.98555,4.35,2.25
2012.08.23 19:58:59.396,0.98537,0.98553,3.23,1.50
2012.08.23 19:58:59.715,0.98533,0.98549,3.00,3.00
2012.08.23 19:58:59.902,0.98532,0.98547,1.50,1.50
2012.08.23 19:59:00.281,0.98532,0.98547,1.50,1.50
2012.08.23 19:59:00.793,0.98533,0.98547,1.50,1.50
2012.08.23 19:59:01.331,0.98533,0.98547,1.50,1.50
2012.08.23 19:59:01.842,0.98533,0.98548,1.50,3.23
2012.08.23 19:59:02.153,0.98536,0.98549,1.50,1.73
2012.08.23 19:59:02.523,0.98534,0.98549,2.25,1.73
2012.08.23 19:59:03.082,0.98534,0.9855,2.25,1.35
2012.08.23 19:59:08.433,0.98538,0.98552,2.25,4.00
2012.08.23 19:59:09.118,0.98538,0.98552,2.25,1.75
2012.08.23 19:59:09.204,0.98543,0.98554,2.25,1.50
2012.08.23 19:59:09.275,0.98543,0.98556,2.25,1.73
2012.08.23 19:59:09.523,0.98543,0.98558,3.75,2.48
2012.08.23 19:59:09.713,0.98544,0.98561,2.25,3.23
2012.08.23 19:59:09.843,0.98544,0.98561,2.25,2.48
2012.08.23 19:59:10.344,0.98545,0.98557,1.50,2.25
2012.08.23 19:59:10.415,0.98544,0.98555,1.11,1.50
2012.08.23 19:59:10.542,0.9854,0.98555,3.74,1.73
2012.08.23 19:59:11.272,0.9854,0.98555,2.25,1.73
2012.08.23 19:59:11.883,0.9854,0.98555,1.50,1.73
2012.08.23 19:59:12.446,0.9854,0.98555,2.25,1.73
2012.08.23 19:59:13.006,0.98541,0.98557,2.25,1.73
2012.08.23 19:59:14.131,0.98541,0.98557,1.50,3.23
2012.08.23 19:59:14.702,0.98538,0.98555,2.48,2.25
2012.08.23 19:59:15.212,0.98538,0.98555,2.48,2.25
2012.08.23 19:59:15.761,0.98538,0.98555,2.48,2.25
2012.08.23 19:59:17.952,0.98538,0.98555,2.48,2.63
2012.08.23 19:59:18.486,0.98537,0.98552,2.25,1.73
2012.08.23 19:59:19.992,0.98537,0.98552,3.00,1.73
2012.08.23 19:59:20.584,0.98537,0.98552,3.00,1.73
2012.08.23 19:59:21.420,0.98541,0.98556,1.50,2.10
2012.08.23 19:59:22.115,0.98543,0.98557,1.50,1.73
2012.08.23 19:59:22.183,0.98543,0.98558,2.25,3.98
2012.08.23 19:59:23.232,0.98543,0.98558,2.25,3.23
2012.08.23 19:59:24.293,0.98543,0.98558,2.63,1.73
2012.08.23 19:59:24.799,0.98544,0.98561,2.25,5.10
2012.08.23 19:59:25.624,0.98544,0.98556,1.13,1.50
2012.08.23 19:59:26.026,0.98544,0.98558,1.13,1.73
2012.08.23 19:59:28.383,0.98545,0.98558,1.13,1.73
2012.08.23 19:59:28.585,0.98543,0.98556,2.25,1.50
2012.08.23 19:59:28.963,0.98541,0.98556,3.00,1.50
2012.08.23 19:59:29.533,0.98541,0.98556,3.00,1.50
2012.08.23 19:59:29.603,0.98543,0.98558,2.25,2.10
2012.08.23 19:59:29.743,0.98544,0.98561,2.63,2.87
2012.08.23 19:59:29.872,0.98547,0.98562,1.50,3.23
2012.08.23 19:59:30.191,0.98549,0.98564,3.75,1.73
2012.08.23 19:59:30.512,0.98553,0.98564,2.25,1.50
2012.08.23 19:59:30.642,0.98553,0.98568,3.75,1.73
2012.08.23 19:59:30.894,0.98553,0.98568,4.50,1.73
2012.08.23 19:59:31.525,0.98554,0.98571,3.00,2.10
2012.08.23 19:59:31.597,0.98557,0.98572,2.25,3.60
2012.08.23 19:59:32.212,0.98558,0.98572,1.13,3.60
2012.08.23 19:59:32.413,0.98558,0.98572,1.13,1.73
2012.08.23 19:59:33.166,0.98559,0.98572,1.13,1.50
2012.08.23 19:59:33.462,0.98557,0.98572,4.50,1.50
2012.08.23 19:59:33.603,0.98557,0.98572,2.61,1.73
2012.08.23 19:59:34.003,0.98555,0.98568,2.25,1.50
2012.08.23 19:59:34.311,0.98553,0.98566,1.50,1.50
2012.08.23 19:59:34.952,0.98553,0.98568,3.00,1.50
2012.08.23 19:59:36.162,0.98553,0.98566,1.50,1.50
2012.08.23 19:59:36.702,0.98551,0.98566,3.36,1.50
2012.08.23 19:59:37.472,0.98551,0.98566,2.25,1.50
2012.08.23 19:59:37.963,0.98551,0.98563,1.50,1.13
2012.08.23 19:59:38.283,0.98547,0.98562,1.13,1.73
2012.08.23 19:59:38.723,0.98545,0.98559,2.84,1.59
2012.08.23 19:59:39.066,0.98544,0.98551,1.50,1.73
2012.08.23 19:59:39.146,0.98538,0.98549,1.86,1.73
2012.08.23 19:59:39.296,0.98538,0.98549,1.86,1.73
2012.08.23 19:59:39.434,0.9854,0.98551,2.25,1.50
2012.08.23 19:59:39.503,0.9854,0.98555,2.25,1.73
2012.08.23 19:59:40.381,0.9854,0.98554,2.25,1.73
2012.08.23 19:59:40.515,0.9854,0.98553,1.50,1.13
2012.08.23 19:59:40.648,0.98538,0.98552,1.11,2.10
2012.08.23 19:59:40.783,0.98537,0.98553,1.50,2.10
2012.08.23 19:59:43.395,0.98536,0.98549,1.50,1.73
2012.08.23 19:59:45.439,0.98534,0.98549,4.13,1.73
2012.08.23 19:59:46.342,0.98535,0.98549,1.50,1.73
2012.08.23 19:59:46.964,0.98536,0.98552,1.50,2.85
2012.08.23 19:59:47.211,0.98537,0.98552,1.50,2.10
2012.08.23 19:59:47.714,0.98538,0.98553,2.63,1.73
2012.08.23 19:59:47.962,0.98542,0.98553,1.50,1.73
2012.08.23 19:59:48.224,0.98542,0.98557,3.75,1.50
2012.08.23 19:59:48.911,0.98542,0.98557,3.75,1.50
2012.08.23 19:59:48.983,0.98543,0.9856,2.25,3.60
2012.08.23 19:59:49.352,0.98543,0.9856,2.25,2.10
2012.08.23 19:59:51.486,0.98544,0.9856,1.13,1.73
2012.08.23 19:59:52.252,0.98544,0.9856,1.13,1.73
2012.08.23 19:59:52.764,0.98544,0.98558,1.13,1.50
2012.08.23 19:59:55.983,0.98546,0.98557,1.50,1.50
2012.08.23 19:59:56.583,0.98545,0.98559,1.73,1.50
2012.08.23 19:59:57.283,0.98547,0.98562,1.50,1.73
2012.08.23 19:59:57.801,0.98548,0.98563,1.50,2.10
2012.08.23 19:59:58.453,0.98546,0.9856,3.75,1.50
2012.08.23 19:59:58.586,0.98544,0.98556,1.11,1.73
2012.08.23 19:59:58.653,0.98544,0.98556,1.11,2.48
2012.08.23 19:59:59.041,0.98542,0.98556,1.50,2.48
2012.08.23 19:59:59.113,0.9854,0.98555,1.50,2.48
2012.08.23 19:59:59.675,0.98543,0.98556,1.50,1.73
2012.08.23 19:59:59.933,0.98543,0.98558,2.25,1.73
