2015.06.26 03:00:00.453,1.37916,1.37925,1.50,1.12
2015.06.26 03:00:01.921,1.37916,1.37923,2.25,1.75
2015.06.26 03:00:02.180,1.37922,1.3793,1.50,2.25
2015.06.26 03:00:02.282,1.37924,1.37932,1.50,1.12
2015.06.26 03:00:02.485,1.37924,1.37933,2.25,1.20
2015.06.26 03:00:02.587,1.37927,1.37932,1.50,1.10
2015.06.26 03:00:03.138,1.37927,1.37933,1.50,1.27
2015.06.26 03:00:03.391,1.37922,1.3793,3.00,1.12
2015.06.26 03:00:03.936,1.37922,1.37931,1.50,1.50
2015.06.26 03:00:05.146,1.37921,1.37923,1.65,1.00
2015.06.26 03:00:05.198,1.37922,1.37924,1.00,1.00
2015.06.26 03:00:05.249,1.37921,1.37924,1.20,1.37
2015.06.26 03:00:05.351,1.37921,1.37924,1.10,1.00
2015.06.26 03:00:05.402,1.37921,1.37926,1.00,1.00
2015.06.26 03:00:05.503,1.37921,1.37931,1.65,3.00
2015.06.26 03:00:06.006,1.37923,1.37931,1.50,1.87
2015.06.26 03:00:06.608,1.37923,1.37932,1.87,1.27
2015.06.26 03:00:07.397,1.37924,1.37932,1.50,1.27
2015.06.26 03:00:07.994,1.37924,1.37933,1.50,3.37
2015.06.26 03:00:08.247,1.37924,1.37932,1.50,1.27
2015.06.26 03:00:08.776,1.37924,1.37932,1.50,1.57
2015.06.26 03:00:09.555,1.37924,1.37932,3.37,1.20
2015.06.26 03:00:09.606,1.37926,1.37934,1.50,1.45
2015.06.26 03:00:10.011,1.37927,1.37936,1.00,3.07
2015.06.26 03:00:10.380,1.3793,1.37936,1.00,1.20
2015.06.26 03:00:10.634,1.3793,1.37938,1.00,1.12
2015.06.26 03:00:11.192,1.37928,1.37937,1.00,1.12
2015.06.26 03:00:11.722,1.37927,1.37935,1.50,1.75
2015.06.26 03:00:12.228,1.37927,1.37936,1.50,1.95
2015.06.26 03:00:13.871,1.37926,1.37936,2.62,3.45
2015.06.26 03:00:13.972,1.37926,1.37933,1.00,1.00
2015.06.26 03:00:14.023,1.37923,1.37932,2.32,1.00
2015.06.26 03:00:14.075,1.37923,1.37932,1.50,2.25
2015.06.26 03:00:15.517,1.37923,1.37932,1.37,2.62
2015.06.26 03:00:18.127,1.37922,1.37932,1.50,3.37
2015.06.26 03:00:18.614,1.37922,1.37931,2.25,1.07
2015.06.26 03:00:19.210,1.37922,1.37931,1.87,1.07
2015.06.26 03:00:19.629,1.37922,1.37932,1.87,1.87
2015.06.26 03:00:20.120,1.37922,1.37931,1.87,1.07
2015.06.26 03:00:20.411,1.37922,1.37931,2.25,1.07
2015.06.26 03:00:23.418,1.37922,1.3793,1.37,3.00
2015.06.26 03:00:23.623,1.37922,1.3793,1.12,3.37
2015.06.26 03:00:25.098,1.37921,1.37928,1.95,1.10
2015.06.26 03:00:25.605,1.37921,1.37928,1.95,1.10
2015.06.26 03:00:26.134,1.3792,1.3793,3.07,1.87
2015.06.26 03:00:27.137,1.3792,1.3793,3.07,1.87
2015.06.26 03:00:27.695,1.3792,1.3793,3.07,1.87
2015.06.26 03:00:28.393,1.37921,1.37928,1.10,1.57
2015.06.26 03:00:29.109,1.37921,1.37928,1.00,1.95
2015.06.26 03:00:29.575,1.3792,1.37928,1.37,2.02
2015.06.26 03:00:29.677,1.3792,1.37928,1.50,1.65
2015.06.26 03:00:30.389,1.3792,1.37928,1.50,2.02
2015.06.26 03:00:32.075,1.37918,1.37928,7.12,2.02
2015.06.26 03:00:33.699,1.37919,1.37928,1.57,1.65
2015.06.26 03:00:34.988,1.3792,1.37928,1.50,1.50
2015.06.26 03:00:36.855,1.37919,1.37927,1.10,1.20
2015.06.26 03:00:37.255,1.37917,1.37924,3.37,1.12
2015.06.26 03:00:37.777,1.37915,1.37922,1.37,1.20
2015.06.26 03:00:39.431,1.37913,1.3792,1.50,1.20
2015.06.26 03:00:39.947,1.37913,1.3792,1.12,2.25
2015.06.26 03:00:39.998,1.37912,1.3792,2.62,2.25
2015.06.26 03:00:40.151,1.37915,1.37922,1.87,1.50
2015.06.26 03:00:40.867,1.37915,1.37924,4.50,1.50
2015.06.26 03:00:41.175,1.37919,1.37924,1.00,1.00
2015.06.26 03:00:41.480,1.37926,1.37928,1.00,1.00
2015.06.26 03:00:41.582,1.37928,1.37931,1.00,1.00
2015.06.26 03:00:41.634,1.37928,1.37934,1.00,1.07
2015.06.26 03:00:41.685,1.37927,1.37935,2.70,1.95
2015.06.26 03:00:42.340,1.37929,1.37935,1.00,1.87
2015.06.26 03:00:48.172,1.37927,1.37935,2.25,1.87
2015.06.26 03:00:48.592,1.3793,1.37935,1.00,1.12
2015.06.26 03:00:49.123,1.37929,1.37937,1.00,3.37
2015.06.26 03:00:50.059,1.37928,1.37937,1.20,3.37
2015.06.26 03:00:51.757,1.37928,1.37937,1.20,4.12
2015.06.26 03:00:52.861,1.37928,1.37937,1.20,3.37
2015.06.26 03:00:55.530,1.37929,1.37937,1.00,3.60
2015.06.26 03:00:55.836,1.37931,1.37937,1.00,1.87
2015.06.26 03:00:57.588,1.3793,1.37937,1.37,2.47
2015.06.26 03:00:58.107,1.3793,1.37937,1.00,2.47
2015.06.26 03:01:00.668,1.37927,1.37937,3.00,2.85
2015.06.26 03:01:03.979,1.37929,1.37938,1.37,3.37
2015.06.26 03:01:05.285,1.37929,1.37938,1.12,2.47
2015.06.26 03:01:05.936,1.37928,1.37936,1.00,1.87
2015.06.26 03:01:06.797,1.37927,1.37936,1.85,1.12
2015.06.26 03:01:07.202,1.37929,1.37938,1.10,1.50
2015.06.26 03:01:07.764,1.3793,1.37938,1.00,1.50
2015.06.26 03:01:08.610,1.3793,1.37938,1.37,1.50
2015.06.26 03:01:10.347,1.3793,1.37938,1.37,1.07
2015.06.26 03:01:10.874,1.37931,1.37939,1.12,3.22
2015.06.26 03:01:12.984,1.3793,1.37939,1.50,1.87
2015.06.26 03:01:13.641,1.37931,1.37939,1.37,1.72
2015.06.26 03:01:16.525,1.37931,1.37939,1.87,1.45
2015.06.26 03:01:17.516,1.37931,1.37939,3.37,1.35
2015.06.26 03:01:17.983,1.37931,1.3794,3.37,1.87
2015.06.26 03:01:18.530,1.37931,1.3794,3.37,1.45
2015.06.26 03:01:22.127,1.37931,1.3794,3.37,2.05
2015.06.26 03:01:25.744,1.37931,1.3794,3.37,1.72
2015.06.26 03:01:32.543,1.37931,1.3794,4.12,1.72
2015.06.26 03:01:33.049,1.37932,1.3794,4.12,1.12
2015.06.26 03:01:33.151,1.37932,1.3794,4.12,1.12
2015.06.26 03:01:35.366,1.37935,1.3794,1.00,1.12
2015.06.26 03:01:37.426,1.37934,1.3794,1.00,1.12
2015.06.26 03:01:38.566,1.37934,1.3794,1.00,1.12
2015.06.26 03:01:38.768,1.37932,1.37939,3.00,1.80
2015.06.26 03:01:39.474,1.3793,1.37939,6.07,1.07
2015.06.26 03:01:39.960,1.37933,1.37941,1.00,2.62
2015.06.26 03:01:40.471,1.37934,1.37941,1.37,2.85
2015.06.26 03:01:41.637,1.37933,1.37941,1.12,2.85
2015.06.26 03:01:41.695,1.37933,1.37941,1.87,2.85
2015.06.26 03:01:42.030,1.37933,1.37941,1.87,2.62
2015.06.26 03:01:42.848,1.37933,1.3794,1.87,2.10
2015.06.26 03:01:45.829,1.37934,1.3794,1.00,1.75
2015.06.26 03:01:47.349,1.37932,1.3794,1.87,1.87
2015.06.26 03:01:49.257,1.37932,1.3794,1.87,1.87
2015.06.26 03:01:49.783,1.37932,1.3794,1.87,1.87
2015.06.26 03:01:50.338,1.37933,1.37937,1.12,1.50
2015.06.26 03:01:50.398,1.37927,1.37934,1.12,1.75
2015.06.26 03:01:50.500,1.37924,1.37932,1.95,1.87
2015.06.26 03:01:50.652,1.37923,1.37929,4.12,1.12
2015.06.26 03:01:50.753,1.37924,1.37931,1.87,2.62
2015.06.26 03:01:51.057,1.37923,1.37929,1.87,1.12
2015.06.26 03:01:51.502,1.37924,1.37929,1.87,1.50
2015.06.26 03:01:51.659,1.37926,1.37932,1.00,1.50
2015.06.26 03:01:51.812,1.37929,1.37932,1.00,1.50
2015.06.26 03:01:51.863,1.37929,1.37935,1.00,1.75
2015.06.26 03:01:52.411,1.37929,1.37936,1.00,1.75
2015.06.26 03:01:53.390,1.37931,1.37938,1.00,2.62
2015.06.26 03:01:53.442,1.37931,1.37938,1.37,1.87
2015.06.26 03:01:53.814,1.37931,1.37938,1.37,1.12
2015.06.26 03:01:55.217,1.37936,1.37941,1.00,1.12
2015.06.26 03:01:55.270,1.37936,1.37943,1.00,5.85
2015.06.26 03:01:55.776,1.37936,1.37942,1.00,1.00
2015.06.26 03:01:57.628,1.37938,1.37942,1.00,1.65
2015.06.26 03:01:58.627,1.37937,1.37942,1.00,3.00
2015.06.26 03:01:59.163,1.37936,1.3794,1.12,1.00
2015.06.26 03:01:59.769,1.37936,1.37941,1.12,2.25
2015.06.26 03:02:00.319,1.37934,1.3794,1.87,1.00
2015.06.26 03:02:00.370,1.37934,1.37939,1.00,1.00
2015.06.26 03:02:00.806,1.37932,1.37939,1.95,2.62
2015.06.26 03:02:00.859,1.37932,1.37939,1.20,1.57
2015.06.26 03:02:02.160,1.37932,1.37939,1.57,1.50
2015.06.26 03:02:02.261,1.37932,1.37939,1.20,3.22
2015.06.26 03:02:02.413,1.37928,1.37935,1.57,1.00
2015.06.26 03:02:02.616,1.37931,1.37934,1.00,1.50
2015.06.26 03:02:02.667,1.37929,1.37934,1.87,1.50
2015.06.26 03:02:02.718,1.37932,1.37934,1.00,1.50
2015.06.26 03:02:02.769,1.37932,1.3794,1.00,4.87
2015.06.26 03:02:02.921,1.37932,1.3794,1.50,1.87
2015.06.26 03:02:03.917,1.37932,1.3794,1.37,2.25
2015.06.26 03:02:03.977,1.37932,1.3794,1.12,1.50
2015.06.26 03:02:04.383,1.37931,1.37939,1.00,1.50
2015.06.26 03:02:04.686,1.37928,1.37936,1.10,1.20
2015.06.26 03:02:05.296,1.37928,1.37936,1.47,1.20
2015.06.26 03:02:06.003,1.37928,1.37936,1.85,1.20
2015.06.26 03:02:06.510,1.37928,1.37938,2.70,1.57
2015.06.26 03:02:07.926,1.37928,1.37938,3.07,1.10
2015.06.26 03:02:08.433,1.37928,1.37938,2.70,1.95
2015.06.26 03:02:09.230,1.37928,1.37938,2.70,1.57
2015.06.26 03:02:09.764,1.37928,1.37938,2.70,1.57
2015.06.26 03:02:09.995,1.37928,1.37938,2.70,1.57
2015.06.26 03:02:10.577,1.37928,1.37938,2.70,1.57
2015.06.26 03:02:11.519,1.37928,1.37938,2.70,1.95
2015.06.26 03:02:13.206,1.37928,1.37935,2.70,1.00
2015.06.26 03:02:13.524,1.37928,1.37937,2.70,1.00
2015.06.26 03:02:14.057,1.37928,1.37937,2.70,1.12
2015.06.26 03:02:15.531,1.37928,1.37937,1.57,2.62
2015.06.26 03:02:18.265,1.3793,1.37934,1.60,1.00
2015.06.26 03:02:18.519,1.3793,1.37934,1.00,1.00
2015.06.26 03:02:19.187,1.37932,1.37934,1.12,1.00
2015.06.26 03:02:19.238,1.37932,1.37937,1.50,1.00
2015.06.26 03:02:19.763,1.37932,1.37938,1.12,1.20
2015.06.26 03:02:20.269,1.3793,1.37937,1.65,2.40
2015.06.26 03:02:24.966,1.37932,1.37937,1.50,1.65
2015.06.26 03:02:25.448,1.37932,1.37939,2.32,1.00
2015.06.26 03:02:26.715,1.37932,1.37937,2.32,1.00
2015.06.26 03:02:27.158,1.37932,1.37935,1.00,1.00
2015.06.26 03:02:27.670,1.37931,1.37935,1.00,1.00
2015.06.26 03:02:27.822,1.37931,1.37937,1.00,1.95
2015.06.26 03:02:29.243,1.37931,1.37936,1.00,1.00
2015.06.26 03:02:31.647,1.37929,1.37936,1.95,1.00
2015.06.26 03:02:31.850,1.37927,1.37934,2.25,1.12
2015.06.26 03:02:32.154,1.37925,1.37931,2.70,1.00
2015.06.26 03:02:33.209,1.37924,1.37929,1.20,1.00
2015.06.26 03:02:33.727,1.37924,1.3793,1.37,1.20
2015.06.26 03:02:34.184,1.37926,1.37932,1.50,1.20
2015.06.26 03:02:34.873,1.37927,1.37931,1.12,1.00
2015.06.26 03:02:34.924,1.37928,1.37934,1.00,1.00
2015.06.26 03:02:35.437,1.37926,1.37934,1.65,1.87
2015.06.26 03:02:35.946,1.37926,1.37934,1.57,1.87
2015.06.26 03:02:36.704,1.37926,1.37934,1.20,1.87
2015.06.26 03:02:37.963,1.37926,1.37934,1.20,1.50
2015.06.26 03:02:38.592,1.37926,1.37933,1.20,1.00
2015.06.26 03:02:39.156,1.37926,1.37934,1.27,1.00
2015.06.26 03:02:39.207,1.37928,1.37934,1.00,1.00
2015.06.26 03:02:39.745,1.37928,1.37933,1.00,1.00
2015.06.26 03:02:51.726,1.37927,1.3793,1.07,1.00
2015.06.26 03:02:51.829,1.37927,1.37932,1.07,1.00
2015.06.26 03:02:52.372,1.37927,1.37931,1.07,1.00
2015.06.26 03:02:53.370,1.37927,1.37932,1.07,1.50
2015.06.26 03:02:54.483,1.37925,1.37931,3.37,1.00
2015.06.26 03:02:55.009,1.37925,1.37931,1.87,1.37
2015.06.26 03:02:55.111,1.37924,1.37931,1.12,1.57
2015.06.26 03:02:55.212,1.37924,1.37928,1.12,1.00
2015.06.26 03:02:56.172,1.37924,1.37931,1.12,1.20
2015.06.26 03:02:56.709,1.37924,1.37931,1.50,1.20
2015.06.26 03:02:57.211,1.37924,1.37931,1.00,1.57
2015.06.26 03:02:58.153,1.37924,1.37928,1.00,1.00
2015.06.26 03:02:59.266,1.37924,1.37927,1.00,1.00
2015.06.26 03:02:59.368,1.37922,1.37927,2.77,1.00
2015.06.26 03:03:00.254,1.37922,1.3793,3.07,1.20
2015.06.26 03:03:01.121,1.37922,1.3793,3.07,1.10
2015.06.26 03:03:02.171,1.37922,1.3793,3.15,1.00
2015.06.26 03:03:02.272,1.37922,1.37926,2.77,1.00
2015.06.26 03:03:02.778,1.37921,1.37924,1.50,1.00
2015.06.26 03:03:03.438,1.37921,1.37925,1.50,1.00
2015.06.26 03:03:05.477,1.37921,1.37926,1.87,1.00
2015.06.26 03:03:07.692,1.37921,1.37926,1.87,1.00
2015.06.26 03:03:14.205,1.37921,1.37926,1.00,1.00
2015.06.26 03:03:14.256,1.37919,1.37923,2.25,1.00
2015.06.26 03:03:14.865,1.37919,1.37923,1.87,1.00
2015.06.26 03:03:17.524,1.3792,1.37924,1.00,1.00
2015.06.26 03:03:19.949,1.3792,1.37927,1.12,1.20
2015.06.26 03:03:20.000,1.3792,1.37927,1.87,1.20
2015.06.26 03:03:21.124,1.3792,1.37927,1.87,1.10
2015.06.26 03:03:23.246,1.3792,1.37928,1.87,1.95
2015.06.26 03:03:23.773,1.3792,1.37928,1.87,1.95
2015.06.26 03:03:24.421,1.37921,1.37928,1.37,1.57
2015.06.26 03:03:24.624,1.37922,1.37931,1.87,4.12
2015.06.26 03:03:26.418,1.37925,1.3793,1.12,1.00
2015.06.26 03:03:26.985,1.37925,1.37929,1.12,1.00
2015.06.26 03:03:29.100,1.37923,1.37929,3.00,2.25
2015.06.26 03:03:29.151,1.37923,1.37929,2.62,2.25
2015.06.26 03:03:32.617,1.37923,1.37927,1.87,1.00
2015.06.26 03:03:32.675,1.37917,1.37922,1.87,1.10
2015.06.26 03:03:33.467,1.37916,1.37922,1.00,1.10
2015.06.26 03:03:33.999,1.37915,1.3792,1.50,1.50
2015.06.26 03:03:34.303,1.37915,1.37917,1.50,1.00
2015.06.26 03:03:34.405,1.37915,1.3792,1.50,3.00
2015.06.26 03:03:35.405,1.37915,1.37919,1.87,1.10
2015.06.26 03:03:35.767,1.37913,1.37919,1.87,2.62
2015.06.26 03:03:35.920,1.37909,1.37916,2.70,1.10
2015.06.26 03:03:36.785,1.37909,1.37916,2.62,2.25
2015.06.26 03:03:37.780,1.37909,1.37917,2.70,1.57
2015.06.26 03:03:38.726,1.37909,1.37916,3.07,1.10
2015.06.26 03:03:39.080,1.37914,1.37918,1.87,2.32
2015.06.26 03:03:39.434,1.37911,1.37918,2.25,3.07
2015.06.26 03:03:41.074,1.37914,1.37918,1.87,2.32
2015.06.26 03:03:41.378,1.37914,1.37919,1.87,1.20
2015.06.26 03:03:42.142,1.37914,1.37918,2.62,1.00
2015.06.26 03:03:42.816,1.37913,1.37918,1.00,1.00
2015.06.26 03:03:42.867,1.37913,1.37916,1.00,1.00
2015.06.26 03:03:43.175,1.37912,1.37918,1.37,1.20
2015.06.26 03:03:44.009,1.37913,1.37917,1.12,1.00
2015.06.26 03:03:45.248,1.37913,1.37918,1.50,1.00
2015.06.26 03:03:46.581,1.37912,1.37917,2.62,1.00
2015.06.26 03:03:47.671,1.37912,1.37918,1.87,1.50
2015.06.26 03:03:50.263,1.37914,1.3792,1.00,2.40
2015.06.26 03:03:51.190,1.37915,1.3792,1.00,1.65
2015.06.26 03:03:51.242,1.37915,1.3792,1.37,1.65
2015.06.26 03:03:52.163,1.37915,1.37921,3.90,1.00
2015.06.26 03:03:52.731,1.37915,1.37923,3.90,1.50
2015.06.26 03:03:53.948,1.37916,1.37923,1.57,1.10
2015.06.26 03:03:54.311,1.37916,1.37921,1.57,1.00
2015.06.26 03:03:55.583,1.37916,1.37923,1.57,1.57
2015.06.26 03:03:57.252,1.37918,1.37923,1.00,1.57
2015.06.26 03:03:57.354,1.37918,1.37923,1.50,1.57
2015.06.26 03:03:57.607,1.37918,1.37925,2.25,1.20
2015.06.26 03:03:57.810,1.3792,1.37923,1.12,1.00
2015.06.26 03:03:58.113,1.3792,1.37926,1.12,2.25
2015.06.26 03:03:58.265,1.37918,1.37923,1.87,1.00
2015.06.26 03:03:59.200,1.37919,1.37926,1.37,2.25
2015.06.26 03:03:59.783,1.37919,1.37926,2.62,2.25
2015.06.26 03:04:00.290,1.37919,1.37925,1.37,1.20
2015.06.26 03:04:01.088,1.37921,1.37926,1.87,1.50
2015.06.26 03:04:01.657,1.37921,1.37927,2.25,2.32
2015.06.26 03:04:05.370,1.37922,1.37927,3.75,1.10
2015.06.26 03:04:07.517,1.37922,1.37926,3.37,1.00
2015.06.26 03:04:07.568,1.37922,1.37926,1.00,1.00
2015.06.26 03:04:07.619,1.37921,1.37924,1.00,1.00
2015.06.26 03:04:08.124,1.37921,1.37925,1.00,1.00
2015.06.26 03:04:08.630,1.37919,1.37925,1.37,3.07
2015.06.26 03:04:12.744,1.37918,1.37923,1.37,1.00
2015.06.26 03:04:15.090,1.37917,1.37922,1.87,1.00
2015.06.26 03:04:15.400,1.37916,1.37918,1.87,1.07
2015.06.26 03:04:16.260,1.37918,1.3792,1.87,1.00
2015.06.26 03:04:16.361,1.37917,1.3792,2.62,1.00
2015.06.26 03:04:16.413,1.37917,1.37922,2.62,1.07
2015.06.26 03:04:16.514,1.37917,1.37924,3.00,2.25
2015.06.26 03:04:16.717,1.3792,1.37925,1.87,1.00
2015.06.26 03:04:21.824,1.37922,1.37925,3.00,1.00
2015.06.26 03:04:21.876,1.37922,1.37929,3.00,1.95
2015.06.26 03:04:24.958,1.37922,1.37927,3.00,1.00
2015.06.26 03:04:25.504,1.37922,1.37928,3.00,1.10
2015.06.26 03:04:26.373,1.37922,1.37928,1.00,1.10
2015.06.26 03:04:26.424,1.37923,1.37925,1.00,1.00
2015.06.26 03:04:26.728,1.37925,1.37926,1.00,1.00
2015.06.26 03:04:26.829,1.37925,1.37928,1.00,1.20
2015.06.26 03:04:26.981,1.37925,1.37926,1.00,1.00
2015.06.26 03:04:27.624,1.37929,1.37933,1.12,1.67
2015.06.26 03:04:27.676,1.37935,1.37938,1.00,1.57
2015.06.26 03:04:28.083,1.37936,1.37939,1.00,1.20
2015.06.26 03:04:28.388,1.37944,1.37946,1.00,2.40
2015.06.26 03:04:29.259,1.37944,1.37946,1.00,1.37
2015.06.26 03:04:29.512,1.37941,1.37945,1.00,1.00
2015.06.26 03:04:29.734,1.37941,1.37943,1.00,1.00
2015.06.26 03:04:29.788,1.37939,1.37941,1.12,1.00
2015.06.26 03:04:30.378,1.37939,1.37943,1.00,1.20
2015.06.26 03:04:32.221,1.37939,1.37943,1.00,1.57
2015.06.26 03:04:32.611,1.37937,1.37938,1.12,1.00
2015.06.26 03:04:32.763,1.37939,1.37941,1.12,1.00
2015.06.26 03:04:33.939,1.37939,1.37943,1.12,1.20
2015.06.26 03:04:34.423,1.37937,1.37943,1.00,1.20
2015.06.26 03:04:35.025,1.37937,1.37939,1.00,1.00
2015.06.26 03:04:35.330,1.3794,1.37942,1.00,1.00
2015.06.26 03:04:36.286,1.3794,1.37942,1.00,1.00
2015.06.26 03:04:37.238,1.3794,1.37945,1.12,1.00
2015.06.26 03:04:37.593,1.3794,1.37942,1.00,1.00
2015.06.26 03:04:37.993,1.37939,1.3794,1.00,1.00
2015.06.26 03:04:38.052,1.37938,1.3794,1.00,1.00
2015.06.26 03:04:43.307,1.37938,1.37939,1.00,1.00
2015.06.26 03:04:43.829,1.37938,1.3794,1.00,1.00
2015.06.26 03:04:44.384,1.37938,1.37939,1.00,1.00
2015.06.26 03:04:46.126,1.37938,1.3794,1.00,1.00
2015.06.26 03:04:46.654,1.37939,1.3794,1.00,1.00
2015.06.26 03:04:54.187,1.37939,1.37944,1.00,1.50
2015.06.26 03:04:54.717,1.37939,1.37945,1.00,3.37
2015.06.26 03:04:55.068,1.37939,1.37942,1.00,1.00
2015.06.26 03:05:01.793,1.37941,1.37945,1.00,2.85
2015.06.26 03:05:02.340,1.37941,1.37943,1.00,1.00
2015.06.26 03:05:03.577,1.37941,1.37946,1.00,1.60
2015.06.26 03:05:11.764,1.37941,1.37946,1.12,1.10
2015.06.26 03:05:16.716,1.37942,1.37946,1.00,1.00
2015.06.26 03:05:22.074,1.37944,1.37946,1.00,1.00
2015.06.26 03:05:22.581,1.37944,1.37948,1.00,1.00
2015.06.26 03:05:23.249,1.37944,1.37949,1.12,1.20
2015.06.26 03:05:23.361,1.37945,1.37947,1.00,1.00
2015.06.26 03:05:25.282,1.37945,1.37948,1.00,1.00
2015.06.26 03:05:28.059,1.37945,1.3795,1.12,1.42
2015.06.26 03:05:28.591,1.37945,1.37951,1.87,1.20
2015.06.26 03:05:31.270,1.37949,1.37951,1.00,1.35
2015.06.26 03:05:31.423,1.37947,1.37952,1.50,2.85
2015.06.26 03:05:32.058,1.37947,1.37953,1.47,1.12
2015.06.26 03:05:33.204,1.37948,1.37955,1.12,1.65
2015.06.26 03:05:35.855,1.37948,1.37955,1.37,1.65
2015.06.26 03:05:36.594,1.37948,1.37955,1.12,1.65
2015.06.26 03:05:42.384,1.37948,1.37955,2.62,2.02
2015.06.26 03:05:42.889,1.37948,1.37954,1.00,1.37
2015.06.26 03:05:44.453,1.37946,1.37952,1.50,1.45
2015.06.26 03:05:50.216,1.37946,1.37952,1.50,1.27
2015.06.26 03:05:50.767,1.37946,1.37954,1.57,1.47
2015.06.26 03:05:51.313,1.37947,1.37954,1.37,1.10
2015.06.26 03:05:51.831,1.37947,1.37955,1.87,1.20
2015.06.26 03:05:55.324,1.37947,1.37954,1.87,1.00
2015.06.26 03:05:57.425,1.37947,1.37953,1.50,1.12
2015.06.26 03:05:58.584,1.37946,1.37949,2.62,1.00
2015.06.26 03:05:59.211,1.37946,1.37951,1.50,1.57
2015.06.26 03:05:59.762,1.37946,1.37949,1.50,1.00
2015.06.26 03:06:03.279,1.37946,1.37949,1.00,1.00
2015.06.26 03:06:06.165,1.37947,1.37949,1.50,1.00
2015.06.26 03:06:08.854,1.37947,1.37951,1.50,1.00
2015.06.26 03:06:10.866,1.37948,1.3795,1.00,1.00
2015.06.26 03:06:10.968,1.37947,1.37953,2.62,1.00
2015.06.26 03:06:11.069,1.37947,1.37953,5.62,1.00
2015.06.26 03:06:11.170,1.37947,1.37955,4.27,1.00
2015.06.26 03:06:11.221,1.3795,1.37955,1.00,1.00
2015.06.26 03:06:12.199,1.37948,1.37951,1.00,1.00
2015.06.26 03:06:13.286,1.37948,1.3795,1.00,1.00
2015.06.26 03:06:16.820,1.37948,1.37952,1.00,1.00
2015.06.26 03:06:16.921,1.37948,1.37954,1.00,1.12
2015.06.26 03:06:23.260,1.37948,1.37954,1.00,1.37
2015.06.26 03:06:23.903,1.37947,1.37952,1.50,1.12
2015.06.26 03:06:26.946,1.37948,1.37952,1.87,1.00
2015.06.26 03:06:27.451,1.37948,1.37953,1.87,1.12
2015.06.26 03:06:32.166,1.37947,1.37953,1.50,1.12
2015.06.26 03:06:33.722,1.37948,1.37953,1.00,1.00
2015.06.26 03:06:34.205,1.3795,1.37953,1.00,1.00
2015.06.26 03:06:34.306,1.3795,1.37955,1.00,1.20
2015.06.26 03:06:36.295,1.37949,1.37955,1.12,1.20
2015.06.26 03:06:36.397,1.37949,1.37955,1.37,1.20
2015.06.26 03:06:37.111,1.37949,1.37955,1.37,1.20
2015.06.26 03:06:41.122,1.37949,1.37951,1.00,1.00
2015.06.26 03:06:41.173,1.37947,1.37951,1.00,1.00
2015.06.26 03:06:43.141,1.37947,1.3795,2.25,1.00
2015.06.26 03:06:54.985,1.37947,1.37952,3.37,1.00
2015.06.26 03:06:55.289,1.37947,1.3795,3.75,1.00
2015.06.26 03:06:57.963,1.37948,1.3795,1.87,1.00
2015.06.26 03:07:00.803,1.37949,1.37951,1.00,1.00
2015.06.26 03:07:10.362,1.37949,1.37953,1.00,1.00
2015.06.26 03:07:10.565,1.3795,1.37953,2.62,1.00
2015.06.26 03:07:11.059,1.3795,1.37954,1.00,1.00
2015.06.26 03:07:11.789,1.3795,1.37956,1.50,1.30
2015.06.26 03:07:11.840,1.37952,1.37956,1.00,1.30
2015.06.26 03:07:12.145,1.37953,1.37957,1.37,1.00
2015.06.26 03:07:12.753,1.37954,1.37957,1.50,1.00
2015.06.26 03:07:13.056,1.37953,1.37955,1.00,1.00
2015.06.26 03:07:13.582,1.37953,1.37956,1.00,1.00
2015.06.26 03:07:15.964,1.37953,1.37958,1.00,1.00
2015.06.26 03:07:16.797,1.37953,1.37958,1.37,1.00
2015.06.26 03:07:16.898,1.37955,1.37958,2.62,1.00
2015.06.26 03:07:17.465,1.37956,1.37959,1.12,1.00
2015.06.26 03:07:17.523,1.37956,1.37961,1.37,1.00
2015.06.26 03:07:19.969,1.37956,1.37961,1.12,1.00
2015.06.26 03:07:31.947,1.37956,1.37962,1.50,1.00
2015.06.26 03:07:32.451,1.37956,1.37961,1.37,1.00
2015.06.26 03:07:33.999,1.37957,1.37964,3.97,2.25
2015.06.26 03:07:34.967,1.3796,1.37963,1.60,1.10
2015.06.26 03:07:35.019,1.3796,1.37963,1.00,1.00
2015.06.26 03:07:50.393,1.37962,1.37966,1.00,1.57
2015.06.26 03:07:50.646,1.37964,1.37968,1.00,1.00
2015.06.26 03:07:55.318,1.37965,1.37968,1.50,1.00
2015.06.26 03:07:55.369,1.37972,1.37975,1.00,3.37
2015.06.26 03:07:55.472,1.37972,1.37973,1.00,6.37
2015.06.26 03:07:55.922,1.37974,1.37978,1.00,1.20
2015.06.26 03:07:56.024,1.37974,1.37976,1.00,1.12
2015.06.26 03:07:56.530,1.37974,1.37977,1.00,1.10
2015.06.26 03:07:58.278,1.37975,1.37977,1.00,1.10
2015.06.26 03:07:58.531,1.37975,1.37979,1.12,1.00
2015.06.26 03:07:59.769,1.37975,1.37979,1.37,1.00
2015.06.26 03:08:00.073,1.37981,1.37986,1.00,1.00
2015.06.26 03:08:00.591,1.37981,1.37985,1.10,1.00
2015.06.26 03:08:01.630,1.37971,1.37973,1.00,1.00
2015.06.26 03:08:01.934,1.3797,1.37973,1.50,1.00
2015.06.26 03:08:02.499,1.3797,1.37976,1.50,1.20
2015.06.26 03:08:03.175,1.3797,1.37975,1.50,1.00
2015.06.26 03:08:03.691,1.37971,1.37975,1.00,1.00
2015.06.26 03:08:03.742,1.37971,1.37973,1.00,1.00
2015.06.26 03:08:05.282,1.3797,1.37973,1.50,1.00
2015.06.26 03:08:07.423,1.3797,1.37976,1.00,1.57
2015.06.26 03:08:07.940,1.3797,1.37976,1.00,1.57
2015.06.26 03:08:08.463,1.3797,1.37977,1.50,1.12
2015.06.26 03:08:09.456,1.3797,1.37975,1.00,2.70
2015.06.26 03:08:10.026,1.37971,1.37975,1.00,2.70
2015.06.26 03:08:10.330,1.37976,1.37978,1.00,1.87
2015.06.26 03:08:10.432,1.37975,1.37978,1.00,1.87
2015.06.26 03:08:11.027,1.37976,1.3798,1.00,1.87
2015.06.26 03:08:11.230,1.37976,1.37981,1.00,1.57
2015.06.26 03:08:11.331,1.37976,1.37981,1.00,1.57
2015.06.26 03:08:11.955,1.37975,1.37981,1.00,1.20
2015.06.26 03:08:13.258,1.37976,1.37981,1.00,1.10
2015.06.26 03:08:13.888,1.37975,1.37981,2.25,1.10
2015.06.26 03:08:14.834,1.37975,1.37981,3.00,1.00
2015.06.26 03:08:15.278,1.37977,1.37983,1.50,1.12
2015.06.26 03:08:15.791,1.37978,1.37985,1.20,1.75
2015.06.26 03:08:20.792,1.37978,1.37985,1.20,1.75
2015.06.26 03:08:21.297,1.37978,1.37985,1.20,1.50
2015.06.26 03:08:27.920,1.37978,1.37984,1.20,1.87
2015.06.26 03:08:33.031,1.37978,1.37986,1.20,3.52
2015.06.26 03:08:33.235,1.3798,1.37985,1.00,1.00
2015.06.26 03:08:33.286,1.3798,1.37988,1.00,1.95
2015.06.26 03:08:33.725,1.37982,1.37989,1.00,1.95
2015.06.26 03:08:34.043,1.37985,1.3799,1.00,1.20
2015.06.26 03:08:34.548,1.37985,1.37989,1.00,1.00
2015.06.26 03:08:36.064,1.37983,1.37989,1.87,1.00
2015.06.26 03:08:36.593,1.37984,1.37989,1.00,1.00
2015.06.26 03:08:37.144,1.37983,1.37989,1.12,1.00
2015.06.26 03:08:40.480,1.37983,1.37991,3.37,1.00
2015.06.26 03:08:40.582,1.37985,1.37992,1.12,1.10
2015.06.26 03:08:41.089,1.37985,1.37994,1.12,2.40
2015.06.26 03:08:41.493,1.37987,1.37993,1.00,1.00
2015.06.26 03:08:42.069,1.37987,1.37994,1.00,1.27
2015.06.26 03:08:43.077,1.37987,1.37993,1.00,1.00
2015.06.26 03:08:43.888,1.37987,1.37993,1.00,1.37
2015.06.26 03:08:45.120,1.37986,1.37991,1.57,3.00
2015.06.26 03:08:45.443,1.37986,1.37989,1.10,2.25
2015.06.26 03:08:46.045,1.37985,1.37989,1.10,2.25
2015.06.26 03:08:47.832,1.37983,1.37989,3.45,2.25
2015.06.26 03:08:49.320,1.37983,1.37991,4.42,2.32
2015.06.26 03:08:49.422,1.37986,1.37991,1.00,1.00
2015.06.26 03:08:50.919,1.37986,1.37988,2.40,1.00
2015.06.26 03:08:51.121,1.37985,1.3799,2.62,7.12
2015.06.26 03:08:52.325,1.37985,1.3799,1.00,7.12
2015.06.26 03:08:52.890,1.37985,1.37989,1.00,2.62
2015.06.26 03:08:59.083,1.37985,1.37989,2.62,2.62
2015.06.26 03:08:59.134,1.37987,1.3799,1.12,1.10
2015.06.26 03:08:59.235,1.37986,1.37995,2.77,2.25
2015.06.26 03:08:59.775,1.3799,1.37997,1.50,2.70
2015.06.26 03:08:59.927,1.37995,1.38002,1.00,2.32
2015.06.26 03:09:00.028,1.37997,1.38003,1.00,1.87
2015.06.26 03:09:00.547,1.37998,1.38005,1.00,3.07
2015.06.26 03:09:00.801,1.37998,1.38005,1.00,1.00
2015.06.26 03:09:01.394,1.37998,1.38005,1.50,1.37
2015.06.26 03:09:02.039,1.37998,1.38005,1.50,1.00
2015.06.26 03:09:02.577,1.37998,1.38004,1.50,1.00
2015.06.26 03:09:02.780,1.38001,1.38004,1.00,1.00
2015.06.26 03:09:06.752,1.38001,1.38005,1.00,1.00
2015.06.26 03:09:12.221,1.38001,1.38006,1.00,1.00
2015.06.26 03:09:12.731,1.38005,1.38008,1.87,1.12
2015.06.26 03:09:12.793,1.38006,1.38011,1.87,1.87
2015.06.26 03:09:13.532,1.38006,1.38009,1.87,1.00
2015.06.26 03:09:14.044,1.38001,1.38002,1.00,1.10
2015.06.26 03:09:14.096,1.37996,1.38002,1.37,1.10
2015.06.26 03:09:14.702,1.37996,1.38002,1.37,1.57
2015.06.26 03:09:16.275,1.37996,1.38002,1.37,1.50
2015.06.26 03:09:17.375,1.37996,1.38002,1.00,1.50
2015.06.26 03:09:20.704,1.37994,1.37998,1.00,1.10
2015.06.26 03:09:21.576,1.37994,1.37998,1.00,1.37
2015.06.26 03:09:21.728,1.37992,1.37998,1.00,1.50
2015.06.26 03:09:23.420,1.37992,1.37998,1.37,1.87
2015.06.26 03:09:23.927,1.37994,1.37998,1.00,1.12
2015.06.26 03:09:24.029,1.37992,1.37997,1.00,1.20
2015.06.26 03:09:26.465,1.37992,1.37996,1.00,1.45
2015.06.26 03:09:27.864,1.37992,1.37998,1.00,3.00
2015.06.26 03:09:31.451,1.37992,1.37998,1.37,1.20
2015.06.26 03:09:34.204,1.37996,1.38,1.00,2.25
2015.06.26 03:09:34.356,1.37998,1.38002,1.00,1.00
2015.06.26 03:09:35.280,1.37998,1.38003,1.00,1.00
2015.06.26 03:09:41.516,1.37998,1.38002,1.00,1.00
2015.06.26 03:09:42.928,1.37996,1.38002,1.50,1.00
2015.06.26 03:09:43.567,1.37996,1.38002,1.50,1.37
2015.06.26 03:09:44.098,1.37993,1.38003,1.65,5.02
2015.06.26 03:09:44.351,1.37993,1.38002,1.27,1.37
2015.06.26 03:09:47.609,1.37991,1.37998,1.87,1.00
2015.06.26 03:09:48.098,1.3799,1.37995,2.62,1.00
2015.06.26 03:09:52.568,1.37989,1.37995,1.37,1.00
2015.06.26 03:09:55.574,1.37987,1.37994,2.25,1.00
2015.06.26 03:09:55.625,1.37987,1.37992,1.87,1.00
2015.06.26 03:09:55.677,1.37986,1.37992,1.87,1.50
2015.06.26 03:09:56.673,1.37986,1.3799,1.87,1.00
2015.06.26 03:09:56.728,1.37982,1.3799,1.00,1.00
2015.06.26 03:09:56.779,1.37985,1.3799,1.87,1.00
2015.06.26 03:09:56.982,1.37982,1.3799,1.50,1.00
2015.06.26 03:09:57.490,1.37981,1.37989,1.50,2.25
2015.06.26 03:10:02.024,1.37982,1.37989,1.50,2.32
2015.06.26 03:10:05.535,1.37981,1.3799,1.87,2.32
2015.06.26 03:10:09.375,1.3798,1.3799,2.70,1.57
2015.06.26 03:10:13.222,1.3798,1.3799,3.82,1.95
2015.06.26 03:10:14.034,1.37981,1.3799,1.10,1.95
2015.06.26 03:10:15.231,1.3798,1.3799,3.82,1.95
2015.06.26 03:10:15.774,1.37981,1.3799,1.10,1.95
2015.06.26 03:10:16.323,1.3798,1.37989,1.87,2.62
2015.06.26 03:10:16.912,1.3798,1.37989,1.00,2.62
2015.06.26 03:10:18.653,1.37979,1.37989,2.62,2.62
2015.06.26 03:10:19.175,1.37979,1.37989,2.62,2.62
2015.06.26 03:10:19.978,1.37979,1.37989,1.87,2.62
2015.06.26 03:10:20.521,1.37979,1.37989,1.87,2.62
2015.06.26 03:10:21.072,1.37979,1.37989,1.87,3.00
2015.06.26 03:10:21.174,1.37979,1.37989,1.87,2.62
2015.06.26 03:10:21.376,1.37979,1.37989,1.12,3.37
2015.06.26 03:10:21.680,1.37979,1.37989,1.37,4.12
2015.06.26 03:10:21.882,1.37979,1.37989,1.12,3.75
2015.06.26 03:10:21.983,1.37979,1.37989,1.37,4.12
2015.06.26 03:10:22.855,1.37979,1.37989,1.00,3.75
2015.06.26 03:10:23.392,1.37979,1.37989,1.37,3.75
2015.06.26 03:10:24.634,1.37979,1.37989,1.85,2.25
2015.06.26 03:10:25.147,1.3798,1.37989,2.25,1.00
2015.06.26 03:10:25.655,1.3798,1.3799,2.25,3.07
2015.06.26 03:10:26.157,1.37979,1.37988,1.85,1.50
2015.06.26 03:10:29.825,1.37979,1.37988,1.57,1.50
2015.06.26 03:10:30.370,1.3798,1.3799,1.50,3.07
2015.06.26 03:10:30.774,1.37979,1.37987,1.57,1.00
2015.06.26 03:10:31.476,1.37978,1.37986,1.37,1.00
2015.06.26 03:10:36.608,1.37977,1.37987,3.07,2.32
2015.06.26 03:10:37.155,1.37977,1.37986,3.07,1.10
2015.06.26 03:10:39.805,1.37979,1.37985,1.00,1.00
2015.06.26 03:10:40.993,1.37976,1.37984,3.15,1.00
2015.06.26 03:10:41.580,1.37975,1.37984,3.45,1.57
2015.06.26 03:10:42.104,1.37975,1.37984,1.47,1.20
2015.06.26 03:10:42.666,1.37975,1.37984,1.47,1.47
2015.06.26 03:10:43.772,1.37973,1.37981,4.50,1.10
2015.06.26 03:10:43.823,1.37973,1.37981,2.25,1.10
2015.06.26 03:10:44.328,1.37973,1.37981,1.37,1.95
2015.06.26 03:10:46.936,1.37971,1.37981,4.50,1.50
2015.06.26 03:10:49.970,1.37971,1.3798,3.00,1.20
2015.06.26 03:10:51.662,1.37971,1.3798,3.75,1.20
2015.06.26 03:11:02.912,1.37972,1.37981,2.32,1.00
2015.06.26 03:11:17.950,1.37973,1.37983,1.85,3.07
2015.06.26 03:11:24.109,1.37974,1.37983,1.00,3.07
2015.06.26 03:11:29.464,1.37974,1.37983,1.50,1.07
2015.06.26 03:11:29.981,1.37975,1.37984,2.70,1.37
2015.06.26 03:11:30.775,1.37975,1.37984,2.70,1.37
2015.06.26 03:11:31.593,1.37976,1.37984,1.10,1.37
2015.06.26 03:11:31.896,1.37979,1.37984,1.00,1.37
2015.06.26 03:11:40.633,1.37977,1.37978,1.00,1.12
2015.06.26 03:11:40.684,1.37974,1.37977,1.87,1.00
2015.06.26 03:11:40.887,1.37968,1.37974,4.57,1.00
2015.06.26 03:11:40.938,1.37968,1.37974,2.32,1.00
2015.06.26 03:11:41.039,1.37966,1.37972,2.62,1.00
2015.06.26 03:11:41.141,1.37966,1.37972,1.10,1.00
2015.06.26 03:11:41.678,1.37963,1.37971,4.50,1.00
2015.06.26 03:11:49.515,1.37963,1.37971,3.30,1.37
2015.06.26 03:11:55.668,1.37963,1.37971,3.30,1.12
2015.06.26 03:12:02.204,1.37963,1.3797,3.67,1.00
2015.06.26 03:12:04.108,1.37964,1.3797,1.00,1.00
2015.06.26 03:12:11.044,1.37963,1.3797,3.07,1.00
2015.06.26 03:12:14.231,1.37963,1.37971,3.67,1.00
2015.06.26 03:12:17.639,1.37963,1.3797,2.17,1.00
2015.06.26 03:12:18.541,1.37963,1.3797,2.10,1.57
2015.06.26 03:12:23.140,1.37963,1.3797,1.72,1.57
2015.06.26 03:12:24.511,1.37963,1.3797,1.35,1.57
2015.06.26 03:12:35.032,1.3796,1.37968,2.62,1.20
2015.06.26 03:12:40.604,1.3796,1.37968,2.25,1.20
2015.06.26 03:12:41.020,1.37961,1.37968,1.50,1.07
2015.06.26 03:12:41.223,1.3796,1.37969,6.00,1.87
2015.06.26 03:12:41.725,1.3796,1.37964,1.12,1.20
2015.06.26 03:12:41.776,1.37956,1.37963,1.00,1.50
2015.06.26 03:12:42.282,1.37955,1.37961,1.00,1.10
2015.06.26 03:12:43.913,1.37953,1.3796,1.37,1.00
2015.06.26 03:12:47.292,1.37953,1.37962,1.95,1.20
2015.06.26 03:12:49.850,1.37955,1.37963,1.50,2.25
2015.06.26 03:12:49.951,1.37956,1.37963,1.37,1.07
2015.06.26 03:12:50.154,1.37957,1.37967,1.57,3.37
2015.06.26 03:12:50.652,1.37959,1.37968,1.50,2.62
2015.06.26 03:13:04.684,1.37959,1.37967,1.50,2.02
2015.06.26 03:13:05.150,1.37958,1.37965,1.20,1.12
2015.06.26 03:13:05.202,1.37957,1.37965,2.62,1.45
2015.06.26 03:13:06.301,1.37957,1.37965,1.87,1.45
2015.06.26 03:13:10.990,1.37957,1.37965,1.87,1.12
2015.06.26 03:13:18.066,1.37957,1.37966,1.50,3.37
2015.06.26 03:13:18.616,1.37957,1.37966,2.62,1.45
2015.06.26 03:13:19.620,1.37958,1.37967,1.37,3.75
2015.06.26 03:13:19.722,1.37958,1.37967,1.37,3.37
2015.06.26 03:13:19.942,1.37958,1.37967,1.37,2.25
2015.06.26 03:13:20.478,1.37958,1.37967,1.37,1.50
2015.06.26 03:13:20.951,1.37961,1.37969,1.00,1.65
2015.06.26 03:13:21.553,1.37962,1.3797,1.00,1.47
2015.06.26 03:13:21.606,1.37964,1.37972,1.00,2.62
2015.06.26 03:13:21.809,1.37964,1.37973,1.50,1.95
2015.06.26 03:13:23.493,1.37965,1.37973,1.50,1.20
2015.06.26 03:13:23.544,1.37968,1.37973,1.37,1.57
2015.06.26 03:13:23.696,1.3797,1.37975,1.12,1.87
2015.06.26 03:13:24.218,1.3797,1.37975,1.12,1.12
2015.06.26 03:13:26.725,1.3797,1.37978,1.37,1.12
2015.06.26 03:13:36.331,1.37971,1.3798,1.00,2.70
2015.06.26 03:13:36.432,1.37973,1.3798,1.12,2.25
2015.06.26 03:13:36.533,1.37973,1.37982,1.87,3.45
2015.06.26 03:13:37.026,1.37973,1.37982,1.65,1.27
2015.06.26 03:13:37.084,1.37975,1.37984,2.25,1.95
2015.06.26 03:13:37.388,1.37978,1.37984,1.00,1.47
2015.06.26 03:13:38.368,1.37978,1.37986,1.00,3.07
2015.06.26 03:13:39.523,1.3798,1.37987,1.00,2.32
2015.06.26 03:13:39.624,1.3798,1.37987,1.00,1.95
2015.06.26 03:13:39.776,1.37981,1.37988,1.00,1.95
2015.06.26 03:13:40.529,1.37982,1.37989,1.00,1.87
2015.06.26 03:13:40.580,1.37982,1.37989,1.00,1.87
2015.06.26 03:13:40.732,1.3798,1.37988,1.50,1.37
2015.06.26 03:13:40.783,1.3798,1.37988,1.50,1.00
2015.06.26 03:13:41.288,1.37983,1.37988,1.00,1.00
2015.06.26 03:13:42.720,1.37983,1.3799,1.00,2.23
2015.06.26 03:13:43.360,1.37985,1.3799,1.12,1.10
2015.06.26 03:13:43.666,1.37987,1.37995,1.00,2.62
2015.06.26 03:13:43.768,1.37988,1.37996,2.06,1.37
2015.06.26 03:13:43.819,1.37992,1.37997,1.56,1.50
2015.06.26 03:13:44.269,1.37994,1.38,1.56,1.12
2015.06.26 03:13:44.320,1.37994,1.38001,1.50,2.25
2015.06.26 03:13:44.422,1.37997,1.38001,1.00,1.00
2015.06.26 03:13:46.531,1.37997,1.38002,1.00,1.12
2015.06.26 03:13:47.293,1.37997,1.38002,1.00,1.50
2015.06.26 03:13:52.910,1.37995,1.38,1.00,1.87
2015.06.26 03:13:53.265,1.37997,1.37999,1.00,1.87
2015.06.26 03:13:55.040,1.37995,1.38,1.00,5.32
2015.06.26 03:13:56.456,1.37993,1.38,1.00,2.32
2015.06.26 03:14:00.304,1.37992,1.37998,1.00,1.75
2015.06.26 03:14:00.507,1.37992,1.37998,1.00,3.75
2015.06.26 03:14:00.609,1.37992,1.37996,1.00,1.37
2015.06.26 03:14:00.912,1.37994,1.38,1.00,2.40
2015.06.26 03:14:01.422,1.37994,1.38,1.00,2.40
2015.06.26 03:14:05.035,1.37992,1.37998,1.00,2.25
2015.06.26 03:14:05.634,1.37993,1.37997,1.00,2.40
2015.06.26 03:14:09.354,1.37991,1.37997,1.00,2.40
2015.06.26 03:14:11.676,1.37989,1.37996,1.00,1.75
2015.06.26 03:14:11.829,1.37988,1.37994,1.00,2.25
2015.06.26 03:14:15.685,1.37987,1.37993,1.00,1.95
2015.06.26 03:14:17.083,1.37988,1.37993,1.00,1.95
2015.06.26 03:14:21.786,1.37985,1.37993,1.00,1.45
2015.06.26 03:14:21.851,1.37987,1.37993,1.00,1.45
2015.06.26 03:14:23.035,1.37987,1.37993,1.00,1.20
2015.06.26 03:14:26.929,1.37985,1.37991,1.00,1.37
2015.06.26 03:14:27.182,1.37981,1.37989,1.00,3.45
2015.06.26 03:14:27.697,1.3798,1.37988,1.00,1.12
2015.06.26 03:14:28.865,1.37981,1.37986,1.00,1.00
2015.06.26 03:14:38.956,1.3798,1.37987,1.00,1.95
2015.06.26 03:14:39.486,1.3798,1.37985,1.00,1.57
2015.06.26 03:14:39.638,1.3798,1.37986,1.00,4.87
2015.06.26 03:14:40.815,1.3798,1.37986,1.00,5.62
2015.06.26 03:14:41.605,1.37978,1.37984,1.00,1.37
2015.06.26 03:14:42.197,1.37978,1.37984,1.00,2.32
2015.06.26 03:14:42.825,1.37978,1.37983,1.00,1.95
2015.06.26 03:14:43.474,1.37978,1.37983,1.00,1.95
2015.06.26 03:14:45.066,1.37978,1.3798,1.00,1.00
2015.06.26 03:14:45.167,1.37976,1.3798,1.00,1.00
2015.06.26 03:14:45.522,1.37976,1.37982,1.60,1.37
2015.06.26 03:14:45.827,1.37981,1.37987,1.00,2.70
2015.06.26 03:14:46.820,1.37981,1.37988,1.00,2.70
2015.06.26 03:14:54.074,1.37983,1.37988,1.00,3.07
2015.06.26 03:14:55.682,1.37983,1.37987,1.00,1.47
2015.06.26 03:14:56.540,1.37983,1.37987,1.00,1.47
2015.06.26 03:14:57.462,1.37983,1.37987,1.00,1.10
2015.06.26 03:14:59.038,1.37982,1.37984,1.00,1.00
2015.06.26 03:14:59.090,1.37979,1.37983,1.00,1.00
2015.06.26 03:14:59.597,1.37979,1.37984,1.00,4.87
2015.06.26 03:15:00.922,1.37979,1.37984,1.00,1.50
2015.06.26 03:15:01.679,1.3798,1.37986,1.00,3.00
2015.06.26 03:15:01.783,1.37982,1.37986,1.00,1.10
2015.06.26 03:15:04.792,1.37982,1.37988,1.00,4.12
2015.06.26 03:15:10.804,1.37982,1.37988,1.00,4.87
2015.06.26 03:15:11.336,1.37982,1.37985,1.00,1.12
2015.06.26 03:15:13.043,1.37982,1.37986,1.00,1.00
2015.06.26 03:15:13.568,1.37982,1.37987,1.00,1.27
2015.06.26 03:15:15.174,1.37982,1.37985,1.00,1.00
2015.06.26 03:15:21.069,1.37982,1.37984,1.00,1.00
2015.06.26 03:15:23.424,1.37982,1.37985,1.00,1.12
2015.06.26 03:15:23.829,1.37981,1.37985,1.00,1.87
2015.06.26 03:15:23.881,1.37979,1.37985,1.00,2.62
2015.06.26 03:15:24.033,1.37979,1.37983,1.00,1.37
2015.06.26 03:15:25.813,1.37977,1.37983,1.37,2.62
2015.06.26 03:15:27.841,1.37979,1.37986,1.12,1.65
2015.06.26 03:15:27.892,1.37979,1.37987,1.12,2.62
2015.06.26 03:15:28.096,1.3798,1.37988,1.37,2.25
2015.06.26 03:15:28.639,1.3798,1.37988,1.12,1.50
2015.06.26 03:15:29.026,1.37983,1.37988,1.00,1.50
2015.06.26 03:15:29.578,1.37984,1.3799,1.00,1.00
2015.06.26 03:15:29.781,1.37984,1.37992,1.20,1.20
2015.06.26 03:15:30.297,1.37985,1.37992,1.00,1.20
2015.06.26 03:15:35.647,1.37987,1.37992,1.00,1.20
2015.06.26 03:15:46.731,1.37987,1.37993,1.00,1.50
2015.06.26 03:15:48.187,1.37988,1.37994,1.00,1.50
2015.06.26 03:15:48.238,1.37988,1.37993,1.00,1.07
2015.06.26 03:15:48.340,1.3799,1.37995,1.00,1.50
2015.06.26 03:15:48.846,1.3799,1.37996,1.00,1.50
2015.06.26 03:15:49.640,1.37991,1.37996,1.00,1.50
2015.06.26 03:15:50.912,1.37991,1.37995,1.00,1.85
2015.06.26 03:15:51.215,1.37989,1.37994,1.00,1.50
2015.06.26 03:15:51.266,1.37991,1.37994,1.00,1.50
2015.06.26 03:15:51.418,1.37991,1.37996,1.00,1.50
2015.06.26 03:15:52.374,1.37994,1.37999,1.00,3.00
2015.06.26 03:15:52.476,1.37992,1.37998,1.00,1.20
2015.06.26 03:15:52.578,1.37992,1.37998,1.00,1.85
2015.06.26 03:15:53.084,1.37991,1.37997,1.00,1.50
2015.06.26 03:15:55.951,1.37991,1.37997,1.87,1.87
2015.06.26 03:16:00.959,1.37991,1.37997,1.12,1.50
2015.06.26 03:16:01.771,1.37991,1.37997,1.37,1.50
2015.06.26 03:16:02.313,1.37991,1.37996,1.37,1.07
2015.06.26 03:16:05.255,1.3799,1.37996,1.00,1.95
2015.06.26 03:16:11.315,1.37991,1.37996,1.00,1.07
2015.06.26 03:16:11.820,1.37991,1.37998,1.00,1.07
2015.06.26 03:16:18.798,1.37992,1.37998,1.00,1.07
2015.06.26 03:16:19.354,1.37992,1.37999,1.00,1.50
2015.06.26 03:16:21.722,1.37992,1.38,2.25,1.07
2015.06.26 03:16:22.421,1.37992,1.37998,1.00,1.20
2015.06.26 03:16:24.530,1.37992,1.37998,1.00,1.50
2015.06.26 03:16:33.699,1.37991,1.37998,1.00,1.50
2015.06.26 03:16:33.801,1.37993,1.37998,1.00,1.50
2015.06.26 03:16:37.991,1.37992,1.37998,2.25,1.50
2015.06.26 03:16:50.813,1.37993,1.37998,1.00,1.50
2015.06.26 03:16:51.066,1.37993,1.38001,2.62,1.87
2015.06.26 03:16:51.815,1.37995,1.38002,1.00,2.62
2015.06.26 03:16:52.321,1.37995,1.38002,1.00,2.62
2015.06.26 03:16:53.828,1.37995,1.38002,1.00,1.10
2015.06.26 03:17:01.819,1.37995,1.38,1.00,1.00
2015.06.26 03:17:04.475,1.37995,1.38002,1.00,1.57
2015.06.26 03:17:06.314,1.37999,1.38003,1.00,1.10
2015.06.26 03:17:06.470,1.37999,1.38006,1.12,3.15
2015.06.26 03:17:07.997,1.37999,1.38007,1.87,1.20
2015.06.26 03:17:14.577,1.37999,1.38009,3.37,2.70
2015.06.26 03:17:14.779,1.38001,1.38009,1.00,2.32
2015.06.26 03:17:19.862,1.38001,1.3801,3.37,1.12
2015.06.26 03:17:20.181,1.38003,1.38011,1.00,1.10
2015.06.26 03:17:21.615,1.38005,1.38011,1.00,1.10
2015.06.26 03:17:24.500,1.38005,1.38011,1.12,1.95
2015.06.26 03:17:25.043,1.38005,1.38011,1.12,1.57
2015.06.26 03:17:33.076,1.38005,1.3801,1.12,1.00
2015.06.26 03:17:36.231,1.38002,1.3801,1.20,4.12
2015.06.26 03:17:38.566,1.38001,1.38008,1.75,1.10
2015.06.26 03:17:38.628,1.38001,1.38008,1.37,1.10
2015.06.26 03:17:41.685,1.38001,1.38006,1.37,1.00
2015.06.26 03:17:42.488,1.38,1.38007,1.37,3.07
2015.06.26 03:17:43.692,1.38001,1.38007,1.37,1.50
2015.06.26 03:17:48.904,1.38001,1.38009,1.37,2.70
2015.06.26 03:17:52.877,1.38001,1.38008,1.37,1.00
2015.06.26 03:17:53.486,1.38004,1.38011,1.12,3.15
2015.06.26 03:17:53.638,1.38006,1.38011,1.00,3.00
2015.06.26 03:17:53.741,1.38006,1.38013,1.00,2.62
2015.06.26 03:17:53.843,1.38006,1.3801,1.00,1.00
2015.06.26 03:17:55.364,1.38004,1.3801,1.12,1.00
2015.06.26 03:17:56.997,1.38005,1.3801,1.50,1.00
2015.06.26 03:17:57.049,1.38005,1.38012,1.50,1.20
2015.06.26 03:17:57.151,1.38007,1.38012,1.00,1.20
2015.06.26 03:17:58.194,1.38006,1.38013,1.50,1.65
2015.06.26 03:18:02.395,1.38006,1.38013,1.50,1.87
2015.06.26 03:18:02.914,1.38004,1.38007,1.95,1.00
2015.06.26 03:18:03.427,1.38004,1.38007,1.12,1.00
2015.06.26 03:18:05.683,1.38004,1.38009,1.12,1.20
2015.06.26 03:18:07.707,1.38004,1.38008,1.12,1.00
2015.06.26 03:18:08.698,1.38002,1.38007,1.37,1.00
2015.06.26 03:18:09.418,1.38002,1.38007,1.12,1.12
2015.06.26 03:18:11.560,1.38,1.38007,1.37,3.75
2015.06.26 03:18:12.068,1.38,1.38005,1.37,1.00
2015.06.26 03:18:12.916,1.38,1.38006,1.37,1.20
2015.06.26 03:18:15.261,1.38,1.38006,1.37,1.57
2015.06.26 03:18:16.468,1.38,1.38007,1.00,2.25
2015.06.26 03:18:16.620,1.37998,1.38005,1.12,1.37
2015.06.26 03:18:23.668,1.37997,1.38005,1.37,1.87
2015.06.26 03:18:25.228,1.37996,1.38004,1.50,1.87
2015.06.26 03:18:25.810,1.37996,1.38004,1.50,1.87
2015.06.26 03:18:26.318,1.37996,1.38004,1.50,1.87
2015.06.26 03:18:28.698,1.37998,1.38005,1.37,1.57
2015.06.26 03:18:29.506,1.37998,1.38005,1.37,1.57
2015.06.26 03:18:43.293,1.37998,1.38004,1.37,1.47
2015.06.26 03:18:43.446,1.37996,1.38004,1.37,1.57
2015.06.26 03:18:43.778,1.37997,1.38004,1.87,1.57
2015.06.26 03:18:45.283,1.37996,1.38004,1.37,1.57
2015.06.26 03:18:45.934,1.37996,1.38004,1.37,1.57
2015.06.26 03:18:46.438,1.37996,1.38004,1.37,1.57
2015.06.26 03:18:47.391,1.37996,1.38004,1.37,1.57
2015.06.26 03:18:48.994,1.37996,1.38004,1.37,1.57
2015.06.26 03:18:49.711,1.37996,1.38004,1.00,2.32
2015.06.26 03:18:49.762,1.37994,1.38002,1.37,2.70
2015.06.26 03:18:50.578,1.37994,1.38001,1.37,2.62
2015.06.26 03:18:51.085,1.37994,1.38,1.12,1.10
2015.06.26 03:19:01.150,1.37994,1.38,1.12,1.87
2015.06.26 03:19:04.452,1.37992,1.37999,1.37,2.32
2015.06.26 03:19:05.488,1.37992,1.37997,1.37,1.07
2015.06.26 03:19:11.884,1.3799,1.37997,1.37,1.20
2015.06.26 03:19:16.952,1.3799,1.37997,1.50,1.45
2015.06.26 03:19:17.842,1.3799,1.37997,1.37,1.45
2015.06.26 03:19:22.600,1.3799,1.37997,1.37,1.45
2015.06.26 03:19:23.211,1.3799,1.37997,1.37,1.45
2015.06.26 03:19:23.794,1.37992,1.37997,1.37,1.07
2015.06.26 03:19:23.845,1.37992,1.37999,1.37,1.07
2015.06.26 03:19:23.998,1.37993,1.38002,1.00,3.37
2015.06.26 03:19:27.139,1.37993,1.38002,1.37,3.75
2015.06.26 03:19:33.603,1.37994,1.38002,1.37,3.37
2015.06.26 03:19:33.906,1.37997,1.38004,1.37,3.37
2015.06.26 03:19:34.008,1.37997,1.38004,1.50,1.87
2015.06.26 03:19:34.545,1.37997,1.38004,1.50,1.12
2015.06.26 03:19:35.085,1.37997,1.38003,1.50,1.00
2015.06.26 03:19:45.608,1.37997,1.38005,1.00,2.62
2015.06.26 03:19:46.516,1.37997,1.38005,1.00,3.37
2015.06.26 03:19:54.638,1.37996,1.38005,1.50,3.37
2015.06.26 03:19:57.056,1.37996,1.38005,1.50,3.37
2015.06.26 03:20:00.356,1.37996,1.38005,1.50,4.12
2015.06.26 03:20:00.899,1.37996,1.38001,1.50,1.50
2015.06.26 03:20:01.363,1.37993,1.37998,1.00,1.87
2015.06.26 03:20:01.465,1.37991,1.37998,2.25,1.87
2015.06.26 03:20:02.229,1.37992,1.37997,1.00,1.50
2015.06.26 03:20:08.544,1.37991,1.37997,1.00,1.87
2015.06.26 03:20:08.747,1.37991,1.37999,1.00,3.37
2015.06.26 03:20:21.184,1.3799,1.37999,3.00,2.62
2015.06.26 03:20:26.812,1.3799,1.37999,1.50,3.00
2015.06.26 03:20:27.767,1.3799,1.37997,1.87,1.50
2015.06.26 03:20:35.542,1.3799,1.37997,1.00,1.87
2015.06.26 03:20:37.253,1.3799,1.37997,1.00,1.87
2015.06.26 03:20:41.532,1.3799,1.37998,1.37,3.00
2015.06.26 03:20:43.883,1.3799,1.37998,1.12,2.25
2015.06.26 03:20:48.714,1.37989,1.37996,2.62,2.32
2015.06.26 03:20:49.228,1.37989,1.37995,1.87,1.50
2015.06.26 03:20:51.993,1.37989,1.37997,1.87,3.07
2015.06.26 03:20:56.636,1.37989,1.37997,1.87,1.57
2015.06.26 03:20:57.802,1.37989,1.37997,1.95,1.00
2015.06.26 03:20:58.163,1.3799,1.37997,1.37,1.00
2015.06.26 03:20:58.750,1.3799,1.37998,1.37,1.20
2015.06.26 03:21:00.261,1.3799,1.37998,1.00,1.47
2015.06.26 03:21:03.275,1.37989,1.37998,2.70,1.47
2015.06.26 03:21:04.889,1.37989,1.37998,2.32,1.47
2015.06.26 03:21:05.193,1.37985,1.37991,1.30,1.00
2015.06.26 03:21:05.396,1.37982,1.37991,3.00,1.00
2015.06.26 03:21:05.939,1.37984,1.37994,1.57,2.70
2015.06.26 03:21:06.446,1.37985,1.37994,2.25,1.45
2015.06.26 03:21:11.394,1.37985,1.37994,4.12,1.57
2015.06.26 03:21:18.640,1.37985,1.37993,1.20,1.37
2015.06.26 03:21:18.794,1.37982,1.37991,1.57,1.00
2015.06.26 03:21:20.625,1.37982,1.37991,1.45,1.37
2015.06.26 03:21:23.240,1.37982,1.37991,1.45,1.12
2015.06.26 03:21:26.257,1.37984,1.37993,1.37,1.57
2015.06.26 03:21:26.856,1.37984,1.37993,1.37,1.00
2015.06.26 03:21:28.332,1.37984,1.37993,1.12,1.12
2015.06.26 03:21:28.835,1.37984,1.37993,1.12,1.95
2015.06.26 03:21:42.780,1.37984,1.37993,1.00,1.95
2015.06.26 03:21:43.296,1.37983,1.37991,1.50,1.45
2015.06.26 03:21:45.435,1.37982,1.37991,1.50,2.70
2015.06.26 03:21:54.275,1.37982,1.37991,1.50,2.32
2015.06.26 03:21:55.275,1.37982,1.37991,1.37,2.32
2015.06.26 03:21:55.913,1.37982,1.37991,1.37,2.32
2015.06.26 03:22:04.672,1.37983,1.37991,1.75,1.07
2015.06.26 03:22:05.106,1.37983,1.37992,1.85,1.20
2015.06.26 03:22:06.126,1.37983,1.37992,2.32,1.57
2015.06.26 03:22:08.287,1.37983,1.37992,1.47,1.95
2015.06.26 03:22:10.329,1.37983,1.3799,1.47,1.00
2015.06.26 03:22:10.927,1.37983,1.3799,1.10,1.50
2015.06.26 03:22:11.231,1.37982,1.37988,1.00,1.50
2015.06.26 03:22:17.137,1.37981,1.37988,1.12,1.95
2015.06.26 03:22:18.245,1.37982,1.37988,1.00,1.57
2015.06.26 03:22:19.265,1.37982,1.3799,1.12,2.40
2015.06.26 03:22:26.684,1.37983,1.3799,1.00,1.20
2015.06.26 03:22:27.704,1.37983,1.3799,1.37,1.20
2015.06.26 03:22:30.399,1.37983,1.3799,1.12,1.20
2015.06.26 03:22:35.278,1.37983,1.37991,1.12,1.20
2015.06.26 03:22:38.161,1.37986,1.37993,1.50,3.00
2015.06.26 03:22:38.313,1.37987,1.37996,1.50,1.57
2015.06.26 03:22:40.938,1.37987,1.37996,1.50,1.57
2015.06.26 03:22:41.241,1.37989,1.37996,1.87,1.07
2015.06.26 03:22:41.443,1.37989,1.37999,4.57,2.70
2015.06.26 03:22:43.132,1.37991,1.38,3.75,1.12
2015.06.26 03:22:44.892,1.37992,1.38001,1.37,1.65
2015.06.26 03:22:48.482,1.37991,1.38001,3.00,2.40
2015.06.26 03:22:48.583,1.37991,1.38001,2.25,3.52
2015.06.26 03:22:49.089,1.37991,1.38001,2.25,2.77
2015.06.26 03:22:52.215,1.37994,1.38001,1.00,1.27
2015.06.26 03:22:52.419,1.37994,1.38004,1.95,1.07
2015.06.26 03:22:52.622,1.37994,1.38004,1.95,1.07
2015.06.26 03:22:52.926,1.37999,1.38007,1.37,2.70
2015.06.26 03:22:52.977,1.37999,1.38007,1.87,1.27
2015.06.26 03:22:54.014,1.37999,1.38008,3.00,1.87
2015.06.26 03:22:54.065,1.37999,1.38008,3.00,1.87
2015.06.26 03:23:00.510,1.37999,1.38006,2.25,1.37
2015.06.26 03:23:00.814,1.37995,1.38003,3.00,1.50
2015.06.26 03:23:00.916,1.37994,1.38002,1.75,1.50
2015.06.26 03:23:01.447,1.37993,1.38003,1.35,1.27
2015.06.26 03:23:01.954,1.37993,1.38002,1.35,1.12
2015.06.26 03:23:04.084,1.37993,1.38003,2.10,1.57
2015.06.26 03:23:04.590,1.37995,1.38004,1.97,3.37
2015.06.26 03:23:05.146,1.37995,1.38004,1.72,1.87
2015.06.26 03:23:13.081,1.37996,1.38005,1.67,1.87
2015.06.26 03:23:23.518,1.37995,1.38005,2.10,1.00
2015.06.26 03:23:24.049,1.37994,1.38004,4.87,1.00
2015.06.26 03:23:26.403,1.37995,1.38005,1.72,1.00
2015.06.26 03:23:26.834,1.37995,1.38006,1.72,4.27
2015.06.26 03:23:27.377,1.37995,1.38005,1.72,1.00
2015.06.26 03:23:29.103,1.37995,1.38006,1.72,3.52
2015.06.26 03:23:29.781,1.37995,1.38005,1.72,1.00
2015.06.26 03:23:30.419,1.37995,1.38006,1.72,3.52
2015.06.26 03:23:30.648,1.37995,1.38006,1.72,3.52
2015.06.26 03:23:31.356,1.37995,1.38006,1.72,3.52
2015.06.26 03:23:33.618,1.37995,1.38006,1.97,2.77
2015.06.26 03:23:34.890,1.37995,1.38005,2.85,1.00
2015.06.26 03:23:39.607,1.37994,1.38003,1.35,1.65
2015.06.26 03:23:39.968,1.37995,1.38005,3.30,2.32
2015.06.26 03:23:41.227,1.37995,1.38005,3.67,2.70
2015.06.26 03:23:49.182,1.37996,1.38005,1.05,2.70
2015.06.26 03:23:55.839,1.37995,1.38003,2.92,1.00
2015.06.26 03:23:56.507,1.37996,1.38005,1.05,2.70
2015.06.26 03:23:57.264,1.37995,1.38005,2.55,2.32
2015.06.26 03:23:57.848,1.37995,1.38004,1.12,1.45
2015.06.26 03:23:59.270,1.37995,1.38004,1.12,1.45
2015.06.26 03:24:01.888,1.37995,1.38004,1.00,1.45
2015.06.26 03:24:02.884,1.37995,1.38004,1.00,1.45
2015.06.26 03:24:13.473,1.37994,1.38003,1.35,1.95
2015.06.26 03:24:23.574,1.37994,1.38003,1.67,2.32
2015.06.26 03:24:31.038,1.37994,1.38003,2.05,1.20
2015.06.26 03:24:33.439,1.37994,1.38001,1.35,1.00
2015.06.26 03:24:36.124,1.37994,1.38002,1.35,1.10
2015.06.26 03:24:36.614,1.38,1.38004,1.37,1.00
2015.06.26 03:24:36.665,1.38001,1.3801,1.05,2.70
2015.06.26 03:24:37.019,1.38002,1.38012,3.60,3.52
2015.06.26 03:24:37.222,1.38004,1.38012,1.75,1.47
2015.06.26 03:24:37.375,1.38005,1.38013,1.20,1.00
2015.06.26 03:24:38.490,1.38001,1.3801,2.25,2.25
2015.06.26 03:24:41.292,1.38004,1.38009,1.00,1.00
2015.06.26 03:24:41.840,1.37999,1.38007,1.12,1.20
2015.06.26 03:24:42.343,1.38,1.38008,1.67,1.10
2015.06.26 03:24:43.528,1.37999,1.38008,2.47,1.12
2015.06.26 03:24:46.005,1.38,1.38009,2.05,2.25
2015.06.26 03:24:46.257,1.38,1.38009,1.87,1.00
2015.06.26 03:24:47.179,1.38001,1.38009,2.05,1.00
2015.06.26 03:24:52.624,1.38001,1.38009,1.35,1.00
2015.06.26 03:24:53.586,1.38001,1.38009,1.35,1.00
2015.06.26 03:24:56.215,1.38001,1.38009,1.50,1.00
2015.06.26 03:24:56.810,1.38,1.38009,2.47,1.00
2015.06.26 03:24:58.019,1.38002,1.38009,1.75,1.00
2015.06.26 03:24:58.930,1.38,1.38009,3.00,1.50
2015.06.26 03:25:01.537,1.37998,1.38008,3.97,3.75
2015.06.26 03:25:03.130,1.37998,1.38001,1.72,1.00
2015.06.26 03:25:05.136,1.37993,1.38,1.35,1.37
2015.06.26 03:25:13.688,1.37992,1.38,4.72,1.00
2015.06.26 03:25:21.862,1.37992,1.37999,1.72,1.00
2015.06.26 03:25:22.387,1.37992,1.37999,2.47,1.00
2015.06.26 03:25:23.049,1.37991,1.37999,6.00,1.00
2015.06.26 03:25:23.100,1.37991,1.37999,4.12,1.20
2015.06.26 03:25:23.151,1.37991,1.37997,3.37,1.00
2015.06.26 03:25:23.782,1.3799,1.37996,2.05,1.00
2015.06.26 03:25:24.288,1.37991,1.37997,1.35,1.00
2015.06.26 03:25:24.645,1.37995,1.37998,1.30,1.50
2015.06.26 03:25:26.664,1.37992,1.37997,1.97,1.00
2015.06.26 03:25:27.393,1.37992,1.37997,1.97,1.00
2015.06.26 03:25:27.444,1.37992,1.37997,1.60,1.00
2015.06.26 03:25:30.830,1.37992,1.37997,2.85,1.00
2015.06.26 03:25:31.134,1.37992,1.37997,1.97,1.00
2015.06.26 03:25:31.350,1.37992,1.37997,1.60,1.00
2015.06.26 03:25:32.023,1.37991,1.37997,3.22,1.37
2015.06.26 03:25:33.204,1.37992,1.37996,2.10,1.00
2015.06.26 03:25:33.864,1.37991,1.37996,3.22,1.00
2015.06.26 03:25:34.180,1.37993,1.37996,2.10,1.00
2015.06.26 03:25:35.048,1.37992,1.37996,1.60,1.00
2015.06.26 03:25:36.050,1.37991,1.37997,2.47,1.00
2015.06.26 03:25:36.506,1.37993,1.37998,2.10,1.12
2015.06.26 03:25:36.558,1.37993,1.37998,2.10,1.00
2015.06.26 03:25:36.660,1.37993,1.38,1.60,1.50
2015.06.26 03:25:37.133,1.37993,1.38,3.22,1.00
2015.06.26 03:25:37.184,1.37993,1.38002,1.97,1.00
2015.06.26 03:25:37.590,1.37992,1.38,3.22,1.50
2015.06.26 03:25:37.692,1.37992,1.38,1.50,3.75
2015.06.26 03:25:37.743,1.37992,1.38,1.12,4.50
2015.06.26 03:25:37.845,1.37992,1.37999,1.12,1.87
2015.06.26 03:25:38.415,1.37993,1.38,2.47,3.00
2015.06.26 03:25:38.865,1.37991,1.38001,5.10,5.62
2015.06.26 03:25:39.374,1.37992,1.38001,3.60,3.00
2015.06.26 03:25:39.677,1.37992,1.37999,1.35,1.00
2015.06.26 03:25:40.343,1.37991,1.37999,1.35,1.50
2015.06.26 03:25:40.395,1.37991,1.37997,1.35,1.00
2015.06.26 03:25:40.768,1.37991,1.37997,2.85,1.12
2015.06.26 03:25:41.228,1.37991,1.37996,1.60,1.87
2015.06.26 03:25:41.555,1.3799,1.37996,2.10,1.87
2015.06.26 03:25:41.911,1.3799,1.37994,1.35,1.00
2015.06.26 03:25:43.919,1.3799,1.37998,1.35,1.57
2015.06.26 03:25:45.969,1.37993,1.37999,1.35,2.70
2015.06.26 03:25:46.790,1.37993,1.38,2.47,1.50
2015.06.26 03:25:47.297,1.37992,1.38,1.67,3.00
2015.06.26 03:25:53.833,1.37992,1.37999,1.35,1.00
2015.06.26 03:25:58.838,1.37994,1.38,3.22,1.50
2015.06.26 03:26:00.905,1.37994,1.38,2.62,2.25
2015.06.26 03:26:00.956,1.37993,1.38,2.10,2.25
2015.06.26 03:26:01.469,1.37993,1.38,2.10,2.25
2015.06.26 03:26:02.518,1.37993,1.38,2.10,2.25
2015.06.26 03:26:12.227,1.37993,1.38,1.72,1.50
2015.06.26 03:26:16.344,1.37993,1.37998,1.60,1.00
2015.06.26 03:26:16.396,1.37993,1.38,1.00,2.62
2015.06.26 03:26:16.447,1.37992,1.37997,1.35,1.00
2015.06.26 03:26:16.754,1.37992,1.37995,1.50,1.00
2015.06.26 03:26:17.243,1.37992,1.37997,2.10,1.50
2015.06.26 03:26:18.682,1.37992,1.37997,2.10,1.50
2015.06.26 03:26:19.510,1.37993,1.37997,2.25,1.50
2015.06.26 03:26:22.181,1.37993,1.37998,2.62,1.57
2015.06.26 03:26:23.561,1.37993,1.37997,2.62,1.00
2015.06.26 03:26:26.129,1.37992,1.37997,2.85,1.50
2015.06.26 03:26:26.761,1.37992,1.37995,2.85,1.00
2015.06.26 03:26:32.372,1.37991,1.37994,1.30,1.00
2015.06.26 03:26:32.877,1.37991,1.37995,1.60,1.00
2015.06.26 03:26:36.011,1.3799,1.37992,2.62,1.00
2015.06.26 03:26:36.591,1.37987,1.37991,1.00,1.00
2015.06.26 03:26:36.649,1.37985,1.37991,1.12,1.00
2015.06.26 03:26:39.951,1.37985,1.3799,1.12,1.00
2015.06.26 03:26:42.281,1.37985,1.3799,1.37,1.10
2015.06.26 03:26:48.036,1.37985,1.3799,1.12,1.00
2015.06.26 03:26:48.138,1.37987,1.3799,1.12,1.00
2015.06.26 03:26:48.340,1.37985,1.37993,1.47,1.95
2015.06.26 03:26:48.442,1.37986,1.37992,1.00,1.00
2015.06.26 03:26:48.969,1.37985,1.37994,3.45,1.37
2015.06.26 03:26:49.021,1.37985,1.37994,3.07,1.37
2015.06.26 03:26:49.339,1.37985,1.37994,3.45,1.37
2015.06.26 03:26:49.686,1.37987,1.37993,1.00,1.37
2015.06.26 03:26:50.190,1.37985,1.37993,3.00,1.37
2015.06.26 03:26:50.749,1.37985,1.37992,3.00,1.12
2015.06.26 03:26:51.255,1.37985,1.37991,1.12,1.00
2015.06.26 03:26:51.832,1.37985,1.37992,1.50,1.12
2015.06.26 03:26:52.339,1.37984,1.37992,3.00,1.12
2015.06.26 03:26:53.927,1.37985,1.37991,1.37,1.00
2015.06.26 03:26:55.027,1.37985,1.37991,1.12,2.25
2015.06.26 03:26:56.244,1.37984,1.37992,2.25,1.12
2015.06.26 03:26:57.926,1.37984,1.37992,1.50,1.12
2015.06.26 03:26:58.438,1.37984,1.37991,1.00,1.00
2015.06.26 03:27:00.989,1.37984,1.37991,1.37,1.00
2015.06.26 03:27:01.390,1.37982,1.37989,1.37,2.62
2015.06.26 03:27:01.442,1.37979,1.37987,1.37,1.12
2015.06.26 03:27:03.407,1.37979,1.37987,1.12,3.37
2015.06.26 03:27:04.425,1.3798,1.37987,1.00,3.37
2015.06.26 03:27:04.929,1.37979,1.37987,1.50,3.37
2015.06.26 03:27:06.401,1.37979,1.37987,1.50,2.25
2015.06.26 03:27:06.705,1.37982,1.3799,1.87,1.50
2015.06.26 03:27:07.008,1.37983,1.37992,1.50,1.00
2015.06.26 03:27:08.458,1.37983,1.37992,1.87,1.00
2015.06.26 03:27:10.235,1.37986,1.37992,1.00,1.00
2015.06.26 03:27:10.729,1.37987,1.37993,1.37,1.50
2015.06.26 03:27:10.780,1.37986,1.37993,1.37,1.00
2015.06.26 03:27:11.286,1.37986,1.37993,1.00,1.00
2015.06.26 03:27:11.641,1.37984,1.37993,1.20,1.50
2015.06.26 03:27:12.045,1.37984,1.37993,1.57,1.50
2015.06.26 03:27:12.557,1.37983,1.37993,1.95,5.25
2015.06.26 03:27:14.129,1.37983,1.37993,1.57,6.00
2015.06.26 03:27:14.784,1.37983,1.37992,2.40,1.20
2015.06.26 03:27:15.287,1.37982,1.37992,2.62,1.20
2015.06.26 03:27:22.504,1.37981,1.37987,2.62,1.00
2015.06.26 03:27:22.556,1.37978,1.37986,1.00,1.50
2015.06.26 03:27:22.658,1.37979,1.37986,1.37,1.00
2015.06.26 03:27:22.962,1.37981,1.37989,1.00,1.57
2015.06.26 03:27:23.115,1.37984,1.37989,1.00,1.10
2015.06.26 03:27:23.368,1.37984,1.37991,1.00,1.50
2015.06.26 03:27:24.058,1.37983,1.37991,2.25,1.00
2015.06.26 03:27:24.775,1.37982,1.37991,1.50,1.50
2015.06.26 03:27:26.579,1.37982,1.3799,1.37,1.00
2015.06.26 03:27:26.681,1.37981,1.3799,1.87,1.87
2015.06.26 03:27:26.783,1.37981,1.37988,1.37,1.00
2015.06.26 03:27:27.672,1.37981,1.37986,1.00,1.00
2015.06.26 03:27:28.977,1.37979,1.37986,2.62,1.00
2015.06.26 03:27:29.280,1.3798,1.37989,1.72,4.50
2015.06.26 03:27:29.816,1.3798,1.37989,3.15,2.40
2015.06.26 03:27:31.058,1.3798,1.37989,3.15,2.40
2015.06.26 03:27:31.928,1.3798,1.37988,3.15,1.00
2015.06.26 03:27:32.333,1.37978,1.37987,1.57,3.00
2015.06.26 03:27:32.974,1.37978,1.37987,1.50,3.00
2015.06.26 03:27:34.696,1.37978,1.37986,1.12,1.00
2015.06.26 03:27:35.201,1.37978,1.37986,1.50,1.00
2015.06.26 03:27:39.559,1.37977,1.37985,3.00,1.00
2015.06.26 03:27:41.997,1.3798,1.37987,1.35,1.50
2015.06.26 03:27:42.099,1.37983,1.3799,1.37,1.10
2015.06.26 03:27:42.707,1.37981,1.3799,4.27,1.00
2015.06.26 03:27:43.560,1.37981,1.37989,4.27,1.00
2015.06.26 03:27:45.080,1.37981,1.37989,4.27,1.00
2015.06.26 03:27:45.647,1.3798,1.37985,1.00,2.25
2015.06.26 03:27:46.154,1.37977,1.37985,1.42,2.25
2015.06.26 03:27:48.021,1.37977,1.37985,1.80,2.25
2015.06.26 03:27:48.524,1.37979,1.37986,1.30,1.00
2015.06.26 03:27:49.067,1.37979,1.37987,1.37,1.00
2015.06.26 03:27:49.810,1.37979,1.37987,1.50,1.00
2015.06.26 03:27:50.432,1.37979,1.37987,1.50,1.00
2015.06.26 03:27:50.893,1.37979,1.37987,1.50,1.00
2015.06.26 03:27:51.400,1.3798,1.37988,2.62,1.00
2015.06.26 03:27:52.209,1.37981,1.37988,1.12,1.00
2015.06.26 03:27:52.757,1.3798,1.37988,2.40,1.00
2015.06.26 03:27:53.326,1.3798,1.37987,2.02,1.00
2015.06.26 03:27:53.815,1.37979,1.37985,1.50,1.00
2015.06.26 03:27:54.369,1.37979,1.37985,1.12,1.00
2015.06.26 03:27:54.896,1.37979,1.37986,1.12,1.00
2015.06.26 03:27:55.415,1.3798,1.37986,1.00,1.00
2015.06.26 03:27:56.073,1.3798,1.37987,1.00,1.50
2015.06.26 03:27:56.902,1.37978,1.37986,2.25,1.00
2015.06.26 03:27:57.554,1.37979,1.37986,1.12,1.00
2015.06.26 03:28:01.547,1.37979,1.37987,1.00,1.50
2015.06.26 03:28:02.256,1.37978,1.37987,2.62,1.50
2015.06.26 03:28:02.763,1.3798,1.37989,1.50,3.07
2015.06.26 03:28:03.066,1.37982,1.37989,1.50,1.57
2015.06.26 03:28:03.548,1.37985,1.37992,1.12,2.32
2015.06.26 03:28:04.072,1.37985,1.37992,1.37,3.07
2015.06.26 03:28:04.124,1.37984,1.37991,2.62,3.07
2015.06.26 03:28:04.176,1.37984,1.37989,1.87,2.62
2015.06.26 03:28:04.328,1.37982,1.37988,1.00,1.95
2015.06.26 03:28:04.481,1.3798,1.37987,1.00,2.62
2015.06.26 03:28:04.780,1.37984,1.37987,1.50,2.62
2015.06.26 03:28:05.277,1.37986,1.37991,1.37,1.07
2015.06.26 03:28:05.378,1.37987,1.37993,2.62,1.12
2015.06.26 03:28:05.429,1.37989,1.37993,1.00,1.12
2015.06.26 03:28:05.684,1.37989,1.37995,1.00,1.12
2015.06.26 03:28:05.735,1.37987,1.37995,1.87,1.12
2015.06.26 03:28:06.139,1.37989,1.37996,1.50,1.95
2015.06.26 03:28:06.241,1.37989,1.37996,1.50,1.10
2015.06.26 03:28:06.832,1.37995,1.37998,1.00,1.12
2015.06.26 03:28:07.634,1.37994,1.37998,1.00,1.12
2015.06.26 03:28:08.456,1.37995,1.37998,1.00,1.12
2015.06.26 03:28:08.737,1.37991,1.37998,4.87,1.12
2015.06.26 03:28:11.293,1.37992,1.38,1.00,1.37
2015.06.26 03:28:13.923,1.37991,1.37998,2.25,1.00
2015.06.26 03:28:14.484,1.3799,1.37998,1.12,1.20
2015.06.26 03:28:15.025,1.3799,1.37996,1.12,1.00
2015.06.26 03:28:15.330,1.37988,1.37992,1.37,2.62
2015.06.26 03:28:16.277,1.37984,1.37992,1.50,3.00
2015.06.26 03:28:16.481,1.37986,1.37992,1.00,2.62
2015.06.26 03:28:16.964,1.37991,1.37996,1.00,3.37
2015.06.26 03:28:17.269,1.3799,1.37993,1.00,1.50
2015.06.26 03:28:17.688,1.37986,1.37993,1.00,1.87
2015.06.26 03:28:18.293,1.37985,1.37992,1.50,1.87
2015.06.26 03:28:18.647,1.37987,1.37992,1.00,1.12
2015.06.26 03:28:19.245,1.37987,1.37995,1.00,1.45
2015.06.26 03:28:19.772,1.37987,1.37995,1.00,2.32
2015.06.26 03:28:19.975,1.37985,1.37993,1.00,1.50
2015.06.26 03:28:20.869,1.37985,1.37992,1.00,2.25
2015.06.26 03:28:30.944,1.37985,1.37992,1.00,2.25
2015.06.26 03:28:37.337,1.37985,1.37992,1.00,2.25
2015.06.26 03:28:49.542,1.37985,1.37992,1.00,2.25
2015.06.26 03:28:49.593,1.37983,1.37992,1.50,3.00
2015.06.26 03:28:50.119,1.37983,1.3799,1.50,2.25
2015.06.26 03:28:59.767,1.37983,1.3799,1.50,2.25
2015.06.26 03:29:07.753,1.37981,1.37988,1.00,1.20
2015.06.26 03:29:20.499,1.3798,1.37989,3.75,1.87
2015.06.26 03:29:22.369,1.3798,1.3799,4.50,1.45
2015.06.26 03:29:22.660,1.37982,1.3799,1.50,1.45
2015.06.26 03:29:23.771,1.37982,1.3799,1.50,1.57
2015.06.26 03:29:24.600,1.37986,1.3799,1.12,1.07
2015.06.26 03:29:24.651,1.37988,1.37996,2.25,3.75
2015.06.26 03:29:24.702,1.37988,1.37996,2.25,1.07
2015.06.26 03:29:26.865,1.37988,1.37995,1.50,1.07
2015.06.26 03:29:27.273,1.37986,1.37995,1.50,1.45
2015.06.26 03:29:27.796,1.37986,1.37995,1.00,1.20
2015.06.26 03:29:31.454,1.37986,1.37995,1.00,1.57
2015.06.26 03:29:31.985,1.37986,1.37993,1.00,1.57
2015.06.26 03:29:33.472,1.37986,1.37992,1.00,1.57
2015.06.26 03:29:35.266,1.37982,1.37989,1.00,1.87
2015.06.26 03:29:39.780,1.3798,1.37989,1.00,1.87
2015.06.26 03:29:39.983,1.37979,1.37987,1.87,1.20
2015.06.26 03:29:40.488,1.37978,1.37985,1.50,1.20
2015.06.26 03:29:53.281,1.37978,1.37987,1.87,1.45
2015.06.26 03:29:54.243,1.37978,1.37987,1.87,1.57
2015.06.26 03:30:00.167,1.37978,1.37987,1.87,1.45
2015.06.26 03:30:00.807,1.37978,1.37987,1.87,1.57
2015.06.26 03:30:03.068,1.37978,1.37987,1.87,1.57
2015.06.26 03:30:04.202,1.3798,1.37987,1.50,1.45
2015.06.26 03:30:05.238,1.3798,1.37988,2.25,3.07
2015.06.26 03:30:08.782,1.3798,1.37988,1.50,1.45
2015.06.26 03:30:09.848,1.37984,1.3799,2.62,1.12
2015.06.26 03:30:10.152,1.37987,1.37992,1.50,1.87
2015.06.26 03:30:10.759,1.37988,1.37993,1.12,1.87
2015.06.26 03:30:10.860,1.37988,1.37995,1.12,1.87
2015.06.26 03:30:11.865,1.37989,1.37995,1.87,1.87
2015.06.26 03:30:12.523,1.37989,1.37995,1.87,1.87
2015.06.26 03:30:12.828,1.37989,1.37993,1.50,1.87
2015.06.26 03:30:12.980,1.37987,1.37991,2.32,1.87
2015.06.26 03:30:13.554,1.37986,1.37991,1.00,3.37
2015.06.26 03:30:13.608,1.37979,1.37989,4.57,1.45
2015.06.26 03:30:14.959,1.3798,1.37989,1.12,1.82
2015.06.26 03:30:17.868,1.37979,1.37988,1.20,1.57
2015.06.26 03:30:18.733,1.37981,1.37988,1.00,1.10
2015.06.26 03:30:19.037,1.37983,1.37989,1.00,1.10
2015.06.26 03:30:19.579,1.37982,1.3799,1.75,1.07
2015.06.26 03:30:20.673,1.37985,1.3799,1.12,1.07
2015.06.26 03:30:20.977,1.37988,1.37996,1.37,1.37
2015.06.26 03:30:21.288,1.37988,1.37996,1.00,1.37
2015.06.26 03:30:22.893,1.37988,1.37996,1.87,1.37
2015.06.26 03:30:23.145,1.37991,1.37996,1.12,1.37
2015.06.26 03:30:23.297,1.37994,1.37996,1.00,1.37
2015.06.26 03:30:24.324,1.37988,1.37996,3.37,1.37
2015.06.26 03:30:24.830,1.37986,1.37996,4.57,1.37
2015.06.26 03:30:24.881,1.37986,1.37996,4.57,1.37
2015.06.26 03:30:25.084,1.37986,1.37996,4.57,1.50
2015.06.26 03:30:25.635,1.37986,1.37996,4.57,1.50
2015.06.26 03:30:26.695,1.37986,1.37996,4.57,1.37
2015.06.26 03:30:27.371,1.37986,1.37996,3.82,1.50
2015.06.26 03:30:27.893,1.37986,1.37996,3.82,1.37
2015.06.26 03:30:28.557,1.37989,1.37996,1.12,2.62
2015.06.26 03:30:28.659,1.3799,1.37996,2.10,2.62
2015.06.26 03:30:28.964,1.37995,1.38,1.00,4.20
2015.06.26 03:30:29.519,1.37996,1.38,1.00,1.87
2015.06.26 03:30:29.957,1.37998,1.38003,1.00,1.87
2015.06.26 03:30:32.988,1.37998,1.38005,1.37,1.47
2015.06.26 03:30:33.527,1.37998,1.38005,1.00,1.85
2015.06.26 03:30:39.107,1.37998,1.38005,1.37,1.47
2015.06.26 03:30:39.896,1.37998,1.38005,1.37,1.47
2015.06.26 03:30:43.211,1.37998,1.38005,1.37,1.47
2015.06.26 03:30:44.095,1.37997,1.38005,1.87,1.95
2015.06.26 03:30:45.304,1.37998,1.38005,1.37,1.95
2015.06.26 03:30:45.506,1.37998,1.38005,1.87,1.47
2015.06.26 03:30:46.600,1.37998,1.38005,1.37,1.47
2015.06.26 03:30:46.908,1.37997,1.38005,1.00,1.95
2015.06.26 03:31:00.284,1.37999,1.38005,1.00,3.37
2015.06.26 03:31:00.587,1.37996,1.38003,1.37,1.87
2015.06.26 03:31:05.768,1.37996,1.38003,1.12,1.87
2015.06.26 03:31:13.790,1.37997,1.38003,1.00,1.87
2015.06.26 03:31:15.414,1.37999,1.38005,1.00,1.47
2015.06.26 03:31:17.856,1.38,1.38006,1.00,2.70
2015.06.26 03:31:18.474,1.37998,1.38006,1.00,2.62
2015.06.26 03:31:30.202,1.37998,1.38007,1.00,2.62
2015.06.26 03:31:32.257,1.37994,1.38003,1.95,1.87
2015.06.26 03:31:32.841,1.37994,1.38003,1.95,1.87
2015.06.26 03:31:35.504,1.37995,1.38003,1.95,1.87
2015.06.26 03:31:38.070,1.37996,1.38003,1.37,1.87
2015.06.26 03:31:38.172,1.37998,1.38003,1.00,1.50
2015.06.26 03:31:38.526,1.38,1.38003,1.00,1.50
2015.06.26 03:31:38.678,1.38,1.38005,1.87,1.50
2015.06.26 03:31:39.813,1.38,1.38005,1.87,1.87
2015.06.26 03:31:44.155,1.38001,1.38005,1.00,2.25
2015.06.26 03:31:44.458,1.37996,1.38,1.45,1.87
2015.06.26 03:31:44.712,1.37995,1.38,3.75,1.87
2015.06.26 03:31:44.914,1.37994,1.38,1.20,3.00
2015.06.26 03:31:45.116,1.37991,1.37997,1.85,2.62
2015.06.26 03:31:45.167,1.37991,1.37996,1.20,1.37
2015.06.26 03:31:45.319,1.37988,1.37996,3.00,1.87
2015.06.26 03:31:46.362,1.37988,1.37996,1.00,3.00
2015.06.26 03:31:46.565,1.37989,1.37995,1.00,2.25
2015.06.26 03:31:46.768,1.37987,1.37995,1.00,3.00
2015.06.26 03:31:49.756,1.37988,1.37992,1.00,1.87
2015.06.26 03:31:50.486,1.37988,1.37992,1.00,1.50
2015.06.26 03:31:54.506,1.37987,1.37992,1.00,1.50
2015.06.26 03:31:54.557,1.37987,1.3799,1.00,1.37
2015.06.26 03:31:55.054,1.37978,1.37987,1.95,1.50
2015.06.26 03:31:55.576,1.37978,1.37987,2.32,1.87
2015.06.26 03:32:01.626,1.37982,1.37989,1.00,1.37
2015.06.26 03:32:01.679,1.37982,1.3799,2.25,1.50
2015.06.26 03:32:01.934,1.37982,1.37992,3.90,1.12
2015.06.26 03:32:02.642,1.37984,1.37992,1.47,1.00
2015.06.26 03:32:03.154,1.37986,1.37992,1.00,1.00
2015.06.26 03:32:03.618,1.37987,1.37995,1.50,1.50
2015.06.26 03:32:03.720,1.37989,1.37995,1.00,1.50
2015.06.26 03:32:04.970,1.37989,1.37994,1.00,1.00
2015.06.26 03:32:05.071,1.37986,1.37994,1.00,1.00
2015.06.26 03:32:05.595,1.3799,1.37995,1.00,1.50
2015.06.26 03:32:07.880,1.37986,1.37995,2.25,2.25
2015.06.26 03:32:08.244,1.37986,1.37995,1.37,1.87
2015.06.26 03:32:08.550,1.37987,1.37995,1.37,2.62
2015.06.26 03:32:08.890,1.37987,1.37995,1.12,2.62
2015.06.26 03:32:09.796,1.37987,1.37995,1.87,2.62
2015.06.26 03:32:09.848,1.37987,1.37995,1.87,2.25
2015.06.26 03:32:10.972,1.37987,1.37995,1.87,2.62
2015.06.26 03:32:12.536,1.37986,1.37995,1.37,2.62
2015.06.26 03:32:12.689,1.37985,1.37995,2.32,1.87
2015.06.26 03:32:12.740,1.37987,1.37995,1.00,1.87
2015.06.26 03:32:13.046,1.37988,1.37998,2.62,1.50
2015.06.26 03:32:13.967,1.37988,1.37998,4.50,1.50
2015.06.26 03:32:14.271,1.37989,1.37998,1.10,1.87
2015.06.26 03:32:14.728,1.37986,1.37997,2.40,2.25
2015.06.26 03:32:15.235,1.37988,1.37997,1.00,1.87
2015.06.26 03:32:15.781,1.37989,1.37997,1.12,1.87
2015.06.26 03:32:15.883,1.37987,1.37996,1.12,1.50
2015.06.26 03:32:16.390,1.37985,1.37997,3.00,3.37
2015.06.26 03:32:17.253,1.37984,1.37992,1.20,1.00
2015.06.26 03:32:17.810,1.37984,1.37992,1.57,1.00
2015.06.26 03:32:20.214,1.37984,1.37992,1.57,1.00
2015.06.26 03:32:24.102,1.37984,1.37992,1.57,1.00
2015.06.26 03:32:24.711,1.37984,1.37992,1.57,1.00
2015.06.26 03:32:25.214,1.37984,1.37992,1.57,1.00
2015.06.26 03:32:27.919,1.37984,1.37992,1.07,1.12
2015.06.26 03:32:28.224,1.37982,1.3799,3.00,1.50
2015.06.26 03:32:29.983,1.37982,1.3799,1.87,1.87
2015.06.26 03:32:30.676,1.37983,1.3799,2.02,1.50
2015.06.26 03:32:31.195,1.37983,1.3799,2.02,1.50
2015.06.26 03:32:31.652,1.37982,1.3799,1.45,1.87
2015.06.26 03:32:32.053,1.37982,1.37988,1.07,1.87
2015.06.26 03:32:32.732,1.37981,1.37988,1.87,1.87
2015.06.26 03:32:36.641,1.37981,1.37988,1.12,1.87
2015.06.26 03:32:37.246,1.37984,1.37991,1.37,1.87
2015.06.26 03:32:37.347,1.37984,1.37991,1.50,1.37
2015.06.26 03:32:37.449,1.37983,1.37992,1.57,1.87
2015.06.26 03:32:38.242,1.37982,1.3799,1.10,1.87
2015.06.26 03:32:39.503,1.37982,1.3799,1.20,1.87
2015.06.26 03:32:42.657,1.37982,1.3799,1.57,1.87
2015.06.26 03:32:43.200,1.37982,1.3799,1.57,1.87
2015.06.26 03:32:47.328,1.37986,1.3799,1.00,1.87
2015.06.26 03:32:47.379,1.37982,1.3799,2.70,1.87
2015.06.26 03:32:47.430,1.37983,1.3799,1.37,1.87
2015.06.26 03:32:47.935,1.37985,1.37994,1.57,1.87
2015.06.26 03:32:48.893,1.37985,1.37994,1.27,1.87
2015.06.26 03:32:49.941,1.37982,1.3799,3.37,1.87
2015.06.26 03:32:49.991,1.37982,1.3799,3.37,1.87
2015.06.26 03:32:50.245,1.37982,1.3799,1.95,2.25
2015.06.26 03:32:58.070,1.3798,1.37988,3.00,1.87
2015.06.26 03:33:10.596,1.3798,1.37987,1.50,1.87
2015.06.26 03:33:10.749,1.37979,1.37985,1.07,1.00
2015.06.26 03:33:10.851,1.37976,1.37985,2.02,1.00
2015.06.26 03:33:11.003,1.37976,1.37983,1.05,1.50
2015.06.26 03:33:16.190,1.37976,1.37985,1.05,1.00
2015.06.26 03:33:17.440,1.37976,1.37986,1.05,2.70
2015.06.26 03:33:17.811,1.37976,1.37985,1.05,1.00
2015.06.26 03:33:18.332,1.37976,1.37986,1.05,2.70
2015.06.26 03:33:18.920,1.37976,1.37985,1.05,1.00
2015.06.26 03:33:19.437,1.37976,1.37986,1.05,2.70
2015.06.26 03:33:20.665,1.37976,1.37985,1.05,1.00
2015.06.26 03:33:21.280,1.37976,1.37986,1.05,2.70
2015.06.26 03:33:23.238,1.37976,1.37985,1.05,1.00
2015.06.26 03:33:23.786,1.37976,1.37986,1.05,2.32
2015.06.26 03:33:24.522,1.37976,1.37986,1.05,2.32
2015.06.26 03:33:25.079,1.37976,1.37985,1.05,1.00
2015.06.26 03:33:27.245,1.37976,1.37986,1.05,3.45
2015.06.26 03:33:27.782,1.37976,1.37985,1.05,1.00
2015.06.26 03:33:29.183,1.37976,1.37986,1.05,3.45
2015.06.26 03:33:29.837,1.37976,1.37986,1.05,3.07
2015.06.26 03:33:30.350,1.37976,1.37985,1.05,1.00
2015.06.26 03:33:31.095,1.37976,1.37985,1.05,1.00
2015.06.26 03:33:32.384,1.37976,1.37984,1.05,1.00
2015.06.26 03:33:34.046,1.37978,1.37984,1.00,1.00
2015.06.26 03:33:34.460,1.3798,1.37986,3.00,1.10
2015.06.26 03:33:34.995,1.37982,1.37991,2.32,1.50
2015.06.26 03:33:37.042,1.37987,1.37991,1.00,1.37
2015.06.26 03:33:37.093,1.37984,1.37991,1.00,1.37
2015.06.26 03:33:37.195,1.37984,1.37994,2.32,1.95
2015.06.26 03:33:37.246,1.37985,1.37994,1.37,1.47
2015.06.26 03:33:38.126,1.37988,1.37997,1.37,1.95
2015.06.26 03:33:38.637,1.37988,1.37998,4.87,1.37
2015.06.26 03:33:39.154,1.37988,1.37998,2.62,1.37
2015.06.26 03:33:40.038,1.37986,1.37996,1.57,1.95
2015.06.26 03:33:42.228,1.37983,1.37992,1.47,1.87
2015.06.26 03:33:42.278,1.37981,1.37991,2.70,1.50
2015.06.26 03:33:42.784,1.37981,1.37989,1.27,1.87
2015.06.26 03:33:44.498,1.3798,1.37988,1.50,1.00
2015.06.26 03:33:46.506,1.3798,1.37989,1.87,2.62
2015.06.26 03:33:47.773,1.3798,1.37989,2.47,1.87
2015.06.26 03:33:48.958,1.37981,1.37989,1.57,1.87
2015.06.26 03:33:49.060,1.37981,1.37991,2.02,1.57
2015.06.26 03:33:49.653,1.37982,1.37991,1.20,1.50
2015.06.26 03:33:50.234,1.37981,1.37991,3.37,1.50
2015.06.26 03:33:51.845,1.37981,1.37991,3.37,1.37
2015.06.26 03:33:52.401,1.3798,1.37989,2.25,1.50
2015.06.26 03:33:53.182,1.37982,1.37991,1.20,1.87
2015.06.26 03:33:56.231,1.37981,1.37991,2.62,2.85
2015.06.26 03:33:57.645,1.37979,1.37989,3.75,1.12
2015.06.26 03:34:01.087,1.37979,1.37989,3.75,1.37
2015.06.26 03:34:03.522,1.37979,1.37989,3.75,1.37
2015.06.26 03:34:04.411,1.3798,1.37989,1.20,1.37
2015.06.26 03:34:05.630,1.37979,1.37989,4.12,1.37
2015.06.26 03:34:05.963,1.3798,1.37989,2.02,1.37
2015.06.26 03:34:06.014,1.37981,1.37989,1.50,1.50
2015.06.26 03:34:17.771,1.37979,1.37988,1.10,1.50
2015.06.26 03:34:18.892,1.37979,1.37988,1.10,1.00
2015.06.26 03:34:20.839,1.37978,1.37988,3.82,1.00
2015.06.26 03:34:22.525,1.37978,1.37988,3.07,1.75
2015.06.26 03:34:23.770,1.37978,1.37987,2.62,1.50
2015.06.26 03:34:25.870,1.37978,1.37987,2.25,1.50
2015.06.26 03:34:27.788,1.37979,1.37987,1.00,1.50
2015.06.26 03:34:29.680,1.37978,1.37987,4.12,1.50
2015.06.26 03:34:29.933,1.3798,1.37989,1.50,1.95
2015.06.26 03:34:30.701,1.3798,1.37989,1.50,1.95
2015.06.26 03:34:44.440,1.3798,1.37989,2.62,1.07
2015.06.26 03:34:44.542,1.37982,1.3799,1.00,1.27
2015.06.26 03:34:45.076,1.37983,1.3799,1.00,1.27
2015.06.26 03:34:45.343,1.37982,1.3799,1.37,1.27
2015.06.26 03:34:46.149,1.37982,1.3799,1.37,1.57
2015.06.26 03:34:47.428,1.37982,1.3799,1.00,1.57
2015.06.26 03:34:47.961,1.37983,1.3799,1.00,1.57
2015.06.26 03:34:49.014,1.37984,1.3799,1.50,1.27
2015.06.26 03:34:49.555,1.37985,1.3799,1.00,1.27
2015.06.26 03:34:56.061,1.37985,1.37989,1.00,2.25
2015.06.26 03:34:56.117,1.37981,1.37989,1.00,2.32
2015.06.26 03:34:56.626,1.37981,1.37989,1.50,1.57
2015.06.26 03:34:57.161,1.37982,1.37989,1.12,1.57
2015.06.26 03:34:57.860,1.37982,1.37989,1.37,1.57
2015.06.26 03:34:58.384,1.37982,1.37989,1.37,1.57
2015.06.26 03:35:00.355,1.37983,1.37989,1.00,1.57
2015.06.26 03:35:06.147,1.37982,1.37989,1.12,1.50
2015.06.26 03:35:06.666,1.37983,1.37989,1.00,1.50
2015.06.26 03:35:07.789,1.37982,1.37989,1.87,1.50
2015.06.26 03:35:08.303,1.37982,1.3799,1.87,1.10
2015.06.26 03:35:08.862,1.37982,1.37991,1.87,1.95
2015.06.26 03:35:13.811,1.37987,1.37993,1.87,1.50
2015.06.26 03:35:13.862,1.37987,1.37997,2.25,1.57
2015.06.26 03:35:14.375,1.3799,1.37997,1.00,1.00
2015.06.26 03:35:14.920,1.3799,1.37997,1.50,1.00
2015.06.26 03:35:15.570,1.37992,1.38,1.00,1.47
2015.06.26 03:35:16.128,1.37992,1.38,2.47,1.00
2015.06.26 03:35:16.639,1.37993,1.38,1.00,1.00
2015.06.26 03:35:17.216,1.37992,1.38,2.25,1.00
2015.06.26 03:35:18.058,1.37994,1.38,1.00,1.00
2015.06.26 03:35:18.566,1.37995,1.38,1.00,1.00
2015.06.26 03:35:19.096,1.37994,1.38,1.50,1.00
2015.06.26 03:35:19.987,1.37993,1.38,1.50,1.00
2015.06.26 03:35:20.523,1.37992,1.38,1.12,1.00
2015.06.26 03:35:20.827,1.37993,1.38,1.37,1.00
2015.06.26 03:35:21.347,1.37993,1.38,1.00,1.00
2015.06.26 03:35:22.710,1.37993,1.38,1.37,1.00
2015.06.26 03:35:22.811,1.37993,1.38,1.12,1.00
2015.06.26 03:35:23.379,1.37994,1.38,1.00,1.00
2015.06.26 03:35:31.204,1.37993,1.38,1.00,1.12
2015.06.26 03:35:31.511,1.37992,1.37999,1.00,1.20
2015.06.26 03:35:32.014,1.3799,1.37999,2.47,3.37
2015.06.26 03:35:32.922,1.37991,1.37999,1.75,1.50
2015.06.26 03:35:33.686,1.3799,1.37999,1.47,2.25
2015.06.26 03:35:35.358,1.37989,1.37999,2.62,3.00
2015.06.26 03:35:40.916,1.37989,1.37999,3.22,2.77
2015.06.26 03:35:49.404,1.37989,1.37999,1.37,2.77
2015.06.26 03:35:49.929,1.37988,1.37999,2.10,3.52
2015.06.26 03:35:54.952,1.37988,1.37999,2.10,3.52
2015.06.26 03:35:55.155,1.37988,1.37999,3.00,3.15
2015.06.26 03:35:55.459,1.37988,1.37999,2.25,5.62
2015.06.26 03:35:56.373,1.37989,1.37999,1.75,2.70
2015.06.26 03:35:56.781,1.37989,1.37999,1.87,2.70
2015.06.26 03:35:57.320,1.37991,1.37999,1.00,1.95
2015.06.26 03:35:57.842,1.37989,1.37999,1.87,1.95
2015.06.26 03:35:58.361,1.37988,1.37998,1.12,2.25
2015.06.26 03:35:58.666,1.3799,1.37993,1.00,1.50
2015.06.26 03:35:58.921,1.37986,1.37993,1.12,1.50
2015.06.26 03:36:00.016,1.37986,1.37993,1.37,1.57
2015.06.26 03:36:00.557,1.37987,1.37993,1.12,1.50
2015.06.26 03:36:01.073,1.37988,1.37993,1.12,1.50
2015.06.26 03:36:01.579,1.37988,1.37993,1.37,1.50
2015.06.26 03:36:05.224,1.37988,1.37993,1.12,1.50
2015.06.26 03:36:05.628,1.37986,1.37996,2.62,1.50
2015.06.26 03:36:06.552,1.37986,1.37996,2.62,1.95
2015.06.26 03:36:10.302,1.37987,1.37996,1.00,2.32
2015.06.26 03:36:10.404,1.37989,1.37996,1.00,1.95
2015.06.26 03:36:10.922,1.37989,1.37997,1.37,1.20
2015.06.26 03:36:11.463,1.37992,1.37997,1.00,1.00
2015.06.26 03:36:12.832,1.37992,1.37997,2.25,1.00
2015.06.26 03:36:13.327,1.37992,1.37999,1.87,1.65
2015.06.26 03:36:13.733,1.37989,1.37997,1.87,1.00
2015.06.26 03:36:13.834,1.37989,1.37997,1.00,1.50
2015.06.26 03:36:13.936,1.37989,1.37997,1.87,1.50
2015.06.26 03:36:14.453,1.37989,1.37997,1.87,1.95
2015.06.26 03:36:15.463,1.37988,1.37997,1.87,2.70
2015.06.26 03:36:15.615,1.37988,1.37994,1.00,1.00
2015.06.26 03:36:15.716,1.37985,1.37994,1.50,1.10
2015.06.26 03:36:15.818,1.37985,1.37994,2.62,1.10
2015.06.26 03:36:18.014,1.37989,1.37997,2.25,1.00
2015.06.26 03:36:18.065,1.37989,1.37997,1.87,1.00
2015.06.26 03:36:18.917,1.3799,1.37997,1.00,1.00
2015.06.26 03:36:19.516,1.37991,1.37997,1.37,1.00
2015.06.26 03:36:22.088,1.37991,1.37997,1.37,1.00
2015.06.26 03:36:22.240,1.3799,1.37997,1.00,1.00
2015.06.26 03:36:22.291,1.37989,1.37997,2.25,1.00
2015.06.26 03:36:22.852,1.37988,1.37997,2.62,1.12
2015.06.26 03:36:23.126,1.37985,1.37995,3.45,1.10
2015.06.26 03:36:23.704,1.37985,1.37995,2.62,2.02
2015.06.26 03:36:24.174,1.37986,1.37995,1.50,2.02
2015.06.26 03:36:24.487,1.37985,1.37995,5.25,1.57
2015.06.26 03:36:28.107,1.37988,1.37997,1.37,1.87
2015.06.26 03:36:28.756,1.37988,1.37997,1.37,1.87
2015.06.26 03:36:29.801,1.37987,1.37995,3.37,1.37
2015.06.26 03:36:30.004,1.37987,1.37997,1.87,3.82
2015.06.26 03:36:30.258,1.37983,1.37992,3.75,1.37
2015.06.26 03:36:30.359,1.37983,1.37992,1.50,1.95
2015.06.26 03:36:30.562,1.37986,1.37993,1.00,2.32
2015.06.26 03:36:30.664,1.37986,1.37993,1.50,2.25
2015.06.26 03:36:31.114,1.37989,1.37998,2.25,1.37
2015.06.26 03:36:31.522,1.37987,1.37997,1.12,1.95
2015.06.26 03:36:31.877,1.37985,1.37994,1.00,1.87
2015.06.26 03:36:32.497,1.37984,1.37993,2.70,1.37
2015.06.26 03:36:33.572,1.37984,1.37992,1.37,1.12
2015.06.26 03:36:34.288,1.37984,1.37993,1.37,1.00
2015.06.26 03:36:34.791,1.37984,1.37993,1.00,1.00
2015.06.26 03:36:35.464,1.37984,1.37994,1.00,1.10
2015.06.26 03:36:36.145,1.37984,1.37994,1.37,1.10
2015.06.26 03:36:36.679,1.37984,1.37994,1.50,1.10
2015.06.26 03:36:36.982,1.37986,1.37994,1.12,1.10
2015.06.26 03:36:37.285,1.37988,1.37998,2.62,1.20
2015.06.26 03:36:37.538,1.3799,1.38,3.00,1.65
2015.06.26 03:36:38.055,1.37993,1.38001,1.50,1.57
2015.06.26 03:36:38.309,1.37994,1.38003,1.00,1.27
2015.06.26 03:36:38.562,1.37997,1.38004,1.00,1.20
2015.06.26 03:36:39.072,1.37996,1.38004,1.00,1.20
2015.06.26 03:36:39.614,1.37998,1.38007,1.00,1.20
2015.06.26 03:36:40.143,1.37999,1.38008,1.00,1.12
2015.06.26 03:36:40.618,1.37997,1.38007,3.00,1.12
2015.06.26 03:36:40.720,1.37997,1.38006,2.62,1.37
2015.06.26 03:36:41.854,1.37994,1.38002,1.87,1.50
2015.06.26 03:36:41.905,1.37994,1.38001,1.37,1.12
2015.06.26 03:36:42.109,1.3799,1.38,1.87,1.50
2015.06.26 03:36:42.617,1.3799,1.38,1.37,3.00
2015.06.26 03:36:44.104,1.3799,1.38,1.50,2.25
2015.06.26 03:36:44.643,1.3799,1.38,2.10,1.10
2015.06.26 03:36:46.099,1.37991,1.38,1.00,1.10
2015.06.26 03:36:48.087,1.37989,1.37998,2.25,1.57
2015.06.26 03:36:48.390,1.37989,1.37996,1.00,1.00
2015.06.26 03:36:48.542,1.37986,1.37994,2.62,1.00
2015.06.26 03:36:49.579,1.37986,1.37994,1.37,1.00
2015.06.26 03:36:51.924,1.37986,1.37994,1.87,1.00
2015.06.26 03:36:52.040,1.37986,1.37994,1.87,1.00
2015.06.26 03:36:52.543,1.37985,1.37994,1.87,1.00
2015.06.26 03:36:52.606,1.37985,1.37994,1.87,1.00
2015.06.26 03:36:55.349,1.37985,1.37994,1.75,1.00
2015.06.26 03:36:55.654,1.37979,1.37988,2.25,3.07
2015.06.26 03:36:55.907,1.37978,1.37988,1.50,3.82
2015.06.26 03:36:56.398,1.37977,1.37985,1.12,1.50
2015.06.26 03:36:57.012,1.37977,1.37987,1.50,2.32
2015.06.26 03:36:58.765,1.37977,1.37987,1.50,3.07
2015.06.26 03:37:08.511,1.37982,1.37987,1.67,1.00
2015.06.26 03:37:08.613,1.37983,1.3799,1.00,1.12
2015.06.26 03:37:08.665,1.37983,1.3799,1.50,1.00
2015.06.26 03:37:08.718,1.37983,1.37992,1.50,1.10
2015.06.26 03:37:08.872,1.37982,1.37992,3.90,1.00
2015.06.26 03:37:09.387,1.37984,1.37994,1.37,2.62
2015.06.26 03:37:10.236,1.37984,1.37994,1.37,1.00
2015.06.26 03:37:10.741,1.37984,1.37994,1.37,1.12
2015.06.26 03:37:13.638,1.37984,1.37994,1.37,2.62
2015.06.26 03:37:14.144,1.37986,1.37995,1.87,1.00
2015.06.26 03:37:15.250,1.37986,1.37995,2.25,1.87
2015.06.26 03:37:15.860,1.37986,1.37995,2.25,1.87
2015.06.26 03:37:16.375,1.37986,1.37995,2.25,1.00
2015.06.26 03:37:16.901,1.37986,1.37996,2.25,3.15
2015.06.26 03:37:17.402,1.37986,1.37996,2.25,2.77
2015.06.26 03:37:17.909,1.37986,1.37996,1.87,3.82
2015.06.26 03:37:28.405,1.37986,1.37996,1.87,1.95
2015.06.26 03:37:28.946,1.37986,1.37996,4.12,1.50
2015.06.26 03:37:29.496,1.37988,1.37998,1.87,2.77
2015.06.26 03:37:29.900,1.37988,1.37998,1.50,1.65
2015.06.26 03:37:31.296,1.37988,1.37998,1.87,2.77
2015.06.26 03:37:32.597,1.37988,1.37998,1.50,3.15
2015.06.26 03:37:35.614,1.37988,1.37998,1.87,3.15
2015.06.26 03:37:36.896,1.37988,1.37998,2.25,3.15
2015.06.26 03:37:39.606,1.37986,1.37995,2.47,1.20
2015.06.26 03:37:40.213,1.37988,1.37996,2.47,1.87
2015.06.26 03:37:40.618,1.37989,1.37997,1.35,1.75
2015.06.26 03:37:43.589,1.3799,1.37998,1.97,1.75
2015.06.26 03:37:44.136,1.3799,1.37998,1.72,1.12
2015.06.26 03:37:45.105,1.3799,1.37998,1.75,1.50
2015.06.26 03:37:51.950,1.3799,1.38,1.75,4.50
2015.06.26 03:37:56.186,1.3799,1.37999,1.87,1.57
2015.06.26 03:37:56.288,1.3799,1.37997,1.37,1.57
2015.06.26 03:37:56.752,1.37992,1.37999,1.67,2.25
2015.06.26 03:37:57.280,1.3799,1.37999,4.35,1.20
2015.06.26 03:37:59.426,1.3799,1.37999,3.37,1.07
2015.06.26 03:38:01.406,1.37991,1.37998,1.00,1.10
2015.06.26 03:38:01.609,1.37988,1.37998,1.50,3.07
2015.06.26 03:38:02.259,1.37993,1.37997,1.30,1.45
2015.06.26 03:38:05.171,1.3799,1.37998,1.30,3.00
2015.06.26 03:38:11.010,1.37989,1.37998,1.75,3.00
2015.06.26 03:38:11.555,1.3799,1.38,2.25,1.87
2015.06.26 03:38:12.215,1.37991,1.37999,1.00,1.20
2015.06.26 03:38:14.230,1.37989,1.37999,1.87,2.32
2015.06.26 03:38:16.216,1.37989,1.38,2.25,4.12
2015.06.26 03:38:27.300,1.37991,1.37999,1.00,1.27
2015.06.26 03:38:32.628,1.3799,1.37999,2.25,1.27
2015.06.26 03:38:34.131,1.3799,1.37999,2.62,1.65
2015.06.26 03:38:35.160,1.3799,1.37999,1.12,1.27
2015.06.26 03:38:39.274,1.3799,1.38,2.10,3.37
2015.06.26 03:38:39.793,1.37991,1.38,1.72,1.57
2015.06.26 03:38:48.813,1.37992,1.38,1.00,1.10
2015.06.26 03:38:49.324,1.37991,1.38001,3.37,1.50
2015.06.26 03:38:49.375,1.37991,1.38001,3.75,1.87
2015.06.26 03:38:50.152,1.37993,1.38001,1.37,1.50
2015.06.26 03:38:51.143,1.37992,1.38001,1.87,1.50
2015.06.26 03:38:51.370,1.37992,1.38001,1.87,1.50
2015.06.26 03:38:51.572,1.37992,1.38001,1.87,1.50
2015.06.26 03:38:52.140,1.37992,1.38001,1.87,1.50
2015.06.26 03:38:52.950,1.37992,1.38001,1.37,1.50
2015.06.26 03:38:53.321,1.37992,1.38001,1.37,1.50
2015.06.26 03:38:53.825,1.37992,1.38001,1.37,1.50
2015.06.26 03:38:56.368,1.37992,1.38001,1.00,1.50
2015.06.26 03:39:00.105,1.37992,1.38001,1.37,1.65
2015.06.26 03:39:00.434,1.37992,1.38002,1.37,4.72
2015.06.26 03:39:00.485,1.37992,1.38002,1.37,4.35
2015.06.26 03:39:00.990,1.37994,1.38002,1.50,2.85
2015.06.26 03:39:01.927,1.37991,1.37999,2.25,2.25
2015.06.26 03:39:01.978,1.37989,1.37998,1.87,2.25
2015.06.26 03:39:03.369,1.37989,1.37998,1.87,2.25
2015.06.26 03:39:04.143,1.37987,1.37997,1.87,3.07
2015.06.26 03:39:04.671,1.37987,1.37996,1.87,1.12
2015.06.26 03:39:20.627,1.37988,1.37996,1.12,1.45
2015.06.26 03:39:21.133,1.37988,1.37997,3.37,1.20
2015.06.26 03:39:21.684,1.37989,1.37998,1.37,3.07
2015.06.26 03:39:22.202,1.3799,1.37998,2.62,1.10
2015.06.26 03:39:25.351,1.3799,1.37999,2.25,1.20
2015.06.26 03:39:26.787,1.3799,1.37999,2.62,1.07
2015.06.26 03:39:29.583,1.37991,1.37999,2.25,1.07
2015.06.26 03:39:29.685,1.37991,1.38,3.00,1.10
2015.06.26 03:39:29.988,1.37991,1.38,3.90,1.00
2015.06.26 03:39:30.509,1.37992,1.38002,1.37,3.60
2015.06.26 03:39:31.149,1.37992,1.38002,1.50,3.60
2015.06.26 03:39:32.288,1.37992,1.38002,1.50,5.10
2015.06.26 03:39:33.397,1.37992,1.38001,1.50,1.45
2015.06.26 03:39:34.307,1.37992,1.38001,1.50,2.32
2015.06.26 03:39:34.664,1.37993,1.38001,1.37,1.95
2015.06.26 03:39:35.093,1.37993,1.38001,1.50,1.95
2015.06.26 03:39:35.607,1.37994,1.38002,1.37,3.30
2015.06.26 03:39:35.917,1.37994,1.38002,1.37,2.70
2015.06.26 03:39:35.968,1.37994,1.38002,1.12,2.70
2015.06.26 03:39:36.070,1.37994,1.38002,1.87,2.70
2015.06.26 03:39:36.491,1.37994,1.38002,1.50,2.70
2015.06.26 03:39:37.180,1.37994,1.38002,1.37,1.20
2015.06.26 03:39:37.781,1.37994,1.38002,1.87,1.80
2015.06.26 03:39:41.200,1.37994,1.38001,1.00,1.00
2015.06.26 03:39:41.742,1.37993,1.38002,1.12,3.67
2015.06.26 03:39:43.297,1.37993,1.38002,1.87,4.05
2015.06.26 03:39:43.925,1.37993,1.38002,1.87,3.67
2015.06.26 03:39:45.931,1.37993,1.38002,1.87,3.30
2015.06.26 03:39:46.033,1.37993,1.38002,1.12,3.30
2015.06.26 03:39:46.393,1.37993,1.38001,1.12,2.10
2015.06.26 03:39:47.387,1.37992,1.38,3.00,1.87
2015.06.26 03:39:48.319,1.37992,1.38,1.50,1.87
2015.06.26 03:39:48.847,1.37992,1.38,1.50,2.25
2015.06.26 03:39:52.010,1.37991,1.37997,1.87,1.12
2015.06.26 03:39:52.065,1.37987,1.37996,2.25,1.07
2015.06.26 03:39:52.469,1.37989,1.37998,1.00,1.95
2015.06.26 03:39:54.414,1.37989,1.37998,1.37,2.32
2015.06.26 03:39:55.520,1.37989,1.37998,1.12,1.95
2015.06.26 03:39:55.723,1.3799,1.37998,1.37,1.20
2015.06.26 03:39:56.436,1.37992,1.37999,1.00,1.07
2015.06.26 03:39:56.962,1.37992,1.38,1.00,2.25
2015.06.26 03:39:58.666,1.37994,1.38,1.00,2.25
2015.06.26 03:39:59.410,1.37994,1.38002,1.12,4.35
2015.06.26 03:40:00.763,1.37994,1.38002,1.37,4.35
2015.06.26 03:40:01.731,1.37994,1.38002,1.37,3.75
2015.06.26 03:40:05.349,1.37993,1.38001,1.37,1.37
2015.06.26 03:40:05.899,1.37993,1.38002,2.62,4.87
2015.06.26 03:40:06.875,1.37998,1.38002,1.00,4.87
2015.06.26 03:40:06.977,1.37998,1.38002,1.00,1.50
2015.06.26 03:40:07.078,1.37998,1.38004,1.37,1.50
2015.06.26 03:40:07.983,1.37998,1.38005,2.25,2.25
2015.06.26 03:40:08.036,1.38,1.38007,1.00,2.25
2015.06.26 03:40:08.547,1.38,1.38007,2.62,1.50
2015.06.26 03:40:11.229,1.38003,1.38007,1.12,1.50
2015.06.26 03:40:11.432,1.38005,1.38012,1.37,2.25
2015.06.26 03:40:11.634,1.38003,1.38012,2.25,1.35
2015.06.26 03:40:12.227,1.37999,1.38009,4.12,2.32
2015.06.26 03:40:12.278,1.37999,1.38009,4.12,2.70
2015.06.26 03:40:13.436,1.37999,1.38009,4.50,3.07
2015.06.26 03:40:14.325,1.37999,1.38009,4.50,3.07
2015.06.26 03:40:15.210,1.38,1.38009,1.00,2.32
2015.06.26 03:40:15.262,1.38002,1.38009,1.00,1.95
2015.06.26 03:40:16.142,1.38002,1.38011,1.50,1.95
2015.06.26 03:40:17.286,1.38002,1.38011,1.50,1.95
2015.06.26 03:40:17.794,1.38002,1.38009,1.87,1.20
2015.06.26 03:40:19.792,1.38002,1.3801,2.25,1.07
2015.06.26 03:40:19.944,1.38004,1.38011,1.50,1.00
2015.06.26 03:40:19.996,1.38006,1.38011,1.37,1.00
2015.06.26 03:40:20.097,1.38006,1.38014,1.75,1.50
2015.06.26 03:40:21.081,1.38007,1.38017,2.62,1.57
2015.06.26 03:40:21.384,1.38007,1.38017,3.00,1.95
2015.06.26 03:40:23.186,1.38008,1.38017,1.12,1.57
2015.06.26 03:40:32.579,1.38007,1.38017,1.87,2.32
2015.06.26 03:40:33.119,1.38007,1.38016,1.87,1.87
2015.06.26 03:40:34.929,1.38007,1.38016,2.25,1.87
2015.06.26 03:40:35.283,1.38004,1.38013,2.32,1.95
2015.06.26 03:40:37.514,1.38003,1.38013,3.00,3.82
2015.06.26 03:40:40.310,1.38004,1.38013,1.37,2.70
2015.06.26 03:40:40.847,1.38006,1.38013,1.00,3.07
2015.06.26 03:40:46.527,1.38004,1.38013,2.25,2.70
2015.06.26 03:40:47.085,1.38004,1.38013,2.25,1.57
2015.06.26 03:40:51.124,1.38006,1.38013,1.37,1.95
2015.06.26 03:40:52.037,1.38004,1.38012,3.00,2.70
2015.06.26 03:40:52.583,1.38004,1.38012,1.50,2.70
2015.06.26 03:40:53.338,1.38003,1.38011,2.25,1.50
2015.06.26 03:40:56.659,1.38003,1.38011,1.75,3.00
2015.06.26 03:40:56.761,1.38005,1.38011,1.37,3.00
2015.06.26 03:40:56.963,1.38005,1.38012,3.75,1.10
2015.06.26 03:40:57.848,1.38005,1.38014,3.75,2.17
2015.06.26 03:40:58.377,1.38005,1.38012,3.37,1.00
2015.06.26 03:40:58.885,1.38006,1.38013,1.37,1.20
2015.06.26 03:40:58.987,1.38006,1.38012,1.37,1.07
2015.06.26 03:40:59.748,1.38006,1.38011,1.37,1.50
2015.06.26 03:40:59.800,1.38004,1.38011,1.12,2.10
2015.06.26 03:41:00.345,1.38002,1.3801,2.25,1.07
2015.06.26 03:41:00.899,1.38002,1.3801,1.50,1.07
2015.06.26 03:41:03.084,1.38002,1.3801,1.75,1.07
2015.06.26 03:41:03.306,1.38004,1.3801,1.37,1.07
2015.06.26 03:41:03.509,1.38004,1.38012,1.50,1.65
2015.06.26 03:41:03.966,1.38004,1.38011,2.25,1.50
2015.06.26 03:41:04.476,1.38002,1.3801,1.50,1.07
2015.06.26 03:41:04.996,1.38004,1.3801,1.00,1.07
2015.06.26 03:41:10.897,1.38001,1.38009,2.85,1.10
2015.06.26 03:41:11.414,1.38004,1.38009,1.00,1.10
2015.06.26 03:41:15.278,1.37997,1.38004,1.00,1.00
2015.06.26 03:41:17.525,1.37997,1.38005,1.37,1.72
2015.06.26 03:41:18.084,1.37997,1.38005,1.37,1.12
2015.06.26 03:41:23.243,1.37996,1.38006,1.75,3.37
2015.06.26 03:41:25.631,1.37998,1.38002,1.00,1.50
2015.06.26 03:41:34.859,1.37997,1.38002,1.12,1.50
2015.06.26 03:41:37.535,1.37997,1.38003,1.00,2.85
2015.06.26 03:41:38.242,1.37995,1.38001,1.00,1.75
2015.06.26 03:41:38.776,1.37994,1.38,1.37,1.12
2015.06.26 03:41:39.281,1.37994,1.38001,1.87,3.00
2015.06.26 03:41:40.781,1.37992,1.38,1.50,1.12
2015.06.26 03:41:41.292,1.37992,1.38001,2.25,2.62
2015.06.26 03:41:42.043,1.37992,1.38001,2.62,3.60
2015.06.26 03:41:43.146,1.37993,1.38001,1.12,3.00
2015.06.26 03:41:45.656,1.37993,1.38001,1.37,3.22
2015.06.26 03:41:45.988,1.37996,1.38001,1.12,2.10
2015.06.26 03:41:48.744,1.37996,1.38001,1.00,2.47
2015.06.26 03:41:50.152,1.37994,1.38001,1.37,1.87
2015.06.26 03:41:50.759,1.37994,1.38001,1.37,2.47
2015.06.26 03:41:56.502,1.37991,1.38001,4.20,1.87
2015.06.26 03:42:01.623,1.37991,1.38,2.62,1.05
2015.06.26 03:42:02.683,1.37991,1.37999,1.87,1.87
2015.06.26 03:42:06.888,1.37991,1.37999,2.62,1.87
2015.06.26 03:42:07.842,1.37991,1.37999,1.87,1.87
2015.06.26 03:42:09.377,1.37991,1.37999,1.87,1.87
2015.06.26 03:42:11.317,1.37991,1.37999,1.37,1.87
2015.06.26 03:42:11.418,1.3799,1.37998,1.12,1.35
2015.06.26 03:42:11.976,1.37988,1.37995,1.75,1.07
2015.06.26 03:42:12.027,1.37984,1.37993,1.37,1.57
2015.06.26 03:42:12.534,1.37982,1.37991,1.37,1.00
2015.06.26 03:42:12.838,1.3798,1.37989,1.65,1.50
2015.06.26 03:42:13.092,1.37978,1.37987,1.95,1.50
2015.06.26 03:42:14.597,1.37978,1.37987,1.75,1.20
2015.06.26 03:42:25.697,1.37978,1.37987,1.85,1.37
2015.06.26 03:42:25.748,1.37977,1.37987,2.70,1.87
2015.06.26 03:42:25.849,1.37976,1.37985,3.07,1.00
2015.06.26 03:42:26.103,1.37976,1.37985,1.00,1.87
2015.06.26 03:42:38.579,1.37976,1.37985,2.10,1.47
2015.06.26 03:42:39.094,1.37976,1.37985,2.02,1.12
2015.06.26 03:42:39.680,1.37976,1.37985,2.02,1.37
2015.06.26 03:42:39.903,1.37976,1.37985,3.00,1.00
2015.06.26 03:42:40.360,1.37977,1.37987,3.00,1.57
2015.06.26 03:42:40.866,1.37978,1.37987,1.12,1.20
2015.06.26 03:42:41.623,1.37978,1.37987,1.50,1.20
2015.06.26 03:42:43.302,1.37978,1.37987,1.12,1.20
2015.06.26 03:42:46.940,1.37978,1.37987,1.87,1.20
2015.06.26 03:42:48.018,1.37977,1.37987,2.25,1.57
2015.06.26 03:42:48.120,1.37977,1.37987,1.87,1.27
2015.06.26 03:42:48.546,1.37977,1.37985,1.37,1.12
2015.06.26 03:42:49.069,1.37976,1.37983,1.37,1.00
2015.06.26 03:42:54.854,1.37976,1.37983,1.12,1.00
2015.06.26 03:42:59.133,1.37975,1.37983,1.35,1.00
2015.06.26 03:42:59.437,1.37976,1.37985,2.47,1.65
2015.06.26 03:43:05.373,1.37978,1.37985,2.10,1.65
2015.06.26 03:43:05.970,1.3798,1.37989,2.62,1.20
2015.06.26 03:43:07.465,1.3798,1.37989,2.62,1.47
2015.06.26 03:43:16.868,1.3798,1.37989,2.62,1.20
2015.06.26 03:43:17.879,1.3798,1.37989,2.62,1.47
2015.06.26 03:43:21.562,1.3798,1.37989,2.62,1.47
2015.06.26 03:43:22.501,1.3798,1.3799,2.62,3.07
2015.06.26 03:43:24.152,1.37981,1.37991,1.87,4.12
2015.06.26 03:43:26.065,1.37982,1.37991,1.37,2.62
2015.06.26 03:43:26.584,1.37982,1.37991,2.62,2.62
2015.06.26 03:43:38.611,1.37982,1.37991,1.37,2.62
2015.06.26 03:43:39.522,1.37981,1.3799,1.00,1.87
2015.06.26 03:43:39.775,1.37981,1.3799,1.00,2.55
2015.06.26 03:43:43.856,1.37981,1.37989,1.50,1.07
2015.06.26 03:43:44.362,1.37981,1.37989,1.12,1.07
2015.06.26 03:43:49.290,1.3798,1.37989,3.00,1.07
2015.06.26 03:43:50.690,1.37981,1.37991,1.87,3.37
2015.06.26 03:44:01.883,1.37981,1.3799,2.25,1.72
2015.06.26 03:44:03.681,1.37981,1.37991,2.25,5.10
2015.06.26 03:44:08.927,1.37981,1.37991,4.35,3.75
2015.06.26 03:44:09.029,1.37981,1.37991,5.85,3.75
2015.06.26 03:44:09.557,1.37982,1.37991,3.00,2.32
2015.06.26 03:44:13.762,1.37982,1.37991,1.00,3.07
2015.06.26 03:44:23.665,1.37981,1.37991,1.12,3.07
2015.06.26 03:44:24.979,1.37981,1.37991,1.37,1.95
2015.06.26 03:44:25.494,1.37982,1.37991,1.37,1.20
2015.06.26 03:44:30.023,1.37983,1.37991,1.12,1.57
2015.06.26 03:44:30.826,1.37984,1.37992,1.12,1.37
2015.06.26 03:44:31.130,1.37985,1.37994,1.12,1.65
2015.06.26 03:44:31.232,1.37987,1.37995,1.12,1.87
2015.06.26 03:44:31.535,1.37987,1.37996,1.57,1.87
2015.06.26 03:44:32.305,1.37987,1.37996,1.57,1.87
2015.06.26 03:44:32.813,1.37988,1.37996,1.12,1.00
2015.06.26 03:44:33.345,1.37988,1.37998,1.87,4.12
2015.06.26 03:44:36.513,1.3799,1.37998,1.00,4.12
2015.06.26 03:44:37.033,1.3799,1.37997,1.00,1.27
2015.06.26 03:44:38.960,1.37988,1.37998,3.00,3.37
2015.06.26 03:44:41.251,1.37988,1.37998,3.00,3.37
2015.06.26 03:44:41.783,1.37988,1.37998,2.62,4.12
2015.06.26 03:44:44.916,1.37988,1.37997,1.50,2.32
2015.06.26 03:44:45.321,1.37986,1.37996,1.00,1.95
2015.06.26 03:44:46.659,1.37986,1.37996,1.00,2.70
2015.06.26 03:44:46.962,1.37983,1.37994,4.20,1.12
2015.06.26 03:44:47.492,1.37983,1.37994,3.90,1.87
2015.06.26 03:44:48.872,1.37983,1.37994,3.52,2.62
2015.06.26 03:44:49.928,1.37983,1.37994,3.52,2.62
2015.06.26 03:44:50.131,1.37983,1.37993,3.37,2.25
2015.06.26 03:44:50.434,1.37982,1.37991,2.25,2.25
2015.06.26 03:44:51.486,1.37982,1.37991,1.87,1.12
2015.06.26 03:44:52.030,1.37982,1.37992,1.95,1.57
2015.06.26 03:44:52.565,1.37983,1.37992,1.00,1.85
2015.06.26 03:44:56.262,1.37981,1.3799,1.50,1.37
2015.06.26 03:44:56.567,1.37977,1.37987,5.10,1.20
2015.06.26 03:44:57.235,1.37977,1.37987,3.22,1.65
2015.06.26 03:44:58.060,1.37978,1.37987,1.35,2.02
2015.06.26 03:44:58.961,1.37979,1.37989,2.47,2.70
2015.06.26 03:44:59.565,1.37979,1.37989,2.85,2.70
2015.06.26 03:45:04.147,1.3798,1.37989,1.67,2.70
2015.06.26 03:45:04.654,1.37982,1.37989,1.50,1.87
2015.06.26 03:45:05.908,1.37982,1.37991,1.12,1.12
2015.06.26 03:45:06.063,1.37982,1.37991,1.50,1.00
2015.06.26 03:45:06.266,1.37983,1.37993,5.10,1.87
2015.06.26 03:45:06.570,1.37985,1.37994,1.12,1.37
2015.06.26 03:45:06.672,1.37985,1.37994,1.12,1.10
2015.06.26 03:45:07.601,1.37985,1.37994,1.12,2.32
2015.06.26 03:45:08.171,1.37985,1.37994,1.12,2.70
2015.06.26 03:45:08.871,1.37983,1.37992,2.70,1.12
2015.06.26 03:45:09.664,1.37983,1.37992,2.62,1.57
2015.06.26 03:45:13.492,1.37983,1.37992,1.00,1.20
2015.06.26 03:45:16.220,1.37982,1.37992,2.25,3.67
2015.06.26 03:45:20.111,1.37982,1.3799,1.00,1.12
2015.06.26 03:45:22.974,1.37981,1.3799,2.25,1.12
2015.06.26 03:45:25.892,1.3798,1.3799,3.52,1.12
2015.06.26 03:45:26.397,1.3798,1.3799,1.75,4.05
2015.06.26 03:45:26.944,1.37978,1.37988,3.37,2.02
2015.06.26 03:45:27.998,1.37978,1.37988,2.62,3.30
2015.06.26 03:45:28.503,1.37978,1.37988,2.77,1.50
2015.06.26 03:45:29.017,1.37978,1.37988,2.77,1.50
2015.06.26 03:45:29.944,1.37978,1.37988,2.77,1.87
2015.06.26 03:45:30.450,1.37978,1.37987,2.02,1.12
2015.06.26 03:45:30.756,1.37976,1.37985,1.95,1.50
2015.06.26 03:45:31.377,1.37973,1.37976,2.62,1.00
2015.06.26 03:45:31.428,1.37965,1.37975,4.95,2.25
2015.06.26 03:45:31.732,1.37965,1.37972,1.12,1.50
2015.06.26 03:45:33.102,1.37965,1.37971,1.00,1.00
2015.06.26 03:45:33.205,1.37962,1.37969,1.57,1.12
2015.06.26 03:45:33.256,1.3796,1.37969,1.10,1.87
2015.06.26 03:45:33.458,1.37958,1.37967,3.00,1.00
2015.06.26 03:45:34.348,1.37958,1.37967,1.00,1.00
2015.06.26 03:45:34.949,1.37958,1.37967,1.00,1.37
2015.06.26 03:45:36.397,1.37958,1.37967,1.37,1.50
2015.06.26 03:45:36.702,1.37962,1.37967,1.00,1.00
2015.06.26 03:45:36.854,1.37963,1.37972,1.00,1.87
2015.06.26 03:45:37.107,1.37964,1.37972,2.02,1.37
2015.06.26 03:45:37.779,1.37964,1.37972,3.52,1.00
2015.06.26 03:45:38.260,1.37964,1.37972,3.90,1.00
2015.06.26 03:45:41.248,1.37967,1.37972,1.37,1.00
2015.06.26 03:45:41.300,1.37969,1.37974,1.00,1.50
2015.06.26 03:45:41.351,1.37967,1.37974,1.75,1.50
2015.06.26 03:45:41.553,1.37969,1.37976,1.50,1.50
2015.06.26 03:45:47.200,1.37969,1.37976,1.75,1.50
2015.06.26 03:45:49.343,1.37968,1.37975,1.95,1.00
2015.06.26 03:45:49.444,1.37967,1.37975,3.00,1.00
2015.06.26 03:45:49.977,1.37966,1.37975,1.87,1.00
2015.06.26 03:45:52.063,1.37964,1.37974,4.95,1.50
2015.06.26 03:45:52.114,1.37964,1.37974,3.82,1.87
2015.06.26 03:45:53.787,1.37965,1.37974,1.00,1.87
2015.06.26 03:45:54.251,1.37965,1.37972,1.00,1.00
2015.06.26 03:45:55.009,1.37966,1.37972,1.37,1.00
2015.06.26 03:45:55.060,1.37966,1.37974,1.37,1.50
2015.06.26 03:45:55.111,1.37968,1.37974,1.37,1.50
2015.06.26 03:45:56.534,1.37968,1.37976,3.07,1.00
2015.06.26 03:45:59.181,1.37968,1.37976,3.82,1.00
2015.06.26 03:45:59.721,1.37968,1.37977,2.70,1.00
2015.06.26 03:46:06.222,1.37968,1.37977,3.37,1.10
2015.06.26 03:46:06.727,1.37968,1.37978,4.57,2.25
2015.06.26 03:46:09.014,1.37968,1.37978,5.32,2.25
2015.06.26 03:46:10.750,1.37968,1.37978,4.95,2.25
2015.06.26 03:46:11.256,1.37968,1.37978,5.32,2.25
2015.06.26 03:46:12.608,1.37973,1.3798,1.00,1.57
2015.06.26 03:46:13.159,1.3797,1.3798,2.62,1.05
2015.06.26 03:46:13.524,1.3797,1.3798,1.37,1.05
2015.06.26 03:46:19.339,1.37969,1.3798,2.32,1.05
2015.06.26 03:46:20.225,1.37969,1.3798,2.32,1.05
2015.06.26 03:46:20.529,1.37969,1.3798,2.32,1.80
2015.06.26 03:46:20.673,1.37969,1.3798,2.32,1.80
2015.06.26 03:46:21.639,1.37969,1.37979,2.32,1.00
2015.06.26 03:46:22.348,1.3797,1.3798,1.87,1.37
2015.06.26 03:46:22.752,1.37969,1.37978,1.00,1.57
2015.06.26 03:46:22.904,1.37969,1.37976,1.00,1.00
2015.06.26 03:46:23.978,1.37964,1.37971,1.00,1.00
2015.06.26 03:46:24.498,1.37964,1.37971,1.37,1.00
2015.06.26 03:46:25.004,1.37964,1.37971,1.87,1.00
2015.06.26 03:46:36.666,1.37962,1.3797,3.00,1.00
2015.06.26 03:46:37.595,1.37962,1.37968,1.87,1.00
2015.06.26 03:46:37.646,1.37957,1.37965,1.87,1.65
2015.06.26 03:46:39.316,1.37957,1.3796,1.87,1.65
2015.06.26 03:46:39.671,1.37957,1.37962,1.87,1.50
2015.06.26 03:46:39.874,1.37957,1.37964,1.87,1.10
2015.06.26 03:46:41.910,1.37957,1.37963,1.87,1.00
2015.06.26 03:46:42.063,1.37957,1.37961,1.87,1.00
2015.06.26 03:46:42.669,1.37957,1.37963,1.87,1.57
2015.06.26 03:46:45.159,1.37957,1.37962,1.87,1.12
2015.06.26 03:46:45.565,1.37955,1.37961,1.87,1.87
2015.06.26 03:46:46.470,1.37955,1.37961,2.25,1.50
2015.06.26 03:46:46.678,1.37956,1.37965,1.87,1.95
2015.06.26 03:46:47.744,1.37957,1.37967,2.70,1.95
2015.06.26 03:46:47.845,1.37957,1.37965,2.70,1.00
2015.06.26 03:46:54.847,1.37956,1.37964,1.87,3.37
2015.06.26 03:46:55.516,1.37952,1.3796,1.87,2.25
2015.06.26 03:46:56.074,1.37949,1.37958,1.87,1.57
2015.06.26 03:46:56.576,1.37949,1.37958,1.87,1.95
2015.06.26 03:47:00.238,1.37949,1.37958,1.87,1.95
2015.06.26 03:47:01.397,1.37949,1.37958,1.87,1.47
2015.06.26 03:47:02.237,1.37949,1.37958,1.87,1.47
2015.06.26 03:47:02.541,1.37952,1.37959,2.25,1.50
2015.06.26 03:47:03.137,1.37954,1.3796,1.12,1.50
2015.06.26 03:47:03.189,1.37954,1.37963,4.12,1.87
2015.06.26 03:47:03.544,1.37957,1.37964,1.87,3.82
2015.06.26 03:47:04.378,1.37954,1.37964,2.62,3.45
2015.06.26 03:47:05.036,1.37954,1.37964,3.00,3.45
2015.06.26 03:47:05.087,1.37957,1.37965,1.12,1.20
2015.06.26 03:47:05.596,1.37957,1.37966,1.12,1.37
2015.06.26 03:47:08.914,1.37957,1.37967,2.25,1.50
2015.06.26 03:47:09.698,1.37958,1.37967,1.00,1.50
2015.06.26 03:47:13.316,1.3796,1.37969,2.70,1.87
2015.06.26 03:47:13.870,1.3796,1.37969,1.95,1.37
2015.06.26 03:47:16.547,1.3796,1.37969,1.95,1.75
2015.06.26 03:47:17.268,1.3796,1.37968,1.50,1.50
2015.06.26 03:47:18.378,1.3796,1.37969,1.50,2.02
2015.06.26 03:47:18.945,1.3796,1.37969,1.50,2.77
2015.06.26 03:47:19.593,1.3796,1.37969,1.50,2.77
2015.06.26 03:47:23.976,1.3796,1.37968,1.50,1.75
2015.06.26 03:47:25.310,1.37957,1.37965,1.00,2.70
2015.06.26 03:47:25.663,1.37955,1.37964,1.87,1.57
2015.06.26 03:47:25.979,1.37955,1.37965,1.87,4.12
2015.06.26 03:47:26.080,1.37955,1.37965,1.87,4.50
2015.06.26 03:47:26.482,1.37955,1.37963,1.37,1.37
2015.06.26 03:47:30.033,1.37954,1.37963,2.62,2.32
2015.06.26 03:47:33.809,1.37954,1.37963,1.87,3.82
2015.06.26 03:47:34.756,1.37954,1.37963,1.87,3.82
2015.06.26 03:47:35.298,1.37954,1.37963,1.87,4.57
2015.06.26 03:47:35.501,1.37955,1.37963,1.87,1.57
2015.06.26 03:47:36.031,1.37956,1.37965,1.87,1.27
2015.06.26 03:47:36.798,1.37956,1.37964,2.62,1.00
2015.06.26 03:47:38.303,1.37956,1.37966,3.00,2.25
2015.06.26 03:47:38.505,1.37956,1.37966,3.00,3.00
2015.06.26 03:47:38.606,1.37956,1.37966,3.00,3.00
2015.06.26 03:47:39.300,1.37958,1.37966,1.87,2.25
2015.06.26 03:47:39.811,1.37958,1.37966,1.87,2.25
2015.06.26 03:47:40.129,1.37958,1.37963,1.87,1.00
2015.06.26 03:47:40.606,1.37957,1.37961,1.87,1.00
2015.06.26 03:47:41.116,1.37957,1.37965,1.87,3.45
2015.06.26 03:47:42.547,1.37957,1.37965,1.87,1.57
2015.06.26 03:47:43.627,1.37957,1.37965,1.87,2.32
2015.06.26 03:47:45.231,1.37957,1.37963,1.87,1.50
2015.06.26 03:47:45.794,1.37959,1.37966,1.87,1.95
2015.06.26 03:47:46.906,1.37959,1.37967,1.87,1.12
2015.06.26 03:47:47.626,1.37959,1.37968,1.87,2.40
2015.06.26 03:47:47.830,1.37959,1.37968,2.40,1.50
2015.06.26 03:47:48.265,1.37959,1.37966,2.02,2.25
2015.06.26 03:47:48.764,1.37959,1.37966,1.95,2.32
2015.06.26 03:47:49.376,1.37959,1.37965,1.87,1.20
2015.06.26 03:47:50.299,1.37957,1.37965,2.25,1.20
2015.06.26 03:47:56.864,1.37957,1.37965,1.87,1.57
2015.06.26 03:47:57.849,1.37957,1.37961,1.87,1.00
2015.06.26 03:47:58.355,1.37957,1.37961,1.87,1.37
2015.06.26 03:47:58.897,1.37957,1.37961,1.87,1.00
2015.06.26 03:48:02.231,1.37957,1.37961,1.87,1.37
2015.06.26 03:48:02.534,1.37955,1.3796,1.50,1.47
2015.06.26 03:48:03.060,1.37955,1.3796,1.87,2.77
2015.06.26 03:48:03.757,1.37954,1.3796,1.87,2.77
2015.06.26 03:48:04.017,1.37954,1.3796,1.87,3.90
2015.06.26 03:48:04.550,1.37954,1.37956,1.87,1.00
2015.06.26 03:48:04.653,1.3795,1.37956,1.87,1.37
2015.06.26 03:48:04.806,1.37947,1.37954,1.87,1.95
2015.06.26 03:48:05.906,1.37947,1.37954,1.87,2.77
2015.06.26 03:48:06.210,1.37948,1.37954,1.87,2.02
2015.06.26 03:48:08.712,1.37949,1.37956,1.87,3.00
2015.06.26 03:48:09.067,1.37949,1.37956,2.25,1.50
2015.06.26 03:48:12.146,1.37949,1.37956,1.87,3.90
2015.06.26 03:48:13.425,1.37949,1.37954,1.87,1.00
2015.06.26 03:48:13.527,1.37947,1.37954,1.87,1.87
2015.06.26 03:48:13.579,1.37947,1.37954,1.87,1.87
2015.06.26 03:48:14.842,1.37947,1.37953,1.87,2.02
2015.06.26 03:48:14.943,1.37947,1.37954,1.87,4.50
2015.06.26 03:48:15.610,1.37948,1.37955,1.87,2.62
2015.06.26 03:48:16.116,1.37948,1.37955,1.87,1.57
2015.06.26 03:48:16.901,1.37948,1.37955,3.00,1.10
2015.06.26 03:48:16.952,1.37948,1.37958,3.75,5.62
2015.06.26 03:48:17.003,1.37948,1.37958,3.75,5.25
2015.06.26 03:48:17.961,1.37948,1.37958,3.75,4.57
2015.06.26 03:48:18.012,1.37953,1.37963,5.40,2.40
2015.06.26 03:48:18.550,1.37953,1.37963,5.40,1.65
2015.06.26 03:48:18.651,1.37953,1.37963,5.40,2.02
2015.06.26 03:48:19.418,1.37953,1.3796,2.62,1.37
2015.06.26 03:48:19.963,1.37953,1.3796,1.87,2.62
2015.06.26 03:48:20.267,1.3795,1.37954,1.00,1.12
2015.06.26 03:48:20.941,1.37946,1.37954,1.87,2.32
2015.06.26 03:48:21.477,1.37947,1.37952,1.87,1.87
2015.06.26 03:48:23.061,1.37947,1.37952,1.87,1.87
2015.06.26 03:48:25.165,1.37947,1.37952,1.87,1.87
2015.06.26 03:48:25.702,1.37947,1.37952,1.87,1.87
2015.06.26 03:48:26.801,1.37947,1.37953,1.87,1.47
2015.06.26 03:48:28.417,1.37947,1.37953,1.87,1.47
2015.06.26 03:48:29.094,1.37947,1.37953,1.87,1.95
2015.06.26 03:48:29.426,1.37945,1.37947,1.87,3.00
2015.06.26 03:48:29.731,1.37942,1.37945,1.87,1.00
2015.06.26 03:48:29.883,1.37945,1.37947,1.87,1.00
2015.06.26 03:48:30.085,1.37945,1.37949,1.87,2.32
2015.06.26 03:48:30.985,1.37945,1.37947,1.87,1.00
2015.06.26 03:48:31.520,1.37945,1.37949,1.87,1.87
2015.06.26 03:48:31.621,1.37945,1.37949,1.87,1.87
2015.06.26 03:48:35.732,1.37944,1.37949,1.87,1.00
2015.06.26 03:48:36.273,1.37944,1.37949,1.87,1.37
2015.06.26 03:48:39.315,1.37944,1.37949,1.87,1.37
2015.06.26 03:48:41.419,1.37944,1.3795,1.87,2.02
2015.06.26 03:48:41.525,1.37944,1.3795,1.87,2.02
2015.06.26 03:48:42.051,1.37944,1.37949,1.87,1.87
2015.06.26 03:48:44.929,1.37944,1.37949,1.87,1.37
2015.06.26 03:48:45.459,1.37944,1.37949,1.87,1.00
2015.06.26 03:48:45.870,1.37945,1.3795,2.62,2.32
2015.06.26 03:48:45.922,1.37946,1.37952,2.47,1.00
2015.06.26 03:48:46.024,1.37949,1.37954,3.22,1.00
2015.06.26 03:48:46.075,1.37949,1.37957,2.62,3.82
2015.06.26 03:48:46.329,1.37951,1.37959,1.87,2.25
2015.06.26 03:48:47.304,1.37951,1.37957,1.87,1.00
2015.06.26 03:48:47.627,1.37951,1.37955,1.87,1.00
2015.06.26 03:48:48.368,1.37951,1.37956,2.25,1.00
2015.06.26 03:48:48.571,1.37952,1.3796,2.62,2.02
2015.06.26 03:48:49.295,1.37952,1.3796,3.00,1.47
2015.06.26 03:48:49.920,1.37952,1.37957,2.62,1.00
2015.06.26 03:48:50.223,1.37952,1.37954,1.37,1.00
2015.06.26 03:48:50.274,1.37951,1.37956,1.87,1.00
2015.06.26 03:48:50.870,1.37951,1.3796,1.87,4.20
2015.06.26 03:48:52.247,1.37952,1.3796,1.87,2.70
2015.06.26 03:48:52.771,1.37952,1.37959,1.37,1.37
2015.06.26 03:48:55.889,1.37952,1.3796,1.37,2.70
2015.06.26 03:48:56.959,1.37953,1.37959,1.47,1.00
2015.06.26 03:48:57.010,1.37956,1.37964,1.12,1.20
2015.06.26 03:48:57.548,1.37956,1.37964,1.37,1.57
2015.06.26 03:48:59.188,1.37956,1.37964,1.37,1.20
2015.06.26 03:49:00.668,1.37956,1.37964,1.37,1.47
2015.06.26 03:49:01.709,1.37956,1.37965,1.37,1.20
2015.06.26 03:49:01.761,1.37958,1.37965,1.87,1.20
2015.06.26 03:49:02.484,1.37959,1.37966,1.50,1.12
2015.06.26 03:49:02.811,1.3796,1.37968,1.87,1.50
2015.06.26 03:49:03.297,1.3796,1.37967,1.87,1.57
2015.06.26 03:49:04.402,1.3796,1.37969,2.25,4.12
2015.06.26 03:49:04.605,1.37964,1.37971,2.25,1.85
2015.06.26 03:49:04.657,1.37964,1.37971,2.25,1.10
2015.06.26 03:49:05.171,1.37963,1.37972,2.62,1.87
2015.06.26 03:49:05.621,1.37963,1.37972,2.62,1.87
2015.06.26 03:49:05.968,1.37963,1.37967,3.00,1.00
2015.06.26 03:49:06.120,1.37961,1.37968,1.37,1.47
2015.06.26 03:49:06.221,1.37961,1.37968,1.37,1.57
2015.06.26 03:49:06.677,1.37963,1.3797,1.37,1.85
2015.06.26 03:49:07.649,1.37966,1.37973,1.50,2.62
2015.06.26 03:49:07.700,1.37966,1.37975,2.62,1.50
2015.06.26 03:49:08.208,1.37967,1.37975,1.00,1.20
2015.06.26 03:49:08.680,1.37967,1.37975,2.62,1.20
2015.06.26 03:49:09.236,1.3797,1.37978,1.37,1.57
2015.06.26 03:49:09.785,1.3797,1.37979,2.25,3.45
2015.06.26 03:49:10.311,1.37971,1.37979,3.37,1.95
2015.06.26 03:49:10.913,1.37971,1.37977,3.37,1.60
2015.06.26 03:49:11.217,1.37969,1.37976,2.62,1.12
2015.06.26 03:49:11.319,1.37969,1.37977,1.12,1.95
2015.06.26 03:49:11.421,1.3797,1.37978,1.87,2.62
2015.06.26 03:49:12.169,1.37972,1.37978,1.37,1.95
2015.06.26 03:49:12.575,1.37971,1.37978,1.00,1.37
2015.06.26 03:49:12.727,1.37969,1.37977,1.87,1.57
2015.06.26 03:49:13.904,1.37969,1.37977,1.87,1.57
2015.06.26 03:49:14.929,1.37969,1.37977,1.87,1.57
2015.06.26 03:49:15.921,1.37969,1.37977,1.87,1.57
2015.06.26 03:49:16.925,1.37972,1.37977,1.37,1.10
2015.06.26 03:49:17.713,1.37974,1.3798,1.00,2.62
2015.06.26 03:49:18.186,1.37976,1.37981,1.00,1.75
2015.06.26 03:49:18.287,1.37974,1.37981,1.12,1.67
2015.06.26 03:49:18.540,1.37972,1.3798,1.87,3.22
2015.06.26 03:49:19.046,1.3797,1.37978,1.50,1.20
2015.06.26 03:49:20.103,1.37969,1.37976,1.87,1.20
2015.06.26 03:49:24.151,1.37969,1.37976,1.87,1.20
2015.06.26 03:49:24.602,1.37967,1.37975,1.50,1.10
2015.06.26 03:49:24.805,1.37966,1.37974,1.00,4.35
2015.06.26 03:49:26.079,1.37965,1.37974,1.00,5.47
2015.06.26 03:49:28.915,1.37965,1.37971,1.00,1.00
2015.06.26 03:49:29.421,1.37965,1.37971,1.87,1.50
2015.06.26 03:49:29.825,1.37961,1.37969,1.37,2.25
2015.06.26 03:49:32.867,1.37956,1.3796,1.00,2.32
2015.06.26 03:49:32.919,1.37951,1.3796,2.25,2.32
2015.06.26 03:49:34.266,1.37956,1.37963,1.37,1.10
2015.06.26 03:49:34.807,1.37957,1.37965,1.50,1.50
2015.06.26 03:49:35.311,1.37957,1.37965,1.50,1.50
2015.06.26 03:49:36.288,1.37957,1.37965,1.50,1.10
2015.06.26 03:49:39.374,1.37961,1.37967,1.37,2.62
2015.06.26 03:49:39.476,1.37961,1.37969,1.37,2.25
2015.06.26 03:49:39.897,1.37964,1.37969,1.50,1.50
2015.06.26 03:49:39.948,1.37964,1.37973,3.00,1.20
2015.06.26 03:49:40.493,1.37966,1.37973,1.37,1.10
2015.06.26 03:49:41.039,1.37966,1.37975,1.37,3.07
2015.06.26 03:49:43.735,1.37966,1.37975,1.00,3.07
2015.06.26 03:49:51.250,1.37965,1.37973,1.12,1.00
2015.06.26 03:49:51.849,1.37967,1.37975,1.50,1.20
2015.06.26 03:49:56.861,1.37967,1.37977,2.25,2.62
2015.06.26 03:49:57.115,1.37971,1.37978,1.50,1.10
2015.06.26 03:49:58.226,1.37974,1.37979,1.75,1.00
2015.06.26 03:49:58.278,1.37975,1.37984,1.75,3.45
2015.06.26 03:49:59.479,1.37975,1.37983,1.37,1.47
2015.06.26 03:50:00.486,1.37975,1.37983,1.00,2.32
2015.06.26 03:50:00.588,1.37975,1.37983,1.37,2.32
2015.06.26 03:50:01.125,1.37975,1.37982,1.37,1.47
2015.06.26 03:50:03.662,1.37973,1.37982,1.37,3.45
2015.06.26 03:50:04.291,1.37978,1.37982,1.00,1.00
2015.06.26 03:50:04.343,1.37978,1.37984,1.00,1.00
2015.06.26 03:50:04.976,1.37978,1.37986,1.00,2.32
2015.06.26 03:50:08.109,1.3798,1.37988,1.75,1.10
2015.06.26 03:50:08.678,1.37981,1.37989,1.00,1.20
2015.06.26 03:50:09.320,1.3798,1.37989,1.12,2.17
2015.06.26 03:50:09.824,1.37978,1.37987,1.50,1.47
2015.06.26 03:50:14.474,1.37978,1.37987,1.00,2.32
2015.06.26 03:50:15.023,1.37977,1.37986,1.12,1.95
2015.06.26 03:50:17.080,1.37977,1.37986,1.00,1.95
2015.06.26 03:50:17.629,1.37977,1.37986,1.00,1.95
2015.06.26 03:50:19.715,1.37977,1.37986,1.00,1.95
2015.06.26 03:50:20.597,1.37978,1.37987,1.00,1.57
2015.06.26 03:50:22.126,1.37978,1.37988,1.37,3.00
2015.06.26 03:50:22.228,1.37978,1.37988,2.62,1.87
2015.06.26 03:50:22.531,1.37981,1.3799,1.87,1.87
2015.06.26 03:50:23.335,1.37981,1.3799,1.87,1.27
2015.06.26 03:50:23.958,1.37981,1.3799,1.87,1.27
2015.06.26 03:50:24.262,1.37982,1.3799,1.37,1.57
2015.06.26 03:50:25.753,1.37984,1.37993,1.12,3.60
2015.06.26 03:50:25.804,1.37985,1.37993,1.00,1.50
2015.06.26 03:50:26.418,1.37985,1.37992,1.00,2.10
2015.06.26 03:50:27.455,1.37985,1.37992,1.37,2.10
2015.06.26 03:50:28.526,1.37986,1.37992,1.12,2.10
2015.06.26 03:50:29.366,1.37984,1.37992,2.25,2.10
2015.06.26 03:50:30.573,1.37984,1.37992,2.25,2.10
2015.06.26 03:50:30.957,1.37987,1.37992,1.37,1.50
2015.06.26 03:50:31.411,1.3799,1.37992,1.00,1.50
2015.06.26 03:50:31.463,1.37992,1.37998,1.00,1.20
2015.06.26 03:50:32.115,1.37992,1.37998,1.00,1.10
2015.06.26 03:50:34.377,1.37991,1.37998,1.12,2.70
2015.06.26 03:50:38.254,1.37988,1.37998,2.62,1.95
2015.06.26 03:50:42.546,1.37988,1.37998,1.87,1.27
2015.06.26 03:50:42.699,1.37989,1.37998,1.00,1.65
2015.06.26 03:50:43.727,1.37989,1.37998,1.37,2.40
2015.06.26 03:50:44.171,1.37987,1.37996,1.50,1.95
2015.06.26 03:50:44.477,1.37992,1.37996,1.00,1.20
2015.06.26 03:50:44.629,1.37993,1.37998,1.00,1.57
2015.06.26 03:50:44.833,1.37991,1.38,3.00,1.10
2015.06.26 03:50:45.036,1.37991,1.38,3.00,1.10
2015.06.26 03:50:45.587,1.37991,1.37999,2.25,1.20
2015.06.26 03:50:50.638,1.37991,1.38,2.25,2.25
2015.06.26 03:50:50.943,1.37994,1.38001,1.37,1.65
2015.06.26 03:50:51.095,1.37994,1.38003,1.37,2.02
2015.06.26 03:50:52.266,1.37993,1.38003,2.25,3.00
2015.06.26 03:50:52.672,1.37993,1.38001,1.87,1.57
2015.06.26 03:50:52.977,1.37995,1.38004,1.37,2.92
2015.06.26 03:50:53.985,1.37996,1.38004,1.12,2.92
2015.06.26 03:50:54.289,1.37994,1.38002,1.12,1.12
2015.06.26 03:50:54.341,1.37993,1.38,1.87,1.50
2015.06.26 03:50:57.100,1.37993,1.38,1.75,1.57
2015.06.26 03:50:57.663,1.37995,1.38003,1.87,1.20
2015.06.26 03:50:57.765,1.37996,1.38005,1.37,1.95
2015.06.26 03:50:58.290,1.37996,1.38005,1.37,1.65
2015.06.26 03:50:58.706,1.37996,1.38005,1.75,1.65
2015.06.26 03:50:59.344,1.37996,1.38005,1.75,1.65
2015.06.26 03:51:04.099,1.37996,1.38005,1.50,2.32
2015.06.26 03:51:04.152,1.37984,1.37993,2.25,1.50
2015.06.26 03:51:04.661,1.37982,1.37991,1.37,1.95
2015.06.26 03:51:04.914,1.37981,1.37989,1.12,2.25
2015.06.26 03:51:05.515,1.37981,1.37989,1.12,3.00
2015.06.26 03:51:07.364,1.37981,1.37987,1.12,1.00
2015.06.26 03:51:07.465,1.37979,1.37985,1.87,1.00
2015.06.26 03:51:07.887,1.37978,1.37983,1.00,1.00
2015.06.26 03:51:08.433,1.37977,1.37983,1.12,1.50
2015.06.26 03:51:11.457,1.37975,1.37983,3.00,1.50
2015.06.26 03:51:11.559,1.37975,1.37983,3.00,1.50
2015.06.26 03:51:12.182,1.37975,1.37983,3.37,1.50
2015.06.26 03:51:12.544,1.37975,1.37983,3.37,1.50
2015.06.26 03:51:13.251,1.37976,1.37983,1.00,1.50
2015.06.26 03:51:14.504,1.37977,1.37983,1.37,1.50
2015.06.26 03:51:14.757,1.37979,1.37985,1.75,1.50
2015.06.26 03:51:16.340,1.37977,1.37985,1.00,2.40
2015.06.26 03:51:16.391,1.37975,1.37985,2.62,2.40
2015.06.26 03:51:18.577,1.37975,1.37985,2.25,3.07
2015.06.26 03:51:19.234,1.37975,1.37984,2.25,1.07
2015.06.26 03:51:19.581,1.37976,1.37984,1.87,1.07
2015.06.26 03:51:19.935,1.3798,1.37987,1.50,3.00
2015.06.26 03:51:19.986,1.37978,1.37987,1.12,3.37
2015.06.26 03:51:20.138,1.37976,1.37985,1.12,1.50
2015.06.26 03:51:20.627,1.37976,1.37983,1.12,1.10
2015.06.26 03:51:33.741,1.37975,1.37983,1.12,3.07
2015.06.26 03:51:34.044,1.37974,1.37982,2.25,1.20
2015.06.26 03:51:42.697,1.37975,1.37981,1.50,1.10
2015.06.26 03:51:42.899,1.37975,1.37982,1.00,1.00
2015.06.26 03:51:43.303,1.37974,1.37984,2.25,2.70
2015.06.26 03:51:44.185,1.37974,1.37984,2.32,2.70
2015.06.26 03:51:45.105,1.37974,1.37984,2.32,1.95
2015.06.26 03:51:49.353,1.37974,1.37984,2.32,1.47
2015.06.26 03:51:49.820,1.3798,1.37984,1.00,1.37
2015.06.26 03:51:50.319,1.37982,1.3799,1.37,3.30
2015.06.26 03:51:50.624,1.37982,1.3799,1.37,1.95
2015.06.26 03:51:51.338,1.37983,1.37992,1.37,4.95
2015.06.26 03:51:51.847,1.37984,1.37992,1.50,3.45
2015.06.26 03:51:51.948,1.37984,1.37992,1.87,1.87
2015.06.26 03:51:52.498,1.37985,1.37992,1.00,2.47
2015.06.26 03:51:52.691,1.37985,1.37992,1.00,2.47
2015.06.26 03:52:00.249,1.37985,1.37992,1.50,4.12
2015.06.26 03:52:00.503,1.37984,1.37991,2.25,1.80
2015.06.26 03:52:01.010,1.37983,1.37991,1.00,1.47
2015.06.26 03:52:01.564,1.37982,1.37991,1.00,2.62
2015.06.26 03:52:01.668,1.3798,1.37989,4.20,1.37
2015.06.26 03:52:03.055,1.37979,1.37989,2.70,2.70
2015.06.26 03:52:04.448,1.37979,1.37989,2.70,2.70
2015.06.26 03:52:05.318,1.37979,1.37987,1.20,1.87
2015.06.26 03:52:06.252,1.3798,1.37988,1.00,1.47
2015.06.26 03:52:06.755,1.37977,1.37987,1.75,2.62
2015.06.26 03:52:07.204,1.37977,1.37986,1.12,1.87
2015.06.26 03:52:07.457,1.37978,1.37986,1.60,1.87
2015.06.26 03:52:07.976,1.37977,1.37982,1.60,1.37
2015.06.26 03:52:08.030,1.37974,1.37982,1.00,1.37
2015.06.26 03:52:08.081,1.37972,1.37982,3.67,1.37
2015.06.26 03:52:11.129,1.37974,1.3798,1.00,1.45
2015.06.26 03:52:11.433,1.37975,1.37985,2.25,4.12
2015.06.26 03:52:11.585,1.37975,1.37985,2.25,3.52
2015.06.26 03:52:12.230,1.37978,1.37986,1.50,1.87
2015.06.26 03:52:12.596,1.37978,1.37987,1.87,1.57
2015.06.26 03:52:12.986,1.37978,1.37987,1.87,1.57
2015.06.26 03:52:13.590,1.37978,1.37987,1.87,1.57
2015.06.26 03:52:14.160,1.37978,1.37988,4.12,4.12
2015.06.26 03:52:14.465,1.37983,1.37989,1.00,1.45
2015.06.26 03:52:14.567,1.37983,1.37989,1.50,1.12
2015.06.26 03:52:15.073,1.37983,1.37992,2.25,2.40
2015.06.26 03:52:15.124,1.37983,1.37992,2.62,3.00
2015.06.26 03:52:15.426,1.37983,1.37992,2.62,2.02
2015.06.26 03:52:15.913,1.37981,1.3799,3.00,1.45
2015.06.26 03:52:19.489,1.37981,1.37989,1.87,1.47
2015.06.26 03:52:20.190,1.37979,1.37989,1.47,1.95
2015.06.26 03:52:21.474,1.37978,1.37987,1.65,1.37
2015.06.26 03:52:22.002,1.37978,1.37987,1.37,1.95
2015.06.26 03:52:22.555,1.37977,1.37987,3.45,2.70
2015.06.26 03:52:23.716,1.37977,1.37987,1.95,2.70
2015.06.26 03:52:24.883,1.37977,1.37987,2.32,2.32
2015.06.26 03:52:26.431,1.37977,1.37987,2.32,2.32
2015.06.26 03:52:28.450,1.37977,1.37987,2.32,2.32
2015.06.26 03:52:32.606,1.37977,1.37984,1.50,1.20
2015.06.26 03:52:32.910,1.37972,1.37981,1.95,2.02
2015.06.26 03:52:40.784,1.37972,1.37981,2.32,2.70
2015.06.26 03:52:50.731,1.37971,1.37981,2.25,4.12
2015.06.26 03:52:59.871,1.37972,1.37981,1.37,2.25
2015.06.26 03:53:06.791,1.37972,1.37981,1.75,1.87
2015.06.26 03:53:09.132,1.37974,1.37982,1.50,2.70
2015.06.26 03:53:10.758,1.37976,1.37982,1.37,1.57
2015.06.26 03:53:11.347,1.3798,1.37987,1.37,2.25
2015.06.26 03:53:11.797,1.37979,1.37987,1.10,2.62
2015.06.26 03:53:11.899,1.37978,1.37985,2.25,1.00
2015.06.26 03:53:12.001,1.3798,1.37985,1.37,1.00
2015.06.26 03:53:12.052,1.37981,1.37987,1.12,1.87
2015.06.26 03:53:12.102,1.37984,1.37988,1.00,1.00
2015.06.26 03:53:12.154,1.37984,1.3799,1.00,1.10
2015.06.26 03:53:12.255,1.37984,1.37992,1.12,1.57
2015.06.26 03:53:12.357,1.37984,1.37992,1.12,2.47
2015.06.26 03:53:12.830,1.37982,1.3799,1.20,1.72
2015.06.26 03:53:13.392,1.37983,1.37991,1.00,2.62
2015.06.26 03:53:18.854,1.37983,1.3799,1.37,1.07
2015.06.26 03:53:19.360,1.37983,1.37991,1.12,2.25
2015.06.26 03:53:19.411,1.37983,1.3799,1.12,1.95
2015.06.26 03:53:19.947,1.37983,1.37988,1.00,1.12
2015.06.26 03:53:20.459,1.37982,1.37988,1.12,1.12
2015.06.26 03:53:20.967,1.37975,1.37984,3.37,1.85
2015.06.26 03:53:21.070,1.37977,1.37982,1.00,1.12
2015.06.26 03:53:21.610,1.37976,1.37981,1.00,1.50
2015.06.26 03:53:21.925,1.37978,1.37982,1.00,1.75
2015.06.26 03:53:22.532,1.37977,1.37983,1.87,1.12
2015.06.26 03:53:23.064,1.37977,1.37984,1.87,1.75
2015.06.26 03:53:23.665,1.37977,1.37983,1.87,1.50
2015.06.26 03:53:24.175,1.37975,1.37983,3.37,2.62
2015.06.26 03:53:24.783,1.37975,1.37983,3.37,1.12
2015.06.26 03:53:24.986,1.37977,1.37985,2.62,1.87
2015.06.26 03:53:25.536,1.37978,1.37987,1.37,3.37
2015.06.26 03:53:26.657,1.37979,1.37987,1.37,1.12
2015.06.26 03:53:29.891,1.37979,1.37988,1.37,1.50
2015.06.26 03:53:33.715,1.37979,1.37988,1.87,1.87
2015.06.26 03:53:33.767,1.37976,1.37983,1.12,1.50
2015.06.26 03:53:34.285,1.37976,1.37983,1.00,1.50
2015.06.26 03:53:34.490,1.37976,1.37984,1.37,3.00
2015.06.26 03:53:35.110,1.37975,1.37983,1.00,1.50
2015.06.26 03:53:35.538,1.37977,1.37983,1.00,1.50
2015.06.26 03:53:35.844,1.37979,1.37986,1.00,1.12
2015.06.26 03:53:35.895,1.3798,1.37988,1.00,4.20
2015.06.26 03:53:36.535,1.3798,1.37988,3.00,2.02
2015.06.26 03:53:37.730,1.3798,1.37988,1.50,1.50
2015.06.26 03:53:41.387,1.3798,1.37988,1.87,1.00
2015.06.26 03:53:41.974,1.3798,1.37989,1.87,1.20
2015.06.26 03:53:45.509,1.3798,1.3799,1.87,4.12
2015.06.26 03:53:46.110,1.3798,1.3799,1.87,4.50
2015.06.26 03:53:49.003,1.3798,1.3799,1.87,4.50
2015.06.26 03:53:49.551,1.3798,1.37989,1.87,1.12
2015.06.26 03:53:49.602,1.3798,1.37989,1.87,1.12
2015.06.26 03:53:51.028,1.3798,1.37989,1.87,1.12
2015.06.26 03:53:51.671,1.3798,1.37989,2.62,1.12
2015.06.26 03:53:51.722,1.37983,1.3799,1.37,2.62
2015.06.26 03:53:51.931,1.37983,1.37991,1.50,2.25
2015.06.26 03:53:52.538,1.37983,1.37988,1.50,1.30
2015.06.26 03:53:52.589,1.37979,1.37988,2.25,1.45
2015.06.26 03:53:53.624,1.3798,1.37987,1.00,1.20
2015.06.26 03:53:54.847,1.37979,1.37988,2.25,2.25
2015.06.26 03:53:56.065,1.3798,1.37988,1.50,2.25
2015.06.26 03:53:56.118,1.37982,1.37988,1.50,2.25
2015.06.26 03:53:56.530,1.37984,1.37988,1.50,1.45
2015.06.26 03:53:56.733,1.37988,1.37996,1.50,1.12
2015.06.26 03:53:57.447,1.37989,1.37997,1.50,2.62
2015.06.26 03:53:57.548,1.37989,1.37999,1.50,3.00
2015.06.26 03:53:58.137,1.37989,1.37999,1.87,3.75
2015.06.26 03:54:00.245,1.37989,1.37998,1.50,2.02
2015.06.26 03:54:00.789,1.37989,1.37998,1.87,2.02
2015.06.26 03:54:02.159,1.37989,1.37998,1.87,1.20
2015.06.26 03:54:02.210,1.37992,1.37998,1.50,1.20
2015.06.26 03:54:14.162,1.3799,1.37997,1.00,1.95
2015.06.26 03:54:14.564,1.37988,1.37997,1.50,1.20
2015.06.26 03:54:17.136,1.37988,1.37995,1.00,1.00
2015.06.26 03:54:17.813,1.37988,1.37995,1.00,2.32
2015.06.26 03:54:17.864,1.37986,1.37995,1.00,2.25
2015.06.26 03:54:22.320,1.37986,1.37995,1.87,1.87
2015.06.26 03:54:22.523,1.37988,1.37997,1.37,1.00
2015.06.26 03:54:23.028,1.3799,1.37998,1.87,1.10
2015.06.26 03:54:26.813,1.3799,1.37999,2.62,1.87
2015.06.26 03:54:28.703,1.37993,1.37998,1.00,1.30
2015.06.26 03:54:29.219,1.3799,1.37999,4.12,2.17
2015.06.26 03:54:30.121,1.3799,1.37999,4.12,2.17
2015.06.26 03:54:31.624,1.3799,1.37998,2.25,1.70
2015.06.26 03:54:32.126,1.3799,1.37998,1.50,1.70
2015.06.26 03:54:32.624,1.37993,1.37998,1.37,1.12
2015.06.26 03:54:32.776,1.37993,1.38,1.50,1.00
2015.06.26 03:54:32.929,1.37993,1.38,1.50,1.60
2015.06.26 03:54:33.082,1.37991,1.37999,1.50,1.60
2015.06.26 03:54:36.850,1.37991,1.37999,1.50,2.55
2015.06.26 03:54:37.002,1.37991,1.37998,1.50,1.97
2015.06.26 03:54:37.154,1.37987,1.37997,3.00,1.57
2015.06.26 03:54:38.063,1.37987,1.37996,3.00,1.87
2015.06.26 03:54:38.114,1.37987,1.37996,1.50,1.87
2015.06.26 03:54:41.120,1.37987,1.37997,2.25,4.72
2015.06.26 03:54:42.702,1.3799,1.37999,1.37,2.62
2015.06.26 03:54:43.213,1.3799,1.37999,1.75,1.10
2015.06.26 03:54:45.020,1.3799,1.37999,1.37,2.92
2015.06.26 03:54:45.324,1.37988,1.37996,1.87,1.60
2015.06.26 03:54:45.627,1.37986,1.37995,1.87,3.22
2015.06.26 03:54:46.108,1.37983,1.37993,2.70,3.60
2015.06.26 03:54:46.361,1.37989,1.37993,1.72,1.50
2015.06.26 03:54:46.463,1.37988,1.37996,1.37,3.00
2015.06.26 03:54:46.564,1.37988,1.37997,1.37,1.57
2015.06.26 03:54:46.716,1.3799,1.37997,1.87,1.20
2015.06.26 03:54:46.920,1.37991,1.38,3.75,1.37
2015.06.26 03:54:47.426,1.3799,1.37999,1.00,3.22
2015.06.26 03:54:47.797,1.37987,1.37997,1.50,1.70
2015.06.26 03:54:48.303,1.37987,1.37997,1.37,1.42
2015.06.26 03:54:49.397,1.37986,1.37997,3.07,1.42
2015.06.26 03:54:49.911,1.37986,1.37997,3.07,1.42
2015.06.26 03:54:50.414,1.37986,1.37997,3.82,1.42
2015.06.26 03:54:50.517,1.37989,1.37998,1.37,2.32
2015.06.26 03:54:51.040,1.37988,1.37998,2.25,1.05
2015.06.26 03:54:51.987,1.37988,1.37997,1.87,1.20
2015.06.26 03:54:55.130,1.37989,1.37997,1.37,1.60
2015.06.26 03:54:55.653,1.37988,1.37997,1.87,1.35
2015.06.26 03:54:55.931,1.37988,1.37997,2.25,1.35
2015.06.26 03:54:56.033,1.37991,1.37997,1.50,1.00
2015.06.26 03:54:56.134,1.37994,1.37997,1.00,1.00
2015.06.26 03:54:56.185,1.37992,1.38,2.25,2.62
2015.06.26 03:54:56.705,1.37994,1.38,1.00,2.25
2015.06.26 03:54:57.212,1.37993,1.38,1.12,2.85
2015.06.26 03:54:57.568,1.37994,1.38,1.37,2.10
2015.06.26 03:54:59.541,1.37994,1.38,1.37,2.85
2015.06.26 03:55:00.905,1.37991,1.37996,1.50,1.35
2015.06.26 03:55:00.956,1.37986,1.37996,4.50,1.35
2015.06.26 03:55:01.472,1.37986,1.37996,4.50,1.35
2015.06.26 03:55:02.410,1.37988,1.37996,1.00,1.00
2015.06.26 03:55:02.916,1.37986,1.37996,4.50,1.00
2015.06.26 03:55:03.463,1.37986,1.37996,4.50,1.00
2015.06.26 03:55:04.363,1.37988,1.37996,1.00,1.00
2015.06.26 03:55:04.563,1.37986,1.37996,4.50,1.00
2015.06.26 03:55:04.665,1.37988,1.37996,1.00,1.00
2015.06.26 03:55:05.117,1.37988,1.37994,1.00,1.50
2015.06.26 03:55:06.381,1.37986,1.37994,4.87,1.50
2015.06.26 03:55:07.260,1.37988,1.37994,1.00,1.50
2015.06.26 03:55:07.615,1.37989,1.37994,1.37,1.00
2015.06.26 03:55:07.716,1.37988,1.37997,2.25,1.65
2015.06.26 03:55:08.222,1.37991,1.37998,1.00,1.10
2015.06.26 03:55:10.730,1.37991,1.37998,1.50,1.00
2015.06.26 03:55:12.938,1.37989,1.37998,1.87,1.00
2015.06.26 03:55:15.141,1.37991,1.37998,1.00,1.00
2015.06.26 03:55:17.370,1.37988,1.37998,3.82,1.37
2015.06.26 03:55:19.076,1.37988,1.37997,3.00,1.50
2015.06.26 03:55:21.152,1.37988,1.37995,2.62,1.50
2015.06.26 03:55:21.254,1.37986,1.37993,1.00,1.00
2015.06.26 03:55:21.777,1.37986,1.37991,1.00,1.50
2015.06.26 03:55:22.574,1.37985,1.37991,1.12,1.50
2015.06.26 03:55:23.386,1.37986,1.37991,1.12,1.50
2015.06.26 03:55:23.690,1.37985,1.3799,1.12,1.12
2015.06.26 03:55:25.271,1.37985,1.3799,1.50,1.50
2015.06.26 03:55:25.423,1.37985,1.37991,1.50,1.95
2015.06.26 03:55:25.932,1.37985,1.37991,1.50,1.95
2015.06.26 03:55:26.836,1.37986,1.37991,1.12,1.95
2015.06.26 03:55:29.135,1.37984,1.37991,1.00,3.52
2015.06.26 03:55:29.195,1.3798,1.37988,3.37,1.57
2015.06.26 03:55:29.572,1.3798,1.37986,2.62,1.50
2015.06.26 03:55:40.728,1.37979,1.37986,1.50,1.50
2015.06.26 03:55:45.427,1.3798,1.37986,1.37,1.50
2015.06.26 03:55:45.529,1.3798,1.37986,1.00,1.50
2015.06.26 03:55:45.782,1.3798,1.37987,1.87,1.10
2015.06.26 03:55:45.884,1.37979,1.37987,1.87,1.10
2015.06.26 03:55:46.344,1.37979,1.37985,2.62,1.00
2015.06.26 03:55:47.288,1.37979,1.37985,2.25,1.00
2015.06.26 03:55:48.723,1.3798,1.37988,1.50,2.70
2015.06.26 03:55:49.026,1.37982,1.37989,1.75,1.50
2015.06.26 03:55:49.228,1.37982,1.37991,1.75,3.07
2015.06.26 03:55:49.734,1.37982,1.37991,1.75,2.40
2015.06.26 03:55:49.936,1.37985,1.37991,1.87,2.40
2015.06.26 03:55:50.494,1.37986,1.37995,1.00,2.32
2015.06.26 03:55:51.332,1.37985,1.37995,3.82,3.07
2015.06.26 03:55:51.833,1.37985,1.37995,3.00,4.20
2015.06.26 03:55:52.836,1.37985,1.37992,1.00,1.00
2015.06.26 03:55:56.858,1.37983,1.37992,2.32,1.12
2015.06.26 03:55:57.511,1.37981,1.3799,1.87,1.95
2015.06.26 03:55:58.028,1.37981,1.37988,1.37,1.50
2015.06.26 03:56:03.707,1.37981,1.37988,1.87,1.87
2015.06.26 03:56:11.728,1.37981,1.3799,1.95,1.57
2015.06.26 03:56:15.353,1.37983,1.3799,1.37,1.47
2015.06.26 03:56:15.454,1.37983,1.3799,1.50,1.10
2015.06.26 03:56:15.556,1.37985,1.3799,1.37,1.10
2015.06.26 03:56:16.145,1.37988,1.37996,1.75,2.62
2015.06.26 03:56:16.196,1.37985,1.37995,1.20,1.50
2015.06.26 03:56:16.601,1.37983,1.37993,4.57,2.92
2015.06.26 03:56:17.107,1.37982,1.37992,1.37,3.30
2015.06.26 03:56:18.714,1.37984,1.37992,1.12,3.67
2015.06.26 03:56:19.240,1.37984,1.3799,1.50,1.07
2015.06.26 03:56:20.036,1.37984,1.37991,1.50,1.07
2015.06.26 03:56:20.596,1.37984,1.3799,1.50,1.07
2015.06.26 03:56:23.418,1.37984,1.3799,1.37,1.45
2015.06.26 03:56:27.318,1.37985,1.37991,1.00,1.07
2015.06.26 03:56:27.824,1.37984,1.37991,3.37,1.07
2015.06.26 03:56:28.027,1.37986,1.37994,1.37,1.65
2015.06.26 03:56:28.541,1.37989,1.37996,1.50,1.87
2015.06.26 03:56:29.857,1.37989,1.37996,1.12,2.25
2015.06.26 03:56:31.920,1.3799,1.37996,1.00,2.25
2015.06.26 03:56:33.780,1.37987,1.37996,1.12,1.87
2015.06.26 03:56:34.246,1.37987,1.37996,1.37,2.25
2015.06.26 03:56:38.911,1.37987,1.37996,2.62,1.87
2015.06.26 03:56:39.393,1.3799,1.37996,1.37,1.12
2015.06.26 03:56:39.896,1.3799,1.37999,1.37,1.95
2015.06.26 03:56:40.595,1.3799,1.37999,1.37,1.95
2015.06.26 03:56:41.360,1.37989,1.37999,3.37,2.92
2015.06.26 03:56:41.563,1.37989,1.37999,2.62,2.92
2015.06.26 03:56:42.451,1.37989,1.37999,2.62,2.92
2015.06.26 03:56:47.371,1.37989,1.37999,3.37,1.95
2015.06.26 03:56:47.675,1.3799,1.37999,1.50,1.95
2015.06.26 03:56:48.677,1.37991,1.38,3.00,1.80
2015.06.26 03:56:48.981,1.37992,1.38001,1.65,2.47
2015.06.26 03:56:49.764,1.37992,1.38001,1.65,2.47
2015.06.26 03:56:50.275,1.37993,1.38001,1.37,2.07
2015.06.26 03:56:50.378,1.37993,1.38001,1.12,1.80
2015.06.26 03:56:50.480,1.37994,1.38002,1.00,3.67
2015.06.26 03:56:50.531,1.37996,1.38002,1.00,2.85
2015.06.26 03:56:50.735,1.37991,1.38001,1.57,2.47
2015.06.26 03:56:51.246,1.37991,1.38,1.95,1.72
2015.06.26 03:56:51.770,1.37991,1.37999,1.87,1.37
2015.06.26 03:56:52.181,1.37991,1.37999,1.87,1.37
2015.06.26 03:56:52.283,1.37991,1.38,1.87,1.87
2015.06.26 03:56:52.384,1.37993,1.38,1.12,1.72
2015.06.26 03:56:53.877,1.37993,1.38001,1.12,3.30
2015.06.26 03:57:07.469,1.37992,1.38,1.00,2.47
2015.06.26 03:57:07.721,1.3799,1.38,2.25,2.47
2015.06.26 03:57:09.617,1.3799,1.37999,2.25,1.87
2015.06.26 03:57:11.404,1.3799,1.37999,2.25,1.87
2015.06.26 03:57:12.510,1.3799,1.37999,2.25,2.02
2015.06.26 03:57:13.756,1.3799,1.37999,1.87,2.02
2015.06.26 03:57:16.345,1.37992,1.37996,2.62,1.87
2015.06.26 03:57:16.446,1.37996,1.37999,1.00,1.87
2015.06.26 03:57:16.548,1.37997,1.38001,1.35,1.87
2015.06.26 03:57:17.036,1.37999,1.38004,1.37,1.87
2015.06.26 03:57:17.447,1.37997,1.38005,1.95,2.25
2015.06.26 03:57:17.650,1.37997,1.38003,1.00,1.87
2015.06.26 03:57:17.701,1.37995,1.38003,3.37,1.87
2015.06.26 03:57:17.904,1.37996,1.38002,1.50,1.12
2015.06.26 03:57:17.955,1.37998,1.38002,1.00,1.12
2015.06.26 03:57:18.539,1.37999,1.38005,1.00,2.70
2015.06.26 03:57:19.317,1.38001,1.38005,1.00,1.87
2015.06.26 03:57:19.418,1.38001,1.38007,1.37,3.37
2015.06.26 03:57:19.520,1.38001,1.38007,1.12,1.87
2015.06.26 03:57:19.722,1.38001,1.38007,1.37,1.87
2015.06.26 03:57:20.449,1.38001,1.38007,1.00,1.87
2015.06.26 03:57:22.732,1.38001,1.38009,2.25,1.45
2015.06.26 03:57:25.580,1.38002,1.3801,1.37,1.45
2015.06.26 03:57:28.087,1.38003,1.38011,1.37,1.95
2015.06.26 03:57:29.644,1.38002,1.3801,1.87,1.87
2015.06.26 03:57:29.975,1.38002,1.3801,1.87,1.87
2015.06.26 03:57:32.275,1.37999,1.38009,3.07,3.07
2015.06.26 03:57:32.884,1.38002,1.38007,1.00,2.02
2015.06.26 03:57:33.188,1.38006,1.3801,1.00,1.87
2015.06.26 03:57:33.289,1.38005,1.38009,1.00,1.87
2015.06.26 03:57:34.102,1.38003,1.38009,1.87,1.87
2015.06.26 03:57:34.649,1.38003,1.38009,1.12,1.87
2015.06.26 03:57:38.153,1.38002,1.3801,1.50,1.95
2015.06.26 03:57:38.357,1.38006,1.3801,1.00,2.77
2015.06.26 03:57:38.459,1.38002,1.38009,1.00,1.37
2015.06.26 03:57:38.916,1.38003,1.38007,1.00,2.62
2015.06.26 03:57:39.411,1.38,1.38007,1.12,3.37
2015.06.26 03:57:39.868,1.38,1.38006,1.12,1.87
2015.06.26 03:57:40.399,1.37999,1.38005,1.12,2.62
2015.06.26 03:57:42.647,1.38,1.38004,1.12,1.57
2015.06.26 03:57:43.188,1.38,1.38005,1.12,2.62
2015.06.26 03:57:45.565,1.37999,1.38005,1.12,2.62
2015.06.26 03:57:46.278,1.37997,1.38004,1.00,1.65
2015.06.26 03:57:46.481,1.37995,1.38003,1.37,1.12
2015.06.26 03:57:47.032,1.37995,1.38002,1.37,1.50
2015.06.26 03:57:47.536,1.37995,1.38003,1.00,3.00
2015.06.26 03:57:47.739,1.37993,1.38001,1.87,1.20
2015.06.26 03:57:48.340,1.37993,1.38,1.12,1.50
2015.06.26 03:57:49.890,1.37996,1.38,1.00,1.50
2015.06.26 03:57:50.142,1.37994,1.38,1.12,1.50
2015.06.26 03:57:51.127,1.37995,1.38002,1.37,1.50
2015.06.26 03:57:51.628,1.37995,1.38002,1.37,1.50
2015.06.26 03:57:53.226,1.37997,1.38002,1.37,1.00
2015.06.26 03:57:53.285,1.37997,1.38004,1.37,1.00
2015.06.26 03:57:53.822,1.37998,1.38004,1.12,1.00
2015.06.26 03:57:55.081,1.37996,1.38003,1.00,1.00
2015.06.26 03:57:55.672,1.37996,1.38002,1.00,1.00
2015.06.26 03:57:59.202,1.37999,1.38002,1.87,1.10
2015.06.26 03:57:59.255,1.38001,1.38008,1.12,1.57
2015.06.26 03:57:59.609,1.37999,1.38009,1.50,2.25
2015.06.26 03:58:00.125,1.37999,1.38008,1.50,1.07
2015.06.26 03:58:00.682,1.37999,1.38005,1.50,1.50
2015.06.26 03:58:00.733,1.37995,1.38001,1.00,1.50
2015.06.26 03:58:01.264,1.37996,1.38001,1.00,1.50
2015.06.26 03:58:01.416,1.37997,1.38001,1.37,1.50
2015.06.26 03:58:01.619,1.38,1.38004,1.50,1.37
2015.06.26 03:58:01.670,1.38,1.38005,1.50,1.50
2015.06.26 03:58:02.610,1.38002,1.38012,3.00,3.97
2015.06.26 03:58:02.965,1.38002,1.38012,2.62,2.70
2015.06.26 03:58:03.172,1.38001,1.3801,2.32,1.37
2015.06.26 03:58:03.724,1.38001,1.3801,2.32,1.37
2015.06.26 03:58:06.558,1.38003,1.3801,1.37,1.37
2015.06.26 03:58:09.153,1.38003,1.38012,1.37,2.55
2015.06.26 03:58:10.182,1.38002,1.3801,1.87,1.87
2015.06.26 03:58:13.663,1.38004,1.3801,1.00,2.62
2015.06.26 03:58:15.567,1.38002,1.38008,1.00,1.87
2015.06.26 03:58:15.719,1.38002,1.38004,1.00,1.00
2015.06.26 03:58:15.770,1.37998,1.38004,1.00,1.00
2015.06.26 03:58:15.973,1.37996,1.38003,1.00,2.25
2015.06.26 03:58:16.857,1.37999,1.38003,1.00,1.57
2015.06.26 03:58:23.462,1.37997,1.38003,1.00,1.57
2015.06.26 03:58:23.968,1.37996,1.38005,1.12,2.62
2015.06.26 03:58:27.736,1.37996,1.38004,1.37,1.20
2015.06.26 03:58:29.277,1.37996,1.38004,1.12,1.20
2015.06.26 03:58:31.094,1.37996,1.38004,1.37,1.20
2015.06.26 03:58:35.104,1.37995,1.38003,1.37,1.57
2015.06.26 03:58:38.116,1.37995,1.38003,1.12,2.32
2015.06.26 03:58:38.811,1.37994,1.38003,1.37,1.57
2015.06.26 03:58:39.536,1.37994,1.38003,1.37,1.57
2015.06.26 03:58:43.653,1.37994,1.38001,1.37,1.00
2015.06.26 03:58:46.243,1.37994,1.38001,1.37,1.20
2015.06.26 03:58:46.396,1.37996,1.38003,1.37,1.20
2015.06.26 03:58:48.896,1.37994,1.38002,3.00,1.00
2015.06.26 03:58:49.230,1.37996,1.38004,1.37,3.00
2015.06.26 03:58:49.941,1.37996,1.38004,1.37,2.25
2015.06.26 03:58:50.345,1.37996,1.38006,1.37,2.32
2015.06.26 03:58:50.648,1.37995,1.38003,1.37,1.00
2015.06.26 03:58:51.052,1.37994,1.38003,3.00,1.10
2015.06.26 03:58:51.775,1.37994,1.38003,2.62,1.20
2015.06.26 03:58:53.165,1.37997,1.38003,1.37,1.20
2015.06.26 03:58:53.884,1.37997,1.38004,1.37,2.40
2015.06.26 03:58:54.247,1.37997,1.38006,1.87,1.27
2015.06.26 03:58:54.398,1.37996,1.38004,1.12,1.00
2015.06.26 03:58:54.702,1.37995,1.38002,1.50,1.10
2015.06.26 03:58:55.881,1.37994,1.38002,1.37,1.20
2015.06.26 03:59:01.317,1.37997,1.38004,1.00,1.20
2015.06.26 03:59:01.368,1.37997,1.38005,1.37,1.87
2015.06.26 03:59:01.672,1.38003,1.3801,1.37,2.62
2015.06.26 03:59:01.723,1.38002,1.3801,2.25,2.25
2015.06.26 03:59:01.774,1.38002,1.3801,1.50,1.12
2015.06.26 03:59:02.233,1.38005,1.38012,1.00,1.95
2015.06.26 03:59:02.590,1.38006,1.38012,1.37,1.95
2015.06.26 03:59:02.899,1.38002,1.38012,1.37,1.47
2015.06.26 03:59:02.950,1.38002,1.38012,1.37,1.95
2015.06.26 03:59:03.837,1.38001,1.3801,1.50,1.87
2015.06.26 03:59:03.893,1.38001,1.3801,1.37,1.87
2015.06.26 03:59:08.813,1.38001,1.3801,1.50,1.87
2015.06.26 03:59:09.340,1.38002,1.3801,1.37,2.62
2015.06.26 03:59:11.823,1.38002,1.3801,1.37,2.62
2015.06.26 03:59:12.588,1.38002,1.3801,1.37,1.87
2015.06.26 03:59:16.788,1.38006,1.3801,1.00,1.87
2015.06.26 03:59:19.409,1.38006,1.38012,1.37,3.22
2015.06.26 03:59:19.924,1.38009,1.38012,1.00,3.22
2015.06.26 03:59:20.328,1.38008,1.38012,1.75,1.12
2015.06.26 03:59:20.430,1.38013,1.38016,1.00,1.37
2015.06.26 03:59:22.595,1.3801,1.38015,1.87,1.80
2015.06.26 03:59:22.647,1.38009,1.38015,1.37,2.07
2015.06.26 03:59:22.749,1.38007,1.38015,3.00,1.95
2015.06.26 03:59:23.422,1.38007,1.38013,1.00,1.47
2015.06.26 03:59:23.473,1.38007,1.38013,1.00,1.95
2015.06.26 03:59:23.524,1.38009,1.38013,1.00,1.95
2015.06.26 03:59:24.123,1.38009,1.38014,1.37,1.95
2015.06.26 03:59:24.331,1.38009,1.38014,1.37,1.20
2015.06.26 03:59:24.886,1.38009,1.38015,1.12,3.75
2015.06.26 03:59:25.839,1.38009,1.38015,1.37,3.00
2015.06.26 03:59:27.143,1.38009,1.38015,1.12,3.00
2015.06.26 03:59:28.714,1.38009,1.38015,1.12,2.40
2015.06.26 03:59:28.765,1.38009,1.38015,1.37,2.40
2015.06.26 03:59:41.854,1.38009,1.38015,1.37,1.00
2015.06.26 03:59:47.661,1.38009,1.38015,1.12,1.50
2015.06.26 03:59:48.318,1.38009,1.38014,1.12,1.00
2015.06.26 03:59:52.022,1.38009,1.38013,1.00,1.00
2015.06.26 03:59:52.323,1.38009,1.38013,1.37,1.00
2015.06.26 03:59:56.715,1.3801,1.38016,3.37,1.00
2015.06.26 03:59:56.766,1.3801,1.38018,4.12,1.20
2015.06.26 03:59:57.280,1.38013,1.38018,1.00,1.00
2015.06.26 03:59:58.294,1.38013,1.38018,1.37,1.00
2015.06.26 03:59:58.825,1.38014,1.38018,1.37,1.00
2015.06.26 03:59:59.096,1.38021,1.38022,1.30,1.20
2015.06.26 03:59:59.349,1.38027,1.38029,1.00,1.12
2015.06.26 03:59:59.401,1.38027,1.3803,1.22,1.37
2015.06.26 03:59:59.452,1.38027,1.3803,1.22,1.00
2015.06.26 03:59:59.503,1.3803,1.38032,1.00,1.00
