2017.10.26 20:00:00.141,1.32746,1.32749,1.00,1.56
2017.10.26 20:00:00.196,1.32742,1.32748,1.12,1.62
2017.10.26 20:00:00.248,1.3274,1.32742,1.25,1.37
2017.10.26 20:00:00.300,1.32736,1.32742,1.87,1.37
2017.10.26 20:00:00.352,1.32735,1.32737,1.12,1.37
2017.10.26 20:00:00.772,1.32732,1.32734,1.00,1.00
2017.10.26 20:00:01.188,1.32729,1.32736,1.69,1.12
2017.10.26 20:00:01.241,1.32729,1.32732,1.44,1.00
2017.10.26 20:00:01.345,1.32728,1.32733,1.44,1.87
2017.10.26 20:00:01.957,1.32728,1.32734,1.19,2.62
2017.10.26 20:00:02.111,1.32728,1.32733,1.19,1.37
2017.10.26 20:00:02.419,1.32725,1.32729,1.37,1.00
2017.10.26 20:00:02.836,1.32729,1.32733,1.25,1.00
2017.10.26 20:00:02.888,1.32731,1.32739,1.25,2.81
2017.10.26 20:00:03.245,1.32731,1.32734,1.81,1.00
2017.10.26 20:00:03.741,1.32733,1.32736,1.69,1.00
2017.10.26 20:00:03.847,1.32736,1.3274,1.44,1.00
2017.10.26 20:00:03.950,1.32736,1.32741,1.87,1.00
2017.10.26 20:00:04.462,1.32737,1.32742,2.81,1.00
2017.10.26 20:00:04.668,1.32737,1.32744,2.81,1.00
2017.10.26 20:00:05.174,1.32738,1.32744,2.62,1.00
2017.10.26 20:00:09.269,1.3274,1.32746,1.50,1.00
2017.10.26 20:00:10.359,1.32739,1.32744,1.19,1.00
2017.10.26 20:00:13.359,1.32741,1.32744,1.00,1.00
2017.10.26 20:00:13.411,1.32742,1.32746,3.19,1.00
2017.10.26 20:00:13.513,1.32742,1.32748,3.56,1.00
2017.10.26 20:00:13.616,1.32742,1.3275,4.31,1.00
2017.10.26 20:00:13.809,1.32744,1.32749,1.44,1.00
2017.10.26 20:00:13.862,1.32745,1.32751,1.25,1.12
2017.10.26 20:00:14.372,1.32746,1.32752,1.00,1.25
2017.10.26 20:00:16.358,1.32746,1.32754,1.25,2.06
2017.10.26 20:00:16.918,1.32745,1.32754,2.62,2.06
2017.10.26 20:00:18.262,1.32746,1.32754,1.19,2.44
2017.10.26 20:00:18.364,1.32745,1.32751,1.25,1.00
2017.10.26 20:00:18.677,1.32743,1.32746,1.25,1.00
2017.10.26 20:00:18.729,1.32743,1.3275,2.25,1.00
2017.10.26 20:00:19.510,1.32744,1.32749,2.06,1.00
2017.10.26 20:00:19.563,1.32744,1.32748,1.25,4.31
2017.10.26 20:00:19.615,1.3274,1.32747,2.81,2.62
2017.10.26 20:00:20.429,1.32741,1.32746,1.00,1.37
2017.10.26 20:00:20.888,1.32743,1.32747,1.00,1.87
2017.10.26 20:00:21.641,1.32743,1.32751,1.12,5.25
2017.10.26 20:00:21.744,1.32743,1.32751,2.62,1.31
2017.10.26 20:00:22.214,1.32745,1.32751,1.50,1.00
2017.10.26 20:00:23.488,1.32745,1.32751,2.06,1.00
2017.10.26 20:00:24.023,1.32745,1.32752,2.06,2.25
2017.10.26 20:00:24.458,1.32747,1.32753,1.87,1.00
2017.10.26 20:00:24.561,1.32748,1.32756,3.37,1.25
2017.10.26 20:00:26.119,1.32749,1.32757,4.87,1.00
2017.10.26 20:00:27.174,1.32749,1.32756,1.69,1.25
2017.10.26 20:00:27.728,1.3275,1.32757,1.25,1.25
2017.10.26 20:00:27.889,1.3275,1.32755,1.25,1.00
2017.10.26 20:00:28.476,1.3275,1.32756,1.12,1.00
2017.10.26 20:00:28.978,1.3275,1.32756,1.50,1.00
2017.10.26 20:00:29.610,1.3275,1.32756,1.00,1.00
2017.10.26 20:00:30.142,1.32749,1.32753,1.19,2.25
2017.10.26 20:00:30.449,1.32749,1.32752,1.25,1.00
2017.10.26 20:00:30.502,1.3275,1.32754,1.00,1.00
2017.10.26 20:00:30.666,1.3275,1.32756,2.06,1.00
2017.10.26 20:00:30.871,1.3275,1.32754,1.69,1.25
2017.10.26 20:00:30.922,1.32749,1.32754,1.00,1.69
2017.10.26 20:00:30.974,1.32746,1.32751,2.06,1.00
2017.10.26 20:00:31.484,1.32749,1.32752,1.00,1.00
2017.10.26 20:00:32.031,1.32747,1.32752,1.19,1.00
2017.10.26 20:00:34.184,1.32747,1.32753,1.19,3.19
2017.10.26 20:00:39.704,1.32747,1.32753,1.50,3.19
2017.10.26 20:00:40.215,1.32749,1.32753,1.00,3.19
2017.10.26 20:00:40.801,1.32749,1.32754,1.50,1.69
2017.10.26 20:00:42.133,1.32749,1.32755,3.75,1.00
2017.10.26 20:00:42.681,1.3275,1.32755,1.00,1.31
2017.10.26 20:00:43.223,1.32749,1.32755,1.87,2.81
2017.10.26 20:00:43.745,1.32749,1.32755,1.87,1.69
2017.10.26 20:00:44.281,1.32751,1.32755,1.00,1.31
2017.10.26 20:00:44.384,1.32749,1.32756,2.62,1.00
2017.10.26 20:00:44.894,1.32752,1.32758,1.50,2.25
2017.10.26 20:00:45.372,1.32752,1.32758,1.12,3.37
2017.10.26 20:00:45.909,1.32752,1.32758,1.00,4.31
2017.10.26 20:00:47.430,1.32751,1.32758,2.25,2.06
2017.10.26 20:00:47.967,1.32753,1.32758,1.00,3.56
2017.10.26 20:00:48.545,1.32754,1.32758,1.00,1.00
2017.10.26 20:00:49.055,1.32752,1.32758,3.37,2.44
2017.10.26 20:00:49.362,1.32752,1.32758,1.00,1.87
2017.10.26 20:00:49.873,1.3275,1.32758,1.69,1.37
2017.10.26 20:00:50.983,1.3275,1.32759,2.62,1.50
2017.10.26 20:00:51.400,1.32753,1.3276,1.00,1.19
2017.10.26 20:00:51.859,1.32752,1.32758,1.50,1.19
2017.10.26 20:00:52.394,1.32752,1.32758,1.50,1.00
2017.10.26 20:00:52.892,1.32751,1.32758,1.25,1.69
2017.10.26 20:00:54.159,1.3275,1.32758,2.06,2.81
2017.10.26 20:00:54.771,1.32751,1.32758,1.00,2.81
2017.10.26 20:00:56.201,1.32751,1.32754,1.00,2.25
2017.10.26 20:00:56.253,1.32748,1.32753,1.50,1.50
2017.10.26 20:00:56.765,1.32747,1.32753,1.00,1.00
2017.10.26 20:00:56.817,1.3275,1.32754,1.00,1.00
2017.10.26 20:00:56.869,1.32748,1.32754,1.50,1.50
2017.10.26 20:00:57.178,1.32747,1.32752,1.12,1.00
2017.10.26 20:00:57.715,1.32748,1.32753,1.31,1.00
2017.10.26 20:00:58.809,1.32748,1.32753,1.69,1.00
2017.10.26 20:00:59.336,1.32748,1.32753,1.69,1.00
2017.10.26 20:01:00.137,1.32748,1.32754,1.50,3.56
2017.10.26 20:01:00.646,1.32748,1.32753,1.50,1.00
2017.10.26 20:01:01.901,1.32749,1.32754,1.00,1.25
2017.10.26 20:01:02.560,1.32749,1.32752,1.00,1.00
2017.10.26 20:01:03.342,1.32747,1.32752,1.44,1.00
2017.10.26 20:01:03.890,1.32747,1.32753,2.62,1.00
2017.10.26 20:01:04.649,1.32748,1.32753,2.44,1.00
2017.10.26 20:01:04.852,1.32748,1.32755,2.00,6.75
2017.10.26 20:01:05.390,1.32748,1.32754,1.94,1.00
2017.10.26 20:01:08.991,1.32747,1.32754,3.37,1.50
2017.10.26 20:01:10.698,1.32748,1.32754,1.25,1.50
2017.10.26 20:01:11.230,1.32747,1.32753,1.87,1.00
2017.10.26 20:01:11.756,1.32747,1.32753,6.37,1.00
2017.10.26 20:01:11.909,1.32748,1.32756,2.44,3.37
2017.10.26 20:01:12.062,1.32748,1.32754,1.69,1.50
2017.10.26 20:01:12.572,1.32748,1.32755,1.00,1.87
2017.10.26 20:01:13.143,1.32748,1.32755,1.00,1.37
2017.10.26 20:01:14.897,1.32748,1.32753,1.00,1.50
2017.10.26 20:01:15.446,1.32747,1.32753,1.69,1.25
2017.10.26 20:01:16.228,1.32747,1.32754,1.50,1.31
2017.10.26 20:01:16.760,1.32746,1.32753,1.87,3.19
2017.10.26 20:01:17.266,1.32746,1.32753,1.50,3.19
2017.10.26 20:01:17.794,1.32746,1.32752,1.50,1.00
2017.10.26 20:01:17.999,1.32743,1.3275,1.87,1.31
2017.10.26 20:01:18.222,1.32745,1.32749,1.00,1.12
2017.10.26 20:01:18.430,1.32746,1.32751,1.00,1.00
2017.10.26 20:01:18.892,1.32747,1.32754,1.00,1.87
2017.10.26 20:01:19.046,1.32747,1.32755,2.62,1.00
2017.10.26 20:01:19.572,1.32749,1.32756,1.50,1.25
2017.10.26 20:01:20.081,1.3275,1.32757,1.69,1.25
2017.10.26 20:01:20.677,1.3275,1.32758,1.12,3.00
2017.10.26 20:01:20.985,1.32753,1.32759,1.00,4.69
2017.10.26 20:01:21.298,1.32751,1.32759,1.69,3.94
2017.10.26 20:01:22.899,1.32752,1.32759,1.00,1.56
2017.10.26 20:01:23.207,1.32755,1.32761,1.00,3.75
2017.10.26 20:01:24.650,1.32755,1.32761,1.00,1.50
2017.10.26 20:01:25.122,1.32756,1.32759,1.00,1.19
2017.10.26 20:01:25.224,1.32753,1.32758,1.00,1.25
2017.10.26 20:01:25.740,1.32754,1.32759,1.00,2.44
2017.10.26 20:01:27.343,1.32755,1.3276,1.00,1.87
2017.10.26 20:01:27.681,1.32753,1.32759,1.00,3.19
2017.10.26 20:01:29.327,1.32753,1.3276,1.00,8.06
2017.10.26 20:01:30.044,1.32753,1.3276,1.25,3.00
2017.10.26 20:01:30.594,1.32754,1.3276,1.00,2.25
2017.10.26 20:01:31.078,1.32756,1.32761,1.00,4.12
2017.10.26 20:01:31.637,1.32755,1.32761,1.00,4.12
2017.10.26 20:01:32.056,1.32755,1.32762,1.00,2.06
2017.10.26 20:01:32.159,1.32757,1.32762,1.00,1.87
2017.10.26 20:01:32.619,1.32755,1.32761,1.00,1.12
2017.10.26 20:01:33.092,1.32754,1.3276,1.25,1.37
2017.10.26 20:01:33.398,1.32758,1.32763,1.00,1.00
2017.10.26 20:01:33.706,1.32757,1.3276,1.00,1.31
2017.10.26 20:01:34.135,1.32756,1.32759,1.00,1.87
2017.10.26 20:01:34.187,1.32754,1.32759,1.00,1.87
2017.10.26 20:01:34.698,1.32752,1.32754,1.00,1.31
2017.10.26 20:01:34.749,1.32746,1.32753,1.00,1.37
2017.10.26 20:01:34.951,1.32748,1.32757,1.19,3.75
2017.10.26 20:01:35.104,1.3275,1.32757,1.00,2.25
2017.10.26 20:01:35.614,1.3275,1.32758,1.19,1.37
2017.10.26 20:01:35.901,1.32753,1.32759,1.19,1.00
2017.10.26 20:01:35.952,1.32754,1.32762,1.25,3.56
2017.10.26 20:01:36.004,1.32755,1.32759,1.00,1.37
2017.10.26 20:01:36.517,1.32754,1.3276,1.00,1.87
2017.10.26 20:01:36.675,1.32756,1.32761,1.00,1.00
2017.10.26 20:01:36.985,1.32759,1.32765,1.00,6.00
2017.10.26 20:01:37.536,1.3276,1.32764,1.00,2.25
2017.10.26 20:01:38.059,1.3276,1.32764,1.00,1.00
2017.10.26 20:01:41.921,1.32761,1.32765,1.00,1.50
2017.10.26 20:01:43.038,1.3276,1.32765,1.00,1.37
2017.10.26 20:01:43.674,1.32751,1.32754,2.25,1.50
2017.10.26 20:01:43.829,1.32748,1.32753,1.00,3.75
2017.10.26 20:01:44.034,1.32748,1.32753,1.00,3.19
2017.10.26 20:01:44.290,1.32746,1.32751,1.25,1.25
2017.10.26 20:01:44.839,1.32746,1.3275,1.00,1.12
2017.10.26 20:01:45.400,1.32745,1.3275,1.00,1.62
2017.10.26 20:01:45.913,1.32744,1.3275,1.25,1.37
2017.10.26 20:01:46.489,1.32745,1.3275,1.00,1.69
2017.10.26 20:01:46.990,1.32744,1.32748,1.00,1.31
2017.10.26 20:01:47.500,1.32743,1.32748,1.00,1.62
2017.10.26 20:01:47.551,1.32742,1.32745,1.00,1.31
2017.10.26 20:01:47.603,1.32736,1.32742,1.87,1.25
2017.10.26 20:01:47.654,1.32738,1.32742,1.00,1.25
2017.10.26 20:01:47.967,1.32736,1.32742,1.00,5.44
2017.10.26 20:01:48.477,1.32737,1.32742,1.25,2.06
2017.10.26 20:01:49.356,1.32735,1.32737,1.00,1.25
2017.10.26 20:01:49.407,1.32733,1.32739,1.00,4.31
2017.10.26 20:01:49.918,1.32734,1.3274,1.00,4.87
2017.10.26 20:01:50.021,1.32735,1.32741,1.00,4.50
2017.10.26 20:01:50.225,1.32738,1.32745,1.25,2.44
2017.10.26 20:01:50.489,1.32737,1.3274,1.00,1.37
2017.10.26 20:01:50.541,1.32734,1.32739,1.00,1.31
2017.10.26 20:01:51.256,1.32736,1.32741,1.00,1.31
2017.10.26 20:01:51.410,1.32738,1.32742,1.00,1.31
2017.10.26 20:01:51.954,1.32738,1.32743,1.00,3.00
2017.10.26 20:01:52.516,1.32737,1.32742,1.25,1.00
2017.10.26 20:01:53.173,1.32737,1.32742,1.19,1.00
2017.10.26 20:01:54.633,1.32737,1.32743,1.12,1.50
2017.10.26 20:01:54.969,1.32741,1.32748,1.00,6.00
2017.10.26 20:01:55.480,1.32742,1.32747,1.25,1.00
2017.10.26 20:01:56.462,1.32741,1.32747,1.25,1.87
2017.10.26 20:01:58.575,1.32741,1.32746,1.12,1.00
2017.10.26 20:01:59.664,1.32741,1.32745,1.00,1.12
2017.10.26 20:01:59.766,1.32739,1.32745,1.25,1.37
2017.10.26 20:02:00.263,1.32739,1.32747,1.44,2.62
2017.10.26 20:02:00.315,1.32739,1.3274,1.00,1.00
2017.10.26 20:02:00.418,1.32737,1.32743,1.19,1.87
2017.10.26 20:02:00.521,1.3274,1.32744,1.00,1.12
2017.10.26 20:02:00.827,1.32736,1.3274,1.00,1.12
2017.10.26 20:02:00.930,1.32734,1.3274,1.00,1.12
2017.10.26 20:02:01.856,1.32734,1.32739,1.25,1.00
2017.10.26 20:02:02.368,1.32734,1.3274,1.19,1.12
2017.10.26 20:02:02.936,1.32734,1.3274,1.25,1.12
2017.10.26 20:02:03.119,1.32735,1.32738,1.00,1.12
2017.10.26 20:02:03.544,1.32734,1.3274,1.25,1.50
2017.10.26 20:02:03.597,1.32733,1.32742,1.44,3.00
2017.10.26 20:02:03.701,1.32736,1.32742,1.00,2.44
2017.10.26 20:02:04.213,1.32737,1.32742,1.00,1.31
2017.10.26 20:02:04.746,1.32735,1.32742,1.31,1.12
2017.10.26 20:02:05.135,1.32736,1.32738,1.00,1.50
2017.10.26 20:02:05.239,1.32731,1.32738,1.69,1.37
2017.10.26 20:02:05.341,1.32733,1.32739,1.69,1.00
2017.10.26 20:02:05.393,1.32733,1.32741,1.69,1.00
2017.10.26 20:02:05.751,1.32737,1.32743,1.00,3.37
2017.10.26 20:02:05.958,1.32737,1.32744,1.00,2.06
2017.10.26 20:02:06.483,1.32739,1.32744,1.00,1.31
2017.10.26 20:02:07.097,1.32739,1.32745,1.00,2.81
2017.10.26 20:02:07.646,1.3274,1.32745,1.00,1.50
2017.10.26 20:02:09.365,1.32738,1.32745,1.19,1.50
2017.10.26 20:02:09.897,1.32738,1.32744,1.19,1.00
2017.10.26 20:02:10.407,1.32738,1.32744,1.31,1.00
2017.10.26 20:02:14.026,1.32739,1.32745,3.00,1.00
2017.10.26 20:02:14.078,1.32742,1.32747,1.00,1.00
2017.10.26 20:02:14.131,1.32744,1.32748,1.00,1.19
2017.10.26 20:02:14.642,1.32743,1.32748,1.00,1.44
2017.10.26 20:02:15.219,1.32743,1.32748,1.00,1.50
2017.10.26 20:02:15.533,1.32743,1.32747,1.00,1.62
2017.10.26 20:02:16.109,1.32742,1.32746,1.00,2.06
2017.10.26 20:02:16.616,1.32741,1.32746,1.00,1.87
2017.10.26 20:02:18.171,1.32741,1.32746,1.00,2.25
2017.10.26 20:02:19.725,1.3274,1.32742,1.87,1.12
2017.10.26 20:02:19.828,1.32736,1.3274,1.00,2.06
2017.10.26 20:02:20.369,1.32734,1.3274,1.37,2.25
2017.10.26 20:02:20.971,1.32734,1.3274,1.37,1.12
2017.10.26 20:02:22.378,1.32735,1.32742,1.00,1.87
2017.10.26 20:02:22.481,1.32737,1.32743,1.00,3.94
2017.10.26 20:02:23.173,1.32738,1.32743,1.00,1.00
2017.10.26 20:02:23.483,1.32742,1.32747,1.00,2.62
2017.10.26 20:02:23.853,1.32742,1.32747,1.00,3.37
2017.10.26 20:02:24.358,1.32742,1.32744,1.00,1.00
2017.10.26 20:02:25.211,1.32742,1.32745,1.00,1.25
2017.10.26 20:02:25.735,1.32741,1.32744,1.00,2.44
2017.10.26 20:02:25.787,1.32739,1.32744,1.00,3.19
2017.10.26 20:02:26.298,1.32738,1.32744,1.50,6.94
2017.10.26 20:02:26.902,1.3274,1.32744,1.00,6.00
2017.10.26 20:02:26.954,1.32738,1.32743,1.50,1.37
2017.10.26 20:02:27.593,1.32738,1.32743,1.50,1.25
2017.10.26 20:02:27.921,1.32738,1.3274,1.00,1.12
2017.10.26 20:02:28.024,1.32735,1.32739,1.00,1.37
2017.10.26 20:02:29.031,1.32736,1.3274,1.00,3.37
2017.10.26 20:02:29.534,1.32736,1.32741,1.00,3.00
2017.10.26 20:02:30.032,1.32735,1.3274,1.50,1.62
2017.10.26 20:02:30.555,1.32735,1.3274,1.50,2.06
2017.10.26 20:02:31.207,1.32735,1.3274,1.50,2.44
2017.10.26 20:02:31.473,1.32738,1.32745,1.00,2.62
2017.10.26 20:02:31.525,1.3274,1.32745,1.50,2.44
2017.10.26 20:02:31.938,1.3274,1.32744,1.00,1.19
2017.10.26 20:02:32.142,1.3274,1.32745,1.00,2.06
2017.10.26 20:02:32.657,1.32741,1.32746,1.12,1.69
2017.10.26 20:02:33.170,1.32742,1.32748,1.00,3.94
2017.10.26 20:02:33.323,1.32742,1.32746,1.00,1.00
2017.10.26 20:02:34.455,1.32743,1.32747,1.00,1.37
2017.10.26 20:02:35.327,1.32743,1.32747,1.00,1.50
2017.10.26 20:02:35.857,1.32743,1.32747,1.00,1.69
2017.10.26 20:02:36.368,1.32743,1.32747,1.00,1.25
2017.10.26 20:02:36.895,1.32743,1.32747,1.00,1.69
2017.10.26 20:02:37.457,1.32743,1.32748,1.37,1.69
2017.10.26 20:02:37.509,1.32745,1.3275,1.00,1.00
2017.10.26 20:02:37.612,1.32747,1.32753,1.00,2.25
2017.10.26 20:02:37.918,1.32746,1.32752,1.50,2.81
2017.10.26 20:02:38.225,1.32743,1.32748,1.00,4.50
2017.10.26 20:02:39.876,1.32744,1.32748,1.00,2.06
2017.10.26 20:02:42.943,1.32744,1.32749,1.50,1.00
2017.10.26 20:02:43.499,1.32744,1.3275,1.50,4.87
2017.10.26 20:02:43.750,1.32744,1.32748,1.50,1.37
2017.10.26 20:02:43.998,1.32742,1.32747,1.00,5.25
2017.10.26 20:02:44.050,1.32742,1.32746,1.00,1.31
2017.10.26 20:02:44.931,1.32742,1.32746,1.00,1.31
2017.10.26 20:02:45.186,1.32742,1.32747,1.50,1.12
2017.10.26 20:02:45.589,1.32742,1.32746,1.50,3.00
2017.10.26 20:02:46.148,1.3274,1.32746,2.81,2.06
2017.10.26 20:02:46.484,1.3274,1.32746,1.00,6.75
2017.10.26 20:02:47.089,1.32739,1.32745,1.00,1.87
2017.10.26 20:02:47.344,1.32736,1.32742,1.50,3.56
2017.10.26 20:02:47.905,1.32737,1.32742,1.25,1.25
2017.10.26 20:02:48.212,1.32738,1.32744,1.00,1.25
2017.10.26 20:02:48.314,1.3274,1.32745,1.00,1.25
2017.10.26 20:02:48.722,1.3274,1.32745,1.00,2.81
2017.10.26 20:02:48.774,1.32738,1.32745,1.25,2.06
2017.10.26 20:02:48.825,1.32739,1.32745,1.87,2.06
2017.10.26 20:02:50.544,1.3274,1.32746,1.12,2.81
2017.10.26 20:02:50.852,1.32739,1.32744,1.50,1.87
2017.10.26 20:02:50.903,1.32739,1.32744,1.00,2.25
2017.10.26 20:02:51.210,1.3274,1.32746,1.87,2.81
2017.10.26 20:02:51.725,1.3274,1.32746,1.87,3.94
2017.10.26 20:02:52.251,1.3274,1.32746,1.87,2.06
2017.10.26 20:02:53.182,1.3274,1.32746,2.25,1.31
2017.10.26 20:02:53.685,1.3274,1.32747,1.87,3.75
2017.10.26 20:02:54.217,1.3274,1.32746,1.87,1.31
2017.10.26 20:02:54.822,1.3274,1.32746,1.87,1.31
2017.10.26 20:02:55.327,1.3274,1.32747,1.87,3.37
2017.10.26 20:02:56.251,1.3274,1.32746,1.87,2.06
2017.10.26 20:02:56.302,1.3274,1.32746,1.87,2.06
2017.10.26 20:02:56.404,1.3274,1.32746,1.87,2.06
2017.10.26 20:02:56.557,1.3274,1.32746,1.87,2.06
2017.10.26 20:02:57.442,1.3274,1.32746,1.87,2.44
2017.10.26 20:02:58.197,1.3274,1.32746,1.87,1.87
2017.10.26 20:02:58.828,1.3274,1.32746,1.87,2.62
2017.10.26 20:02:59.863,1.32742,1.32746,1.00,1.44
2017.10.26 20:03:00.425,1.32742,1.32747,1.00,1.31
2017.10.26 20:03:00.681,1.32744,1.32749,1.12,1.69
2017.10.26 20:03:01.231,1.32745,1.3275,1.00,3.94
2017.10.26 20:03:02.211,1.32743,1.32749,1.87,2.62
2017.10.26 20:03:02.737,1.32743,1.32749,1.50,3.37
2017.10.26 20:03:03.588,1.32743,1.3275,1.50,6.19
2017.10.26 20:03:04.192,1.32745,1.3275,1.00,4.87
2017.10.26 20:03:04.653,1.32745,1.32752,1.50,4.78
2017.10.26 20:03:05.193,1.32746,1.32752,1.00,6.28
2017.10.26 20:03:05.846,1.32746,1.32752,1.00,7.03
2017.10.26 20:03:06.435,1.32746,1.32752,1.50,4.31
2017.10.26 20:03:07.287,1.32746,1.32752,1.12,6.66
2017.10.26 20:03:07.843,1.32745,1.32751,2.62,2.81
2017.10.26 20:03:10.011,1.32746,1.32752,1.00,2.44
2017.10.26 20:03:10.115,1.32746,1.32753,1.87,1.62
2017.10.26 20:03:10.167,1.3275,1.32754,1.00,1.19
2017.10.26 20:03:10.553,1.32744,1.32749,1.37,1.87
2017.10.26 20:03:10.754,1.32743,1.32748,1.25,2.06
2017.10.26 20:03:11.266,1.32743,1.32748,1.69,1.31
2017.10.26 20:03:11.779,1.32743,1.32748,2.44,1.31
2017.10.26 20:03:12.361,1.32744,1.32748,1.50,1.12
2017.10.26 20:03:13.147,1.32746,1.3275,1.00,1.31
2017.10.26 20:03:13.485,1.32747,1.32752,1.00,1.31
2017.10.26 20:03:13.588,1.32748,1.32752,1.37,1.25
2017.10.26 20:03:13.770,1.32749,1.32755,1.12,3.19
2017.10.26 20:03:14.284,1.32749,1.32755,1.12,2.06
2017.10.26 20:03:14.849,1.32749,1.32754,1.12,1.19
2017.10.26 20:03:15.381,1.32748,1.32754,1.87,2.06
2017.10.26 20:03:15.890,1.32748,1.32754,1.87,2.06
2017.10.26 20:03:16.553,1.32748,1.32754,1.87,2.81
2017.10.26 20:03:17.061,1.32748,1.32754,1.87,1.19
2017.10.26 20:03:17.673,1.32749,1.32754,1.12,1.19
2017.10.26 20:03:18.031,1.32751,1.32756,1.00,1.31
2017.10.26 20:03:18.533,1.32751,1.32757,1.50,2.25
2017.10.26 20:03:19.045,1.32753,1.32757,1.12,1.50
2017.10.26 20:03:20.110,1.32753,1.32758,1.37,1.50
2017.10.26 20:03:20.416,1.32751,1.32756,1.50,1.50
2017.10.26 20:03:20.930,1.32751,1.32756,1.50,3.00
2017.10.26 20:03:23.105,1.32752,1.32755,1.00,1.50
2017.10.26 20:03:23.157,1.32754,1.32757,1.00,1.50
2017.10.26 20:03:23.209,1.32752,1.32758,1.50,1.50
2017.10.26 20:03:23.415,1.32753,1.32759,1.00,2.44
2017.10.26 20:03:23.730,1.32754,1.32757,1.00,1.50
2017.10.26 20:03:23.782,1.32751,1.32757,2.25,2.62
2017.10.26 20:03:23.834,1.32751,1.32756,1.87,1.31
2017.10.26 20:03:23.989,1.32751,1.32756,1.00,1.31
2017.10.26 20:03:24.490,1.32752,1.32757,1.12,1.19
2017.10.26 20:03:24.644,1.32755,1.3276,1.00,3.56
2017.10.26 20:03:25.154,1.32755,1.3276,1.00,1.62
2017.10.26 20:03:26.551,1.32755,1.3276,1.12,1.56
2017.10.26 20:03:27.063,1.32755,1.32759,1.00,3.75
2017.10.26 20:03:27.605,1.32755,1.32758,1.00,1.00
2017.10.26 20:03:27.917,1.32753,1.32757,1.87,1.37
2017.10.26 20:03:28.433,1.32753,1.32755,2.25,1.00
2017.10.26 20:03:29.085,1.32753,1.32759,2.62,5.81
2017.10.26 20:03:29.619,1.32754,1.32757,1.00,1.69
2017.10.26 20:03:29.925,1.32753,1.32759,1.12,6.94
2017.10.26 20:03:30.078,1.32753,1.32756,1.37,1.00
2017.10.26 20:03:30.735,1.32753,1.32755,1.37,1.00
2017.10.26 20:03:32.158,1.32753,1.32756,1.37,1.12
2017.10.26 20:03:32.960,1.32753,1.32755,1.37,1.00
2017.10.26 20:03:33.233,1.32754,1.32759,2.44,1.00
2017.10.26 20:03:33.775,1.32755,1.32759,1.00,1.37
2017.10.26 20:03:34.201,1.32754,1.32756,2.44,1.00
2017.10.26 20:03:34.779,1.32755,1.32756,1.00,1.00
2017.10.26 20:03:34.881,1.32755,1.32758,1.00,1.12
2017.10.26 20:03:36.436,1.32755,1.32756,1.00,1.00
2017.10.26 20:03:36.976,1.32754,1.32756,1.50,1.00
2017.10.26 20:03:37.587,1.32755,1.32756,1.00,1.00
2017.10.26 20:03:38.097,1.32754,1.32756,1.50,1.00
2017.10.26 20:03:38.939,1.32754,1.32756,1.00,1.12
2017.10.26 20:03:39.460,1.32754,1.32756,3.00,1.00
2017.10.26 20:03:39.962,1.32755,1.32757,1.50,1.00
2017.10.26 20:03:40.123,1.32755,1.3276,1.50,2.00
2017.10.26 20:03:40.889,1.32755,1.32759,1.69,1.00
2017.10.26 20:03:40.941,1.32755,1.3276,2.06,1.37
2017.10.26 20:03:41.454,1.32757,1.3276,1.25,1.00
2017.10.26 20:03:42.042,1.32757,1.32761,1.54,1.87
2017.10.26 20:03:42.195,1.32761,1.32765,1.00,1.12
2017.10.26 20:03:42.735,1.32761,1.32765,1.00,1.37
2017.10.26 20:03:43.177,1.32757,1.32763,2.06,1.62
2017.10.26 20:03:43.229,1.32758,1.32764,1.87,1.00
2017.10.26 20:03:43.535,1.32764,1.32769,1.00,3.00
2017.10.26 20:03:46.458,1.32765,1.32766,1.00,1.12
2017.10.26 20:03:46.561,1.32768,1.32771,1.00,1.37
2017.10.26 20:03:47.063,1.32769,1.3277,1.00,1.00
2017.10.26 20:03:47.605,1.32769,1.32771,1.50,1.00
2017.10.26 20:03:48.155,1.32768,1.32773,1.44,1.75
2017.10.26 20:03:48.661,1.32768,1.32771,2.25,1.00
2017.10.26 20:03:49.209,1.32768,1.32773,2.25,1.37
2017.10.26 20:03:50.351,1.32768,1.32773,2.25,1.00
2017.10.26 20:03:50.578,1.32774,1.32776,1.50,1.00
2017.10.26 20:03:50.886,1.32777,1.32782,1.44,1.37
2017.10.26 20:03:51.412,1.32777,1.32783,1.69,1.37
2017.10.26 20:03:51.969,1.32779,1.32784,1.19,5.25
2017.10.26 20:03:53.944,1.32784,1.32786,1.62,2.62
2017.10.26 20:03:54.047,1.32788,1.3279,1.00,1.37
2017.10.26 20:03:54.099,1.32788,1.32794,1.19,1.12
2017.10.26 20:03:54.151,1.32786,1.3279,1.19,1.12
2017.10.26 20:03:54.684,1.32787,1.32792,1.44,2.25
2017.10.26 20:03:55.194,1.32787,1.32793,1.44,3.00
2017.10.26 20:03:55.500,1.32787,1.32793,1.50,1.50
2017.10.26 20:03:55.832,1.32787,1.3279,1.44,1.37
2017.10.26 20:03:56.640,1.32786,1.32791,1.37,2.62
2017.10.26 20:03:56.896,1.32787,1.32791,1.25,1.87
2017.10.26 20:03:57.050,1.32787,1.32793,2.62,1.37
2017.10.26 20:03:57.257,1.32789,1.32795,1.81,2.62
2017.10.26 20:03:57.667,1.32789,1.3279,1.00,1.00
2017.10.26 20:03:57.718,1.32787,1.3279,1.00,1.00
2017.10.26 20:03:57.872,1.32787,1.32792,1.19,1.37
2017.10.26 20:03:58.178,1.32793,1.32797,1.19,1.00
2017.10.26 20:03:58.383,1.32792,1.32796,1.19,1.00
2017.10.26 20:03:58.689,1.32792,1.32798,1.19,1.12
2017.10.26 20:03:58.893,1.32792,1.32798,2.06,1.12
2017.10.26 20:04:00.122,1.32793,1.32797,1.19,1.00
2017.10.26 20:04:00.427,1.32792,1.32799,1.50,2.06
2017.10.26 20:04:00.911,1.32792,1.32799,1.69,1.25
2017.10.26 20:04:01.115,1.32797,1.328,1.19,1.00
2017.10.26 20:04:01.218,1.32798,1.32802,1.25,1.50
2017.10.26 20:04:01.767,1.32797,1.32803,1.69,1.12
2017.10.26 20:04:02.630,1.32797,1.32803,1.25,3.37
2017.10.26 20:04:04.679,1.32798,1.32802,1.00,1.37
2017.10.26 20:04:05.746,1.32795,1.32803,1.69,2.62
2017.10.26 20:04:06.258,1.32797,1.32802,1.00,2.62
2017.10.26 20:04:07.173,1.32795,1.32802,1.00,3.37
2017.10.26 20:04:07.737,1.32795,1.32802,1.00,1.87
2017.10.26 20:04:07.940,1.32797,1.32802,1.00,1.87
2017.10.26 20:04:08.631,1.32794,1.32802,3.94,1.12
2017.10.26 20:04:09.136,1.32794,1.32802,4.31,1.37
2017.10.26 20:04:09.188,1.32798,1.32802,1.00,1.37
2017.10.26 20:04:09.600,1.32796,1.32801,1.00,1.37
2017.10.26 20:04:10.177,1.32802,1.32804,1.00,1.50
2017.10.26 20:04:10.228,1.32803,1.32806,1.69,1.37
2017.10.26 20:04:10.280,1.32804,1.3281,1.25,1.12
2017.10.26 20:04:10.333,1.32804,1.32807,1.69,1.19
2017.10.26 20:04:10.384,1.32805,1.3281,1.00,3.56
2017.10.26 20:04:10.793,1.32805,1.32811,1.87,2.44
2017.10.26 20:04:12.012,1.32806,1.32807,1.00,1.25
2017.10.26 20:04:12.115,1.32803,1.32807,1.00,1.25
2017.10.26 20:04:12.664,1.32804,1.32808,1.00,1.19
2017.10.26 20:04:13.168,1.32804,1.32807,1.00,1.19
2017.10.26 20:04:13.220,1.32804,1.32809,1.00,2.06
2017.10.26 20:04:13.425,1.32805,1.32811,1.00,3.00
2017.10.26 20:04:13.984,1.32805,1.3281,1.00,1.62
2017.10.26 20:04:14.947,1.32805,1.32811,1.00,1.87
2017.10.26 20:04:15.304,1.32806,1.32809,1.00,1.25
2017.10.26 20:04:15.509,1.32803,1.32807,1.00,1.31
2017.10.26 20:04:16.605,1.32803,1.32808,1.00,2.06
2017.10.26 20:04:17.922,1.32803,1.32808,1.00,1.31
2017.10.26 20:04:18.525,1.32803,1.32806,1.00,1.00
2017.10.26 20:04:19.047,1.32802,1.32806,1.00,1.00
2017.10.26 20:04:21.982,1.32803,1.32808,1.00,2.62
2017.10.26 20:04:24.793,1.32803,1.32808,1.69,1.00
2017.10.26 20:04:24.998,1.32805,1.3281,1.00,2.06
2017.10.26 20:04:25.839,1.32804,1.3281,1.00,1.62
2017.10.26 20:04:27.404,1.32804,1.32808,1.00,2.62
2017.10.26 20:04:27.507,1.328,1.32806,2.06,1.12
2017.10.26 20:04:27.609,1.32799,1.32803,1.69,1.19
2017.10.26 20:04:27.661,1.32797,1.32803,1.00,3.19
2017.10.26 20:04:27.802,1.32795,1.328,1.25,1.12
2017.10.26 20:04:31.325,1.32796,1.32802,1.19,2.62
2017.10.26 20:04:31.879,1.32796,1.32802,1.25,2.62
2017.10.26 20:04:32.517,1.32796,1.32802,1.87,1.25
2017.10.26 20:04:32.620,1.328,1.32805,1.00,1.50
2017.10.26 20:04:32.673,1.32801,1.32809,1.00,3.75
2017.10.26 20:04:32.725,1.32803,1.32809,1.00,1.12
2017.10.26 20:04:33.091,1.32805,1.32811,1.00,3.56
2017.10.26 20:04:33.399,1.32803,1.32809,1.50,2.06
2017.10.26 20:04:35.017,1.32801,1.32808,1.50,1.62
2017.10.26 20:04:35.374,1.328,1.32803,1.00,1.31
2017.10.26 20:04:35.522,1.32796,1.32802,1.12,2.06
2017.10.26 20:04:35.625,1.32797,1.32804,1.12,1.56
2017.10.26 20:04:35.830,1.32799,1.32805,1.00,6.37
2017.10.26 20:04:36.351,1.32798,1.32804,1.50,3.37
2017.10.26 20:04:36.889,1.32798,1.32803,1.00,2.06
2017.10.26 20:04:37.404,1.32797,1.32802,1.00,1.31
2017.10.26 20:04:37.912,1.32797,1.32803,1.00,1.56
2017.10.26 20:04:38.952,1.32799,1.32805,1.00,1.12
2017.10.26 20:04:39.055,1.32801,1.32807,1.00,2.44
2017.10.26 20:04:39.362,1.32814,1.32819,1.50,1.12
2017.10.26 20:04:40.152,1.32813,1.32819,1.00,3.19
2017.10.26 20:04:40.203,1.32813,1.32819,1.37,1.00
2017.10.26 20:04:40.255,1.32814,1.32821,1.31,1.12
2017.10.26 20:04:40.679,1.32813,1.3282,1.87,1.37
2017.10.26 20:04:44.452,1.32813,1.32817,1.00,2.25
2017.10.26 20:04:44.987,1.32811,1.32817,1.37,1.00
2017.10.26 20:04:45.402,1.32811,1.32815,1.37,1.00
2017.10.26 20:04:45.455,1.32808,1.32815,2.06,1.37
2017.10.26 20:04:45.971,1.32808,1.32812,1.00,1.50
2017.10.26 20:04:46.023,1.32806,1.32811,1.25,1.12
2017.10.26 20:04:46.075,1.32806,1.32809,1.25,1.00
2017.10.26 20:04:46.863,1.32806,1.32811,1.00,1.37
2017.10.26 20:04:47.171,1.32807,1.32812,1.62,1.00
2017.10.26 20:04:47.387,1.32806,1.32812,1.12,1.12
2017.10.26 20:04:47.439,1.32806,1.32811,1.12,1.87
2017.10.26 20:04:47.541,1.32806,1.32813,1.50,3.00
2017.10.26 20:04:47.753,1.32806,1.32811,1.00,2.62
2017.10.26 20:04:48.081,1.32806,1.32811,1.00,1.00
2017.10.26 20:04:48.184,1.32808,1.32811,1.00,1.00
2017.10.26 20:04:48.287,1.32806,1.32812,1.00,1.87
2017.10.26 20:04:48.596,1.32807,1.32811,1.37,1.00
2017.10.26 20:04:48.944,1.32805,1.32811,1.87,2.62
2017.10.26 20:04:49.047,1.32805,1.32811,2.06,1.00
2017.10.26 20:04:49.100,1.32808,1.32811,1.00,1.00
2017.10.26 20:04:49.426,1.32805,1.32812,2.62,3.37
2017.10.26 20:04:49.580,1.32804,1.3281,2.25,1.00
2017.10.26 20:04:50.141,1.32807,1.32811,1.00,1.00
2017.10.26 20:04:50.244,1.32807,1.32813,1.00,1.50
2017.10.26 20:04:50.784,1.32807,1.32812,1.00,1.00
2017.10.26 20:04:51.261,1.32805,1.3281,1.69,1.00
2017.10.26 20:04:51.571,1.32807,1.32813,1.62,1.00
2017.10.26 20:04:52.308,1.32808,1.32813,1.44,1.00
2017.10.26 20:04:52.463,1.32809,1.32816,1.69,1.12
2017.10.26 20:04:52.822,1.32808,1.32814,2.06,1.50
2017.10.26 20:04:53.130,1.32807,1.3281,1.00,1.00
2017.10.26 20:04:53.662,1.32807,1.32811,1.00,1.12
2017.10.26 20:04:54.325,1.32807,1.32811,1.00,1.31
2017.10.26 20:04:54.377,1.32804,1.32811,1.37,1.31
2017.10.26 20:04:54.683,1.32804,1.32809,1.25,1.19
2017.10.26 20:04:55.646,1.32803,1.32808,1.25,1.31
2017.10.26 20:04:56.161,1.32803,1.32806,1.00,1.00
2017.10.26 20:04:56.213,1.328,1.32806,1.87,1.00
2017.10.26 20:04:57.617,1.328,1.32806,1.50,1.19
2017.10.26 20:04:59.230,1.328,1.32806,1.62,1.50
2017.10.26 20:04:59.792,1.328,1.32807,2.25,1.87
2017.10.26 20:05:00.760,1.328,1.32806,1.50,1.00
2017.10.26 20:05:01.271,1.328,1.32807,1.50,1.87
2017.10.26 20:05:01.778,1.32802,1.32807,1.00,1.12
2017.10.26 20:05:02.052,1.328,1.32806,1.50,2.62
2017.10.26 20:05:02.309,1.32797,1.32803,1.00,1.50
2017.10.26 20:05:02.827,1.32796,1.32803,1.31,1.50
2017.10.26 20:05:03.819,1.32795,1.32802,2.62,1.00
2017.10.26 20:05:04.876,1.32795,1.32802,2.25,2.25
2017.10.26 20:05:05.814,1.32795,1.32802,2.25,1.50
2017.10.26 20:05:06.697,1.32795,1.32801,2.25,1.00
2017.10.26 20:05:06.800,1.32794,1.32798,1.87,1.00
2017.10.26 20:05:06.902,1.32791,1.32798,1.87,1.12
2017.10.26 20:05:07.410,1.32791,1.32798,1.87,1.87
2017.10.26 20:05:07.949,1.32791,1.32797,1.69,1.12
2017.10.26 20:05:08.441,1.32791,1.32795,1.44,1.00
2017.10.26 20:05:08.493,1.3279,1.32795,1.12,1.50
2017.10.26 20:05:09.003,1.32789,1.32794,1.25,1.12
2017.10.26 20:05:09.297,1.32792,1.32795,1.25,1.00
2017.10.26 20:05:09.518,1.32792,1.32799,1.19,1.37
2017.10.26 20:05:10.031,1.32792,1.32799,2.06,1.50
2017.10.26 20:05:10.541,1.32793,1.32799,1.69,1.00
2017.10.26 20:05:11.046,1.32793,1.32799,1.69,1.00
2017.10.26 20:05:11.582,1.32793,1.32799,1.69,1.00
2017.10.26 20:05:12.093,1.32793,1.32798,1.00,1.00
2017.10.26 20:05:12.792,1.32793,1.32798,1.19,1.00
2017.10.26 20:05:13.316,1.32793,1.32798,1.25,1.00
2017.10.26 20:05:14.078,1.32794,1.328,1.00,1.12
2017.10.26 20:05:14.182,1.32794,1.32799,4.12,1.00
2017.10.26 20:05:14.234,1.32795,1.32801,1.62,1.00
2017.10.26 20:05:14.395,1.32797,1.32803,1.00,1.00
2017.10.26 20:05:14.904,1.32799,1.32804,1.00,1.00
2017.10.26 20:05:15.210,1.32795,1.32801,2.25,1.87
2017.10.26 20:05:15.749,1.32794,1.32801,1.87,4.87
2017.10.26 20:05:16.054,1.32796,1.32801,1.00,1.87
2017.10.26 20:05:17.967,1.32795,1.328,1.00,1.37
2017.10.26 20:05:18.486,1.32796,1.32801,1.00,1.87
2017.10.26 20:05:18.691,1.32796,1.32803,1.25,4.50
2017.10.26 20:05:19.210,1.32796,1.32803,1.25,1.50
2017.10.26 20:05:19.416,1.32799,1.32804,1.00,2.25
2017.10.26 20:05:21.204,1.32799,1.32804,1.00,1.12
2017.10.26 20:05:21.715,1.32799,1.32804,1.19,1.00
2017.10.26 20:05:22.194,1.32801,1.32802,1.00,1.00
2017.10.26 20:05:22.348,1.32797,1.32802,1.00,2.25
2017.10.26 20:05:22.878,1.32796,1.32802,1.00,3.00
2017.10.26 20:05:23.424,1.32797,1.32802,1.00,3.00
2017.10.26 20:05:23.782,1.32797,1.32802,1.00,1.12
2017.10.26 20:05:24.293,1.32797,1.32801,1.00,1.00
2017.10.26 20:05:24.636,1.32795,1.32801,1.00,1.50
2017.10.26 20:05:25.414,1.32797,1.32801,1.00,1.00
2017.10.26 20:05:25.873,1.32796,1.32801,1.00,3.37
2017.10.26 20:05:26.418,1.32795,1.32801,1.00,3.56
2017.10.26 20:05:27.034,1.32795,1.32801,1.19,2.62
2017.10.26 20:05:27.926,1.32794,1.328,1.69,1.62
2017.10.26 20:05:28.477,1.32793,1.328,1.87,1.87
2017.10.26 20:05:29.147,1.32793,1.328,2.06,1.37
2017.10.26 20:05:30.377,1.32793,1.328,2.06,1.37
2017.10.26 20:05:30.884,1.32793,1.328,2.06,1.37
2017.10.26 20:05:34.757,1.32795,1.32802,1.19,2.25
2017.10.26 20:05:34.859,1.32797,1.32804,1.44,2.62
2017.10.26 20:05:35.388,1.32799,1.32805,1.25,1.50
2017.10.26 20:05:35.627,1.328,1.32806,1.31,1.50
2017.10.26 20:05:35.832,1.32803,1.3281,1.87,1.12
2017.10.26 20:05:35.884,1.32803,1.3281,1.87,1.12
2017.10.26 20:05:36.766,1.32803,1.32809,1.69,1.12
2017.10.26 20:05:36.868,1.32803,1.32809,1.25,2.62
2017.10.26 20:05:37.584,1.32803,1.32808,1.25,1.00
2017.10.26 20:05:38.705,1.32803,1.32806,1.00,1.00
2017.10.26 20:05:39.215,1.328,1.32806,1.87,1.00
2017.10.26 20:05:41.160,1.32802,1.32809,1.44,2.62
2017.10.26 20:05:41.712,1.32802,1.32809,1.87,1.00
2017.10.26 20:05:42.018,1.32802,1.32806,1.25,1.00
2017.10.26 20:05:42.629,1.32804,1.32807,2.44,1.00
2017.10.26 20:05:42.682,1.32805,1.32808,2.25,1.00
2017.10.26 20:05:42.788,1.32806,1.32811,1.31,1.25
2017.10.26 20:05:42.942,1.32806,1.32811,1.50,1.25
2017.10.26 20:05:44.015,1.32807,1.32813,1.69,1.19
2017.10.26 20:05:44.537,1.32807,1.32813,1.69,1.19
2017.10.26 20:05:45.074,1.32807,1.32814,1.62,1.69
2017.10.26 20:05:46.083,1.32805,1.3281,1.00,1.44
2017.10.26 20:05:46.135,1.32802,1.3281,1.50,1.87
2017.10.26 20:05:46.241,1.32805,1.3281,1.00,1.50
2017.10.26 20:05:46.547,1.32803,1.32808,1.00,1.81
2017.10.26 20:05:47.762,1.32803,1.32809,1.19,1.87
2017.10.26 20:05:49.981,1.32803,1.32808,1.00,1.12
2017.10.26 20:05:50.530,1.32802,1.32807,1.25,1.00
2017.10.26 20:05:53.882,1.32802,1.32808,1.19,1.87
2017.10.26 20:05:59.999,1.32802,1.32806,1.25,1.00
2017.10.26 20:06:00.961,1.32802,1.32807,1.25,1.50
2017.10.26 20:06:03.217,1.32802,1.32807,1.87,1.00
2017.10.26 20:06:04.080,1.32802,1.32807,1.87,1.00
2017.10.26 20:06:06.653,1.32803,1.32808,1.25,1.12
2017.10.26 20:06:07.332,1.32803,1.32809,1.25,1.00
2017.10.26 20:06:07.862,1.32803,1.32809,1.87,1.00
2017.10.26 20:06:12.510,1.32807,1.32811,1.91,1.31
2017.10.26 20:06:12.613,1.32809,1.32814,1.62,1.00
2017.10.26 20:06:16.090,1.32809,1.32815,2.06,1.00
2017.10.26 20:06:16.622,1.32809,1.32814,2.06,1.00
2017.10.26 20:06:17.274,1.32809,1.32816,2.81,3.00
2017.10.26 20:06:17.820,1.32809,1.32815,2.25,1.00
2017.10.26 20:06:19.051,1.32811,1.32815,1.69,1.00
2017.10.26 20:06:19.103,1.32812,1.32817,1.19,1.87
2017.10.26 20:06:19.206,1.3281,1.32818,1.12,3.19
2017.10.26 20:06:19.563,1.32809,1.32814,2.06,1.00
2017.10.26 20:06:19.981,1.32808,1.32809,1.00,1.00
2017.10.26 20:06:20.033,1.32805,1.32809,1.00,2.06
2017.10.26 20:06:20.085,1.32803,1.32809,1.50,2.81
2017.10.26 20:06:20.649,1.32803,1.32809,1.50,1.69
2017.10.26 20:06:21.117,1.32802,1.32806,1.00,1.12
2017.10.26 20:06:21.638,1.32802,1.32807,1.00,1.12
2017.10.26 20:06:23.406,1.32803,1.32807,1.00,1.12
2017.10.26 20:06:25.165,1.32801,1.32807,2.62,1.12
2017.10.26 20:06:25.500,1.32802,1.32808,1.69,1.37
2017.10.26 20:06:26.164,1.32802,1.3281,1.69,1.69
2017.10.26 20:06:26.266,1.32805,1.3281,1.25,1.00
2017.10.26 20:06:26.778,1.32806,1.3281,1.00,1.00
2017.10.26 20:06:27.297,1.32806,1.32813,1.50,3.56
2017.10.26 20:06:27.451,1.32808,1.32813,1.00,1.00
2017.10.26 20:06:28.722,1.3281,1.32815,1.37,1.25
2017.10.26 20:06:28.824,1.32814,1.3282,1.00,1.50
2017.10.26 20:06:29.327,1.32815,1.3282,1.00,1.50
2017.10.26 20:06:29.685,1.32815,1.32822,1.12,1.50
2017.10.26 20:06:29.788,1.32815,1.3282,1.37,1.00
2017.10.26 20:06:30.094,1.32813,1.32817,1.87,1.00
2017.10.26 20:06:30.414,1.32813,1.32819,2.25,1.00
2017.10.26 20:06:31.204,1.32815,1.32819,1.25,1.00
2017.10.26 20:06:31.808,1.32815,1.32819,1.19,1.00
2017.10.26 20:06:32.730,1.32816,1.3282,1.50,1.00
2017.10.26 20:06:32.833,1.32821,1.32824,1.00,1.00
2017.10.26 20:06:33.347,1.3282,1.32822,1.00,1.00
2017.10.26 20:06:33.398,1.32816,1.32822,1.12,1.50
2017.10.26 20:06:33.501,1.32815,1.32819,1.37,1.00
2017.10.26 20:06:34.004,1.32815,1.32818,1.00,1.00
2017.10.26 20:06:34.945,1.32815,1.32817,1.00,1.00
2017.10.26 20:06:35.475,1.32813,1.32818,1.37,1.12
2017.10.26 20:06:35.527,1.32812,1.32818,1.00,1.12
2017.10.26 20:06:35.578,1.32812,1.32816,1.00,1.00
2017.10.26 20:06:37.836,1.32812,1.32818,1.25,1.00
2017.10.26 20:06:39.087,1.32812,1.32818,1.69,1.00
2017.10.26 20:06:39.593,1.32814,1.32818,1.00,1.00
2017.10.26 20:06:39.645,1.32816,1.32818,1.00,1.00
2017.10.26 20:06:39.697,1.32816,1.32821,1.00,1.37
2017.10.26 20:06:39.799,1.32817,1.32822,1.00,1.00
2017.10.26 20:06:40.107,1.32814,1.32819,1.87,1.00
2017.10.26 20:06:40.159,1.32813,1.32818,1.00,1.00
2017.10.26 20:06:40.883,1.32813,1.32817,1.00,1.00
2017.10.26 20:06:40.935,1.32811,1.32815,1.37,1.00
2017.10.26 20:06:42.118,1.32811,1.32816,1.62,1.00
2017.10.26 20:06:42.170,1.32813,1.32818,1.00,2.81
2017.10.26 20:06:42.702,1.32813,1.32816,1.00,1.00
2017.10.26 20:06:46.192,1.32811,1.32816,1.00,1.50
2017.10.26 20:06:46.900,1.32811,1.32815,1.00,1.00
2017.10.26 20:06:48.389,1.32811,1.32816,1.00,1.87
2017.10.26 20:06:48.860,1.32811,1.32814,1.00,1.00
2017.10.26 20:06:49.423,1.32808,1.32814,1.25,1.50
2017.10.26 20:06:49.528,1.32808,1.32811,1.00,1.00
2017.10.26 20:06:55.058,1.32808,1.32813,1.00,1.00
2017.10.26 20:06:55.959,1.32807,1.32814,1.62,1.50
2017.10.26 20:06:56.064,1.32811,1.32816,1.25,1.00
2017.10.26 20:06:56.373,1.32813,1.32816,1.00,1.50
2017.10.26 20:06:56.527,1.32813,1.32818,1.00,1.00
2017.10.26 20:06:57.070,1.32815,1.32819,1.00,1.00
2017.10.26 20:06:57.574,1.32815,1.32821,1.00,1.50
2017.10.26 20:06:57.779,1.32815,1.3282,1.00,2.81
2017.10.26 20:06:58.086,1.32814,1.32817,1.00,1.12
2017.10.26 20:06:58.490,1.32813,1.32819,1.00,1.00
2017.10.26 20:06:58.542,1.32815,1.32822,1.25,2.44
2017.10.26 20:06:58.849,1.32815,1.3282,1.00,1.37
2017.10.26 20:06:59.394,1.32813,1.32819,1.37,1.12
2017.10.26 20:07:00.569,1.32813,1.32818,2.62,1.00
2017.10.26 20:07:00.621,1.32815,1.32821,1.00,1.37
2017.10.26 20:07:00.724,1.32815,1.32822,3.56,1.12
2017.10.26 20:07:01.286,1.32815,1.32821,1.37,1.00
2017.10.26 20:07:01.953,1.32819,1.32822,1.61,1.00
2017.10.26 20:07:02.004,1.32821,1.32826,1.00,1.50
2017.10.26 20:07:02.056,1.32823,1.32828,1.19,1.12
2017.10.26 20:07:02.518,1.32824,1.32833,1.25,6.26
2017.10.26 20:07:03.207,1.32827,1.32833,1.00,4.31
2017.10.26 20:07:04.793,1.32824,1.3283,1.56,1.00
2017.10.26 20:07:05.223,1.32824,1.32829,1.00,1.37
2017.10.26 20:07:05.532,1.32821,1.32826,1.19,1.00
2017.10.26 20:07:06.061,1.32821,1.32829,1.25,2.62
2017.10.26 20:07:06.391,1.32823,1.32829,1.00,2.62
2017.10.26 20:07:06.962,1.32823,1.32829,1.00,1.12
2017.10.26 20:07:07.420,1.32824,1.32832,1.37,3.00
2017.10.26 20:07:08.035,1.32824,1.32833,1.56,3.00
2017.10.26 20:07:08.606,1.32824,1.3283,1.37,1.12
2017.10.26 20:07:09.104,1.32828,1.32834,1.19,2.44
2017.10.26 20:07:09.350,1.32832,1.32839,1.00,1.00
2017.10.26 20:07:09.873,1.32832,1.32838,1.00,1.00
2017.10.26 20:07:10.485,1.32832,1.32836,1.00,1.00
2017.10.26 20:07:11.000,1.3283,1.32836,1.69,1.00
2017.10.26 20:07:11.308,1.32838,1.32845,1.25,2.14
2017.10.26 20:07:11.360,1.32838,1.32845,1.12,1.37
2017.10.26 20:07:12.304,1.32838,1.32844,1.00,1.50
2017.10.26 20:07:12.356,1.32836,1.32841,1.50,1.12
2017.10.26 20:07:12.663,1.32835,1.32839,1.00,1.00
2017.10.26 20:07:13.248,1.32833,1.3284,1.37,1.37
2017.10.26 20:07:13.351,1.32836,1.32843,1.00,1.50
2017.10.26 20:07:14.798,1.32834,1.3284,1.00,1.31
2017.10.26 20:07:15.105,1.32827,1.32835,1.25,2.06
2017.10.26 20:07:15.783,1.32827,1.32834,1.19,1.25
2017.10.26 20:07:16.335,1.32827,1.32836,1.69,2.25
2017.10.26 20:07:16.772,1.32831,1.32837,1.87,1.19
2017.10.26 20:07:17.080,1.32836,1.32843,1.00,1.50
2017.10.26 20:07:17.184,1.32832,1.3284,1.87,1.50
2017.10.26 20:07:17.542,1.3283,1.32837,1.37,1.00
2017.10.26 20:07:18.238,1.3283,1.32837,1.37,1.19
2017.10.26 20:07:18.392,1.3283,1.32837,1.37,1.31
2017.10.26 20:07:19.751,1.3283,1.32837,1.37,1.25
2017.10.26 20:07:20.261,1.32831,1.32839,2.06,4.50
2017.10.26 20:07:22.176,1.32831,1.32838,2.06,1.69
2017.10.26 20:07:23.269,1.32831,1.32837,1.00,1.31
2017.10.26 20:07:23.596,1.32833,1.32837,1.37,1.12
2017.10.26 20:07:24.127,1.32833,1.3284,1.62,1.50
2017.10.26 20:07:25.621,1.32835,1.32843,1.69,2.62
2017.10.26 20:07:25.724,1.32838,1.32847,2.44,3.26
2017.10.26 20:07:25.777,1.3284,1.32846,1.87,1.44
2017.10.26 20:07:25.930,1.32838,1.32845,1.00,2.44
2017.10.26 20:07:26.454,1.32839,1.32845,1.25,1.19
2017.10.26 20:07:26.602,1.32836,1.32842,1.37,1.37
2017.10.26 20:07:27.193,1.32836,1.3284,1.00,1.19
2017.10.26 20:07:27.245,1.32836,1.32841,1.00,1.25
2017.10.26 20:07:27.762,1.32836,1.3284,1.00,1.00
2017.10.26 20:07:28.310,1.32836,1.32843,1.00,2.25
2017.10.26 20:07:31.767,1.32839,1.32844,1.00,1.12
2017.10.26 20:07:31.921,1.32837,1.32843,1.00,1.25
2017.10.26 20:07:33.786,1.32837,1.32844,1.00,5.44
2017.10.26 20:07:33.902,1.32837,1.32844,1.00,5.62
2017.10.26 20:07:34.107,1.32836,1.32842,1.00,1.00
2017.10.26 20:07:36.630,1.32836,1.3284,1.12,1.00
2017.10.26 20:07:39.119,1.32836,1.32841,1.50,1.00
2017.10.26 20:07:39.871,1.32836,1.32841,1.37,1.00
2017.10.26 20:07:40.025,1.32835,1.32841,1.00,1.00
2017.10.26 20:07:40.077,1.32834,1.32839,1.87,1.00
2017.10.26 20:07:40.992,1.32834,1.32839,1.50,1.00
2017.10.26 20:07:41.511,1.32834,1.3284,1.87,1.00
2017.10.26 20:07:41.955,1.32833,1.32839,1.12,1.00
2017.10.26 20:07:42.416,1.32834,1.32839,1.19,1.00
2017.10.26 20:07:42.959,1.32834,1.32839,1.25,1.00
2017.10.26 20:07:44.077,1.32834,1.3284,1.31,1.00
2017.10.26 20:07:44.604,1.32834,1.32839,1.69,1.00
2017.10.26 20:07:45.096,1.32834,1.3284,1.31,1.00
2017.10.26 20:07:45.433,1.3284,1.32846,2.06,2.25
2017.10.26 20:07:45.486,1.3284,1.32846,2.06,1.25
2017.10.26 20:07:45.793,1.32844,1.32848,1.00,1.00
2017.10.26 20:07:46.312,1.32844,1.32849,1.00,1.00
2017.10.26 20:07:46.574,1.32841,1.32848,3.00,1.00
2017.10.26 20:07:46.779,1.32841,1.32846,1.12,1.00
2017.10.26 20:07:47.992,1.32841,1.32847,1.19,1.19
2017.10.26 20:07:48.512,1.32841,1.32847,1.31,1.19
2017.10.26 20:07:49.061,1.32841,1.32847,1.69,1.00
2017.10.26 20:07:50.813,1.32841,1.32847,1.87,1.00
2017.10.26 20:07:51.119,1.32844,1.32849,1.37,1.19
2017.10.26 20:07:52.073,1.32846,1.3285,1.37,1.00
2017.10.26 20:07:52.431,1.32847,1.32852,1.62,1.00
2017.10.26 20:07:52.945,1.32847,1.32853,1.37,1.00
2017.10.26 20:07:53.470,1.32849,1.32853,1.00,1.00
2017.10.26 20:07:55.842,1.32847,1.32853,1.37,1.50
2017.10.26 20:07:56.168,1.3285,1.32853,1.37,1.00
2017.10.26 20:07:56.709,1.3285,1.32855,1.87,2.06
2017.10.26 20:07:59.367,1.3285,1.32856,1.87,1.31
2017.10.26 20:07:59.908,1.32852,1.32857,1.00,1.31
2017.10.26 20:08:01.201,1.3285,1.32856,1.87,1.19
2017.10.26 20:08:01.751,1.3285,1.32856,1.87,1.19
2017.10.26 20:08:04.019,1.3285,1.32856,1.00,2.44
2017.10.26 20:08:04.533,1.32849,1.32856,1.00,4.31
2017.10.26 20:08:09.110,1.32849,1.32852,1.00,1.00
2017.10.26 20:08:09.212,1.32848,1.32855,1.50,1.39
2017.10.26 20:08:09.724,1.32848,1.32856,1.12,2.00
2017.10.26 20:08:10.904,1.32848,1.32855,1.12,1.50
2017.10.26 20:08:11.262,1.32846,1.32852,1.50,4.31
2017.10.26 20:08:11.570,1.32851,1.32857,1.87,1.44
2017.10.26 20:08:12.099,1.32851,1.32857,1.87,1.25
2017.10.26 20:08:12.421,1.32851,1.32855,1.00,1.12
2017.10.26 20:08:12.763,1.32851,1.32857,1.87,1.69
2017.10.26 20:08:13.308,1.32853,1.32858,1.00,1.19
2017.10.26 20:08:13.410,1.32853,1.32855,1.00,1.00
2017.10.26 20:08:13.634,1.32853,1.32858,1.00,1.69
2017.10.26 20:08:14.068,1.32854,1.3286,1.50,3.00
2017.10.26 20:08:14.274,1.32855,1.32862,1.69,1.69
2017.10.26 20:08:14.326,1.32855,1.3286,1.50,1.00
2017.10.26 20:08:14.634,1.32854,1.32855,1.00,1.00
2017.10.26 20:08:15.278,1.32854,1.32856,1.00,1.00
2017.10.26 20:08:15.940,1.32853,1.32858,1.00,1.37
2017.10.26 20:08:20.943,1.32853,1.32858,1.25,1.00
2017.10.26 20:08:21.833,1.32853,1.32857,1.00,1.00
2017.10.26 20:08:23.028,1.32853,1.32858,1.00,1.50
2017.10.26 20:08:23.570,1.32852,1.32858,1.00,2.25
2017.10.26 20:08:24.101,1.32852,1.32856,1.00,1.00
2017.10.26 20:08:28.978,1.32852,1.32857,1.25,1.00
2017.10.26 20:08:29.528,1.32852,1.32858,1.00,1.87
2017.10.26 20:08:30.944,1.3285,1.32855,1.00,1.00
2017.10.26 20:08:31.508,1.32851,1.32855,1.00,1.00
2017.10.26 20:08:31.714,1.32854,1.3286,2.25,1.56
2017.10.26 20:08:32.238,1.32854,1.3286,3.00,1.00
2017.10.26 20:08:32.754,1.32855,1.3286,1.25,1.00
2017.10.26 20:08:33.270,1.32855,1.32861,1.12,1.12
2017.10.26 20:08:34.057,1.32855,1.32862,1.69,3.56
2017.10.26 20:08:34.161,1.32857,1.32863,1.00,1.12
2017.10.26 20:08:35.674,1.32857,1.32863,2.62,1.12
2017.10.26 20:08:36.971,1.32857,1.32863,2.25,1.31
2017.10.26 20:08:43.079,1.32856,1.32863,1.00,1.50
2017.10.26 20:08:43.739,1.32855,1.32863,2.44,4.31
2017.10.26 20:08:45.101,1.32855,1.32862,1.50,1.56
2017.10.26 20:08:47.109,1.32854,1.3286,1.12,3.37
2017.10.26 20:08:47.161,1.32853,1.3286,1.00,7.31
2017.10.26 20:08:47.691,1.32854,1.3286,1.00,3.75
2017.10.26 20:08:48.206,1.32855,1.32862,1.31,2.06
2017.10.26 20:08:48.257,1.32857,1.32861,1.00,1.25
2017.10.26 20:08:48.513,1.32855,1.32862,1.69,2.62
2017.10.26 20:08:49.091,1.32855,1.32862,1.69,1.31
2017.10.26 20:08:55.952,1.32856,1.32862,1.19,2.06
2017.10.26 20:08:56.994,1.32856,1.32862,1.69,1.19
2017.10.26 20:08:57.523,1.32857,1.32863,2.44,3.56
2017.10.26 20:08:58.298,1.32857,1.32863,1.69,3.00
2017.10.26 20:08:59.157,1.32855,1.32861,1.00,1.37
2017.10.26 20:08:59.671,1.32854,1.3286,1.00,1.37
2017.10.26 20:09:05.036,1.32854,1.3286,1.69,2.25
2017.10.26 20:09:05.575,1.32854,1.3286,1.00,2.25
2017.10.26 20:09:08.991,1.32854,1.3286,1.19,2.81
2017.10.26 20:09:09.891,1.32854,1.3286,1.50,2.06
2017.10.26 20:09:12.056,1.32853,1.32859,1.31,1.69
2017.10.26 20:09:14.687,1.32852,1.32859,1.87,3.19
2017.10.26 20:09:14.985,1.32852,1.32859,1.50,5.06
2017.10.26 20:09:19.322,1.32852,1.32859,2.44,3.56
2017.10.26 20:09:19.475,1.32853,1.32859,2.81,1.25
2017.10.26 20:09:23.311,1.32854,1.32861,1.69,1.75
2017.10.26 20:09:23.822,1.32853,1.3286,3.94,1.31
2017.10.26 20:09:24.230,1.32854,1.32862,1.31,4.31
2017.10.26 20:09:24.332,1.32854,1.32862,1.31,2.81
2017.10.26 20:09:27.848,1.32854,1.32861,3.19,2.25
2017.10.26 20:09:28.970,1.32854,1.32861,1.25,3.75
2017.10.26 20:09:29.498,1.32854,1.32858,1.25,1.00
2017.10.26 20:09:30.769,1.32854,1.32859,1.69,1.00
2017.10.26 20:09:31.350,1.32854,1.3286,1.69,1.00
2017.10.26 20:09:31.861,1.32854,1.32861,1.69,2.06
2017.10.26 20:09:33.624,1.32854,1.32861,1.69,2.06
2017.10.26 20:09:34.328,1.32854,1.32861,1.69,2.81
2017.10.26 20:09:34.947,1.32854,1.3286,1.31,1.00
2017.10.26 20:09:35.905,1.32854,1.3286,1.12,1.87
2017.10.26 20:09:36.435,1.32853,1.3286,1.37,5.81
2017.10.26 20:09:36.954,1.32853,1.32859,1.00,3.56
2017.10.26 20:09:37.463,1.32852,1.32859,1.12,3.56
2017.10.26 20:09:39.372,1.32852,1.32859,1.31,2.81
2017.10.26 20:09:39.917,1.32852,1.32859,1.31,2.06
2017.10.26 20:09:41.302,1.32854,1.3286,1.19,1.00
2017.10.26 20:09:41.836,1.32854,1.32862,1.69,5.06
2017.10.26 20:09:42.366,1.32854,1.32861,1.19,1.62
2017.10.26 20:09:42.948,1.32854,1.32861,1.69,1.62
2017.10.26 20:09:43.465,1.32854,1.32861,1.69,1.62
2017.10.26 20:09:44.858,1.32854,1.32861,1.31,1.62
2017.10.26 20:09:45.179,1.32854,1.32862,1.19,6.19
2017.10.26 20:09:46.258,1.32854,1.32859,1.50,1.12
2017.10.26 20:09:46.766,1.32853,1.3286,1.69,1.37
2017.10.26 20:09:47.214,1.32855,1.32861,1.00,3.56
2017.10.26 20:09:47.725,1.32855,1.32861,1.00,3.56
2017.10.26 20:09:48.276,1.32855,1.3286,1.00,5.44
2017.10.26 20:09:48.430,1.32853,1.32858,1.50,1.37
2017.10.26 20:09:48.688,1.32851,1.32857,1.00,3.56
2017.10.26 20:09:49.062,1.32853,1.32859,1.87,1.31
2017.10.26 20:09:49.165,1.32853,1.3286,2.06,1.56
2017.10.26 20:09:50.602,1.32854,1.3286,1.25,1.31
2017.10.26 20:09:51.106,1.32855,1.32861,1.00,1.62
2017.10.26 20:09:52.000,1.32855,1.32861,1.19,1.62
2017.10.26 20:09:52.601,1.3285,1.32855,1.00,1.87
2017.10.26 20:09:53.111,1.32847,1.32855,2.62,6.00
2017.10.26 20:09:54.499,1.3285,1.32856,1.00,3.56
2017.10.26 20:09:55.042,1.32849,1.32856,1.25,3.56
2017.10.26 20:09:55.411,1.32851,1.32856,1.19,1.37
2017.10.26 20:09:56.151,1.32852,1.32858,1.19,6.75
2017.10.26 20:09:56.510,1.32855,1.32859,1.00,4.50
2017.10.26 20:09:57.121,1.32854,1.32859,1.00,2.81
2017.10.26 20:09:59.019,1.32854,1.32857,1.00,3.56
2017.10.26 20:09:59.122,1.32852,1.32857,1.00,4.31
2017.10.26 20:09:59.823,1.32851,1.32857,1.25,3.56
2017.10.26 20:10:00.130,1.3285,1.32855,1.00,5.06
2017.10.26 20:10:00.183,1.32848,1.32853,1.50,1.12
2017.10.26 20:10:00.721,1.32848,1.32853,1.50,1.56
2017.10.26 20:10:04.661,1.32848,1.32854,1.37,4.50
2017.10.26 20:10:07.241,1.32848,1.32854,1.19,1.87
2017.10.26 20:10:08.305,1.32847,1.32854,1.62,1.87
2017.10.26 20:10:10.018,1.32847,1.32852,1.00,1.87
2017.10.26 20:10:10.069,1.32847,1.32852,1.00,3.37
2017.10.26 20:10:12.676,1.32843,1.32852,1.50,7.87
2017.10.26 20:10:13.150,1.32843,1.32849,1.56,2.06
2017.10.26 20:10:13.675,1.32842,1.32849,2.62,2.81
2017.10.26 20:10:14.334,1.3284,1.32847,1.81,1.37
2017.10.26 20:10:15.740,1.32841,1.32846,1.00,2.62
2017.10.26 20:10:16.246,1.32837,1.32844,1.56,1.87
2017.10.26 20:10:16.553,1.32837,1.32845,1.87,2.06
2017.10.26 20:10:18.693,1.32837,1.32845,3.00,2.81
2017.10.26 20:10:24.737,1.32837,1.32844,2.81,1.62
2017.10.26 20:10:25.286,1.32837,1.32844,1.69,1.62
2017.10.26 20:10:26.165,1.32837,1.32845,1.56,4.69
2017.10.26 20:10:26.217,1.32838,1.32843,1.19,1.87
2017.10.26 20:10:26.269,1.32836,1.32842,1.00,2.44
2017.10.26 20:10:26.562,1.32832,1.3284,1.50,2.06
2017.10.26 20:10:27.119,1.32831,1.32839,4.50,1.12
2017.10.26 20:10:27.629,1.32832,1.32841,1.50,5.44
2017.10.26 20:10:27.935,1.32834,1.32841,1.37,2.44
2017.10.26 20:10:28.323,1.32834,1.32839,1.00,1.87
2017.10.26 20:10:28.867,1.32832,1.32839,1.87,2.62
2017.10.26 20:10:29.379,1.32831,1.32838,2.44,2.62
2017.10.26 20:10:29.942,1.32832,1.32837,1.25,1.37
2017.10.26 20:10:30.045,1.3283,1.32835,1.12,2.25
2017.10.26 20:10:30.627,1.32831,1.32835,2.66,1.00
2017.10.26 20:10:30.679,1.32831,1.32839,2.66,2.81
2017.10.26 20:10:30.986,1.32833,1.32839,1.37,2.81
2017.10.26 20:10:31.507,1.32833,1.32839,1.56,2.06
2017.10.26 20:10:34.661,1.32834,1.32841,1.87,2.81
2017.10.26 20:10:35.234,1.32834,1.32841,1.87,2.81
2017.10.26 20:10:35.564,1.32834,1.32837,1.87,1.00
2017.10.26 20:10:36.103,1.32834,1.32837,1.69,1.00
2017.10.26 20:10:36.685,1.32835,1.32838,1.69,1.00
2017.10.26 20:10:37.047,1.32837,1.3284,1.19,1.00
2017.10.26 20:10:37.552,1.32837,1.3284,1.12,1.00
2017.10.26 20:10:38.212,1.32837,1.32841,1.19,1.56
2017.10.26 20:10:38.264,1.32836,1.32841,3.79,1.00
2017.10.26 20:10:38.315,1.32836,1.3284,3.60,1.00
2017.10.26 20:10:38.882,1.32837,1.32839,1.69,1.00
2017.10.26 20:10:41.942,1.32838,1.32843,1.19,2.06
2017.10.26 20:10:42.473,1.32838,1.3284,1.19,1.00
2017.10.26 20:10:44.078,1.32837,1.3284,1.00,1.00
2017.10.26 20:10:44.130,1.32836,1.32837,1.50,1.00
2017.10.26 20:10:44.589,1.32834,1.32836,1.00,1.00
2017.10.26 20:10:45.225,1.32833,1.32836,1.56,1.00
2017.10.26 20:10:46.003,1.32833,1.32835,1.25,1.00
2017.10.26 20:10:46.492,1.3283,1.32833,1.00,1.50
2017.10.26 20:10:46.850,1.3283,1.32831,1.00,1.00
2017.10.26 20:10:47.428,1.32829,1.32831,1.50,1.00
2017.10.26 20:10:47.633,1.3283,1.32832,1.25,1.00
2017.10.26 20:10:49.409,1.3283,1.32831,1.00,1.00
2017.10.26 20:10:49.704,1.32832,1.32836,1.91,1.25
2017.10.26 20:10:50.236,1.32833,1.32835,1.25,1.00
2017.10.26 20:10:54.429,1.32831,1.32835,1.87,1.00
2017.10.26 20:10:55.453,1.32833,1.32835,1.00,1.00
2017.10.26 20:10:56.835,1.32829,1.32834,3.75,1.00
2017.10.26 20:10:56.886,1.32829,1.32833,2.25,1.19
2017.10.26 20:10:58.231,1.32828,1.32832,1.25,1.19
2017.10.26 20:10:58.883,1.32826,1.32832,1.69,1.00
2017.10.26 20:10:59.395,1.32826,1.32832,1.69,1.00
2017.10.26 20:10:59.934,1.32826,1.32833,1.69,1.25
2017.10.26 20:11:00.839,1.32826,1.32833,2.44,1.69
2017.10.26 20:11:01.820,1.32828,1.32833,2.85,1.25
2017.10.26 20:11:01.980,1.32831,1.32836,1.19,1.62
2017.10.26 20:11:02.491,1.32831,1.32837,1.44,5.06
2017.10.26 20:11:02.880,1.32829,1.32834,2.62,1.87
2017.10.26 20:11:03.391,1.32828,1.32832,2.06,1.00
2017.10.26 20:11:03.708,1.32828,1.32836,5.62,3.94
2017.10.26 20:11:04.872,1.3283,1.32836,1.19,3.19
2017.10.26 20:11:05.207,1.3283,1.32832,1.19,1.00
2017.10.26 20:11:05.750,1.32829,1.32832,1.19,1.50
2017.10.26 20:11:06.087,1.3283,1.32835,1.37,1.31
2017.10.26 20:11:06.826,1.3283,1.32835,1.37,1.12
2017.10.26 20:11:10.176,1.3283,1.32834,1.44,1.00
2017.10.26 20:11:10.229,1.3283,1.32834,1.19,1.12
2017.10.26 20:11:10.280,1.3283,1.32832,1.25,1.00
2017.10.26 20:11:10.332,1.3283,1.32834,1.19,1.00
2017.10.26 20:11:10.841,1.3283,1.32835,1.44,1.12
2017.10.26 20:11:10.943,1.32827,1.32832,1.25,1.00
2017.10.26 20:11:11.097,1.32825,1.3283,2.62,1.00
2017.10.26 20:11:12.285,1.32829,1.32831,2.10,1.00
2017.10.26 20:11:12.591,1.32829,1.32835,6.22,1.62
2017.10.26 20:11:12.694,1.32831,1.32834,1.25,1.00
2017.10.26 20:11:12.745,1.32829,1.32832,1.19,1.00
2017.10.26 20:11:12.797,1.32827,1.32832,1.37,1.50
2017.10.26 20:11:13.336,1.32827,1.32832,1.25,1.50
2017.10.26 20:11:13.863,1.32828,1.32832,1.00,1.00
2017.10.26 20:11:14.913,1.32828,1.32833,1.00,1.50
2017.10.26 20:11:18.012,1.32828,1.32834,2.44,2.81
2017.10.26 20:11:18.064,1.32829,1.32834,1.24,1.25
2017.10.26 20:11:18.166,1.32832,1.32838,1.31,1.19
2017.10.26 20:11:18.687,1.32833,1.32838,1.00,2.06
2017.10.26 20:11:18.740,1.32833,1.32838,1.19,1.31
2017.10.26 20:11:18.792,1.32835,1.3284,1.00,1.19
2017.10.26 20:11:18.843,1.32836,1.32841,1.00,1.00
2017.10.26 20:11:18.947,1.32838,1.32841,1.00,1.50
2017.10.26 20:11:19.051,1.32835,1.32838,1.00,1.00
2017.10.26 20:11:19.102,1.32834,1.3284,1.50,2.06
2017.10.26 20:11:19.478,1.32835,1.32839,1.00,1.87
2017.10.26 20:11:19.529,1.32833,1.32838,1.50,1.87
2017.10.26 20:11:19.888,1.32838,1.32839,1.00,1.00
2017.10.26 20:11:19.991,1.32839,1.32844,1.25,2.44
2017.10.26 20:11:20.043,1.32839,1.32844,1.81,1.69
2017.10.26 20:11:20.559,1.32842,1.32847,1.00,3.19
2017.10.26 20:11:21.882,1.3284,1.32844,1.00,2.81
2017.10.26 20:11:21.933,1.32838,1.32844,1.00,4.31
2017.10.26 20:11:22.645,1.32838,1.32844,1.00,2.81
2017.10.26 20:11:23.363,1.32839,1.32845,1.00,1.56
2017.10.26 20:11:23.977,1.32838,1.32843,1.00,2.44
2017.10.26 20:11:24.560,1.32838,1.3284,1.00,1.87
2017.10.26 20:11:24.780,1.32833,1.32837,1.00,1.87
2017.10.26 20:11:25.498,1.32831,1.32837,1.31,1.37
2017.10.26 20:11:26.953,1.32833,1.32839,1.19,2.25
2017.10.26 20:11:27.311,1.32833,1.32838,1.69,1.69
2017.10.26 20:11:27.362,1.32833,1.32838,1.69,1.69
2017.10.26 20:11:27.873,1.32833,1.32838,1.69,2.81
2017.10.26 20:11:28.472,1.32833,1.32838,1.69,2.81
2017.10.26 20:11:28.748,1.32833,1.32837,1.00,1.69
2017.10.26 20:11:30.386,1.32833,1.32839,1.91,1.12
2017.10.26 20:11:30.897,1.32836,1.3284,1.00,2.25
2017.10.26 20:11:31.050,1.32837,1.32841,1.19,2.06
2017.10.26 20:11:31.505,1.32837,1.3284,1.00,1.50
2017.10.26 20:11:32.037,1.32836,1.32841,1.25,2.62
2017.10.26 20:11:32.496,1.32836,1.32841,1.25,1.00
2017.10.26 20:11:32.622,1.32838,1.32841,1.00,1.00
2017.10.26 20:11:33.133,1.32837,1.32842,1.25,1.00
2017.10.26 20:11:36.608,1.32836,1.32842,2.06,3.56
2017.10.26 20:11:38.425,1.32837,1.3284,1.00,1.00
2017.10.26 20:11:39.009,1.32835,1.3284,2.06,2.06
2017.10.26 20:11:40.810,1.32835,1.32841,2.44,1.87
2017.10.26 20:11:42.163,1.32841,1.32843,1.19,2.06
2017.10.26 20:11:42.335,1.32841,1.32846,1.19,1.44
2017.10.26 20:11:43.771,1.32841,1.32847,1.50,2.06
2017.10.26 20:11:43.824,1.32843,1.32848,1.19,1.69
2017.10.26 20:11:43.978,1.32844,1.32851,1.44,1.62
2017.10.26 20:11:44.949,1.32845,1.32852,4.12,5.06
2017.10.26 20:11:45.461,1.32845,1.32852,1.87,2.06
2017.10.26 20:11:46.837,1.32845,1.32852,5.25,3.37
2017.10.26 20:11:47.345,1.32848,1.32852,1.19,1.87
2017.10.26 20:11:47.940,1.32848,1.32852,1.00,1.87
2017.10.26 20:11:48.309,1.32848,1.32851,1.00,4.50
2017.10.26 20:11:48.360,1.32845,1.32851,1.25,5.25
2017.10.26 20:11:48.869,1.32845,1.3285,1.25,1.87
2017.10.26 20:11:49.808,1.32845,1.3285,1.19,3.19
2017.10.26 20:11:55.332,1.32843,1.32844,1.00,1.87
2017.10.26 20:11:55.384,1.32841,1.32844,1.00,1.31
2017.10.26 20:11:55.537,1.3284,1.32844,2.25,2.25
2017.10.26 20:11:55.641,1.32834,1.32839,1.69,1.12
2017.10.26 20:11:55.693,1.32834,1.32841,2.81,3.75
2017.10.26 20:11:55.745,1.32836,1.32842,2.06,1.62
2017.10.26 20:11:56.257,1.32837,1.32843,2.62,1.69
2017.10.26 20:11:57.159,1.32838,1.32844,1.31,2.06
2017.10.26 20:11:57.211,1.32838,1.32844,1.31,1.19
2017.10.26 20:11:57.743,1.32839,1.32845,1.69,4.69
2017.10.26 20:11:58.154,1.3284,1.32846,1.44,1.25
2017.10.26 20:11:58.717,1.32839,1.32847,3.00,3.75
2017.10.26 20:11:58.872,1.32842,1.32847,2.44,1.19
2017.10.26 20:11:59.179,1.32846,1.32852,1.19,5.81
2017.10.26 20:11:59.555,1.32847,1.32853,1.19,2.06
2017.10.26 20:11:59.657,1.32849,1.32855,1.25,1.19
2017.10.26 20:12:00.169,1.32848,1.32854,1.12,3.56
2017.10.26 20:12:05.458,1.32849,1.32854,1.19,1.31
2017.10.26 20:12:05.562,1.3285,1.32856,1.25,1.31
2017.10.26 20:12:05.614,1.3285,1.32858,2.81,1.69
2017.10.26 20:12:07.347,1.32852,1.32858,1.00,1.31
2017.10.26 20:12:08.463,1.32852,1.32859,1.19,2.62
2017.10.26 20:12:10.275,1.32853,1.3286,3.00,3.37
2017.10.26 20:12:10.840,1.32855,1.32861,1.19,2.81
2017.10.26 20:12:12.095,1.32856,1.32861,1.25,2.81
2017.10.26 20:12:13.321,1.32855,1.3286,1.25,3.00
2017.10.26 20:12:13.953,1.32856,1.3286,1.87,1.00
2017.10.26 20:12:14.057,1.32857,1.32864,2.06,1.69
2017.10.26 20:12:14.108,1.32859,1.32865,3.00,1.00
2017.10.26 20:12:14.419,1.32864,1.32868,1.25,1.56
2017.10.26 20:12:15.906,1.32864,1.32868,1.25,1.94
2017.10.26 20:12:16.041,1.32861,1.32867,1.56,1.19
2017.10.26 20:12:16.095,1.32863,1.32869,1.19,1.56
2017.10.26 20:12:23.635,1.32863,1.32869,1.00,5.25
2017.10.26 20:12:24.373,1.32863,1.32869,1.00,3.00
2017.10.26 20:12:27.120,1.32861,1.32866,1.00,4.50
2017.10.26 20:12:27.172,1.32859,1.32865,1.12,3.00
2017.10.26 20:12:27.673,1.32859,1.32865,1.12,3.75
2017.10.26 20:12:30.809,1.32859,1.32865,2.66,2.44
2017.10.26 20:12:30.861,1.32862,1.32865,1.50,1.25
2017.10.26 20:12:31.197,1.32864,1.32867,1.00,1.31
2017.10.26 20:12:32.095,1.32864,1.32869,1.00,3.19
2017.10.26 20:12:32.645,1.32863,1.32869,1.50,3.19
2017.10.26 20:12:33.850,1.32863,1.32865,1.00,1.50
2017.10.26 20:12:33.953,1.3286,1.32865,1.00,1.50
2017.10.26 20:12:34.459,1.32859,1.32865,1.00,1.50
2017.10.26 20:12:35.651,1.32859,1.32865,1.00,1.87
2017.10.26 20:12:37.204,1.32859,1.32865,1.00,2.62
2017.10.26 20:12:37.875,1.32859,1.32865,1.00,3.19
2017.10.26 20:12:39.239,1.32858,1.32864,1.50,1.19
2017.10.26 20:12:39.891,1.32859,1.32865,2.29,1.19
2017.10.26 20:12:40.198,1.32862,1.32868,1.00,1.56
2017.10.26 20:12:40.936,1.32862,1.32869,1.00,3.19
2017.10.26 20:12:42.138,1.32864,1.32869,1.00,2.81
2017.10.26 20:12:46.564,1.32863,1.32869,1.00,5.25
2017.10.26 20:12:47.161,1.32864,1.32869,1.00,3.56
2017.10.26 20:12:49.161,1.32862,1.32868,1.50,1.56
2017.10.26 20:12:52.938,1.32861,1.32864,1.00,1.00
2017.10.26 20:12:53.133,1.32862,1.32867,1.00,1.19
2017.10.26 20:12:53.739,1.32863,1.32869,1.00,4.31
2017.10.26 20:12:55.121,1.32863,1.32869,1.00,2.81
2017.10.26 20:12:56.295,1.32864,1.32869,1.00,2.06
2017.10.26 20:12:59.348,1.32863,1.32869,1.00,2.25
2017.10.26 20:12:59.581,1.3286,1.32864,1.00,1.00
2017.10.26 20:12:59.633,1.32862,1.32866,1.00,1.44
2017.10.26 20:12:59.788,1.32863,1.32869,1.25,2.25
2017.10.26 20:13:00.408,1.32861,1.32867,1.50,1.69
2017.10.26 20:13:00.955,1.32862,1.32866,1.00,1.25
2017.10.26 20:13:03.019,1.32862,1.32867,1.00,1.31
2017.10.26 20:13:03.328,1.32858,1.32864,1.00,1.50
2017.10.26 20:13:03.698,1.32865,1.32867,1.00,1.25
2017.10.26 20:13:04.213,1.32865,1.32869,1.00,1.62
2017.10.26 20:13:04.809,1.32865,1.32869,1.00,1.31
2017.10.26 20:13:05.356,1.32866,1.32869,1.00,1.50
2017.10.26 20:13:05.902,1.32865,1.32869,1.00,1.50
2017.10.26 20:13:06.058,1.32861,1.32867,1.50,4.50
2017.10.26 20:13:06.161,1.32862,1.32868,1.69,1.37
2017.10.26 20:13:06.417,1.3286,1.32865,2.25,3.56
2017.10.26 20:13:06.944,1.32861,1.32867,1.69,1.44
2017.10.26 20:13:07.654,1.32862,1.32867,1.00,1.00
2017.10.26 20:13:08.253,1.32861,1.32866,1.37,1.00
2017.10.26 20:13:09.235,1.3286,1.32866,3.56,1.69
2017.10.26 20:13:09.812,1.32861,1.32867,1.31,1.44
2017.10.26 20:13:10.314,1.32861,1.32867,1.31,1.44
2017.10.26 20:13:10.365,1.32861,1.32867,1.31,1.25
2017.10.26 20:13:10.726,1.32861,1.32867,1.69,1.25
2017.10.26 20:13:11.691,1.32865,1.32867,1.25,1.00
2017.10.26 20:13:11.745,1.32868,1.32871,1.00,1.31
2017.10.26 20:13:12.268,1.32867,1.32871,1.00,1.00
2017.10.26 20:13:13.079,1.32867,1.32873,1.00,1.25
2017.10.26 20:13:15.594,1.32868,1.32873,2.06,1.00
2017.10.26 20:13:15.697,1.32867,1.32871,2.62,1.00
2017.10.26 20:13:16.219,1.32867,1.3287,1.19,1.00
2017.10.26 20:13:17.026,1.32867,1.32869,1.19,1.00
2017.10.26 20:13:17.078,1.32863,1.32868,1.44,1.19
2017.10.26 20:13:17.584,1.32863,1.32867,1.00,1.19
2017.10.26 20:13:17.996,1.32863,1.32869,1.69,1.00
2017.10.26 20:13:18.098,1.32863,1.32869,1.69,1.19
2017.10.26 20:13:18.616,1.32863,1.32866,1.00,1.25
2017.10.26 20:13:21.347,1.3286,1.32864,1.87,1.00
2017.10.26 20:13:21.398,1.32861,1.32866,1.25,1.12
2017.10.26 20:13:21.450,1.32864,1.32866,1.00,1.00
2017.10.26 20:13:21.553,1.32863,1.32868,1.19,1.00
2017.10.26 20:13:22.642,1.32862,1.32866,2.62,1.00
2017.10.26 20:13:23.153,1.32863,1.32867,1.50,1.00
2017.10.26 20:13:24.673,1.32862,1.32866,1.37,1.00
2017.10.26 20:13:24.931,1.32858,1.32864,2.81,1.00
2017.10.26 20:13:25.033,1.32858,1.32862,2.81,1.00
2017.10.26 20:13:27.948,1.32857,1.32862,1.69,1.00
2017.10.26 20:13:35.353,1.32857,1.32861,1.69,1.00
2017.10.26 20:13:36.739,1.32857,1.32862,2.44,1.00
2017.10.26 20:13:36.893,1.32857,1.32862,2.25,1.00
2017.10.26 20:13:38.020,1.32857,1.32862,3.97,1.00
2017.10.26 20:13:38.700,1.32859,1.32862,1.25,1.00
2017.10.26 20:13:40.199,1.32858,1.32862,1.87,1.00
2017.10.26 20:13:41.110,1.32858,1.32862,1.87,1.00
2017.10.26 20:13:41.766,1.3286,1.32863,1.44,1.00
2017.10.26 20:13:41.868,1.32861,1.32865,1.00,1.00
2017.10.26 20:13:42.379,1.3286,1.32864,1.12,1.00
2017.10.26 20:13:42.918,1.3286,1.32864,1.87,1.00
2017.10.26 20:13:46.417,1.3286,1.32864,1.00,1.00
2017.10.26 20:13:47.357,1.32859,1.32864,1.50,1.00
2017.10.26 20:13:53.448,1.32858,1.32864,3.00,1.00
2017.10.26 20:13:54.253,1.32859,1.32864,1.12,1.00
2017.10.26 20:13:55.148,1.32858,1.32863,2.25,1.00
2017.10.26 20:13:56.156,1.32856,1.3286,1.87,1.12
2017.10.26 20:13:56.259,1.32857,1.32862,1.25,2.16
2017.10.26 20:13:56.666,1.32857,1.32864,3.94,1.37
2017.10.26 20:13:59.342,1.32858,1.32864,3.56,1.12
2017.10.26 20:13:59.632,1.32858,1.32864,1.87,1.50
2017.10.26 20:14:00.160,1.32858,1.32862,1.25,1.00
2017.10.26 20:14:01.018,1.32858,1.32863,1.25,1.00
2017.10.26 20:14:02.687,1.32858,1.32863,1.50,1.00
2017.10.26 20:14:03.188,1.32858,1.32862,1.44,1.00
2017.10.26 20:14:03.723,1.32858,1.32862,1.25,1.00
2017.10.26 20:14:04.250,1.32859,1.32863,1.25,1.00
2017.10.26 20:14:04.557,1.32859,1.32864,1.19,1.00
2017.10.26 20:14:05.820,1.32862,1.32864,1.00,1.00
2017.10.26 20:14:05.874,1.32863,1.32869,1.72,1.12
2017.10.26 20:14:05.926,1.32864,1.32869,1.50,1.00
2017.10.26 20:14:06.461,1.32864,1.3287,1.50,1.00
2017.10.26 20:14:07.002,1.32866,1.3287,1.00,1.00
2017.10.26 20:14:07.649,1.32863,1.32866,1.00,1.00
2017.10.26 20:14:07.700,1.32861,1.32866,1.50,1.50
2017.10.26 20:14:07.752,1.3286,1.32864,1.69,1.00
2017.10.26 20:14:07.856,1.32862,1.32867,1.37,1.00
2017.10.26 20:14:08.062,1.32863,1.32869,4.16,1.00
2017.10.26 20:14:08.608,1.32864,1.3287,3.75,1.25
2017.10.26 20:14:11.634,1.32866,1.32869,1.00,1.00
2017.10.26 20:14:12.649,1.32864,1.32871,4.12,1.31
2017.10.26 20:14:13.357,1.32866,1.32871,1.31,1.12
2017.10.26 20:14:15.260,1.32866,1.3287,1.31,1.00
2017.10.26 20:14:16.806,1.32866,1.32868,1.19,1.00
2017.10.26 20:14:17.382,1.32866,1.32869,1.19,1.00
2017.10.26 20:14:18.221,1.32863,1.32867,1.69,1.00
2017.10.26 20:14:18.578,1.32861,1.32866,2.06,1.00
2017.10.26 20:14:19.830,1.32861,1.32866,1.87,1.00
2017.10.26 20:14:22.726,1.32863,1.32868,2.81,1.00
2017.10.26 20:14:23.238,1.32864,1.32868,1.12,1.00
2017.10.26 20:14:24.317,1.32864,1.32868,1.44,1.00
2017.10.26 20:14:24.832,1.32864,1.32869,1.56,1.00
2017.10.26 20:14:25.645,1.32865,1.32869,1.44,1.00
2017.10.26 20:14:26.954,1.32865,1.32869,1.25,1.00
2017.10.26 20:14:29.275,1.32865,1.32869,1.44,1.00
2017.10.26 20:14:29.823,1.32864,1.32869,1.87,1.00
2017.10.26 20:14:32.280,1.32864,1.3287,3.94,1.00
2017.10.26 20:14:32.616,1.32867,1.32871,1.00,1.19
2017.10.26 20:14:33.128,1.32865,1.32871,2.44,2.06
2017.10.26 20:14:34.228,1.32865,1.32872,2.25,4.31
2017.10.26 20:14:34.852,1.32867,1.32873,1.25,1.19
2017.10.26 20:14:35.399,1.32867,1.32873,1.69,1.19
2017.10.26 20:14:37.259,1.32867,1.32873,2.44,1.19
2017.10.26 20:14:38.610,1.32867,1.32873,2.44,1.00
2017.10.26 20:14:39.148,1.32867,1.32873,1.69,1.19
2017.10.26 20:14:39.650,1.32866,1.32873,3.00,1.19
2017.10.26 20:14:40.285,1.32864,1.32869,1.25,1.00
2017.10.26 20:14:40.797,1.32864,1.3287,1.25,1.25
2017.10.26 20:14:41.579,1.32866,1.32872,1.12,1.50
2017.10.26 20:14:42.125,1.32866,1.32872,1.69,1.25
2017.10.26 20:14:42.687,1.32866,1.32872,1.69,1.00
2017.10.26 20:14:43.585,1.32867,1.32872,1.00,1.00
2017.10.26 20:14:44.349,1.32867,1.32872,1.00,1.19
2017.10.26 20:14:44.873,1.32868,1.32871,1.25,1.19
2017.10.26 20:14:45.419,1.32867,1.32871,1.25,1.19
2017.10.26 20:14:46.038,1.32866,1.32871,1.69,1.19
2017.10.26 20:14:47.026,1.32865,1.3287,1.00,1.25
2017.10.26 20:14:49.025,1.32865,1.32871,1.31,1.00
2017.10.26 20:14:49.665,1.32866,1.32872,1.00,3.75
2017.10.26 20:14:49.973,1.32865,1.3287,1.25,1.19
2017.10.26 20:14:50.604,1.32863,1.32869,1.00,1.25
2017.10.26 20:14:51.137,1.32863,1.32868,1.00,1.50
2017.10.26 20:14:51.291,1.3286,1.32865,1.25,1.00
2017.10.26 20:14:51.936,1.32858,1.32864,1.69,1.00
2017.10.26 20:14:52.469,1.32857,1.32863,1.31,1.00
2017.10.26 20:14:52.834,1.32859,1.32865,1.31,1.00
2017.10.26 20:14:54.027,1.32859,1.32865,1.31,1.00
2017.10.26 20:14:54.701,1.3286,1.32865,1.25,1.00
2017.10.26 20:14:55.245,1.3286,1.32865,1.19,1.00
2017.10.26 20:14:55.777,1.3286,1.32865,1.25,1.00
2017.10.26 20:14:56.731,1.3286,1.32865,1.19,1.00
2017.10.26 20:14:57.051,1.32863,1.32868,1.19,1.19
2017.10.26 20:14:57.562,1.32863,1.32868,1.25,1.31
2017.10.26 20:14:58.021,1.32864,1.3287,1.00,1.19
2017.10.26 20:14:58.528,1.32864,1.3287,1.31,1.19
2017.10.26 20:14:59.886,1.32864,1.3287,1.69,1.87
2017.10.26 20:14:59.939,1.32862,1.3287,1.31,2.62
2017.10.26 20:14:59.990,1.32861,1.32867,1.69,1.00
2017.10.26 20:15:00.042,1.3286,1.32866,2.06,1.25
2017.10.26 20:15:00.146,1.3286,1.32866,1.19,1.00
2017.10.26 20:15:00.651,1.32861,1.32867,1.25,2.25
2017.10.26 20:15:00.957,1.32859,1.32865,1.19,1.00
2017.10.26 20:15:02.206,1.32859,1.32865,1.69,1.00
2017.10.26 20:15:02.514,1.32861,1.32867,1.19,2.25
2017.10.26 20:15:03.024,1.32861,1.32867,1.69,1.50
2017.10.26 20:15:03.330,1.32861,1.32867,1.69,1.00
2017.10.26 20:15:03.845,1.32862,1.32867,1.25,1.00
2017.10.26 20:15:04.306,1.32863,1.32867,1.44,1.00
2017.10.26 20:15:04.357,1.32864,1.32869,1.72,1.00
2017.10.26 20:15:04.497,1.32864,1.32871,1.67,1.25
2017.10.26 20:15:05.008,1.32864,1.3287,1.00,2.25
2017.10.26 20:15:05.775,1.32864,1.3287,1.00,4.69
2017.10.26 20:15:06.082,1.32862,1.3287,1.69,4.69
2017.10.26 20:15:06.603,1.32862,1.32869,1.50,1.19
2017.10.26 20:15:07.188,1.32862,1.32868,1.12,1.25
2017.10.26 20:15:08.313,1.32865,1.32868,2.10,1.00
2017.10.26 20:15:08.365,1.32867,1.32873,1.60,3.64
2017.10.26 20:15:08.891,1.32867,1.32871,1.00,1.00
2017.10.26 20:15:09.393,1.32867,1.32873,1.00,3.94
2017.10.26 20:15:09.909,1.32867,1.32873,1.19,1.69
2017.10.26 20:15:10.435,1.32867,1.32873,1.44,1.69
2017.10.26 20:15:10.704,1.32866,1.32869,1.00,2.06
2017.10.26 20:15:11.061,1.32863,1.32869,4.50,1.00
2017.10.26 20:15:11.860,1.32862,1.32866,1.25,1.31
2017.10.26 20:15:11.963,1.32857,1.32864,1.12,1.19
2017.10.26 20:15:12.066,1.32858,1.32863,1.19,1.25
2017.10.26 20:15:13.088,1.32858,1.32864,1.69,1.19
2017.10.26 20:15:14.871,1.32858,1.32864,1.69,1.19
2017.10.26 20:15:17.607,1.32858,1.32864,2.66,1.19
2017.10.26 20:15:19.151,1.32859,1.32865,1.25,1.69
2017.10.26 20:15:19.712,1.32859,1.32865,1.19,1.69
2017.10.26 20:15:20.244,1.32858,1.32864,2.44,1.19
2017.10.26 20:15:20.297,1.32857,1.32863,2.47,1.69
2017.10.26 20:15:23.383,1.32855,1.32863,2.44,2.81
2017.10.26 20:15:25.393,1.32855,1.32863,2.44,2.81
2017.10.26 20:15:25.978,1.32857,1.32863,1.00,1.31
2017.10.26 20:15:26.444,1.32855,1.32861,1.50,1.12
2017.10.26 20:15:31.448,1.32855,1.3286,1.00,1.00
2017.10.26 20:15:31.500,1.32853,1.32856,1.00,1.00
2017.10.26 20:15:31.857,1.32853,1.32858,1.31,1.00
2017.10.26 20:15:32.428,1.32853,1.32859,1.31,1.25
2017.10.26 20:15:34.133,1.32852,1.32859,3.22,1.25
2017.10.26 20:15:34.678,1.32852,1.32857,1.69,1.00
2017.10.26 20:15:38.452,1.32855,1.32859,1.00,1.31
2017.10.26 20:15:38.656,1.32853,1.32859,1.25,1.31
2017.10.26 20:15:39.069,1.32853,1.32861,2.44,3.56
2017.10.26 20:15:41.358,1.32853,1.32861,2.44,2.81
2017.10.26 20:15:41.909,1.32855,1.32861,1.69,1.69
2017.10.26 20:15:42.012,1.32855,1.32863,2.44,3.56
2017.10.26 20:15:42.565,1.32855,1.32863,1.69,1.56
2017.10.26 20:15:47.801,1.32858,1.32864,1.00,6.56
2017.10.26 20:15:48.312,1.32859,1.32865,1.00,1.50
2017.10.26 20:15:48.846,1.32859,1.32865,1.19,1.87
2017.10.26 20:15:49.607,1.32859,1.32865,1.69,1.19
2017.10.26 20:15:50.191,1.32859,1.32865,1.69,1.19
2017.10.26 20:15:53.882,1.32858,1.32866,1.19,2.62
2017.10.26 20:15:54.432,1.3286,1.32866,1.25,2.06
2017.10.26 20:15:56.370,1.32865,1.32867,1.25,4.31
2017.10.26 20:15:56.524,1.32866,1.32871,1.00,1.62
2017.10.26 20:15:57.073,1.32866,1.32872,1.00,1.69
2017.10.26 20:15:57.600,1.32865,1.3287,1.00,1.00
2017.10.26 20:16:00.306,1.32868,1.32873,1.35,1.56
2017.10.26 20:16:00.614,1.3287,1.32873,1.00,1.00
2017.10.26 20:16:01.146,1.32869,1.32875,1.69,3.19
2017.10.26 20:16:01.704,1.3287,1.32877,1.00,1.56
2017.10.26 20:16:02.011,1.32873,1.32878,1.00,1.87
2017.10.26 20:16:08.739,1.32873,1.32878,1.00,1.25
2017.10.26 20:16:10.579,1.32874,1.32879,1.00,1.56
2017.10.26 20:16:13.067,1.32874,1.32877,1.00,1.12
2017.10.26 20:16:13.244,1.3287,1.32876,1.00,1.31
2017.10.26 20:16:13.769,1.32868,1.32876,2.25,2.06
2017.10.26 20:16:14.278,1.32868,1.32876,2.25,2.06
2017.10.26 20:16:18.411,1.32872,1.32876,1.00,1.31
2017.10.26 20:16:18.920,1.32873,1.32878,1.00,1.31
2017.10.26 20:16:19.459,1.32874,1.32878,1.00,1.31
2017.10.26 20:16:23.252,1.32873,1.32879,1.25,1.56
2017.10.26 20:16:31.365,1.32877,1.32879,2.10,1.56
2017.10.26 20:16:31.638,1.32886,1.3289,1.50,1.19
2017.10.26 20:16:31.690,1.32888,1.32893,1.00,1.87
2017.10.26 20:16:32.554,1.32888,1.32894,1.00,3.37
2017.10.26 20:16:34.073,1.32887,1.32893,1.00,1.50
2017.10.26 20:16:35.173,1.32888,1.32894,1.00,2.62
2017.10.26 20:16:39.621,1.3289,1.32896,1.00,2.51
2017.10.26 20:16:39.676,1.32889,1.32895,2.06,1.12
2017.10.26 20:16:39.884,1.32887,1.32894,1.50,1.37
2017.10.26 20:16:40.657,1.32889,1.32895,1.25,1.31
2017.10.26 20:16:40.830,1.32892,1.32898,1.00,2.06
2017.10.26 20:16:40.882,1.32894,1.329,1.00,2.44
2017.10.26 20:16:42.098,1.32892,1.32895,1.00,1.37
2017.10.26 20:16:42.150,1.32887,1.32894,1.19,1.56
2017.10.26 20:16:42.665,1.32885,1.32894,3.00,1.56
2017.10.26 20:16:43.185,1.32885,1.32893,1.50,1.31
2017.10.26 20:16:43.830,1.32888,1.32893,1.25,1.25
2017.10.26 20:16:44.336,1.3289,1.32894,1.00,1.00
2017.10.26 20:16:46.064,1.3289,1.32894,1.19,1.00
2017.10.26 20:16:46.569,1.3289,1.32895,1.19,1.69
2017.10.26 20:16:47.141,1.3289,1.32894,1.19,1.00
2017.10.26 20:16:47.398,1.32889,1.32895,1.00,2.44
2017.10.26 20:16:47.909,1.32888,1.32894,4.69,1.12
2017.10.26 20:16:48.634,1.32888,1.32895,4.69,2.44
2017.10.26 20:16:49.007,1.3289,1.32895,1.00,1.25
2017.10.26 20:16:50.042,1.3289,1.32896,1.69,1.69
2017.10.26 20:16:50.995,1.3289,1.32897,1.69,3.19
2017.10.26 20:16:51.637,1.3289,1.32897,1.69,5.44
2017.10.26 20:16:53.015,1.3289,1.32897,2.06,3.94
2017.10.26 20:16:53.322,1.32894,1.32899,1.00,1.69
2017.10.26 20:16:53.863,1.32892,1.32898,1.50,1.25
2017.10.26 20:16:54.223,1.32892,1.32898,1.31,1.25
2017.10.26 20:16:54.427,1.32892,1.32898,1.25,1.25
2017.10.26 20:16:55.518,1.32891,1.32897,1.31,1.00
2017.10.26 20:16:55.875,1.3289,1.32896,2.81,1.50
2017.10.26 20:16:56.543,1.3289,1.32895,2.44,1.00
2017.10.26 20:16:57.112,1.3289,1.32895,1.69,1.00
2017.10.26 20:16:57.652,1.3289,1.32896,1.69,1.00
2017.10.26 20:16:58.284,1.3289,1.32896,1.69,1.00
2017.10.26 20:17:00.741,1.3289,1.32896,2.44,1.00
2017.10.26 20:17:01.253,1.3289,1.32896,1.69,1.00
2017.10.26 20:17:01.872,1.3289,1.32895,2.81,1.00
2017.10.26 20:17:02.399,1.32891,1.32895,1.00,1.00
2017.10.26 20:17:03.594,1.32888,1.32894,1.44,1.00
2017.10.26 20:17:04.158,1.32893,1.32897,1.54,1.00
2017.10.26 20:17:04.211,1.32893,1.32899,2.66,1.50
2017.10.26 20:17:04.712,1.32894,1.32899,1.69,1.00
2017.10.26 20:17:05.223,1.32894,1.32899,1.69,1.00
2017.10.26 20:17:05.758,1.32894,1.329,2.06,1.69
2017.10.26 20:17:06.019,1.32896,1.32901,1.00,1.00
2017.10.26 20:17:11.034,1.32896,1.32902,1.25,2.44
2017.10.26 20:17:12.553,1.32897,1.32902,1.00,1.69
2017.10.26 20:17:13.084,1.32896,1.32902,1.69,1.25
2017.10.26 20:17:13.616,1.32897,1.32902,1.00,1.25
2017.10.26 20:17:13.873,1.32895,1.329,1.00,1.00
2017.10.26 20:17:14.128,1.32893,1.32899,1.12,1.00
2017.10.26 20:17:19.872,1.32892,1.32898,1.87,1.50
2017.10.26 20:17:21.125,1.32892,1.32898,1.87,1.00
2017.10.26 20:17:21.662,1.32892,1.32898,1.31,1.00
2017.10.26 20:17:26.152,1.32892,1.32898,1.31,1.00
2017.10.26 20:17:26.864,1.32893,1.32899,1.31,1.25
2017.10.26 20:17:28.451,1.32893,1.32899,1.19,1.25
2017.10.26 20:17:29.331,1.32893,1.32899,1.00,1.25
2017.10.26 20:17:30.894,1.32893,1.32898,1.00,1.00
2017.10.26 20:17:31.404,1.32894,1.32899,1.00,2.44
2017.10.26 20:17:38.521,1.3289,1.32894,1.87,1.69
2017.10.26 20:17:39.030,1.32889,1.32894,1.25,1.25
2017.10.26 20:17:42.177,1.32888,1.32894,3.75,1.25
2017.10.26 20:17:47.472,1.32889,1.32894,1.00,1.25
2017.10.26 20:17:49.885,1.32888,1.32894,3.75,1.25
2017.10.26 20:17:52.622,1.32889,1.32893,1.00,2.25
2017.10.26 20:17:52.929,1.32889,1.32895,2.25,1.25
2017.10.26 20:17:53.449,1.32892,1.32899,1.25,1.69
2017.10.26 20:17:53.602,1.32892,1.32899,1.25,1.25
2017.10.26 20:17:53.653,1.32894,1.32899,1.00,1.25
2017.10.26 20:17:59.029,1.32895,1.329,1.00,1.19
2017.10.26 20:17:59.547,1.32894,1.329,1.25,1.19
2017.10.26 20:18:00.194,1.32895,1.32901,1.00,4.12
2017.10.26 20:18:02.293,1.32894,1.329,1.00,1.69
2017.10.26 20:18:06.122,1.32892,1.32898,1.00,1.00
2017.10.26 20:18:08.032,1.32892,1.32898,1.00,1.19
2017.10.26 20:18:16.796,1.32888,1.32892,1.37,1.00
2017.10.26 20:18:16.899,1.32886,1.32892,1.69,2.06
2017.10.26 20:18:17.411,1.32887,1.32892,1.00,2.06
2017.10.26 20:18:27.403,1.32888,1.32893,1.00,1.19
2017.10.26 20:18:29.838,1.32887,1.32893,1.50,1.69
2017.10.26 20:18:29.942,1.3289,1.32897,1.69,6.00
2017.10.26 20:18:30.045,1.32891,1.32897,1.00,1.25
2017.10.26 20:18:30.148,1.32893,1.32899,1.00,1.31
2017.10.26 20:18:30.670,1.32895,1.32901,1.00,2.81
2017.10.26 20:18:31.539,1.32896,1.32901,1.00,1.19
2017.10.26 20:18:36.104,1.32895,1.32901,1.00,1.69
2017.10.26 20:18:40.565,1.32894,1.32899,1.00,1.19
2017.10.26 20:18:45.200,1.32896,1.32903,2.25,5.25
2017.10.26 20:18:45.252,1.32898,1.32904,1.69,1.19
2017.10.26 20:18:45.559,1.32899,1.32906,1.25,1.31
2017.10.26 20:18:45.916,1.329,1.32906,1.19,1.31
2017.10.26 20:18:46.222,1.32901,1.32907,1.19,1.69
2017.10.26 20:18:46.544,1.329,1.32906,2.62,1.31
2017.10.26 20:18:47.462,1.329,1.32906,1.69,1.31
2017.10.26 20:18:51.020,1.329,1.32906,2.06,1.31
2017.10.26 20:18:52.164,1.329,1.32906,3.75,1.25
2017.10.26 20:18:53.605,1.329,1.32906,3.37,1.25
2017.10.26 20:19:06.103,1.32899,1.32904,2.44,1.00
2017.10.26 20:19:06.639,1.32899,1.32905,1.87,1.00
2017.10.26 20:19:10.995,1.329,1.32906,1.19,1.50
2017.10.26 20:19:11.913,1.329,1.32905,1.19,1.00
2017.10.26 20:19:12.625,1.329,1.32906,1.19,1.50
2017.10.26 20:19:19.283,1.32901,1.32908,1.19,5.06
2017.10.26 20:19:23.964,1.32902,1.32907,1.19,2.81
2017.10.26 20:19:24.561,1.32902,1.32907,1.19,2.62
2017.10.26 20:19:25.103,1.32902,1.32907,1.19,2.81
2017.10.26 20:19:34.364,1.32902,1.32907,1.19,1.56
2017.10.26 20:19:34.415,1.32902,1.32907,1.19,2.06
2017.10.26 20:19:35.131,1.32902,1.32907,1.19,3.56
2017.10.26 20:19:36.715,1.32902,1.32906,1.19,1.31
2017.10.26 20:19:42.476,1.329,1.32904,1.31,1.12
2017.10.26 20:19:42.527,1.32899,1.32904,1.50,1.72
2017.10.26 20:19:43.038,1.329,1.32905,1.87,3.56
2017.10.26 20:19:45.859,1.329,1.32903,1.12,1.00
2017.10.26 20:19:46.461,1.329,1.32904,1.50,1.12
2017.10.26 20:19:56.171,1.329,1.32905,1.00,3.04
2017.10.26 20:19:56.696,1.32899,1.32904,2.25,1.00
2017.10.26 20:19:57.341,1.329,1.32904,1.00,1.00
2017.10.26 20:20:03.067,1.32901,1.32905,1.00,2.81
2017.10.26 20:20:06.263,1.32901,1.32906,1.19,2.06
2017.10.26 20:20:06.796,1.32901,1.32906,1.19,2.06
2017.10.26 20:20:07.003,1.32901,1.32906,1.00,2.06
2017.10.26 20:20:08.076,1.32901,1.32906,1.19,1.31
2017.10.26 20:20:09.664,1.329,1.32905,2.81,4.31
2017.10.26 20:20:10.928,1.32901,1.32906,1.92,1.31
2017.10.26 20:20:11.339,1.32902,1.32907,1.05,2.44
2017.10.26 20:20:12.386,1.32902,1.32907,1.17,2.44
2017.10.26 20:20:14.705,1.32902,1.32908,1.81,3.75
2017.10.26 20:20:17.728,1.32903,1.32907,1.00,1.62
2017.10.26 20:20:18.927,1.32905,1.32908,1.25,1.00
2017.10.26 20:20:19.235,1.32908,1.32913,1.19,2.06
2017.10.26 20:20:26.031,1.3291,1.32915,1.19,6.19
2017.10.26 20:20:27.192,1.3291,1.32915,1.19,4.12
2017.10.26 20:20:32.875,1.32908,1.32914,1.19,2.06
2017.10.26 20:20:33.388,1.32908,1.32913,1.19,1.31
2017.10.26 20:20:34.470,1.32908,1.32913,1.00,1.50
2017.10.26 20:20:35.990,1.32911,1.32914,1.54,1.00
2017.10.26 20:20:36.096,1.32908,1.32914,1.19,1.25
2017.10.26 20:20:36.148,1.32907,1.32915,1.50,3.37
2017.10.26 20:20:36.200,1.32909,1.32915,1.25,3.37
2017.10.26 20:20:36.354,1.32908,1.32915,1.19,4.12
2017.10.26 20:20:36.609,1.32909,1.32915,1.12,1.69
2017.10.26 20:20:36.814,1.32911,1.32916,1.19,1.19
2017.10.26 20:20:36.922,1.32911,1.32916,1.19,1.00
2017.10.26 20:20:37.128,1.32912,1.32918,1.25,3.00
2017.10.26 20:20:43.741,1.3291,1.32914,1.12,1.00
2017.10.26 20:20:43.844,1.32909,1.32917,1.19,2.06
2017.10.26 20:20:44.355,1.32911,1.32917,1.00,1.19
2017.10.26 20:20:44.556,1.32911,1.32917,1.19,1.19
2017.10.26 20:20:45.060,1.32912,1.32917,1.00,1.19
2017.10.26 20:20:45.572,1.32909,1.32915,1.19,1.50
2017.10.26 20:20:46.083,1.32909,1.32915,1.19,1.00
2017.10.26 20:20:46.616,1.32909,1.32916,1.19,2.44
2017.10.26 20:20:48.470,1.32908,1.32913,1.19,1.00
2017.10.26 20:20:49.019,1.3291,1.32916,1.25,4.50
2017.10.26 20:20:49.227,1.3291,1.32916,1.25,2.44
2017.10.26 20:20:49.279,1.32913,1.32917,1.19,1.19
2017.10.26 20:20:49.331,1.32913,1.32919,1.19,2.44
2017.10.26 20:20:57.355,1.32916,1.32921,1.00,5.62
2017.10.26 20:20:57.661,1.32916,1.32921,1.00,2.06
2017.10.26 20:20:58.255,1.32914,1.32921,1.19,1.50
2017.10.26 20:20:58.765,1.32916,1.32921,1.00,1.69
2017.10.26 20:21:01.370,1.32917,1.32922,1.00,1.31
2017.10.26 20:21:01.473,1.32915,1.32919,1.00,1.00
2017.10.26 20:21:02.078,1.32914,1.32919,1.00,1.00
2017.10.26 20:21:02.442,1.32914,1.32921,1.00,1.12
2017.10.26 20:21:02.965,1.32915,1.32921,1.00,1.25
2017.10.26 20:21:03.480,1.32916,1.32923,1.25,2.25
2017.10.26 20:21:03.862,1.32914,1.3292,4.69,1.00
2017.10.26 20:21:04.267,1.32913,1.32918,1.31,1.00
2017.10.26 20:21:05.526,1.32913,1.32918,1.69,1.00
2017.10.26 20:21:12.809,1.32913,1.32919,2.06,1.25
2017.10.26 20:21:13.318,1.32913,1.32919,2.06,1.19
2017.10.26 20:21:13.852,1.32912,1.32919,4.31,1.00
2017.10.26 20:21:14.487,1.32912,1.32918,3.56,1.00
2017.10.26 20:21:16.406,1.32912,1.32917,3.56,1.00
2017.10.26 20:21:17.267,1.32912,1.32918,4.31,1.00
2017.10.26 20:21:22.974,1.3291,1.32915,1.25,1.12
2017.10.26 20:21:23.217,1.32908,1.32914,1.12,1.00
2017.10.26 20:21:23.268,1.32908,1.32913,1.44,1.00
2017.10.26 20:21:23.320,1.32908,1.32913,1.12,1.00
2017.10.26 20:21:23.423,1.3291,1.32914,1.19,1.00
2017.10.26 20:21:23.474,1.32908,1.32913,1.50,1.00
2017.10.26 20:21:23.525,1.32908,1.32914,1.12,1.00
2017.10.26 20:21:23.577,1.32907,1.32913,6.94,1.00
2017.10.26 20:21:24.167,1.32907,1.32913,3.94,1.00
2017.10.26 20:21:24.269,1.32908,1.32914,3.94,1.00
2017.10.26 20:21:24.671,1.32908,1.32914,1.56,1.00
2017.10.26 20:21:24.723,1.32909,1.32913,1.25,1.00
2017.10.26 20:21:24.826,1.32909,1.32915,1.50,1.00
2017.10.26 20:21:24.878,1.32909,1.32915,1.44,1.00
2017.10.26 20:21:25.250,1.32909,1.32915,1.87,1.00
2017.10.26 20:21:25.352,1.32909,1.32915,1.69,1.00
2017.10.26 20:21:25.658,1.32909,1.32915,1.50,1.00
2017.10.26 20:21:25.761,1.32909,1.32915,1.87,1.00
2017.10.26 20:21:25.813,1.32909,1.32915,2.25,1.00
2017.10.26 20:21:25.915,1.32909,1.32916,1.44,1.12
2017.10.26 20:21:26.172,1.32912,1.32918,1.00,1.69
2017.10.26 20:21:27.514,1.3291,1.32916,2.62,1.00
2017.10.26 20:21:27.875,1.3291,1.32916,1.44,1.00
2017.10.26 20:21:28.006,1.32909,1.32915,2.25,1.00
2017.10.26 20:21:28.058,1.32911,1.32917,1.00,1.69
2017.10.26 20:21:28.160,1.32911,1.32917,1.19,1.69
2017.10.26 20:21:28.263,1.32911,1.32917,1.00,2.06
2017.10.26 20:21:28.468,1.32911,1.32917,1.19,1.31
2017.10.26 20:21:28.570,1.32911,1.32917,1.00,1.12
2017.10.26 20:21:28.724,1.3291,1.32918,1.31,2.44
2017.10.26 20:21:28.827,1.32909,1.32918,1.69,2.44
2017.10.26 20:21:29.234,1.3291,1.32918,1.31,2.44
2017.10.26 20:21:29.336,1.3291,1.32918,1.12,2.44
2017.10.26 20:21:29.576,1.3291,1.32918,1.44,2.44
2017.10.26 20:21:29.627,1.3291,1.32918,1.31,1.69
2017.10.26 20:21:29.831,1.32911,1.32917,1.19,1.31
2017.10.26 20:21:29.933,1.32911,1.32917,1.00,1.12
2017.10.26 20:21:30.385,1.32912,1.32918,1.19,2.62
2017.10.26 20:21:30.487,1.32911,1.32918,1.00,2.06
2017.10.26 20:21:30.950,1.32911,1.32918,1.19,2.06
2017.10.26 20:21:31.053,1.32911,1.32918,1.00,2.06
2017.10.26 20:21:31.365,1.32911,1.32918,1.44,2.25
2017.10.26 20:21:31.519,1.32911,1.32919,1.87,3.00
2017.10.26 20:21:31.571,1.32911,1.32918,1.44,1.00
2017.10.26 20:21:31.725,1.32911,1.32919,2.25,3.00
2017.10.26 20:21:31.829,1.32911,1.32919,1.44,2.62
2017.10.26 20:21:32.341,1.32911,1.32919,1.44,1.87
2017.10.26 20:21:33.226,1.32916,1.3292,1.19,1.12
2017.10.26 20:21:33.483,1.32915,1.32922,4.12,1.25
2017.10.26 20:21:33.993,1.32916,1.32922,1.19,1.69
2017.10.26 20:21:34.512,1.32916,1.32922,1.19,1.25
2017.10.26 20:21:35.056,1.32914,1.3292,1.19,1.00
2017.10.26 20:21:35.262,1.32914,1.3292,1.00,1.69
2017.10.26 20:21:35.772,1.32913,1.32919,1.00,1.25
2017.10.26 20:21:36.697,1.32913,1.32919,1.00,1.37
2017.10.26 20:21:40.760,1.32913,1.32919,1.00,1.31
2017.10.26 20:21:41.040,1.32913,1.32919,1.00,2.44
2017.10.26 20:21:41.658,1.32913,1.32918,1.00,1.50
2017.10.26 20:21:43.555,1.32913,1.32917,1.00,1.25
2017.10.26 20:21:44.809,1.32912,1.32917,1.00,1.25
2017.10.26 20:21:45.463,1.32912,1.32918,1.00,1.12
2017.10.26 20:21:45.817,1.32914,1.32921,1.25,1.31
2017.10.26 20:21:45.870,1.32916,1.32922,1.00,2.25
2017.10.26 20:21:46.380,1.32915,1.32921,1.00,1.69
2017.10.26 20:21:46.888,1.32915,1.32921,1.00,1.69
2017.10.26 20:21:48.488,1.32915,1.32921,1.00,2.44
2017.10.26 20:21:49.924,1.32914,1.32921,1.00,1.50
2017.10.26 20:21:50.231,1.32913,1.32919,1.00,3.37
2017.10.26 20:21:50.750,1.32912,1.32918,1.00,1.25
2017.10.26 20:21:51.299,1.32912,1.32918,1.00,1.19
2017.10.26 20:21:51.659,1.3291,1.32916,1.00,1.25
2017.10.26 20:21:53.760,1.3291,1.32916,1.00,1.69
2017.10.26 20:21:54.414,1.32909,1.32916,1.00,1.69
2017.10.26 20:21:54.955,1.32909,1.32916,1.00,1.69
2017.10.26 20:21:55.456,1.32909,1.32916,1.00,1.69
2017.10.26 20:21:56.249,1.32909,1.32916,1.00,1.50
2017.10.26 20:21:56.759,1.32909,1.32916,1.44,1.69
2017.10.26 20:21:57.295,1.32909,1.32916,1.25,2.44
2017.10.26 20:21:57.461,1.32908,1.32912,1.00,1.00
2017.10.26 20:21:59.676,1.32907,1.32912,1.25,1.00
2017.10.26 20:22:00.363,1.32908,1.32912,1.25,1.00
2017.10.26 20:22:04.452,1.32907,1.32911,1.31,1.00
2017.10.26 20:22:05.014,1.32907,1.32911,1.31,1.00
2017.10.26 20:22:07.137,1.32907,1.32911,1.69,1.00
2017.10.26 20:22:07.862,1.32907,1.32911,1.69,1.00
2017.10.26 20:22:08.270,1.32905,1.32909,1.00,1.00
2017.10.26 20:22:08.821,1.32905,1.3291,1.00,1.00
2017.10.26 20:22:09.355,1.32904,1.3291,1.75,1.00
2017.10.26 20:22:09.862,1.32905,1.3291,1.00,1.00
2017.10.26 20:22:11.012,1.32905,1.32908,1.00,1.00
2017.10.26 20:22:11.518,1.32903,1.32908,3.75,1.00
2017.10.26 20:22:12.788,1.32902,1.32908,1.69,1.00
2017.10.26 20:22:13.312,1.32902,1.32907,1.25,1.00
2017.10.26 20:22:15.691,1.32903,1.32907,1.25,1.00
2017.10.26 20:22:17.099,1.32901,1.32907,1.19,1.00
2017.10.26 20:22:17.828,1.329,1.32905,1.87,1.00
2017.10.26 20:22:17.931,1.329,1.32905,1.87,1.00
2017.10.26 20:22:18.288,1.329,1.32903,1.87,1.00
2017.10.26 20:22:19.229,1.32899,1.32903,1.87,1.00
2017.10.26 20:22:19.781,1.329,1.32903,1.12,1.00
2017.10.26 20:22:20.299,1.32899,1.32903,1.87,1.00
2017.10.26 20:22:22.227,1.329,1.32903,1.12,1.00
2017.10.26 20:22:23.152,1.32899,1.32903,1.87,1.00
2017.10.26 20:22:23.826,1.329,1.32903,1.12,1.00
2017.10.26 20:22:25.911,1.32899,1.32903,1.87,1.00
2017.10.26 20:22:26.443,1.329,1.32903,1.12,1.00
2017.10.26 20:22:27.180,1.32899,1.32903,1.50,1.00
2017.10.26 20:22:27.941,1.329,1.32903,1.87,1.00
2017.10.26 20:22:29.369,1.329,1.32903,1.87,1.00
2017.10.26 20:22:33.521,1.32899,1.32901,1.00,1.00
2017.10.26 20:22:33.572,1.32897,1.329,1.25,1.00
2017.10.26 20:22:35.366,1.32896,1.329,1.25,1.00
2017.10.26 20:22:35.906,1.32895,1.32899,1.50,1.00
2017.10.26 20:22:36.008,1.32893,1.32897,1.44,1.00
2017.10.26 20:22:36.059,1.32892,1.32896,2.06,1.00
2017.10.26 20:22:36.588,1.32891,1.32895,1.44,1.00
2017.10.26 20:22:37.104,1.3289,1.32895,2.81,1.00
2017.10.26 20:22:40.033,1.3289,1.32894,1.50,1.00
2017.10.26 20:22:40.084,1.32892,1.32896,1.12,1.00
2017.10.26 20:22:40.392,1.32886,1.3289,1.69,1.00
2017.10.26 20:22:40.885,1.32888,1.32893,1.62,1.00
2017.10.26 20:22:41.429,1.32889,1.32893,2.81,1.00
2017.10.26 20:22:42.460,1.32889,1.32893,2.06,1.00
2017.10.26 20:22:43.478,1.32889,1.32894,2.06,1.00
2017.10.26 20:22:43.785,1.3289,1.32894,1.19,1.00
2017.10.26 20:22:44.109,1.3289,1.32894,1.25,1.00
2017.10.26 20:22:45.360,1.32889,1.32894,1.31,1.00
2017.10.26 20:22:45.998,1.32889,1.32894,1.69,1.00
2017.10.26 20:22:46.844,1.3289,1.32893,1.31,1.00
2017.10.26 20:22:48.638,1.32891,1.32895,1.00,1.00
2017.10.26 20:22:48.740,1.32893,1.32899,1.31,1.00
2017.10.26 20:22:48.877,1.32895,1.329,3.19,1.00
2017.10.26 20:22:49.547,1.32896,1.32901,1.31,1.00
2017.10.26 20:22:50.063,1.32896,1.32902,1.31,1.00
2017.10.26 20:22:50.685,1.32896,1.32901,1.12,1.00
2017.10.26 20:22:51.343,1.32896,1.329,1.00,1.00
2017.10.26 20:22:53.381,1.32895,1.329,1.25,1.00
2017.10.26 20:22:53.690,1.32891,1.32896,1.37,1.00
2017.10.26 20:22:54.260,1.3289,1.32895,3.00,1.00
2017.10.26 20:22:54.416,1.3289,1.32895,1.50,1.00
2017.10.26 20:22:54.953,1.3289,1.32895,1.87,1.00
2017.10.26 20:22:55.656,1.3289,1.32895,2.25,1.00
2017.10.26 20:22:56.068,1.3289,1.32895,1.87,1.00
2017.10.26 20:22:56.170,1.3289,1.32895,1.87,1.00
2017.10.26 20:22:56.454,1.32891,1.32897,1.19,1.00
2017.10.26 20:22:56.963,1.32891,1.32897,2.06,1.00
2017.10.26 20:22:57.548,1.32891,1.32897,1.19,1.00
2017.10.26 20:22:57.762,1.3289,1.32897,1.81,1.00
2017.10.26 20:22:58.271,1.32891,1.32897,1.69,1.00
2017.10.26 20:22:58.895,1.3289,1.32897,5.62,1.00
2017.10.26 20:22:59.540,1.32891,1.32897,1.31,1.00
2017.10.26 20:22:59.881,1.32891,1.32897,1.19,1.00
2017.10.26 20:23:00.918,1.32892,1.32897,1.19,1.00
2017.10.26 20:23:01.224,1.32892,1.32897,1.00,1.00
2017.10.26 20:23:01.954,1.32891,1.32897,3.19,1.00
2017.10.26 20:23:02.209,1.32891,1.32897,1.25,1.00
2017.10.26 20:23:02.313,1.32891,1.32897,1.69,1.00
2017.10.26 20:23:02.854,1.32891,1.32897,2.44,1.00
2017.10.26 20:23:03.300,1.32894,1.32899,1.31,1.00
2017.10.26 20:23:03.352,1.32896,1.329,1.25,1.00
2017.10.26 20:23:03.761,1.32896,1.32903,2.44,1.25
2017.10.26 20:23:04.271,1.32896,1.32903,2.44,1.25
2017.10.26 20:23:04.708,1.32896,1.32901,1.19,1.00
2017.10.26 20:23:04.913,1.32894,1.329,4.12,1.00
2017.10.26 20:23:05.081,1.32895,1.329,1.44,1.00
2017.10.26 20:23:05.595,1.32895,1.329,1.87,1.00
2017.10.26 20:23:07.160,1.32895,1.329,1.00,1.00
2017.10.26 20:23:08.127,1.32895,1.329,1.50,1.00
2017.10.26 20:23:08.398,1.32893,1.32898,1.00,1.00
2017.10.26 20:23:08.551,1.32892,1.32896,1.69,1.00
2017.10.26 20:23:09.355,1.3289,1.32896,2.25,1.00
2017.10.26 20:23:09.545,1.3289,1.32896,3.00,1.00
2017.10.26 20:23:10.350,1.3289,1.32897,3.00,1.25
2017.10.26 20:23:10.656,1.32891,1.32895,1.00,1.00
2017.10.26 20:23:11.330,1.3289,1.32895,1.50,1.00
2017.10.26 20:23:11.951,1.3289,1.32895,2.25,1.00
2017.10.26 20:23:13.557,1.3289,1.32895,1.87,1.00
2017.10.26 20:23:14.134,1.3289,1.32895,1.87,1.00
2017.10.26 20:23:16.564,1.3289,1.32895,1.50,1.00
2017.10.26 20:23:17.658,1.3289,1.32895,1.87,1.00
2017.10.26 20:23:17.875,1.3289,1.32895,1.12,1.00
2017.10.26 20:23:18.129,1.32891,1.32895,1.19,1.00
2017.10.26 20:23:18.977,1.32891,1.32895,1.25,1.00
2017.10.26 20:23:19.488,1.32891,1.32895,1.19,1.00
2017.10.26 20:23:20.888,1.32891,1.32895,1.25,1.00
2017.10.26 20:23:21.158,1.32891,1.32897,1.19,1.00
2017.10.26 20:23:21.700,1.32891,1.32897,1.00,1.00
2017.10.26 20:23:23.230,1.32891,1.32897,1.19,1.00
2017.10.26 20:23:24.709,1.32891,1.32897,1.25,1.00
2017.10.26 20:23:25.359,1.32892,1.32897,1.00,1.00
2017.10.26 20:23:25.862,1.3289,1.32897,7.12,1.00
2017.10.26 20:23:26.029,1.3289,1.32896,2.25,1.00
2017.10.26 20:23:26.182,1.3289,1.32896,4.87,1.00
2017.10.26 20:23:26.710,1.3289,1.32896,5.62,1.00
2017.10.26 20:23:27.369,1.32891,1.32896,1.37,1.00
2017.10.26 20:23:27.838,1.32891,1.32898,1.81,1.25
2017.10.26 20:23:27.890,1.32891,1.32896,1.81,1.00
2017.10.26 20:23:29.402,1.32892,1.32897,1.25,1.00
2017.10.26 20:23:32.745,1.32892,1.32896,1.19,1.00
2017.10.26 20:23:33.303,1.32892,1.32896,1.25,1.00
2017.10.26 20:23:33.826,1.32893,1.32896,1.00,1.00
2017.10.26 20:23:34.336,1.32893,1.32897,1.25,1.00
2017.10.26 20:23:34.872,1.32894,1.32897,1.25,1.00
2017.10.26 20:23:35.400,1.32892,1.32897,2.06,1.00
2017.10.26 20:23:35.808,1.32893,1.32899,1.12,1.00
2017.10.26 20:23:36.351,1.32895,1.329,1.31,1.00
2017.10.26 20:23:37.537,1.32896,1.32901,1.25,1.00
2017.10.26 20:23:38.440,1.32895,1.32901,3.19,1.00
2017.10.26 20:23:38.947,1.32895,1.32901,1.31,1.00
2017.10.26 20:23:41.040,1.32895,1.32901,3.56,1.00
2017.10.26 20:23:41.575,1.32895,1.32901,6.56,1.00
2017.10.26 20:23:42.424,1.32896,1.32903,4.31,1.25
2017.10.26 20:23:42.957,1.32896,1.32902,1.69,1.00
2017.10.26 20:23:43.680,1.32896,1.32902,1.50,1.00
2017.10.26 20:23:44.186,1.32896,1.32902,1.31,1.00
2017.10.26 20:23:45.223,1.32896,1.32902,1.69,1.00
2017.10.26 20:23:46.716,1.32896,1.32902,1.69,1.00
2017.10.26 20:23:47.685,1.32896,1.32902,1.31,1.00
2017.10.26 20:23:48.667,1.32896,1.32902,1.31,1.00
2017.10.26 20:23:51.008,1.32896,1.32901,1.69,1.00
2017.10.26 20:23:52.382,1.32896,1.32901,1.69,1.00
2017.10.26 20:23:52.910,1.32896,1.32901,1.56,1.00
2017.10.26 20:23:53.442,1.32896,1.32901,1.25,1.00
2017.10.26 20:23:54.509,1.32897,1.32901,1.00,1.00
2017.10.26 20:23:57.400,1.32895,1.32901,2.06,1.00
2017.10.26 20:23:58.371,1.32895,1.32902,2.81,1.00
2017.10.26 20:23:59.463,1.32897,1.32902,1.19,1.00
2017.10.26 20:23:59.971,1.32897,1.32902,1.25,1.00
2017.10.26 20:24:00.500,1.32895,1.32901,4.12,1.00
2017.10.26 20:24:02.988,1.32895,1.32901,2.06,1.00
2017.10.26 20:24:03.688,1.32895,1.32901,4.31,1.00
2017.10.26 20:24:04.774,1.32895,1.32902,4.69,1.00
2017.10.26 20:24:05.290,1.32895,1.32902,4.69,1.00
2017.10.26 20:24:05.877,1.32896,1.32902,1.19,1.00
2017.10.26 20:24:06.587,1.32895,1.32902,6.19,1.00
2017.10.26 20:24:07.125,1.32895,1.32902,6.19,1.00
2017.10.26 20:24:08.899,1.32896,1.32903,1.69,1.25
2017.10.26 20:24:10.578,1.32896,1.32903,1.69,1.25
2017.10.26 20:24:11.916,1.32896,1.32902,1.25,1.00
2017.10.26 20:24:12.477,1.32896,1.32903,1.69,1.25
2017.10.26 20:24:16.435,1.32894,1.32902,1.69,1.25
2017.10.26 20:24:16.486,1.32894,1.329,1.00,1.00
2017.10.26 20:24:16.998,1.32892,1.32899,1.00,1.25
2017.10.26 20:24:17.355,1.32893,1.32899,1.87,1.00
2017.10.26 20:24:17.561,1.32898,1.32907,1.31,2.44
2017.10.26 20:24:17.613,1.32898,1.32905,1.31,1.00
2017.10.26 20:24:17.665,1.32898,1.32907,1.31,1.69
2017.10.26 20:24:18.212,1.32897,1.32905,3.19,1.00
2017.10.26 20:24:18.723,1.32899,1.32905,1.00,1.00
2017.10.26 20:24:19.313,1.32899,1.32906,1.00,1.25
2017.10.26 20:24:19.854,1.329,1.32906,1.00,1.25
2017.10.26 20:24:21.166,1.32899,1.32905,1.00,1.69
2017.10.26 20:24:21.676,1.32898,1.32903,1.00,1.00
2017.10.26 20:24:22.199,1.32898,1.32904,1.00,1.25
2017.10.26 20:24:22.780,1.32901,1.32907,1.00,3.37
2017.10.26 20:24:23.189,1.32902,1.3291,1.69,1.31
2017.10.26 20:24:24.406,1.32903,1.3291,1.87,1.31
2017.10.26 20:24:24.924,1.32903,1.3291,2.44,1.31
2017.10.26 20:24:26.456,1.32905,1.32913,1.69,3.19
2017.10.26 20:24:30.483,1.32905,1.32912,1.00,1.81
2017.10.26 20:24:30.535,1.32902,1.32909,2.25,1.31
2017.10.26 20:24:31.044,1.32901,1.32908,2.25,1.44
2017.10.26 20:24:36.049,1.329,1.32907,1.69,1.19
2017.10.26 20:24:36.458,1.32898,1.32905,1.69,1.69
2017.10.26 20:24:37.009,1.32898,1.32904,1.25,1.25
2017.10.26 20:24:38.739,1.329,1.32907,1.00,1.00
2017.10.26 20:24:38.842,1.32898,1.32905,1.31,1.69
2017.10.26 20:24:39.363,1.32898,1.32905,1.31,1.69
2017.10.26 20:24:40.028,1.32898,1.32905,1.19,1.19
2017.10.26 20:24:41.818,1.32897,1.32904,1.69,1.25
2017.10.26 20:24:41.869,1.32897,1.32905,1.69,3.19
2017.10.26 20:24:42.073,1.32897,1.32905,1.69,2.62
2017.10.26 20:24:42.799,1.32897,1.32904,1.69,1.25
2017.10.26 20:24:42.851,1.329,1.32907,1.69,2.25
2017.10.26 20:24:42.902,1.32901,1.32907,1.19,1.00
2017.10.26 20:24:43.407,1.32901,1.32909,1.69,1.31
2017.10.26 20:24:44.119,1.32901,1.32909,1.69,1.44
2017.10.26 20:24:44.630,1.32902,1.3291,1.25,3.00
2017.10.26 20:24:45.118,1.32904,1.3291,1.25,1.19
2017.10.26 20:24:45.632,1.32903,1.3291,1.00,1.19
2017.10.26 20:24:46.613,1.32903,1.3291,1.19,1.44
2017.10.26 20:24:47.493,1.32903,1.32907,1.19,1.25
2017.10.26 20:24:47.546,1.329,1.32904,1.00,1.00
2017.10.26 20:24:48.049,1.32899,1.32905,1.00,2.25
2017.10.26 20:24:48.955,1.32897,1.32905,1.44,2.25
2017.10.26 20:24:50.022,1.32894,1.32902,1.25,3.66
2017.10.26 20:24:50.330,1.32892,1.329,1.31,1.12
2017.10.26 20:24:52.933,1.32896,1.32903,1.25,3.19
2017.10.26 20:24:53.924,1.32896,1.32903,1.44,2.44
2017.10.26 20:24:54.654,1.32898,1.32904,3.00,1.19
2017.10.26 20:24:54.707,1.329,1.32905,1.19,1.00
2017.10.26 20:24:54.829,1.32901,1.32908,1.19,1.19
2017.10.26 20:24:55.358,1.32902,1.32908,1.25,1.25
2017.10.26 20:24:56.028,1.32902,1.32908,1.25,1.19
2017.10.26 20:24:56.839,1.32902,1.32908,1.25,1.25
2017.10.26 20:24:57.043,1.32898,1.32905,1.69,1.00
2017.10.26 20:24:59.604,1.32895,1.32902,1.31,5.25
2017.10.26 20:25:00.135,1.32895,1.32901,1.19,1.62
2017.10.26 20:25:02.274,1.32895,1.32901,1.00,2.06
2017.10.26 20:25:03.681,1.32894,1.32901,3.75,1.00
2017.10.26 20:25:03.810,1.32896,1.32904,1.31,3.19
2017.10.26 20:25:03.862,1.32898,1.32905,1.19,2.62
2017.10.26 20:25:03.964,1.32896,1.32904,1.31,2.44
2017.10.26 20:25:04.681,1.32896,1.32904,1.69,4.31
2017.10.26 20:25:04.885,1.32896,1.32904,1.50,4.31
2017.10.26 20:25:04.988,1.32898,1.32904,1.19,1.50
2017.10.26 20:25:05.489,1.32899,1.32905,1.19,1.25
2017.10.26 20:25:05.998,1.32899,1.32906,1.44,1.31
2017.10.26 20:25:06.504,1.32899,1.32906,1.50,1.12
2017.10.26 20:25:08.249,1.32899,1.32906,1.19,2.06
2017.10.26 20:25:08.802,1.32899,1.32906,1.19,2.06
2017.10.26 20:25:09.100,1.32901,1.32909,1.44,4.87
2017.10.26 20:25:10.014,1.32901,1.32909,1.19,3.00
2017.10.26 20:25:10.321,1.32903,1.32909,1.00,1.50
2017.10.26 20:25:10.829,1.32903,1.32909,1.00,1.50
2017.10.26 20:25:11.451,1.32903,1.32909,1.00,1.12
2017.10.26 20:25:11.989,1.32903,1.32909,1.00,1.44
2017.10.26 20:25:12.204,1.32905,1.32911,1.00,5.25
2017.10.26 20:25:12.256,1.32905,1.32911,1.00,4.12
2017.10.26 20:25:12.809,1.32905,1.32911,1.00,3.75
2017.10.26 20:25:16.373,1.32904,1.3291,1.12,1.00
2017.10.26 20:25:17.044,1.32905,1.3291,1.00,1.50
2017.10.26 20:25:17.616,1.32904,1.3291,1.25,1.25
2017.10.26 20:25:19.137,1.32901,1.32907,1.25,1.50
2017.10.26 20:25:19.483,1.32898,1.32905,2.81,1.00
2017.10.26 20:25:20.101,1.32898,1.32904,1.69,1.00
2017.10.26 20:25:24.648,1.32897,1.32904,3.56,1.00
2017.10.26 20:25:25.955,1.32897,1.32904,5.06,1.00
2017.10.26 20:25:30.232,1.32898,1.32904,1.56,1.00
2017.10.26 20:25:33.881,1.329,1.32905,1.19,1.00
2017.10.26 20:25:34.461,1.32899,1.32906,2.62,1.25
2017.10.26 20:25:35.010,1.329,1.32906,1.19,1.25
2017.10.26 20:25:38.297,1.329,1.32905,1.87,1.00
2017.10.26 20:25:39.537,1.329,1.32905,1.25,1.00
2017.10.26 20:25:40.046,1.329,1.32905,1.19,1.00
2017.10.26 20:25:40.389,1.32899,1.32905,2.44,1.00
2017.10.26 20:25:40.987,1.329,1.32905,1.00,1.00
2017.10.26 20:25:41.605,1.32898,1.32905,4.87,1.00
2017.10.26 20:25:42.157,1.32898,1.32904,4.87,1.00
2017.10.26 20:25:42.666,1.32898,1.32903,1.00,1.00
2017.10.26 20:25:43.016,1.32898,1.32905,1.00,1.25
2017.10.26 20:25:43.548,1.32898,1.32904,1.00,1.00
2017.10.26 20:25:44.058,1.32896,1.32902,1.31,1.00
2017.10.26 20:25:44.583,1.32897,1.32902,1.25,1.00
2017.10.26 20:25:44.899,1.32893,1.32898,1.95,1.00
2017.10.26 20:25:45.408,1.32891,1.32897,2.25,1.00
2017.10.26 20:25:45.611,1.32891,1.32897,1.50,1.00
2017.10.26 20:25:46.189,1.32891,1.32897,1.50,1.00
2017.10.26 20:25:46.696,1.32892,1.32897,1.19,1.00
2017.10.26 20:25:47.702,1.32892,1.32896,1.25,1.00
2017.10.26 20:25:48.008,1.32892,1.32896,1.19,1.00
2017.10.26 20:25:48.212,1.32892,1.32898,1.19,1.00
2017.10.26 20:25:48.735,1.32892,1.32898,1.19,1.00
2017.10.26 20:25:49.265,1.32891,1.32898,1.69,1.00
2017.10.26 20:25:50.081,1.32889,1.32896,2.06,1.00
2017.10.26 20:25:50.133,1.32889,1.32896,1.87,1.25
2017.10.26 20:25:50.722,1.32889,1.32896,1.44,1.00
2017.10.26 20:25:51.243,1.32888,1.32896,2.25,1.00
2017.10.26 20:25:51.773,1.32888,1.32896,4.50,1.00
2017.10.26 20:25:52.349,1.32889,1.32896,1.69,1.00
2017.10.26 20:25:52.870,1.32889,1.32896,3.37,1.00
2017.10.26 20:25:53.404,1.32889,1.32896,4.12,1.00
2017.10.26 20:25:53.931,1.32889,1.32896,3.37,1.00
2017.10.26 20:25:54.474,1.3289,1.32896,1.19,1.00
2017.10.26 20:25:54.997,1.32889,1.32896,2.62,1.00
2017.10.26 20:25:56.337,1.3289,1.32896,1.44,1.00
2017.10.26 20:25:57.131,1.3289,1.32896,1.00,1.00
2017.10.26 20:25:57.637,1.32889,1.32896,4.12,1.00
2017.10.26 20:25:58.191,1.3289,1.32896,1.12,1.00
2017.10.26 20:25:58.741,1.3289,1.32896,1.12,1.00
2017.10.26 20:26:00.645,1.32892,1.32896,1.00,1.00
2017.10.26 20:26:00.748,1.32891,1.32897,3.19,1.00
2017.10.26 20:26:00.850,1.32895,1.329,1.00,1.00
2017.10.26 20:26:01.567,1.32896,1.329,1.25,1.00
2017.10.26 20:26:02.112,1.32896,1.32901,1.00,1.00
2017.10.26 20:26:07.206,1.32895,1.32901,1.25,1.00
2017.10.26 20:26:08.100,1.32895,1.32901,1.00,1.19
2017.10.26 20:26:08.640,1.32895,1.32901,1.00,1.25
2017.10.26 20:26:09.640,1.32895,1.32902,1.31,1.25
2017.10.26 20:26:10.565,1.32895,1.32902,2.06,1.00
2017.10.26 20:26:11.447,1.32896,1.32903,1.25,1.00
2017.10.26 20:26:13.710,1.32895,1.32902,1.87,1.00
2017.10.26 20:26:14.267,1.32895,1.32902,1.87,1.00
2017.10.26 20:26:15.051,1.32895,1.32902,1.31,1.00
2017.10.26 20:26:16.109,1.32895,1.32902,1.69,1.19
2017.10.26 20:26:16.801,1.32895,1.32902,1.31,1.25
2017.10.26 20:26:17.877,1.32895,1.32902,2.06,1.19
2017.10.26 20:26:19.120,1.32895,1.32902,1.50,1.25
2017.10.26 20:26:19.772,1.32895,1.32902,1.50,1.19
2017.10.26 20:26:20.281,1.32896,1.32901,1.00,1.00
2017.10.26 20:26:20.887,1.32896,1.32903,1.12,1.87
2017.10.26 20:26:21.617,1.32896,1.32903,1.00,1.50
2017.10.26 20:26:22.128,1.32896,1.32903,1.00,2.06
2017.10.26 20:26:22.450,1.32895,1.32902,1.25,1.25
2017.10.26 20:26:23.012,1.32895,1.32903,1.25,2.06
2017.10.26 20:26:23.216,1.32895,1.32902,1.25,1.19
2017.10.26 20:26:23.473,1.32895,1.32903,1.25,2.06
2017.10.26 20:26:23.727,1.32894,1.32903,1.44,2.06
2017.10.26 20:26:24.232,1.32895,1.32903,1.25,2.06
2017.10.26 20:26:24.695,1.32894,1.32903,1.31,2.81
2017.10.26 20:26:25.012,1.32894,1.32903,1.69,2.81
2017.10.26 20:26:25.580,1.32895,1.32902,1.25,1.19
2017.10.26 20:26:26.241,1.32895,1.32902,1.25,1.25
2017.10.26 20:26:27.003,1.32895,1.32902,1.25,1.19
2017.10.26 20:26:27.506,1.32895,1.32902,1.25,1.19
2017.10.26 20:26:27.710,1.32895,1.32902,1.25,1.25
2017.10.26 20:26:28.994,1.32895,1.32902,1.25,1.19
2017.10.26 20:26:29.502,1.32894,1.32903,1.19,2.06
2017.10.26 20:26:30.030,1.32895,1.32902,1.25,1.19
2017.10.26 20:26:30.303,1.32895,1.32901,1.25,1.19
2017.10.26 20:26:30.466,1.32891,1.32898,1.12,1.19
2017.10.26 20:26:31.345,1.32891,1.32898,1.12,1.19
2017.10.26 20:26:31.857,1.32891,1.32898,1.12,1.19
2017.10.26 20:26:32.379,1.32891,1.32898,1.12,1.19
2017.10.26 20:26:32.504,1.32891,1.32899,1.12,1.31
2017.10.26 20:26:32.657,1.32897,1.32901,1.00,2.44
2017.10.26 20:26:32.708,1.32898,1.32904,1.00,1.19
2017.10.26 20:26:32.811,1.32899,1.32905,1.00,1.25
2017.10.26 20:26:32.862,1.32897,1.32905,1.25,1.19
2017.10.26 20:26:32.965,1.32897,1.32905,1.25,1.25
2017.10.26 20:26:33.487,1.32898,1.32906,1.00,1.19
2017.10.26 20:26:34.671,1.32899,1.32906,1.00,1.19
2017.10.26 20:26:35.203,1.32899,1.32906,1.00,1.31
2017.10.26 20:26:35.401,1.32897,1.32903,1.12,1.19
2017.10.26 20:26:35.453,1.32898,1.32904,1.00,1.19
2017.10.26 20:26:35.606,1.329,1.32906,1.00,1.50
2017.10.26 20:26:35.914,1.32898,1.32905,1.00,1.69
2017.10.26 20:26:36.541,1.32898,1.32905,1.00,1.69
2017.10.26 20:26:37.993,1.32898,1.32905,1.00,1.00
2017.10.26 20:26:39.769,1.32898,1.32905,1.00,2.06
2017.10.26 20:26:40.301,1.32898,1.32905,1.00,2.06
2017.10.26 20:26:40.852,1.32898,1.32905,1.00,2.06
2017.10.26 20:26:41.440,1.32898,1.32905,1.00,1.31
2017.10.26 20:26:41.948,1.32898,1.32905,1.00,1.69
2017.10.26 20:26:42.638,1.32898,1.32905,1.00,1.25
2017.10.26 20:26:43.293,1.32898,1.32905,1.00,1.19
2017.10.26 20:26:45.144,1.32898,1.32906,1.31,2.06
2017.10.26 20:26:45.645,1.32898,1.32906,1.12,1.87
2017.10.26 20:26:45.747,1.329,1.32907,1.00,1.00
2017.10.26 20:26:46.260,1.32901,1.32908,1.00,1.50
2017.10.26 20:26:46.917,1.32901,1.32908,1.00,1.31
2017.10.26 20:26:47.418,1.32901,1.32908,1.00,1.31
2017.10.26 20:26:48.304,1.32901,1.32909,1.50,3.56
2017.10.26 20:26:48.606,1.32901,1.32909,1.00,3.56
2017.10.26 20:26:49.126,1.32901,1.32909,1.00,2.81
2017.10.26 20:26:51.294,1.32901,1.32908,1.00,1.31
2017.10.26 20:26:53.398,1.32901,1.32908,1.00,1.31
2017.10.26 20:26:53.991,1.32901,1.32909,1.00,2.06
2017.10.26 20:26:54.662,1.32902,1.32909,1.00,1.19
2017.10.26 20:26:55.210,1.32903,1.32909,1.00,1.19
2017.10.26 20:26:55.755,1.32903,1.3291,1.00,3.56
2017.10.26 20:26:56.290,1.32903,1.3291,1.00,2.81
2017.10.26 20:26:57.169,1.32902,1.32909,1.00,1.69
2017.10.26 20:26:58.870,1.32902,1.32909,1.00,2.44
2017.10.26 20:26:59.410,1.32901,1.32908,1.00,2.06
2017.10.26 20:26:59.938,1.32901,1.32908,1.00,3.19
2017.10.26 20:27:00.469,1.32901,1.32908,1.00,3.37
2017.10.26 20:27:01.285,1.32901,1.32908,1.00,3.94
2017.10.26 20:27:01.439,1.32901,1.32908,1.00,3.19
2017.10.26 20:27:01.952,1.32901,1.32908,1.00,2.81
2017.10.26 20:27:02.304,1.32899,1.32905,1.69,1.00
2017.10.26 20:27:02.847,1.329,1.32905,1.00,1.00
2017.10.26 20:27:03.953,1.32899,1.32905,2.44,1.25
2017.10.26 20:27:04.460,1.32899,1.32904,2.44,1.25
2017.10.26 20:27:05.005,1.329,1.32904,1.00,1.00
2017.10.26 20:27:05.569,1.32899,1.32904,1.00,1.25
2017.10.26 20:27:06.751,1.32898,1.32904,1.12,1.00
2017.10.26 20:27:07.952,1.32898,1.32903,1.25,1.00
2017.10.26 20:27:11.032,1.32899,1.32905,1.00,1.25
2017.10.26 20:27:11.542,1.32898,1.32905,2.44,1.25
2017.10.26 20:27:12.062,1.32899,1.32906,1.00,1.69
2017.10.26 20:27:12.571,1.329,1.32906,1.00,1.25
2017.10.26 20:27:13.232,1.32899,1.32906,3.00,1.25
2017.10.26 20:27:13.753,1.32899,1.32906,3.56,1.00
2017.10.26 20:27:17.466,1.329,1.32906,1.50,1.19
2017.10.26 20:27:17.907,1.32901,1.32908,1.00,1.69
2017.10.26 20:27:18.577,1.329,1.32908,3.00,1.25
2017.10.26 20:27:18.731,1.329,1.32906,2.25,1.00
2017.10.26 20:27:19.287,1.329,1.32906,1.00,1.19
2017.10.26 20:27:19.826,1.329,1.32906,1.00,1.25
2017.10.26 20:27:20.397,1.329,1.32906,1.12,1.19
2017.10.26 20:27:20.919,1.329,1.32906,1.12,1.25
2017.10.26 20:27:22.521,1.32899,1.32906,5.06,1.19
2017.10.26 20:27:23.680,1.329,1.32906,1.12,1.44
2017.10.26 20:27:24.189,1.329,1.32905,1.50,1.00
2017.10.26 20:27:26.133,1.329,1.32906,4.50,1.00
2017.10.26 20:27:26.648,1.32901,1.32907,1.69,1.00
2017.10.26 20:27:28.492,1.32902,1.32907,1.00,1.00
2017.10.26 20:27:29.011,1.32901,1.32908,3.56,1.00
2017.10.26 20:27:29.906,1.32904,1.32908,1.00,1.00
2017.10.26 20:27:30.430,1.32903,1.32908,1.69,1.00
2017.10.26 20:27:32.610,1.32901,1.32906,1.87,1.00
2017.10.26 20:27:32.661,1.32899,1.32906,3.00,1.25
2017.10.26 20:27:33.160,1.32899,1.32904,1.00,1.00
2017.10.26 20:27:33.671,1.32899,1.32905,1.25,1.00
2017.10.26 20:27:34.976,1.329,1.32905,1.00,1.00
2017.10.26 20:27:36.150,1.32899,1.32905,1.50,1.00
2017.10.26 20:27:36.457,1.32901,1.32904,1.00,1.00
2017.10.26 20:27:36.559,1.32903,1.32908,2.62,1.00
2017.10.26 20:27:37.071,1.32904,1.32909,1.00,1.00
2017.10.26 20:27:39.042,1.32905,1.32909,1.25,1.00
2017.10.26 20:27:42.891,1.32904,1.32909,1.25,1.00
2017.10.26 20:27:43.450,1.32903,1.32909,2.81,1.00
2017.10.26 20:27:44.850,1.32905,1.3291,1.25,1.00
2017.10.26 20:27:46.715,1.32904,1.3291,1.75,1.00
2017.10.26 20:27:47.222,1.32904,1.32912,3.19,1.00
2017.10.26 20:27:47.987,1.32906,1.32911,1.31,1.00
2017.10.26 20:27:48.523,1.32906,1.32911,1.25,1.00
2017.10.26 20:27:49.251,1.32906,1.32911,1.19,1.00
2017.10.26 20:27:49.798,1.32906,1.32911,1.50,1.00
2017.10.26 20:27:49.849,1.32906,1.32911,1.50,1.00
2017.10.26 20:27:50.003,1.32906,1.32911,1.50,1.00
2017.10.26 20:27:50.533,1.32906,1.32912,2.25,1.00
2017.10.26 20:27:50.585,1.32906,1.32912,1.50,1.00
2017.10.26 20:27:51.049,1.32907,1.32912,1.19,1.00
2017.10.26 20:27:51.559,1.32906,1.32912,1.44,1.00
2017.10.26 20:27:51.673,1.32908,1.32915,1.44,1.25
2017.10.26 20:27:52.224,1.32912,1.32917,1.25,1.87
2017.10.26 20:27:52.275,1.32911,1.32918,1.12,1.00
2017.10.26 20:27:52.378,1.3291,1.32916,1.00,1.00
2017.10.26 20:27:52.883,1.32908,1.32915,1.69,1.00
2017.10.26 20:27:52.986,1.32908,1.32915,1.31,1.00
2017.10.26 20:27:53.292,1.32906,1.32913,4.12,1.00
2017.10.26 20:27:53.801,1.32907,1.32912,1.19,1.00
2017.10.26 20:27:54.305,1.32907,1.32912,1.25,1.00
2017.10.26 20:27:54.948,1.32907,1.32912,1.19,1.00
2017.10.26 20:27:55.262,1.32905,1.32912,7.12,1.00
2017.10.26 20:27:55.415,1.32906,1.32912,1.19,1.00
2017.10.26 20:27:55.925,1.32906,1.32913,2.44,1.00
2017.10.26 20:27:56.240,1.32906,1.32913,1.25,1.00
2017.10.26 20:27:56.446,1.32905,1.32913,5.62,1.00
2017.10.26 20:27:56.651,1.32906,1.32913,1.25,1.00
2017.10.26 20:27:57.160,1.32906,1.32913,1.19,1.00
2017.10.26 20:27:57.711,1.32906,1.32913,1.25,1.00
2017.10.26 20:27:57.813,1.32905,1.32912,5.06,1.00
2017.10.26 20:27:58.068,1.32906,1.32912,1.25,1.00
2017.10.26 20:27:58.324,1.32907,1.32915,1.12,1.00
2017.10.26 20:27:58.375,1.32906,1.32915,5.62,1.00
2017.10.26 20:27:58.426,1.32906,1.32915,4.87,1.00
2017.10.26 20:27:58.683,1.32907,1.32914,1.19,1.00
2017.10.26 20:27:58.786,1.32909,1.32916,2.62,1.00
2017.10.26 20:27:59.128,1.32912,1.32917,1.00,1.00
2017.10.26 20:27:59.666,1.32911,1.32918,1.69,1.00
2017.10.26 20:28:00.622,1.32911,1.32917,1.19,1.00
2017.10.26 20:28:01.235,1.32911,1.32919,2.06,1.00
2017.10.26 20:28:01.338,1.3291,1.32916,4.87,1.00
2017.10.26 20:28:01.919,1.3291,1.32915,1.12,1.00
2017.10.26 20:28:02.073,1.32907,1.32915,2.25,1.00
2017.10.26 20:28:02.227,1.32908,1.32915,1.69,1.00
2017.10.26 20:28:03.103,1.32909,1.32915,1.25,1.00
2017.10.26 20:28:03.613,1.32908,1.32915,1.25,1.00
2017.10.26 20:28:04.124,1.32908,1.32914,1.31,1.00
2017.10.26 20:28:04.635,1.32909,1.32914,1.00,1.00
2017.10.26 20:28:05.168,1.32909,1.32915,1.19,1.00
2017.10.26 20:28:05.476,1.32908,1.32914,1.25,1.00
2017.10.26 20:28:05.527,1.32909,1.32914,1.19,1.00
2017.10.26 20:28:05.966,1.32908,1.32915,1.69,1.00
2017.10.26 20:28:06.024,1.32908,1.32915,3.19,1.00
2017.10.26 20:28:06.558,1.32908,1.32915,2.06,1.00
2017.10.26 20:28:07.149,1.3291,1.32915,1.00,1.50
2017.10.26 20:28:07.831,1.32908,1.32915,1.19,1.00
2017.10.26 20:28:08.344,1.32907,1.32915,3.94,1.00
2017.10.26 20:28:08.892,1.32906,1.32913,5.25,1.00
2017.10.26 20:28:08.943,1.32905,1.32913,1.12,1.19
2017.10.26 20:28:09.046,1.32908,1.32915,1.00,1.69
2017.10.26 20:28:09.251,1.32907,1.32913,3.37,1.00
2017.10.26 20:28:09.714,1.32908,1.32915,1.00,1.00
2017.10.26 20:28:09.826,1.32907,1.32913,3.37,1.00
2017.10.26 20:28:09.879,1.32904,1.32911,1.95,1.00
2017.10.26 20:28:10.035,1.32904,1.32909,1.87,1.00
2017.10.26 20:28:10.549,1.32905,1.3291,1.25,1.00
2017.10.26 20:28:10.857,1.32904,1.3291,1.50,1.00
2017.10.26 20:28:10.908,1.32904,1.32912,1.50,1.00
2017.10.26 20:28:11.011,1.32904,1.3291,1.19,1.00
2017.10.26 20:28:11.504,1.32904,1.3291,1.31,1.00
2017.10.26 20:28:11.739,1.32904,1.3291,1.69,1.00
2017.10.26 20:28:11.997,1.32904,1.3291,1.69,1.00
2017.10.26 20:28:12.206,1.32904,1.32911,1.69,1.50
2017.10.26 20:28:12.359,1.32904,1.32911,1.87,1.50
2017.10.26 20:28:12.627,1.32904,1.3291,1.44,1.00
2017.10.26 20:28:13.142,1.32904,1.3291,1.44,1.00
2017.10.26 20:28:13.691,1.32905,1.32911,1.69,1.00
2017.10.26 20:28:13.912,1.32905,1.32913,1.69,1.50
2017.10.26 20:28:14.065,1.32906,1.32911,1.25,1.00
2017.10.26 20:28:15.083,1.32906,1.32911,1.19,1.00
2017.10.26 20:28:15.370,1.32905,1.32911,1.69,1.00
2017.10.26 20:28:15.880,1.32905,1.3291,1.00,1.00
2017.10.26 20:28:16.393,1.32905,1.32909,1.00,1.00
2017.10.26 20:28:16.917,1.32902,1.32909,1.44,1.00
2017.10.26 20:28:17.907,1.32903,1.32908,1.37,1.00
2017.10.26 20:28:18.550,1.32903,1.32908,1.12,1.00
2017.10.26 20:28:19.490,1.32902,1.32908,1.37,1.00
2017.10.26 20:28:19.593,1.32902,1.3291,1.87,1.00
2017.10.26 20:28:19.746,1.32905,1.32912,1.25,1.69
2017.10.26 20:28:19.798,1.32906,1.32912,1.19,1.50
2017.10.26 20:28:20.008,1.32905,1.32914,2.44,1.69
2017.10.26 20:28:20.061,1.32905,1.32914,2.44,1.69
2017.10.26 20:28:20.113,1.32905,1.32912,1.00,1.00
2017.10.26 20:28:21.255,1.32904,1.32911,2.25,1.00
2017.10.26 20:28:21.665,1.32905,1.32912,1.69,1.00
2017.10.26 20:28:22.438,1.32905,1.32912,1.31,1.00
2017.10.26 20:28:22.541,1.32905,1.32911,2.44,1.00
2017.10.26 20:28:22.717,1.32907,1.32911,1.00,1.00
2017.10.26 20:28:23.076,1.32906,1.32913,1.12,1.00
2017.10.26 20:28:23.601,1.32907,1.32914,1.25,2.06
2017.10.26 20:28:24.214,1.32907,1.32914,1.19,1.69
2017.10.26 20:28:26.635,1.32911,1.32916,1.00,2.44
2017.10.26 20:28:26.789,1.32908,1.32915,1.00,1.50
2017.10.26 20:28:26.943,1.3291,1.32915,1.00,1.50
2017.10.26 20:28:27.299,1.32908,1.32914,1.25,1.00
2017.10.26 20:28:27.960,1.3291,1.32914,1.00,1.00
2017.10.26 20:28:28.897,1.32911,1.32914,1.00,1.00
2017.10.26 20:28:28.948,1.32909,1.32914,1.25,1.00
2017.10.26 20:28:29.482,1.3291,1.32913,1.00,1.00
2017.10.26 20:28:29.534,1.32908,1.32913,1.25,1.00
2017.10.26 20:28:29.803,1.3291,1.32915,1.00,1.50
2017.10.26 20:28:29.855,1.32908,1.32915,1.25,1.50
2017.10.26 20:28:30.368,1.32909,1.32915,1.00,1.50
2017.10.26 20:28:30.421,1.32911,1.32915,1.00,1.00
2017.10.26 20:28:31.072,1.32911,1.32916,1.00,1.25
2017.10.26 20:28:31.598,1.32911,1.32917,1.25,1.00
2017.10.26 20:28:32.102,1.32912,1.32917,1.00,1.00
2017.10.26 20:28:32.653,1.32911,1.32918,1.19,1.00
2017.10.26 20:28:33.192,1.32911,1.32918,1.25,1.00
2017.10.26 20:28:33.673,1.32913,1.32918,1.25,1.00
2017.10.26 20:28:34.222,1.32911,1.32918,1.31,1.00
2017.10.26 20:28:34.802,1.32911,1.32918,1.25,1.00
2017.10.26 20:28:35.123,1.32914,1.3292,1.00,1.87
2017.10.26 20:28:35.663,1.32913,1.32919,1.00,1.25
2017.10.26 20:28:36.205,1.32913,1.32918,1.00,1.00
2017.10.26 20:28:36.709,1.32913,1.32919,1.00,1.25
2017.10.26 20:28:37.234,1.32913,1.32918,1.00,1.00
2017.10.26 20:28:38.478,1.32913,1.3292,1.00,2.25
2017.10.26 20:28:38.978,1.32911,1.32918,1.12,1.00
2017.10.26 20:28:39.503,1.32911,1.32919,1.69,1.25
2017.10.26 20:28:40.024,1.32911,1.32918,1.69,1.00
2017.10.26 20:28:40.330,1.32911,1.32916,1.00,1.00
2017.10.26 20:28:40.871,1.3291,1.32915,1.00,1.00
2017.10.26 20:28:41.388,1.3291,1.32916,1.00,1.00
2017.10.26 20:28:42.009,1.3291,1.32916,1.69,1.00
2017.10.26 20:28:42.061,1.32911,1.32918,1.00,2.25
2017.10.26 20:28:42.588,1.32912,1.32918,1.00,1.12
2017.10.26 20:28:43.160,1.32912,1.32918,1.19,1.00
2017.10.26 20:28:44.003,1.32912,1.32918,1.25,1.00
2017.10.26 20:28:44.105,1.3291,1.32917,1.25,1.00
2017.10.26 20:28:44.157,1.32909,1.32915,1.00,1.00
2017.10.26 20:28:44.463,1.3291,1.32916,1.19,1.00
2017.10.26 20:28:44.910,1.32909,1.32916,1.25,1.50
2017.10.26 20:28:45.063,1.32909,1.32914,1.00,1.00
2017.10.26 20:28:45.592,1.32908,1.32914,1.25,1.00
2017.10.26 20:28:46.308,1.32908,1.32914,1.19,1.00
2017.10.26 20:28:46.462,1.32907,1.32914,1.69,1.00
2017.10.26 20:28:46.717,1.32908,1.32915,1.19,1.00
2017.10.26 20:28:47.245,1.3291,1.32917,1.19,3.94
2017.10.26 20:28:47.493,1.32908,1.32917,1.69,3.94
2017.10.26 20:28:47.715,1.32909,1.32917,1.19,4.31
2017.10.26 20:28:48.348,1.32909,1.32916,1.31,1.69
2017.10.26 20:28:49.154,1.3291,1.32916,1.00,1.25
2017.10.26 20:28:51.360,1.32911,1.32918,1.19,1.69
2017.10.26 20:28:51.487,1.32911,1.32918,1.69,1.69
2017.10.26 20:28:51.743,1.32912,1.3292,1.19,3.00
2017.10.26 20:28:52.031,1.32912,1.3292,1.25,3.00
2017.10.26 20:28:52.540,1.32912,1.3292,1.25,2.06
2017.10.26 20:28:53.042,1.32911,1.32918,1.69,1.00
2017.10.26 20:28:53.145,1.32911,1.32916,1.69,1.00
2017.10.26 20:28:53.646,1.32911,1.32917,1.69,1.00
2017.10.26 20:28:54.175,1.32911,1.32916,1.31,1.00
2017.10.26 20:28:57.155,1.32911,1.32916,1.31,1.00
2017.10.26 20:28:58.052,1.32911,1.32916,1.19,1.00
2017.10.26 20:28:58.600,1.32911,1.32917,1.19,1.00
2017.10.26 20:28:58.949,1.3291,1.32916,1.69,1.00
2017.10.26 20:28:59.529,1.32909,1.32915,3.37,1.00
2017.10.26 20:29:00.049,1.3291,1.32914,1.25,1.00
2017.10.26 20:29:00.152,1.32909,1.32914,3.94,1.00
2017.10.26 20:29:00.205,1.3291,1.32917,2.44,1.00
2017.10.26 20:29:00.702,1.32913,1.32918,1.19,1.00
2017.10.26 20:29:01.008,1.32915,1.32921,5.44,1.00
2017.10.26 20:29:01.264,1.32916,1.32923,1.69,1.69
2017.10.26 20:29:01.791,1.32916,1.32922,1.25,1.00
2017.10.26 20:29:02.535,1.32916,1.32922,1.69,1.00
2017.10.26 20:29:02.849,1.32916,1.32922,1.31,1.00
2017.10.26 20:29:03.022,1.32916,1.32922,1.69,1.00
2017.10.26 20:29:03.277,1.32916,1.32923,1.31,1.00
2017.10.26 20:29:03.685,1.32916,1.32922,1.69,1.00
2017.10.26 20:29:04.146,1.32917,1.32922,1.25,1.00
2017.10.26 20:29:04.554,1.32916,1.32923,2.44,1.00
2017.10.26 20:29:04.860,1.32916,1.32922,2.25,1.00
2017.10.26 20:29:04.963,1.32918,1.32923,1.31,1.00
2017.10.26 20:29:05.167,1.32918,1.32925,1.31,1.00
2017.10.26 20:29:05.682,1.32917,1.32923,1.25,1.00
2017.10.26 20:29:05.991,1.32917,1.32922,4.31,1.00
2017.10.26 20:29:06.520,1.32918,1.32923,1.19,1.00
2017.10.26 20:29:07.197,1.32916,1.32924,4.69,1.00
2017.10.26 20:29:07.401,1.32917,1.32924,1.31,1.00
2017.10.26 20:29:07.706,1.32916,1.32924,5.06,1.00
2017.10.26 20:29:07.908,1.32918,1.32922,1.19,1.00
2017.10.26 20:29:08.061,1.32917,1.32922,1.31,1.00
2017.10.26 20:29:08.730,1.32917,1.32922,1.69,1.00
2017.10.26 20:29:09.240,1.32917,1.32922,1.19,1.00
2017.10.26 20:29:09.841,1.32917,1.32922,1.69,1.00
2017.10.26 20:29:10.545,1.32917,1.32922,2.06,1.00
2017.10.26 20:29:11.087,1.32917,1.32923,1.69,1.00
2017.10.26 20:29:11.408,1.32914,1.3292,2.62,1.00
2017.10.26 20:29:11.918,1.32914,1.32919,1.12,1.00
2017.10.26 20:29:13.192,1.32913,1.32917,1.25,1.00
2017.10.26 20:29:13.345,1.32913,1.32919,1.00,1.00
2017.10.26 20:29:13.932,1.32913,1.32919,1.31,1.00
2017.10.26 20:29:14.449,1.32915,1.3292,1.50,1.00
2017.10.26 20:29:14.551,1.32916,1.32921,1.19,1.00
2017.10.26 20:29:15.064,1.32916,1.32922,1.31,1.00
2017.10.26 20:29:15.168,1.32915,1.32921,1.31,1.00
2017.10.26 20:29:17.005,1.32915,1.32921,3.19,1.00
2017.10.26 20:29:18.047,1.32915,1.32921,2.44,1.00
2017.10.26 20:29:18.353,1.32915,1.32921,2.81,1.00
2017.10.26 20:29:18.901,1.32915,1.32921,2.81,1.00
2017.10.26 20:29:19.410,1.32915,1.32921,2.81,1.00
2017.10.26 20:29:20.036,1.32915,1.32921,2.06,1.00
2017.10.26 20:29:20.595,1.32915,1.32921,3.19,1.00
2017.10.26 20:29:21.096,1.32914,1.32922,1.00,1.25
2017.10.26 20:29:21.614,1.32915,1.32922,1.25,1.00
2017.10.26 20:29:25.946,1.32913,1.3292,1.00,1.50
2017.10.26 20:29:26.252,1.32911,1.32918,1.56,1.00
2017.10.26 20:29:26.768,1.32912,1.32918,1.31,1.00
2017.10.26 20:29:27.448,1.32912,1.32918,1.31,1.00
2017.10.26 20:29:28.056,1.32912,1.32918,1.44,1.00
2017.10.26 20:29:28.645,1.32911,1.32918,1.87,1.00
2017.10.26 20:29:29.167,1.32911,1.32918,1.37,1.00
2017.10.26 20:29:29.899,1.32912,1.32918,1.31,1.00
2017.10.26 20:29:30.459,1.32912,1.32918,1.31,1.00
2017.10.26 20:29:30.978,1.32911,1.32918,1.87,1.00
2017.10.26 20:29:31.496,1.32912,1.32918,1.00,1.00
2017.10.26 20:29:31.882,1.32912,1.3292,1.19,2.06
2017.10.26 20:29:32.393,1.32912,1.32919,1.69,1.00
2017.10.26 20:29:32.902,1.32913,1.3292,1.25,1.31
2017.10.26 20:29:33.444,1.32913,1.32921,1.87,3.56
2017.10.26 20:29:33.649,1.3291,1.32917,3.75,1.00
2017.10.26 20:29:33.939,1.32909,1.32919,5.44,3.00
2017.10.26 20:29:34.450,1.32911,1.32918,1.87,1.00
2017.10.26 20:29:34.503,1.32911,1.3292,1.50,3.94
2017.10.26 20:29:36.362,1.32912,1.32919,1.37,1.00
2017.10.26 20:29:37.690,1.32915,1.32921,1.19,1.56
2017.10.26 20:29:37.839,1.32917,1.32924,1.50,1.00
2017.10.26 20:29:38.454,1.32917,1.32925,1.87,1.12
2017.10.26 20:29:38.827,1.32916,1.32924,1.31,1.00
2017.10.26 20:29:39.136,1.32916,1.32924,1.69,1.50
2017.10.26 20:29:40.658,1.32916,1.32924,1.31,1.00
2017.10.26 20:29:41.229,1.32916,1.32924,1.25,1.50
2017.10.26 20:29:41.809,1.32915,1.32924,1.31,3.37
2017.10.26 20:29:42.911,1.32915,1.32924,1.31,3.37
2017.10.26 20:29:43.430,1.32915,1.32924,1.31,3.37
2017.10.26 20:29:43.940,1.32915,1.32923,1.00,1.50
2017.10.26 20:29:44.580,1.32915,1.32922,1.00,1.00
2017.10.26 20:29:45.140,1.32912,1.32917,1.69,1.19
2017.10.26 20:29:45.191,1.32909,1.32917,2.89,1.69
2017.10.26 20:29:45.455,1.32908,1.32915,1.69,1.00
2017.10.26 20:29:45.817,1.32906,1.32912,1.25,1.00
2017.10.26 20:29:45.868,1.32902,1.32911,3.00,2.06
2017.10.26 20:29:46.392,1.32902,1.32911,3.37,1.19
2017.10.26 20:29:46.648,1.32905,1.32911,1.19,1.25
2017.10.26 20:29:47.248,1.32905,1.32912,1.00,1.19
2017.10.26 20:29:47.829,1.32903,1.32913,3.56,2.44
2017.10.26 20:29:48.135,1.32905,1.32912,1.69,1.00
2017.10.26 20:29:48.390,1.32904,1.32913,2.44,1.50
2017.10.26 20:29:48.926,1.32904,1.32913,4.31,1.00
2017.10.26 20:29:49.537,1.32905,1.32913,1.19,1.00
2017.10.26 20:29:50.250,1.3291,1.32917,1.25,1.00
2017.10.26 20:29:50.762,1.3291,1.32919,1.12,1.31
2017.10.26 20:29:50.864,1.3291,1.32919,1.87,1.31
2017.10.26 20:29:51.376,1.32913,1.32919,1.00,1.19
2017.10.26 20:29:51.710,1.32905,1.32912,1.00,2.25
2017.10.26 20:29:52.220,1.32905,1.32913,1.00,7.50
2017.10.26 20:29:52.850,1.32906,1.32913,1.00,3.00
2017.10.26 20:29:53.029,1.32908,1.32914,1.00,1.44
2017.10.26 20:29:54.891,1.32907,1.32914,1.25,1.69
2017.10.26 20:29:57.422,1.32907,1.32915,1.19,1.19
2017.10.26 20:29:57.971,1.32909,1.32916,1.00,5.81
2017.10.26 20:30:00.076,1.32912,1.32917,1.25,2.06
2017.10.26 20:30:00.239,1.32916,1.32923,1.00,5.25
2017.10.26 20:30:00.291,1.32914,1.32922,1.25,1.87
2017.10.26 20:30:00.394,1.32913,1.3292,1.00,2.25
2017.10.26 20:30:00.704,1.32919,1.32925,1.44,1.69
2017.10.26 20:30:00.756,1.32917,1.32922,1.56,1.00
2017.10.26 20:30:00.808,1.32916,1.32922,1.00,1.31
2017.10.26 20:30:00.969,1.32914,1.32922,1.31,1.19
2017.10.26 20:30:01.224,1.32914,1.32922,1.00,1.19
2017.10.26 20:30:01.732,1.32913,1.32921,1.25,1.25
2017.10.26 20:30:02.988,1.32912,1.32921,1.25,1.50
2017.10.26 20:30:03.553,1.32912,1.32921,1.19,1.25
2017.10.26 20:30:04.201,1.32912,1.3292,1.19,1.25
2017.10.26 20:30:04.732,1.32913,1.32921,1.00,1.69
2017.10.26 20:30:05.674,1.32914,1.32921,1.00,1.25
2017.10.26 20:30:06.258,1.32912,1.32921,1.19,1.87
2017.10.26 20:30:06.576,1.32912,1.32921,1.25,1.44
2017.10.26 20:30:08.271,1.32912,1.32921,1.25,1.31
2017.10.26 20:30:11.189,1.32911,1.32918,1.31,1.00
2017.10.26 20:30:11.291,1.32907,1.32916,1.47,1.00
2017.10.26 20:30:11.845,1.32908,1.32915,1.19,1.00
2017.10.26 20:30:12.352,1.32908,1.32915,1.25,1.00
2017.10.26 20:30:13.059,1.32908,1.3291,1.00,1.00
2017.10.26 20:30:13.111,1.32903,1.3291,1.00,1.00
2017.10.26 20:30:13.316,1.32903,1.32906,1.00,1.50
2017.10.26 20:30:13.419,1.32898,1.32906,1.25,1.69
2017.10.26 20:30:13.471,1.32898,1.32903,1.00,1.00
2017.10.26 20:30:13.573,1.32898,1.32905,1.00,1.00
2017.10.26 20:30:13.730,1.329,1.32907,1.19,1.87
2017.10.26 20:30:14.045,1.32906,1.32911,1.00,1.25
2017.10.26 20:30:14.100,1.32907,1.32915,1.25,1.57
2017.10.26 20:30:14.151,1.32909,1.32916,1.25,3.19
2017.10.26 20:30:15.067,1.32906,1.32914,1.87,1.25
2017.10.26 20:30:15.581,1.32905,1.32914,3.56,1.00
2017.10.26 20:30:16.106,1.32905,1.32913,2.62,1.25
2017.10.26 20:30:16.785,1.32904,1.32913,1.37,1.00
2017.10.26 20:30:16.838,1.32905,1.32911,1.12,1.00
2017.10.26 20:30:16.941,1.32908,1.32916,1.12,1.01
2017.10.26 20:30:17.095,1.3291,1.32915,1.19,1.00
2017.10.26 20:30:17.198,1.3291,1.32917,1.25,1.00
2017.10.26 20:30:17.708,1.32911,1.32918,1.25,1.00
2017.10.26 20:30:18.249,1.32911,1.32919,1.25,1.12
2017.10.26 20:30:18.806,1.32911,1.32918,1.00,1.00
2017.10.26 20:30:19.319,1.32911,1.32919,1.00,1.25
2017.10.26 20:30:19.840,1.32911,1.32918,1.25,1.00
2017.10.26 20:30:20.349,1.32911,1.32919,1.00,1.31
2017.10.26 20:30:20.916,1.32912,1.32919,1.00,1.12
2017.10.26 20:30:20.967,1.3291,1.32919,1.12,1.12
2017.10.26 20:30:21.373,1.32912,1.32919,1.00,1.69
2017.10.26 20:30:21.694,1.32914,1.32923,1.50,1.57
2017.10.26 20:30:21.797,1.32916,1.32923,1.00,1.00
2017.10.26 20:30:22.307,1.32915,1.32922,1.00,1.00
2017.10.26 20:30:22.895,1.32914,1.32924,1.25,3.94
2017.10.26 20:30:23.196,1.32917,1.32924,1.00,3.94
2017.10.26 20:30:24.378,1.32917,1.32924,1.25,1.01
2017.10.26 20:30:24.977,1.32917,1.32924,1.00,1.62
2017.10.26 20:30:30.527,1.32916,1.32924,1.19,1.25
2017.10.26 20:30:31.058,1.32916,1.32923,1.00,1.31
2017.10.26 20:30:31.644,1.32915,1.32923,1.00,1.87
2017.10.26 20:30:31.983,1.32916,1.32924,1.19,1.31
2017.10.26 20:30:35.657,1.32917,1.32924,1.12,1.25
2017.10.26 20:30:37.677,1.32917,1.32924,1.19,1.00
2017.10.26 20:30:38.191,1.32916,1.32925,2.06,2.62
2017.10.26 20:30:38.397,1.32916,1.32924,1.00,2.25
2017.10.26 20:30:38.859,1.32912,1.32918,1.25,1.00
2017.10.26 20:30:38.910,1.3291,1.32918,1.50,3.19
2017.10.26 20:30:39.587,1.3291,1.32917,1.00,1.50
2017.10.26 20:30:40.707,1.32909,1.32918,1.25,2.25
2017.10.26 20:30:41.407,1.32911,1.32919,1.00,6.75
2017.10.26 20:30:43.324,1.32909,1.32916,1.00,1.12
2017.10.26 20:30:44.546,1.32907,1.32916,3.75,1.00
2017.10.26 20:30:45.335,1.32908,1.32916,1.19,1.00
2017.10.26 20:30:46.089,1.32907,1.32917,3.75,1.25
2017.10.26 20:30:46.315,1.32908,1.32915,1.69,1.00
2017.10.26 20:30:46.469,1.32907,1.32917,4.50,1.31
2017.10.26 20:30:46.690,1.32908,1.32915,1.19,1.00
2017.10.26 20:30:47.417,1.32907,1.32915,2.06,1.00
2017.10.26 20:30:47.621,1.32907,1.32917,2.06,1.31
2017.10.26 20:30:48.626,1.32907,1.32917,2.81,1.69
2017.10.26 20:30:49.515,1.32907,1.32917,2.81,1.69
2017.10.26 20:30:49.668,1.32907,1.32917,2.81,1.69
2017.10.26 20:30:49.915,1.32907,1.32915,2.81,1.00
2017.10.26 20:30:50.224,1.32909,1.32917,1.19,1.00
2017.10.26 20:30:50.530,1.32909,1.32916,3.19,1.00
2017.10.26 20:30:50.582,1.32909,1.32916,2.81,1.00
2017.10.26 20:30:52.648,1.3291,1.32917,1.87,1.00
2017.10.26 20:30:53.181,1.3291,1.32917,1.25,1.00
2017.10.26 20:30:53.232,1.32908,1.32916,2.06,1.19
2017.10.26 20:30:53.335,1.32907,1.32914,1.12,1.25
2017.10.26 20:30:53.817,1.3291,1.32917,1.19,1.12
2017.10.26 20:30:53.869,1.32911,1.32919,1.19,1.69
2017.10.26 20:30:54.057,1.32913,1.32921,1.12,2.25
2017.10.26 20:30:54.109,1.32915,1.32922,1.00,1.00
2017.10.26 20:30:54.622,1.32914,1.32921,1.00,1.00
2017.10.26 20:30:55.190,1.32916,1.32923,1.87,1.69
2017.10.26 20:30:55.515,1.32917,1.32923,1.87,1.00
2017.10.26 20:30:55.567,1.32917,1.32925,1.87,2.25
2017.10.26 20:30:56.182,1.32921,1.32925,1.25,1.12
2017.10.26 20:30:56.234,1.3292,1.32925,1.50,1.87
2017.10.26 20:30:56.286,1.32919,1.32924,1.19,1.50
2017.10.26 20:30:56.389,1.32918,1.32925,1.50,2.62
2017.10.26 20:30:56.441,1.32918,1.32923,1.12,1.00
2017.10.26 20:30:56.654,1.32914,1.32921,1.50,1.00
2017.10.26 20:30:57.328,1.32914,1.32921,1.31,1.00
2017.10.26 20:30:57.380,1.32914,1.32923,3.37,1.95
2017.10.26 20:30:57.533,1.32916,1.32923,1.44,1.50
2017.10.26 20:30:57.585,1.32915,1.32921,1.44,1.00
2017.10.26 20:30:57.749,1.32914,1.32922,1.69,1.10
2017.10.26 20:30:57.800,1.32914,1.3292,1.12,1.00
2017.10.26 20:30:59.882,1.32914,1.3292,1.19,1.00
2017.10.26 20:31:00.468,1.32914,1.3292,1.25,1.00
2017.10.26 20:31:02.111,1.32914,1.3292,1.69,1.00
2017.10.26 20:31:02.644,1.32915,1.3292,1.19,1.00
2017.10.26 20:31:03.180,1.32915,1.32921,1.00,1.00
2017.10.26 20:31:03.893,1.32915,1.3292,1.00,1.00
2017.10.26 20:31:05.089,1.32913,1.3292,3.00,1.00
2017.10.26 20:31:05.642,1.32913,1.32919,2.25,1.00
2017.10.26 20:31:06.304,1.32913,1.32921,1.81,1.12
2017.10.26 20:31:07.341,1.32916,1.32922,1.00,1.87
2017.10.26 20:31:07.650,1.32905,1.32912,1.00,6.75
2017.10.26 20:31:08.466,1.32904,1.3291,1.12,1.50
2017.10.26 20:31:08.635,1.32902,1.32908,1.00,2.62
2017.10.26 20:31:09.607,1.329,1.32907,1.12,1.25
2017.10.26 20:31:10.222,1.32901,1.32907,1.00,1.25
2017.10.26 20:31:10.788,1.32902,1.32908,1.00,1.31
2017.10.26 20:31:11.299,1.32903,1.32908,1.00,2.81
2017.10.26 20:31:11.817,1.32902,1.32908,1.00,1.25
2017.10.26 20:31:12.343,1.32902,1.32907,1.00,1.00
2017.10.26 20:31:12.905,1.32902,1.32908,1.00,1.25
2017.10.26 20:31:15.161,1.32901,1.32908,1.00,1.25
2017.10.26 20:31:15.372,1.32903,1.32908,1.00,1.25
2017.10.26 20:31:17.471,1.329,1.32908,1.12,1.25
2017.10.26 20:31:17.522,1.329,1.32905,1.00,1.50
2017.10.26 20:31:17.831,1.32898,1.32904,1.00,1.50
2017.10.26 20:31:18.846,1.32896,1.32904,1.00,3.37
2017.10.26 20:31:19.410,1.32896,1.32903,1.00,1.00
2017.10.26 20:31:19.920,1.32896,1.32902,1.00,1.25
2017.10.26 20:31:28.845,1.32896,1.32901,1.00,1.00
2017.10.26 20:31:29.352,1.32896,1.32902,1.00,1.25
2017.10.26 20:31:30.358,1.32894,1.32902,1.25,2.06
2017.10.26 20:31:32.048,1.32892,1.32899,1.50,2.44
2017.10.26 20:31:32.356,1.32894,1.329,1.00,1.87
2017.10.26 20:31:32.939,1.32893,1.329,1.00,1.31
2017.10.26 20:31:33.716,1.32894,1.329,1.00,2.06
2017.10.26 20:31:34.275,1.32893,1.329,1.50,1.31
2017.10.26 20:31:35.673,1.32894,1.32902,1.00,4.12
2017.10.26 20:31:36.184,1.32895,1.32902,1.00,4.31
2017.10.26 20:31:36.842,1.32895,1.32902,1.00,4.12
2017.10.26 20:31:37.390,1.32895,1.32903,1.50,7.50
2017.10.26 20:31:37.981,1.32895,1.32902,1.50,2.81
2017.10.26 20:31:38.492,1.32895,1.32902,1.00,2.81
2017.10.26 20:31:47.885,1.32896,1.32902,1.00,2.81
2017.10.26 20:31:49.129,1.32898,1.32902,1.00,2.81
2017.10.26 20:31:49.638,1.32898,1.32902,1.00,1.12
2017.10.26 20:31:56.449,1.32898,1.32903,1.25,3.75
2017.10.26 20:31:56.552,1.32896,1.32902,1.25,2.81
2017.10.26 20:31:59.056,1.32898,1.32903,1.50,2.81
2017.10.26 20:32:04.147,1.32901,1.32907,1.00,3.94
2017.10.26 20:32:04.660,1.32901,1.32907,1.00,2.44
2017.10.26 20:32:06.346,1.32902,1.32908,1.00,5.44
2017.10.26 20:32:09.096,1.32901,1.32908,1.00,3.94
2017.10.26 20:32:11.690,1.32899,1.32908,2.62,3.19
2017.10.26 20:32:12.358,1.32901,1.32908,1.00,3.94
2017.10.26 20:32:13.989,1.329,1.32908,1.00,2.06
2017.10.26 20:32:14.793,1.32901,1.32908,1.00,2.06
2017.10.26 20:32:15.092,1.32898,1.32905,1.00,1.87
2017.10.26 20:32:15.195,1.32896,1.32904,1.25,3.19
2017.10.26 20:32:15.758,1.32896,1.32903,1.25,1.87
2017.10.26 20:32:16.704,1.32895,1.32903,1.19,1.87
2017.10.26 20:32:17.205,1.32894,1.32902,1.19,1.12
2017.10.26 20:32:17.727,1.32894,1.32902,1.19,1.37
2017.10.26 20:32:19.377,1.32894,1.32902,1.00,2.44
2017.10.26 20:32:21.187,1.32895,1.32902,1.25,1.69
2017.10.26 20:32:22.209,1.32896,1.32902,1.00,1.62
2017.10.26 20:32:27.816,1.32896,1.32902,1.00,1.25
2017.10.26 20:32:30.766,1.32895,1.32902,1.12,1.69
2017.10.26 20:32:30.818,1.32895,1.32903,1.69,2.44
2017.10.26 20:32:31.023,1.32898,1.32905,1.00,1.56
2017.10.26 20:32:31.723,1.32898,1.32905,1.00,1.50
2017.10.26 20:32:33.282,1.32897,1.32903,1.69,1.00
2017.10.26 20:32:33.800,1.32897,1.32903,1.69,1.00
2017.10.26 20:32:38.758,1.32897,1.32904,1.19,1.00
2017.10.26 20:32:39.063,1.32896,1.32902,1.00,1.00
2017.10.26 20:32:39.575,1.32895,1.32902,1.19,1.00
2017.10.26 20:32:39.916,1.32895,1.32902,1.25,1.00
2017.10.26 20:32:41.480,1.32894,1.32902,3.19,1.00
2017.10.26 20:32:42.051,1.32894,1.32901,2.44,1.00
2017.10.26 20:32:42.216,1.32894,1.32901,2.44,1.00
2017.10.26 20:32:42.369,1.32894,1.32901,2.44,1.00
2017.10.26 20:32:43.428,1.32895,1.32901,1.19,1.00
2017.10.26 20:32:47.056,1.32895,1.32901,1.19,1.00
2017.10.26 20:32:47.596,1.32895,1.32901,1.25,1.00
2017.10.26 20:32:48.152,1.32895,1.32901,1.19,1.00
2017.10.26 20:32:48.963,1.32895,1.32901,1.00,1.00
2017.10.26 20:32:49.278,1.32895,1.32901,1.19,1.00
2017.10.26 20:32:50.906,1.32894,1.32901,2.44,1.00
2017.10.26 20:32:51.831,1.3289,1.32899,6.19,1.00
2017.10.26 20:32:51.882,1.3289,1.32897,1.69,1.00
2017.10.26 20:32:52.390,1.32889,1.32896,1.44,1.00
2017.10.26 20:32:53.160,1.32889,1.32896,1.50,1.00
2017.10.26 20:32:54.586,1.32889,1.32896,1.50,1.00
2017.10.26 20:32:55.191,1.32889,1.32896,1.50,1.00
2017.10.26 20:32:56.301,1.32887,1.32894,1.44,1.00
2017.10.26 20:32:56.403,1.32885,1.32892,1.31,1.00
2017.10.26 20:32:56.455,1.32885,1.32892,1.31,1.00
2017.10.26 20:32:56.560,1.32884,1.3289,2.06,1.00
2017.10.26 20:32:57.334,1.32883,1.3289,1.44,1.00
2017.10.26 20:32:57.948,1.32882,1.32889,3.19,1.00
2017.10.26 20:32:58.555,1.32882,1.32889,2.81,1.00
2017.10.26 20:32:58.962,1.32882,1.32889,2.06,1.00
2017.10.26 20:32:59.166,1.32882,1.32889,2.06,1.00
2017.10.26 20:33:01.395,1.32882,1.3289,1.87,1.00
2017.10.26 20:33:01.739,1.32883,1.3289,1.44,1.00
2017.10.26 20:33:02.253,1.32883,1.3289,1.44,1.00
2017.10.26 20:33:02.559,1.32884,1.32892,1.19,1.87
2017.10.26 20:33:03.772,1.32883,1.32892,2.62,1.87
2017.10.26 20:33:04.534,1.32883,1.32892,1.12,1.87
2017.10.26 20:33:04.839,1.32883,1.3289,1.12,1.00
2017.10.26 20:33:05.366,1.32883,1.3289,1.12,1.00
2017.10.26 20:33:08.399,1.32883,1.32889,1.44,1.00
2017.10.26 20:33:09.575,1.32882,1.32889,2.81,1.00
2017.10.26 20:33:10.165,1.32883,1.32889,1.44,1.00
2017.10.26 20:33:12.580,1.32882,1.32889,3.56,1.00
2017.10.26 20:33:13.136,1.32882,1.3289,2.44,1.00
2017.10.26 20:33:13.655,1.32883,1.3289,1.44,1.00
2017.10.26 20:33:14.772,1.32883,1.3289,1.44,1.00
2017.10.26 20:33:16.408,1.32883,1.3289,1.44,1.00
2017.10.26 20:33:17.230,1.32883,1.3289,1.12,1.00
2017.10.26 20:33:17.536,1.32883,1.3289,1.44,1.00
2017.10.26 20:33:18.496,1.32883,1.3289,1.50,1.00
2017.10.26 20:33:18.815,1.32883,1.3289,1.50,1.00
2017.10.26 20:33:19.478,1.32882,1.3289,4.69,1.00
2017.10.26 20:33:22.166,1.32882,1.3289,2.06,1.00
2017.10.26 20:33:23.660,1.32883,1.3289,1.44,1.00
2017.10.26 20:33:24.405,1.32883,1.3289,1.44,1.00
2017.10.26 20:33:25.119,1.32883,1.3289,1.00,1.00
2017.10.26 20:33:25.636,1.32883,1.3289,1.44,1.00
2017.10.26 20:33:26.172,1.32882,1.3289,2.06,1.00
2017.10.26 20:33:28.511,1.32882,1.3289,1.87,1.00
2017.10.26 20:33:29.359,1.32882,1.32888,1.69,1.00
2017.10.26 20:33:29.717,1.32882,1.32888,1.87,1.00
2017.10.26 20:33:30.489,1.32883,1.32888,1.25,1.00
2017.10.26 20:33:30.541,1.32883,1.3289,1.25,1.00
2017.10.26 20:33:31.075,1.32881,1.3289,2.62,1.00
2017.10.26 20:33:31.598,1.32883,1.3289,1.19,1.00
2017.10.26 20:33:32.355,1.32883,1.3289,1.69,1.00
2017.10.26 20:33:33.233,1.32883,1.3289,1.19,1.00
2017.10.26 20:33:34.240,1.32883,1.3289,1.25,1.00
2017.10.26 20:33:35.755,1.32882,1.32888,1.44,1.00
2017.10.26 20:33:37.426,1.32881,1.32888,1.37,1.00
2017.10.26 20:33:38.464,1.32882,1.32888,1.44,1.00
2017.10.26 20:33:38.634,1.32882,1.32888,1.12,1.00
2017.10.26 20:33:40.147,1.32882,1.32888,1.44,1.00
2017.10.26 20:33:40.663,1.32882,1.32888,1.25,1.00
2017.10.26 20:33:41.761,1.32881,1.32886,1.00,1.00
2017.10.26 20:33:41.867,1.32877,1.32886,2.00,1.50
2017.10.26 20:33:41.919,1.32876,1.32883,2.25,1.00
2017.10.26 20:33:42.430,1.32876,1.32884,1.50,1.00
2017.10.26 20:33:43.894,1.32877,1.32884,1.19,1.00
2017.10.26 20:33:44.564,1.32877,1.32884,1.19,1.00
2017.10.26 20:33:45.478,1.32878,1.32884,1.37,1.00
2017.10.26 20:33:48.811,1.32875,1.32881,1.69,1.00
2017.10.26 20:33:48.862,1.32871,1.32877,1.50,1.00
2017.10.26 20:33:48.914,1.32869,1.32876,2.32,1.00
2017.10.26 20:33:51.038,1.32869,1.32875,1.19,1.00
2017.10.26 20:33:51.712,1.32868,1.32874,1.87,1.00
2017.10.26 20:33:52.266,1.32868,1.32874,1.87,1.00
2017.10.26 20:33:52.787,1.32868,1.32874,1.87,1.00
2017.10.26 20:33:53.297,1.32868,1.32874,2.25,1.00
2017.10.26 20:33:53.348,1.32868,1.32874,2.06,1.00
2017.10.26 20:33:53.450,1.32869,1.32875,1.31,1.00
2017.10.26 20:33:53.982,1.32868,1.32874,1.44,1.00
2017.10.26 20:33:54.494,1.32867,1.32874,2.06,1.00
2017.10.26 20:33:56.235,1.32867,1.32874,3.19,1.00
2017.10.26 20:33:58.137,1.32867,1.32875,4.12,1.00
2017.10.26 20:34:00.151,1.32867,1.32875,2.25,1.00
2017.10.26 20:34:00.777,1.32867,1.32875,2.25,1.00
2017.10.26 20:34:03.226,1.32867,1.32875,3.00,1.00
2017.10.26 20:34:03.746,1.32868,1.32876,1.19,1.00
2017.10.26 20:34:04.487,1.32868,1.32876,1.19,1.00
2017.10.26 20:34:05.524,1.32869,1.32876,1.19,1.00
2017.10.26 20:34:05.975,1.32868,1.32876,1.19,1.00
2017.10.26 20:34:07.494,1.32868,1.32876,1.19,1.50
2017.10.26 20:34:08.060,1.32868,1.32876,1.69,1.00
2017.10.26 20:34:08.266,1.32868,1.32876,1.19,1.00
2017.10.26 20:34:08.943,1.32868,1.32876,3.19,1.00
2017.10.26 20:34:09.783,1.32868,1.32876,2.44,1.00
2017.10.26 20:34:10.547,1.32869,1.32877,1.69,1.69
2017.10.26 20:34:10.599,1.32869,1.32877,1.69,1.69
2017.10.26 20:34:11.133,1.32868,1.32876,1.69,1.00
2017.10.26 20:34:12.153,1.32869,1.32877,1.19,1.25
2017.10.26 20:34:13.517,1.32869,1.32877,1.19,2.06
2017.10.26 20:34:14.090,1.3287,1.32877,1.19,1.31
2017.10.26 20:34:15.868,1.32871,1.32877,1.25,1.31
2017.10.26 20:34:16.073,1.32874,1.32877,1.00,1.25
2017.10.26 20:34:16.125,1.32877,1.32882,1.00,2.44
2017.10.26 20:34:16.330,1.32875,1.32884,1.69,2.44
2017.10.26 20:34:16.484,1.32875,1.32881,1.00,2.06
2017.10.26 20:34:16.535,1.32875,1.32882,1.50,1.69
2017.10.26 20:34:16.588,1.32878,1.32884,1.00,1.01
2017.10.26 20:34:16.691,1.32878,1.32886,1.25,3.75
2017.10.26 20:34:16.908,1.3288,1.32886,1.00,2.62
2017.10.26 20:34:17.418,1.32879,1.32886,1.00,2.62
2017.10.26 20:34:17.719,1.32881,1.32887,1.00,1.87
2017.10.26 20:34:18.249,1.32881,1.32887,1.00,1.87
2017.10.26 20:34:19.965,1.32881,1.32887,1.12,2.25
2017.10.26 20:34:20.663,1.32881,1.32887,1.12,2.25
2017.10.26 20:34:21.166,1.3288,1.32887,2.44,2.44
2017.10.26 20:34:21.473,1.32884,1.32892,1.19,5.06
2017.10.26 20:34:22.127,1.32884,1.32892,1.25,3.56
2017.10.26 20:34:22.631,1.32885,1.32893,1.19,2.44
2017.10.26 20:34:23.293,1.32888,1.32893,1.00,1.00
2017.10.26 20:34:23.851,1.32888,1.32894,1.25,1.50
2017.10.26 20:34:24.498,1.32887,1.32895,3.94,4.31
2017.10.26 20:34:26.251,1.32887,1.32894,3.19,1.00
2017.10.26 20:34:26.787,1.3289,1.32894,1.00,1.00
2017.10.26 20:34:28.307,1.3289,1.32893,1.00,1.00
2017.10.26 20:34:29.454,1.32889,1.32893,1.00,1.00
2017.10.26 20:34:29.966,1.32887,1.32893,3.19,1.00
2017.10.26 20:34:31.332,1.32887,1.32894,2.44,1.00
2017.10.26 20:34:32.278,1.32887,1.32895,2.44,4.31
2017.10.26 20:34:33.239,1.32889,1.32895,1.00,4.31
2017.10.26 20:34:35.284,1.32888,1.32894,2.25,1.00
2017.10.26 20:34:36.308,1.32888,1.32895,2.25,3.19
2017.10.26 20:34:36.826,1.3289,1.32895,1.00,4.31
2017.10.26 20:34:40.946,1.3289,1.32895,1.00,4.31
2017.10.26 20:34:42.370,1.32888,1.32895,5.06,2.62
2017.10.26 20:34:43.223,1.32889,1.32895,1.00,3.37
2017.10.26 20:34:44.367,1.3289,1.32895,1.00,2.62
2017.10.26 20:34:45.526,1.32888,1.32895,3.00,3.37
2017.10.26 20:34:47.035,1.32888,1.32895,3.56,2.25
2017.10.26 20:34:49.000,1.32888,1.32895,2.44,2.62
2017.10.26 20:34:50.386,1.32888,1.32894,1.69,1.00
2017.10.26 20:34:53.062,1.32888,1.32894,1.12,1.00
2017.10.26 20:34:54.387,1.32888,1.32895,1.50,3.00
2017.10.26 20:34:55.386,1.32888,1.32894,1.50,1.00
2017.10.26 20:34:56.375,1.32888,1.32895,1.25,6.00
2017.10.26 20:35:00.724,1.32888,1.32895,2.25,5.44
2017.10.26 20:35:01.794,1.32889,1.32894,1.00,1.50
2017.10.26 20:35:02.444,1.32887,1.32894,3.94,1.50
2017.10.26 20:35:04.749,1.32888,1.32895,1.75,4.31
2017.10.26 20:35:05.747,1.32888,1.32894,2.81,1.00
2017.10.26 20:35:06.031,1.32887,1.32894,1.69,1.00
2017.10.26 20:35:06.677,1.32889,1.32894,1.00,1.00
2017.10.26 20:35:07.237,1.32889,1.32893,1.00,1.00
2017.10.26 20:35:07.742,1.32887,1.32894,4.31,1.00
2017.10.26 20:35:10.762,1.32887,1.32895,4.31,2.81
2017.10.26 20:35:11.322,1.32887,1.32895,2.44,2.44
2017.10.26 20:35:12.014,1.32889,1.32895,1.00,3.19
2017.10.26 20:35:13.056,1.3289,1.32895,1.25,2.44
2017.10.26 20:35:13.769,1.3289,1.32894,1.25,1.00
2017.10.26 20:35:14.754,1.32889,1.32893,1.69,1.00
2017.10.26 20:35:16.100,1.32889,1.32893,1.00,1.00
2017.10.26 20:35:18.329,1.32888,1.32891,1.00,1.00
2017.10.26 20:35:18.482,1.32888,1.32893,1.00,2.81
2017.10.26 20:35:20.287,1.3289,1.32894,1.00,1.19
2017.10.26 20:35:28.274,1.32889,1.32893,1.00,1.62
2017.10.26 20:35:28.534,1.3289,1.32896,1.00,1.69
2017.10.26 20:35:29.058,1.32891,1.32897,1.25,2.44
2017.10.26 20:35:44.403,1.32893,1.32898,1.50,1.37
2017.10.26 20:35:44.455,1.32896,1.32902,1.00,3.19
2017.10.26 20:35:44.506,1.32896,1.329,1.00,1.00
2017.10.26 20:35:45.027,1.32895,1.32901,1.25,1.00
2017.10.26 20:35:45.364,1.32897,1.32902,1.00,1.69
2017.10.26 20:35:47.088,1.32897,1.32902,1.00,1.00
2017.10.26 20:35:59.841,1.32897,1.32903,1.00,1.87
2017.10.26 20:36:00.358,1.32898,1.32903,1.00,1.12
2017.10.26 20:36:01.595,1.32898,1.32903,1.00,1.37
2017.10.26 20:36:02.153,1.32898,1.32904,1.00,1.62
2017.10.26 20:36:05.223,1.32897,1.32903,1.00,1.37
2017.10.26 20:36:05.754,1.32897,1.32903,1.00,1.00
2017.10.26 20:36:15.540,1.32898,1.32903,1.00,1.50
2017.10.26 20:36:15.841,1.32894,1.32901,2.06,2.44
2017.10.26 20:36:15.892,1.32898,1.32902,1.00,1.10
2017.10.26 20:36:15.994,1.32896,1.32902,1.00,1.10
2017.10.26 20:36:18.310,1.32896,1.32901,1.00,1.00
2017.10.26 20:36:18.821,1.32896,1.32902,1.00,1.00
2017.10.26 20:36:25.331,1.32896,1.32903,1.00,1.12
2017.10.26 20:36:25.982,1.32897,1.32902,1.25,1.00
2017.10.26 20:36:27.127,1.32897,1.32903,1.25,1.87
2017.10.26 20:36:27.811,1.32897,1.32903,1.25,1.87
2017.10.26 20:36:30.273,1.32897,1.32903,1.25,1.12
2017.10.26 20:36:30.815,1.32897,1.32903,1.00,1.47
2017.10.26 20:36:39.878,1.32897,1.32903,1.12,1.00
2017.10.26 20:36:40.496,1.32897,1.32903,1.00,1.37
2017.10.26 20:36:41.029,1.32897,1.32903,1.12,1.00
2017.10.26 20:36:45.918,1.32898,1.32902,1.00,1.00
2017.10.26 20:36:48.930,1.32898,1.32903,1.00,1.12
2017.10.26 20:36:51.821,1.32896,1.32902,1.12,1.00
2017.10.26 20:36:57.959,1.32898,1.32902,1.00,1.12
2017.10.26 20:37:02.172,1.32898,1.32903,1.00,1.00
2017.10.26 20:37:03.900,1.32898,1.32902,1.00,1.00
2017.10.26 20:37:06.971,1.32898,1.32903,1.00,1.31
2017.10.26 20:37:07.525,1.32897,1.32903,1.00,1.25
2017.10.26 20:37:08.029,1.32897,1.32903,1.00,2.06
2017.10.26 20:37:08.808,1.32897,1.32902,1.00,1.19
2017.10.26 20:37:09.341,1.32897,1.32902,1.00,1.25
2017.10.26 20:37:09.878,1.32898,1.32902,1.00,1.25
2017.10.26 20:37:12.145,1.32896,1.32901,1.00,1.25
2017.10.26 20:37:12.696,1.32896,1.32901,1.00,1.19
2017.10.26 20:37:12.868,1.32896,1.32902,1.50,1.69
2017.10.26 20:37:14.056,1.32896,1.32902,1.50,1.39
2017.10.26 20:37:15.719,1.32896,1.32902,1.00,1.25
2017.10.26 20:37:16.318,1.32896,1.32902,1.50,1.31
2017.10.26 20:37:17.108,1.32896,1.32902,1.50,1.12
2017.10.26 20:37:17.611,1.32896,1.32902,1.50,1.31
2017.10.26 20:37:21.843,1.32896,1.32902,1.00,2.06
2017.10.26 20:37:22.589,1.32896,1.32902,1.00,2.06
2017.10.26 20:37:23.102,1.32896,1.32902,1.00,2.06
2017.10.26 20:37:24.104,1.32896,1.32902,1.12,1.19
2017.10.26 20:37:24.808,1.32896,1.32903,1.50,2.66
2017.10.26 20:37:25.538,1.32896,1.32903,1.50,2.66
2017.10.26 20:37:27.394,1.32896,1.32902,1.50,1.31
2017.10.26 20:37:27.946,1.32896,1.32902,1.50,1.19
2017.10.26 20:37:28.598,1.32896,1.32902,1.50,1.25
2017.10.26 20:37:29.148,1.32896,1.32902,1.50,1.19
2017.10.26 20:37:29.400,1.32895,1.32903,1.12,1.69
2017.10.26 20:37:30.043,1.32895,1.32902,1.00,2.06
2017.10.26 20:37:30.094,1.32895,1.32902,1.50,1.25
2017.10.26 20:37:30.298,1.32895,1.32901,1.12,1.69
2017.10.26 20:37:30.807,1.32895,1.32901,1.00,1.00
2017.10.26 20:37:31.682,1.32896,1.32902,1.00,2.25
2017.10.26 20:37:32.285,1.32896,1.32902,1.50,2.25
2017.10.26 20:37:32.809,1.32897,1.32902,1.00,1.69
2017.10.26 20:37:33.600,1.32895,1.32902,1.50,1.12
2017.10.26 20:37:34.113,1.32895,1.32902,1.50,1.69
2017.10.26 20:37:36.024,1.32896,1.32902,1.00,1.12
2017.10.26 20:37:37.906,1.32896,1.32902,1.00,3.56
2017.10.26 20:37:38.434,1.32896,1.32902,1.00,4.31
2017.10.26 20:37:39.807,1.32895,1.32902,2.25,2.44
2017.10.26 20:37:40.310,1.32895,1.32901,1.50,1.00
2017.10.26 20:37:40.886,1.32895,1.32901,1.00,2.44
2017.10.26 20:37:42.143,1.32894,1.32901,2.25,1.31
2017.10.26 20:37:42.805,1.32895,1.32901,1.00,3.19
2017.10.26 20:37:43.247,1.32894,1.32901,1.50,1.69
2017.10.26 20:37:43.349,1.32894,1.32901,1.50,3.04
2017.10.26 20:37:43.946,1.32895,1.32901,1.00,1.25
2017.10.26 20:37:44.099,1.32895,1.32901,1.00,1.76
2017.10.26 20:37:44.303,1.32895,1.32901,1.00,1.01
2017.10.26 20:37:44.816,1.32894,1.32901,4.31,1.00
2017.10.26 20:37:45.347,1.32894,1.32902,1.75,1.31
2017.10.26 20:37:45.856,1.32895,1.32902,1.50,3.56
2017.10.26 20:37:46.061,1.32894,1.32898,1.50,1.00
2017.10.26 20:37:46.569,1.32891,1.32897,1.50,1.00
2017.10.26 20:37:46.723,1.3289,1.32895,1.50,1.00
2017.10.26 20:37:47.967,1.3289,1.32895,1.00,1.19
2017.10.26 20:37:48.493,1.3289,1.32895,1.00,1.00
2017.10.26 20:37:51.987,1.3289,1.32895,1.50,1.19
2017.10.26 20:37:52.494,1.3289,1.32895,1.50,1.25
2017.10.26 20:37:53.006,1.3289,1.32895,1.50,1.19
2017.10.26 20:37:53.646,1.3289,1.32895,1.12,1.25
2017.10.26 20:37:55.499,1.3289,1.32895,1.50,1.19
2017.10.26 20:37:56.125,1.3289,1.32895,1.50,1.25
2017.10.26 20:37:56.799,1.3289,1.32896,1.50,1.25
2017.10.26 20:37:57.308,1.3289,1.32896,1.00,1.19
2017.10.26 20:37:58.023,1.3289,1.32896,1.50,1.25
2017.10.26 20:37:58.541,1.3289,1.32896,1.12,1.19
2017.10.26 20:37:59.667,1.3289,1.32896,1.50,1.25
2017.10.26 20:38:00.228,1.3289,1.32896,1.50,1.19
2017.10.26 20:38:00.944,1.3289,1.32896,1.00,1.12
2017.10.26 20:38:01.547,1.3289,1.32896,1.00,1.31
2017.10.26 20:38:02.059,1.3289,1.32896,1.00,1.50
2017.10.26 20:38:02.600,1.3289,1.32896,1.00,1.69
2017.10.26 20:38:03.210,1.3289,1.32896,1.00,1.31
2017.10.26 20:38:03.733,1.3289,1.32896,1.00,1.31
2017.10.26 20:38:04.241,1.32889,1.32896,1.50,2.06
2017.10.26 20:38:04.758,1.3289,1.32895,1.00,1.19
2017.10.26 20:38:05.134,1.3289,1.32896,1.00,2.81
2017.10.26 20:38:05.667,1.3289,1.32895,1.00,1.25
2017.10.26 20:38:07.252,1.32887,1.32894,1.12,2.81
2017.10.26 20:38:07.408,1.32887,1.32894,1.50,1.31
2017.10.26 20:38:07.829,1.32886,1.32894,1.50,1.19
2017.10.26 20:38:08.039,1.32888,1.32895,1.12,4.12
2017.10.26 20:38:08.550,1.32889,1.32895,1.12,2.25
2017.10.26 20:38:09.148,1.3289,1.32895,1.00,1.81
2017.10.26 20:38:10.826,1.32888,1.32895,1.00,2.25
2017.10.26 20:38:11.638,1.32887,1.32894,2.25,1.12
2017.10.26 20:38:12.395,1.32888,1.32894,1.00,1.12
2017.10.26 20:38:12.646,1.32888,1.32894,1.75,1.12
2017.10.26 20:38:19.295,1.32889,1.32894,1.00,1.31
2017.10.26 20:38:19.996,1.32888,1.32894,1.75,1.00
2017.10.26 20:38:20.775,1.32889,1.32894,1.00,1.00
2017.10.26 20:38:21.103,1.3289,1.32894,1.00,1.87
2017.10.26 20:38:21.155,1.32891,1.32896,1.00,1.87
2017.10.26 20:38:21.664,1.3289,1.32896,1.00,1.50
2017.10.26 20:38:22.194,1.3289,1.32897,1.00,4.12
2017.10.26 20:38:22.810,1.3289,1.32897,1.50,3.37
2017.10.26 20:38:23.363,1.32891,1.32897,1.00,1.87
2017.10.26 20:38:23.594,1.32889,1.32897,1.50,1.87
2017.10.26 20:38:24.837,1.32889,1.32897,1.50,3.37
2017.10.26 20:38:25.342,1.32891,1.32897,1.00,3.37
2017.10.26 20:38:25.393,1.32888,1.32895,2.44,1.19
2017.10.26 20:38:26.008,1.3289,1.32895,1.00,1.25
2017.10.26 20:38:27.762,1.3289,1.32895,1.00,1.19
2017.10.26 20:38:28.320,1.32887,1.32895,2.81,1.00
2017.10.26 20:38:29.349,1.32891,1.32896,1.00,1.31
2017.10.26 20:38:29.967,1.32891,1.32896,1.00,2.06
2017.10.26 20:38:30.498,1.32889,1.32896,1.75,1.31
2017.10.26 20:38:31.329,1.32891,1.32896,1.00,1.37
2017.10.26 20:38:31.915,1.3289,1.32896,1.50,1.62
2017.10.26 20:38:32.536,1.32889,1.32896,3.37,1.62
2017.10.26 20:38:33.494,1.3289,1.32896,1.75,1.37
2017.10.26 20:38:34.034,1.32891,1.32896,1.00,1.62
2017.10.26 20:38:37.260,1.3289,1.32896,1.00,1.87
2017.10.26 20:38:37.591,1.32889,1.32896,1.75,1.87
2017.10.26 20:38:38.101,1.3289,1.32896,1.00,1.87
2017.10.26 20:38:38.696,1.32889,1.32896,3.56,2.06
2017.10.26 20:38:41.994,1.32891,1.32895,1.00,1.31
2017.10.26 20:38:42.495,1.32888,1.32895,2.25,1.31
2017.10.26 20:38:43.001,1.32888,1.32894,2.25,1.25
2017.10.26 20:38:44.008,1.32891,1.32896,1.00,2.06
2017.10.26 20:38:44.545,1.3289,1.32896,1.00,2.44
2017.10.26 20:38:45.083,1.32888,1.32896,1.75,2.81
2017.10.26 20:38:45.592,1.3289,1.32893,1.00,1.00
2017.10.26 20:38:46.295,1.32891,1.32893,1.00,1.00
2017.10.26 20:38:46.844,1.32888,1.32893,1.75,1.00
2017.10.26 20:38:47.540,1.32891,1.32893,1.00,1.00
2017.10.26 20:38:49.090,1.32891,1.32894,1.00,1.00
2017.10.26 20:38:49.605,1.3289,1.32894,1.00,1.19
2017.10.26 20:38:50.138,1.32888,1.32894,2.44,1.19
2017.10.26 20:38:52.091,1.3289,1.32893,1.00,1.00
2017.10.26 20:38:52.593,1.32888,1.32894,2.00,1.25
2017.10.26 20:38:53.320,1.32888,1.32894,2.44,1.19
2017.10.26 20:38:53.575,1.32887,1.32892,1.00,1.00
2017.10.26 20:38:53.846,1.32886,1.32893,2.44,1.25
2017.10.26 20:38:54.495,1.32888,1.32893,1.00,1.19
2017.10.26 20:38:55.047,1.32889,1.32893,1.00,1.25
2017.10.26 20:38:55.696,1.32888,1.32893,2.44,1.25
2017.10.26 20:38:57.045,1.32888,1.32893,2.44,1.25
2017.10.26 20:38:58.517,1.32888,1.32893,1.50,1.25
2017.10.26 20:38:59.248,1.32889,1.32893,1.00,1.00
2017.10.26 20:38:59.792,1.32888,1.32893,2.44,1.00
2017.10.26 20:39:00.100,1.32885,1.3289,2.44,1.25
2017.10.26 20:39:01.144,1.32886,1.32891,1.00,1.00
2017.10.26 20:39:01.668,1.32887,1.32892,1.00,1.25
2017.10.26 20:39:02.178,1.32888,1.32893,1.00,1.00
2017.10.26 20:39:03.022,1.32888,1.32893,2.44,1.00
2017.10.26 20:39:05.482,1.32888,1.32895,1.50,3.37
2017.10.26 20:39:05.584,1.32888,1.32895,1.50,3.37
2017.10.26 20:39:06.108,1.32889,1.32895,1.50,1.00
2017.10.26 20:39:06.619,1.32889,1.32894,1.50,1.19
2017.10.26 20:39:06.670,1.32887,1.32893,2.25,1.19
2017.10.26 20:39:07.257,1.32888,1.32893,1.00,1.31
2017.10.26 20:39:07.823,1.3288,1.32887,1.69,2.25
2017.10.26 20:39:07.926,1.32878,1.32885,1.00,2.25
2017.10.26 20:39:08.028,1.32876,1.32884,1.12,1.81
2017.10.26 20:39:08.646,1.32877,1.32884,1.00,1.12
2017.10.26 20:39:08.952,1.32877,1.32884,1.00,1.12
2017.10.26 20:39:10.296,1.32879,1.32885,1.00,3.00
2017.10.26 20:39:10.806,1.32878,1.32885,1.00,6.19
2017.10.26 20:39:11.348,1.32879,1.32884,1.00,1.12
2017.10.26 20:39:11.936,1.32879,1.32885,1.00,4.50
2017.10.26 20:39:12.439,1.32879,1.32885,1.00,4.87
2017.10.26 20:39:12.988,1.32879,1.32885,1.00,4.50
2017.10.26 20:39:15.041,1.3288,1.32885,1.00,1.50
2017.10.26 20:39:15.093,1.32883,1.32889,1.50,1.37
2017.10.26 20:39:15.195,1.32884,1.32891,1.00,2.62
2017.10.26 20:39:15.349,1.32884,1.32891,1.00,1.50
2017.10.26 20:39:15.503,1.32884,1.32892,1.00,3.75
2017.10.26 20:39:15.944,1.32882,1.32888,1.00,3.00
2017.10.26 20:39:16.099,1.32883,1.3289,1.00,1.75
2017.10.26 20:39:16.150,1.32885,1.32891,1.00,4.12
2017.10.26 20:39:16.662,1.32885,1.3289,1.00,1.19
2017.10.26 20:39:17.364,1.32885,1.32892,1.00,5.62
2017.10.26 20:39:20.317,1.32887,1.32893,1.00,1.37
2017.10.26 20:39:20.471,1.32885,1.32893,1.12,1.50
2017.10.26 20:39:20.777,1.32886,1.32892,1.00,3.56
2017.10.26 20:39:21.310,1.32885,1.32891,1.12,1.56
2017.10.26 20:39:22.170,1.32885,1.32892,1.00,4.50
2017.10.26 20:39:22.687,1.32885,1.32891,1.00,1.56
2017.10.26 20:39:24.157,1.32885,1.32892,1.12,4.50
2017.10.26 20:39:24.665,1.32885,1.32892,1.12,3.75
2017.10.26 20:39:25.537,1.32885,1.32892,1.12,3.75
2017.10.26 20:39:26.148,1.32885,1.32892,1.50,4.50
2017.10.26 20:39:26.719,1.32885,1.32891,1.50,1.56
2017.10.26 20:39:27.858,1.32885,1.32891,1.12,1.56
2017.10.26 20:39:28.593,1.32885,1.32891,1.12,1.56
2017.10.26 20:39:29.383,1.32886,1.32891,1.00,1.56
2017.10.26 20:39:29.905,1.32885,1.32892,1.50,6.19
2017.10.26 20:39:30.420,1.32885,1.32892,1.00,6.19
2017.10.26 20:39:30.956,1.32886,1.32891,1.00,1.19
2017.10.26 20:39:31.507,1.32885,1.32891,1.12,1.19
2017.10.26 20:39:32.153,1.32886,1.32892,1.00,2.62
2017.10.26 20:39:32.956,1.32886,1.32892,1.00,3.37
2017.10.26 20:39:33.531,1.32886,1.32892,1.00,2.25
2017.10.26 20:39:34.113,1.32886,1.32892,1.00,2.25
2017.10.26 20:39:35.243,1.32886,1.32892,1.00,2.25
2017.10.26 20:39:35.799,1.32886,1.32892,1.00,2.25
2017.10.26 20:39:36.365,1.32886,1.32892,1.00,2.25
2017.10.26 20:39:37.025,1.32886,1.32892,1.12,2.25
2017.10.26 20:39:37.556,1.32886,1.32892,1.00,2.25
2017.10.26 20:39:38.081,1.32886,1.32892,1.00,1.50
2017.10.26 20:39:39.626,1.32886,1.32892,1.00,1.50
2017.10.26 20:39:41.087,1.32886,1.32893,1.12,6.37
2017.10.26 20:39:44.213,1.32886,1.32892,1.00,2.25
2017.10.26 20:39:44.742,1.32886,1.32892,1.00,2.25
2017.10.26 20:39:45.737,1.32885,1.32891,1.12,1.00
2017.10.26 20:39:46.285,1.32885,1.32892,1.50,2.25
2017.10.26 20:39:46.831,1.32885,1.32891,1.50,1.00
2017.10.26 20:39:47.360,1.32885,1.32893,1.50,10.12
2017.10.26 20:39:47.911,1.32887,1.32891,1.00,1.00
2017.10.26 20:39:49.148,1.32887,1.32893,1.00,5.47
2017.10.26 20:39:49.797,1.32887,1.32891,1.00,1.00
2017.10.26 20:39:51.189,1.32887,1.3289,1.00,1.00
2017.10.26 20:39:51.392,1.32885,1.3289,1.12,1.25
2017.10.26 20:39:51.963,1.32885,1.32891,1.12,1.50
2017.10.26 20:39:52.484,1.32885,1.32891,1.12,1.50
2017.10.26 20:39:52.997,1.32886,1.32892,1.00,1.81
2017.10.26 20:39:53.544,1.32885,1.32892,1.50,2.25
2017.10.26 20:39:59.278,1.32885,1.32892,1.12,2.25
2017.10.26 20:40:01.786,1.32885,1.32892,1.12,2.25
2017.10.26 20:40:02.329,1.32885,1.32892,1.12,2.25
2017.10.26 20:40:03.104,1.32884,1.32891,1.50,2.81
2017.10.26 20:40:03.653,1.32884,1.32891,1.50,1.31
2017.10.26 20:40:04.177,1.32885,1.32891,1.00,1.31
2017.10.26 20:40:05.241,1.32884,1.32891,1.50,1.31
2017.10.26 20:40:06.164,1.32884,1.3289,1.50,1.19
2017.10.26 20:40:06.215,1.32886,1.32891,1.00,1.31
2017.10.26 20:40:06.937,1.32884,1.3289,1.12,1.31
2017.10.26 20:40:06.989,1.32881,1.32888,1.00,1.25
2017.10.26 20:40:07.041,1.32879,1.32886,1.00,2.47
2017.10.26 20:40:07.656,1.32879,1.32885,1.00,5.62
2017.10.26 20:40:08.166,1.32878,1.32884,1.00,1.50
2017.10.26 20:40:08.434,1.32878,1.32884,1.00,1.50
2017.10.26 20:40:08.536,1.32878,1.32884,1.00,1.50
2017.10.26 20:40:09.250,1.32878,1.32884,1.00,1.50
2017.10.26 20:40:09.771,1.32877,1.32884,1.00,1.44
2017.10.26 20:40:10.284,1.32877,1.32884,1.00,1.50
2017.10.26 20:40:10.798,1.32877,1.32885,1.00,3.37
2017.10.26 20:40:11.455,1.32877,1.32885,1.00,8.47
2017.10.26 20:40:12.054,1.32877,1.32885,1.00,8.62
2017.10.26 20:40:13.024,1.32877,1.32884,1.00,2.62
2017.10.26 20:40:13.598,1.32877,1.32884,1.00,4.87
2017.10.26 20:40:14.424,1.32877,1.32884,1.00,4.12
2017.10.26 20:40:14.957,1.32877,1.32884,1.00,4.12
2017.10.26 20:40:15.667,1.32877,1.32883,1.00,1.31
2017.10.26 20:40:16.237,1.32877,1.32883,1.00,1.31
2017.10.26 20:40:16.746,1.32877,1.32884,1.00,3.00
2017.10.26 20:40:17.295,1.32877,1.32884,1.00,3.37
2017.10.26 20:40:17.714,1.32877,1.32884,1.00,3.37
2017.10.26 20:40:18.135,1.32877,1.32883,1.00,1.19
2017.10.26 20:40:18.847,1.32877,1.32884,1.00,2.62
2017.10.26 20:40:20.860,1.32877,1.32884,1.00,2.25
2017.10.26 20:40:21.389,1.32877,1.32883,1.00,1.19
2017.10.26 20:40:22.290,1.32877,1.32883,1.00,1.19
2017.10.26 20:40:22.796,1.32877,1.32883,1.00,1.19
2017.10.26 20:40:23.696,1.32877,1.32884,1.00,2.62
2017.10.26 20:40:24.588,1.32877,1.32884,1.00,1.50
2017.10.26 20:40:25.454,1.32877,1.32885,1.00,1.87
2017.10.26 20:40:26.624,1.32878,1.32885,1.00,2.25
2017.10.26 20:40:27.307,1.32878,1.32885,1.00,2.25
2017.10.26 20:40:27.844,1.32878,1.32885,1.00,2.25
2017.10.26 20:40:29.345,1.32878,1.32885,1.00,2.25
2017.10.26 20:40:29.896,1.32879,1.32886,1.00,3.00
2017.10.26 20:40:29.950,1.32882,1.32886,1.00,1.25
2017.10.26 20:40:30.262,1.32884,1.3289,1.00,1.44
2017.10.26 20:40:30.776,1.32883,1.3289,1.00,1.44
2017.10.26 20:40:31.288,1.32884,1.3289,1.00,1.19
2017.10.26 20:40:31.735,1.32884,1.3289,1.00,3.00
2017.10.26 20:40:32.268,1.32884,1.3289,1.00,4.12
2017.10.26 20:40:32.777,1.32884,1.3289,1.00,1.87
2017.10.26 20:40:33.491,1.32883,1.3289,1.00,2.62
2017.10.26 20:40:35.732,1.32883,1.3289,1.00,1.87
2017.10.26 20:40:36.037,1.32885,1.32889,1.00,1.00
2017.10.26 20:40:39.315,1.32885,1.32891,1.00,2.25
2017.10.26 20:40:39.486,1.32885,1.32891,1.00,2.25
2017.10.26 20:40:39.815,1.32885,1.32891,1.00,2.25
2017.10.26 20:40:41.026,1.32887,1.32893,1.00,3.00
2017.10.26 20:40:41.078,1.32889,1.32893,1.00,1.25
2017.10.26 20:40:41.130,1.32887,1.32893,1.00,1.25
2017.10.26 20:40:41.181,1.32883,1.3289,2.44,1.00
2017.10.26 20:40:41.284,1.32882,1.32889,1.50,1.00
2017.10.26 20:40:41.437,1.32884,1.32891,1.87,1.00
2017.10.26 20:40:41.744,1.32882,1.32889,1.50,1.00
2017.10.26 20:40:42.394,1.32881,1.32888,2.44,1.00
2017.10.26 20:40:42.942,1.32881,1.32888,2.06,1.25
2017.10.26 20:40:43.989,1.3288,1.32887,2.44,1.00
2017.10.26 20:40:44.501,1.3288,1.32887,1.69,1.19
2017.10.26 20:40:45.011,1.3288,1.32887,2.06,1.00
2017.10.26 20:40:45.250,1.32877,1.32886,1.69,1.25
2017.10.26 20:40:45.705,1.32876,1.32883,1.12,1.25
2017.10.26 20:40:48.391,1.32875,1.32882,1.12,1.00
2017.10.26 20:40:48.938,1.32876,1.32884,1.00,1.19
2017.10.26 20:40:51.337,1.32876,1.32884,1.00,1.31
2017.10.26 20:40:51.971,1.32876,1.32884,1.00,1.31
2017.10.26 20:40:53.097,1.32876,1.32884,1.00,1.19
2017.10.26 20:40:53.882,1.32876,1.32884,1.00,1.19
2017.10.26 20:40:54.798,1.32876,1.32883,1.00,1.25
2017.10.26 20:40:55.988,1.32876,1.32878,1.00,1.00
2017.10.26 20:40:56.040,1.32873,1.32878,1.00,1.00
2017.10.26 20:40:56.143,1.32872,1.32879,1.00,1.19
2017.10.26 20:40:56.298,1.3287,1.32877,1.00,1.25
2017.10.26 20:40:56.457,1.32872,1.32879,1.00,1.69
2017.10.26 20:40:56.969,1.32872,1.32879,1.19,1.00
2017.10.26 20:40:57.503,1.32873,1.3288,1.00,1.69
2017.10.26 20:40:58.615,1.32873,1.3288,1.19,1.25
2017.10.26 20:40:59.969,1.32874,1.3288,1.00,1.44
2017.10.26 20:41:00.547,1.32874,1.3288,1.00,1.50
2017.10.26 20:41:01.077,1.32874,1.3288,1.00,1.50
2017.10.26 20:41:01.584,1.32874,1.3288,1.00,1.50
2017.10.26 20:41:02.104,1.32874,1.3288,1.00,1.87
2017.10.26 20:41:02.644,1.32874,1.3288,1.00,1.87
2017.10.26 20:41:03.032,1.32874,1.3288,1.00,1.44
2017.10.26 20:41:03.180,1.32874,1.32881,1.50,1.19
2017.10.26 20:41:03.232,1.32879,1.32887,1.00,2.70
2017.10.26 20:41:03.744,1.32881,1.32887,1.00,1.19
2017.10.26 20:41:04.255,1.32881,1.32887,1.00,1.25
2017.10.26 20:41:05.054,1.32881,1.32886,1.00,1.00
2017.10.26 20:41:05.568,1.3288,1.32886,1.12,1.25
2017.10.26 20:41:06.056,1.3288,1.32882,1.00,1.00
2017.10.26 20:41:06.110,1.32875,1.32882,1.00,1.25
2017.10.26 20:41:06.365,1.32874,1.3288,1.00,1.00
2017.10.26 20:41:06.887,1.32873,1.3288,1.69,1.00
2017.10.26 20:41:10.343,1.32873,1.3288,3.37,1.00
2017.10.26 20:41:10.895,1.32874,1.32881,1.37,1.00
2017.10.26 20:41:10.999,1.3287,1.32879,2.44,1.69
2017.10.26 20:41:11.102,1.32874,1.3288,1.00,1.25
2017.10.26 20:41:11.630,1.32873,1.3288,1.50,1.00
2017.10.26 20:41:12.262,1.32874,1.3288,1.37,1.00
2017.10.26 20:41:12.818,1.32873,1.32882,4.87,1.25
2017.10.26 20:41:12.921,1.32873,1.32882,3.37,1.19
2017.10.26 20:41:13.075,1.32873,1.3288,1.12,1.00
2017.10.26 20:41:13.622,1.32872,1.32879,1.50,1.00
2017.10.26 20:41:14.517,1.32872,1.32879,1.00,1.19
2017.10.26 20:41:14.670,1.32873,1.32882,1.12,1.69
2017.10.26 20:41:15.424,1.32873,1.32882,1.12,1.19
2017.10.26 20:41:15.886,1.32871,1.32878,1.31,1.19
2017.10.26 20:41:16.039,1.3287,1.32879,1.31,1.25
2017.10.26 20:41:16.090,1.3287,1.32879,1.31,1.19
2017.10.26 20:41:16.142,1.3287,1.32879,1.69,1.25
2017.10.26 20:41:16.864,1.32869,1.32879,2.06,1.19
2017.10.26 20:41:18.691,1.32869,1.32878,1.69,1.19
2017.10.26 20:41:19.231,1.32869,1.32877,1.31,1.19
2017.10.26 20:41:19.876,1.32869,1.32877,1.31,1.25
2017.10.26 20:41:20.421,1.32868,1.32877,2.44,1.19
2017.10.26 20:41:20.947,1.32871,1.32879,1.00,1.56
2017.10.26 20:41:21.495,1.32871,1.32878,1.00,1.31
2017.10.26 20:41:23.990,1.32871,1.32878,1.00,1.31
2017.10.26 20:41:24.651,1.32873,1.3288,1.25,1.50
2017.10.26 20:41:24.703,1.32875,1.32882,1.00,2.89
2017.10.26 20:41:25.214,1.32874,1.32881,1.00,1.69
2017.10.26 20:41:26.061,1.32874,1.32881,1.00,1.69
2017.10.26 20:41:26.562,1.32874,1.32881,1.00,1.12
2017.10.26 20:41:27.316,1.32875,1.32882,1.00,1.25
2017.10.26 20:41:27.833,1.32876,1.32883,1.00,1.69
2017.10.26 20:41:28.740,1.32876,1.32883,1.00,1.69
2017.10.26 20:41:29.437,1.32876,1.32883,1.00,1.69
2017.10.26 20:41:30.403,1.32876,1.32883,1.00,1.19
2017.10.26 20:41:30.506,1.32876,1.32883,1.00,1.25
2017.10.26 20:41:31.015,1.32876,1.32883,1.00,1.31
2017.10.26 20:41:31.551,1.32876,1.32883,1.00,1.69
2017.10.26 20:41:34.844,1.32876,1.32882,1.00,1.25
2017.10.26 20:41:35.191,1.32876,1.32883,1.00,2.06
2017.10.26 20:41:35.394,1.32876,1.32883,1.00,1.69
2017.10.26 20:41:35.939,1.32876,1.32883,1.00,2.25
2017.10.26 20:41:36.142,1.32876,1.32883,1.00,2.44
2017.10.26 20:41:36.435,1.32876,1.32883,1.00,2.44
2017.10.26 20:41:36.486,1.32876,1.32883,1.00,2.44
2017.10.26 20:41:37.002,1.32876,1.32882,1.00,1.25
2017.10.26 20:41:37.782,1.32876,1.32882,1.00,1.19
2017.10.26 20:41:38.045,1.32876,1.32883,1.00,1.31
2017.10.26 20:41:38.277,1.32876,1.32883,1.00,1.31
2017.10.26 20:41:38.786,1.32876,1.32883,1.00,1.69
2017.10.26 20:41:39.397,1.32876,1.32883,1.00,1.69
2017.10.26 20:41:39.742,1.32876,1.32883,1.00,1.69
2017.10.26 20:41:39.793,1.32876,1.32883,1.00,1.31
2017.10.26 20:41:40.087,1.32876,1.32883,1.00,1.31
2017.10.26 20:41:40.475,1.32876,1.32883,1.00,1.12
2017.10.26 20:41:40.630,1.32876,1.32883,1.00,1.31
2017.10.26 20:41:40.935,1.32876,1.32883,1.00,1.25
2017.10.26 20:41:41.560,1.32876,1.32883,1.00,1.31
2017.10.26 20:41:42.094,1.32876,1.32883,1.00,1.69
2017.10.26 20:41:42.268,1.32876,1.32883,1.00,1.69
2017.10.26 20:41:42.605,1.32874,1.32879,1.12,1.00
2017.10.26 20:41:43.283,1.32872,1.32878,3.75,1.00
2017.10.26 20:41:43.436,1.32872,1.32878,1.50,1.00
2017.10.26 20:41:47.840,1.32871,1.32878,1.69,1.00
2017.10.26 20:41:48.299,1.32871,1.32879,4.87,1.00
2017.10.26 20:41:58.967,1.32872,1.32879,1.00,1.25
2017.10.26 20:42:01.540,1.32872,1.32878,1.87,1.00
2017.10.26 20:42:04.312,1.32872,1.32879,1.12,1.00
2017.10.26 20:42:09.735,1.32872,1.32879,1.69,1.00
2017.10.26 20:42:31.694,1.32872,1.32879,2.44,1.00
2017.10.26 20:42:32.253,1.32872,1.32879,1.69,1.19
2017.10.26 20:42:38.086,1.32872,1.32879,1.25,1.00
2017.10.26 20:42:38.594,1.32872,1.32879,1.25,1.19
2017.10.26 20:42:42.816,1.3287,1.32875,1.00,1.00
2017.10.26 20:42:43.041,1.32867,1.32874,3.37,1.00
2017.10.26 20:42:44.362,1.32867,1.32874,2.62,1.25
2017.10.26 20:42:46.226,1.32867,1.32874,2.81,1.25
2017.10.26 20:42:47.026,1.32867,1.32874,1.00,1.00
2017.10.26 20:42:47.532,1.32865,1.32873,4.69,1.25
2017.10.26 20:42:47.949,1.32865,1.32872,2.06,1.00
2017.10.26 20:42:48.001,1.32862,1.32869,1.69,1.00
2017.10.26 20:42:48.307,1.32865,1.32872,1.00,1.25
2017.10.26 20:42:48.645,1.32867,1.32874,1.87,1.25
2017.10.26 20:42:49.160,1.32869,1.32876,1.87,1.25
2017.10.26 20:42:49.466,1.32871,1.32878,1.00,1.44
2017.10.26 20:42:49.569,1.32872,1.32881,1.12,3.56
2017.10.26 20:42:50.437,1.32872,1.3288,1.00,2.06
2017.10.26 20:42:50.591,1.32872,1.32879,1.00,1.69
2017.10.26 20:42:50.643,1.32872,1.32879,1.00,1.50
2017.10.26 20:42:50.694,1.32873,1.32882,1.25,1.01
2017.10.26 20:42:50.796,1.32874,1.32883,1.31,1.31
2017.10.26 20:42:51.000,1.32872,1.32881,1.87,1.12
2017.10.26 20:42:51.676,1.32874,1.32881,1.00,1.20
2017.10.26 20:42:52.980,1.32873,1.3288,1.25,1.00
2017.10.26 20:42:53.643,1.32873,1.3288,1.19,1.00
2017.10.26 20:42:54.210,1.32869,1.32876,5.62,1.00
2017.10.26 20:42:54.263,1.32869,1.32875,1.00,1.00
2017.10.26 20:42:54.519,1.32869,1.32875,1.31,1.50
2017.10.26 20:42:54.672,1.32868,1.32875,1.56,1.87
2017.10.26 20:42:55.183,1.32868,1.32874,1.56,1.00
2017.10.26 20:42:55.643,1.32869,1.32877,1.31,1.50
2017.10.26 20:42:55.695,1.32872,1.32879,1.25,1.39
2017.10.26 20:42:56.114,1.32874,1.3288,1.00,1.69
2017.10.26 20:42:56.465,1.32872,1.32879,1.00,3.64
2017.10.26 20:42:56.824,1.32872,1.3288,1.00,3.19
2017.10.26 20:42:57.241,1.32875,1.32882,1.00,6.07
2017.10.26 20:42:57.970,1.32876,1.32882,1.00,3.00
2017.10.26 20:42:58.497,1.32875,1.32882,1.00,2.62
2017.10.26 20:43:00.252,1.32875,1.32882,1.00,1.50
2017.10.26 20:43:00.803,1.32876,1.32883,1.00,3.82
2017.10.26 20:43:01.554,1.32875,1.32882,1.00,1.25
2017.10.26 20:43:02.194,1.32876,1.32883,1.00,1.87
2017.10.26 20:43:02.551,1.32874,1.32883,1.25,2.25
2017.10.26 20:43:02.724,1.32876,1.32883,1.00,1.87
2017.10.26 20:43:03.927,1.32875,1.32882,1.00,1.12
2017.10.26 20:43:04.767,1.32875,1.32882,1.19,1.00
2017.10.26 20:43:05.281,1.32875,1.32882,1.25,1.00
2017.10.26 20:43:05.588,1.32873,1.3288,1.00,1.00
2017.10.26 20:43:06.100,1.32872,1.32879,1.00,1.00
2017.10.26 20:43:07.220,1.32872,1.32879,1.19,1.00
2017.10.26 20:43:07.373,1.3287,1.32877,1.00,1.50
2017.10.26 20:43:07.578,1.32871,1.32875,1.25,1.00
2017.10.26 20:43:07.774,1.3287,1.32877,1.00,2.06
2017.10.26 20:43:07.928,1.3287,1.32877,1.19,1.25
2017.10.26 20:43:08.440,1.32871,1.32879,1.25,1.56
2017.10.26 20:43:08.950,1.32871,1.32879,1.19,2.06
2017.10.26 20:43:09.455,1.32871,1.32879,1.25,1.87
2017.10.26 20:43:10.078,1.3287,1.32877,1.69,1.00
2017.10.26 20:43:10.386,1.3287,1.32877,1.19,1.00
2017.10.26 20:43:10.926,1.32871,1.32877,1.25,1.00
2017.10.26 20:43:11.437,1.32871,1.32878,1.25,2.62
2017.10.26 20:43:12.154,1.32873,1.32878,1.00,1.12
2017.10.26 20:43:12.668,1.32872,1.32878,1.25,1.12
2017.10.26 20:43:13.259,1.32867,1.32873,1.19,1.00
2017.10.26 20:43:13.311,1.32866,1.32873,1.12,1.50
2017.10.26 20:43:13.363,1.32865,1.32873,1.00,3.00
2017.10.26 20:43:13.938,1.32865,1.32872,1.19,1.37
2017.10.26 20:43:14.861,1.32864,1.32872,1.69,1.87
2017.10.26 20:43:15.393,1.32864,1.32872,1.69,1.37
2017.10.26 20:43:15.909,1.32865,1.32872,1.19,1.87
2017.10.26 20:43:20.548,1.32865,1.32872,1.19,1.87
2017.10.26 20:43:21.057,1.32866,1.32872,1.25,1.00
2017.10.26 20:43:21.579,1.32866,1.32872,1.19,1.00
2017.10.26 20:43:22.129,1.32866,1.32872,1.25,1.12
2017.10.26 20:43:23.338,1.32866,1.32872,1.19,1.12
2017.10.26 20:43:24.104,1.32866,1.32872,1.25,1.00
2017.10.26 20:43:24.617,1.32864,1.32872,1.69,1.87
2017.10.26 20:43:26.977,1.32864,1.32872,1.25,1.87
2017.10.26 20:43:27.489,1.32864,1.32871,1.25,1.00
2017.10.26 20:43:28.017,1.32864,1.32871,1.19,1.00
2017.10.26 20:43:28.541,1.32864,1.32871,1.25,1.00
2017.10.26 20:43:30.026,1.32864,1.32871,1.69,1.00
2017.10.26 20:43:30.278,1.32864,1.32871,1.25,1.00
2017.10.26 20:43:30.798,1.32864,1.32871,1.69,1.12
2017.10.26 20:43:31.599,1.32864,1.32871,1.69,1.12
2017.10.26 20:43:31.650,1.32864,1.32871,1.69,1.12
2017.10.26 20:43:32.206,1.32864,1.32871,1.69,1.12
2017.10.26 20:43:32.745,1.32864,1.32871,2.44,1.12
2017.10.26 20:43:33.435,1.32864,1.32871,1.69,1.12
2017.10.26 20:43:33.779,1.32864,1.32871,1.69,1.00
2017.10.26 20:43:34.974,1.32864,1.32871,1.19,1.12
2017.10.26 20:43:35.555,1.32864,1.32871,1.19,1.87
2017.10.26 20:43:36.592,1.32864,1.32871,1.69,1.87
2017.10.26 20:43:36.860,1.32864,1.32871,2.44,1.87
2017.10.26 20:43:37.395,1.32864,1.32871,1.19,1.87
2017.10.26 20:43:38.946,1.32864,1.32871,1.69,1.87
2017.10.26 20:43:39.767,1.32864,1.32871,1.69,1.12
2017.10.26 20:43:40.336,1.32864,1.32871,1.69,1.12
2017.10.26 20:43:40.388,1.32864,1.32871,1.69,1.12
2017.10.26 20:43:40.798,1.32864,1.32871,2.44,1.12
2017.10.26 20:43:44.198,1.32864,1.32871,1.69,1.12
2017.10.26 20:43:44.729,1.32864,1.32871,1.69,1.12
2017.10.26 20:43:45.388,1.32864,1.32871,2.44,1.12
2017.10.26 20:43:46.756,1.32864,1.32872,2.44,1.87
2017.10.26 20:43:46.807,1.32864,1.32872,2.44,1.87
2017.10.26 20:43:47.427,1.32866,1.32872,1.00,1.37
2017.10.26 20:43:48.045,1.32866,1.32872,1.19,1.12
2017.10.26 20:43:48.579,1.32866,1.32872,1.00,1.12
2017.10.26 20:43:49.111,1.32866,1.32872,1.19,1.12
2017.10.26 20:43:49.626,1.32866,1.32872,1.00,1.12
2017.10.26 20:43:50.254,1.32866,1.32872,1.19,1.12
2017.10.26 20:43:51.217,1.32866,1.32872,1.00,1.00
2017.10.26 20:43:51.751,1.32866,1.32872,1.19,1.00
2017.10.26 20:43:52.286,1.32866,1.32872,1.25,1.00
2017.10.26 20:43:53.157,1.32866,1.32872,1.19,1.00
2017.10.26 20:43:53.676,1.32866,1.32872,1.25,1.00
2017.10.26 20:43:55.125,1.32866,1.32872,1.19,1.00
2017.10.26 20:43:55.784,1.32866,1.32872,1.00,1.00
2017.10.26 20:43:57.510,1.32866,1.32872,1.19,1.12
2017.10.26 20:43:58.713,1.32867,1.32872,1.25,1.37
2017.10.26 20:43:59.645,1.32866,1.32872,1.25,1.37
2017.10.26 20:44:02.617,1.32867,1.32871,1.00,1.00
2017.10.26 20:44:03.128,1.32867,1.32873,1.00,3.75
2017.10.26 20:44:04.925,1.32865,1.32873,1.25,3.75
2017.10.26 20:44:05.596,1.32865,1.32873,1.19,3.75
2017.10.26 20:44:07.574,1.32865,1.32873,1.31,3.75
2017.10.26 20:44:08.523,1.32865,1.32872,2.06,1.37
2017.10.26 20:44:08.989,1.32865,1.32873,1.19,2.06
2017.10.26 20:44:10.026,1.32865,1.32873,1.19,2.44
2017.10.26 20:44:10.585,1.32867,1.32873,1.00,1.69
2017.10.26 20:44:14.698,1.32867,1.32873,1.25,2.81
2017.10.26 20:44:17.898,1.32866,1.32872,1.25,1.00
2017.10.26 20:44:19.039,1.32865,1.32872,1.69,1.00
2017.10.26 20:44:19.590,1.32865,1.32872,1.69,1.00
2017.10.26 20:44:19.975,1.32865,1.32873,1.69,2.81
2017.10.26 20:44:20.555,1.32865,1.32873,3.19,2.06
2017.10.26 20:44:21.123,1.32865,1.32873,3.19,2.81
2017.10.26 20:44:23.441,1.32865,1.32873,2.81,1.69
2017.10.26 20:44:25.155,1.32866,1.32873,1.25,2.44
2017.10.26 20:44:25.541,1.32868,1.32873,1.00,1.69
2017.10.26 20:44:26.992,1.32866,1.32873,1.00,1.69
2017.10.26 20:44:27.277,1.32868,1.32873,1.00,1.69
2017.10.26 20:44:27.949,1.32867,1.32873,1.00,1.69
2017.10.26 20:44:28.451,1.32868,1.32874,1.00,4.31
2017.10.26 20:44:29.002,1.32867,1.32873,1.00,1.62
2017.10.26 20:44:29.599,1.32867,1.32873,1.19,2.06
2017.10.26 20:44:30.137,1.32867,1.32873,1.19,2.06
2017.10.26 20:44:30.377,1.32867,1.32873,1.25,2.06
2017.10.26 20:44:30.665,1.32867,1.32873,1.19,2.06
2017.10.26 20:44:30.868,1.32867,1.32873,1.25,2.06
2017.10.26 20:44:31.173,1.3287,1.32875,1.25,2.06
2017.10.26 20:44:31.479,1.32867,1.32873,1.00,2.06
2017.10.26 20:44:31.785,1.32866,1.32874,1.19,4.31
2017.10.26 20:44:31.888,1.32866,1.32874,1.19,2.81
2017.10.26 20:44:32.412,1.32866,1.32873,1.00,2.81
2017.10.26 20:44:32.947,1.32866,1.32873,1.19,2.81
2017.10.26 20:44:33.458,1.32866,1.32873,1.25,2.81
2017.10.26 20:44:34.043,1.32867,1.32873,1.00,2.06
2017.10.26 20:44:34.145,1.32865,1.32872,1.00,2.25
2017.10.26 20:44:34.570,1.32867,1.32873,1.00,2.81
2017.10.26 20:44:36.378,1.32867,1.32873,1.00,2.06
2017.10.26 20:44:38.138,1.32868,1.32874,1.00,2.06
2017.10.26 20:44:38.648,1.32867,1.32874,1.00,2.44
2017.10.26 20:44:39.735,1.32867,1.32874,1.00,2.62
2017.10.26 20:44:41.030,1.32867,1.32873,1.19,1.31
2017.10.26 20:44:41.617,1.32867,1.32873,1.00,2.06
2017.10.26 20:44:42.146,1.32866,1.32873,1.00,2.06
2017.10.26 20:44:42.350,1.32867,1.32873,1.00,1.31
2017.10.26 20:44:43.907,1.32867,1.32874,1.25,2.25
2017.10.26 20:44:45.078,1.32866,1.32873,1.25,2.06
2017.10.26 20:44:45.588,1.32867,1.32873,1.00,2.06
2017.10.26 20:44:46.100,1.32866,1.32873,1.25,1.31
2017.10.26 20:44:46.738,1.32866,1.32873,1.19,1.31
2017.10.26 20:44:47.503,1.32866,1.32873,1.25,1.31
2017.10.26 20:44:48.246,1.32866,1.32873,1.19,1.31
2017.10.26 20:44:48.763,1.32866,1.32873,1.25,1.56
2017.10.26 20:44:49.658,1.32866,1.32873,1.19,1.56
2017.10.26 20:44:50.173,1.32866,1.32873,1.00,1.56
2017.10.26 20:44:50.520,1.32861,1.32868,3.37,2.25
2017.10.26 20:44:50.777,1.32862,1.32867,1.25,1.56
2017.10.26 20:44:51.370,1.3286,1.32868,1.19,2.81
2017.10.26 20:44:52.609,1.3286,1.32868,1.19,2.81
2017.10.26 20:44:53.128,1.3286,1.32868,1.19,2.81
2017.10.26 20:44:53.674,1.3286,1.32868,1.25,2.81
2017.10.26 20:44:54.208,1.3286,1.32868,1.19,1.87
2017.10.26 20:44:54.718,1.3286,1.32868,1.00,1.87
2017.10.26 20:44:54.769,1.3286,1.32868,1.19,1.87
2017.10.26 20:44:59.464,1.32863,1.32868,1.00,2.25
2017.10.26 20:44:59.887,1.32863,1.32868,1.00,1.00
2017.10.26 20:45:00.353,1.32865,1.3287,1.00,3.19
2017.10.26 20:45:00.456,1.32866,1.32873,1.00,2.06
2017.10.26 20:45:00.559,1.32868,1.32873,1.00,1.31
2017.10.26 20:45:01.124,1.32867,1.32872,1.00,1.25
2017.10.26 20:45:01.433,1.32867,1.32872,1.00,1.56
2017.10.26 20:45:01.587,1.32867,1.32873,1.00,1.25
2017.10.26 20:45:02.113,1.32867,1.32873,1.00,2.06
2017.10.26 20:45:02.625,1.32866,1.32873,1.00,1.62
2017.10.26 20:45:06.481,1.32865,1.3287,1.00,1.00
2017.10.26 20:45:07.006,1.32865,1.32872,1.00,1.69
2017.10.26 20:45:07.246,1.32869,1.32873,1.00,1.25
2017.10.26 20:45:07.553,1.32873,1.32877,1.00,1.19
2017.10.26 20:45:07.605,1.32874,1.32879,1.00,1.00
2017.10.26 20:45:07.983,1.32876,1.32881,1.00,1.19
2017.10.26 20:45:08.037,1.32878,1.32884,1.00,1.56
2017.10.26 20:45:08.345,1.3288,1.32885,1.00,2.25
2017.10.26 20:45:08.860,1.32879,1.32885,1.00,1.81
2017.10.26 20:45:09.382,1.3288,1.32885,1.00,3.19
2017.10.26 20:45:11.805,1.3288,1.32884,1.00,2.25
2017.10.26 20:45:12.325,1.3288,1.32885,1.00,1.50
2017.10.26 20:45:13.220,1.3288,1.32885,1.00,3.56
2017.10.26 20:45:13.736,1.32879,1.32884,1.00,2.25
2017.10.26 20:45:13.941,1.3288,1.32885,1.00,1.87
2017.10.26 20:45:14.145,1.32879,1.32884,1.00,2.25
2017.10.26 20:45:14.452,1.3288,1.32886,1.00,2.06
2017.10.26 20:45:14.962,1.3288,1.32886,1.00,1.69
2017.10.26 20:45:15.471,1.32881,1.32886,1.00,3.94
2017.10.26 20:45:16.106,1.3288,1.32885,1.00,2.25
2017.10.26 20:45:16.656,1.3288,1.32885,1.00,1.44
2017.10.26 20:45:17.254,1.32881,1.32885,1.00,1.87
2017.10.26 20:45:17.781,1.32882,1.32887,1.00,2.81
2017.10.26 20:45:18.387,1.32881,1.32887,1.00,1.87
2017.10.26 20:45:18.759,1.32883,1.32887,1.00,1.12
2017.10.26 20:45:18.913,1.32881,1.32887,1.00,1.19
2017.10.26 20:45:19.067,1.32883,1.32888,1.00,1.87
2017.10.26 20:45:20.590,1.32883,1.32888,1.00,3.00
2017.10.26 20:45:21.105,1.32883,1.32888,1.00,3.37
2017.10.26 20:45:21.614,1.32883,1.32888,1.00,3.00
2017.10.26 20:45:21.665,1.32882,1.32888,1.00,3.00
2017.10.26 20:45:22.124,1.32883,1.32888,1.00,3.37
2017.10.26 20:45:22.277,1.32882,1.32887,1.00,2.44
2017.10.26 20:45:22.791,1.32882,1.32887,1.00,2.44
2017.10.26 20:45:23.166,1.32881,1.32886,1.00,1.19
2017.10.26 20:45:23.625,1.32881,1.32885,1.00,2.06
2017.10.26 20:45:23.981,1.32881,1.32886,1.00,1.31
2017.10.26 20:45:24.185,1.32881,1.32886,1.00,3.37
2017.10.26 20:45:24.695,1.32881,1.32884,1.00,1.87
2017.10.26 20:45:24.899,1.32881,1.32885,1.00,1.00
2017.10.26 20:45:25.104,1.32881,1.32885,1.00,2.25
2017.10.26 20:45:25.410,1.3288,1.32885,1.00,1.00
2017.10.26 20:45:25.617,1.32881,1.32885,1.00,2.44
2017.10.26 20:45:25.822,1.32881,1.32886,1.00,5.44
2017.10.26 20:45:26.526,1.32881,1.32886,1.00,4.87
2017.10.26 20:45:27.103,1.32881,1.32886,1.00,2.44
2017.10.26 20:45:27.612,1.3288,1.32885,1.00,1.31
2017.10.26 20:45:27.969,1.3288,1.32885,1.00,3.37
2017.10.26 20:45:28.494,1.32881,1.32885,1.00,3.19
2017.10.26 20:45:29.813,1.32881,1.32885,1.00,2.06
2017.10.26 20:45:30.178,1.32881,1.32886,1.00,1.69
2017.10.26 20:45:32.606,1.32881,1.32887,1.00,1.50
2017.10.26 20:45:33.108,1.32882,1.32887,1.00,1.37
2017.10.26 20:45:33.657,1.32883,1.32887,1.00,1.37
2017.10.26 20:45:35.208,1.32883,1.32889,1.00,2.62
2017.10.26 20:45:35.719,1.32884,1.3289,1.00,3.37
2017.10.26 20:45:36.239,1.32885,1.3289,1.00,3.19
2017.10.26 20:45:36.921,1.32885,1.3289,1.00,2.81
2017.10.26 20:45:37.908,1.32884,1.3289,1.00,1.87
2017.10.26 20:45:38.518,1.32884,1.32889,1.00,1.87
2017.10.26 20:45:39.957,1.32885,1.32889,1.00,1.87
2017.10.26 20:45:40.359,1.32883,1.32887,1.00,1.00
2017.10.26 20:45:42.420,1.32882,1.32887,1.00,1.00
2017.10.26 20:45:42.958,1.32882,1.32886,1.00,1.00
2017.10.26 20:45:43.219,1.3288,1.32885,1.50,1.00
2017.10.26 20:45:45.684,1.32881,1.32885,1.00,1.69
2017.10.26 20:45:46.231,1.3288,1.32885,1.00,1.31
2017.10.26 20:45:47.140,1.32881,1.32885,1.00,1.62
2017.10.26 20:45:47.469,1.32881,1.32886,1.00,1.50
2017.10.26 20:45:47.978,1.32882,1.32886,1.00,1.00
2017.10.26 20:45:48.511,1.32881,1.32886,1.00,1.00
2017.10.26 20:45:49.011,1.32886,1.32888,1.00,1.00
2017.10.26 20:45:49.063,1.32885,1.32892,1.00,3.07
2017.10.26 20:45:49.115,1.32887,1.32892,1.00,1.00
2017.10.26 20:45:49.459,1.32888,1.32892,1.00,1.31
2017.10.26 20:45:49.970,1.32888,1.32893,1.00,1.75
2017.10.26 20:45:50.434,1.32887,1.32892,1.00,1.69
2017.10.26 20:45:50.844,1.32885,1.32891,1.00,1.44
2017.10.26 20:45:51.138,1.32883,1.32891,1.00,1.44
2017.10.26 20:45:51.393,1.32883,1.3289,1.00,2.81
2017.10.26 20:45:51.547,1.32881,1.3289,1.00,3.19
2017.10.26 20:45:52.059,1.32881,1.3289,1.00,4.69
2017.10.26 20:45:52.594,1.32882,1.32888,1.00,1.12
2017.10.26 20:45:53.104,1.32882,1.3289,1.00,2.06
2017.10.26 20:45:53.155,1.32884,1.3289,1.00,1.69
2017.10.26 20:45:54.269,1.32885,1.32891,1.00,1.44
2017.10.26 20:45:54.836,1.32884,1.32891,1.00,1.37
2017.10.26 20:45:55.143,1.32886,1.32893,1.00,2.25
2017.10.26 20:45:55.771,1.32885,1.32892,1.00,1.69
2017.10.26 20:45:56.333,1.32885,1.32892,1.00,1.69
2017.10.26 20:45:56.385,1.32885,1.32892,1.00,1.69
2017.10.26 20:45:56.589,1.32885,1.32892,1.00,1.69
2017.10.26 20:45:57.201,1.32886,1.32892,1.00,1.31
2017.10.26 20:45:58.163,1.32886,1.32893,1.00,2.06
2017.10.26 20:45:58.588,1.32886,1.32893,1.00,1.87
2017.10.26 20:45:58.791,1.32886,1.32892,1.00,1.19
2017.10.26 20:45:59.001,1.32886,1.32893,1.00,2.06
2017.10.26 20:45:59.555,1.32885,1.32891,1.00,1.12
2017.10.26 20:45:59.963,1.32886,1.32893,1.00,2.44
2017.10.26 20:46:00.218,1.32886,1.32893,1.00,3.56
2017.10.26 20:46:00.371,1.32887,1.32894,1.25,2.06
2017.10.26 20:46:00.755,1.32885,1.32893,1.00,1.62
2017.10.26 20:46:01.062,1.32887,1.32894,1.00,2.62
2017.10.26 20:46:01.572,1.32886,1.32893,1.00,2.06
2017.10.26 20:46:02.082,1.32887,1.32893,1.00,1.37
2017.10.26 20:46:02.611,1.32887,1.32893,1.00,1.00
2017.10.26 20:46:03.304,1.32887,1.32893,1.00,1.37
2017.10.26 20:46:03.508,1.32885,1.32893,1.25,1.37
2017.10.26 20:46:03.610,1.32885,1.32893,1.25,1.12
2017.10.26 20:46:03.855,1.32885,1.32893,1.25,1.62
2017.10.26 20:46:04.390,1.32886,1.32893,1.00,2.06
2017.10.26 20:46:04.645,1.32886,1.32893,1.00,2.06
2017.10.26 20:46:04.858,1.32886,1.32893,1.00,2.06
2017.10.26 20:46:05.113,1.32887,1.32893,1.00,1.00
2017.10.26 20:46:05.316,1.32886,1.32893,1.00,1.87
2017.10.26 20:46:05.622,1.32886,1.32893,1.19,1.69
2017.10.26 20:46:06.159,1.32886,1.32893,1.00,1.12
2017.10.26 20:46:06.313,1.32886,1.32893,1.00,1.62
2017.10.26 20:46:06.609,1.32886,1.32893,1.25,1.12
2017.10.26 20:46:06.661,1.32886,1.32893,1.25,1.37
2017.10.26 20:46:07.119,1.32886,1.32893,1.00,1.50
2017.10.26 20:46:07.171,1.32886,1.32893,1.00,1.87
2017.10.26 20:46:07.629,1.32886,1.32893,1.25,1.69
2017.10.26 20:46:07.680,1.32886,1.32893,1.25,2.06
2017.10.26 20:46:08.141,1.32886,1.32893,1.25,1.69
2017.10.26 20:46:08.328,1.32886,1.32893,1.00,2.06
2017.10.26 20:46:08.633,1.32886,1.32893,1.19,2.25
2017.10.26 20:46:09.046,1.32885,1.32893,1.25,1.50
2017.10.26 20:46:09.555,1.32885,1.32893,1.25,1.37
2017.10.26 20:46:09.607,1.32885,1.32893,1.19,1.12
2017.10.26 20:46:09.913,1.32886,1.32893,1.00,3.37
2017.10.26 20:46:10.181,1.32886,1.32893,1.00,2.06
2017.10.26 20:46:10.741,1.32886,1.32893,1.00,3.19
2017.10.26 20:46:11.264,1.32886,1.32893,1.00,3.94
2017.10.26 20:46:12.028,1.32886,1.32893,1.00,1.69
2017.10.26 20:46:12.616,1.32885,1.32894,1.19,2.81
2017.10.26 20:46:13.682,1.32886,1.32893,1.25,1.31
2017.10.26 20:46:14.243,1.32886,1.32894,1.19,3.56
2017.10.26 20:46:14.744,1.32886,1.32892,1.25,1.00
2017.10.26 20:46:15.248,1.32886,1.32894,1.19,3.19
2017.10.26 20:46:15.825,1.32886,1.32894,1.00,2.44
2017.10.26 20:46:16.530,1.32886,1.32894,1.19,1.37
2017.10.26 20:46:16.924,1.32887,1.32893,1.00,1.37
2017.10.26 20:46:16.975,1.32887,1.32893,1.00,1.12
2017.10.26 20:46:17.496,1.32886,1.32893,1.25,1.12
2017.10.26 20:46:17.997,1.32886,1.32893,1.19,1.12
2017.10.26 20:46:18.559,1.32886,1.32893,1.25,1.12
2017.10.26 20:46:19.087,1.32885,1.32893,1.19,1.12
2017.10.26 20:46:19.445,1.32885,1.32893,1.25,1.12
2017.10.26 20:46:19.649,1.32885,1.32893,1.00,1.37
2017.10.26 20:46:19.954,1.32886,1.32893,1.19,1.50
2017.10.26 20:46:20.260,1.32887,1.32893,1.00,1.37
2017.10.26 20:46:20.432,1.32887,1.32893,1.19,1.12
2017.10.26 20:46:20.636,1.32886,1.32893,1.25,1.62
2017.10.26 20:46:20.902,1.32886,1.32893,1.19,1.12
2017.10.26 20:46:21.208,1.32886,1.32893,1.00,2.44
2017.10.26 20:46:21.615,1.32886,1.32892,1.00,1.00
2017.10.26 20:46:22.023,1.32886,1.32893,1.00,3.19
2017.10.26 20:46:22.278,1.32886,1.32893,1.25,3.37
2017.10.26 20:46:22.430,1.32886,1.32893,1.25,3.37
2017.10.26 20:46:22.482,1.32884,1.32893,1.25,3.56
2017.10.26 20:46:22.635,1.32884,1.32893,1.19,2.81
2017.10.26 20:46:23.167,1.32885,1.32892,1.19,1.12
2017.10.26 20:46:23.477,1.32885,1.32892,1.25,1.69
2017.10.26 20:46:23.630,1.32885,1.32892,1.19,1.12
2017.10.26 20:46:23.833,1.32885,1.32892,1.19,1.37
2017.10.26 20:46:24.108,1.32885,1.32892,1.19,1.12
2017.10.26 20:46:24.315,1.32883,1.32891,1.00,1.56
2017.10.26 20:46:24.666,1.32881,1.32888,1.00,2.06
2017.10.26 20:46:25.256,1.3288,1.32888,1.25,2.06
2017.10.26 20:46:25.664,1.32882,1.32888,1.00,1.37
2017.10.26 20:46:26.185,1.32881,1.32888,1.25,1.87
2017.10.26 20:46:26.288,1.32882,1.32889,1.00,1.00
2017.10.26 20:46:26.340,1.32885,1.32891,1.00,1.50
2017.10.26 20:46:26.395,1.32885,1.32892,1.00,1.69
2017.10.26 20:46:26.948,1.32886,1.32893,1.25,4.12
2017.10.26 20:46:27.152,1.32886,1.32893,1.00,4.50
2017.10.26 20:46:27.305,1.32886,1.32893,1.00,6.37
2017.10.26 20:46:27.842,1.32886,1.32893,1.19,2.06
2017.10.26 20:46:27.893,1.32886,1.32893,1.00,2.81
2017.10.26 20:46:28.200,1.32886,1.32893,1.00,5.06
2017.10.26 20:46:28.557,1.32885,1.32893,1.00,2.32
2017.10.26 20:46:28.659,1.32885,1.32893,1.19,3.94
2017.10.26 20:46:28.828,1.32885,1.32893,1.19,2.44
2017.10.26 20:46:28.982,1.32882,1.32887,1.50,1.00
2017.10.26 20:46:29.137,1.32883,1.32888,1.19,1.00
2017.10.26 20:46:29.485,1.32881,1.32887,5.06,1.00
2017.10.26 20:46:30.002,1.32882,1.32887,1.69,1.00
2017.10.26 20:46:30.308,1.32881,1.32887,2.06,1.00
2017.10.26 20:46:30.512,1.32882,1.32887,1.69,1.00
2017.10.26 20:46:30.870,1.32881,1.32887,1.25,1.00
2017.10.26 20:46:30.922,1.32882,1.32887,1.19,1.00
2017.10.26 20:46:31.450,1.32882,1.32887,1.25,1.00
2017.10.26 20:46:31.958,1.32882,1.32888,1.19,1.00
2017.10.26 20:46:32.518,1.32882,1.32886,1.00,1.00
2017.10.26 20:46:32.823,1.32882,1.32887,1.19,1.00
2017.10.26 20:46:33.078,1.32882,1.32886,1.00,1.00
2017.10.26 20:46:33.587,1.3288,1.32885,2.44,1.00
2017.10.26 20:46:33.924,1.3288,1.32885,2.06,1.00
2017.10.26 20:46:34.077,1.32879,1.32885,2.25,1.00
2017.10.26 20:46:34.586,1.3288,1.32886,1.19,1.00
2017.10.26 20:46:35.101,1.32881,1.32886,1.69,1.00
2017.10.26 20:46:35.818,1.3288,1.32886,2.06,1.00
2017.10.26 20:46:35.921,1.3288,1.32886,1.31,1.00
2017.10.26 20:46:35.972,1.3288,1.32886,1.31,1.00
2017.10.26 20:46:36.026,1.32881,1.32888,1.69,1.12
2017.10.26 20:46:36.231,1.32881,1.32886,1.69,1.00
2017.10.26 20:46:36.638,1.32881,1.32887,1.69,1.00
2017.10.26 20:46:36.740,1.32881,1.32887,1.69,1.00
2017.10.26 20:46:36.944,1.32881,1.32887,1.19,1.00
2017.10.26 20:46:37.250,1.32881,1.32886,1.50,1.00
2017.10.26 20:46:37.403,1.3288,1.32886,3.56,1.00
2017.10.26 20:46:37.815,1.32881,1.32886,1.25,1.00
2017.10.26 20:46:37.918,1.32881,1.32888,1.19,1.00
2017.10.26 20:46:38.224,1.32879,1.32885,1.81,1.00
2017.10.26 20:46:38.327,1.32879,1.32884,1.50,1.00
2017.10.26 20:46:38.857,1.32879,1.32884,1.19,1.00
2017.10.26 20:46:39.215,1.32878,1.32885,2.62,1.00
2017.10.26 20:46:39.415,1.32879,1.32884,1.19,1.00
2017.10.26 20:46:39.951,1.32879,1.32883,1.25,1.00
2017.10.26 20:46:40.462,1.32878,1.32884,1.87,1.00
2017.10.26 20:46:41.185,1.32878,1.32884,1.87,1.00
2017.10.26 20:46:41.774,1.32879,1.32884,1.25,1.00
2017.10.26 20:46:42.577,1.32878,1.32883,1.87,1.00
2017.10.26 20:46:43.094,1.32878,1.32883,1.87,1.00
2017.10.26 20:46:43.639,1.32878,1.32883,1.25,1.00
2017.10.26 20:46:44.142,1.32878,1.32883,1.44,1.00
2017.10.26 20:46:44.653,1.32878,1.32883,1.44,1.00
2017.10.26 20:46:45.617,1.3288,1.32886,1.25,1.37
2017.10.26 20:46:45.670,1.3288,1.32886,1.19,1.00
2017.10.26 20:46:46.260,1.3288,1.32885,1.19,1.00
2017.10.26 20:46:46.362,1.3288,1.32885,1.25,1.00
2017.10.26 20:46:46.611,1.3288,1.32885,1.19,1.00
2017.10.26 20:46:47.122,1.3288,1.32886,3.75,1.00
2017.10.26 20:46:47.811,1.3288,1.32886,3.00,1.00
2017.10.26 20:46:47.863,1.32878,1.32884,4.69,1.00
2017.10.26 20:46:48.394,1.32878,1.32885,3.56,1.00
2017.10.26 20:46:48.929,1.32879,1.32884,1.19,1.00
2017.10.26 20:46:49.465,1.32879,1.32885,1.25,1.00
2017.10.26 20:46:49.997,1.32879,1.32884,1.69,1.00
2017.10.26 20:46:50.535,1.32879,1.32884,1.69,1.00
2017.10.26 20:46:50.740,1.32879,1.32884,1.25,1.00
2017.10.26 20:46:50.894,1.32879,1.32884,1.69,1.00
2017.10.26 20:46:51.570,1.32879,1.32884,1.19,1.00
2017.10.26 20:46:52.518,1.32879,1.32884,1.25,1.00
2017.10.26 20:46:53.237,1.32878,1.32884,2.06,1.00
2017.10.26 20:46:53.873,1.32878,1.32883,1.87,1.00
2017.10.26 20:46:54.383,1.32878,1.32884,1.12,1.00
2017.10.26 20:46:54.899,1.32878,1.32883,1.12,1.00
2017.10.26 20:46:55.355,1.32876,1.32881,2.06,1.00
2017.10.26 20:46:55.611,1.32877,1.32883,1.25,1.00
2017.10.26 20:46:56.153,1.32877,1.32882,1.25,1.00
2017.10.26 20:46:56.308,1.32876,1.3288,1.00,1.00
2017.10.26 20:46:56.411,1.32877,1.32882,1.25,1.00
2017.10.26 20:46:56.947,1.32877,1.32883,1.25,1.00
2017.10.26 20:46:57.457,1.32877,1.32882,1.12,1.00
2017.10.26 20:46:58.351,1.32877,1.32883,1.25,1.00
2017.10.26 20:46:58.898,1.32877,1.32882,1.25,1.00
2017.10.26 20:46:59.782,1.32877,1.32883,1.87,1.00
2017.10.26 20:47:00.286,1.32876,1.32882,2.44,1.00
2017.10.26 20:47:00.543,1.32874,1.3288,1.87,1.00
2017.10.26 20:47:00.595,1.32874,1.32879,2.06,1.00
2017.10.26 20:47:00.646,1.32876,1.3288,1.00,1.00
2017.10.26 20:47:01.305,1.32877,1.3288,1.00,1.00
2017.10.26 20:47:01.560,1.32875,1.32881,1.50,1.00
2017.10.26 20:47:02.093,1.32875,1.32882,1.69,1.00
2017.10.26 20:47:02.837,1.32876,1.3288,1.00,1.00
2017.10.26 20:47:02.990,1.32876,1.32882,1.00,1.12
2017.10.26 20:47:03.500,1.32876,1.32883,1.00,1.00
2017.10.26 20:47:03.602,1.32876,1.32882,1.85,1.00
2017.10.26 20:47:04.161,1.32877,1.32882,1.31,1.00
2017.10.26 20:47:04.672,1.32876,1.32882,2.25,1.00
2017.10.26 20:47:05.648,1.32877,1.32882,1.69,1.00
2017.10.26 20:47:06.366,1.32876,1.32882,2.00,1.00
2017.10.26 20:47:06.914,1.32876,1.32881,1.12,1.00
2017.10.26 20:47:07.423,1.32876,1.3288,1.00,1.00
2017.10.26 20:47:07.576,1.32876,1.32882,1.12,1.31
2017.10.26 20:47:07.907,1.32875,1.3288,2.06,1.00
2017.10.26 20:47:08.417,1.32876,1.32881,1.00,1.00
2017.10.26 20:47:08.962,1.32876,1.3288,1.00,1.00
2017.10.26 20:47:09.472,1.32875,1.3288,2.06,1.00
2017.10.26 20:47:09.524,1.32876,1.32882,1.25,1.00
2017.10.26 20:47:09.807,1.32875,1.3288,1.87,1.00
2017.10.26 20:47:10.311,1.32875,1.32881,2.44,1.00
2017.10.26 20:47:11.236,1.32875,1.3288,1.69,1.00
2017.10.26 20:47:11.950,1.32875,1.32881,1.25,1.00
2017.10.26 20:47:12.461,1.32875,1.3288,1.12,1.00
2017.10.26 20:47:12.972,1.32875,1.32881,1.87,1.00
2017.10.26 20:47:13.487,1.32876,1.3288,1.00,1.00
2017.10.26 20:47:13.719,1.32877,1.32882,1.25,1.00
2017.10.26 20:47:13.873,1.32875,1.3288,1.69,1.00
2017.10.26 20:47:14.452,1.32875,1.32881,1.31,1.00
2017.10.26 20:47:15.011,1.32877,1.32883,1.00,1.37
2017.10.26 20:47:15.701,1.32877,1.32884,1.00,1.19
2017.10.26 20:47:16.008,1.32875,1.32881,1.31,1.00
2017.10.26 20:47:16.516,1.32875,1.32881,1.31,1.00
2017.10.26 20:47:17.096,1.32877,1.32882,1.25,1.00
2017.10.26 20:47:17.677,1.32876,1.32881,1.19,1.00
2017.10.26 20:47:17.779,1.32875,1.32881,2.06,1.00
2017.10.26 20:47:17.830,1.32876,1.32881,1.19,1.00
2017.10.26 20:47:18.451,1.32878,1.32882,1.00,1.00
2017.10.26 20:47:18.960,1.32878,1.32881,1.25,1.00
2017.10.26 20:47:19.369,1.32876,1.32881,1.25,1.00
2017.10.26 20:47:20.042,1.32875,1.32881,2.06,1.00
2017.10.26 20:47:20.145,1.32877,1.3288,1.00,1.00
2017.10.26 20:47:20.658,1.32877,1.32881,1.00,1.00
2017.10.26 20:47:21.166,1.32877,1.32882,1.25,1.00
2017.10.26 20:47:21.669,1.32877,1.32881,1.25,1.00
2017.10.26 20:47:22.178,1.32877,1.32882,1.25,1.00
2017.10.26 20:47:22.698,1.32879,1.32881,1.00,1.00
2017.10.26 20:47:22.960,1.32876,1.32881,1.25,1.00
2017.10.26 20:47:23.473,1.32877,1.32881,1.25,1.00
2017.10.26 20:47:24.303,1.32877,1.32881,1.19,1.00
2017.10.26 20:47:25.002,1.32877,1.32881,1.25,1.00
2017.10.26 20:47:25.105,1.32877,1.32883,1.25,1.00
2017.10.26 20:47:25.351,1.32877,1.32881,1.19,1.00
2017.10.26 20:47:25.879,1.32877,1.32882,1.25,1.00
2017.10.26 20:47:26.404,1.32878,1.32882,1.25,1.00
2017.10.26 20:47:27.438,1.32877,1.32882,1.25,1.00
2017.10.26 20:47:27.991,1.32876,1.32882,1.31,1.00
2017.10.26 20:47:28.538,1.32876,1.32883,1.31,1.00
2017.10.26 20:47:29.056,1.32876,1.32882,1.31,1.00
2017.10.26 20:47:29.537,1.32878,1.32882,1.00,1.00
2017.10.26 20:47:29.791,1.32876,1.32882,1.00,1.00
2017.10.26 20:47:30.385,1.32876,1.32882,1.19,1.00
2017.10.26 20:47:30.918,1.32878,1.32882,1.25,1.00
2017.10.26 20:47:31.427,1.32876,1.32882,1.19,1.12
2017.10.26 20:47:31.960,1.32876,1.32881,1.19,1.00
2017.10.26 20:47:32.497,1.32878,1.32881,1.00,1.00
2017.10.26 20:47:33.008,1.32878,1.3288,1.00,1.00
2017.10.26 20:47:33.301,1.32876,1.32881,1.25,1.00
2017.10.26 20:47:33.964,1.32876,1.3288,1.00,1.00
2017.10.26 20:47:34.425,1.32876,1.32882,1.00,1.25
2017.10.26 20:47:34.943,1.32876,1.32881,1.00,1.00
2017.10.26 20:47:35.503,1.32876,1.3288,1.00,1.00
2017.10.26 20:47:35.605,1.32876,1.32882,1.00,1.00
2017.10.26 20:47:36.166,1.32876,1.32881,1.00,1.00
2017.10.26 20:47:36.677,1.32876,1.3288,1.25,1.00
2017.10.26 20:47:37.250,1.32876,1.3288,1.19,1.00
2017.10.26 20:47:37.760,1.32876,1.32881,1.19,1.00
2017.10.26 20:47:38.286,1.32876,1.32881,1.25,1.00
2017.10.26 20:47:38.801,1.32877,1.32881,1.25,1.00
2017.10.26 20:47:38.853,1.32876,1.32879,1.25,1.00
2017.10.26 20:47:39.059,1.3287,1.32877,1.50,1.00
2017.10.26 20:47:39.111,1.3287,1.32876,1.12,1.00
2017.10.26 20:47:39.162,1.3287,1.32876,1.50,1.00
2017.10.26 20:47:39.418,1.32868,1.32875,2.81,1.00
2017.10.26 20:47:39.956,1.32868,1.32876,2.81,1.00
2017.10.26 20:47:40.552,1.32869,1.32876,1.19,1.00
2017.10.26 20:47:41.140,1.32869,1.32876,2.06,1.00
2017.10.26 20:47:41.704,1.32869,1.32876,2.81,1.00
2017.10.26 20:47:42.253,1.32869,1.32876,1.69,1.00
2017.10.26 20:47:42.580,1.32873,1.32876,1.00,1.00
2017.10.26 20:47:42.632,1.32874,1.32879,1.50,1.37
2017.10.26 20:47:42.684,1.32874,1.3288,1.19,1.00
2017.10.26 20:47:43.289,1.32874,1.32879,1.19,1.00
2017.10.26 20:47:43.341,1.32875,1.32881,1.19,1.00
2017.10.26 20:47:43.443,1.32874,1.3288,1.25,1.00
2017.10.26 20:47:43.962,1.32874,1.32881,1.31,1.25
2017.10.26 20:47:44.370,1.32875,1.32881,1.87,1.00
2017.10.26 20:47:44.421,1.32875,1.32883,1.87,1.00
2017.10.26 20:47:44.724,1.32875,1.32881,2.62,1.00
2017.10.26 20:47:45.398,1.32875,1.32881,1.50,1.00
2017.10.26 20:47:46.002,1.32875,1.32882,2.25,1.00
2017.10.26 20:47:46.807,1.32875,1.32881,1.44,1.00
2017.10.26 20:47:47.352,1.32875,1.32881,1.12,1.00
2017.10.26 20:47:47.948,1.32875,1.3288,1.19,1.00
2017.10.26 20:47:48.360,1.32874,1.3288,1.00,1.00
2017.10.26 20:47:48.461,1.32875,1.3288,1.19,1.00
2017.10.26 20:47:49.075,1.32875,1.3288,1.25,1.00
2017.10.26 20:47:49.585,1.32875,1.3288,1.19,1.00
2017.10.26 20:47:49.687,1.32875,1.32882,1.25,1.00
2017.10.26 20:47:49.753,1.32875,1.3288,1.25,1.00
2017.10.26 20:47:50.058,1.32875,1.3288,1.19,1.00
2017.10.26 20:47:50.346,1.32875,1.32882,1.19,1.00
2017.10.26 20:47:50.930,1.32875,1.32881,1.19,1.00
2017.10.26 20:47:51.959,1.32875,1.32881,1.25,1.00
2017.10.26 20:47:52.490,1.32875,1.3288,1.25,1.00
2017.10.26 20:47:52.634,1.32875,1.3288,1.19,1.00
2017.10.26 20:47:52.736,1.32875,1.3288,1.25,1.00
2017.10.26 20:47:52.838,1.32875,1.3288,1.19,1.00
2017.10.26 20:47:53.339,1.32875,1.32882,1.19,1.00
2017.10.26 20:47:55.348,1.32875,1.32882,1.25,1.12
2017.10.26 20:47:55.399,1.32875,1.3288,1.00,1.00
2017.10.26 20:47:56.383,1.32875,1.3288,1.19,1.00
2017.10.26 20:47:56.850,1.32876,1.32881,1.19,1.00
2017.10.26 20:47:56.901,1.32876,1.32881,1.25,1.00
2017.10.26 20:47:57.636,1.32876,1.32881,1.19,1.00
2017.10.26 20:47:58.247,1.32876,1.32881,1.25,1.00
2017.10.26 20:47:59.018,1.32876,1.32881,1.19,1.00
2017.10.26 20:47:59.537,1.32876,1.32881,1.25,1.00
2017.10.26 20:48:00.248,1.32876,1.32881,1.19,1.00
2017.10.26 20:48:00.889,1.32876,1.32882,1.19,1.00
2017.10.26 20:48:01.431,1.32876,1.32882,1.25,1.00
2017.10.26 20:48:03.149,1.32875,1.32882,1.25,1.00
2017.10.26 20:48:04.699,1.32875,1.32882,1.19,1.00
2017.10.26 20:48:04.960,1.32875,1.32882,1.19,1.00
2017.10.26 20:48:05.062,1.32875,1.32882,1.19,1.00
2017.10.26 20:48:05.597,1.32875,1.32881,1.19,1.00
2017.10.26 20:48:05.699,1.32875,1.32883,1.69,1.12
2017.10.26 20:48:06.215,1.32875,1.32883,1.69,1.12
2017.10.26 20:48:06.457,1.32875,1.32885,2.44,3.56
2017.10.26 20:48:07.245,1.32877,1.32885,1.19,3.56
2017.10.26 20:48:08.490,1.32876,1.32885,1.00,4.12
2017.10.26 20:48:09.097,1.32876,1.32883,1.25,1.00
2017.10.26 20:48:09.618,1.32877,1.32885,1.25,3.37
2017.10.26 20:48:10.166,1.32878,1.32886,1.19,2.06
2017.10.26 20:48:10.370,1.32877,1.32886,1.25,2.44
2017.10.26 20:48:10.997,1.32877,1.32885,1.69,1.37
2017.10.26 20:48:12.920,1.32879,1.32885,1.00,1.69
2017.10.26 20:48:13.776,1.32878,1.32885,1.00,1.56
2017.10.26 20:48:14.285,1.32877,1.32885,1.50,1.50
2017.10.26 20:48:14.439,1.32879,1.32885,1.00,1.37
2017.10.26 20:48:14.639,1.32877,1.32885,1.50,1.37
2017.10.26 20:48:14.810,1.32879,1.32886,1.00,4.31
2017.10.26 20:48:16.221,1.32879,1.32886,1.19,1.50
2017.10.26 20:48:16.856,1.32879,1.32886,1.25,2.06
2017.10.26 20:48:17.860,1.32878,1.32886,1.00,2.44
2017.10.26 20:48:18.376,1.32879,1.32886,1.25,3.00
2017.10.26 20:48:19.109,1.3288,1.32887,1.00,1.25
2017.10.26 20:48:19.160,1.32881,1.3289,1.19,2.89
2017.10.26 20:48:19.742,1.32881,1.32889,1.19,1.00
2017.10.26 20:48:20.311,1.32881,1.32888,1.19,1.00
2017.10.26 20:48:20.859,1.32883,1.3289,1.00,1.62
2017.10.26 20:48:21.187,1.32883,1.3289,1.19,1.62
2017.10.26 20:48:22.759,1.32882,1.3289,1.19,2.06
2017.10.26 20:48:23.169,1.32882,1.3289,1.19,1.31
2017.10.26 20:48:23.373,1.32882,1.3289,1.19,2.06
2017.10.26 20:48:23.627,1.32884,1.3289,1.19,1.12
2017.10.26 20:48:23.882,1.32883,1.3289,1.00,1.87
2017.10.26 20:48:23.934,1.32883,1.3289,1.19,1.12
2017.10.26 20:48:24.290,1.32883,1.3289,1.25,1.87
2017.10.26 20:48:24.554,1.32883,1.3289,1.19,1.12
2017.10.26 20:48:25.064,1.32884,1.3289,1.25,1.12
2017.10.26 20:48:26.804,1.32883,1.3289,1.25,1.12
2017.10.26 20:48:27.320,1.32884,1.32891,1.25,3.19
2017.10.26 20:48:28.987,1.32881,1.32891,1.50,2.44
2017.10.26 20:48:29.140,1.32881,1.32891,1.50,2.44
2017.10.26 20:48:29.476,1.32881,1.32891,1.87,2.81
2017.10.26 20:48:29.629,1.3288,1.3289,2.25,1.12
2017.10.26 20:48:30.393,1.32882,1.32889,1.44,1.00
2017.10.26 20:48:30.904,1.32882,1.3289,1.44,2.62
2017.10.26 20:48:31.443,1.32883,1.3289,1.19,1.12
2017.10.26 20:48:31.748,1.32883,1.3289,1.25,1.12
2017.10.26 20:48:31.901,1.32882,1.3289,1.87,1.12
2017.10.26 20:48:32.676,1.32884,1.3289,1.19,1.12
2017.10.26 20:48:33.173,1.32884,1.3289,1.19,1.37
2017.10.26 20:48:33.745,1.32884,1.3289,1.00,1.87
2017.10.26 20:48:34.261,1.32884,1.3289,1.25,1.37
2017.10.26 20:48:35.437,1.32884,1.3289,1.19,1.37
2017.10.26 20:48:35.951,1.32884,1.3289,1.25,1.37
2017.10.26 20:48:36.407,1.32883,1.3289,1.19,1.37
2017.10.26 20:48:36.661,1.32884,1.3289,1.25,1.37
2017.10.26 20:48:38.719,1.32884,1.3289,1.19,1.37
2017.10.26 20:48:39.230,1.32884,1.3289,1.19,1.37
2017.10.26 20:48:39.281,1.32884,1.3289,1.25,1.37
2017.10.26 20:48:40.006,1.32884,1.3289,1.19,1.37
2017.10.26 20:48:40.655,1.32883,1.32887,1.19,1.00
2017.10.26 20:48:40.860,1.3288,1.32888,1.19,1.37
2017.10.26 20:48:40.963,1.3288,1.32888,1.25,1.37
2017.10.26 20:48:41.014,1.3288,1.32888,1.19,1.37
2017.10.26 20:48:41.321,1.3288,1.32888,1.25,1.37
2017.10.26 20:48:41.423,1.3288,1.32888,1.31,1.12
2017.10.26 20:48:41.731,1.3288,1.32888,1.50,1.12
2017.10.26 20:48:41.884,1.32882,1.32888,1.00,1.50
2017.10.26 20:48:42.233,1.32883,1.32892,1.19,3.00
2017.10.26 20:48:42.285,1.3288,1.32888,3.82,1.00
2017.10.26 20:48:42.336,1.32881,1.32886,1.19,1.00
2017.10.26 20:48:42.847,1.32883,1.32889,1.19,1.37
2017.10.26 20:48:43.052,1.32883,1.32889,1.25,1.37
2017.10.26 20:48:43.256,1.32883,1.3289,1.19,3.75
2017.10.26 20:48:43.783,1.32883,1.3289,1.19,1.87
2017.10.26 20:48:43.834,1.32883,1.32891,1.19,1.37
2017.10.26 20:48:43.996,1.32883,1.3289,1.19,1.12
2017.10.26 20:48:44.464,1.32883,1.32891,1.19,1.87
2017.10.26 20:48:44.821,1.32884,1.32891,1.19,1.37
2017.10.26 20:48:45.127,1.32882,1.3289,1.50,1.37
2017.10.26 20:48:45.582,1.32882,1.3289,1.87,1.37
2017.10.26 20:48:45.704,1.32883,1.3289,1.19,1.37
2017.10.26 20:48:46.246,1.32882,1.32891,1.50,3.56
2017.10.26 20:48:46.619,1.32883,1.3289,1.19,1.37
2017.10.26 20:48:46.780,1.32883,1.32891,1.25,2.06
2017.10.26 20:48:46.883,1.32883,1.32891,1.19,2.06
2017.10.26 20:48:47.481,1.32883,1.32891,1.19,3.56
2017.10.26 20:48:48.146,1.32883,1.32891,1.19,3.94
2017.10.26 20:48:48.778,1.32883,1.32891,1.19,2.06
2017.10.26 20:48:49.467,1.32884,1.32892,1.19,1.87
2017.10.26 20:48:49.520,1.32883,1.32891,1.69,1.87
2017.10.26 20:48:50.050,1.32882,1.32891,1.87,1.37
2017.10.26 20:48:50.634,1.32883,1.32891,2.44,1.87
2017.10.26 20:48:50.801,1.32882,1.32891,1.87,1.87
2017.10.26 20:48:51.107,1.32882,1.32891,1.87,1.87
2017.10.26 20:48:51.748,1.32883,1.32891,1.25,1.87
2017.10.26 20:48:52.041,1.32882,1.32891,1.44,1.87
2017.10.26 20:48:52.514,1.32885,1.32889,1.00,1.37
2017.10.26 20:48:52.567,1.32883,1.32888,1.00,1.12
2017.10.26 20:48:52.619,1.32882,1.32887,1.25,1.37
2017.10.26 20:48:52.724,1.32883,1.3289,1.87,3.37
2017.10.26 20:48:52.947,1.32883,1.32889,1.00,1.37
2017.10.26 20:48:52.999,1.32884,1.3289,1.00,1.87
2017.10.26 20:48:53.747,1.32883,1.32891,1.00,1.87
2017.10.26 20:48:54.309,1.32882,1.32889,1.12,1.00
2017.10.26 20:48:55.028,1.32881,1.32889,1.37,1.12
2017.10.26 20:48:55.538,1.32882,1.3289,1.44,1.12
2017.10.26 20:48:56.048,1.32881,1.32889,1.37,1.00
2017.10.26 20:48:56.550,1.32882,1.3289,1.12,1.12
2017.10.26 20:48:56.652,1.32883,1.3289,1.19,1.12
2017.10.26 20:48:56.856,1.32881,1.32889,1.44,1.00
2017.10.26 20:48:57.091,1.32881,1.32891,3.37,1.47
2017.10.26 20:48:57.396,1.32882,1.3289,1.12,1.12
2017.10.26 20:48:57.652,1.32883,1.3289,1.19,1.00
2017.10.26 20:48:57.865,1.32882,1.3289,1.87,1.00
2017.10.26 20:48:58.171,1.32883,1.3289,1.19,1.00
2017.10.26 20:48:58.275,1.32882,1.32891,1.44,1.12
2017.10.26 20:48:58.377,1.32882,1.32889,1.87,1.00
2017.10.26 20:48:58.683,1.32883,1.32891,1.19,1.37
2017.10.26 20:48:58.787,1.32882,1.3289,1.87,1.37
2017.10.26 20:48:58.889,1.32882,1.3289,2.62,1.37
2017.10.26 20:48:59.180,1.32882,1.32891,1.12,1.37
2017.10.26 20:48:59.333,1.32883,1.32891,1.19,1.37
2017.10.26 20:48:59.897,1.32882,1.3289,3.37,1.37
2017.10.26 20:48:59.949,1.32883,1.32891,1.25,1.87
2017.10.26 20:49:00.357,1.32883,1.32891,1.69,1.37
2017.10.26 20:49:00.611,1.32882,1.3289,1.87,1.12
2017.10.26 20:49:00.666,1.32883,1.32892,3.19,1.12
2017.10.26 20:49:00.717,1.32883,1.32891,3.19,1.00
2017.10.26 20:49:01.163,1.32882,1.32891,2.25,1.57
2017.10.26 20:49:01.694,1.32883,1.32891,1.19,1.37
2017.10.26 20:49:02.035,1.32883,1.32891,1.25,1.50
2017.10.26 20:49:02.712,1.32882,1.32891,1.12,1.87
2017.10.26 20:49:04.803,1.32882,1.3289,1.87,1.20
2017.10.26 20:49:05.338,1.32883,1.32891,1.19,1.37
2017.10.26 20:49:06.090,1.32882,1.3289,1.87,1.12
2017.10.26 20:49:06.620,1.32882,1.3289,1.87,1.12
2017.10.26 20:49:07.143,1.32882,1.3289,1.87,1.20
2017.10.26 20:49:07.928,1.32883,1.32891,2.44,1.57
2017.10.26 20:49:07.980,1.32882,1.3289,1.44,1.00
2017.10.26 20:49:08.791,1.32882,1.3289,1.44,1.10
2017.10.26 20:49:09.341,1.32882,1.3289,1.44,1.10
2017.10.26 20:49:09.934,1.32883,1.32891,2.44,1.57
2017.10.26 20:49:10.446,1.32883,1.32891,1.19,1.20
2017.10.26 20:49:10.992,1.32884,1.32891,1.19,1.20
2017.10.26 20:49:12.115,1.32884,1.32891,1.19,1.57
2017.10.26 20:49:12.842,1.32884,1.32891,1.19,1.10
2017.10.26 20:49:14.102,1.32884,1.32892,1.44,4.20
2017.10.26 20:49:14.643,1.32884,1.32891,1.44,1.10
2017.10.26 20:49:15.151,1.32884,1.32892,1.44,4.20
2017.10.26 20:49:15.810,1.32884,1.32892,1.44,4.20
2017.10.26 20:49:17.597,1.32884,1.32891,1.44,1.10
2017.10.26 20:49:18.124,1.32884,1.3289,1.44,1.00
2017.10.26 20:49:18.639,1.32884,1.3289,1.44,1.10
2017.10.26 20:49:20.672,1.32884,1.32892,1.44,2.32
2017.10.26 20:49:21.912,1.32886,1.32892,1.19,1.00
2017.10.26 20:49:22.014,1.32887,1.32893,1.19,1.00
2017.10.26 20:49:22.603,1.32887,1.32894,1.19,1.12
2017.10.26 20:49:22.944,1.32884,1.3289,1.19,1.50
2017.10.26 20:49:23.099,1.3288,1.3289,1.87,3.45
2017.10.26 20:49:23.255,1.32882,1.3289,2.44,2.70
2017.10.26 20:49:23.575,1.32882,1.3289,2.44,1.95
2017.10.26 20:49:24.090,1.32882,1.3289,1.69,1.47
2017.10.26 20:49:24.746,1.32882,1.3289,1.19,2.62
2017.10.26 20:49:25.179,1.32883,1.3289,1.19,1.12
2017.10.26 20:49:25.230,1.32883,1.3289,1.69,1.12
2017.10.26 20:49:25.740,1.32883,1.3289,1.19,1.00
2017.10.26 20:49:26.233,1.32884,1.32891,1.19,1.00
2017.10.26 20:49:26.793,1.32884,1.32892,1.19,1.50
2017.10.26 20:49:27.320,1.32886,1.32893,1.19,1.00
2017.10.26 20:49:27.575,1.32885,1.32891,1.31,1.00
2017.10.26 20:49:27.902,1.32884,1.32892,3.19,1.12
2017.10.26 20:49:28.040,1.32884,1.32892,3.19,1.12
2017.10.26 20:49:28.194,1.32885,1.32892,1.69,1.00
2017.10.26 20:49:28.390,1.32884,1.32891,3.19,1.00
2017.10.26 20:49:28.441,1.32885,1.32891,1.69,1.00
2017.10.26 20:49:28.492,1.32885,1.32893,2.44,1.00
2017.10.26 20:49:29.091,1.32885,1.32893,3.19,1.00
2017.10.26 20:49:30.143,1.32886,1.32893,1.19,1.00
2017.10.26 20:49:32.112,1.32886,1.32893,1.69,1.00
2017.10.26 20:49:32.613,1.32886,1.32893,1.69,1.00
2017.10.26 20:49:33.157,1.32886,1.32892,1.69,1.00
2017.10.26 20:49:33.711,1.32886,1.32892,2.44,1.00
2017.10.26 20:49:34.690,1.32886,1.32894,2.44,1.00
2017.10.26 20:49:35.195,1.32886,1.32894,3.19,1.00
2017.10.26 20:49:36.142,1.32886,1.32894,3.94,1.00
2017.10.26 20:49:36.643,1.32887,1.32894,1.19,1.00
2017.10.26 20:49:36.695,1.32887,1.32893,1.25,1.00
2017.10.26 20:49:36.798,1.32884,1.32891,2.25,1.00
2017.10.26 20:49:37.341,1.32884,1.32892,3.00,1.00
2017.10.26 20:49:37.659,1.32886,1.32893,1.69,1.12
2017.10.26 20:49:37.863,1.32884,1.32891,1.87,1.00
2017.10.26 20:49:38.395,1.32884,1.32892,1.44,1.50
2017.10.26 20:49:39.378,1.32883,1.32892,2.62,1.50
2017.10.26 20:49:39.936,1.32884,1.32892,1.87,1.87
2017.10.26 20:49:40.371,1.32883,1.32891,1.37,1.00
2017.10.26 20:49:40.899,1.32883,1.32891,1.37,1.00
2017.10.26 20:49:41.436,1.32883,1.32891,1.37,1.00
2017.10.26 20:49:41.538,1.32884,1.32891,1.44,1.00
2017.10.26 20:49:42.139,1.32883,1.3289,1.37,1.00
2017.10.26 20:49:42.663,1.32884,1.32891,1.44,1.00
2017.10.26 20:49:44.459,1.32883,1.3289,2.62,1.00
2017.10.26 20:49:45.762,1.32883,1.32891,1.37,1.00
2017.10.26 20:49:46.292,1.32883,1.32889,1.37,1.00
2017.10.26 20:49:47.647,1.32883,1.32889,1.37,1.00
2017.10.26 20:49:47.750,1.32881,1.32888,1.87,1.00
2017.10.26 20:49:47.802,1.32879,1.32885,1.37,1.00
2017.10.26 20:49:48.322,1.32879,1.32886,1.87,1.00
2017.10.26 20:49:49.072,1.3288,1.32886,1.19,1.00
2017.10.26 20:49:49.854,1.32879,1.32886,1.87,1.00
2017.10.26 20:49:50.391,1.32879,1.32886,1.87,1.12
2017.10.26 20:49:51.047,1.32878,1.32886,1.87,1.12
2017.10.26 20:49:51.351,1.32879,1.32884,1.44,1.00
2017.10.26 20:49:51.889,1.32879,1.32884,1.44,1.00
2017.10.26 20:49:53.470,1.32878,1.32884,1.19,1.00
2017.10.26 20:49:53.988,1.32879,1.32884,1.19,1.00
2017.10.26 20:49:54.491,1.32879,1.32885,1.19,1.00
2017.10.26 20:49:55.587,1.32879,1.32885,1.19,1.00
2017.10.26 20:49:56.094,1.32879,1.32885,1.19,1.00
2017.10.26 20:49:56.593,1.32879,1.32885,1.19,1.00
2017.10.26 20:49:56.746,1.3288,1.32886,1.19,1.87
2017.10.26 20:49:57.001,1.32878,1.32886,1.69,1.87
2017.10.26 20:49:57.340,1.32879,1.32886,1.69,1.87
2017.10.26 20:49:57.645,1.32879,1.32884,1.19,1.00
2017.10.26 20:49:58.157,1.32878,1.32885,1.19,1.00
2017.10.26 20:49:58.464,1.32879,1.32885,1.69,1.00
2017.10.26 20:49:58.516,1.32878,1.32885,1.19,1.00
2017.10.26 20:49:59.138,1.32879,1.32884,1.19,1.00
2017.10.26 20:49:59.240,1.32878,1.32884,1.69,1.00
2017.10.26 20:49:59.791,1.32878,1.32885,1.69,1.00
2017.10.26 20:50:00.300,1.32879,1.32885,1.19,1.00
2017.10.26 20:50:00.606,1.32879,1.32883,1.25,1.00
2017.10.26 20:50:00.931,1.32878,1.32883,1.19,1.00
2017.10.26 20:50:01.085,1.32879,1.32882,1.00,1.00
2017.10.26 20:50:01.694,1.32879,1.32883,1.19,1.00
2017.10.26 20:50:01.747,1.32879,1.32885,1.87,1.00
2017.10.26 20:50:01.853,1.3288,1.32886,1.44,1.00
2017.10.26 20:50:02.162,1.32879,1.32886,2.62,1.00
2017.10.26 20:50:02.213,1.32881,1.32887,1.19,1.12
2017.10.26 20:50:02.630,1.3288,1.32884,1.44,1.00
2017.10.26 20:50:02.937,1.32881,1.32886,1.69,1.00
2017.10.26 20:50:02.989,1.32879,1.32884,1.87,1.00
2017.10.26 20:50:03.246,1.32881,1.32886,1.69,1.00
2017.10.26 20:50:03.661,1.32881,1.32886,1.19,1.00
2017.10.26 20:50:04.262,1.32881,1.32887,1.19,1.00
2017.10.26 20:50:06.242,1.32881,1.32886,1.69,1.00
2017.10.26 20:50:07.073,1.3288,1.32885,1.87,1.00
2017.10.26 20:50:07.227,1.32881,1.32887,1.69,1.00
2017.10.26 20:50:07.329,1.32882,1.32887,1.19,1.00
2017.10.26 20:50:07.860,1.3288,1.32885,1.87,1.00
2017.10.26 20:50:08.391,1.32879,1.32885,1.37,1.00
2017.10.26 20:50:08.696,1.32878,1.32883,1.19,1.00
2017.10.26 20:50:09.229,1.32878,1.32882,1.25,1.00
2017.10.26 20:50:09.437,1.32879,1.3288,1.00,1.00
2017.10.26 20:50:10.394,1.32878,1.32881,1.19,1.12
2017.10.26 20:50:10.906,1.32878,1.32881,1.25,1.12
2017.10.26 20:50:11.255,1.32879,1.32881,1.19,1.12
2017.10.26 20:50:11.782,1.32878,1.32881,1.19,1.12
2017.10.26 20:50:12.964,1.32877,1.32881,1.19,1.12
2017.10.26 20:50:13.283,1.32878,1.32881,1.19,1.00
2017.10.26 20:50:13.700,1.32878,1.32881,1.25,1.00
2017.10.26 20:50:14.108,1.32879,1.32884,1.00,1.12
2017.10.26 20:50:14.210,1.32879,1.32882,1.19,1.00
2017.10.26 20:50:14.731,1.32879,1.32883,1.19,1.12
2017.10.26 20:50:14.987,1.32876,1.32881,1.37,1.00
2017.10.26 20:50:15.243,1.32878,1.32884,1.69,1.37
2017.10.26 20:50:15.825,1.32878,1.32883,1.25,1.12
2017.10.26 20:50:16.390,1.32878,1.32883,1.19,1.12
2017.10.26 20:50:16.901,1.32879,1.32882,1.00,1.00
2017.10.26 20:50:17.412,1.32879,1.32881,1.25,1.00
2017.10.26 20:50:17.883,1.32876,1.32879,1.25,1.00
2017.10.26 20:50:18.429,1.32876,1.32879,1.19,1.00
2017.10.26 20:50:18.942,1.32876,1.32879,1.00,1.00
2017.10.26 20:50:19.096,1.32878,1.3288,1.00,1.00
2017.10.26 20:50:19.607,1.32879,1.3288,1.00,1.00
2017.10.26 20:50:20.155,1.32877,1.3288,1.19,1.00
2017.10.26 20:50:20.666,1.32877,1.32881,1.19,1.00
2017.10.26 20:50:21.124,1.32877,1.32879,1.25,1.00
2017.10.26 20:50:21.832,1.32875,1.32879,1.12,1.00
2017.10.26 20:50:22.343,1.32877,1.32879,1.00,1.00
2017.10.26 20:50:22.955,1.32876,1.32879,1.25,1.00
2017.10.26 20:50:23.467,1.32877,1.32879,1.25,1.00
2017.10.26 20:50:23.519,1.32875,1.32879,1.25,1.00
2017.10.26 20:50:23.919,1.32877,1.32879,1.25,1.00
2017.10.26 20:50:24.534,1.32875,1.32879,1.19,1.00
2017.10.26 20:50:24.841,1.32875,1.32877,1.00,1.00
2017.10.26 20:50:25.045,1.32875,1.32878,1.25,1.00
2017.10.26 20:50:25.570,1.32872,1.32877,1.19,1.00
2017.10.26 20:50:25.622,1.32869,1.32875,1.37,1.00
2017.10.26 20:50:25.826,1.3287,1.32875,1.44,1.00
2017.10.26 20:50:26.091,1.32867,1.32873,1.87,1.00
2017.10.26 20:50:26.296,1.32869,1.32874,1.37,1.00
2017.10.26 20:50:26.348,1.32869,1.32873,1.37,1.00
2017.10.26 20:50:26.858,1.32869,1.32874,1.44,1.00
2017.10.26 20:50:26.909,1.32869,1.32874,1.37,1.00
2017.10.26 20:50:26.960,1.32868,1.32873,1.37,1.00
2017.10.26 20:50:27.473,1.32866,1.32872,2.25,1.00
2017.10.26 20:50:27.628,1.32866,1.32873,2.62,1.00
2017.10.26 20:50:27.680,1.32866,1.32871,2.25,1.00
2017.10.26 20:50:28.208,1.32867,1.32871,1.19,1.00
2017.10.26 20:50:28.709,1.32867,1.32871,1.19,1.00
2017.10.26 20:50:29.196,1.32866,1.32871,1.87,1.00
2017.10.26 20:50:29.744,1.32866,1.32871,1.87,1.00
2017.10.26 20:50:30.248,1.32867,1.32871,1.19,1.00
2017.10.26 20:50:30.768,1.32866,1.32871,1.44,1.00
2017.10.26 20:50:31.281,1.32866,1.32872,1.87,1.00
2017.10.26 20:50:31.876,1.32867,1.32872,1.19,1.00
2017.10.26 20:50:31.960,1.32867,1.32872,1.19,1.00
2017.10.26 20:50:32.167,1.32866,1.32872,2.62,1.00
2017.10.26 20:50:32.269,1.32867,1.32872,1.19,1.00
2017.10.26 20:50:32.807,1.32867,1.32872,1.19,1.00
2017.10.26 20:50:32.862,1.32867,1.32872,1.19,1.00
2017.10.26 20:50:32.913,1.32866,1.32872,1.44,1.00
2017.10.26 20:50:33.687,1.32867,1.32872,1.19,1.00
2017.10.26 20:50:33.890,1.32867,1.32872,1.19,1.00
2017.10.26 20:50:34.198,1.32867,1.32872,1.19,1.00
2017.10.26 20:50:36.606,1.32867,1.32872,1.19,1.00
2017.10.26 20:50:37.149,1.32867,1.32872,1.19,1.00
2017.10.26 20:50:41.368,1.32867,1.32872,1.19,1.00
2017.10.26 20:50:42.374,1.32866,1.3287,1.44,1.00
2017.10.26 20:50:42.939,1.32866,1.32871,1.44,1.00
2017.10.26 20:50:43.248,1.32867,1.32874,1.19,1.50
2017.10.26 20:50:43.790,1.32866,1.32874,1.87,1.50
2017.10.26 20:50:44.296,1.32866,1.32873,1.44,1.00
2017.10.26 20:50:44.597,1.32867,1.32874,1.69,1.00
2017.10.26 20:50:45.111,1.3287,1.32878,1.19,3.00
2017.10.26 20:50:45.163,1.32873,1.32878,1.00,1.50
2017.10.26 20:50:45.266,1.32873,1.3288,1.69,1.50
2017.10.26 20:50:45.557,1.32876,1.32881,1.00,1.00
2017.10.26 20:50:46.106,1.32876,1.32882,1.69,1.87
2017.10.26 20:50:46.732,1.32877,1.32882,1.25,1.00
2017.10.26 20:50:47.257,1.32877,1.32883,1.25,1.87
2017.10.26 20:50:47.614,1.32878,1.32883,1.19,1.00
2017.10.26 20:50:48.133,1.32878,1.32883,1.25,1.00
2017.10.26 20:50:48.871,1.32878,1.32884,1.19,1.87
2017.10.26 20:50:49.075,1.32876,1.32882,1.44,1.00
2017.10.26 20:50:49.698,1.32876,1.32881,1.44,1.00
2017.10.26 20:50:50.236,1.32875,1.32881,1.87,1.00
2017.10.26 20:50:50.492,1.32874,1.32879,1.19,1.00
2017.10.26 20:50:51.007,1.32875,1.32879,1.25,1.00
2017.10.26 20:50:51.516,1.32876,1.32879,1.00,1.00
2017.10.26 20:50:52.026,1.32875,1.32879,1.19,1.00
2017.10.26 20:50:52.077,1.32875,1.32881,1.19,1.00
2017.10.26 20:50:52.339,1.32876,1.32879,1.25,1.00
2017.10.26 20:50:52.881,1.32874,1.32878,1.00,1.00
2017.10.26 20:50:52.933,1.32874,1.32879,1.19,1.00
2017.10.26 20:50:53.442,1.32875,1.3288,1.19,1.00
2017.10.26 20:50:53.545,1.32875,1.3288,1.25,1.00
2017.10.26 20:50:54.091,1.32874,1.32879,1.25,1.00
2017.10.26 20:50:54.193,1.32875,1.32879,1.19,1.00
2017.10.26 20:50:54.945,1.32875,1.32879,1.25,1.00
2017.10.26 20:50:55.447,1.32874,1.32879,1.19,1.00
2017.10.26 20:50:55.946,1.32874,1.32878,1.25,1.00
2017.10.26 20:50:56.486,1.32873,1.32879,1.19,1.00
2017.10.26 20:50:56.792,1.32873,1.32877,1.00,1.00
2017.10.26 20:50:57.016,1.32873,1.32879,1.19,1.00
2017.10.26 20:50:57.068,1.32873,1.32879,1.19,1.00
2017.10.26 20:50:57.672,1.32873,1.32879,1.19,1.00
2017.10.26 20:50:58.210,1.32876,1.32879,1.25,1.00
2017.10.26 20:50:59.769,1.32876,1.3288,1.19,1.00
2017.10.26 20:51:00.279,1.32876,1.32881,1.19,1.00
2017.10.26 20:51:01.097,1.32876,1.32881,1.00,1.00
2017.10.26 20:51:01.617,1.32876,1.32878,1.00,1.00
2017.10.26 20:51:02.203,1.32875,1.32879,1.25,1.00
2017.10.26 20:51:02.591,1.32875,1.32881,1.19,1.00
2017.10.26 20:51:02.695,1.32875,1.3288,1.25,1.00
2017.10.26 20:51:03.001,1.32875,1.3288,1.19,1.00
2017.10.26 20:51:04.401,1.32875,1.3288,1.19,1.00
2017.10.26 20:51:05.288,1.32876,1.3288,1.19,1.00
2017.10.26 20:51:07.181,1.32875,1.3288,1.00,1.00
2017.10.26 20:51:07.334,1.32874,1.32881,1.69,1.00
2017.10.26 20:51:07.983,1.32875,1.3288,1.19,1.00
2017.10.26 20:51:08.505,1.32875,1.32881,1.00,1.00
2017.10.26 20:51:08.810,1.32876,1.32881,1.19,1.00
2017.10.26 20:51:09.230,1.32875,1.3288,1.00,1.00
2017.10.26 20:51:09.836,1.32875,1.32881,1.19,1.00
2017.10.26 20:51:10.384,1.32876,1.32883,1.19,1.12
2017.10.26 20:51:10.974,1.32876,1.32883,1.69,1.12
2017.10.26 20:51:11.685,1.32876,1.32883,2.44,1.12
2017.10.26 20:51:11.737,1.32877,1.32883,1.19,1.12
2017.10.26 20:51:12.284,1.32877,1.32883,1.19,1.12
2017.10.26 20:51:12.732,1.32878,1.32883,1.19,1.12
2017.10.26 20:51:13.280,1.32878,1.32884,1.19,1.37
2017.10.26 20:51:14.231,1.32878,1.32883,1.19,1.12
2017.10.26 20:51:14.334,1.32878,1.32883,1.25,1.12
2017.10.26 20:51:14.693,1.32878,1.32883,1.19,1.12
2017.10.26 20:51:14.947,1.32877,1.32883,2.06,1.12
2017.10.26 20:51:15.325,1.32877,1.32884,1.69,1.37
2017.10.26 20:51:15.377,1.32877,1.32884,1.69,1.37
2017.10.26 20:51:15.479,1.32877,1.32884,1.25,1.37
2017.10.26 20:51:15.697,1.32877,1.32884,1.19,1.37
2017.10.26 20:51:16.232,1.32877,1.32883,1.19,1.12
2017.10.26 20:51:16.335,1.32877,1.32883,1.25,1.12
2017.10.26 20:51:17.855,1.32876,1.32884,2.62,1.37
2017.10.26 20:51:18.408,1.32878,1.32884,1.19,1.37
2017.10.26 20:51:18.917,1.32878,1.32885,1.19,1.37
2017.10.26 20:51:19.171,1.32878,1.32884,1.19,1.37
2017.10.26 20:51:20.402,1.32877,1.32886,1.19,1.37
2017.10.26 20:51:20.606,1.32877,1.32886,2.44,1.00
2017.10.26 20:51:21.232,1.32878,1.32885,1.69,1.00
2017.10.26 20:51:21.334,1.32882,1.32888,1.00,1.62
2017.10.26 20:51:22.953,1.32882,1.32888,1.19,1.37
2017.10.26 20:51:24.239,1.32883,1.32888,1.25,1.62
2017.10.26 20:51:26.247,1.32883,1.32888,1.19,1.62
2017.10.26 20:51:26.797,1.32883,1.32888,1.25,1.62
2017.10.26 20:51:29.546,1.32877,1.32881,1.31,1.00
2017.10.26 20:51:29.598,1.32877,1.32883,1.25,1.87
2017.10.26 20:51:29.700,1.32879,1.32884,1.25,1.56
2017.10.26 20:51:30.160,1.32879,1.32886,1.19,2.06
2017.10.26 20:51:31.589,1.32882,1.32887,1.25,2.81
2017.10.26 20:51:31.693,1.32882,1.32887,1.25,1.50
2017.10.26 20:51:32.699,1.32883,1.32889,1.00,1.56
2017.10.26 20:51:33.211,1.32883,1.32889,1.19,1.69
2017.10.26 20:51:34.322,1.32883,1.32889,1.19,2.06
2017.10.26 20:51:36.467,1.32884,1.32889,1.25,1.31
2017.10.26 20:51:37.330,1.32884,1.3289,1.19,2.06
2017.10.26 20:51:38.334,1.32884,1.3289,1.31,1.56
2017.10.26 20:51:38.880,1.32884,1.3289,1.00,2.06
2017.10.26 20:51:39.717,1.32883,1.3289,1.00,2.06
2017.10.26 20:51:40.247,1.32883,1.3289,1.19,2.06
2017.10.26 20:51:41.436,1.32883,1.32889,1.19,1.62
2017.10.26 20:51:42.387,1.32883,1.32887,1.25,1.37
2017.10.26 20:51:42.898,1.32881,1.32887,1.19,1.37
2017.10.26 20:51:43.742,1.32881,1.32888,1.25,1.69
2017.10.26 20:51:44.252,1.32881,1.32888,1.19,2.81
2017.10.26 20:51:44.839,1.32882,1.32887,1.25,1.37
2017.10.26 20:51:45.432,1.3288,1.32888,1.19,2.89
2017.10.26 20:51:45.762,1.32882,1.32887,1.19,1.50
2017.10.26 20:51:46.272,1.32882,1.32887,1.25,1.37
2017.10.26 20:51:46.792,1.32881,1.32887,1.19,1.37
2017.10.26 20:51:46.996,1.32881,1.32887,1.25,1.37
2017.10.26 20:51:47.204,1.32882,1.32887,1.19,1.37
2017.10.26 20:51:47.358,1.32882,1.32887,1.25,1.37
2017.10.26 20:51:48.155,1.32882,1.32887,1.19,1.37
2017.10.26 20:51:48.360,1.32882,1.32887,1.00,1.87
2017.10.26 20:51:48.564,1.32882,1.32887,1.19,1.37
2017.10.26 20:51:48.788,1.32882,1.32887,1.25,1.37
2017.10.26 20:51:49.043,1.32882,1.32887,1.19,1.37
2017.10.26 20:51:49.145,1.32881,1.32887,1.19,1.37
2017.10.26 20:51:49.683,1.32882,1.32887,1.19,1.37
2017.10.26 20:51:50.432,1.32882,1.32887,1.00,1.37
2017.10.26 20:51:51.146,1.32882,1.32887,1.19,1.37
2017.10.26 20:51:51.417,1.32881,1.32887,1.25,1.37
2017.10.26 20:51:51.884,1.32881,1.32887,1.25,1.12
2017.10.26 20:51:52.345,1.32882,1.32887,1.19,1.12
2017.10.26 20:51:52.854,1.32882,1.32887,1.25,1.37
2017.10.26 20:51:53.381,1.32881,1.32887,1.19,1.37
2017.10.26 20:51:53.586,1.32881,1.32887,1.19,1.37
2017.10.26 20:51:53.944,1.32881,1.32887,1.19,1.37
2017.10.26 20:51:54.148,1.32881,1.32887,1.19,1.87
2017.10.26 20:51:54.682,1.32881,1.32887,1.19,1.37
2017.10.26 20:51:55.245,1.32881,1.32887,1.19,1.37
2017.10.26 20:51:55.449,1.32882,1.32887,1.25,1.87
2017.10.26 20:51:56.133,1.32882,1.32889,1.19,6.00
2017.10.26 20:51:56.320,1.32878,1.32885,1.44,1.00
2017.10.26 20:51:56.661,1.32878,1.32885,2.44,1.00
2017.10.26 20:51:56.764,1.32878,1.32885,1.69,1.00
2017.10.26 20:51:57.442,1.32877,1.32885,1.87,1.12
2017.10.26 20:51:57.901,1.32878,1.32886,2.44,1.37
2017.10.26 20:51:58.055,1.32878,1.32886,1.19,1.37
2017.10.26 20:51:58.513,1.32879,1.32887,1.69,1.37
2017.10.26 20:51:58.819,1.32878,1.32886,2.44,1.37
2017.10.26 20:51:59.458,1.32877,1.32885,2.25,1.12
2017.10.26 20:51:59.561,1.32877,1.32885,2.62,1.12
2017.10.26 20:52:00.074,1.32877,1.32885,2.25,1.12
2017.10.26 20:52:00.583,1.32877,1.32885,2.25,1.12
2017.10.26 20:52:01.143,1.32878,1.32885,1.19,1.12
2017.10.26 20:52:01.246,1.32877,1.32885,2.62,1.12
2017.10.26 20:52:01.526,1.32877,1.32886,3.75,1.37
2017.10.26 20:52:01.903,1.32877,1.32886,2.25,1.37
2017.10.26 20:52:02.030,1.32877,1.32886,1.87,1.37
2017.10.26 20:52:02.234,1.32877,1.32886,1.87,1.37
2017.10.26 20:52:02.442,1.32877,1.32886,1.50,1.37
2017.10.26 20:52:02.952,1.32877,1.32885,1.87,1.12
2017.10.26 20:52:03.257,1.32877,1.32885,2.62,1.00
2017.10.26 20:52:03.512,1.32877,1.32884,3.00,1.00
2017.10.26 20:52:03.715,1.32877,1.32886,1.50,1.00
2017.10.26 20:52:04.295,1.32878,1.32885,1.19,1.00
2017.10.26 20:52:04.448,1.32878,1.32885,1.19,1.00
2017.10.26 20:52:04.677,1.32877,1.32885,3.00,1.00
2017.10.26 20:52:05.187,1.32877,1.32885,3.75,1.00
2017.10.26 20:52:05.441,1.32878,1.32886,3.00,1.00
2017.10.26 20:52:05.696,1.32877,1.32885,4.50,1.00
2017.10.26 20:52:06.309,1.32879,1.32886,1.50,1.00
2017.10.26 20:52:06.920,1.32877,1.32886,3.75,1.00
2017.10.26 20:52:07.429,1.32879,1.32886,1.50,1.00
2017.10.26 20:52:07.942,1.32877,1.32885,5.25,1.00
2017.10.26 20:52:08.197,1.32879,1.32886,1.50,1.00
2017.10.26 20:52:08.403,1.32878,1.32886,3.00,1.00
2017.10.26 20:52:08.978,1.32877,1.32886,4.50,1.00
2017.10.26 20:52:09.080,1.32878,1.32886,2.25,1.00
2017.10.26 20:52:09.385,1.32878,1.32886,1.75,1.00
2017.10.26 20:52:09.947,1.32878,1.32886,3.75,1.00
2017.10.26 20:52:09.998,1.32879,1.32886,1.50,1.00
2017.10.26 20:52:10.050,1.32879,1.32886,2.25,1.00
2017.10.26 20:52:10.254,1.32879,1.32885,1.00,1.00
2017.10.26 20:52:10.407,1.32878,1.32885,2.25,1.00
2017.10.26 20:52:10.919,1.32878,1.32886,3.00,1.00
2017.10.26 20:52:11.276,1.32879,1.32885,1.00,1.00
2017.10.26 20:52:11.428,1.32878,1.32885,3.00,1.00
2017.10.26 20:52:11.685,1.32879,1.32885,1.00,1.00
2017.10.26 20:52:12.217,1.32878,1.32886,3.00,1.00
2017.10.26 20:52:12.746,1.32879,1.32886,1.00,1.00
2017.10.26 20:52:12.798,1.32878,1.32886,2.25,1.00
2017.10.26 20:52:13.052,1.32879,1.32887,1.00,1.50
2017.10.26 20:52:13.103,1.32879,1.32885,1.00,1.00
2017.10.26 20:52:13.802,1.32877,1.32885,4.12,1.00
2017.10.26 20:52:14.229,1.32879,1.32886,1.44,1.00
2017.10.26 20:52:14.433,1.32877,1.32886,3.00,1.00
2017.10.26 20:52:14.882,1.32877,1.32884,3.75,1.00
2017.10.26 20:52:15.197,1.32878,1.32885,2.62,1.00
2017.10.26 20:52:15.352,1.32878,1.32886,1.37,1.00
2017.10.26 20:52:15.454,1.32877,1.32884,4.12,1.00
2017.10.26 20:52:15.738,1.32878,1.32886,1.87,1.00
2017.10.26 20:52:15.789,1.32877,1.32884,4.12,1.00
2017.10.26 20:52:16.111,1.32879,1.32885,1.87,1.00
2017.10.26 20:52:16.265,1.32877,1.32884,2.62,1.00
2017.10.26 20:52:16.785,1.32877,1.32884,3.37,1.00
2017.10.26 20:52:16.990,1.32878,1.32886,1.87,1.00
2017.10.26 20:52:17.143,1.32877,1.32885,4.12,1.00
2017.10.26 20:52:17.503,1.32878,1.32885,1.50,1.00
2017.10.26 20:52:17.555,1.32878,1.32887,2.25,1.50
2017.10.26 20:52:17.658,1.32877,1.32886,3.75,1.00
2017.10.26 20:52:17.811,1.32877,1.32884,2.25,1.00
2017.10.26 20:52:18.066,1.32878,1.32886,2.44,1.00
2017.10.26 20:52:18.270,1.32877,1.32885,2.62,1.00
2017.10.26 20:52:18.321,1.32877,1.32885,2.62,1.00
2017.10.26 20:52:18.831,1.32878,1.32885,2.44,1.00
2017.10.26 20:52:19.036,1.32878,1.32885,1.69,1.00
2017.10.26 20:52:19.087,1.32877,1.32885,1.87,1.00
2017.10.26 20:52:19.291,1.32877,1.32885,2.62,1.00
2017.10.26 20:52:19.680,1.32877,1.32884,1.87,1.00
2017.10.26 20:52:19.833,1.32877,1.32884,3.37,1.00
2017.10.26 20:52:19.885,1.32876,1.32883,1.37,1.50
2017.10.26 20:52:20.140,1.32874,1.32881,2.25,1.00
2017.10.26 20:52:20.599,1.32876,1.32883,1.50,1.00
2017.10.26 20:52:21.129,1.32876,1.32884,2.62,1.12
2017.10.26 20:52:21.645,1.32876,1.32884,1.87,1.12
2017.10.26 20:52:22.286,1.32876,1.32884,1.87,1.12
2017.10.26 20:52:22.643,1.32877,1.32884,1.44,1.12
2017.10.26 20:52:23.531,1.32878,1.32885,1.31,1.37
2017.10.26 20:52:24.166,1.32877,1.32884,2.62,1.12
2017.10.26 20:52:24.787,1.32877,1.32884,2.62,1.12
2017.10.26 20:52:25.093,1.32879,1.32886,1.19,2.62
2017.10.26 20:52:25.195,1.32875,1.32882,1.87,1.00
2017.10.26 20:52:25.246,1.32874,1.3288,1.12,1.00
2017.10.26 20:52:25.298,1.32874,1.3288,1.87,1.00
2017.10.26 20:52:25.653,1.32873,1.3288,1.19,1.00
2017.10.26 20:52:26.082,1.32872,1.32879,1.87,1.00
2017.10.26 20:52:26.659,1.32872,1.32879,1.87,1.00
2017.10.26 20:52:27.171,1.32873,1.3288,1.50,1.50
2017.10.26 20:52:27.696,1.32874,1.3288,1.25,1.50
2017.10.26 20:52:27.850,1.32872,1.32879,1.50,1.00
2017.10.26 20:52:27.955,1.32875,1.32882,1.00,1.12
2017.10.26 20:52:28.058,1.32877,1.32885,1.69,1.00
2017.10.26 20:52:28.365,1.3288,1.32885,1.00,1.00
2017.10.26 20:52:28.417,1.32878,1.32887,1.50,1.50
2017.10.26 20:52:28.469,1.3288,1.32887,1.00,2.25
2017.10.26 20:52:29.000,1.3288,1.32888,1.19,3.75
2017.10.26 20:52:29.510,1.32881,1.32888,1.00,2.62
2017.10.26 20:52:30.059,1.32882,1.32888,1.00,1.12
2017.10.26 20:52:30.594,1.32885,1.32891,1.00,1.12
2017.10.26 20:52:30.697,1.32885,1.32894,1.19,1.00
2017.10.26 20:52:31.258,1.32886,1.32894,1.19,5.62
2017.10.26 20:52:31.514,1.32891,1.32894,1.25,2.25
2017.10.26 20:52:32.061,1.3289,1.32895,1.31,1.50
2017.10.26 20:52:32.472,1.32889,1.32894,1.25,1.00
2017.10.26 20:52:32.795,1.32895,1.32902,2.44,1.00
2017.10.26 20:52:33.307,1.32893,1.329,1.87,1.50
2017.10.26 20:52:33.617,1.32892,1.32897,1.50,1.50
2017.10.26 20:52:34.313,1.32891,1.32896,2.44,1.50
2017.10.26 20:52:34.620,1.3289,1.32894,1.00,1.00
2017.10.26 20:52:34.980,1.32891,1.32895,1.31,1.50
2017.10.26 20:52:35.594,1.32891,1.32895,1.69,1.50
2017.10.26 20:52:36.138,1.3289,1.32895,3.56,1.50
2017.10.26 20:52:36.444,1.3289,1.32895,3.94,1.50
2017.10.26 20:52:37.438,1.3289,1.32895,3.19,1.50
2017.10.26 20:52:37.591,1.32889,1.32894,1.69,2.25
2017.10.26 20:52:37.846,1.32887,1.32894,3.75,2.25
2017.10.26 20:52:38.339,1.32887,1.32894,3.00,2.25
2017.10.26 20:52:38.964,1.32887,1.32894,2.25,1.00
2017.10.26 20:52:39.914,1.32889,1.32894,1.69,1.00
2017.10.26 20:52:40.017,1.32887,1.32894,3.00,2.25
2017.10.26 20:52:40.221,1.32887,1.32894,3.75,3.00
2017.10.26 20:52:40.528,1.32885,1.32894,1.87,3.00
2017.10.26 20:52:40.579,1.32885,1.32891,1.44,1.00
2017.10.26 20:52:40.784,1.32884,1.32891,1.87,1.00
2017.10.26 20:52:41.302,1.32883,1.3289,1.87,1.00
2017.10.26 20:52:41.816,1.32883,1.32891,4.12,1.00
2017.10.26 20:52:41.867,1.32884,1.32892,1.37,1.00
2017.10.26 20:52:41.918,1.32884,1.32892,1.44,1.37
2017.10.26 20:52:42.276,1.32883,1.32891,3.37,1.00
2017.10.26 20:52:42.429,1.32882,1.32892,4.12,1.87
2017.10.26 20:52:44.043,1.32883,1.3289,1.37,1.00
2017.10.26 20:52:44.594,1.32882,1.32891,3.00,1.10
2017.10.26 20:52:45.338,1.32883,1.32891,1.37,1.10
2017.10.26 20:52:45.850,1.32883,1.32891,1.37,1.00
2017.10.26 20:52:46.488,1.32882,1.3289,1.87,1.00
2017.10.26 20:52:47.029,1.32883,1.32891,1.19,1.00
2017.10.26 20:52:47.386,1.32884,1.32892,1.25,1.50
2017.10.26 20:52:47.597,1.32884,1.32892,1.19,1.10
2017.10.26 20:52:48.210,1.32885,1.32893,1.19,1.57
2017.10.26 20:52:48.543,1.32889,1.32894,1.00,2.25
2017.10.26 20:52:49.176,1.32886,1.32893,1.25,1.12
2017.10.26 20:52:49.278,1.32884,1.32893,1.12,4.20
2017.10.26 20:52:49.381,1.32884,1.3289,1.00,1.00
2017.10.26 20:52:49.911,1.32882,1.3289,3.00,1.00
2017.10.26 20:52:50.894,1.32882,1.3289,1.87,1.50
2017.10.26 20:52:51.047,1.3288,1.3289,3.37,1.50
2017.10.26 20:52:51.150,1.3288,1.3289,4.87,1.50
2017.10.26 20:52:51.799,1.32881,1.3289,1.87,1.00
2017.10.26 20:52:52.348,1.32881,1.32891,1.87,1.87
2017.10.26 20:52:52.756,1.32882,1.32889,1.44,1.00
2017.10.26 20:52:53.290,1.32881,1.32889,1.37,1.00
2017.10.26 20:52:53.829,1.3288,1.3289,3.75,1.00
2017.10.26 20:52:54.342,1.3288,1.3289,6.00,1.00
2017.10.26 20:52:54.546,1.32893,1.32901,1.44,1.00
2017.10.26 20:52:54.751,1.32893,1.32899,1.12,1.00
2017.10.26 20:52:54.802,1.32889,1.32897,1.20,1.00
2017.10.26 20:52:55.109,1.32887,1.32895,1.87,1.00
2017.10.26 20:52:55.342,1.32887,1.32895,1.00,1.00
2017.10.26 20:52:55.852,1.32886,1.32894,2.06,2.25
2017.10.26 20:52:56.532,1.32886,1.32895,2.44,3.75
2017.10.26 20:52:56.583,1.32886,1.32895,2.44,3.75
2017.10.26 20:52:56.685,1.32888,1.32895,2.25,3.00
2017.10.26 20:52:56.992,1.32893,1.32899,1.87,1.00
2017.10.26 20:52:57.540,1.32893,1.32899,2.25,1.00
2017.10.26 20:52:58.464,1.32893,1.32899,1.76,1.50
2017.10.26 20:52:58.980,1.32893,1.32898,1.76,1.50
2017.10.26 20:52:59.286,1.32892,1.32898,3.45,1.50
2017.10.26 20:52:59.459,1.32893,1.32901,1.50,1.50
2017.10.26 20:52:59.987,1.32893,1.329,2.62,1.50
2017.10.26 20:53:00.507,1.32893,1.32901,2.25,2.25
2017.10.26 20:53:01.028,1.32893,1.329,2.62,1.50
2017.10.26 20:53:01.443,1.32894,1.32901,2.62,1.50
2017.10.26 20:53:01.982,1.32895,1.32901,1.19,1.50
2017.10.26 20:53:02.523,1.32895,1.32901,1.25,1.50
2017.10.26 20:53:03.060,1.32895,1.32901,1.19,1.50
2017.10.26 20:53:03.668,1.32895,1.32901,1.19,1.50
2017.10.26 20:53:03.978,1.32894,1.32902,2.62,1.50
2017.10.26 20:53:04.182,1.32894,1.32902,2.62,1.50
2017.10.26 20:53:06.027,1.32896,1.32902,1.19,1.50
2017.10.26 20:53:06.532,1.32896,1.32904,2.62,1.00
2017.10.26 20:53:07.051,1.32896,1.32903,1.69,1.00
2017.10.26 20:53:07.560,1.32896,1.32904,2.06,1.00
2017.10.26 20:53:08.086,1.32896,1.32904,3.37,1.00
2017.10.26 20:53:08.137,1.32896,1.32902,1.00,1.50
2017.10.26 20:53:08.646,1.32895,1.32903,1.25,1.87
2017.10.26 20:53:09.004,1.32896,1.32902,1.69,1.50
2017.10.26 20:53:09.055,1.32896,1.32902,1.00,1.50
2017.10.26 20:53:10.239,1.32895,1.32902,2.62,1.50
2017.10.26 20:53:10.341,1.32896,1.32902,1.25,1.50
2017.10.26 20:53:10.742,1.32895,1.32903,2.62,1.87
2017.10.26 20:53:10.845,1.32896,1.32902,1.25,1.50
2017.10.26 20:53:11.361,1.32897,1.32902,1.00,1.50
2017.10.26 20:53:12.098,1.32896,1.32902,1.50,1.50
2017.10.26 20:53:12.653,1.32897,1.32905,1.69,1.12
2017.10.26 20:53:13.112,1.32898,1.32905,1.69,1.12
2017.10.26 20:53:13.624,1.32893,1.32901,2.44,1.50
2017.10.26 20:53:14.133,1.32893,1.32901,1.69,1.00
2017.10.26 20:53:14.681,1.32894,1.32902,1.12,3.56
2017.10.26 20:53:15.377,1.32893,1.32901,1.87,1.00
2017.10.26 20:53:16.007,1.32894,1.32901,1.44,1.00
2017.10.26 20:53:16.648,1.32894,1.32901,1.50,1.00
2017.10.26 20:53:17.293,1.32894,1.32901,1.44,1.00
2017.10.26 20:53:17.838,1.32894,1.32901,1.69,1.50
2017.10.26 20:53:18.569,1.32894,1.32901,1.44,1.00
2017.10.26 20:53:19.080,1.32894,1.32901,1.87,1.00
2017.10.26 20:53:19.389,1.32887,1.32894,1.19,2.62
2017.10.26 20:53:19.593,1.32886,1.32894,1.31,2.25
2017.10.26 20:53:19.645,1.32888,1.32895,1.19,3.56
2017.10.26 20:53:19.849,1.32888,1.32894,1.25,2.25
2017.10.26 20:53:20.527,1.32887,1.32894,1.19,3.37
2017.10.26 20:53:20.782,1.32887,1.32895,1.12,5.06
2017.10.26 20:53:21.358,1.32888,1.32895,1.00,5.06
2017.10.26 20:53:21.614,1.32888,1.32894,1.19,2.25
2017.10.26 20:53:22.131,1.32887,1.32894,1.19,1.00
2017.10.26 20:53:22.334,1.32886,1.32894,1.31,1.00
2017.10.26 20:53:22.882,1.32887,1.32894,1.19,3.00
2017.10.26 20:53:23.534,1.32887,1.32894,1.19,3.00
2017.10.26 20:53:23.809,1.32887,1.32894,1.25,3.00
2017.10.26 20:53:24.014,1.32886,1.32894,1.69,2.25
2017.10.26 20:53:25.254,1.32886,1.32894,1.31,2.25
2017.10.26 20:53:25.408,1.32886,1.32894,2.06,3.00
2017.10.26 20:53:25.909,1.32887,1.32894,1.69,3.00
2017.10.26 20:53:26.192,1.32887,1.32894,1.19,3.00
2017.10.26 20:53:26.703,1.32885,1.32893,2.25,1.00
2017.10.26 20:53:27.060,1.32883,1.3289,1.87,1.00
2017.10.26 20:53:27.112,1.32881,1.32889,2.25,1.00
2017.10.26 20:53:27.163,1.3288,1.32887,3.94,1.00
2017.10.26 20:53:27.476,1.32879,1.32885,1.19,1.00
2017.10.26 20:53:27.578,1.32877,1.32884,1.50,1.00
2017.10.26 20:53:27.681,1.32875,1.32881,1.37,1.37
2017.10.26 20:53:27.785,1.3287,1.32876,1.44,1.87
2017.10.26 20:53:27.888,1.32873,1.32876,1.25,1.00
2017.10.26 20:53:27.991,1.32871,1.32876,1.69,1.00
2017.10.26 20:53:28.043,1.32872,1.32878,1.19,2.25
2017.10.26 20:53:28.094,1.32871,1.32878,1.19,1.50
2017.10.26 20:53:28.444,1.32869,1.32876,1.19,1.00
2017.10.26 20:53:28.496,1.32869,1.32878,1.19,1.00
2017.10.26 20:53:29.005,1.32868,1.32878,2.25,1.50
2017.10.26 20:53:29.057,1.32868,1.32878,1.69,1.69
2017.10.26 20:53:29.441,1.32864,1.32872,3.00,1.37
2017.10.26 20:53:29.958,1.32862,1.32871,1.69,2.06
2017.10.26 20:53:30.213,1.32861,1.32871,1.50,2.06
2017.10.26 20:53:30.369,1.32862,1.32869,1.00,1.31
2017.10.26 20:53:30.993,1.32861,1.32869,1.00,1.31
2017.10.26 20:53:31.607,1.32861,1.32869,1.00,1.12
2017.10.26 20:53:32.527,1.32862,1.32869,1.00,1.12
2017.10.26 20:53:32.987,1.3286,1.3287,1.00,1.25
2017.10.26 20:53:33.282,1.32866,1.32868,1.00,1.00
2017.10.26 20:53:33.333,1.32867,1.32876,1.00,1.56
2017.10.26 20:53:33.385,1.32871,1.32876,1.50,1.00
2017.10.26 20:53:33.719,1.32877,1.32883,1.00,1.00
2017.10.26 20:53:34.582,1.32878,1.32886,1.00,3.19
2017.10.26 20:53:34.634,1.32878,1.32885,1.00,1.25
2017.10.26 20:53:34.982,1.32875,1.32883,1.25,1.37
2017.10.26 20:53:35.677,1.32874,1.32882,1.00,1.56
2017.10.26 20:53:37.117,1.32874,1.32882,1.00,1.62
2017.10.26 20:53:39.433,1.32875,1.32883,1.00,1.56
2017.10.26 20:53:39.952,1.32875,1.32885,1.00,4.12
2017.10.26 20:53:40.468,1.32875,1.32885,1.00,2.25
2017.10.26 20:53:41.507,1.32876,1.32885,1.00,2.81
2017.10.26 20:53:43.317,1.32875,1.32884,1.00,2.06
2017.10.26 20:53:43.832,1.32876,1.32884,1.00,3.75
2017.10.26 20:53:43.934,1.32874,1.32882,1.50,1.12
2017.10.26 20:53:44.241,1.32876,1.32884,1.00,2.25
2017.10.26 20:53:44.787,1.32875,1.32882,1.00,1.31
2017.10.26 20:53:45.302,1.32874,1.32883,1.00,1.81
2017.10.26 20:53:45.835,1.32875,1.32882,1.00,1.31
2017.10.26 20:53:45.886,1.32873,1.32883,1.00,2.25
2017.10.26 20:53:46.049,1.32873,1.32883,1.00,2.25
2017.10.26 20:53:46.151,1.32875,1.32882,1.00,1.12
2017.10.26 20:53:48.608,1.32876,1.32883,1.00,2.06
2017.10.26 20:53:49.127,1.32877,1.32884,1.00,1.62
2017.10.26 20:53:49.469,1.32875,1.32883,1.00,1.56
2017.10.26 20:53:52.012,1.32874,1.32882,1.00,2.06
2017.10.26 20:53:52.470,1.32874,1.32881,1.00,1.31
2017.10.26 20:53:52.572,1.32872,1.32882,2.06,2.06
2017.10.26 20:53:52.777,1.32874,1.32882,1.00,2.06
2017.10.26 20:53:53.233,1.32872,1.3288,1.12,1.31
2017.10.26 20:53:53.284,1.32872,1.3288,1.12,1.31
2017.10.26 20:53:54.899,1.32873,1.32881,1.00,1.56
2017.10.26 20:53:54.951,1.32876,1.32883,1.00,3.56
2017.10.26 20:53:55.124,1.32878,1.32885,1.00,1.01
2017.10.26 20:53:56.598,1.32877,1.32886,1.50,2.06
2017.10.26 20:53:57.455,1.32879,1.32886,1.00,1.31
2017.10.26 20:53:57.660,1.32879,1.32887,1.00,1.56
2017.10.26 20:53:58.385,1.32879,1.32888,1.00,2.25
2017.10.26 20:53:58.887,1.3288,1.32888,1.00,2.25
2017.10.26 20:53:59.427,1.3288,1.32888,1.00,2.25
2017.10.26 20:53:59.647,1.3288,1.32888,1.00,3.00
2017.10.26 20:53:59.750,1.3288,1.32887,1.00,1.56
2017.10.26 20:54:00.261,1.3288,1.32889,1.00,3.56
2017.10.26 20:54:00.700,1.3288,1.32888,1.00,2.06
2017.10.26 20:54:00.992,1.3288,1.32888,1.00,2.06
2017.10.26 20:54:01.197,1.3288,1.32888,1.00,1.31
2017.10.26 20:54:01.509,1.3288,1.32888,1.00,2.06
2017.10.26 20:54:02.019,1.3288,1.32888,1.00,2.81
2017.10.26 20:54:02.122,1.3288,1.32888,1.00,1.31
2017.10.26 20:54:02.420,1.3288,1.32888,1.00,1.31
2017.10.26 20:54:02.727,1.32879,1.32888,1.25,1.31
2017.10.26 20:54:02.779,1.32881,1.32889,1.00,2.44
2017.10.26 20:54:03.486,1.3288,1.32888,1.00,2.06
2017.10.26 20:54:04.015,1.32881,1.32888,1.00,2.06
2017.10.26 20:54:04.372,1.32881,1.32888,1.00,2.06
2017.10.26 20:54:04.694,1.32881,1.32888,1.00,2.81
2017.10.26 20:54:04.796,1.32881,1.32888,1.00,2.06
2017.10.26 20:54:05.428,1.32881,1.32888,1.00,2.06
2017.10.26 20:54:06.064,1.32881,1.32888,1.00,1.31
2017.10.26 20:54:06.978,1.32881,1.32888,1.00,1.31
2017.10.26 20:54:07.664,1.32881,1.32888,1.00,1.31
2017.10.26 20:54:07.928,1.32881,1.32888,1.00,1.31
2017.10.26 20:54:08.165,1.32881,1.32888,1.00,1.31
2017.10.26 20:54:08.330,1.32881,1.32888,1.00,1.31
2017.10.26 20:54:08.550,1.32881,1.32888,1.00,1.31
2017.10.26 20:54:09.078,1.32881,1.32888,1.00,1.31
2017.10.26 20:54:09.179,1.32881,1.32888,1.00,1.31
2017.10.26 20:54:09.230,1.32881,1.32888,1.00,1.31
2017.10.26 20:54:09.479,1.32881,1.32888,1.00,1.31
2017.10.26 20:54:10.097,1.32881,1.32888,1.00,1.31
2017.10.26 20:54:10.559,1.32881,1.32889,1.00,2.81
2017.10.26 20:54:11.232,1.32881,1.32888,1.00,3.56
2017.10.26 20:54:11.487,1.32881,1.32888,1.00,2.44
2017.10.26 20:54:12.130,1.32881,1.32888,1.00,3.56
2017.10.26 20:54:12.877,1.32881,1.32887,1.00,1.56
2017.10.26 20:54:13.528,1.32881,1.32887,1.00,2.06
2017.10.26 20:54:14.649,1.32881,1.32887,1.00,1.56
2017.10.26 20:54:15.179,1.32881,1.32887,1.00,2.06
2017.10.26 20:54:15.687,1.32881,1.32887,1.00,1.56
2017.10.26 20:54:16.379,1.32881,1.32887,1.00,1.56
2017.10.26 20:54:17.669,1.32881,1.32887,1.00,1.56
2017.10.26 20:54:18.175,1.32881,1.32887,1.00,1.56
2017.10.26 20:54:18.721,1.32881,1.32888,1.00,2.81
2017.10.26 20:54:20.889,1.3288,1.32888,1.00,2.44
2017.10.26 20:54:22.681,1.32881,1.32889,1.00,3.56
2017.10.26 20:54:23.146,1.32883,1.32889,1.00,2.06
2017.10.26 20:54:23.300,1.32882,1.3289,1.00,2.81
2017.10.26 20:54:23.453,1.32884,1.3289,1.00,2.06
2017.10.26 20:54:24.230,1.32884,1.3289,1.00,1.31
2017.10.26 20:54:24.777,1.32885,1.32892,1.00,2.06
2017.10.26 20:54:25.287,1.32885,1.32891,1.00,1.31
2017.10.26 20:54:25.825,1.32884,1.32891,1.00,1.12
2017.10.26 20:54:26.335,1.32885,1.32893,1.00,2.44
2017.10.26 20:54:27.136,1.32886,1.32892,1.00,1.87
2017.10.26 20:54:27.692,1.32885,1.32892,1.00,2.06
2017.10.26 20:54:28.746,1.32885,1.32891,1.00,1.31
2017.10.26 20:54:29.291,1.32885,1.32891,1.00,1.56
2017.10.26 20:54:29.699,1.32884,1.32891,1.00,2.06
2017.10.26 20:54:29.752,1.32884,1.3289,1.00,1.56
2017.10.26 20:54:30.262,1.32884,1.32891,1.00,1.69
2017.10.26 20:54:30.313,1.32884,1.32891,1.00,2.44
2017.10.26 20:54:30.845,1.32885,1.32891,1.00,1.31
2017.10.26 20:54:31.100,1.32885,1.32891,1.00,1.31
2017.10.26 20:54:31.303,1.32884,1.32891,1.00,1.31
2017.10.26 20:54:31.711,1.32886,1.32891,1.00,1.31
2017.10.26 20:54:31.863,1.32884,1.32891,1.00,1.12
2017.10.26 20:54:31.915,1.32884,1.32891,1.00,1.62
2017.10.26 20:54:32.220,1.32885,1.32891,1.00,1.12
2017.10.26 20:54:32.475,1.32885,1.32891,1.00,1.56
2017.10.26 20:54:32.988,1.32884,1.32891,1.00,1.56
2017.10.26 20:54:33.231,1.32884,1.32891,1.00,1.62
2017.10.26 20:54:33.741,1.32883,1.32891,1.00,1.56
2017.10.26 20:54:33.792,1.32883,1.3289,1.00,1.62
2017.10.26 20:54:34.149,1.32883,1.3289,1.00,1.31
2017.10.26 20:54:34.708,1.32883,1.3289,1.00,1.37
2017.10.26 20:54:34.811,1.32885,1.3289,1.00,1.56
2017.10.26 20:54:35.021,1.32885,1.32891,1.00,2.06
2017.10.26 20:54:35.123,1.32883,1.32891,1.00,2.06
2017.10.26 20:54:35.532,1.32884,1.32891,1.00,1.87
2017.10.26 20:54:35.583,1.32885,1.32891,1.00,1.37
2017.10.26 20:54:35.838,1.32884,1.32891,1.00,1.69
2017.10.26 20:54:36.145,1.32885,1.32891,1.00,2.06
2017.10.26 20:54:36.400,1.32885,1.32891,1.00,1.87
2017.10.26 20:54:36.603,1.32885,1.32891,1.00,1.62
2017.10.26 20:54:36.937,1.32885,1.32891,1.00,1.87
2017.10.26 20:54:37.472,1.32884,1.32891,1.00,1.56
2017.10.26 20:54:37.981,1.32885,1.32891,1.00,2.06
2017.10.26 20:54:38.551,1.32885,1.32891,1.00,2.06
2017.10.26 20:54:39.081,1.32885,1.3289,1.00,1.62
2017.10.26 20:54:39.387,1.32883,1.3289,1.00,1.56
2017.10.26 20:54:39.896,1.32883,1.3289,1.00,1.12
2017.10.26 20:54:40.612,1.32883,1.32891,1.00,1.31
2017.10.26 20:54:41.119,1.32883,1.32891,1.00,1.69
2017.10.26 20:54:41.630,1.32883,1.3289,1.00,1.87
2017.10.26 20:54:42.191,1.32884,1.3289,1.00,2.06
2017.10.26 20:54:42.700,1.32884,1.3289,1.00,1.50
2017.10.26 20:54:43.341,1.32885,1.32891,1.00,1.56
2017.10.26 20:54:43.494,1.32883,1.32891,1.00,1.56
2017.10.26 20:54:43.648,1.32885,1.32891,1.00,1.31
2017.10.26 20:54:44.157,1.32884,1.32891,1.00,1.31
2017.10.26 20:54:44.686,1.32885,1.32892,1.00,1.62
2017.10.26 20:54:45.215,1.32885,1.3289,1.00,1.00
2017.10.26 20:54:45.726,1.32884,1.32892,1.00,2.06
2017.10.26 20:54:46.235,1.32885,1.32891,1.00,1.12
2017.10.26 20:54:46.541,1.32886,1.32892,1.00,2.06
2017.10.26 20:54:46.847,1.32884,1.32892,1.00,3.19
2017.10.26 20:54:47.108,1.32886,1.32891,1.00,1.12
2017.10.26 20:54:47.482,1.32884,1.32891,1.00,2.06
2017.10.26 20:54:47.636,1.32884,1.32891,1.00,1.87
2017.10.26 20:54:48.349,1.32886,1.32892,1.00,1.56
2017.10.26 20:54:48.878,1.32884,1.32893,1.00,2.81
2017.10.26 20:54:49.103,1.32885,1.32893,1.00,1.56
2017.10.26 20:54:49.613,1.32887,1.32893,1.00,2.06
2017.10.26 20:54:49.868,1.32885,1.32893,1.00,2.06
2017.10.26 20:54:49.970,1.32885,1.32893,1.00,5.06
2017.10.26 20:54:50.189,1.32885,1.32891,1.00,1.12
2017.10.26 20:54:50.393,1.32884,1.32892,1.00,2.06
2017.10.26 20:54:50.699,1.32886,1.32892,1.00,2.06
2017.10.26 20:54:51.210,1.32885,1.32892,1.00,2.06
2017.10.26 20:54:51.810,1.32884,1.3289,1.00,1.56
2017.10.26 20:54:52.014,1.32885,1.32891,1.00,1.00
2017.10.26 20:54:52.528,1.32886,1.32891,1.00,1.00
2017.10.26 20:54:53.036,1.32885,1.32892,1.00,2.06
2017.10.26 20:54:53.189,1.32884,1.32887,1.00,1.50
2017.10.26 20:54:53.241,1.3288,1.32886,1.69,1.25
2017.10.26 20:54:53.570,1.32879,1.32886,1.00,1.31
2017.10.26 20:54:53.622,1.32877,1.32886,1.00,1.56
2017.10.26 20:54:53.826,1.32879,1.32886,1.00,2.81
2017.10.26 20:54:54.191,1.32877,1.32886,1.00,3.56
2017.10.26 20:54:54.530,1.32879,1.32886,1.00,2.06
2017.10.26 20:54:54.993,1.32876,1.32881,1.25,1.56
2017.10.26 20:54:55.095,1.32872,1.3288,1.00,2.06
2017.10.26 20:54:55.198,1.32874,1.3288,1.00,1.62
2017.10.26 20:54:55.453,1.32872,1.3288,1.00,1.56
2017.10.26 20:54:57.008,1.32871,1.32878,1.00,1.12
2017.10.26 20:54:57.518,1.32867,1.32877,2.32,4.87
2017.10.26 20:54:57.620,1.32867,1.32876,1.12,2.81
2017.10.26 20:54:57.875,1.32865,1.32874,1.25,2.81
2017.10.26 20:54:57.927,1.32867,1.32874,1.00,1.87
2017.10.26 20:54:58.437,1.32866,1.32873,1.00,2.06
2017.10.26 20:54:59.218,1.32865,1.32872,1.25,1.37
2017.10.26 20:54:59.738,1.32866,1.32873,1.00,1.37
2017.10.26 20:55:00.044,1.32866,1.32874,1.00,5.81
2017.10.26 20:55:00.555,1.32865,1.32872,1.00,1.62
2017.10.26 20:55:00.609,1.32863,1.32872,1.00,1.62
2017.10.26 20:55:00.814,1.32865,1.32871,1.00,1.87
2017.10.26 20:55:01.122,1.32868,1.32875,1.00,2.81
2017.10.26 20:55:01.730,1.32869,1.32876,1.00,1.56
2017.10.26 20:55:02.243,1.3287,1.32878,1.00,3.56
2017.10.26 20:55:02.772,1.32871,1.32878,1.00,2.81
2017.10.26 20:55:03.302,1.32869,1.32877,1.00,2.06
2017.10.26 20:55:03.814,1.3287,1.32879,1.00,1.56
2017.10.26 20:55:04.324,1.32871,1.32878,1.00,1.87
2017.10.26 20:55:04.861,1.3287,1.32878,1.00,1.31
2017.10.26 20:55:05.383,1.3287,1.32878,1.00,1.31
2017.10.26 20:55:05.945,1.32871,1.32879,1.00,2.81
2017.10.26 20:55:06.555,1.32871,1.32879,1.00,2.81
2017.10.26 20:55:06.708,1.32871,1.3288,1.00,2.06
2017.10.26 20:55:06.760,1.32871,1.3288,1.00,2.06
2017.10.26 20:55:07.066,1.32873,1.32879,1.00,1.19
2017.10.26 20:55:07.221,1.32872,1.32879,1.00,1.69
2017.10.26 20:55:07.734,1.32871,1.32879,1.00,2.44
2017.10.26 20:55:07.786,1.32871,1.32879,1.00,2.81
2017.10.26 20:55:09.465,1.3287,1.32879,1.00,5.06
2017.10.26 20:55:10.731,1.32869,1.32878,1.00,1.87
2017.10.26 20:55:11.240,1.3287,1.32878,1.00,3.56
2017.10.26 20:55:12.527,1.32869,1.32878,1.00,3.56
2017.10.26 20:55:12.848,1.32869,1.32877,1.00,1.19
2017.10.26 20:55:13.003,1.3287,1.32877,1.00,1.19
2017.10.26 20:55:13.208,1.32865,1.32873,1.76,1.00
2017.10.26 20:55:13.259,1.32864,1.32874,1.00,1.19
2017.10.26 20:55:13.311,1.32865,1.32868,1.00,1.00
2017.10.26 20:55:13.415,1.32861,1.32866,1.50,1.50
2017.10.26 20:55:13.613,1.32862,1.3287,1.00,1.25
2017.10.26 20:55:13.666,1.32861,1.32869,1.00,1.69
2017.10.26 20:55:13.768,1.32863,1.3287,1.00,1.50
2017.10.26 20:55:13.929,1.32865,1.32873,1.00,1.19
2017.10.26 20:55:14.494,1.32865,1.32873,1.00,1.69
2017.10.26 20:55:15.093,1.32865,1.32873,1.00,1.69
2017.10.26 20:55:15.603,1.32864,1.32871,1.00,1.19
2017.10.26 20:55:16.059,1.32866,1.32873,1.00,1.19
2017.10.26 20:55:16.264,1.32864,1.32874,1.50,1.69
2017.10.26 20:55:16.315,1.32864,1.32873,1.50,1.69
2017.10.26 20:55:16.572,1.3286,1.32867,1.00,1.25
2017.10.26 20:55:16.981,1.32858,1.32866,1.25,1.19
2017.10.26 20:55:17.255,1.32859,1.32867,1.00,1.25
2017.10.26 20:55:17.357,1.32859,1.32867,1.00,1.19
2017.10.26 20:55:17.612,1.32859,1.32867,1.00,1.25
2017.10.26 20:55:18.235,1.32859,1.32866,1.00,1.00
2017.10.26 20:55:18.645,1.32856,1.32864,1.00,1.25
2017.10.26 20:55:19.155,1.32857,1.32864,1.00,1.00
2017.10.26 20:55:19.412,1.32859,1.32866,1.25,1.00
2017.10.26 20:55:19.862,1.3286,1.32868,1.25,1.25
2017.10.26 20:55:19.969,1.32859,1.32866,1.00,1.00
2017.10.26 20:55:20.474,1.32859,1.32865,1.00,1.25
2017.10.26 20:55:20.780,1.32857,1.32864,1.00,1.19
2017.10.26 20:55:20.883,1.32857,1.32865,1.50,1.00
2017.10.26 20:55:21.519,1.32858,1.32865,1.00,1.00
2017.10.26 20:55:22.056,1.32857,1.32865,1.50,1.19
2017.10.26 20:55:22.520,1.32859,1.32865,1.00,1.19
2017.10.26 20:55:22.674,1.32857,1.32865,1.50,1.19
2017.10.26 20:55:23.175,1.32857,1.32865,1.50,1.25
2017.10.26 20:55:23.584,1.32857,1.32865,1.50,1.19
2017.10.26 20:55:23.686,1.32857,1.32865,1.50,1.25
2017.10.26 20:55:24.213,1.32858,1.32865,1.00,1.00
2017.10.26 20:55:24.265,1.32859,1.32867,1.00,1.50
2017.10.26 20:55:24.559,1.32859,1.32867,1.00,1.31
2017.10.26 20:55:25.208,1.32859,1.32867,1.00,1.29
2017.10.26 20:55:25.361,1.32859,1.32867,1.00,1.19
2017.10.26 20:55:25.517,1.32859,1.32867,1.00,1.69
2017.10.26 20:55:25.671,1.32859,1.32867,1.00,1.69
2017.10.26 20:55:26.195,1.32859,1.32867,1.00,1.69
2017.10.26 20:55:26.655,1.3286,1.32867,1.00,1.69
2017.10.26 20:55:26.892,1.3286,1.32867,1.00,1.25
2017.10.26 20:55:27.408,1.3286,1.32868,1.00,1.31
2017.10.26 20:55:27.684,1.3286,1.32868,1.00,1.31
2017.10.26 20:55:27.786,1.3286,1.32868,1.00,2.44
2017.10.26 20:55:28.094,1.3286,1.32868,1.00,1.31
2017.10.26 20:55:28.620,1.3286,1.32867,1.00,1.19
2017.10.26 20:55:29.227,1.32855,1.32862,1.00,4.20
2017.10.26 20:55:29.483,1.32852,1.32859,1.00,1.19
2017.10.26 20:55:29.534,1.32849,1.32858,1.00,1.31
2017.10.26 20:55:29.943,1.32849,1.32855,1.00,1.00
2017.10.26 20:55:29.994,1.3285,1.32858,1.00,1.25
2017.10.26 20:55:30.351,1.32849,1.32857,1.50,1.69
2017.10.26 20:55:30.541,1.32849,1.32859,1.50,1.69
2017.10.26 20:55:30.745,1.3285,1.32857,1.00,1.19
2017.10.26 20:55:30.899,1.3285,1.32858,1.00,1.00
2017.10.26 20:55:31.154,1.32851,1.32858,1.00,1.19
2017.10.26 20:55:31.410,1.3285,1.32858,1.00,1.00
2017.10.26 20:55:31.696,1.32851,1.32858,1.00,1.19
2017.10.26 20:55:31.900,1.32849,1.32859,1.50,1.69
2017.10.26 20:55:32.002,1.32849,1.32859,1.50,2.44
2017.10.26 20:55:32.160,1.32851,1.32858,1.00,1.19
2017.10.26 20:55:32.705,1.3285,1.32857,1.12,1.25
2017.10.26 20:55:33.117,1.3285,1.32859,1.00,1.00
2017.10.26 20:55:33.220,1.32851,1.32859,1.00,2.81
2017.10.26 20:55:33.426,1.32851,1.32859,1.00,1.00
2017.10.26 20:55:33.771,1.32851,1.32859,1.00,1.31
2017.10.26 20:55:34.284,1.32851,1.32858,1.00,1.25
2017.10.26 20:55:34.594,1.32853,1.32861,1.00,1.69
2017.10.26 20:55:34.697,1.32853,1.32861,1.00,1.25
2017.10.26 20:55:34.950,1.32856,1.32861,1.00,1.31
2017.10.26 20:55:35.105,1.32857,1.32864,1.00,1.00
2017.10.26 20:55:35.717,1.32858,1.32866,1.00,1.19
2017.10.26 20:55:36.234,1.32858,1.32866,1.00,1.25
2017.10.26 20:55:36.438,1.32858,1.32866,1.00,1.19
2017.10.26 20:55:36.594,1.32858,1.32866,1.00,1.00
2017.10.26 20:55:37.107,1.32857,1.32866,2.06,1.25
2017.10.26 20:55:37.318,1.32858,1.32866,1.00,1.19
2017.10.26 20:55:37.522,1.32858,1.32866,1.00,1.00
2017.10.26 20:55:37.676,1.32858,1.32866,1.00,1.19
2017.10.26 20:55:38.131,1.32857,1.32867,2.06,1.19
2017.10.26 20:55:38.182,1.32857,1.32867,2.44,1.19
2017.10.26 20:55:38.389,1.32857,1.32867,2.06,1.69
2017.10.26 20:55:38.847,1.32857,1.32867,1.69,2.44
2017.10.26 20:55:38.899,1.32857,1.32867,1.25,1.19
2017.10.26 20:55:39.206,1.32857,1.32867,1.31,1.19
2017.10.26 20:55:39.410,1.32858,1.32867,1.00,1.19
2017.10.26 20:55:39.614,1.32858,1.32867,1.00,1.25
2017.10.26 20:55:39.756,1.32857,1.32867,1.69,1.19
2017.10.26 20:55:40.063,1.32859,1.32867,1.00,1.19
2017.10.26 20:55:40.372,1.32859,1.32867,1.00,1.19
2017.10.26 20:55:40.525,1.32859,1.32867,1.00,1.19
2017.10.26 20:55:40.678,1.32859,1.32865,1.00,1.19
2017.10.26 20:55:41.137,1.32858,1.32866,1.87,1.25
2017.10.26 20:55:41.188,1.32858,1.32866,2.25,1.19
2017.10.26 20:55:41.735,1.32858,1.32865,2.25,1.19
2017.10.26 20:55:42.041,1.32858,1.32865,1.50,1.00
2017.10.26 20:55:42.496,1.32858,1.32865,1.87,1.19
2017.10.26 20:55:42.923,1.32858,1.32866,1.87,1.19
2017.10.26 20:55:42.976,1.32858,1.32865,3.00,1.19
2017.10.26 20:55:43.334,1.32858,1.32866,2.62,1.19
2017.10.26 20:55:43.487,1.32858,1.32866,1.87,1.69
2017.10.26 20:55:43.658,1.32858,1.32866,2.25,1.19
2017.10.26 20:55:44.496,1.32858,1.32866,1.87,1.25
2017.10.26 20:55:44.854,1.32858,1.32866,1.50,1.19
2017.10.26 20:55:45.110,1.32858,1.32865,1.50,1.25
2017.10.26 20:55:45.361,1.32858,1.32865,1.50,1.19
2017.10.26 20:55:45.620,1.32858,1.32865,1.50,1.25
2017.10.26 20:55:46.254,1.32858,1.32866,2.25,1.19
2017.10.26 20:55:46.937,1.32858,1.32866,1.00,1.19
2017.10.26 20:55:47.402,1.32858,1.32866,1.00,1.19
2017.10.26 20:55:47.851,1.32858,1.32866,1.00,1.69
2017.10.26 20:55:48.360,1.32857,1.32865,2.44,1.19
2017.10.26 20:55:48.671,1.32857,1.32865,1.69,1.69
2017.10.26 20:55:49.184,1.32857,1.32864,1.69,1.19
2017.10.26 20:55:49.752,1.32857,1.32865,1.25,1.19
2017.10.26 20:55:50.261,1.32857,1.32864,1.69,1.19
2017.10.26 20:55:50.898,1.32858,1.32864,1.00,1.25
2017.10.26 20:55:51.422,1.32858,1.32865,1.00,1.19
2017.10.26 20:55:51.729,1.32858,1.32861,1.00,1.00
2017.10.26 20:55:51.854,1.32856,1.32861,1.00,1.00
2017.10.26 20:55:51.906,1.32856,1.32864,1.12,1.19
2017.10.26 20:55:52.008,1.32855,1.32861,1.69,1.00
2017.10.26 20:55:52.366,1.32855,1.32862,1.50,1.19
2017.10.26 20:55:52.724,1.32855,1.32861,1.00,1.25
2017.10.26 20:55:52.980,1.32855,1.32861,1.00,1.19
2017.10.26 20:55:53.133,1.32855,1.32861,1.00,1.25
2017.10.26 20:55:53.398,1.32855,1.32861,1.50,1.19
2017.10.26 20:55:54.129,1.32855,1.32861,1.50,1.19
2017.10.26 20:55:54.642,1.32855,1.32863,1.00,1.19
2017.10.26 20:55:55.261,1.32855,1.32863,1.00,1.19
2017.10.26 20:55:55.635,1.32855,1.32863,1.00,1.19
2017.10.26 20:55:55.737,1.32855,1.32863,1.00,1.19
2017.10.26 20:55:56.282,1.32855,1.32861,1.00,1.25
2017.10.26 20:55:56.796,1.32855,1.32862,1.00,1.19
2017.10.26 20:55:57.252,1.32857,1.32864,1.00,1.19
2017.10.26 20:55:57.817,1.32857,1.32864,1.50,1.25
2017.10.26 20:55:58.022,1.32857,1.32861,1.00,1.00
2017.10.26 20:55:58.125,1.32852,1.32859,1.00,1.19
2017.10.26 20:55:58.439,1.32852,1.32859,1.00,1.00
2017.10.26 20:55:58.543,1.3285,1.3286,2.06,1.19
2017.10.26 20:55:58.799,1.32852,1.32859,1.00,1.25
2017.10.26 20:55:59.054,1.3285,1.32859,1.69,1.19
2017.10.26 20:55:59.106,1.3285,1.32858,1.69,1.19
2017.10.26 20:55:59.413,1.3285,1.32859,2.06,1.25
2017.10.26 20:55:59.567,1.32851,1.32859,1.00,1.19
2017.10.26 20:56:00.044,1.3285,1.32859,1.31,1.25
2017.10.26 20:56:00.198,1.3285,1.32859,1.25,1.19
2017.10.26 20:56:00.250,1.32851,1.32858,1.00,1.25
2017.10.26 20:56:00.505,1.3285,1.32859,1.69,1.19
2017.10.26 20:56:01.025,1.32852,1.32859,1.00,1.19
2017.10.26 20:56:01.207,1.32853,1.32861,1.00,1.19
2017.10.26 20:56:01.418,1.32857,1.32864,1.00,1.31
2017.10.26 20:56:01.781,1.32858,1.32865,1.00,1.87
2017.10.26 20:56:01.935,1.32857,1.32865,1.00,1.44
2017.10.26 20:56:02.705,1.32858,1.32865,1.00,1.19
2017.10.26 20:56:03.231,1.32859,1.32867,1.00,1.31
2017.10.26 20:56:03.760,1.32859,1.32866,1.00,1.19
2017.10.26 20:56:03.864,1.32856,1.32864,1.69,1.50
2017.10.26 20:56:03.969,1.32853,1.32861,2.44,1.19
2017.10.26 20:56:04.021,1.32855,1.32862,1.69,1.69
2017.10.26 20:56:04.277,1.32855,1.32863,1.00,1.44
2017.10.26 20:56:04.736,1.32854,1.32863,1.50,1.12
2017.10.26 20:56:04.788,1.32855,1.32863,1.00,1.44
2017.10.26 20:56:05.112,1.32855,1.32863,1.00,1.44
2017.10.26 20:56:05.397,1.32854,1.32864,1.50,1.37
2017.10.26 20:56:05.754,1.32855,1.32864,1.00,1.69
2017.10.26 20:56:05.908,1.32857,1.32864,1.00,1.19
2017.10.26 20:56:06.265,1.32856,1.32865,1.00,3.37
2017.10.26 20:56:06.405,1.32855,1.32865,1.57,3.75
2017.10.26 20:56:07.104,1.32855,1.32865,1.85,3.56
2017.10.26 20:56:07.660,1.32855,1.32864,1.57,1.19
2017.10.26 20:56:08.459,1.32858,1.32864,1.00,1.69
2017.10.26 20:56:08.983,1.32856,1.32864,1.57,1.25
2017.10.26 20:56:09.494,1.32858,1.32864,1.00,1.69
2017.10.26 20:56:09.833,1.32858,1.32864,1.00,1.69
2017.10.26 20:56:10.348,1.32858,1.32864,1.00,1.69
2017.10.26 20:56:10.553,1.32856,1.32864,1.85,1.19
2017.10.26 20:56:11.088,1.32858,1.32864,1.50,1.25
2017.10.26 20:56:11.345,1.32858,1.32864,1.00,1.19
2017.10.26 20:56:11.396,1.32858,1.32864,1.00,1.25
2017.10.26 20:56:11.934,1.32857,1.32864,1.50,1.19
2017.10.26 20:56:12.519,1.32859,1.32864,1.00,1.25
2017.10.26 20:56:12.783,1.32856,1.32862,1.50,1.00
2017.10.26 20:56:12.835,1.32856,1.3286,1.50,1.00
2017.10.26 20:56:13.118,1.32856,1.32863,1.50,1.25
2017.10.26 20:56:13.173,1.32856,1.32862,1.50,1.19
2017.10.26 20:56:13.225,1.32856,1.32863,1.50,1.19
2017.10.26 20:56:13.277,1.32855,1.32863,1.50,1.19
2017.10.26 20:56:13.539,1.32855,1.32863,1.00,1.19
2017.10.26 20:56:13.795,1.32855,1.32863,1.50,1.19
2017.10.26 20:56:13.999,1.32856,1.32862,1.00,1.25
2017.10.26 20:56:14.204,1.32856,1.3286,1.00,1.00
2017.10.26 20:56:14.664,1.32854,1.32862,1.00,3.19
2017.10.26 20:56:15.021,1.32855,1.32861,1.00,1.25
2017.10.26 20:56:15.172,1.32855,1.32861,1.00,1.19
2017.10.26 20:56:15.326,1.32853,1.32861,1.50,1.69
2017.10.26 20:56:15.428,1.32855,1.32861,1.00,1.19
2017.10.26 20:56:15.750,1.32851,1.32858,1.50,1.19
2017.10.26 20:56:16.314,1.32852,1.32859,1.00,1.19
2017.10.26 20:56:16.838,1.32852,1.32859,1.00,1.19
2017.10.26 20:56:17.387,1.32853,1.32859,1.00,1.00
2017.10.26 20:56:17.948,1.32853,1.32861,1.50,3.94
2017.10.26 20:56:18.464,1.32853,1.3286,1.00,1.69
2017.10.26 20:56:18.999,1.32854,1.32861,1.00,1.19
2017.10.26 20:56:19.816,1.32854,1.32861,1.00,1.19
2017.10.26 20:56:20.058,1.32854,1.32861,1.12,1.00
2017.10.26 20:56:21.106,1.32854,1.32861,1.00,1.69
2017.10.26 20:56:21.412,1.32854,1.32861,1.00,2.44
2017.10.26 20:56:21.997,1.32854,1.32861,1.00,1.69
2017.10.26 20:56:22.050,1.32854,1.32861,1.00,1.69
2017.10.26 20:56:22.205,1.32854,1.32861,1.00,1.19
2017.10.26 20:56:22.817,1.32854,1.32861,1.00,1.19
2017.10.26 20:56:23.145,1.32847,1.32851,1.19,3.00
2017.10.26 20:56:23.197,1.32846,1.32853,1.00,1.19
2017.10.26 20:56:23.250,1.32848,1.32856,1.00,2.44
2017.10.26 20:56:23.609,1.32848,1.32854,1.00,1.19
2017.10.26 20:56:23.763,1.32849,1.32855,1.00,1.25
2017.10.26 20:56:24.071,1.32848,1.32854,1.00,1.19
2017.10.26 20:56:24.482,1.32848,1.32854,1.00,1.19
2017.10.26 20:56:24.601,1.32848,1.32854,1.00,1.19
2017.10.26 20:56:25.110,1.32848,1.32854,1.00,1.25
2017.10.26 20:56:25.777,1.32848,1.32854,1.00,1.19
2017.10.26 20:56:26.314,1.32848,1.32854,1.00,1.19
2017.10.26 20:56:26.585,1.32848,1.32854,1.00,1.25
2017.10.26 20:56:26.780,1.32846,1.32854,1.12,1.19
2017.10.26 20:56:27.192,1.32846,1.32851,1.00,1.19
2017.10.26 20:56:27.490,1.32846,1.32852,1.00,1.00
2017.10.26 20:56:27.541,1.32846,1.32853,1.00,1.19
2017.10.26 20:56:28.051,1.32845,1.3285,1.00,1.19
2017.10.26 20:56:28.307,1.32847,1.32853,1.00,1.20
2017.10.26 20:56:28.817,1.32847,1.32854,1.00,1.87
2017.10.26 20:56:29.131,1.32847,1.32857,1.00,3.37
2017.10.26 20:56:29.233,1.3285,1.32856,1.00,1.19
2017.10.26 20:56:29.540,1.3285,1.32856,1.00,1.19
2017.10.26 20:56:29.592,1.3285,1.32856,1.00,1.19
2017.10.26 20:56:29.796,1.32846,1.32852,1.50,1.00
2017.10.26 20:56:29.848,1.32844,1.32852,1.19,1.69
2017.10.26 20:56:30.159,1.32844,1.32852,1.00,2.44
2017.10.26 20:56:30.484,1.32844,1.32852,1.00,1.69
2017.10.26 20:56:30.535,1.32844,1.32852,1.00,1.69
2017.10.26 20:56:30.884,1.32842,1.32849,1.12,1.19
2017.10.26 20:56:31.246,1.32844,1.32849,1.00,1.00
2017.10.26 20:56:31.817,1.32843,1.32849,1.00,1.19
2017.10.26 20:56:31.920,1.32843,1.32849,1.00,1.25
2017.10.26 20:56:32.161,1.32843,1.32849,1.00,1.19
2017.10.26 20:56:32.381,1.32843,1.32849,1.00,1.00
2017.10.26 20:56:32.893,1.32842,1.32849,1.50,1.00
2017.10.26 20:56:32.945,1.32844,1.3285,1.00,1.00
2017.10.26 20:56:33.252,1.32846,1.32853,1.00,1.69
2017.10.26 20:56:33.786,1.32846,1.32852,1.00,1.00
2017.10.26 20:56:34.092,1.32846,1.32852,1.00,1.19
2017.10.26 20:56:34.195,1.32847,1.32852,1.00,1.25
2017.10.26 20:56:34.738,1.32844,1.3285,1.12,1.25
2017.10.26 20:56:34.894,1.32843,1.32848,1.25,1.00
2017.10.26 20:56:35.066,1.32839,1.32848,1.57,1.19
2017.10.26 20:56:35.118,1.3284,1.32848,1.31,1.69
2017.10.26 20:56:35.375,1.3284,1.32847,1.00,1.69
2017.10.26 20:56:35.528,1.3284,1.32847,1.00,1.00
2017.10.26 20:56:35.887,1.32839,1.32847,1.00,1.19
2017.10.26 20:56:36.412,1.3284,1.32847,1.00,1.69
2017.10.26 20:56:36.769,1.32838,1.32845,1.00,2.44
2017.10.26 20:56:36.820,1.32838,1.32847,1.00,3.19
2017.10.26 20:56:36.923,1.3284,1.32847,1.00,1.69
2017.10.26 20:56:37.231,1.32839,1.32845,1.00,1.19
2017.10.26 20:56:37.283,1.32839,1.32845,1.00,1.25
2017.10.26 20:56:37.546,1.3284,1.32845,1.00,1.19
2017.10.26 20:56:37.802,1.32839,1.32847,1.00,2.44
2017.10.26 20:56:38.228,1.3284,1.32845,1.00,1.19
2017.10.26 20:56:38.331,1.32839,1.32847,1.00,2.44
2017.10.26 20:56:38.691,1.32838,1.32845,1.00,1.19
2017.10.26 20:56:38.793,1.3284,1.32846,1.00,1.69
2017.10.26 20:56:39.303,1.3284,1.32847,1.00,1.25
2017.10.26 20:56:39.669,1.3284,1.32848,1.00,2.44
2017.10.26 20:56:39.822,1.32841,1.32848,1.00,1.19
2017.10.26 20:56:39.975,1.3284,1.32848,1.00,1.19
2017.10.26 20:56:40.500,1.32841,1.32848,1.00,1.69
2017.10.26 20:56:40.603,1.32842,1.32848,1.00,1.19
2017.10.26 20:56:40.654,1.32839,1.32847,1.00,3.19
2017.10.26 20:56:40.973,1.32839,1.32845,1.00,1.19
2017.10.26 20:56:41.329,1.32841,1.32847,1.00,1.69
2017.10.26 20:56:41.533,1.32839,1.32847,1.00,1.69
2017.10.26 20:56:41.789,1.32837,1.32845,1.00,1.69
2017.10.26 20:56:42.146,1.32839,1.32847,1.00,1.69
2017.10.26 20:56:42.453,1.32843,1.32849,1.00,1.19
2017.10.26 20:56:42.658,1.32841,1.32847,1.00,1.69
2017.10.26 20:56:42.864,1.32843,1.32849,1.00,2.06
2017.10.26 20:56:43.275,1.32844,1.3285,1.00,1.25
2017.10.26 20:56:43.482,1.32842,1.3285,1.00,1.69
2017.10.26 20:56:43.789,1.32844,1.3285,1.00,1.00
2017.10.26 20:56:44.149,1.32842,1.3285,1.00,4.69
2017.10.26 20:56:44.303,1.32843,1.3285,1.00,1.19
2017.10.26 20:56:44.456,1.32843,1.3285,1.00,2.81
2017.10.26 20:56:44.711,1.32843,1.3285,1.00,1.69
2017.10.26 20:56:44.983,1.32842,1.32848,1.00,1.19
2017.10.26 20:56:45.191,1.32842,1.32849,1.00,1.69
2017.10.26 20:56:45.447,1.32842,1.32846,1.00,1.25
2017.10.26 20:56:45.551,1.32838,1.32845,1.44,1.25
2017.10.26 20:56:45.705,1.32841,1.32847,1.00,1.25
2017.10.26 20:56:46.111,1.3284,1.32847,1.00,2.44
2017.10.26 20:56:46.215,1.32839,1.32847,1.25,1.69
2017.10.26 20:56:46.266,1.32839,1.32847,1.25,1.69
2017.10.26 20:56:46.574,1.32839,1.32847,1.25,2.44
2017.10.26 20:56:46.626,1.32839,1.32847,1.25,1.19
2017.10.26 20:56:46.881,1.32839,1.32847,1.25,1.19
2017.10.26 20:56:47.085,1.32841,1.32847,1.00,1.19
2017.10.26 20:56:47.592,1.32841,1.32847,1.00,1.00
2017.10.26 20:56:47.891,1.32841,1.32847,1.00,1.19
2017.10.26 20:56:48.045,1.32841,1.32847,1.00,1.25
2017.10.26 20:56:48.311,1.3284,1.32847,1.25,1.19
2017.10.26 20:56:48.515,1.32841,1.32847,1.00,1.25
2017.10.26 20:56:48.681,1.3284,1.32847,1.25,1.19
2017.10.26 20:56:48.890,1.3284,1.32847,1.25,1.25
2017.10.26 20:56:49.438,1.32841,1.32847,1.00,1.25
2017.10.26 20:56:49.489,1.32841,1.32847,1.00,1.19
2017.10.26 20:56:49.787,1.32841,1.32847,1.00,1.25
2017.10.26 20:56:50.044,1.32841,1.32847,1.00,1.19
2017.10.26 20:56:50.197,1.32841,1.32847,1.00,1.25
2017.10.26 20:56:50.352,1.32841,1.32847,1.00,1.19
2017.10.26 20:56:50.709,1.32841,1.32847,1.00,1.25
2017.10.26 20:56:50.965,1.3284,1.32847,1.25,1.69
2017.10.26 20:56:51.016,1.3284,1.32847,1.25,1.69
2017.10.26 20:56:51.272,1.3284,1.32847,1.25,1.69
2017.10.26 20:56:51.527,1.3284,1.32847,1.69,1.69
2017.10.26 20:56:51.746,1.3284,1.32847,1.25,1.19
2017.10.26 20:56:52.256,1.32839,1.32847,1.00,2.44
2017.10.26 20:56:52.309,1.3284,1.32847,1.00,3.19
2017.10.26 20:56:52.821,1.3284,1.32847,1.00,3.19
2017.10.26 20:56:52.974,1.3284,1.32847,1.00,3.19
2017.10.26 20:56:53.076,1.3284,1.32847,1.00,3.19
2017.10.26 20:56:53.857,1.3284,1.32847,1.00,3.19
2017.10.26 20:56:54.594,1.32839,1.32845,1.00,1.50
2017.10.26 20:56:54.696,1.32837,1.32844,1.00,1.25
2017.10.26 20:56:54.956,1.32834,1.32841,1.50,1.25
2017.10.26 20:56:55.489,1.32836,1.32842,1.00,1.69
2017.10.26 20:56:56.001,1.32835,1.32843,1.00,1.69
2017.10.26 20:56:56.530,1.32837,1.32843,1.00,1.19
2017.10.26 20:56:57.049,1.32837,1.32843,1.50,1.25
2017.10.26 20:56:57.510,1.32836,1.3284,1.00,1.00
2017.10.26 20:56:58.021,1.32834,1.3284,1.50,1.00
2017.10.26 20:56:58.534,1.32833,1.3284,2.25,1.00
2017.10.26 20:56:59.470,1.32834,1.3284,1.00,2.25
2017.10.26 20:56:59.726,1.32835,1.32842,1.50,1.50
2017.10.26 20:56:59.959,1.32835,1.32842,1.00,2.44
2017.10.26 20:57:00.113,1.32835,1.32842,1.00,1.69
2017.10.26 20:57:00.368,1.32834,1.32841,1.00,3.19
2017.10.26 20:57:00.725,1.32834,1.32841,1.00,3.19
2017.10.26 20:57:00.985,1.32834,1.32841,1.50,3.19
2017.10.26 20:57:01.036,1.32834,1.32841,1.50,3.19
2017.10.26 20:57:01.313,1.32834,1.32839,1.00,1.25
2017.10.26 20:57:01.368,1.32832,1.32839,1.50,1.19
2017.10.26 20:57:01.420,1.32834,1.3284,1.00,1.00
2017.10.26 20:57:01.937,1.32833,1.32841,1.50,1.00
2017.10.26 20:57:02.485,1.32833,1.3284,1.50,1.25
2017.10.26 20:57:03.166,1.32834,1.3284,1.00,1.19
2017.10.26 20:57:03.525,1.32834,1.32841,1.00,2.44
2017.10.26 20:57:03.792,1.32833,1.3284,1.50,1.19
2017.10.26 20:57:03.947,1.32834,1.32841,1.50,2.44
2017.10.26 20:57:04.188,1.32833,1.3284,1.50,1.19
2017.10.26 20:57:04.432,1.32834,1.32841,1.00,2.25
2017.10.26 20:57:04.969,1.32833,1.3284,1.12,1.00
2017.10.26 20:57:05.288,1.32835,1.32841,1.00,2.44
2017.10.26 20:57:05.900,1.32834,1.32841,1.50,2.44
2017.10.26 20:57:06.409,1.32834,1.32841,1.00,1.69
2017.10.26 20:57:06.934,1.32833,1.3284,1.50,1.19
2017.10.26 20:57:07.440,1.32834,1.3284,1.00,1.25
2017.10.26 20:57:08.011,1.32833,1.3284,1.50,1.25
2017.10.26 20:57:08.536,1.32834,1.3284,1.00,1.25
2017.10.26 20:57:09.047,1.32833,1.3284,1.75,1.25
2017.10.26 20:57:09.564,1.32834,1.3284,1.00,1.25
2017.10.26 20:57:10.191,1.32834,1.3284,1.12,1.19
2017.10.26 20:57:10.736,1.32834,1.32841,1.00,2.44
2017.10.26 20:57:11.254,1.32833,1.3284,1.50,1.19
2017.10.26 20:57:11.603,1.32833,1.3284,1.50,1.69
2017.10.26 20:57:11.706,1.32833,1.3284,1.50,1.25
2017.10.26 20:57:12.123,1.32833,1.3284,1.00,1.69
2017.10.26 20:57:12.634,1.32833,1.3284,1.00,3.19
2017.10.26 20:57:12.686,1.32833,1.3284,1.00,2.44
2017.10.26 20:57:12.844,1.32833,1.3284,1.00,1.69
2017.10.26 20:57:13.100,1.32833,1.3284,1.00,2.44
2017.10.26 20:57:13.253,1.32833,1.3284,1.00,1.69
2017.10.26 20:57:13.508,1.32833,1.3284,1.00,3.19
2017.10.26 20:57:14.009,1.32833,1.3284,1.00,3.19
2017.10.26 20:57:14.111,1.32833,1.3284,1.00,3.19
2017.10.26 20:57:14.264,1.32833,1.3284,1.00,2.44
2017.10.26 20:57:14.620,1.32832,1.3284,1.12,2.44
2017.10.26 20:57:14.821,1.32832,1.3284,1.00,3.94
2017.10.26 20:57:14.873,1.3283,1.32839,1.50,2.44
2017.10.26 20:57:14.924,1.32831,1.32839,1.12,1.69
2017.10.26 20:57:15.181,1.32831,1.32839,1.00,1.69
2017.10.26 20:57:15.336,1.32831,1.32839,1.00,2.44
2017.10.26 20:57:15.590,1.3283,1.32839,2.25,1.69
2017.10.26 20:57:15.948,1.3283,1.32839,2.25,1.69
2017.10.26 20:57:16.050,1.3283,1.32839,1.50,3.19
2017.10.26 20:57:16.618,1.3283,1.32838,1.00,2.44
2017.10.26 20:57:16.720,1.3283,1.32838,1.00,2.44
2017.10.26 20:57:17.240,1.3283,1.32838,1.12,2.44
2017.10.26 20:57:17.486,1.3283,1.32838,1.00,2.44
2017.10.26 20:57:17.792,1.32832,1.32838,1.00,2.44
2017.10.26 20:57:18.333,1.32832,1.32838,1.00,2.44
2017.10.26 20:57:18.436,1.32832,1.32838,1.00,1.69
2017.10.26 20:57:19.147,1.32832,1.32837,1.00,1.19
2017.10.26 20:57:19.249,1.32829,1.32837,1.00,2.44
2017.10.26 20:57:19.402,1.32829,1.32836,1.87,1.19
2017.10.26 20:57:19.759,1.32829,1.32836,1.25,1.19
2017.10.26 20:57:19.912,1.32829,1.32836,1.00,1.19
2017.10.26 20:57:20.319,1.32829,1.32836,1.00,1.19
2017.10.26 20:57:20.421,1.32829,1.32836,1.00,1.19
2017.10.26 20:57:20.777,1.32829,1.32836,1.00,1.19
2017.10.26 20:57:20.828,1.32829,1.32835,1.00,1.00
2017.10.26 20:57:21.083,1.32829,1.32835,1.00,1.19
2017.10.26 20:57:21.303,1.32829,1.32835,1.00,1.25
2017.10.26 20:57:21.508,1.32829,1.32835,1.00,1.19
2017.10.26 20:57:21.711,1.32829,1.32836,1.00,1.19
2017.10.26 20:57:21.865,1.32829,1.32836,1.00,1.19
2017.10.26 20:57:22.018,1.32829,1.32836,1.00,1.25
2017.10.26 20:57:22.124,1.32832,1.32837,1.12,1.00
2017.10.26 20:57:22.226,1.32835,1.32842,1.50,1.00
2017.10.26 20:57:22.483,1.32836,1.32842,1.00,1.19
2017.10.26 20:57:22.997,1.32835,1.32841,1.00,1.19
2017.10.26 20:57:23.904,1.32835,1.3284,1.00,1.19
2017.10.26 20:57:24.414,1.32835,1.3284,1.00,1.25
2017.10.26 20:57:24.725,1.3283,1.32836,3.19,1.00
2017.10.26 20:57:24.779,1.32828,1.32835,1.00,1.00
2017.10.26 20:57:24.883,1.32827,1.32834,1.50,1.19
2017.10.26 20:57:24.935,1.32827,1.32834,1.50,1.00
2017.10.26 20:57:25.469,1.32828,1.32835,1.00,1.00
2017.10.26 20:57:25.674,1.32827,1.32834,1.00,1.19
2017.10.26 20:57:26.184,1.32829,1.32836,1.00,1.19
2017.10.26 20:57:26.645,1.32827,1.32835,1.50,2.44
2017.10.26 20:57:26.747,1.32827,1.32836,1.50,2.89
2017.10.26 20:57:27.053,1.32827,1.32834,1.50,1.19
2017.10.26 20:57:27.209,1.32828,1.32837,1.00,2.14
2017.10.26 20:57:27.312,1.3283,1.32837,1.00,1.19
2017.10.26 20:57:27.567,1.32827,1.32834,1.00,1.19
2017.10.26 20:57:27.618,1.32827,1.32834,1.00,1.19
2017.10.26 20:57:27.838,1.32828,1.32837,1.00,2.44
2017.10.26 20:57:27.890,1.3283,1.32837,1.00,1.19
2017.10.26 20:57:28.197,1.32828,1.32835,1.00,1.19
2017.10.26 20:57:28.609,1.32829,1.32837,1.00,1.39
2017.10.26 20:57:28.712,1.3283,1.32838,1.00,1.19
2017.10.26 20:57:29.360,1.32829,1.32837,1.00,1.69
2017.10.26 20:57:29.463,1.32829,1.32837,1.00,2.44
2017.10.26 20:57:29.751,1.3283,1.32837,1.00,2.44
2017.10.26 20:57:30.288,1.3283,1.32837,1.00,1.69
2017.10.26 20:57:30.393,1.32826,1.32835,1.00,1.19
2017.10.26 20:57:30.444,1.32826,1.32835,1.00,3.56
2017.10.26 20:57:30.496,1.32827,1.32835,1.00,3.19
2017.10.26 20:57:30.599,1.32827,1.32835,1.00,2.44
2017.10.26 20:57:30.754,1.32827,1.32835,1.00,4.01
2017.10.26 20:57:30.959,1.32825,1.32833,1.00,1.19
2017.10.26 20:57:31.011,1.32827,1.32834,1.00,1.19
2017.10.26 20:57:31.113,1.32827,1.32834,1.00,1.25
2017.10.26 20:57:31.359,1.32826,1.32833,1.00,1.19
2017.10.26 20:57:31.512,1.32826,1.32834,1.00,1.19
2017.10.26 20:57:31.665,1.32826,1.32834,1.00,1.25
2017.10.26 20:57:31.870,1.32827,1.32834,1.00,1.29
2017.10.26 20:57:32.502,1.32827,1.32835,1.00,1.01
2017.10.26 20:57:32.885,1.32827,1.32833,1.00,1.19
2017.10.26 20:57:33.129,1.32827,1.32833,1.00,1.00
2017.10.26 20:57:33.298,1.32828,1.32833,1.00,1.19
2017.10.26 20:57:33.400,1.32826,1.32835,1.00,2.89
2017.10.26 20:57:33.659,1.32827,1.32834,1.00,1.29
2017.10.26 20:57:33.812,1.32828,1.32833,1.00,1.00
2017.10.26 20:57:34.105,1.3283,1.32836,1.00,2.14
2017.10.26 20:57:34.156,1.3283,1.32836,1.00,1.00
2017.10.26 20:57:34.208,1.32832,1.32838,1.00,2.06
2017.10.26 20:57:34.812,1.32832,1.32838,1.00,1.25
2017.10.26 20:57:35.221,1.32832,1.3284,1.00,1.10
2017.10.26 20:57:35.750,1.32832,1.32839,1.00,1.00
2017.10.26 20:57:36.358,1.32832,1.32838,1.00,1.00
2017.10.26 20:57:36.463,1.32832,1.32838,1.00,1.69
2017.10.26 20:57:36.616,1.32832,1.32838,1.00,1.25
2017.10.26 20:57:37.131,1.32839,1.32843,2.25,1.75
2017.10.26 20:57:37.236,1.32845,1.3285,1.00,1.69
2017.10.26 20:57:37.389,1.32844,1.32849,1.00,1.29
2017.10.26 20:57:37.493,1.32842,1.3285,1.50,3.19
2017.10.26 20:57:37.739,1.32844,1.32849,1.00,1.19
2017.10.26 20:57:37.842,1.32842,1.32849,1.00,2.51
2017.10.26 20:57:38.352,1.32844,1.3285,1.00,1.76
2017.10.26 20:57:38.865,1.32843,1.3285,1.00,1.19
2017.10.26 20:57:39.385,1.32843,1.3285,1.00,1.76
2017.10.26 20:57:39.538,1.32843,1.32852,1.00,3.64
2017.10.26 20:57:39.692,1.32843,1.3285,1.00,1.19
2017.10.26 20:57:40.402,1.32843,1.3285,1.00,1.25
2017.10.26 20:57:40.749,1.32843,1.3285,1.00,1.19
2017.10.26 20:57:41.004,1.32843,1.3285,1.00,1.25
2017.10.26 20:57:41.285,1.32843,1.32851,1.00,3.26
2017.10.26 20:57:41.388,1.32843,1.32851,1.00,3.26
2017.10.26 20:57:41.591,1.32843,1.32851,1.00,2.51
2017.10.26 20:57:41.694,1.32843,1.32851,1.00,2.89
2017.10.26 20:57:42.447,1.32843,1.32851,1.00,1.64
2017.10.26 20:57:42.618,1.32847,1.32852,1.00,1.39
2017.10.26 20:57:42.723,1.32845,1.32852,1.00,2.44
2017.10.26 20:57:42.928,1.32847,1.32853,1.00,1.69
2017.10.26 20:57:43.235,1.32847,1.32852,1.00,1.19
2017.10.26 20:57:43.593,1.32848,1.32853,1.00,1.00
2017.10.26 20:57:43.797,1.32847,1.32854,1.00,4.01
2017.10.26 20:57:44.104,1.32848,1.32854,1.00,1.69
2017.10.26 20:57:44.207,1.32848,1.32853,1.00,1.31
2017.10.26 20:57:44.411,1.32846,1.32853,1.00,4.76
2017.10.26 20:57:44.662,1.32847,1.32854,1.00,2.06
2017.10.26 20:57:44.867,1.32846,1.32853,1.00,3.19
2017.10.26 20:57:45.020,1.32846,1.32855,1.00,6.26
2017.10.26 20:57:45.225,1.32846,1.32854,1.00,1.69
2017.10.26 20:57:45.277,1.32846,1.32852,1.00,1.25
2017.10.26 20:57:45.789,1.32847,1.32854,1.00,3.26
2017.10.26 20:57:46.045,1.32847,1.32853,1.00,1.25
2017.10.26 20:57:46.199,1.32847,1.32852,1.00,1.19
2017.10.26 20:57:46.441,1.32845,1.32854,1.50,1.01
2017.10.26 20:57:46.545,1.32847,1.32854,1.00,1.31
2017.10.26 20:57:46.854,1.32846,1.32852,1.00,1.19
2017.10.26 20:57:47.007,1.32846,1.32855,1.00,4.01
2017.10.26 20:57:47.160,1.32846,1.32852,1.00,1.19
2017.10.26 20:57:47.416,1.32847,1.32854,1.00,1.01
2017.10.26 20:57:47.569,1.32847,1.32854,1.00,3.26
2017.10.26 20:57:48.084,1.32845,1.32851,1.50,1.19
2017.10.26 20:57:48.188,1.32845,1.32853,1.50,1.76
2017.10.26 20:57:48.239,1.32847,1.32853,1.00,1.19
2017.10.26 20:57:48.752,1.32847,1.32854,1.00,2.51
2017.10.26 20:57:49.056,1.32844,1.32851,1.00,1.39
2017.10.26 20:57:49.107,1.32844,1.32851,1.00,1.76
2017.10.26 20:57:49.484,1.32844,1.32851,1.00,2.51
2017.10.26 20:57:50.026,1.32844,1.3285,1.00,1.31
2017.10.26 20:57:50.333,1.32844,1.32848,1.00,1.19
2017.10.26 20:57:50.489,1.32842,1.32848,1.00,2.44
2017.10.26 20:57:50.695,1.32841,1.32848,1.00,3.26
2017.10.26 20:57:51.104,1.32841,1.32847,1.00,1.25
2017.10.26 20:57:51.630,1.32841,1.32848,1.00,3.26
2017.10.26 20:57:51.989,1.32841,1.32848,1.00,2.04
2017.10.26 20:57:52.091,1.32841,1.32848,1.00,2.04
2017.10.26 20:57:52.584,1.32841,1.32846,1.00,1.19
2017.10.26 20:57:52.635,1.32841,1.32846,1.00,1.00
2017.10.26 20:57:53.093,1.3284,1.32847,1.00,3.94
2017.10.26 20:57:53.145,1.3284,1.32846,1.00,1.25
2017.10.26 20:57:53.656,1.32841,1.32848,1.00,3.19
2017.10.26 20:57:53.810,1.32841,1.32844,1.00,1.25
2017.10.26 20:57:53.915,1.32833,1.3284,1.87,1.69
2017.10.26 20:57:54.097,1.32835,1.32837,1.50,1.00
2017.10.26 20:57:54.149,1.32831,1.32835,1.00,1.00
2017.10.26 20:57:54.200,1.32829,1.32837,1.00,1.57
2017.10.26 20:57:54.303,1.32824,1.3283,2.06,1.00
2017.10.26 20:57:54.407,1.32821,1.32827,1.00,1.00
2017.10.26 20:57:54.460,1.32821,1.32823,1.00,1.00
2017.10.26 20:57:54.562,1.32819,1.32824,1.00,1.00
2017.10.26 20:57:54.614,1.32819,1.32828,1.00,2.14
2017.10.26 20:57:54.922,1.32817,1.32825,1.00,1.00
2017.10.26 20:57:58.162,1.32817,1.32825,1.00,3.19
2017.10.26 20:57:58.718,1.32816,1.32825,1.69,3.19
2017.10.26 20:57:58.973,1.32816,1.32822,1.25,1.00
2017.10.26 20:57:59.695,1.32816,1.32823,1.69,1.25
2017.10.26 20:58:00.204,1.32815,1.32824,1.50,1.31
2017.10.26 20:58:00.511,1.32816,1.32824,1.00,1.69
2017.10.26 20:58:00.715,1.32816,1.32824,1.00,1.25
2017.10.26 20:58:01.223,1.32816,1.32825,1.00,2.44
2017.10.26 20:58:02.268,1.32816,1.32825,1.00,2.44
2017.10.26 20:58:02.720,1.32816,1.32825,1.19,1.00
2017.10.26 20:58:03.861,1.32816,1.32825,1.19,1.00
2017.10.26 20:58:04.410,1.32816,1.32825,1.19,1.00
2017.10.26 20:58:04.665,1.32816,1.32825,1.25,1.00
2017.10.26 20:58:04.767,1.32816,1.32825,1.19,1.00
2017.10.26 20:58:05.483,1.3282,1.32826,1.19,1.50
2017.10.26 20:58:05.636,1.32823,1.32836,2.62,1.00
2017.10.26 20:58:05.688,1.32827,1.32836,1.19,1.00
2017.10.26 20:58:05.943,1.32824,1.32835,1.62,1.50
2017.10.26 20:58:06.352,1.32826,1.32834,1.44,1.50
2017.10.26 20:58:06.561,1.32824,1.32833,1.62,1.00
2017.10.26 20:58:07.071,1.32825,1.32834,1.44,3.37
2017.10.26 20:58:07.734,1.32824,1.32833,1.87,1.00
2017.10.26 20:58:08.704,1.32824,1.32835,1.37,2.25
2017.10.26 20:58:08.909,1.32826,1.32836,1.25,1.37
2017.10.26 20:58:09.113,1.32826,1.32836,1.19,3.75
2017.10.26 20:58:09.164,1.32824,1.32835,1.37,1.00
2017.10.26 20:58:09.267,1.32825,1.32835,1.44,1.00
2017.10.26 20:58:09.715,1.32826,1.32836,1.19,1.50
2017.10.26 20:58:09.868,1.32825,1.32835,1.31,1.00
2017.10.26 20:58:10.124,1.32825,1.32833,1.44,1.00
2017.10.26 20:58:10.277,1.32826,1.32833,1.19,1.00
2017.10.26 20:58:10.558,1.32826,1.32833,1.19,1.00
2017.10.26 20:58:10.610,1.32826,1.32835,1.19,1.50
2017.10.26 20:58:11.004,1.32825,1.32833,1.62,1.00
2017.10.26 20:58:11.310,1.32826,1.32835,1.44,1.50
2017.10.26 20:58:11.728,1.32827,1.32835,1.25,1.00
2017.10.26 20:58:11.942,1.32827,1.32835,1.19,1.00
2017.10.26 20:58:11.994,1.32828,1.32837,1.19,1.00
2017.10.26 20:58:12.147,1.32828,1.32837,1.25,1.87
2017.10.26 20:58:12.403,1.32825,1.32833,1.56,1.00
2017.10.26 20:58:12.921,1.32825,1.32834,2.06,1.00
2017.10.26 20:58:13.362,1.32825,1.32835,2.06,1.50
2017.10.26 20:58:13.413,1.32825,1.32833,2.06,1.00
2017.10.26 20:58:13.465,1.32826,1.32835,1.31,1.50
2017.10.26 20:58:13.856,1.32828,1.32837,2.06,1.00
2017.10.26 20:58:13.908,1.32828,1.32838,2.44,1.00
2017.10.26 20:58:14.079,1.32829,1.32838,1.44,1.00
2017.10.26 20:58:14.590,1.32828,1.32838,2.62,1.00
2017.10.26 20:58:15.225,1.32828,1.32839,1.87,1.00
2017.10.26 20:58:15.684,1.32827,1.32836,1.12,1.00
2017.10.26 20:58:16.197,1.32826,1.32835,1.87,1.00
2017.10.26 20:58:16.660,1.32827,1.32836,1.19,1.50
2017.10.26 20:58:17.194,1.32827,1.32837,1.44,2.25
2017.10.26 20:58:17.549,1.32827,1.32837,1.12,1.00
2017.10.26 20:58:17.600,1.32829,1.32837,1.25,1.00
2017.10.26 20:58:17.652,1.32827,1.32837,1.25,2.62
2017.10.26 20:58:18.197,1.32825,1.32836,2.81,1.87
2017.10.26 20:58:18.512,1.32828,1.32836,1.69,1.00
2017.10.26 20:58:18.817,1.32828,1.32837,1.69,1.00
2017.10.26 20:58:19.406,1.32828,1.32837,1.50,1.00
2017.10.26 20:58:19.951,1.32828,1.32837,1.44,1.00
2017.10.26 20:58:20.263,1.32827,1.32837,1.62,1.00
2017.10.26 20:58:20.579,1.32827,1.32837,1.31,1.00
2017.10.26 20:58:21.087,1.32826,1.32837,2.06,1.00
2017.10.26 20:58:21.666,1.32827,1.32837,1.31,1.00
2017.10.26 20:58:21.967,1.32829,1.32837,1.19,1.00
2017.10.26 20:58:22.640,1.32829,1.32836,1.19,1.00
2017.10.26 20:58:23.120,1.32827,1.32837,1.44,1.00
2017.10.26 20:58:23.548,1.32827,1.32839,1.87,1.00
2017.10.26 20:58:23.599,1.32829,1.3284,1.19,5.25
2017.10.26 20:58:24.070,1.32827,1.32836,1.19,1.12
2017.10.26 20:58:24.532,1.32827,1.32838,1.25,2.62
2017.10.26 20:58:25.068,1.32827,1.32837,1.19,1.12
2017.10.26 20:58:25.269,1.32835,1.32839,1.00,1.87
2017.10.26 20:58:25.372,1.32835,1.32843,1.69,1.00
2017.10.26 20:58:25.468,1.32835,1.32843,1.69,1.00
2017.10.26 20:58:25.520,1.32836,1.32846,1.19,1.00
2017.10.26 20:58:25.774,1.32835,1.32846,1.25,1.50
2017.10.26 20:58:26.322,1.32834,1.32847,1.12,3.37
2017.10.26 20:58:26.860,1.32834,1.32845,1.31,1.00
2017.10.26 20:58:27.373,1.32835,1.32845,1.00,2.25
2017.10.26 20:58:28.648,1.32836,1.32845,1.25,1.50
2017.10.26 20:58:29.149,1.32834,1.32846,1.87,1.50
2017.10.26 20:58:29.657,1.32835,1.32845,1.25,1.50
2017.10.26 20:58:30.198,1.32835,1.32845,1.69,1.87
2017.10.26 20:58:30.707,1.32835,1.32845,1.25,1.87
2017.10.26 20:58:31.231,1.32834,1.32844,1.87,1.00
2017.10.26 20:58:31.333,1.32835,1.32844,1.19,1.00
2017.10.26 20:58:31.486,1.32834,1.32844,1.69,1.00
2017.10.26 20:58:32.247,1.32835,1.32844,1.00,1.00
2017.10.26 20:58:32.793,1.32834,1.32844,1.12,1.00
2017.10.26 20:58:33.435,1.32835,1.32844,1.00,1.00
2017.10.26 20:58:33.995,1.32834,1.32844,2.62,1.00
2017.10.26 20:58:34.295,1.32835,1.32844,1.19,1.00
2017.10.26 20:58:35.244,1.32834,1.32844,3.37,1.00
2017.10.26 20:58:35.704,1.32836,1.32844,1.19,1.00
2017.10.26 20:58:36.282,1.32834,1.32846,2.62,1.00
2017.10.26 20:58:36.699,1.32834,1.32845,1.87,1.50
2017.10.26 20:58:37.247,1.32835,1.32846,1.00,1.50
2017.10.26 20:58:37.659,1.32836,1.32844,1.25,1.00
2017.10.26 20:58:38.181,1.32834,1.32845,1.12,2.81
2017.10.26 20:58:38.283,1.32836,1.32845,1.19,1.00
2017.10.26 20:58:38.674,1.32833,1.32844,1.31,1.00
2017.10.26 20:58:39.068,1.32836,1.32843,1.00,1.12
2017.10.26 20:58:39.333,1.32837,1.32846,1.25,1.12
2017.10.26 20:58:40.007,1.32836,1.32847,1.19,1.12
2017.10.26 20:58:40.493,1.32835,1.32847,1.69,1.12
2017.10.26 20:58:40.867,1.32832,1.32843,2.62,1.50
2017.10.26 20:58:41.025,1.32833,1.32844,1.00,1.50
2017.10.26 20:58:41.448,1.32832,1.3284,2.62,1.00
2017.10.26 20:58:41.986,1.32832,1.3284,1.12,1.00
2017.10.26 20:58:42.037,1.32832,1.32843,1.87,1.50
2017.10.26 20:58:42.302,1.32832,1.3284,1.12,1.00
2017.10.26 20:58:42.638,1.32826,1.32835,1.44,1.00
2017.10.26 20:58:42.791,1.32826,1.32837,1.44,2.62
2017.10.26 20:58:44.368,1.32825,1.32835,1.00,1.00
2017.10.26 20:58:45.028,1.32825,1.32835,1.69,3.00
2017.10.26 20:58:45.687,1.32825,1.32834,1.00,1.00
2017.10.26 20:58:46.328,1.32824,1.32834,1.25,1.00
2017.10.26 20:58:46.831,1.32823,1.32834,1.69,1.69
2017.10.26 20:58:47.085,1.32823,1.32833,1.69,1.12
2017.10.26 20:58:47.611,1.32823,1.32833,1.25,1.37
2017.10.26 20:58:48.147,1.32823,1.32832,1.69,1.00
2017.10.26 20:58:48.299,1.32824,1.32832,1.19,1.00
2017.10.26 20:58:48.824,1.32823,1.32832,3.19,1.00
2017.10.26 20:58:49.542,1.32823,1.32832,2.81,1.00
2017.10.26 20:58:50.024,1.32822,1.3283,1.69,1.00
2017.10.26 20:58:50.126,1.32821,1.3283,1.87,1.00
2017.10.26 20:58:50.456,1.3282,1.32829,1.25,1.25
2017.10.26 20:58:50.558,1.32818,1.32827,1.69,1.19
2017.10.26 20:58:51.078,1.32816,1.32825,1.19,1.50
2017.10.26 20:58:51.467,1.32816,1.32826,2.44,1.25
2017.10.26 20:58:51.519,1.32814,1.32824,2.25,1.00
2017.10.26 20:58:51.673,1.32817,1.32824,1.19,1.00
2017.10.26 20:58:51.785,1.32817,1.32828,1.19,1.00
2017.10.26 20:58:51.836,1.32817,1.32829,1.19,2.06
2017.10.26 20:58:52.274,1.32819,1.3283,1.19,1.00
2017.10.26 20:58:52.796,1.3282,1.3283,1.19,1.25
2017.10.26 20:58:53.453,1.3283,1.32832,1.00,1.00
2017.10.26 20:58:53.504,1.32827,1.32837,1.25,1.00
2017.10.26 20:58:53.556,1.32835,1.32843,3.19,1.19
2017.10.26 20:58:53.659,1.3283,1.3284,1.69,1.00
2017.10.26 20:58:53.710,1.32837,1.32839,1.00,1.00
2017.10.26 20:58:53.762,1.32836,1.32843,1.00,1.00
2017.10.26 20:58:53.814,1.32833,1.32844,2.06,1.00
2017.10.26 20:58:53.917,1.32835,1.32847,1.25,1.00
2017.10.26 20:58:53.969,1.32834,1.32849,1.19,1.00
2017.10.26 20:58:54.020,1.32834,1.3285,1.69,1.19
2017.10.26 20:58:54.238,1.32826,1.3284,1.19,1.50
2017.10.26 20:58:54.495,1.32825,1.32838,1.69,1.00
2017.10.26 20:58:55.006,1.32825,1.32837,1.00,1.00
2017.10.26 20:58:55.362,1.32826,1.32837,1.19,1.00
2017.10.26 20:58:55.568,1.32825,1.32837,1.69,1.00
2017.10.26 20:58:56.111,1.32825,1.32836,1.25,1.00
2017.10.26 20:58:56.851,1.32824,1.32836,2.81,1.00
2017.10.26 20:58:57.397,1.32826,1.32836,1.19,1.00
2017.10.26 20:58:57.994,1.32826,1.32837,1.19,1.00
2017.10.26 20:58:58.593,1.32826,1.32836,1.19,1.00
2017.10.26 20:58:59.108,1.32826,1.32837,1.25,1.00
2017.10.26 20:58:59.366,1.32826,1.32835,1.19,1.00
2017.10.26 20:58:59.479,1.32826,1.32837,1.19,1.00
2017.10.26 20:58:59.683,1.32824,1.32835,3.00,1.00
2017.10.26 20:58:59.989,1.32827,1.32837,1.00,1.00
2017.10.26 20:59:00.295,1.32822,1.32832,1.37,1.00
2017.10.26 20:59:00.613,1.32816,1.32829,1.37,1.00
2017.10.26 20:59:00.715,1.32817,1.32827,1.44,1.00
2017.10.26 20:59:01.935,1.32822,1.32834,0.56,1.50
2017.10.26 20:59:01.985,1.32822,1.32832,0.56,0.75
2017.10.26 20:59:02.037,1.32819,1.32832,0.19,1.50
2017.10.26 20:59:02.189,1.32819,1.32829,0.19,0.75
2017.10.26 20:59:02.796,1.32819,1.3283,0.19,1.50
2017.10.26 20:59:03.651,1.32825,1.32831,0.75,0.75
2017.10.26 20:59:03.702,1.32824,1.32836,0.19,1.50
2017.10.26 20:59:03.891,1.32824,1.32834,0.19,0.75
2017.10.26 20:59:04.043,1.3282,1.32833,0.37,0.75
2017.10.26 20:59:04.094,1.32818,1.32834,1.12,1.50
2017.10.26 20:59:04.450,1.32823,1.32833,0.19,0.75
2017.10.26 20:59:05.313,1.32823,1.32834,0.19,0.75
2017.10.26 20:59:05.680,1.3282,1.32833,1.50,0.75
2017.10.26 20:59:05.883,1.32818,1.32832,1.69,0.75
2017.10.26 20:59:06.088,1.32821,1.32833,0.19,0.75
2017.10.26 20:59:06.392,1.32824,1.32834,0.19,0.75
2017.10.26 20:59:06.771,1.32822,1.32833,0.19,0.75
2017.10.26 20:59:06.923,1.32822,1.32835,0.19,2.25
2017.10.26 20:59:07.432,1.32822,1.32834,0.19,0.75
2017.10.26 20:59:07.974,1.32822,1.32833,0.19,1.50
2017.10.26 20:59:08.025,1.32822,1.32831,0.19,0.75
2017.10.26 20:59:08.279,1.32819,1.32829,0.19,2.25
2017.10.26 20:59:08.330,1.32817,1.32827,0.19,0.75
2017.10.26 20:59:08.634,1.32817,1.32825,0.19,0.75
2017.10.26 20:59:09.575,1.32817,1.32824,0.19,0.75
2017.10.26 20:59:10.100,1.32817,1.32823,0.19,0.75
2017.10.26 20:59:10.151,1.32814,1.32825,0.94,2.25
2017.10.26 20:59:10.686,1.32814,1.32824,0.94,0.75
2017.10.26 20:59:11.566,1.32814,1.32823,0.19,0.75
2017.10.26 20:59:11.668,1.32814,1.32821,0.19,0.75
2017.10.26 20:59:15.121,1.32817,1.32823,0.19,0.75
2017.10.26 20:59:15.172,1.32814,1.32823,0.19,0.75
2017.10.26 20:59:15.596,1.32814,1.32825,0.94,0.75
2017.10.26 20:59:15.748,1.32816,1.32825,0.19,0.75
2017.10.26 20:59:15.799,1.32814,1.32825,0.94,0.75
2017.10.26 20:59:16.212,1.32822,1.3283,0.75,0.37
2017.10.26 20:59:16.516,1.32822,1.32832,0.75,0.75
2017.10.26 20:59:16.668,1.32822,1.3283,0.75,0.75
2017.10.26 20:59:17.022,1.32821,1.32834,0.75,1.87
2017.10.26 20:59:17.073,1.32821,1.3283,0.75,0.75
2017.10.26 20:59:17.478,1.32822,1.32832,0.75,0.75
2017.10.26 20:59:18.043,1.32823,1.32833,0.75,1.87
2017.10.26 20:59:18.094,1.32822,1.32831,0.75,0.75
2017.10.26 20:59:18.424,1.32822,1.32833,0.75,1.87
2017.10.26 20:59:18.575,1.32821,1.3283,0.75,0.75
2017.10.26 20:59:18.929,1.32823,1.3283,0.19,0.75
2017.10.26 20:59:19.335,1.32821,1.3283,0.75,0.75
2017.10.26 20:59:19.436,1.32823,1.3283,0.19,0.75
2017.10.26 20:59:19.487,1.32821,1.32831,0.75,0.75
2017.10.26 20:59:19.846,1.32823,1.3283,0.19,0.75
2017.10.26 20:59:20.251,1.32821,1.32831,0.75,0.75
2017.10.26 20:59:20.403,1.32821,1.32833,0.75,1.12
2017.10.26 20:59:20.787,1.32823,1.32832,0.75,0.37
2017.10.26 20:59:21.109,1.32821,1.3283,0.75,0.75
2017.10.26 20:59:21.210,1.32821,1.32832,0.75,0.75
2017.10.26 20:59:21.261,1.32823,1.32833,0.75,1.50
2017.10.26 20:59:21.567,1.32822,1.3283,0.75,0.75
2017.10.26 20:59:21.874,1.3282,1.32831,1.69,1.12
2017.10.26 20:59:21.976,1.3282,1.32829,1.69,0.37
2017.10.26 20:59:22.230,1.32822,1.32832,0.75,0.37
2017.10.26 20:59:22.758,1.32821,1.32832,0.75,0.37
2017.10.26 20:59:23.264,1.32822,1.32832,0.94,0.37
2017.10.26 20:59:23.799,1.32822,1.32831,0.75,0.75
2017.10.26 20:59:24.305,1.32821,1.32831,0.75,1.12
2017.10.26 20:59:24.843,1.32822,1.3283,0.75,0.75
2017.10.26 20:59:28.245,1.32822,1.32832,0.75,1.12
2017.10.26 20:59:28.549,1.32822,1.3283,0.75,0.75
2017.10.26 20:59:29.098,1.32822,1.32831,0.75,0.75
2017.10.26 20:59:29.604,1.32822,1.32832,0.75,0.75
2017.10.26 20:59:30.154,1.32822,1.32831,0.75,0.75
2017.10.26 20:59:30.704,1.32823,1.32831,0.19,0.75
2017.10.26 20:59:31.161,1.32822,1.32833,0.94,1.50
2017.10.26 20:59:31.668,1.32823,1.32833,0.75,1.50
2017.10.26 20:59:32.173,1.32822,1.32832,0.94,1.50
2017.10.26 20:59:32.704,1.32823,1.32832,0.75,0.75
2017.10.26 20:59:33.251,1.32822,1.32832,0.94,0.75
2017.10.26 20:59:34.928,1.32823,1.32833,0.75,0.75
2017.10.26 20:59:35.456,1.32822,1.32831,0.19,0.75
2017.10.26 20:59:36.012,1.32822,1.32832,0.19,0.75
2017.10.26 20:59:36.353,1.32824,1.32831,0.75,0.75
2017.10.26 20:59:36.404,1.32823,1.32833,0.75,0.75
2017.10.26 20:59:36.556,1.32823,1.32831,0.75,0.75
2017.10.26 20:59:36.944,1.32825,1.32833,0.75,0.75
2017.10.26 20:59:36.994,1.32823,1.32833,0.75,0.75
2017.10.26 20:59:37.096,1.32822,1.32829,0.19,1.50
2017.10.26 20:59:37.198,1.32817,1.32831,0.75,0.94
2017.10.26 20:59:37.248,1.3282,1.32831,0.19,0.75
2017.10.26 20:59:37.299,1.3282,1.32834,0.19,1.50
2017.10.26 20:59:37.350,1.32818,1.3283,0.75,0.75
2017.10.26 20:59:37.856,1.32816,1.3283,0.94,0.75
2017.10.26 20:59:38.393,1.32817,1.32831,0.75,0.75
2017.10.26 20:59:38.926,1.32818,1.32832,0.19,0.75
2017.10.26 20:59:39.442,1.32818,1.32831,0.19,0.75
2017.10.26 20:59:39.797,1.32816,1.32828,0.19,0.75
2017.10.26 20:59:40.102,1.32822,1.32827,0.19,1.50
2017.10.26 20:59:40.154,1.32816,1.32827,0.75,0.75
2017.10.26 20:59:40.256,1.32814,1.3283,1.50,0.75
2017.10.26 20:59:40.306,1.32815,1.32826,0.75,0.75
2017.10.26 20:59:40.819,1.32815,1.32825,0.75,0.75
2017.10.26 20:59:40.870,1.32815,1.32827,0.75,1.50
2017.10.26 20:59:41.395,1.32814,1.32826,0.75,0.75
2017.10.26 20:59:42.202,1.32815,1.32826,0.75,0.75
2017.10.26 20:59:42.460,1.32817,1.32826,0.19,0.75
2017.10.26 20:59:42.574,1.32814,1.32826,0.75,1.50
2017.10.26 20:59:42.675,1.32817,1.32826,0.19,1.50
2017.10.26 20:59:42.852,1.32814,1.32826,0.75,1.50
2017.10.26 20:59:43.054,1.32817,1.32826,0.19,1.50
2017.10.26 20:59:43.208,1.32814,1.32826,0.75,1.50
2017.10.26 20:59:43.579,1.32817,1.32826,0.19,0.75
2017.10.26 20:59:44.103,1.32817,1.32827,0.19,1.50
2017.10.26 20:59:45.097,1.32816,1.32825,0.75,0.75
2017.10.26 20:59:45.210,1.32811,1.32826,1.50,1.50
2017.10.26 20:59:45.464,1.32807,1.32823,0.75,0.75
2017.10.26 20:59:45.566,1.32807,1.3282,0.75,0.75
2017.10.26 20:59:45.717,1.32807,1.32823,1.50,0.75
2017.10.26 20:59:45.819,1.32809,1.32823,0.75,0.75
2017.10.26 20:59:45.970,1.32806,1.32821,0.75,0.75
2017.10.26 20:59:46.071,1.32804,1.3282,0.75,0.75
2017.10.26 20:59:46.122,1.32806,1.3282,0.75,0.75
2017.10.26 20:59:46.426,1.32808,1.32819,0.19,0.75
2017.10.26 20:59:46.629,1.32806,1.32822,0.94,0.75
2017.10.26 20:59:46.679,1.32811,1.32827,0.19,0.75
2017.10.26 20:59:47.026,1.32811,1.32818,0.19,0.75
2017.10.26 20:59:47.077,1.32802,1.32816,1.50,0.75
2017.10.26 20:59:47.229,1.32805,1.32816,0.19,0.75
2017.10.26 20:59:47.280,1.32802,1.32816,1.50,0.75
2017.10.26 20:59:47.382,1.32801,1.32814,0.75,0.75
2017.10.26 20:59:47.585,1.32802,1.32816,0.75,0.75
2017.10.26 20:59:48.140,1.32801,1.32816,0.75,0.75
2017.10.26 20:59:48.191,1.32803,1.32816,0.75,0.75
2017.10.26 20:59:48.755,1.32802,1.32815,1.50,0.75
2017.10.26 20:59:48.856,1.32803,1.32817,0.75,0.75
2017.10.26 20:59:48.958,1.32805,1.32822,0.75,0.75
2017.10.26 20:59:49.009,1.32802,1.32817,0.75,0.75
2017.10.26 20:59:49.413,1.32804,1.3282,0.75,0.75
2017.10.26 20:59:49.565,1.32803,1.32817,0.75,0.75
2017.10.26 20:59:49.931,1.32803,1.3283,0.75,1.50
2017.10.26 20:59:49.982,1.32794,1.32825,0.75,0.75
2017.10.26 20:59:50.033,1.3279,1.32815,0.75,0.75
2017.10.26 20:59:50.134,1.32787,1.3282,0.75,0.75
2017.10.26 20:59:50.336,1.32789,1.32828,0.75,0.75
2017.10.26 20:59:50.387,1.32787,1.32814,0.75,0.37
2017.10.26 20:59:50.438,1.32784,1.32814,0.75,0.75
2017.10.26 20:59:50.586,1.32784,1.32801,0.75,0.75
2017.10.26 20:59:50.738,1.3278,1.32807,1.50,0.75
2017.10.26 20:59:50.840,1.32776,1.32808,0.75,0.75
2017.10.26 20:59:50.891,1.32776,1.32794,0.75,0.75
2017.10.26 20:59:50.992,1.32776,1.32796,0.75,0.75
2017.10.26 20:59:51.094,1.32771,1.32796,0.75,0.75
2017.10.26 20:59:51.144,1.32766,1.3279,0.75,0.75
2017.10.26 20:59:51.296,1.32774,1.328,0.75,1.50
2017.10.26 20:59:51.448,1.3277,1.32798,0.75,0.75
2017.10.26 20:59:51.549,1.3277,1.3279,0.75,0.75
2017.10.26 20:59:51.751,1.32771,1.32795,0.75,0.75
2017.10.26 20:59:51.935,1.32778,1.32795,0.19,0.94
2017.10.26 20:59:52.139,1.32779,1.32799,0.75,0.75
2017.10.26 20:59:52.241,1.32781,1.32805,0.75,0.75
2017.10.26 20:59:52.342,1.32779,1.3281,0.75,0.75
2017.10.26 20:59:52.393,1.32777,1.3281,0.75,0.75
2017.10.26 20:59:52.444,1.32774,1.32803,1.50,0.75
2017.10.26 20:59:52.747,1.32774,1.32805,0.75,0.75
2017.10.26 20:59:52.999,1.32776,1.32804,0.75,0.75
2017.10.26 20:59:53.333,1.32776,1.32802,0.75,0.75
2017.10.26 20:59:53.636,1.3278,1.32797,0.19,0.94
2017.10.26 20:59:53.856,1.32775,1.328,0.75,0.75
2017.10.26 20:59:53.957,1.32776,1.32804,0.75,0.75
2017.10.26 20:59:54.109,1.32777,1.328,0.75,0.75
2017.10.26 20:59:54.159,1.32777,1.3281,0.75,0.75
2017.10.26 20:59:54.210,1.32786,1.32803,0.19,0.19
2017.10.26 20:59:54.412,1.32787,1.3281,0.75,0.75
2017.10.26 20:59:54.463,1.3278,1.3281,1.50,0.75
2017.10.26 20:59:54.514,1.32785,1.3281,0.75,0.75
2017.10.26 20:59:54.564,1.32779,1.32815,0.75,0.75
2017.10.26 20:59:55.110,1.3278,1.32816,0.75,0.75
2017.10.26 20:59:55.612,1.32779,1.32816,0.75,1.50
2017.10.26 20:59:55.713,1.32783,1.32815,0.75,0.75
2017.10.26 20:59:55.814,1.32781,1.32816,0.75,0.75
2017.10.26 20:59:56.166,1.32778,1.32814,0.75,0.75
2017.10.26 20:59:56.267,1.32779,1.32817,0.75,0.75
2017.10.26 20:59:56.469,1.32776,1.32817,0.75,0.75
2017.10.26 20:59:56.822,1.32779,1.32816,0.75,0.75
2017.10.26 20:59:57.147,1.32782,1.32817,0.75,0.75
2017.10.26 20:59:57.654,1.32784,1.32817,0.75,0.75
2017.10.26 20:59:57.957,1.3279,1.32815,0.75,0.75
2017.10.26 20:59:58.491,1.32789,1.32814,0.75,0.75
2017.10.26 20:59:58.877,1.32788,1.32812,0.75,0.75
2017.10.26 20:59:58.978,1.32789,1.32815,0.75,0.75
2017.10.26 20:59:59.029,1.32787,1.32815,0.75,1.50
2017.10.26 20:59:59.130,1.32789,1.32815,0.75,0.75
2017.10.26 20:59:59.351,1.32786,1.32813,0.75,0.75
2017.10.26 20:59:59.402,1.32778,1.32812,0.75,0.75
2017.10.26 20:59:59.604,1.32775,1.32812,0.75,0.75
2017.10.26 20:59:59.828,1.32773,1.32808,0.75,0.75
