2010.02.23 08:00:01.397,1.2445,1.2447,1.50,3.60
2010.02.23 08:00:02.117,1.2445,1.2447,1.50,6.00
2010.02.23 08:00:02.462,1.2445,1.2447,1.60,1.00
2010.02.23 08:00:03.215,1.2445,1.2447,1.50,4.40
2010.02.23 08:00:03.574,1.2445,1.2447,1.50,1.60
2010.02.23 08:00:04.298,1.24445,1.2447,3.60,6.00
2010.02.23 08:00:04.694,1.24445,1.24465,3.20,1.00
2010.02.23 08:00:05.431,1.24445,1.24465,5.60,1.00
2010.02.23 08:00:05.731,1.2445,1.2447,1.00,3.60
2010.02.23 08:00:06.800,1.24445,1.24465,6.50,1.00
2010.02.23 08:00:07.441,1.24445,1.24465,3.20,1.00
2010.02.23 08:00:07.785,1.24445,1.24465,3.20,1.00
2010.02.23 08:00:09.156,1.2445,1.2447,1.60,6.00
2010.02.23 08:00:09.903,1.2445,1.2447,3.20,1.00
2010.02.23 08:00:10.259,1.2445,1.24475,3.20,7.60
2010.02.23 08:00:11.331,1.24455,1.24475,1.60,3.60
2010.02.23 08:00:11.998,1.24455,1.24475,1.60,6.40
2010.02.23 08:00:12.255,1.24455,1.24475,1.60,4.80
2010.02.23 08:00:12.934,1.24455,1.24475,1.00,1.60
2010.02.23 08:00:13.685,1.2446,1.24475,1.50,2.40
2010.02.23 08:00:14.046,1.2445,1.2447,1.60,4.00
2010.02.23 08:00:14.768,1.24445,1.2447,4.80,6.00
2010.02.23 08:00:15.138,1.24445,1.24465,5.20,1.60
2010.02.23 08:00:15.516,1.24455,1.24475,1.00,8.00
2010.02.23 08:00:16.201,1.24455,1.2447,1.00,1.60
2010.02.23 08:00:16.512,1.2445,1.24465,1.00,1.60
2010.02.23 08:00:17.228,1.24455,1.2447,1.60,2.00
2010.02.23 08:00:17.595,1.24455,1.24475,3.20,5.60
2010.02.23 08:00:18.017,1.24455,1.24475,3.20,4.00
2010.02.23 08:00:18.387,1.24455,1.2447,3.10,1.00
2010.02.23 08:00:18.915,1.24455,1.24475,3.10,2.00
2010.02.23 08:00:19.285,1.2446,1.2448,1.00,6.00
2010.02.23 08:00:19.990,1.2446,1.2448,3.20,4.40
2010.02.23 08:00:20.352,1.2446,1.2448,3.20,1.60
2010.02.23 08:00:21.592,1.2446,1.24475,3.10,1.00
2010.02.23 08:00:23.520,1.2446,1.2448,3.10,6.00
2010.02.23 08:00:25.234,1.2446,1.2448,3.10,3.60
2010.02.23 08:00:25.388,1.2446,1.2448,3.20,2.00
2010.02.23 08:00:25.814,1.2446,1.2448,3.20,1.60
2010.02.23 08:00:26.245,1.2446,1.2448,3.10,1.60
2010.02.23 08:00:26.689,1.2446,1.2448,3.10,4.40
2010.02.23 08:00:27.096,1.2446,1.2448,3.10,4.00
2010.02.23 08:00:27.234,1.24465,1.2448,1.00,1.60
2010.02.23 08:00:27.373,1.24465,1.24485,2.50,5.60
2010.02.23 08:00:27.797,1.24465,1.24485,2.50,3.60
2010.02.23 08:00:28.158,1.24465,1.24485,2.50,1.60
2010.02.23 08:00:28.510,1.24465,1.24485,2.30,3.20
2010.02.23 08:00:29.778,1.2447,1.24485,1.00,1.60
2010.02.23 08:00:30.016,1.24465,1.24485,12.50,1.60
2010.02.23 08:00:30.561,1.24475,1.2449,1.00,5.60
2010.02.23 08:00:30.832,1.2447,1.24485,1.00,1.00
2010.02.23 08:00:31.451,1.24465,1.24485,7.30,1.00
2010.02.23 08:00:31.723,1.24465,1.24485,5.30,1.60
2010.02.23 08:00:32.471,1.24465,1.24485,1.00,2.00
2010.02.23 08:00:32.831,1.24455,1.24475,4.70,1.00
2010.02.23 08:00:33.189,1.24455,1.24475,2.30,3.60
2010.02.23 08:00:33.930,1.24455,1.2447,2.30,1.00
2010.02.23 08:00:34.214,1.24455,1.2447,1.00,1.00
2010.02.23 08:00:34.496,1.24455,1.2447,1.00,1.00
2010.02.23 08:00:36.044,1.24455,1.2447,1.00,1.00
2010.02.23 08:00:36.286,1.24455,1.2447,1.60,1.00
2010.02.23 08:00:36.966,1.2445,1.2447,8.80,1.00
2010.02.23 08:00:37.327,1.2446,1.24475,1.00,3.20
2010.02.23 08:00:38.117,1.24465,1.24485,2.90,2.40
2010.02.23 08:00:38.451,1.24475,1.24485,1.00,1.00
2010.02.23 08:00:38.915,1.24475,1.2449,1.10,1.00
2010.02.23 08:00:39.285,1.2448,1.245,1.00,1.00
2010.02.23 08:00:39.949,1.2448,1.245,3.20,1.60
2010.02.23 08:00:41.231,1.2448,1.24495,3.10,1.00
2010.02.23 08:00:41.404,1.2448,1.245,3.10,4.00
2010.02.23 08:00:42.083,1.2448,1.245,3.10,4.00
2010.02.23 08:00:42.495,1.2448,1.245,1.50,5.70
2010.02.23 08:00:43.214,1.2448,1.245,3.10,5.60
2010.02.23 08:00:44.269,1.2448,1.245,3.10,4.00
2010.02.23 08:00:44.626,1.2448,1.245,3.10,4.10
2010.02.23 08:00:45.356,1.24485,1.24505,1.60,5.60
2010.02.23 08:00:45.721,1.2448,1.245,1.50,4.00
2010.02.23 08:00:46.493,1.24475,1.2449,2.70,2.40
2010.02.23 08:00:46.759,1.2447,1.2449,3.20,2.40
2010.02.23 08:00:47.327,1.24475,1.24495,1.60,2.40
2010.02.23 08:00:48.106,1.2447,1.2449,1.60,1.00
2010.02.23 08:00:48.475,1.2447,1.24485,1.50,1.00
2010.02.23 08:00:48.910,1.24475,1.2449,1.00,1.60
2010.02.23 08:00:49.298,1.24475,1.2449,1.00,1.60
2010.02.23 08:00:49.962,1.24475,1.2449,1.00,1.60
2010.02.23 08:00:50.345,1.24475,1.24495,1.00,1.60
2010.02.23 08:00:51.016,1.24475,1.2449,1.00,1.00
2010.02.23 08:00:52.086,1.2447,1.2449,4.00,1.00
2010.02.23 08:00:52.436,1.24465,1.2449,14.80,1.00
2010.02.23 08:00:52.785,1.24465,1.24485,14.80,1.00
2010.02.23 08:00:53.249,1.24465,1.2449,13.20,1.00
2010.02.23 08:00:53.618,1.24465,1.2449,11.60,2.00
2010.02.23 08:00:53.994,1.2446,1.24485,8.60,2.00
2010.02.23 08:00:54.658,1.2446,1.24475,1.60,1.60
2010.02.23 08:00:54.977,1.2445,1.2447,1.90,1.60
2010.02.23 08:00:55.774,1.2445,1.2447,1.50,1.60
2010.02.23 08:00:57.025,1.2445,1.24465,1.50,1.00
2010.02.23 08:00:57.184,1.24445,1.24465,3.10,1.00
2010.02.23 08:00:57.627,1.24445,1.2446,1.60,1.00
2010.02.23 08:00:58.006,1.2444,1.2446,1.50,1.60
2010.02.23 08:00:58.963,1.24445,1.24465,2.40,1.60
2010.02.23 08:00:59.686,1.24445,1.24465,4.00,1.60
2010.02.23 08:01:00.055,1.24445,1.24465,1.60,3.20
2010.02.23 08:01:00.420,1.24445,1.24465,4.00,1.60
2010.02.23 08:01:01.062,1.24445,1.24465,3.90,1.60
2010.02.23 08:01:01.298,1.24445,1.24465,10.80,1.60
2010.02.23 08:01:01.918,1.24445,1.24465,14.80,1.00
2010.02.23 08:01:02.293,1.24455,1.24475,5.20,1.60
2010.02.23 08:01:02.651,1.2445,1.24475,16.00,1.60
2010.02.23 08:01:03.429,1.24455,1.24475,9.90,1.00
2010.02.23 08:01:04.156,1.2446,1.24485,4.30,7.20
2010.02.23 08:01:04.511,1.2446,1.24485,3.90,6.40
2010.02.23 08:01:05.050,1.2446,1.24485,4.30,6.40
2010.02.23 08:01:05.405,1.24465,1.24485,1.50,4.80
2010.02.23 08:01:07.772,1.2446,1.2448,3.10,1.70
2010.02.23 08:01:08.120,1.2446,1.2448,1.50,1.60
2010.02.23 08:01:08.469,1.2446,1.24475,1.50,1.00
2010.02.23 08:01:09.206,1.2446,1.2448,1.50,1.60
2010.02.23 08:01:09.568,1.24455,1.2448,14.40,1.60
2010.02.23 08:01:10.013,1.2445,1.24475,10.40,1.00
2010.02.23 08:01:10.364,1.24455,1.24475,3.10,1.60
2010.02.23 08:01:12.222,1.24455,1.24475,1.50,1.60
2010.02.23 08:01:12.433,1.24455,1.24475,3.10,1.60
2010.02.23 08:01:12.831,1.2446,1.2448,1.50,6.80
2010.02.23 08:01:13.550,1.2446,1.2448,3.10,1.00
2010.02.23 08:01:14.247,1.2446,1.2448,3.90,1.00
2010.02.23 08:01:14.595,1.24465,1.2448,1.50,1.00
2010.02.23 08:01:15.222,1.2446,1.2448,3.90,1.00
2010.02.23 08:01:15.590,1.2446,1.2448,3.10,1.60
2010.02.23 08:01:16.249,1.24465,1.2448,4.50,1.60
2010.02.23 08:01:16.332,1.24465,1.2448,1.50,2.00
2010.02.23 08:01:16.419,1.24465,1.24485,1.50,1.00
2010.02.23 08:01:17.203,1.2446,1.2448,7.10,1.60
2010.02.23 08:01:17.559,1.2446,1.2448,5.50,1.60
2010.02.23 08:01:20.947,1.2446,1.2448,3.10,1.70
2010.02.23 08:01:21.618,1.24455,1.24475,9.10,1.00
2010.02.23 08:01:21.784,1.24455,1.24475,7.90,1.00
2010.02.23 08:01:22.615,1.24455,1.24475,7.10,1.00
2010.02.23 08:01:24.071,1.24455,1.24475,10.00,1.00
2010.02.23 08:01:24.737,1.24455,1.24475,9.20,1.00
2010.02.23 08:01:26.208,1.2446,1.24475,2.80,1.00
2010.02.23 08:01:26.526,1.24465,1.24485,3.90,1.00
2010.02.23 08:01:27.206,1.2447,1.2449,1.50,5.60
2010.02.23 08:01:27.575,1.24465,1.24485,3.90,1.60
2010.02.23 08:01:28.292,1.2447,1.2449,1.50,6.40
2010.02.23 08:01:28.663,1.2447,1.2449,1.60,1.00
2010.02.23 08:01:29.028,1.2447,1.2449,3.20,1.00
2010.02.23 08:01:29.741,1.2447,1.2449,4.80,1.00
2010.02.23 08:01:30.378,1.24475,1.24495,3.20,1.60
2010.02.23 08:01:30.779,1.24475,1.2449,3.10,1.00
2010.02.23 08:01:34.791,1.2447,1.24485,2.40,4.00
2010.02.23 08:01:35.133,1.24465,1.2448,1.00,1.60
2010.02.23 08:01:35.469,1.24465,1.24475,1.00,1.60
2010.02.23 08:01:36.207,1.24465,1.24475,1.00,1.00
2010.02.23 08:01:36.404,1.2446,1.24475,1.50,1.00
2010.02.23 08:01:36.940,1.2446,1.2448,1.50,4.00
2010.02.23 08:01:37.686,1.2446,1.24485,3.10,7.60
2010.02.23 08:01:38.402,1.2446,1.24485,3.10,6.00
2010.02.23 08:01:38.770,1.2446,1.2448,3.10,1.00
2010.02.23 08:01:39.519,1.2446,1.24485,3.10,6.40
2010.02.23 08:01:39.885,1.2446,1.2448,3.10,1.00
2010.02.23 08:01:40.242,1.2446,1.24475,3.10,3.20
2010.02.23 08:01:40.888,1.24455,1.24475,3.10,3.20
2010.02.23 08:01:41.250,1.2446,1.24475,1.00,3.20
2010.02.23 08:01:46.192,1.2446,1.24475,1.00,1.00
2010.02.23 08:01:46.299,1.2446,1.2448,5.40,1.00
2010.02.23 08:01:46.748,1.2446,1.24485,4.70,5.20
2010.02.23 08:01:47.103,1.24465,1.24485,1.60,4.80
2010.02.23 08:01:47.473,1.24465,1.24485,3.60,1.00
2010.02.23 08:01:48.194,1.2447,1.2449,3.10,2.40
2010.02.23 08:01:48.562,1.2447,1.2449,4.60,5.20
2010.02.23 08:01:48.915,1.2447,1.2449,3.00,5.20
2010.02.23 08:01:49.906,1.2447,1.2449,3.00,4.80
2010.02.23 08:01:50.226,1.24475,1.2449,1.50,1.60
2010.02.23 08:01:51.465,1.2448,1.2449,1.50,1.60
2010.02.23 08:01:52.460,1.2448,1.24495,1.50,9.60
2010.02.23 08:01:52.816,1.2447,1.24495,3.10,9.20
2010.02.23 08:01:53.603,1.2447,1.24495,3.10,8.40
2010.02.23 08:01:54.561,1.2447,1.24495,3.10,8.80
2010.02.23 08:01:54.975,1.2447,1.24495,3.10,9.20
2010.02.23 08:01:55.384,1.2447,1.24495,3.10,8.40
2010.02.23 08:01:56.312,1.2447,1.2449,3.10,1.00
2010.02.23 08:01:56.565,1.2447,1.2449,3.10,4.40
2010.02.23 08:01:56.612,1.2447,1.2449,3.10,4.40
2010.02.23 08:01:57.046,1.2447,1.2449,3.10,4.00
2010.02.23 08:01:57.276,1.2447,1.2449,3.10,3.20
2010.02.23 08:02:00.674,1.2447,1.2449,3.10,1.60
2010.02.23 08:02:03.197,1.2447,1.24495,3.20,8.40
2010.02.23 08:02:03.900,1.24475,1.24495,1.50,8.40
2010.02.23 08:02:04.964,1.2447,1.2449,3.10,1.00
2010.02.23 08:02:05.954,1.2447,1.2449,3.10,1.60
2010.02.23 08:02:07.514,1.24475,1.2449,1.00,1.60
2010.02.23 08:02:11.009,1.24475,1.2449,1.00,1.00
2010.02.23 08:02:11.735,1.24475,1.2449,1.00,2.00
2010.02.23 08:02:12.299,1.2447,1.2449,1.50,1.60
2010.02.23 08:02:12.668,1.24465,1.24485,13.10,1.60
2010.02.23 08:02:13.719,1.2446,1.2448,3.90,1.00
2010.02.23 08:02:14.409,1.2446,1.24475,2.40,1.00
2010.02.23 08:02:14.767,1.2446,1.24475,3.90,1.00
2010.02.23 08:02:15.209,1.2446,1.24475,1.50,1.00
2010.02.23 08:02:17.969,1.2446,1.2448,3.90,1.60
2010.02.23 08:02:19.544,1.2446,1.24475,1.50,1.00
2010.02.23 08:02:23.486,1.24455,1.24475,7.60,1.00
2010.02.23 08:02:25.503,1.24455,1.24475,5.90,3.20
2010.02.23 08:02:25.731,1.24455,1.24475,3.10,3.20
2010.02.23 08:02:27.250,1.2445,1.2447,5.50,1.00
2010.02.23 08:02:27.945,1.2445,1.2447,1.50,1.70
2010.02.23 08:02:28.706,1.2444,1.2446,5.50,1.00
2010.02.23 08:02:29.034,1.2444,1.2446,3.10,1.60
2010.02.23 08:02:29.391,1.2444,1.24455,3.10,1.00
2010.02.23 08:02:30.063,1.2444,1.24455,1.50,1.00
2010.02.23 08:02:33.776,1.2444,1.2446,1.50,6.10
2010.02.23 08:02:34.410,1.2444,1.24455,3.10,1.00
2010.02.23 08:02:34.641,1.2444,1.2446,3.10,1.00
2010.02.23 08:02:35.000,1.24445,1.2446,1.00,1.00
2010.02.23 08:02:35.438,1.2444,1.2446,3.10,1.00
2010.02.23 08:02:36.855,1.24445,1.24465,1.60,4.00
2010.02.23 08:02:37.035,1.2444,1.24465,5.50,4.00
2010.02.23 08:02:37.632,1.24445,1.24465,1.60,5.60
2010.02.23 08:02:37.819,1.24445,1.24465,1.50,5.60
2010.02.23 08:02:38.606,1.2444,1.2445,1.50,2.40
2010.02.23 08:02:38.988,1.24425,1.24445,4.80,1.00
2010.02.23 08:02:39.707,1.24435,1.2445,1.50,1.00
2010.02.23 08:02:41.184,1.2443,1.2445,3.20,1.00
2010.02.23 08:02:43.385,1.2443,1.2445,3.20,1.60
2010.02.23 08:02:45.653,1.2443,1.2445,3.30,1.60
2010.02.23 08:02:46.085,1.2443,1.2445,3.20,1.00
2010.02.23 08:02:46.262,1.2443,1.24445,3.10,1.60
2010.02.23 08:02:46.431,1.2443,1.24445,1.60,1.60
2010.02.23 08:02:46.859,1.2443,1.2445,1.60,3.20
2010.02.23 08:02:47.471,1.2443,1.24445,1.50,1.00
2010.02.23 08:02:48.478,1.24425,1.24445,13.20,1.60
2010.02.23 08:02:48.837,1.24425,1.24445,10.00,3.20
2010.02.23 08:02:49.582,1.24425,1.2444,10.00,1.00
2010.02.23 08:02:49.930,1.24425,1.24445,10.00,1.60
2010.02.23 08:02:50.278,1.24425,1.24445,13.20,1.60
2010.02.23 08:02:50.859,1.2443,1.2445,2.00,2.40
2010.02.23 08:02:51.172,1.24445,1.2446,1.00,4.00
2010.02.23 08:02:51.838,1.24445,1.2446,1.00,3.20
2010.02.23 08:02:52.553,1.2444,1.2446,3.10,3.20
2010.02.23 08:02:53.038,1.2444,1.24455,3.10,1.60
2010.02.23 08:02:53.986,1.24445,1.24455,3.10,1.00
2010.02.23 08:02:54.518,1.2445,1.2447,1.50,6.40
2010.02.23 08:02:54.828,1.2445,1.2447,1.50,3.20
2010.02.23 08:02:55.952,1.2445,1.24465,1.50,1.60
2010.02.23 08:02:56.619,1.2445,1.24465,1.50,4.40
2010.02.23 08:02:57.759,1.24445,1.24465,3.20,3.20
2010.02.23 08:02:58.222,1.24445,1.2446,3.10,1.00
2010.02.23 08:02:58.458,1.24445,1.24465,10.00,1.60
2010.02.23 08:02:59.161,1.2445,1.24465,1.50,1.00
2010.02.23 08:03:00.222,1.2445,1.2447,1.60,6.40
2010.02.23 08:03:00.689,1.2445,1.24465,1.50,1.00
2010.02.23 08:03:02.406,1.2445,1.2447,1.70,6.10
2010.02.23 08:03:02.914,1.2445,1.2447,1.50,3.20
2010.02.23 08:03:04.214,1.2445,1.2447,1.60,3.20
2010.02.23 08:03:04.941,1.2445,1.2447,3.20,1.60
2010.02.23 08:03:09.519,1.24445,1.24465,1.60,1.60
2010.02.23 08:03:09.850,1.2444,1.2446,1.90,1.60
2010.02.23 08:03:10.435,1.2444,1.24455,1.50,1.60
2010.02.23 08:03:10.803,1.2444,1.2446,1.50,5.60
2010.02.23 08:03:11.519,1.2444,1.24455,1.50,1.60
2010.02.23 08:03:11.849,1.2444,1.24455,1.50,1.60
2010.02.23 08:03:13.390,1.2444,1.2446,3.10,1.60
2010.02.23 08:03:14.666,1.24445,1.2446,1.00,3.20
2010.02.23 08:03:15.036,1.24445,1.2446,1.00,1.00
2010.02.23 08:03:15.782,1.24445,1.24465,1.00,3.20
2010.02.23 08:03:16.041,1.2445,1.24465,1.00,3.20
2010.02.23 08:03:16.283,1.2445,1.24465,1.00,1.60
2010.02.23 08:03:16.695,1.2445,1.2447,1.60,3.20
2010.02.23 08:03:17.298,1.2445,1.2447,1.60,1.60
2010.02.23 08:03:19.617,1.24455,1.2447,6.70,1.60
2010.02.23 08:03:19.986,1.2446,1.2448,3.20,4.80
2010.02.23 08:03:20.338,1.2446,1.2448,3.20,1.60
2010.02.23 08:03:20.757,1.24455,1.24475,11.60,1.00
2010.02.23 08:03:21.107,1.24455,1.24475,10.80,1.60
2010.02.23 08:03:21.629,1.24455,1.24475,3.10,4.00
2010.02.23 08:03:22.143,1.24455,1.24475,1.50,6.40
2010.02.23 08:03:26.311,1.24455,1.24475,1.60,4.00
2010.02.23 08:03:26.805,1.2445,1.24465,1.00,3.20
2010.02.23 08:03:27.065,1.24445,1.24465,1.00,1.60
2010.02.23 08:03:27.541,1.24445,1.2446,1.00,1.60
2010.02.23 08:03:27.910,1.2444,1.2446,3.10,2.40
2010.02.23 08:03:28.338,1.2444,1.2446,5.50,1.60
2010.02.23 08:03:28.718,1.24445,1.24465,1.60,3.20
2010.02.23 08:03:29.456,1.24445,1.24465,3.20,3.20
2010.02.23 08:03:30.913,1.2445,1.24465,1.00,1.00
2010.02.23 08:03:32.457,1.24445,1.24465,3.20,1.00
2010.02.23 08:03:33.382,1.24445,1.24465,3.20,1.00
2010.02.23 08:03:34.282,1.2445,1.24465,1.00,1.00
2010.02.23 08:03:34.555,1.24445,1.24465,7.20,1.00
2010.02.23 08:03:34.994,1.24445,1.24465,4.40,1.00
2010.02.23 08:03:35.352,1.24445,1.24465,3.20,1.00
2010.02.23 08:03:36.599,1.2445,1.24465,1.00,1.00
2010.02.23 08:03:37.404,1.24445,1.24465,6.80,1.00
2010.02.23 08:03:38.166,1.24445,1.24465,5.60,3.00
2010.02.23 08:03:38.528,1.2445,1.24465,1.00,1.00
2010.02.23 08:03:39.288,1.2445,1.2447,3.20,3.20
2010.02.23 08:03:40.725,1.24455,1.24475,1.50,8.00
2010.02.23 08:03:40.864,1.24455,1.24475,1.60,4.80
2010.02.23 08:03:41.386,1.24455,1.24475,3.20,1.60
2010.02.23 08:03:41.537,1.24455,1.2448,3.10,11.20
2010.02.23 08:03:42.494,1.24455,1.24475,3.20,1.00
2010.02.23 08:03:43.468,1.24455,1.2448,3.90,11.20
2010.02.23 08:03:43.861,1.24465,1.24485,1.50,5.20
2010.02.23 08:03:44.212,1.24465,1.24485,1.50,4.80
2010.02.23 08:03:44.975,1.24465,1.24485,1.50,6.40
2010.02.23 08:03:45.271,1.2446,1.2448,3.20,1.00
2010.02.23 08:03:45.548,1.24465,1.2448,1.00,1.00
2010.02.23 08:03:46.190,1.24465,1.24485,4.80,1.00
2010.02.23 08:03:46.912,1.24465,1.24485,3.20,1.00
2010.02.23 08:03:51.561,1.2447,1.24485,1.50,1.60
2010.02.23 08:03:52.010,1.2446,1.24485,4.80,2.40
2010.02.23 08:03:52.528,1.2446,1.2448,4.80,1.00
2010.02.23 08:03:52.880,1.2446,1.2448,3.20,1.00
2010.02.23 08:03:54.397,1.2446,1.24475,1.50,1.00
2010.02.23 08:03:55.132,1.2446,1.2448,1.60,3.20
2010.02.23 08:03:56.185,1.2446,1.2448,1.60,1.60
2010.02.23 08:03:58.948,1.24455,1.2448,3.20,9.60
2010.02.23 08:03:59.266,1.24455,1.24475,3.20,1.60
2010.02.23 08:03:59.907,1.24455,1.24475,3.10,4.80
2010.02.23 08:04:00.586,1.24455,1.24475,3.10,4.80
2010.02.23 08:04:01.471,1.24455,1.24475,3.20,1.60
2010.02.23 08:04:01.941,1.24455,1.24475,3.20,1.60
2010.02.23 08:04:04.351,1.2446,1.2448,4.70,1.00
2010.02.23 08:04:04.607,1.2446,1.24485,4.80,9.20
2010.02.23 08:04:05.814,1.2446,1.24485,11.20,5.60
2010.02.23 08:04:06.173,1.2446,1.24485,7.20,8.80
2010.02.23 08:04:06.874,1.2446,1.24485,3.20,10.00
2010.02.23 08:04:07.045,1.2446,1.2448,3.10,1.00
2010.02.23 08:04:07.203,1.2446,1.2448,3.10,1.60
2010.02.23 08:04:07.988,1.2446,1.2448,1.50,4.00
2010.02.23 08:04:08.337,1.2446,1.2448,1.50,4.80
2010.02.23 08:04:09.068,1.2446,1.2448,1.50,6.00
2010.02.23 08:04:09.446,1.2446,1.2448,1.50,7.70
2010.02.23 08:04:10.519,1.2446,1.2448,1.50,7.20
2010.02.23 08:04:10.880,1.2446,1.2448,1.50,4.50
2010.02.23 08:04:11.031,1.2446,1.2448,1.50,5.20
2010.02.23 08:04:11.172,1.2446,1.2448,1.50,4.80
2010.02.23 08:04:11.452,1.2446,1.2448,1.50,3.20
2010.02.23 08:04:13.121,1.2446,1.2448,1.50,2.40
2010.02.23 08:04:16.891,1.2446,1.2448,1.50,5.60
2010.02.23 08:04:18.768,1.2446,1.2448,1.50,6.40
2010.02.23 08:04:20.262,1.24455,1.2448,3.20,7.60
2010.02.23 08:04:20.870,1.24455,1.24475,3.10,1.00
2010.02.23 08:04:21.647,1.2445,1.24475,8.00,2.80
2010.02.23 08:04:21.805,1.2445,1.2447,8.00,1.00
2010.02.23 08:04:23.780,1.2445,1.2447,3.10,1.00
2010.02.23 08:04:24.076,1.2445,1.2447,1.50,3.20
2010.02.23 08:04:24.366,1.2445,1.2447,1.60,3.20
2010.02.23 08:04:24.963,1.24445,1.24465,6.40,1.60
2010.02.23 08:04:26.455,1.24445,1.24465,6.00,1.60
2010.02.23 08:04:26.632,1.2445,1.24465,1.00,1.00
2010.02.23 08:04:26.792,1.2445,1.2447,1.00,3.20
2010.02.23 08:04:26.947,1.2445,1.2447,1.20,3.20
2010.02.23 08:04:27.459,1.2445,1.2447,4.00,3.20
2010.02.23 08:04:27.818,1.2445,1.2447,3.10,3.20
2010.02.23 08:04:28.170,1.2445,1.2447,1.50,5.60
2010.02.23 08:04:28.526,1.2445,1.2447,1.50,4.80
2010.02.23 08:04:29.191,1.2445,1.2447,3.10,3.20
2010.02.23 08:04:29.901,1.2445,1.2447,3.20,5.60
2010.02.23 08:04:30.255,1.2445,1.2447,3.10,3.20
2010.02.23 08:04:30.709,1.2445,1.2447,1.50,3.20
2010.02.23 08:04:31.739,1.2445,1.24465,1.50,1.00
2010.02.23 08:04:31.976,1.24445,1.24465,13.20,1.60
2010.02.23 08:04:32.197,1.24445,1.24465,13.20,1.60
2010.02.23 08:04:32.600,1.24445,1.24455,1.00,1.00
2010.02.23 08:04:32.830,1.2444,1.2446,3.10,2.40
2010.02.23 08:04:34.972,1.24435,1.2445,3.90,1.00
2010.02.23 08:04:35.706,1.24435,1.2445,1.50,1.00
2010.02.23 08:04:36.071,1.2443,1.2445,3.10,1.00
2010.02.23 08:04:38.258,1.2443,1.24445,3.10,1.00
2010.02.23 08:04:39.245,1.2443,1.24445,1.50,1.00
2010.02.23 08:04:40.447,1.24425,1.24445,4.80,1.00
2010.02.23 08:04:41.322,1.2443,1.24445,1.50,1.00
2010.02.23 08:04:42.918,1.24425,1.24445,4.80,1.60
2010.02.23 08:04:44.608,1.24425,1.2444,1.60,1.00
2010.02.23 08:04:44.969,1.2442,1.2444,3.20,1.00
2010.02.23 08:04:45.748,1.2443,1.2445,1.60,1.00
2010.02.23 08:04:46.020,1.2443,1.2445,3.20,1.00
2010.02.23 08:04:46.568,1.24435,1.2445,1.50,1.00
2010.02.23 08:04:47.516,1.2443,1.2445,1.50,5.20
2010.02.23 08:04:47.842,1.2442,1.2444,1.50,1.60
2010.02.23 08:04:48.556,1.2442,1.2444,1.60,1.60
2010.02.23 08:04:49.818,1.2442,1.2444,1.00,1.70
2010.02.23 08:04:50.561,1.2442,1.2444,1.00,1.60
2010.02.23 08:04:51.494,1.2442,1.2444,2.40,1.60
2010.02.23 08:04:51.975,1.2442,1.24445,12.40,2.40
2010.02.23 08:04:52.109,1.2442,1.24445,12.00,1.60
2010.02.23 08:04:52.333,1.24425,1.24445,1.50,1.60
2010.02.23 08:04:53.865,1.24425,1.24445,3.10,1.60
2010.02.23 08:04:55.266,1.24425,1.24445,1.50,4.00
2010.02.23 08:04:55.604,1.2442,1.24445,4.70,4.00
2010.02.23 08:04:59.212,1.2442,1.2444,4.70,1.00
2010.02.23 08:05:00.857,1.2442,1.2444,3.10,1.00
2010.02.23 08:05:01.140,1.2442,1.2444,3.10,1.60
2010.02.23 08:05:01.684,1.2442,1.2444,1.50,1.60
2010.02.23 08:05:02.618,1.24415,1.24435,7.10,1.00
2010.02.23 08:05:03.303,1.2441,1.2443,4.70,1.00
2010.02.23 08:05:05.261,1.2441,1.2443,3.10,1.00
2010.02.23 08:05:10.166,1.2441,1.24435,11.30,2.40
2010.02.23 08:05:10.481,1.2441,1.24435,4.70,4.80
2010.02.23 08:05:12.694,1.2441,1.2443,4.70,1.00
2010.02.23 08:05:13.177,1.24405,1.24415,1.20,1.00
2010.02.23 08:05:13.526,1.24395,1.2441,4.80,1.00
2010.02.23 08:05:14.589,1.2439,1.24405,4.00,1.00
2010.02.23 08:05:14.942,1.24385,1.24405,7.60,1.00
2010.02.23 08:05:15.649,1.24385,1.24405,8.00,1.00
2010.02.23 08:05:16.332,1.24385,1.24405,12.00,1.00
2010.02.23 08:05:17.940,1.2439,1.24405,1.00,1.00
2010.02.23 08:05:18.125,1.24395,1.2441,9.60,1.00
2010.02.23 08:05:19.824,1.24395,1.2441,11.20,1.00
2010.02.23 08:05:20.641,1.24395,1.24415,11.20,1.60
2010.02.23 08:05:20.681,1.24395,1.24415,12.80,1.60
2010.02.23 08:05:21.136,1.244,1.2442,2.00,4.00
2010.02.23 08:05:21.487,1.24395,1.2442,12.80,4.00
2010.02.23 08:05:21.897,1.24395,1.24415,12.80,1.60
2010.02.23 08:05:22.832,1.24395,1.24415,3.60,1.60
2010.02.23 08:05:22.969,1.24395,1.24415,3.10,1.60
2010.02.23 08:05:24.065,1.24395,1.24415,7.60,1.60
2010.02.23 08:05:25.964,1.244,1.2442,1.50,4.00
2010.02.23 08:05:32.470,1.244,1.24415,1.50,1.60
2010.02.23 08:05:32.569,1.24395,1.24415,14.00,1.60
2010.02.23 08:05:32.672,1.24395,1.24415,14.40,1.60
2010.02.23 08:05:33.151,1.244,1.2442,3.90,4.00
2010.02.23 08:05:34.577,1.24405,1.2442,1.00,8.00
2010.02.23 08:05:34.928,1.24405,1.2442,1.00,4.00
2010.02.23 08:05:37.306,1.24405,1.2442,2.60,2.40
2010.02.23 08:05:37.455,1.24405,1.24425,1.80,3.60
2010.02.23 08:05:37.724,1.24405,1.24425,1.80,3.20
2010.02.23 08:05:38.266,1.24405,1.24425,1.00,3.20
2010.02.23 08:05:39.121,1.24405,1.2442,1.00,1.00
2010.02.23 08:05:39.881,1.24405,1.2442,1.00,1.60
2010.02.23 08:05:40.125,1.24405,1.2442,1.00,1.60
2010.02.23 08:05:41.296,1.24405,1.2442,1.00,3.20
2010.02.23 08:05:43.280,1.24405,1.2442,1.00,3.20
2010.02.23 08:05:43.980,1.24405,1.2442,1.00,3.20
2010.02.23 08:05:44.389,1.24405,1.2442,1.00,3.20
2010.02.23 08:05:44.673,1.24405,1.2442,1.00,3.30
2010.02.23 08:05:44.962,1.24405,1.2442,1.00,3.20
2010.02.23 08:05:46.866,1.24405,1.2442,1.00,3.20
2010.02.23 08:05:47.919,1.24405,1.2442,1.00,3.20
2010.02.23 08:05:48.881,1.24405,1.2442,1.00,3.20
2010.02.23 08:05:49.739,1.24405,1.2442,7.40,1.00
2010.02.23 08:05:50.360,1.2442,1.24435,1.50,1.00
2010.02.23 08:05:50.634,1.24425,1.2444,6.70,1.00
2010.02.23 08:05:50.905,1.2443,1.24445,1.00,1.00
2010.02.23 08:05:51.347,1.2443,1.24445,1.50,1.00
2010.02.23 08:05:51.620,1.2443,1.24445,1.50,1.60
2010.02.23 08:05:52.322,1.2443,1.2445,1.50,3.20
2010.02.23 08:05:52.600,1.24435,1.24455,1.50,6.80
2010.02.23 08:05:53.198,1.24435,1.24455,1.50,6.00
2010.02.23 08:05:53.823,1.24435,1.24455,1.50,5.60
2010.02.23 08:05:54.525,1.24435,1.2445,1.50,1.60
2010.02.23 08:05:54.688,1.24435,1.2445,3.10,1.60
2010.02.23 08:05:55.283,1.24435,1.2446,8.30,5.20
2010.02.23 08:05:55.460,1.2444,1.2445,3.10,1.00
2010.02.23 08:05:55.981,1.2444,1.2446,1.50,6.80
2010.02.23 08:05:56.339,1.2444,1.2446,3.10,4.00
2010.02.23 08:05:56.696,1.2444,1.2446,3.10,1.60
2010.02.23 08:05:57.595,1.2444,1.2446,3.10,3.20
2010.02.23 08:05:57.723,1.2444,1.2446,1.50,3.20
2010.02.23 08:05:58.086,1.2444,1.2446,1.50,4.00
2010.02.23 08:05:58.442,1.2444,1.2446,1.50,3.20
2010.02.23 08:05:59.385,1.2444,1.2445,1.50,1.00
2010.02.23 08:05:59.740,1.2444,1.2445,1.70,1.00
2010.02.23 08:06:01.776,1.2444,1.24455,1.00,1.00
2010.02.23 08:06:01.928,1.2444,1.24455,1.00,1.00
2010.02.23 08:06:02.433,1.2444,1.2446,3.40,1.20
2010.02.23 08:06:02.657,1.24445,1.2446,8.30,1.00
2010.02.23 08:06:03.452,1.24445,1.2446,8.50,1.00
2010.02.23 08:06:04.152,1.24445,1.2446,9.10,1.00
2010.02.23 08:06:04.507,1.2445,1.2446,1.00,1.00
2010.02.23 08:06:05.034,1.2445,1.2446,1.00,1.00
2010.02.23 08:06:05.396,1.2445,1.2446,1.80,1.00
2010.02.23 08:06:07.699,1.2445,1.24465,1.80,4.60
2010.02.23 08:06:08.058,1.2445,1.24465,1.80,1.60
2010.02.23 08:06:08.904,1.2445,1.2447,1.70,3.20
2010.02.23 08:06:09.260,1.2445,1.2447,1.70,1.60
2010.02.23 08:06:10.017,1.2445,1.2447,1.70,1.60
2010.02.23 08:06:10.377,1.2445,1.24465,1.00,1.00
2010.02.23 08:06:14.724,1.2445,1.24465,1.00,1.60
2010.02.23 08:06:15.453,1.2445,1.2446,1.00,1.60
2010.02.23 08:06:15.869,1.2445,1.2446,1.00,5.60
2010.02.23 08:06:16.518,1.2444,1.2446,1.90,5.60
2010.02.23 08:06:18.200,1.2444,1.24455,1.00,4.00
2010.02.23 08:06:19.043,1.2444,1.24455,1.00,1.00
2010.02.23 08:06:19.559,1.2444,1.2445,1.00,2.40
2010.02.23 08:06:19.726,1.2443,1.2445,3.10,1.00
2010.02.23 08:06:19.897,1.2443,1.2445,4.70,1.00
2010.02.23 08:06:21.401,1.24435,1.2445,1.00,1.00
2010.02.23 08:06:22.445,1.2443,1.2445,7.10,1.00
2010.02.23 08:06:22.705,1.2443,1.2445,4.70,1.00
2010.02.23 08:06:25.481,1.2443,1.2445,1.50,2.10
2010.02.23 08:06:25.698,1.2443,1.2445,1.50,1.60
2010.02.23 08:06:31.757,1.24435,1.2445,1.00,1.60
2010.02.23 08:06:32.403,1.24435,1.2445,5.20,1.60
2010.02.23 08:06:32.793,1.24435,1.24445,5.20,1.00
2010.02.23 08:06:33.261,1.2443,1.24445,3.10,1.00
2010.02.23 08:06:33.613,1.2443,1.24445,1.50,1.00
2010.02.23 08:06:34.984,1.24435,1.2445,1.60,1.00
2010.02.23 08:06:35.102,1.2443,1.2445,7.10,1.00
2010.02.23 08:06:35.319,1.2443,1.2445,7.90,1.00
2010.02.23 08:06:35.429,1.24435,1.2445,1.50,1.00
2010.02.23 08:06:35.895,1.24435,1.24445,1.50,1.00
2010.02.23 08:06:36.183,1.2443,1.2445,3.10,1.60
2010.02.23 08:06:36.474,1.2443,1.2445,3.10,1.60
2010.02.23 08:06:36.776,1.2443,1.24445,3.10,1.00
2010.02.23 08:06:38.374,1.24435,1.24445,1.50,1.00
2010.02.23 08:06:46.382,1.24435,1.24455,6.80,4.00
2010.02.23 08:06:46.561,1.24435,1.24455,9.90,1.00
2010.02.23 08:06:47.006,1.24435,1.24455,6.70,1.60
2010.02.23 08:06:48.588,1.24435,1.24455,8.30,1.60
2010.02.23 08:06:48.935,1.2444,1.2445,1.50,1.00
2010.02.23 08:06:49.609,1.24435,1.2445,3.10,1.00
2010.02.23 08:06:50.291,1.2443,1.24445,1.50,5.20
2010.02.23 08:06:51.001,1.24425,1.24445,6.80,1.60
2010.02.23 08:06:52.602,1.2443,1.24445,1.00,1.60
2010.02.23 08:07:01.209,1.2443,1.24445,1.00,1.00
2010.02.23 08:07:01.753,1.2443,1.2445,1.00,4.80
2010.02.23 08:07:01.804,1.24425,1.2445,5.20,5.60
2010.02.23 08:07:01.850,1.24425,1.2445,4.80,6.00
2010.02.23 08:07:01.902,1.24425,1.2445,10.00,6.00
2010.02.23 08:07:01.956,1.24425,1.2445,14.00,3.60
2010.02.23 08:07:02.004,1.2443,1.2445,1.00,2.80
2010.02.23 08:07:02.182,1.2443,1.2445,1.00,2.40
2010.02.23 08:07:03.438,1.24425,1.24445,14.80,1.00
2010.02.23 08:07:04.149,1.24425,1.24445,4.70,1.00
2010.02.23 08:07:06.697,1.24425,1.24445,3.10,1.00
2010.02.23 08:07:06.792,1.24425,1.24445,1.50,1.60
2010.02.23 08:07:06.868,1.24425,1.24445,1.50,2.40
2010.02.23 08:07:08.388,1.24425,1.24445,1.50,1.60
2010.02.23 08:07:08.601,1.24425,1.2444,1.50,1.00
2010.02.23 08:07:09.167,1.24425,1.24445,1.60,2.40
2010.02.23 08:07:09.480,1.24425,1.24445,1.60,1.60
2010.02.23 08:07:11.751,1.24425,1.24445,1.50,1.70
2010.02.23 08:07:11.849,1.24425,1.24445,1.50,1.60
2010.02.23 08:07:12.307,1.24425,1.24445,1.50,4.00
2010.02.23 08:07:13.928,1.24425,1.24445,1.60,1.60
2010.02.23 08:07:16.002,1.24425,1.24445,7.20,1.60
2010.02.23 08:07:16.359,1.24425,1.24445,1.60,1.60
2010.02.23 08:07:20.518,1.2443,1.2445,1.60,6.40
2010.02.23 08:07:21.070,1.2443,1.2445,1.50,5.60
2010.02.23 08:07:22.101,1.2443,1.2445,1.50,5.60
2010.02.23 08:07:22.315,1.2443,1.2445,3.10,5.60
2010.02.23 08:07:23.017,1.24435,1.24455,6.80,1.00
2010.02.23 08:07:23.675,1.24445,1.2446,5.20,3.20
2010.02.23 08:07:24.070,1.24445,1.24465,1.50,1.60
2010.02.23 08:07:24.757,1.24445,1.24465,1.50,1.00
2010.02.23 08:07:26.583,1.24445,1.24465,3.10,1.00
2010.02.23 08:07:27.483,1.24445,1.24465,1.50,1.60
2010.02.23 08:07:27.925,1.2444,1.2446,5.60,1.60
2010.02.23 08:07:28.106,1.2444,1.2446,2.40,1.60
2010.02.23 08:07:28.298,1.2444,1.24455,1.00,1.60
2010.02.23 08:07:29.076,1.24425,1.2445,7.50,4.00
2010.02.23 08:07:29.842,1.24425,1.24445,3.90,1.00
2010.02.23 08:07:30.167,1.24425,1.24445,7.90,1.00
2010.02.23 08:07:30.855,1.2443,1.2445,4.70,2.40
2010.02.23 08:07:31.212,1.2443,1.2445,4.70,1.60
2010.02.23 08:07:31.660,1.2443,1.2445,1.60,1.60
2010.02.23 08:07:32.015,1.2443,1.2445,6.80,1.60
2010.02.23 08:07:32.746,1.24445,1.24455,1.00,1.00
2010.02.23 08:07:34.874,1.2445,1.24465,1.00,1.60
2010.02.23 08:07:37.882,1.24445,1.24465,13.10,1.60
2010.02.23 08:07:37.928,1.24445,1.24465,11.50,1.60
2010.02.23 08:07:38.337,1.24445,1.2446,1.60,1.00
2010.02.23 08:07:38.685,1.2444,1.2446,5.60,1.00
2010.02.23 08:07:39.034,1.2444,1.2446,5.60,1.60
2010.02.23 08:07:42.150,1.2444,1.2446,5.60,1.00
2010.02.23 08:07:43.209,1.2444,1.2446,7.20,1.00
2010.02.23 08:07:43.454,1.2444,1.2446,3.20,1.00
2010.02.23 08:07:43.693,1.2444,1.2446,1.60,1.00
2010.02.23 08:07:44.305,1.2445,1.2446,1.00,1.00
2010.02.23 08:07:44.677,1.2444,1.2446,4.70,1.00
2010.02.23 08:07:45.418,1.24435,1.24455,12.30,1.00
2010.02.23 08:07:45.789,1.2443,1.2445,9.20,1.60
2010.02.23 08:07:46.465,1.24435,1.24455,1.50,1.60
2010.02.23 08:07:47.072,1.24435,1.24455,6.70,1.60
2010.02.23 08:07:47.351,1.24435,1.24455,10.70,1.60
2010.02.23 08:07:47.878,1.24435,1.24455,13.20,1.00
2010.02.23 08:07:48.833,1.2444,1.24455,2.40,1.00
2010.02.23 08:07:49.491,1.2444,1.2446,4.80,1.00
2010.02.23 08:07:49.848,1.2444,1.2446,5.60,1.00
2010.02.23 08:07:52.316,1.2444,1.2446,6.40,1.00
2010.02.23 08:07:53.581,1.24445,1.24465,9.10,2.40
2010.02.23 08:07:53.815,1.2445,1.2447,1.50,3.20
2010.02.23 08:07:54.241,1.2445,1.2447,1.50,1.00
2010.02.23 08:07:54.490,1.2445,1.2447,1.60,1.00
2010.02.23 08:07:58.203,1.24455,1.2447,5.10,1.00
2010.02.23 08:07:58.279,1.2445,1.24475,7.50,5.60
2010.02.23 08:07:58.736,1.24455,1.24475,5.10,4.00
2010.02.23 08:07:59.091,1.24455,1.24475,6.70,3.20
2010.02.23 08:08:01.816,1.2446,1.2448,2.40,3.20
2010.02.23 08:08:02.028,1.24465,1.2448,5.60,1.00
2010.02.23 08:08:02.127,1.24465,1.2448,8.00,1.00
2010.02.23 08:08:02.215,1.24465,1.2448,11.10,1.00
2010.02.23 08:08:02.683,1.24475,1.24495,1.00,1.00
2010.02.23 08:08:02.783,1.24475,1.24495,3.20,1.00
2010.02.23 08:08:03.980,1.24475,1.24495,1.60,4.80
2010.02.23 08:08:04.340,1.2447,1.24495,3.10,11.60
2010.02.23 08:08:04.692,1.24475,1.24495,3.10,7.20
2010.02.23 08:08:05.369,1.24475,1.24495,3.10,4.00
2010.02.23 08:08:05.593,1.24475,1.24495,3.10,4.00
2010.02.23 08:08:05.808,1.2448,1.245,1.50,6.80
2010.02.23 08:08:06.352,1.2448,1.24505,3.10,7.60
2010.02.23 08:08:06.571,1.2448,1.24505,3.10,10.00
2010.02.23 08:08:07.179,1.2448,1.24505,3.10,10.20
2010.02.23 08:08:07.862,1.24475,1.24505,14.30,2.40
2010.02.23 08:08:08.301,1.24485,1.24505,3.10,1.60
2010.02.23 08:08:08.691,1.2449,1.24505,1.00,1.60
2010.02.23 08:08:09.398,1.24495,1.2451,1.00,8.00
2010.02.23 08:08:09.763,1.24495,1.24515,3.50,4.00
2010.02.23 08:08:10.271,1.24495,1.24515,3.50,3.60
2010.02.23 08:08:10.648,1.24495,1.24505,1.00,1.00
2010.02.23 08:08:11.153,1.2449,1.2451,1.50,2.40
2010.02.23 08:08:11.520,1.2449,1.2451,3.10,1.60
2010.02.23 08:08:12.253,1.24485,1.2451,12.30,2.40
2010.02.23 08:08:12.513,1.24485,1.24505,3.10,1.00
2010.02.23 08:08:13.078,1.24485,1.24505,3.10,1.00
2010.02.23 08:08:13.335,1.24485,1.24505,4.80,1.00
2010.02.23 08:08:14.105,1.24485,1.24505,12.40,1.00
2010.02.23 08:08:14.478,1.2449,1.2451,7.10,1.00
2010.02.23 08:08:15.164,1.24495,1.24515,4.70,1.20
2010.02.23 08:08:15.523,1.245,1.24515,1.50,1.00
2010.02.23 08:08:18.721,1.245,1.24515,3.70,1.00
2010.02.23 08:08:19.250,1.245,1.24515,6.10,1.00
2010.02.23 08:08:19.567,1.245,1.24515,3.10,1.00
2010.02.23 08:08:20.952,1.245,1.2452,1.60,8.80
2010.02.23 08:08:21.683,1.245,1.24515,1.50,6.00
2010.02.23 08:08:21.995,1.245,1.24515,1.50,6.40
2010.02.23 08:08:22.234,1.245,1.24515,1.50,1.00
2010.02.23 08:08:27.561,1.24495,1.24515,9.90,1.00
2010.02.23 08:08:28.689,1.24495,1.24515,9.90,1.00
2010.02.23 08:08:30.162,1.24495,1.24515,5.20,3.60
2010.02.23 08:08:30.423,1.2449,1.2451,4.20,1.60
2010.02.23 08:08:30.862,1.24485,1.24505,12.30,1.60
2010.02.23 08:08:31.219,1.24485,1.24505,1.50,1.60
2010.02.23 08:08:31.839,1.2448,1.245,7.10,1.00
2010.02.23 08:08:32.122,1.2448,1.245,3.10,1.00
2010.02.23 08:08:32.823,1.2448,1.245,1.00,1.60
2010.02.23 08:08:33.113,1.24475,1.245,12.40,1.60
2010.02.23 08:08:33.768,1.2448,1.245,1.60,1.60
2010.02.23 08:08:34.131,1.24475,1.2449,3.10,1.00
2010.02.23 08:08:34.802,1.24475,1.2449,4.70,1.00
2010.02.23 08:08:35.905,1.24475,1.2449,1.60,1.00
2010.02.23 08:08:36.279,1.2447,1.2449,4.80,1.60
2010.02.23 08:08:36.511,1.24465,1.24485,2.30,1.60
2010.02.23 08:08:37.118,1.2446,1.2448,4.90,1.00
2010.02.23 08:08:37.970,1.2446,1.2448,3.10,1.60
2010.02.23 08:08:38.224,1.2446,1.2448,1.50,1.60
2010.02.23 08:08:38.470,1.2446,1.2448,1.70,1.60
2010.02.23 08:08:38.820,1.2446,1.2448,1.50,1.60
2010.02.23 08:08:43.024,1.2446,1.2448,1.50,1.60
2010.02.23 08:08:43.874,1.2446,1.2448,2.10,1.60
2010.02.23 08:08:44.093,1.2446,1.2448,3.10,1.60
2010.02.23 08:08:45.188,1.2446,1.2448,1.50,1.60
2010.02.23 08:08:45.545,1.2446,1.2448,3.90,1.60
2010.02.23 08:08:45.905,1.2446,1.2448,1.50,1.00
2010.02.23 08:08:46.345,1.2446,1.24485,4.70,3.20
2010.02.23 08:08:46.526,1.2446,1.24485,5.50,3.20
2010.02.23 08:08:46.702,1.24465,1.24485,6.70,1.60
2010.02.23 08:08:47.198,1.24465,1.24485,12.30,1.00
2010.02.23 08:08:47.379,1.2447,1.2449,1.50,1.00
2010.02.23 08:08:48.316,1.2447,1.2449,3.10,1.00
2010.02.23 08:08:50.839,1.2447,1.2449,4.70,1.00
2010.02.23 08:08:51.491,1.24475,1.24495,5.20,1.60
2010.02.23 08:08:51.817,1.2448,1.245,3.10,1.60
2010.02.23 08:08:53.114,1.2448,1.245,3.10,1.00
2010.02.23 08:08:53.732,1.2448,1.2449,3.10,1.00
2010.02.23 08:08:54.265,1.24485,1.245,1.50,2.40
2010.02.23 08:08:54.637,1.2449,1.2451,1.50,3.20
2010.02.23 08:08:55.254,1.2449,1.2451,3.10,1.60
2010.02.23 08:08:57.278,1.2449,1.2451,3.10,3.20
2010.02.23 08:08:57.847,1.24485,1.24505,8.30,1.00
2010.02.23 08:08:58.026,1.2449,1.24505,1.50,1.00
2010.02.23 08:09:03.094,1.2449,1.2451,3.20,5.20
2010.02.23 08:09:03.450,1.2449,1.24505,1.50,1.00
2010.02.23 08:09:03.837,1.2449,1.24505,1.50,1.00
2010.02.23 08:09:04.810,1.24485,1.24505,3.90,1.00
2010.02.23 08:09:05.100,1.24485,1.24505,3.10,1.00
2010.02.23 08:09:07.616,1.2448,1.24505,5.50,8.00
2010.02.23 08:09:07.870,1.2448,1.245,3.10,1.00
2010.02.23 08:09:08.123,1.2448,1.245,3.10,1.00
2010.02.23 08:09:08.746,1.24475,1.245,3.90,5.60
2010.02.23 08:09:09.020,1.24475,1.24495,3.10,1.00
2010.02.23 08:09:09.638,1.24475,1.24495,3.10,1.60
2010.02.23 08:09:11.032,1.24475,1.24495,13.50,1.60
2010.02.23 08:09:11.364,1.2448,1.24495,1.60,1.00
2010.02.23 08:09:11.690,1.24475,1.24495,12.80,1.00
2010.02.23 08:09:11.847,1.2448,1.245,1.60,1.60
2010.02.23 08:09:12.446,1.2448,1.245,3.20,1.00
2010.02.23 08:09:12.805,1.2448,1.245,4.80,1.00
2010.02.23 08:09:13.830,1.2448,1.245,5.60,1.00
2010.02.23 08:09:14.531,1.2448,1.245,4.80,1.00
2010.02.23 08:09:15.686,1.24485,1.245,5.20,1.00
2010.02.23 08:09:16.942,1.2448,1.245,4.80,1.00
2010.02.23 08:09:17.703,1.2448,1.245,3.10,1.00
2010.02.23 08:09:18.035,1.2448,1.245,1.90,4.60
2010.02.23 08:09:18.696,1.2448,1.245,1.50,1.60
2010.02.23 08:09:19.058,1.2448,1.2449,1.50,1.00
2010.02.23 08:09:19.794,1.24475,1.2449,5.90,1.00
2010.02.23 08:09:20.155,1.24475,1.2449,1.90,1.00
2010.02.23 08:09:20.486,1.24475,1.2449,1.50,1.00
2010.02.23 08:09:21.633,1.24475,1.2449,3.10,1.00
2010.02.23 08:09:22.904,1.24475,1.2449,1.50,1.00
2010.02.23 08:09:23.714,1.2447,1.2449,5.90,1.00
2010.02.23 08:09:24.079,1.2447,1.2449,4.80,1.00
2010.02.23 08:09:24.427,1.2447,1.2449,5.20,1.00
2010.02.23 08:09:25.441,1.2447,1.24485,3.60,1.00
2010.02.23 08:09:26.001,1.24455,1.24475,16.70,1.00
2010.02.23 08:09:26.923,1.2446,1.24475,1.50,1.00
2010.02.23 08:09:27.966,1.24455,1.24475,15.10,1.00
2010.02.23 08:09:28.269,1.24455,1.24475,15.90,1.00
2010.02.23 08:09:28.579,1.24455,1.24475,16.70,1.00
2010.02.23 08:09:29.829,1.24455,1.24475,15.90,1.00
2010.02.23 08:09:32.072,1.24455,1.24475,16.70,1.00
2010.02.23 08:09:32.642,1.24455,1.24475,15.10,1.00
2010.02.23 08:09:32.805,1.24455,1.24475,16.70,1.00
2010.02.23 08:09:32.964,1.24455,1.24475,15.90,1.00
2010.02.23 08:09:33.123,1.24455,1.24475,13.50,1.00
2010.02.23 08:09:33.293,1.24455,1.24475,7.20,1.00
2010.02.23 08:09:33.798,1.2445,1.24465,1.00,1.00
2010.02.23 08:09:34.150,1.24445,1.24465,5.60,1.00
2010.02.23 08:09:34.850,1.24445,1.24465,3.20,1.00
2010.02.23 08:09:38.067,1.24445,1.24465,3.20,1.60
2010.02.23 08:09:39.465,1.24455,1.24465,5.20,1.00
2010.02.23 08:09:39.841,1.24455,1.2447,5.20,1.60
2010.02.23 08:09:42.364,1.24455,1.2447,5.20,1.60
2010.02.23 08:09:43.681,1.24455,1.2447,5.20,1.60
2010.02.23 08:09:44.753,1.2445,1.2447,1.50,1.60
2010.02.23 08:09:45.529,1.2445,1.2447,3.10,4.00
2010.02.23 08:09:45.902,1.2445,1.2447,3.10,2.40
2010.02.23 08:09:46.640,1.2446,1.2448,3.10,6.00
2010.02.23 08:09:47.016,1.2446,1.2448,3.10,2.40
2010.02.23 08:09:50.365,1.24455,1.2447,3.10,1.00
2010.02.23 08:09:51.027,1.2445,1.2447,3.10,1.00
2010.02.23 08:09:54.547,1.24455,1.24475,5.20,1.60
2010.02.23 08:09:55.068,1.24455,1.2447,5.20,1.00
2010.02.23 08:09:55.640,1.24455,1.2447,5.20,1.60
2010.02.23 08:09:55.852,1.24445,1.24465,14.40,1.00
2010.02.23 08:09:56.207,1.24445,1.24465,14.80,1.00
2010.02.23 08:09:57.119,1.2444,1.2445,4.80,1.00
2010.02.23 08:09:57.227,1.24445,1.2445,1.50,1.00
2010.02.23 08:09:57.336,1.24445,1.2446,1.50,1.00
2010.02.23 08:09:57.443,1.24445,1.2446,1.50,1.00
2010.02.23 08:09:58.106,1.24445,1.2446,3.10,1.00
2010.02.23 08:09:58.469,1.2444,1.2446,3.90,1.00
2010.02.23 08:09:58.826,1.2444,1.2446,3.10,1.00
2010.02.23 08:09:59.903,1.2444,1.2446,1.50,1.60
2010.02.23 08:10:01.304,1.2444,1.2446,1.50,4.00
2010.02.23 08:10:02.156,1.2444,1.2446,1.50,5.60
2010.02.23 08:10:06.958,1.2444,1.2446,3.10,1.00
2010.02.23 08:10:10.186,1.24445,1.2446,1.60,1.00
2010.02.23 08:10:10.409,1.24445,1.24465,3.20,1.60
2010.02.23 08:10:10.876,1.24445,1.2446,3.10,1.00
2010.02.23 08:10:11.934,1.2444,1.2446,4.70,1.00
2010.02.23 08:10:13.985,1.2444,1.2446,3.10,1.00
2010.02.23 08:10:17.252,1.2444,1.2446,3.10,1.60
2010.02.23 08:10:19.761,1.2444,1.2446,3.10,1.00
2010.02.23 08:10:20.065,1.24445,1.24465,6.80,1.60
2010.02.23 08:10:20.364,1.24445,1.2446,3.10,1.00
2010.02.23 08:10:21.018,1.24445,1.24465,3.10,4.00
2010.02.23 08:10:24.053,1.24445,1.24465,3.20,1.60
2010.02.23 08:10:24.246,1.24445,1.24465,8.40,1.60
2010.02.23 08:10:24.780,1.24445,1.24465,10.00,1.60
2010.02.23 08:10:25.678,1.24445,1.24465,3.10,1.60
2010.02.23 08:10:29.167,1.2444,1.2446,1.00,5.60
2010.02.23 08:10:29.522,1.24435,1.2446,4.80,6.40
2010.02.23 08:10:31.533,1.24435,1.24455,3.10,1.00
2010.02.23 08:10:31.637,1.24435,1.24455,3.10,3.60
2010.02.23 08:10:32.131,1.24435,1.24455,3.10,4.40
2010.02.23 08:10:32.282,1.24435,1.24455,1.60,6.80
2010.02.23 08:10:32.749,1.24435,1.24455,1.60,8.00
2010.02.23 08:10:33.117,1.24435,1.24455,3.20,6.40
2010.02.23 08:10:33.830,1.24435,1.24455,3.20,1.00
2010.02.23 08:10:34.197,1.24435,1.2446,3.20,9.60
2010.02.23 08:10:34.933,1.24435,1.24455,4.80,1.00
2010.02.23 08:10:35.292,1.24435,1.24455,3.20,2.80
2010.02.23 08:10:35.991,1.24435,1.24455,3.20,4.40
2010.02.23 08:10:36.700,1.24435,1.24455,3.20,4.40
2010.02.23 08:10:37.361,1.24445,1.24465,5.20,3.20
2010.02.23 08:10:37.545,1.24445,1.24465,9.20,1.60
2010.02.23 08:10:38.069,1.2444,1.2446,6.30,3.20
2010.02.23 08:10:38.256,1.2444,1.2446,5.50,8.00
2010.02.23 08:10:38.434,1.2444,1.2446,3.10,8.00
2010.02.23 08:10:39.828,1.24435,1.2445,3.90,1.00
2010.02.23 08:10:40.201,1.24435,1.24455,3.20,4.80
2010.02.23 08:10:40.918,1.24425,1.2444,1.00,1.60
2010.02.23 08:10:41.245,1.24425,1.24445,1.60,2.00
2010.02.23 08:10:41.565,1.24425,1.24445,3.20,1.00
2010.02.23 08:10:42.311,1.2443,1.2445,4.80,1.00
2010.02.23 08:10:42.639,1.2443,1.2445,4.80,1.00
2010.02.23 08:10:43.449,1.24435,1.2445,3.10,1.00
2010.02.23 08:10:44.993,1.24435,1.24455,4.90,2.40
2010.02.23 08:10:45.303,1.24435,1.2445,3.10,1.00
2010.02.23 08:10:46.008,1.24435,1.2445,4.70,1.00
2010.02.23 08:10:46.315,1.24435,1.2446,4.80,7.20
2010.02.23 08:10:46.606,1.24435,1.2446,4.80,9.60
2010.02.23 08:10:46.898,1.24435,1.2446,4.80,8.80
2010.02.23 08:10:47.839,1.24435,1.24455,3.20,1.00
2010.02.23 08:10:48.315,1.24435,1.24455,3.20,1.60
2010.02.23 08:10:49.168,1.24435,1.24455,3.20,1.60
2010.02.23 08:10:50.466,1.24435,1.2446,8.40,10.40
2010.02.23 08:10:50.796,1.2444,1.2446,3.10,12.80
2010.02.23 08:10:51.939,1.24435,1.2446,10.40,14.40
2010.02.23 08:10:52.126,1.24435,1.2446,10.40,13.60
2010.02.23 08:10:53.590,1.24435,1.24455,10.40,1.00
2010.02.23 08:10:53.953,1.24435,1.2446,10.40,11.20
2010.02.23 08:10:54.402,1.24435,1.2446,12.00,9.60
2010.02.23 08:10:55.157,1.24435,1.2446,10.40,11.20
2010.02.23 08:10:56.156,1.24435,1.2446,10.40,8.00
2010.02.23 08:10:56.732,1.24435,1.24455,10.40,1.60
2010.02.23 08:10:57.376,1.24435,1.24455,8.80,1.60
2010.02.23 08:10:59.023,1.24445,1.24455,1.00,1.60
2010.02.23 08:10:59.196,1.24445,1.24455,1.00,1.00
2010.02.23 08:10:59.375,1.24435,1.24455,12.00,1.00
2010.02.23 08:10:59.714,1.2444,1.24455,1.00,1.00
2010.02.23 08:11:00.667,1.2444,1.24455,1.50,1.00
2010.02.23 08:11:01.071,1.2444,1.2446,1.50,8.00
2010.02.23 08:11:01.277,1.2444,1.2446,6.40,1.60
2010.02.23 08:11:01.852,1.2444,1.24465,8.00,1.60
2010.02.23 08:11:01.990,1.24445,1.24465,3.10,1.00
2010.02.23 08:11:02.696,1.2444,1.2446,8.30,1.60
2010.02.23 08:11:02.882,1.24435,1.24455,9.90,1.00
2010.02.23 08:11:03.361,1.24435,1.24455,9.90,1.00
2010.02.23 08:11:04.511,1.2444,1.2446,1.50,1.60
2010.02.23 08:11:04.867,1.2444,1.2446,3.10,1.60
2010.02.23 08:11:05.686,1.24435,1.2446,13.10,1.00
2010.02.23 08:11:06.399,1.2444,1.2446,3.10,1.00
2010.02.23 08:11:06.776,1.2444,1.2446,3.20,1.00
2010.02.23 08:11:07.484,1.24445,1.24465,3.10,1.00
2010.02.23 08:11:07.932,1.24445,1.24465,3.10,1.00
2010.02.23 08:11:09.399,1.24445,1.24465,8.30,1.00
2010.02.23 08:11:09.708,1.24445,1.24465,9.90,1.00
2010.02.23 08:11:10.243,1.2445,1.2447,4.00,1.00
2010.02.23 08:11:10.919,1.2445,1.2447,5.60,1.00
2010.02.23 08:11:13.903,1.2445,1.2447,3.10,1.00
2010.02.23 08:11:14.920,1.2445,1.2447,1.50,1.00
2010.02.23 08:11:16.486,1.24455,1.2447,5.20,1.60
2010.02.23 08:11:16.755,1.24455,1.2447,5.20,1.00
2010.02.23 08:11:18.562,1.24455,1.24475,10.30,2.40
2010.02.23 08:11:19.014,1.24455,1.24475,10.70,1.60
2010.02.23 08:11:19.379,1.24455,1.24475,9.90,1.60
2010.02.23 08:11:21.546,1.24455,1.24475,12.30,1.60
2010.02.23 08:11:21.790,1.24455,1.24475,13.10,1.60
2010.02.23 08:11:22.240,1.24455,1.24475,14.30,1.60
2010.02.23 08:11:23.617,1.24455,1.24475,13.90,1.60
2010.02.23 08:11:24.013,1.24455,1.24475,14.30,1.60
2010.02.23 08:11:28.268,1.2446,1.2448,2.40,2.50
2010.02.23 08:11:28.890,1.2446,1.2448,1.60,1.60
2010.02.23 08:11:29.429,1.2446,1.2448,1.60,1.70
2010.02.23 08:11:30.061,1.2446,1.24475,1.60,1.60
2010.02.23 08:11:31.573,1.24455,1.24475,10.70,1.60
2010.02.23 08:11:31.865,1.24455,1.24475,9.90,1.60
2010.02.23 08:11:32.156,1.24455,1.24475,10.70,1.60
2010.02.23 08:11:32.655,1.24455,1.24475,9.90,1.60
2010.02.23 08:11:34.002,1.24455,1.24475,6.80,1.60
2010.02.23 08:11:34.546,1.2445,1.2447,8.40,1.00
2010.02.23 08:11:34.902,1.2445,1.2447,7.90,1.00
2010.02.23 08:11:35.839,1.2445,1.2447,7.10,1.00
2010.02.23 08:11:36.831,1.2445,1.2447,5.50,1.00
2010.02.23 08:11:37.427,1.2445,1.2447,1.50,1.60
2010.02.23 08:11:37.667,1.24445,1.2447,13.10,3.20
2010.02.23 08:11:37.903,1.24455,1.2447,5.20,1.60
2010.02.23 08:11:38.262,1.24455,1.2447,5.20,1.60
2010.02.23 08:11:40.530,1.24455,1.2447,5.20,1.00
2010.02.23 08:11:41.801,1.24455,1.24475,6.70,1.60
2010.02.23 08:11:42.840,1.24455,1.2448,13.60,1.60
2010.02.23 08:11:43.085,1.24455,1.2448,12.80,1.60
2010.02.23 08:11:43.330,1.2446,1.2448,1.50,1.60
2010.02.23 08:11:45.504,1.2446,1.2448,3.10,1.60
2010.02.23 08:11:46.960,1.24465,1.2448,6.80,1.00
2010.02.23 08:11:48.106,1.2446,1.2448,7.50,1.00
2010.02.23 08:11:48.634,1.2446,1.2448,7.10,1.00
2010.02.23 08:11:49.352,1.24465,1.24485,1.50,1.60
2010.02.23 08:11:52.352,1.24465,1.24485,3.10,1.60
2010.02.23 08:11:53.883,1.24465,1.24485,5.60,1.60
2010.02.23 08:11:54.242,1.24465,1.2449,7.10,3.20
2010.02.23 08:11:55.552,1.2447,1.2449,1.50,2.40
2010.02.23 08:11:56.911,1.2447,1.2449,4.00,1.60
2010.02.23 08:11:57.092,1.2447,1.2449,5.60,1.60
2010.02.23 08:11:57.277,1.2447,1.2449,3.10,1.60
2010.02.23 08:11:57.726,1.2447,1.2449,1.50,1.60
2010.02.23 08:11:57.905,1.2447,1.2449,1.50,2.40
2010.02.23 08:11:58.676,1.24465,1.24485,12.40,1.00
2010.02.23 08:11:59.056,1.2447,1.2449,5.60,1.60
2010.02.23 08:11:59.800,1.24475,1.2449,1.50,1.00
2010.02.23 08:12:00.862,1.24475,1.2449,1.50,1.00
2010.02.23 08:12:01.314,1.2447,1.2448,3.10,1.00
2010.02.23 08:12:01.570,1.24455,1.24475,8.80,1.00
2010.02.23 08:12:01.815,1.2445,1.24475,7.10,1.60
2010.02.23 08:12:02.054,1.2445,1.2447,3.10,1.60
2010.02.23 08:12:02.509,1.24445,1.24465,14.00,1.60
2010.02.23 08:12:02.699,1.24445,1.2447,14.00,3.20
2010.02.23 08:12:02.881,1.24445,1.2447,14.80,3.20
2010.02.23 08:12:03.246,1.24445,1.24465,14.80,1.60
2010.02.23 08:12:03.804,1.24445,1.24465,15.60,1.60
2010.02.23 08:12:04.122,1.2445,1.2447,1.50,1.60
2010.02.23 08:12:04.428,1.24455,1.2447,1.00,1.60
2010.02.23 08:12:05.081,1.2446,1.2448,1.50,4.80
2010.02.23 08:12:05.440,1.2446,1.2448,1.50,4.00
2010.02.23 08:12:06.048,1.24455,1.24475,6.70,1.60
2010.02.23 08:12:08.084,1.24455,1.2447,5.20,1.00
2010.02.23 08:12:08.732,1.2445,1.2447,1.50,1.60
2010.02.23 08:12:09.022,1.2445,1.24475,7.20,2.40
2010.02.23 08:12:09.287,1.2445,1.24475,8.40,1.60
2010.02.23 08:12:09.690,1.2445,1.24475,7.20,1.60
2010.02.23 08:12:10.046,1.24455,1.24475,1.50,1.60
2010.02.23 08:12:10.406,1.2445,1.2447,6.30,1.00
2010.02.23 08:12:11.044,1.2445,1.2447,1.50,1.60
2010.02.23 08:12:15.450,1.24455,1.2447,5.20,1.00
2010.02.23 08:12:16.987,1.24455,1.24475,6.80,1.60
2010.02.23 08:12:17.338,1.24455,1.24475,8.00,1.60
2010.02.23 08:12:17.386,1.2446,1.24475,1.50,1.00
2010.02.23 08:12:17.817,1.2446,1.2448,1.50,1.60
2010.02.23 08:12:17.912,1.2446,1.2448,1.60,1.60
2010.02.23 08:12:18.051,1.2446,1.2448,1.50,1.60
2010.02.23 08:12:18.518,1.24465,1.2448,5.20,1.60
2010.02.23 08:12:18.893,1.24465,1.2448,5.20,1.60
2010.02.23 08:12:19.307,1.24465,1.2448,8.70,1.60
2010.02.23 08:12:19.681,1.24465,1.24485,7.80,2.40
2010.02.23 08:12:20.491,1.2447,1.2449,4.00,10.40
2010.02.23 08:12:21.297,1.24475,1.2449,5.20,1.00
2010.02.23 08:12:22.706,1.24475,1.2449,5.20,1.60
2010.02.23 08:12:23.361,1.24465,1.24485,13.60,1.00
2010.02.23 08:12:23.717,1.24465,1.24485,14.30,1.00
2010.02.23 08:12:24.068,1.24465,1.24485,7.50,1.00
2010.02.23 08:12:24.328,1.24465,1.24485,11.90,1.60
2010.02.23 08:12:24.585,1.24465,1.24485,6.70,1.60
2010.02.23 08:12:24.975,1.24465,1.24485,4.00,1.60
2010.02.23 08:12:25.262,1.24465,1.24485,9.90,1.60
2010.02.23 08:12:25.527,1.24465,1.24485,11.40,1.60
2010.02.23 08:12:27.434,1.24465,1.24485,13.10,1.60
2010.02.23 08:12:27.518,1.2447,1.24485,1.00,1.00
2010.02.23 08:12:27.583,1.2447,1.24485,2.40,1.00
2010.02.23 08:12:28.068,1.24475,1.2449,11.20,1.00
2010.02.23 08:12:28.188,1.24475,1.24495,12.80,1.60
2010.02.23 08:12:28.611,1.24475,1.24495,14.40,1.60
2010.02.23 08:12:28.978,1.24475,1.245,14.40,1.60
2010.02.23 08:12:29.359,1.2448,1.245,1.50,1.60
2010.02.23 08:12:30.094,1.2448,1.245,3.10,1.60
2010.02.23 08:12:31.283,1.2448,1.245,3.10,1.60
2010.02.23 08:12:31.938,1.24485,1.24505,4.70,8.80
2010.02.23 08:12:32.113,1.24485,1.24505,1.50,5.60
2010.02.23 08:12:32.848,1.2448,1.24495,3.10,1.00
2010.02.23 08:12:35.656,1.2448,1.245,3.90,5.60
2010.02.23 08:12:35.926,1.24475,1.24495,14.40,1.00
2010.02.23 08:12:38.097,1.24475,1.24495,10.80,1.00
2010.02.23 08:12:38.312,1.2448,1.245,1.50,1.60
2010.02.23 08:12:41.860,1.24475,1.24495,12.40,1.00
2010.02.23 08:12:42.103,1.24475,1.24495,12.30,1.00
2010.02.23 08:12:43.671,1.24475,1.24495,4.80,1.00
2010.02.23 08:12:44.025,1.2448,1.245,3.10,3.20
2010.02.23 08:12:44.660,1.2448,1.245,3.10,1.60
2010.02.23 08:12:44.912,1.24475,1.24495,3.20,1.00
2010.02.23 08:12:45.151,1.24475,1.24495,4.80,1.00
2010.02.23 08:12:46.226,1.24475,1.24495,8.40,1.60
2010.02.23 08:12:46.443,1.2448,1.24495,1.50,1.00
2010.02.23 08:12:47.240,1.24485,1.24495,5.20,1.00
2010.02.23 08:12:47.515,1.24485,1.245,5.20,4.00
2010.02.23 08:12:48.038,1.24485,1.24505,5.20,4.00
2010.02.23 08:12:48.307,1.24485,1.24505,5.20,3.20
2010.02.23 08:12:49.055,1.24485,1.24505,8.40,1.00
2010.02.23 08:12:49.418,1.24485,1.24505,10.00,1.00
2010.02.23 08:12:52.570,1.2449,1.24505,1.60,1.00
2010.02.23 08:12:52.866,1.24495,1.24515,1.50,18.00
2010.02.23 08:12:52.939,1.24495,1.24515,1.60,10.00
2010.02.23 08:12:53.431,1.24495,1.24515,1.60,4.80
2010.02.23 08:12:53.780,1.24495,1.24515,4.80,1.60
2010.02.23 08:12:54.568,1.245,1.24515,3.10,1.60
2010.02.23 08:12:54.943,1.24505,1.24515,1.50,1.60
2010.02.23 08:12:55.627,1.24505,1.24515,1.50,1.00
2010.02.23 08:12:56.469,1.24505,1.24515,9.90,1.00
2010.02.23 08:12:57.236,1.24505,1.24515,8.30,1.00
2010.02.23 08:12:57.480,1.24505,1.2452,5.20,1.60
2010.02.23 08:12:58.470,1.24495,1.2451,1.60,1.60
2010.02.23 08:12:58.824,1.24485,1.24505,5.10,1.60
2010.02.23 08:12:59.500,1.2448,1.245,3.10,1.60
2010.02.23 08:12:59.866,1.2448,1.245,4.70,1.60
2010.02.23 08:13:00.835,1.2448,1.245,9.90,1.00
2010.02.23 08:13:01.188,1.2448,1.245,4.70,1.00
2010.02.23 08:13:02.202,1.24485,1.245,5.20,1.00
2010.02.23 08:13:04.344,1.2448,1.245,4.70,1.00
2010.02.23 08:13:04.751,1.2448,1.245,3.10,1.00
2010.02.23 08:13:06.685,1.2448,1.24495,3.10,1.00
2010.02.23 08:13:06.972,1.2448,1.245,3.10,3.20
2010.02.23 08:13:07.968,1.2448,1.24495,3.10,1.00
2010.02.23 08:13:08.080,1.2448,1.24495,3.10,2.40
2010.02.23 08:13:08.186,1.2448,1.24495,1.50,2.80
2010.02.23 08:13:08.698,1.2448,1.2449,1.50,1.00
2010.02.23 08:13:09.063,1.24475,1.24495,3.10,2.00
2010.02.23 08:13:09.547,1.24475,1.24495,3.10,1.60
2010.02.23 08:13:10.264,1.24475,1.24495,3.10,4.80
2010.02.23 08:13:10.937,1.24475,1.2449,3.10,1.00
2010.02.23 08:13:11.328,1.24475,1.24495,1.60,1.60
2010.02.23 08:13:11.686,1.2448,1.24495,1.50,1.00
2010.02.23 08:13:12.093,1.2448,1.245,1.50,1.60
2010.02.23 08:13:13.775,1.2448,1.245,3.10,1.00
2010.02.23 08:13:14.057,1.24475,1.2449,1.60,1.00
2010.02.23 08:13:14.338,1.2448,1.24495,3.10,1.60
2010.02.23 08:13:14.634,1.2448,1.245,3.10,1.00
2010.02.23 08:13:16.326,1.2448,1.24495,3.10,1.00
2010.02.23 08:13:18.329,1.2448,1.24495,4.70,1.00
2010.02.23 08:13:19.461,1.2448,1.245,4.70,1.00
2010.02.23 08:13:19.801,1.2448,1.245,3.10,1.00
2010.02.23 08:13:20.785,1.2448,1.245,1.50,1.60
2010.02.23 08:13:21.650,1.2448,1.245,3.10,1.60
2010.02.23 08:13:22.111,1.2448,1.245,1.50,1.60
2010.02.23 08:13:22.668,1.24475,1.24495,4.70,1.00
2010.02.23 08:13:27.199,1.24475,1.24495,1.60,1.60
2010.02.23 08:13:29.074,1.24475,1.24495,5.60,1.60
2010.02.23 08:13:29.313,1.24485,1.245,1.60,1.60
2010.02.23 08:13:30.082,1.2448,1.245,3.10,1.60
2010.02.23 08:13:32.107,1.2448,1.245,4.70,1.00
2010.02.23 08:13:34.865,1.2448,1.245,4.80,1.00
2010.02.23 08:13:35.133,1.2448,1.245,4.70,1.00
2010.02.23 08:13:36.351,1.2448,1.245,3.10,1.60
2010.02.23 08:13:37.776,1.2448,1.245,1.50,1.60
2010.02.23 08:13:39.196,1.2448,1.245,3.10,1.00
2010.02.23 08:13:39.555,1.2449,1.24505,1.00,3.20
2010.02.23 08:13:40.287,1.24485,1.245,1.50,2.40
2010.02.23 08:13:40.634,1.24485,1.24495,5.20,1.00
2010.02.23 08:13:40.983,1.2448,1.245,4.70,1.00
2010.02.23 08:13:41.606,1.2448,1.245,1.50,1.60
2010.02.23 08:13:42.923,1.2448,1.24495,1.50,1.00
2010.02.23 08:13:47.004,1.24475,1.24495,3.20,1.00
2010.02.23 08:13:47.373,1.24475,1.2449,1.50,1.00
2010.02.23 08:13:48.407,1.24475,1.24495,10.70,1.60
2010.02.23 08:13:48.512,1.24475,1.245,14.40,1.60
2010.02.23 08:13:49.103,1.24475,1.245,14.40,2.40
2010.02.23 08:13:49.198,1.2448,1.245,1.00,2.40
2010.02.23 08:13:49.766,1.24475,1.24495,12.00,1.00
2010.02.23 08:13:50.134,1.24475,1.24495,14.70,1.60
2010.02.23 08:13:50.806,1.2448,1.245,1.50,1.00
2010.02.23 08:13:51.841,1.2448,1.245,1.50,1.60
2010.02.23 08:13:52.211,1.2448,1.24495,1.50,1.00
2010.02.23 08:13:52.953,1.24475,1.2449,1.00,1.00
2010.02.23 08:13:53.270,1.24475,1.24495,1.60,1.60
2010.02.23 08:13:54.052,1.24475,1.24495,4.80,1.00
2010.02.23 08:13:54.802,1.24475,1.245,4.80,4.00
2010.02.23 08:13:55.192,1.24475,1.24495,1.60,1.00
2010.02.23 08:13:55.922,1.24475,1.24495,3.20,1.00
2010.02.23 08:13:56.254,1.24475,1.24495,4.80,1.00
2010.02.23 08:13:57.027,1.24485,1.245,1.00,1.60
2010.02.23 08:13:57.400,1.2447,1.2449,4.80,1.00
2010.02.23 08:13:57.836,1.2447,1.2449,7.20,1.00
2010.02.23 08:13:58.089,1.2447,1.2449,8.00,1.00
2010.02.23 08:13:58.323,1.24475,1.24495,1.50,1.60
2010.02.23 08:13:59.596,1.24475,1.2449,1.50,1.00
2010.02.23 08:13:59.934,1.2447,1.2449,5.60,1.00
2010.02.23 08:14:00.332,1.2447,1.2449,3.90,2.40
2010.02.23 08:14:00.677,1.2447,1.2449,3.10,4.40
2010.02.23 08:14:03.622,1.2447,1.2449,7.20,1.60
2010.02.23 08:14:03.741,1.24475,1.2449,9.50,1.60
2010.02.23 08:14:03.852,1.24475,1.24495,12.80,2.80
2010.02.23 08:14:03.964,1.24475,1.24495,6.00,2.80
2010.02.23 08:14:04.073,1.24475,1.24495,5.90,2.00
2010.02.23 08:14:04.748,1.24475,1.24495,1.50,1.60
2010.02.23 08:14:06.232,1.24475,1.24495,3.10,1.60
2010.02.23 08:14:06.640,1.24475,1.24495,3.20,1.60
2010.02.23 08:14:07.999,1.24475,1.24495,11.20,1.60
2010.02.23 08:14:08.283,1.24475,1.24495,8.30,1.60
2010.02.23 08:14:09.647,1.24475,1.24495,12.80,1.60
2010.02.23 08:14:10.566,1.24475,1.24495,10.40,1.60
2010.02.23 08:14:10.773,1.24475,1.24495,1.50,1.60
2010.02.23 08:14:11.935,1.24475,1.245,3.10,8.80
2010.02.23 08:14:12.364,1.24475,1.24495,3.10,1.60
2010.02.23 08:14:12.727,1.24475,1.24495,3.10,1.00
2010.02.23 08:14:13.427,1.2448,1.24495,1.50,1.00
2010.02.23 08:14:20.026,1.24475,1.24495,3.20,1.60
2010.02.23 08:14:25.299,1.24475,1.24495,3.20,4.00
2010.02.23 08:14:25.945,1.24475,1.24495,3.10,4.80
2010.02.23 08:14:26.767,1.24475,1.24495,3.20,2.40
2010.02.23 08:14:27.258,1.24475,1.24495,3.10,1.60
2010.02.23 08:14:27.506,1.24475,1.24495,3.10,4.80
2010.02.23 08:14:28.155,1.24495,1.2451,5.20,6.50
2010.02.23 08:14:28.400,1.24495,1.24515,6.70,1.00
2010.02.23 08:14:28.950,1.2449,1.2451,4.00,1.00
2010.02.23 08:14:29.731,1.24495,1.24505,1.00,1.00
2010.02.23 08:14:30.102,1.2449,1.2451,1.60,3.20
2010.02.23 08:14:30.729,1.24495,1.2451,10.80,1.00
2010.02.23 08:14:31.062,1.24495,1.24515,10.00,1.00
2010.02.23 08:14:31.759,1.245,1.2452,1.60,2.40
2010.02.23 08:14:32.125,1.245,1.2452,1.50,3.60
2010.02.23 08:14:32.804,1.245,1.2452,1.60,1.00
2010.02.23 08:14:33.063,1.245,1.2452,1.60,1.00
2010.02.23 08:14:33.503,1.245,1.2452,1.60,1.00
2010.02.23 08:14:33.757,1.245,1.2452,1.60,1.20
2010.02.23 08:14:34.115,1.24495,1.24515,3.10,1.00
2010.02.23 08:14:34.611,1.24495,1.24515,3.10,1.20
2010.02.23 08:14:34.972,1.24495,1.24515,1.50,2.80
2010.02.23 08:14:36.042,1.24495,1.2451,1.50,1.00
2010.02.23 08:14:36.317,1.2449,1.2451,4.80,2.80
2010.02.23 08:14:36.750,1.2449,1.24505,1.60,1.00
2010.02.23 08:14:37.022,1.24485,1.24505,3.10,1.00
2010.02.23 08:14:37.320,1.24485,1.245,3.10,1.00
2010.02.23 08:14:37.947,1.2449,1.24505,1.00,1.00
2010.02.23 08:14:38.262,1.2449,1.2451,1.00,2.40
2010.02.23 08:14:38.458,1.2449,1.2451,3.20,2.80
2010.02.23 08:14:40.736,1.2449,1.2451,3.20,1.60
2010.02.23 08:14:42.370,1.2449,1.2451,3.20,2.80
2010.02.23 08:14:42.641,1.2449,1.2451,4.80,2.40
2010.02.23 08:14:43.267,1.24495,1.2451,9.20,1.00
2010.02.23 08:14:43.507,1.24495,1.2452,12.40,2.80
2010.02.23 08:14:44.116,1.24495,1.24515,12.40,1.00
2010.02.23 08:14:45.558,1.24495,1.2452,12.40,3.20
2010.02.23 08:14:45.917,1.24495,1.2452,12.40,2.80
2010.02.23 08:14:46.581,1.24495,1.2452,12.40,1.60
2010.02.23 08:14:47.186,1.245,1.2452,4.70,1.00
2010.02.23 08:14:47.415,1.245,1.24515,1.60,1.00
2010.02.23 08:14:47.575,1.24495,1.24515,14.80,1.00
2010.02.23 08:14:47.732,1.24495,1.24515,8.00,1.00
2010.02.23 08:14:48.728,1.24495,1.24515,7.20,1.00
2010.02.23 08:14:50.883,1.24495,1.2452,7.20,2.40
2010.02.23 08:14:51.069,1.24505,1.2452,1.00,2.80
2010.02.23 08:14:51.246,1.24505,1.2452,1.00,2.40
2010.02.23 08:14:51.788,1.24505,1.2452,1.00,1.60
2010.02.23 08:14:52.502,1.245,1.2452,5.30,1.00
2010.02.23 08:14:53.272,1.24505,1.24525,1.00,3.20
2010.02.23 08:14:53.442,1.24505,1.24525,4.80,3.20
2010.02.23 08:14:53.621,1.2451,1.24525,1.00,1.60
2010.02.23 08:14:54.067,1.2451,1.24525,1.60,1.60
2010.02.23 08:14:54.435,1.24515,1.2453,6.80,8.00
2010.02.23 08:14:55.123,1.24515,1.2454,8.40,6.00
2010.02.23 08:14:55.482,1.24515,1.2454,12.40,5.60
2010.02.23 08:14:55.836,1.24515,1.2454,14.00,5.70
2010.02.23 08:14:56.550,1.24515,1.2454,17.20,1.70
2010.02.23 08:14:56.871,1.2452,1.2454,1.50,1.00
2010.02.23 08:14:57.925,1.2452,1.24535,2.30,1.00
2010.02.23 08:14:58.902,1.2452,1.24535,1.50,1.00
2010.02.23 08:14:59.261,1.24515,1.24535,5.50,1.00
2010.02.23 08:14:59.515,1.24515,1.24535,4.70,1.00
2010.02.23 08:14:59.948,1.2452,1.24535,1.50,1.60
2010.02.23 08:15:00.213,1.24525,1.24545,1.00,9.60
2010.02.23 08:15:00.820,1.24525,1.2455,3.20,12.80
2010.02.23 08:15:01.920,1.2453,1.2455,1.00,11.20
2010.02.23 08:15:02.227,1.2452,1.24545,5.10,5.30
2010.02.23 08:15:02.741,1.2452,1.24545,1.60,6.80
2010.02.23 08:15:03.118,1.2452,1.24545,4.80,8.50
2010.02.23 08:15:03.846,1.24525,1.24545,1.50,6.90
2010.02.23 08:15:04.173,1.24525,1.24545,1.50,6.80
2010.02.23 08:15:04.800,1.24525,1.24545,1.60,7.20
2010.02.23 08:15:05.433,1.24525,1.24545,6.80,4.00
2010.02.23 08:15:05.798,1.24525,1.24545,6.80,1.00
2010.02.23 08:15:06.151,1.2453,1.24545,1.50,1.00
2010.02.23 08:15:06.742,1.2453,1.24555,1.50,21.20
2010.02.23 08:15:07.051,1.2453,1.24555,3.20,17.00
2010.02.23 08:15:08.695,1.2453,1.2455,3.10,9.90
2010.02.23 08:15:09.384,1.2453,1.2455,3.20,10.40
2010.02.23 08:15:09.746,1.2453,1.2455,3.20,9.60
2010.02.23 08:15:12.539,1.2453,1.2455,4.80,7.20
2010.02.23 08:15:12.674,1.2453,1.2455,4.80,9.60
2010.02.23 08:15:13.191,1.2453,1.2455,4.80,9.60
2010.02.23 08:15:15.163,1.2453,1.2455,3.10,9.60
2010.02.23 08:15:15.538,1.2453,1.2455,3.10,6.40
2010.02.23 08:15:16.257,1.2453,1.2455,3.20,10.40
2010.02.23 08:15:16.619,1.2453,1.2455,3.10,6.50
2010.02.23 08:15:17.329,1.2453,1.24545,3.10,1.00
2010.02.23 08:15:18.852,1.24525,1.2455,11.20,8.10
2010.02.23 08:15:18.992,1.24525,1.2455,3.60,9.60
2010.02.23 08:15:19.128,1.24525,1.2455,3.60,10.40
2010.02.23 08:15:19.859,1.2452,1.24545,3.10,14.80
2010.02.23 08:15:20.226,1.2452,1.24545,4.70,15.60
2010.02.23 08:15:20.911,1.2452,1.24535,3.10,1.00
2010.02.23 08:15:21.518,1.24515,1.24535,4.80,1.60
2010.02.23 08:15:22.366,1.24515,1.24535,4.80,2.00
2010.02.23 08:15:22.614,1.24515,1.24535,10.00,1.00
2010.02.23 08:15:22.741,1.24515,1.24535,10.00,1.00
2010.02.23 08:15:22.981,1.2452,1.24535,1.50,1.00
2010.02.23 08:15:23.640,1.2452,1.24545,1.50,11.20
2010.02.23 08:15:23.765,1.2452,1.24545,1.60,11.20
2010.02.23 08:15:24.277,1.2452,1.24545,1.60,12.00
2010.02.23 08:15:24.420,1.2452,1.24545,1.60,9.60
2010.02.23 08:15:24.540,1.2452,1.24545,3.20,9.60
2010.02.23 08:15:24.894,1.2452,1.24545,3.20,8.80
2010.02.23 08:15:25.373,1.2452,1.24545,3.20,8.80
2010.02.23 08:15:25.767,1.2452,1.2454,3.10,2.00
2010.02.23 08:15:25.908,1.24525,1.2454,1.00,2.00
2010.02.23 08:15:26.371,1.24525,1.2454,1.60,2.00
2010.02.23 08:15:26.524,1.24525,1.24545,3.20,7.60
2010.02.23 08:15:28.509,1.24525,1.24545,3.30,7.60
2010.02.23 08:15:28.697,1.24525,1.24545,3.20,5.60
2010.02.23 08:15:28.874,1.24525,1.24545,4.80,4.80
2010.02.23 08:15:29.848,1.24525,1.24545,4.80,6.00
2010.02.23 08:15:30.980,1.24525,1.24545,4.80,4.80
2010.02.23 08:15:31.139,1.24525,1.2454,1.00,1.60
2010.02.23 08:15:31.290,1.24525,1.2455,1.60,9.60
2010.02.23 08:15:31.440,1.24525,1.2455,1.60,8.20
2010.02.23 08:15:34.972,1.24525,1.2455,1.60,9.60
2010.02.23 08:15:35.325,1.24525,1.2455,1.60,8.00
2010.02.23 08:15:35.673,1.24525,1.24545,3.20,4.80
2010.02.23 08:15:36.768,1.24525,1.24545,3.20,5.20
2010.02.23 08:15:36.904,1.24525,1.24545,3.20,6.00
2010.02.23 08:15:37.363,1.24525,1.24545,3.20,6.80
2010.02.23 08:15:37.507,1.24525,1.24545,1.60,6.80
2010.02.23 08:15:37.638,1.24525,1.24545,1.60,7.60
2010.02.23 08:15:40.123,1.24525,1.24545,3.20,7.20
2010.02.23 08:15:40.480,1.24525,1.24545,3.20,7.60
2010.02.23 08:15:40.921,1.24525,1.24545,1.60,7.60
2010.02.23 08:15:43.039,1.24525,1.24545,1.50,7.60
2010.02.23 08:15:43.475,1.2452,1.2454,4.70,1.00
2010.02.23 08:15:43.707,1.2452,1.24545,3.10,8.00
2010.02.23 08:15:44.162,1.24515,1.2454,6.40,6.41
2010.02.23 08:15:44.402,1.24515,1.2454,3.20,8.80
2010.02.23 08:15:44.631,1.24515,1.2454,3.20,9.60
2010.02.23 08:15:44.990,1.24515,1.2454,3.20,7.60
2010.02.23 08:15:45.867,1.24515,1.2454,4.80,7.60
2010.02.23 08:15:46.226,1.24515,1.2454,4.80,7.70
2010.02.23 08:15:46.578,1.24515,1.2454,3.20,7.70
2010.02.23 08:15:46.828,1.24515,1.2454,4.80,7.70
2010.02.23 08:15:47.290,1.24515,1.24535,3.20,1.00
2010.02.23 08:15:48.749,1.24515,1.24535,1.60,1.60
2010.02.23 08:15:49.803,1.24515,1.2453,1.00,1.00
2010.02.23 08:15:50.142,1.2451,1.2453,3.10,2.01
2010.02.23 08:15:50.862,1.2451,1.2453,1.60,2.81
2010.02.23 08:15:51.226,1.2451,1.2453,1.60,2.80
2010.02.23 08:15:51.583,1.24505,1.2453,13.10,2.40
2010.02.23 08:15:52.314,1.24505,1.2453,13.20,2.40
2010.02.23 08:15:52.632,1.24505,1.2453,13.60,2.40
2010.02.23 08:15:53.277,1.24505,1.24525,13.50,1.60
2010.02.23 08:15:53.548,1.24505,1.2452,3.20,1.60
2010.02.23 08:15:53.814,1.24505,1.2452,3.20,1.60
2010.02.23 08:15:54.501,1.24505,1.2452,1.60,1.60
2010.02.23 08:15:54.858,1.24505,1.2452,3.20,1.60
2010.02.23 08:15:55.282,1.24505,1.2452,1.60,1.60
2010.02.23 08:15:55.651,1.24505,1.2452,2.00,1.60
2010.02.23 08:15:56.006,1.24505,1.2452,1.60,1.60
2010.02.23 08:15:56.728,1.24505,1.2452,1.60,1.60
2010.02.23 08:15:57.059,1.24505,1.2452,3.60,1.60
2010.02.23 08:15:57.388,1.24505,1.2452,5.20,1.00
2010.02.23 08:15:58.220,1.24505,1.2452,3.60,1.00
2010.02.23 08:15:58.634,1.24505,1.2452,1.00,1.00
2010.02.23 08:15:59.053,1.24505,1.2452,2.00,1.00
2010.02.23 08:15:59.266,1.24505,1.2452,4.40,1.00
2010.02.23 08:15:59.854,1.24505,1.2452,1.00,1.00
2010.02.23 08:16:00.217,1.245,1.2452,5.10,2.10
2010.02.23 08:16:00.571,1.245,1.2452,5.10,1.60
2010.02.23 08:16:01.014,1.245,1.2452,6.70,1.60
2010.02.23 08:16:01.602,1.245,1.2452,5.10,1.60
2010.02.23 08:16:01.898,1.245,1.2452,3.50,1.60
2010.02.23 08:16:02.198,1.245,1.24515,1.60,1.00
2010.02.23 08:16:03.208,1.245,1.24515,2.80,1.00
2010.02.23 08:16:03.369,1.245,1.24515,3.60,1.00
2010.02.23 08:16:03.450,1.245,1.24515,5.20,1.00
2010.02.23 08:16:03.528,1.245,1.2452,6.70,1.60
2010.02.23 08:16:04.228,1.245,1.2452,5.90,1.60
2010.02.23 08:16:04.582,1.245,1.2452,5.10,1.60
2010.02.23 08:16:05.281,1.245,1.2452,4.70,1.60
2010.02.23 08:16:05.985,1.245,1.2452,5.10,1.60
2010.02.23 08:16:09.190,1.245,1.2452,4.70,1.60
2010.02.23 08:16:09.833,1.245,1.2452,5.10,1.60
2010.02.23 08:16:10.192,1.24505,1.2452,1.00,1.60
2010.02.23 08:16:10.473,1.24505,1.24525,1.00,3.20
2010.02.23 08:16:11.127,1.24505,1.24525,2.80,3.20
2010.02.23 08:16:11.425,1.245,1.24525,7.20,3.20
2010.02.23 08:16:12.011,1.24515,1.24525,1.60,3.20
2010.02.23 08:16:12.705,1.2452,1.2454,13.60,11.60
2010.02.23 08:16:12.836,1.2451,1.24535,6.80,1.61
2010.02.23 08:16:16.349,1.2451,1.24535,6.70,2.41
2010.02.23 08:16:16.493,1.2451,1.24535,6.80,2.41
2010.02.23 08:16:16.896,1.24525,1.24535,5.20,2.40
2010.02.23 08:16:17.255,1.2452,1.2453,1.60,1.60
2010.02.23 08:16:17.656,1.24515,1.24535,5.20,2.40
2010.02.23 08:16:21.663,1.2452,1.24535,1.00,2.40
2010.02.23 08:16:22.861,1.2452,1.24535,1.00,1.60
2010.02.23 08:16:26.793,1.24525,1.24535,1.00,1.60
2010.02.23 08:16:27.150,1.24525,1.24545,1.00,4.01
2010.02.23 08:16:29.856,1.24525,1.2455,3.20,11.20
2010.02.23 08:16:31.210,1.24515,1.2454,4.80,2.01
2010.02.23 08:16:31.484,1.2452,1.2454,3.10,2.40
2010.02.23 08:16:32.111,1.2452,1.2454,3.10,4.40
2010.02.23 08:16:32.394,1.24515,1.2454,5.90,4.00
2010.02.23 08:16:33.008,1.24515,1.24545,10.40,9.60
2010.02.23 08:16:33.249,1.2452,1.24545,3.10,8.80
2010.02.23 08:16:33.842,1.2452,1.24545,3.30,7.31
2010.02.23 08:16:34.221,1.2452,1.2455,3.20,11.60
2010.02.23 08:16:34.585,1.2452,1.2455,4.80,12.40
2010.02.23 08:16:35.274,1.2452,1.24545,4.70,7.20
2010.02.23 08:16:35.601,1.2452,1.2454,4.70,1.60
2010.02.23 08:16:36.558,1.2452,1.2454,4.70,1.00
2010.02.23 08:16:37.200,1.2452,1.2454,4.70,2.40
2010.02.23 08:16:37.858,1.2452,1.2454,1.50,3.20
2010.02.23 08:16:41.207,1.2452,1.2454,4.70,1.60
2010.02.23 08:16:41.580,1.24525,1.24545,1.00,8.00
2010.02.23 08:16:42.194,1.24525,1.24545,3.10,6.40
2010.02.23 08:16:42.485,1.24515,1.24545,4.80,15.60
2010.02.23 08:16:42.939,1.24515,1.2454,4.80,6.00
2010.02.23 08:16:44.257,1.24515,1.2454,4.90,6.60
2010.02.23 08:16:44.682,1.24515,1.2454,4.80,6.40
2010.02.23 08:16:46.559,1.24515,1.24535,4.80,2.00
2010.02.23 08:16:46.913,1.24515,1.24535,4.80,2.00
2010.02.23 08:16:47.581,1.24515,1.24535,4.80,2.40
2010.02.23 08:16:47.897,1.2451,1.24535,9.60,2.00
2010.02.23 08:16:49.310,1.24515,1.24535,3.20,3.20
2010.02.23 08:16:49.850,1.24515,1.2454,3.20,8.40
2010.02.23 08:16:50.122,1.24515,1.2454,3.20,14.40
2010.02.23 08:16:50.979,1.2451,1.24535,3.20,14.50
2010.02.23 08:16:52.336,1.2451,1.2453,3.10,1.00
2010.02.23 08:16:52.624,1.2451,1.2453,1.50,1.00
2010.02.23 08:16:53.109,1.24505,1.24525,3.50,4.40
2010.02.23 08:16:53.214,1.24505,1.24525,3.50,3.20
2010.02.23 08:16:53.310,1.24505,1.24525,3.50,4.80
2010.02.23 08:16:53.905,1.24505,1.24525,3.50,4.40
2010.02.23 08:16:54.282,1.245,1.24525,13.10,4.80
2010.02.23 08:16:55.042,1.24505,1.24525,3.50,4.80
2010.02.23 08:16:55.410,1.24505,1.24525,3.50,5.20
2010.02.23 08:16:55.757,1.24505,1.24525,3.50,6.00
2010.02.23 08:16:56.455,1.24505,1.24525,3.50,5.20
2010.02.23 08:16:56.650,1.24505,1.24525,3.50,6.00
2010.02.23 08:16:57.032,1.24505,1.24525,1.90,7.60
2010.02.23 08:16:57.595,1.24505,1.24525,1.50,7.60
2010.02.23 08:16:57.825,1.245,1.2452,4.70,1.60
2010.02.23 08:16:58.288,1.245,1.2452,3.10,1.60
2010.02.23 08:16:58.807,1.24505,1.24525,1.50,9.80
2010.02.23 08:16:59.143,1.24505,1.24525,1.50,9.20
2010.02.23 08:17:02.861,1.24505,1.24525,1.50,14.40
2010.02.23 08:17:02.901,1.24505,1.2452,1.50,1.60
2010.02.23 08:17:04.531,1.245,1.2452,3.10,7.20
2010.02.23 08:17:04.828,1.245,1.2452,1.50,7.20
2010.02.23 08:17:05.110,1.245,1.2452,1.50,7.20
2010.02.23 08:17:05.883,1.245,1.24515,1.50,1.60
2010.02.23 08:17:06.239,1.245,1.24515,1.50,9.20
2010.02.23 08:17:06.990,1.24495,1.24515,1.00,7.20
2010.02.23 08:17:07.345,1.24495,1.24515,7.20,3.60
2010.02.23 08:17:07.679,1.24495,1.24515,3.20,2.00
2010.02.23 08:17:10.234,1.24495,1.24515,3.20,1.60
2010.02.23 08:17:10.543,1.24495,1.24515,3.20,3.60
2010.02.23 08:17:11.511,1.24495,1.2451,1.50,1.60
2010.02.23 08:17:12.046,1.2449,1.2451,3.20,6.80
2010.02.23 08:17:12.415,1.2449,1.2451,3.10,5.60
2010.02.23 08:17:12.829,1.2449,1.2451,3.10,5.60
2010.02.23 08:17:13.375,1.24485,1.2451,3.10,5.60
2010.02.23 08:17:16.853,1.24485,1.2451,8.30,5.60
2010.02.23 08:17:17.039,1.24485,1.2451,7.50,5.60
2010.02.23 08:17:17.212,1.2449,1.2451,1.00,5.60
2010.02.23 08:17:17.624,1.2449,1.2451,1.00,3.20
2010.02.23 08:17:20.654,1.24485,1.2451,9.90,3.20
2010.02.23 08:17:21.146,1.24485,1.24505,5.90,1.00
2010.02.23 08:17:21.434,1.24485,1.24505,1.50,1.00
2010.02.23 08:17:21.714,1.24485,1.24505,1.50,1.60
2010.02.23 08:17:22.504,1.24485,1.24505,3.10,1.60
2010.02.23 08:17:22.862,1.2449,1.2451,1.00,3.20
2010.02.23 08:17:23.550,1.24485,1.2451,3.10,5.60
2010.02.23 08:17:24.389,1.2449,1.2451,3.30,4.10
2010.02.23 08:17:24.550,1.2449,1.2451,3.20,1.60
2010.02.23 08:17:25.047,1.2449,1.2451,1.60,4.00
2010.02.23 08:17:25.405,1.24485,1.2451,7.10,4.00
2010.02.23 08:17:25.753,1.24485,1.2451,3.10,4.00
2010.02.23 08:17:28.659,1.2449,1.2451,1.00,1.60
2010.02.23 08:17:29.623,1.24485,1.24505,6.00,6.80
2010.02.23 08:17:29.970,1.24485,1.24505,6.00,8.40
2010.02.23 08:17:31.216,1.24485,1.24505,4.80,8.80
2010.02.23 08:17:31.588,1.2448,1.245,13.20,1.00
2010.02.23 08:17:31.802,1.2448,1.245,9.20,1.00
2010.02.23 08:17:33.807,1.24485,1.24505,1.00,8.80
2010.02.23 08:17:34.313,1.24495,1.24505,5.20,1.00
2010.02.23 08:17:34.561,1.24495,1.24515,6.70,4.40
2010.02.23 08:17:34.962,1.24495,1.24515,1.50,3.60
2010.02.23 08:17:35.288,1.24495,1.24515,1.50,3.20
2010.02.23 08:17:35.611,1.2449,1.24515,3.90,5.60
2010.02.23 08:17:35.929,1.2449,1.24515,3.10,5.60
2010.02.23 08:17:37.142,1.2449,1.2451,3.90,1.60
2010.02.23 08:17:37.201,1.2449,1.2451,4.00,1.60
2010.02.23 08:17:37.302,1.2449,1.2451,3.90,1.60
2010.02.23 08:17:37.729,1.2449,1.2451,2.30,1.60
2010.02.23 08:17:37.816,1.2449,1.2451,1.50,2.40
2010.02.23 08:17:40.592,1.2449,1.2451,1.50,4.00
2010.02.23 08:17:41.046,1.2449,1.2451,1.50,5.60
2010.02.23 08:17:42.116,1.2449,1.2451,3.20,1.00
2010.02.23 08:17:42.405,1.2449,1.2451,1.60,1.00
2010.02.23 08:17:44.924,1.2449,1.2451,1.50,2.40
2010.02.23 08:17:45.292,1.24485,1.2451,5.90,2.40
2010.02.23 08:17:46.020,1.24485,1.2451,4.70,4.00
2010.02.23 08:17:47.080,1.24485,1.2451,4.70,2.40
2010.02.23 08:17:47.554,1.24485,1.2451,7.50,1.00
2010.02.23 08:17:47.720,1.2449,1.2451,1.00,1.00
2010.02.23 08:17:49.434,1.2449,1.2451,1.00,1.60
2010.02.23 08:17:50.365,1.24485,1.2451,7.10,1.60
2010.02.23 08:17:50.906,1.24485,1.2451,4.70,4.00
2010.02.23 08:17:51.258,1.24485,1.2451,4.70,5.60
2010.02.23 08:17:52.324,1.24485,1.2451,4.70,6.00
2010.02.23 08:17:52.625,1.24485,1.2451,3.10,8.00
2010.02.23 08:17:52.912,1.24485,1.2451,3.10,7.60
2010.02.23 08:17:54.943,1.2448,1.245,5.60,1.00
2010.02.23 08:17:55.531,1.2448,1.24505,1.60,12.00
2010.02.23 08:17:55.843,1.2448,1.24505,1.60,11.20
2010.02.23 08:17:56.537,1.2448,1.245,1.50,4.10
2010.02.23 08:17:56.850,1.2448,1.245,1.50,6.40
2010.02.23 08:17:57.523,1.2448,1.245,1.50,7.60
2010.02.23 08:17:58.100,1.2448,1.24495,1.50,4.00
2010.02.23 08:17:58.314,1.24475,1.24495,3.10,5.60
2010.02.23 08:17:58.708,1.24475,1.24495,3.10,6.00
2010.02.23 08:17:59.424,1.24475,1.24495,3.30,4.10
2010.02.23 08:18:00.079,1.2449,1.245,1.00,6.00
2010.02.23 08:18:00.440,1.2449,1.24505,3.20,1.20
2010.02.23 08:18:00.911,1.2449,1.2451,4.80,1.00
2010.02.23 08:18:01.268,1.2449,1.2451,4.80,1.00
2010.02.23 08:18:02.001,1.24495,1.2451,3.10,1.00
2010.02.23 08:18:04.089,1.24495,1.2451,1.50,1.00
2010.02.23 08:18:04.168,1.2449,1.2451,5.60,1.00
2010.02.23 08:18:04.249,1.2449,1.2451,4.80,1.00
2010.02.23 08:18:05.103,1.2449,1.2451,3.20,1.00
2010.02.23 08:18:06.830,1.2449,1.2451,3.20,1.60
2010.02.23 08:18:08.360,1.2449,1.24505,3.10,1.00
2010.02.23 08:18:10.238,1.2449,1.24505,3.10,1.60
2010.02.23 08:18:10.591,1.24485,1.24505,3.20,3.20
2010.02.23 08:18:11.772,1.2449,1.2451,6.40,4.40
2010.02.23 08:18:11.970,1.2449,1.2451,4.00,4.40
2010.02.23 08:18:12.169,1.2449,1.2451,3.20,5.20
2010.02.23 08:18:12.559,1.2449,1.2451,3.20,4.40
2010.02.23 08:18:13.070,1.2449,1.2451,3.20,4.00
2010.02.23 08:18:15.956,1.2449,1.2451,3.20,3.20
2010.02.23 08:18:16.441,1.2449,1.2451,4.80,1.60
2010.02.23 08:18:16.761,1.2449,1.24515,4.80,13.20
2010.02.23 08:18:18.137,1.24495,1.24515,1.50,7.20
2010.02.23 08:18:18.243,1.24495,1.24515,3.10,4.80
2010.02.23 08:18:18.336,1.24495,1.24515,3.10,4.40
2010.02.23 08:18:21.559,1.245,1.2452,3.10,1.60
2010.02.23 08:18:21.830,1.245,1.2452,4.80,1.00
2010.02.23 08:18:22.455,1.245,1.24525,3.20,15.20
2010.02.23 08:18:22.726,1.24505,1.24525,3.10,7.60
2010.02.23 08:18:22.953,1.24505,1.24525,3.10,7.90
2010.02.23 08:18:23.932,1.24515,1.24525,5.20,1.90
2010.02.23 08:18:24.239,1.2451,1.2453,1.60,2.81
2010.02.23 08:18:24.525,1.2451,1.2453,1.00,4.01
2010.02.23 08:18:25.300,1.2451,1.2453,1.00,12.00
2010.02.23 08:18:25.660,1.245,1.24525,1.50,13.60
2010.02.23 08:18:26.744,1.24505,1.24525,1.60,5.60
2010.02.23 08:18:27.101,1.24505,1.24525,1.60,3.20
2010.02.23 08:18:27.352,1.24505,1.24525,1.50,3.20
2010.02.23 08:18:28.072,1.24505,1.24525,6.70,3.20
2010.02.23 08:18:28.262,1.24505,1.2452,5.20,1.60
2010.02.23 08:18:28.459,1.2451,1.2452,1.00,1.60
2010.02.23 08:18:29.056,1.2451,1.2452,1.00,1.00
2010.02.23 08:18:29.599,1.24505,1.2452,1.00,1.00
2010.02.23 08:18:30.313,1.24505,1.2452,1.00,1.00
2010.02.23 08:18:31.189,1.245,1.2452,9.30,1.00
2010.02.23 08:18:31.399,1.245,1.2452,3.10,1.00
2010.02.23 08:18:31.760,1.245,1.2452,3.10,1.60
2010.02.23 08:18:32.181,1.245,1.2452,11.90,1.00
2010.02.23 08:18:32.543,1.24505,1.24525,8.40,4.00
2010.02.23 08:18:32.723,1.24505,1.24525,8.40,2.40
2010.02.23 08:18:33.178,1.24505,1.24525,10.00,2.40
2010.02.23 08:18:33.358,1.24505,1.24525,14.00,2.40
2010.02.23 08:18:33.542,1.2451,1.24525,1.00,1.60
2010.02.23 08:18:34.753,1.2451,1.24525,1.00,1.00
2010.02.23 08:18:36.061,1.24515,1.24525,5.20,1.00
2010.02.23 08:18:40.367,1.2451,1.24525,1.00,1.60
2010.02.23 08:18:40.813,1.24505,1.24525,12.80,1.60
2010.02.23 08:18:41.426,1.24505,1.24525,6.00,1.60
2010.02.23 08:18:41.774,1.24505,1.24525,7.60,1.60
2010.02.23 08:18:42.445,1.2452,1.24525,1.00,1.60
2010.02.23 08:18:42.562,1.24525,1.2455,1.00,8.90
2010.02.23 08:18:42.671,1.24525,1.2455,1.00,5.70
2010.02.23 08:18:43.159,1.24525,1.24555,3.20,14.40
2010.02.23 08:18:43.283,1.2452,1.2455,4.80,8.01
2010.02.23 08:18:45.578,1.2452,1.24545,6.80,8.01
2010.02.23 08:18:45.850,1.2452,1.24545,4.80,8.01
2010.02.23 08:18:47.887,1.2452,1.2454,3.20,1.00
2010.02.23 08:18:49.306,1.24525,1.24545,1.00,6.41
2010.02.23 08:18:49.745,1.2452,1.24545,8.40,4.01
2010.02.23 08:18:50.106,1.2452,1.24545,4.80,6.41
2010.02.23 08:18:50.462,1.2452,1.24545,3.20,8.01
2010.02.23 08:18:51.489,1.2452,1.2454,4.80,1.00
2010.02.23 08:18:52.130,1.2452,1.2454,3.20,1.60
2010.02.23 08:18:52.895,1.24525,1.2454,1.50,1.60
2010.02.23 08:18:52.984,1.24525,1.2455,1.60,10.40
2010.02.23 08:18:53.061,1.24525,1.2455,1.60,10.40
2010.02.23 08:18:53.128,1.24525,1.2455,1.60,12.00
2010.02.23 08:18:53.756,1.24525,1.2455,3.20,11.20
2010.02.23 08:18:54.265,1.24525,1.2455,3.20,11.20
2010.02.23 08:18:54.297,1.2453,1.24555,1.50,14.60
2010.02.23 08:18:54.669,1.2453,1.24555,3.10,14.70
2010.02.23 08:18:55.974,1.2453,1.2455,1.50,9.70
2010.02.23 08:18:57.763,1.2453,1.24545,1.50,1.00
2010.02.23 08:18:57.864,1.24525,1.24545,10.00,1.00
2010.02.23 08:18:57.969,1.24525,1.2454,1.60,1.00
2010.02.23 08:18:58.406,1.2452,1.24545,5.60,8.01
2010.02.23 08:18:58.582,1.2452,1.24545,4.80,7.21
2010.02.23 08:18:58.740,1.2452,1.24545,3.20,8.81
2010.02.23 08:18:59.451,1.2452,1.24545,1.60,8.80
2010.02.23 08:19:02.039,1.2452,1.2454,3.10,1.70
2010.02.23 08:19:02.449,1.24515,1.2454,7.60,6.50
2010.02.23 08:19:02.720,1.24515,1.24535,10.80,1.60
2010.02.23 08:19:03.419,1.24515,1.24535,8.40,4.00
2010.02.23 08:19:03.705,1.24515,1.24535,8.30,4.00
2010.02.23 08:19:04.075,1.24515,1.24535,6.80,4.80
2010.02.23 08:19:05.021,1.24515,1.24535,5.20,4.80
2010.02.23 08:19:06.588,1.24515,1.24535,5.60,1.60
2010.02.23 08:19:06.860,1.24515,1.24535,1.50,6.80
2010.02.23 08:19:07.160,1.2451,1.2453,7.60,1.00
2010.02.23 08:19:07.593,1.2451,1.2453,4.70,3.20
2010.02.23 08:19:07.892,1.2451,1.2453,1.50,4.80
2010.02.23 08:19:10.543,1.24505,1.24525,2.30,1.60
2010.02.23 08:19:10.784,1.24505,1.24525,1.50,4.00
2010.02.23 08:19:11.405,1.24505,1.24525,4.30,4.40
2010.02.23 08:19:11.762,1.24505,1.24525,5.10,4.40
2010.02.23 08:19:15.115,1.24505,1.24525,1.50,4.40
2010.02.23 08:19:16.613,1.24505,1.24525,8.30,2.00
2010.02.23 08:19:16.843,1.24505,1.24525,8.30,1.60
2010.02.23 08:19:17.215,1.24505,1.24525,6.70,1.60
2010.02.23 08:19:21.119,1.24505,1.24525,8.30,1.60
2010.02.23 08:19:21.605,1.24505,1.24525,10.00,1.60
2010.02.23 08:19:22.213,1.24505,1.24525,9.90,1.70
2010.02.23 08:19:22.453,1.24505,1.2452,1.60,1.60
2010.02.23 08:19:22.943,1.245,1.2452,1.60,4.00
2010.02.23 08:19:23.166,1.245,1.2452,3.10,4.00
2010.02.23 08:19:24.563,1.245,1.24515,3.10,1.00
2010.02.23 08:19:24.928,1.245,1.2452,3.10,4.00
2010.02.23 08:19:26.752,1.245,1.2452,1.50,4.40
2010.02.23 08:19:26.922,1.245,1.2452,1.50,4.00
2010.02.23 08:19:28.989,1.245,1.2452,1.50,1.60
2010.02.23 08:19:29.138,1.24505,1.2452,5.20,1.60
2010.02.23 08:19:29.293,1.24505,1.24515,5.20,1.00
2010.02.23 08:19:29.383,1.245,1.24515,3.10,1.00
2010.02.23 08:19:29.786,1.24495,1.24515,9.60,2.40
2010.02.23 08:19:30.155,1.24495,1.2451,5.20,1.00
2010.02.23 08:19:31.225,1.24495,1.2451,6.80,1.00
2010.02.23 08:19:33.437,1.24495,1.2451,8.40,1.00
2010.02.23 08:19:34.035,1.24495,1.2452,13.20,1.60
2010.02.23 08:19:34.134,1.245,1.24525,1.60,6.40
2010.02.23 08:19:34.167,1.245,1.24525,3.20,6.40
2010.02.23 08:19:34.564,1.245,1.2452,4.80,2.40
2010.02.23 08:19:34.923,1.24505,1.2452,3.10,1.60
2010.02.23 08:19:35.277,1.24505,1.24525,4.70,4.70
2010.02.23 08:19:35.633,1.24505,1.24525,3.10,4.70
2010.02.23 08:19:36.269,1.24505,1.24525,3.10,5.50
2010.02.23 08:19:36.630,1.24505,1.24525,1.50,7.90
2010.02.23 08:19:37.331,1.245,1.24525,3.20,12.80
2010.02.23 08:19:38.046,1.245,1.24525,4.80,13.10
2010.02.23 08:19:39.368,1.245,1.24525,4.80,13.20
2010.02.23 08:19:39.544,1.245,1.2452,4.70,1.00
2010.02.23 08:19:39.721,1.245,1.2452,4.70,2.40
2010.02.23 08:19:40.151,1.245,1.2452,4.70,1.00
2010.02.23 08:19:40.463,1.245,1.24525,4.80,12.20
2010.02.23 08:19:40.757,1.245,1.24525,4.80,13.60
2010.02.23 08:19:41.708,1.245,1.2452,3.20,4.00
2010.02.23 08:19:42.022,1.245,1.2452,3.10,4.00
2010.02.23 08:19:42.692,1.245,1.2452,3.10,4.80
2010.02.23 08:19:42.976,1.245,1.2452,3.20,2.40
2010.02.23 08:19:43.238,1.245,1.2452,3.20,1.60
2010.02.23 08:19:44.244,1.245,1.24525,3.20,14.40
2010.02.23 08:19:44.535,1.245,1.24525,4.80,12.80
2010.02.23 08:19:44.818,1.245,1.24525,4.80,12.30
2010.02.23 08:19:45.106,1.245,1.24525,8.80,7.80
2010.02.23 08:19:45.817,1.24505,1.24525,3.10,4.60
2010.02.23 08:19:46.178,1.24505,1.24525,3.10,5.40
2010.02.23 08:19:46.533,1.24505,1.24525,3.10,4.60
2010.02.23 08:19:47.256,1.24505,1.24525,3.10,6.20
2010.02.23 08:19:47.409,1.24505,1.24525,3.20,5.80
2010.02.23 08:19:47.558,1.24505,1.24525,3.10,5.40
2010.02.23 08:19:48.008,1.24505,1.24525,3.30,3.00
2010.02.23 08:19:48.501,1.24505,1.24525,4.80,2.60
2010.02.23 08:19:48.691,1.2451,1.2453,1.50,6.70
2010.02.23 08:19:49.251,1.2451,1.2453,1.60,3.60
2010.02.23 08:19:49.437,1.24505,1.2453,13.20,3.60
2010.02.23 08:19:49.622,1.24505,1.2453,10.00,6.00
2010.02.23 08:19:50.116,1.2451,1.24525,1.00,1.00
2010.02.23 08:19:50.473,1.24505,1.24525,10.00,1.00
2010.02.23 08:19:51.790,1.2451,1.24525,1.00,1.00
2010.02.23 08:19:53.203,1.2451,1.2453,1.60,3.20
2010.02.23 08:19:53.339,1.2451,1.2453,1.60,1.60
2010.02.23 08:19:53.585,1.2451,1.2453,1.60,2.80
2010.02.23 08:19:54.517,1.2451,1.24525,1.00,1.00
2010.02.23 08:19:58.882,1.24505,1.24525,17.30,1.00
2010.02.23 08:19:59.024,1.24505,1.24525,14.80,1.00
2010.02.23 08:19:59.176,1.24505,1.24525,10.00,1.00
2010.02.23 08:19:59.597,1.2451,1.24525,1.00,1.00
2010.02.23 08:20:01.425,1.24505,1.24525,7.60,1.00
2010.02.23 08:20:01.715,1.24505,1.24525,4.80,1.00
2010.02.23 08:20:02.004,1.24505,1.24525,4.80,1.60
2010.02.23 08:20:04.547,1.24505,1.24525,4.80,2.40
2010.02.23 08:20:04.766,1.24505,1.24525,4.80,1.60
2010.02.23 08:20:04.991,1.2451,1.24525,1.50,2.40
2010.02.23 08:20:05.506,1.2451,1.24525,1.50,1.00
2010.02.23 08:20:05.856,1.24505,1.24525,3.60,4.80
2010.02.23 08:20:07.585,1.24505,1.24525,5.30,4.80
2010.02.23 08:20:08.054,1.24505,1.24525,5.20,4.80
2010.02.23 08:20:08.263,1.24505,1.24525,3.60,4.80
2010.02.23 08:20:08.463,1.24505,1.24525,5.20,5.60
2010.02.23 08:20:09.045,1.24505,1.24525,3.60,6.40
2010.02.23 08:20:09.352,1.24505,1.24525,3.60,6.80
2010.02.23 08:20:10.422,1.24505,1.24525,3.70,6.00
2010.02.23 08:20:10.786,1.24505,1.24525,3.60,5.60
2010.02.23 08:20:11.422,1.24505,1.24525,3.60,6.40
2010.02.23 08:20:11.730,1.24505,1.24525,3.60,6.40
2010.02.23 08:20:12.326,1.24505,1.24525,3.70,5.60
2010.02.23 08:20:12.761,1.24505,1.24525,5.30,5.60
2010.02.23 08:20:12.881,1.24505,1.24525,5.20,4.80
2010.02.23 08:20:12.995,1.24505,1.24525,5.20,4.80
2010.02.23 08:20:13.448,1.24505,1.24525,3.60,5.60
2010.02.23 08:20:13.557,1.24505,1.24525,3.60,6.40
2010.02.23 08:20:15.916,1.24505,1.24525,3.70,4.80
2010.02.23 08:20:17.799,1.24505,1.24525,3.60,6.40
2010.02.23 08:20:18.892,1.24505,1.24525,3.70,6.40
2010.02.23 08:20:19.970,1.24505,1.24525,3.60,6.40
2010.02.23 08:20:21.331,1.24505,1.24525,5.20,6.40
2010.02.23 08:20:22.503,1.24505,1.24525,5.30,6.40
2010.02.23 08:20:23.104,1.24505,1.24525,5.30,5.60
2010.02.23 08:20:23.321,1.24505,1.24525,5.30,4.80
2010.02.23 08:20:24.107,1.24505,1.24525,5.20,4.90
2010.02.23 08:20:24.208,1.24505,1.24525,2.10,6.00
2010.02.23 08:20:24.443,1.24505,1.2452,1.00,2.00
2010.02.23 08:20:24.856,1.24505,1.2452,1.00,6.00
2010.02.23 08:20:25.270,1.245,1.24515,1.50,5.60
2010.02.23 08:20:25.694,1.24495,1.24505,1.60,1.00
2010.02.23 08:20:26.063,1.24485,1.245,5.10,1.00
2010.02.23 08:20:26.535,1.24485,1.245,4.70,1.00
2010.02.23 08:20:27.471,1.24485,1.245,9.90,1.00
2010.02.23 08:20:27.851,1.2449,1.2451,7.20,2.00
2010.02.23 08:20:29.194,1.2449,1.24515,7.20,3.20
2010.02.23 08:20:29.413,1.24495,1.24515,3.10,2.80
2010.02.23 08:20:29.631,1.24495,1.24515,9.90,2.40
2010.02.23 08:20:30.207,1.24495,1.24515,8.30,1.20
2010.02.23 08:20:30.560,1.24495,1.24515,8.30,1.00
2010.02.23 08:20:31.439,1.24495,1.24515,8.30,2.80
2010.02.23 08:20:32.022,1.24495,1.24515,8.30,4.00
2010.02.23 08:20:32.206,1.24495,1.24515,6.70,1.60
2010.02.23 08:20:32.696,1.24495,1.24515,9.90,1.00
2010.02.23 08:20:41.490,1.24495,1.24515,8.30,1.00
2010.02.23 08:20:42.650,1.24495,1.24515,6.70,1.60
2010.02.23 08:20:43.466,1.245,1.24515,1.60,1.00
2010.02.23 08:20:43.593,1.245,1.2452,1.60,1.60
2010.02.23 08:20:44.128,1.245,1.2452,3.20,1.60
2010.02.23 08:20:44.261,1.245,1.2452,4.80,1.60
2010.02.23 08:20:44.390,1.245,1.2452,3.10,1.60
2010.02.23 08:20:44.523,1.245,1.2452,3.10,4.00
2010.02.23 08:20:45.769,1.2451,1.2452,1.00,1.60
2010.02.23 08:20:46.133,1.2451,1.2453,4.80,1.00
2010.02.23 08:20:48.092,1.24515,1.24535,1.50,6.40
2010.02.23 08:20:48.995,1.2451,1.24535,4.80,8.00
2010.02.23 08:20:49.235,1.2451,1.24535,10.80,3.60
2010.02.23 08:20:52.556,1.2451,1.24535,4.80,4.80
2010.02.23 08:20:53.370,1.2451,1.2453,4.70,4.00
2010.02.23 08:20:53.934,1.24505,1.24525,12.40,1.00
2010.02.23 08:20:55.130,1.245,1.24525,7.20,4.00
2010.02.23 08:20:55.488,1.245,1.2452,7.20,1.60
2010.02.23 08:20:59.988,1.24505,1.2452,2.40,1.60
2010.02.23 08:21:00.346,1.245,1.2452,7.20,1.60
2010.02.23 08:21:00.703,1.245,1.2452,9.20,1.60
2010.02.23 08:21:01.426,1.245,1.2452,7.20,1.60
2010.02.23 08:21:03.702,1.245,1.2452,5.90,1.60
2010.02.23 08:21:03.794,1.245,1.2452,4.70,1.60
2010.02.23 08:21:06.885,1.245,1.2452,3.10,1.60
2010.02.23 08:21:07.277,1.245,1.2452,1.50,1.60
2010.02.23 08:21:11.287,1.245,1.24515,1.50,1.00
2010.02.23 08:21:12.020,1.24495,1.24515,10.70,2.80
2010.02.23 08:21:12.272,1.24495,1.2451,1.50,1.00
2010.02.23 08:21:17.875,1.24495,1.24515,1.50,1.00
2010.02.23 08:21:18.422,1.24495,1.24515,9.60,1.00
2010.02.23 08:21:18.851,1.24495,1.2452,10.40,2.40
2010.02.23 08:21:19.068,1.24495,1.2452,14.40,1.60
2010.02.23 08:21:20.142,1.24495,1.24515,10.70,1.60
2010.02.23 08:21:20.523,1.24495,1.24515,10.70,1.70
2010.02.23 08:21:21.257,1.24495,1.24515,10.70,1.60
2010.02.23 08:21:22.283,1.24495,1.24515,9.90,1.60
2010.02.23 08:21:22.470,1.24495,1.24515,10.00,1.60
2010.02.23 08:21:22.985,1.24495,1.24515,12.40,1.60
2010.02.23 08:21:23.084,1.24495,1.24515,14.40,1.60
2010.02.23 08:21:26.030,1.24495,1.2452,14.40,1.60
2010.02.23 08:21:28.682,1.245,1.2452,1.50,1.60
2010.02.23 08:21:28.983,1.245,1.2452,1.60,1.60
2010.02.23 08:21:29.091,1.24505,1.2452,5.20,1.00
2010.02.23 08:21:29.576,1.24505,1.24525,5.20,2.40
2010.02.23 08:21:29.910,1.24505,1.24525,5.20,1.60
2010.02.23 08:21:30.633,1.24505,1.24525,10.80,1.60
2010.02.23 08:21:30.991,1.24505,1.24525,6.70,1.60
2010.02.23 08:21:31.719,1.245,1.24525,6.30,4.50
2010.02.23 08:21:32.083,1.245,1.2452,3.90,1.60
2010.02.23 08:21:33.540,1.24495,1.2452,13.90,4.00
2010.02.23 08:21:33.604,1.24495,1.2452,12.30,4.00
2010.02.23 08:21:33.719,1.24495,1.2452,11.50,4.80
2010.02.23 08:21:33.782,1.2449,1.24515,15.10,1.00
2010.02.23 08:21:34.262,1.24495,1.2452,13.60,2.40
2010.02.23 08:21:34.349,1.24495,1.2452,14.40,1.60
2010.02.23 08:21:34.510,1.245,1.2452,1.00,1.60
2010.02.23 08:21:35.614,1.24495,1.2452,14.40,1.60
2010.02.23 08:21:36.705,1.24495,1.2451,11.50,1.00
2010.02.23 08:21:36.961,1.24495,1.24515,11.10,1.00
2010.02.23 08:21:37.547,1.24495,1.24515,12.70,1.00
2010.02.23 08:21:38.159,1.245,1.2452,1.50,1.60
2010.02.23 08:21:38.883,1.245,1.2452,3.10,1.60
2010.02.23 08:21:40.308,1.245,1.2452,3.10,2.00
2010.02.23 08:21:43.968,1.245,1.24515,3.10,1.00
2010.02.23 08:21:44.999,1.24495,1.24515,4.00,1.00
2010.02.23 08:21:45.370,1.24505,1.24515,5.20,1.60
2010.02.23 08:21:45.898,1.24505,1.2452,5.20,1.60
2010.02.23 08:21:46.251,1.24505,1.24525,6.70,4.80
2010.02.23 08:21:46.599,1.24505,1.24525,6.70,4.40
2010.02.23 08:21:47.630,1.24505,1.2452,5.20,1.00
2010.02.23 08:21:47.913,1.24505,1.24515,5.20,1.00
2010.02.23 08:21:49.612,1.24505,1.24515,5.20,1.00
2010.02.23 08:21:49.804,1.24505,1.24515,7.60,1.00
2010.02.23 08:21:49.991,1.2451,1.24525,1.00,3.20
2010.02.23 08:21:50.426,1.2451,1.24525,1.00,1.60
2010.02.23 08:21:50.789,1.24505,1.24525,12.40,1.00
2010.02.23 08:21:51.141,1.2451,1.2453,1.50,4.80
2010.02.23 08:21:51.881,1.2451,1.2453,5.60,1.60
2010.02.23 08:21:52.655,1.24515,1.24535,5.20,3.20
2010.02.23 08:21:52.988,1.24515,1.24535,6.70,4.00
2010.02.23 08:21:53.674,1.2451,1.24535,4.70,5.60
2010.02.23 08:21:53.943,1.24515,1.24535,5.20,2.01
2010.02.23 08:21:54.587,1.24515,1.2454,8.30,5.60
2010.02.23 08:21:54.925,1.24515,1.2454,3.10,5.20
2010.02.23 08:21:55.275,1.2451,1.24535,3.20,11.20
2010.02.23 08:21:55.760,1.24515,1.2453,6.80,1.00
2010.02.23 08:21:56.749,1.24515,1.2453,6.80,1.00
2010.02.23 08:21:57.345,1.24515,1.2453,7.60,1.00
2010.02.23 08:21:57.712,1.24515,1.2453,5.20,1.00
2010.02.23 08:21:59.370,1.2451,1.2453,11.20,1.00
2010.02.23 08:22:00.217,1.24505,1.24525,12.80,1.00
2010.02.23 08:22:00.505,1.24505,1.2453,12.40,4.40
2010.02.23 08:22:01.188,1.24505,1.24525,10.00,1.00
2010.02.23 08:22:01.536,1.2451,1.24525,1.50,1.00
2010.02.23 08:22:03.699,1.24505,1.24525,3.20,3.20
2010.02.23 08:22:04.658,1.24505,1.24525,3.20,2.80
2010.02.23 08:22:05.252,1.24505,1.24525,3.20,4.40
2010.02.23 08:22:06.175,1.24505,1.24525,4.80,4.40
2010.02.23 08:22:08.968,1.24505,1.24525,4.80,5.20
2010.02.23 08:22:09.277,1.24505,1.24525,3.20,5.20
2010.02.23 08:22:10.492,1.24505,1.24525,1.50,7.60
2010.02.23 08:22:10.854,1.24505,1.2452,1.50,3.20
2010.02.23 08:22:11.350,1.245,1.2452,4.70,3.90
2010.02.23 08:22:11.669,1.245,1.2452,4.80,3.00
2010.02.23 08:22:12.704,1.24495,1.24515,4.70,2.40
2010.02.23 08:22:13.055,1.24495,1.24515,4.80,3.20
2010.02.23 08:22:13.679,1.24495,1.24515,4.80,1.00
2010.02.23 08:22:14.207,1.24495,1.2452,4.80,3.40
2010.02.23 08:22:14.416,1.245,1.2452,1.60,3.40
2010.02.23 08:22:14.843,1.245,1.2452,3.10,3.40
2010.02.23 08:22:16.741,1.245,1.24515,1.50,2.90
2010.02.23 08:22:20.074,1.245,1.2452,1.50,5.00
2010.02.23 08:22:23.810,1.245,1.24515,1.50,2.40
2010.02.23 08:22:24.389,1.24495,1.24515,8.70,2.40
2010.02.23 08:22:24.578,1.24495,1.24515,4.70,2.40
2010.02.23 08:22:25.298,1.24495,1.24515,3.10,2.40
2010.02.23 08:22:25.662,1.2449,1.2451,4.70,3.00
2010.02.23 08:22:26.719,1.2449,1.2451,4.70,4.60
2010.02.23 08:22:27.553,1.2449,1.2451,3.10,4.60
2010.02.23 08:22:28.188,1.2449,1.24505,1.60,1.00
2010.02.23 08:22:28.580,1.24485,1.24505,14.60,1.00
2010.02.23 08:22:29.296,1.24485,1.24505,14.50,1.00
2010.02.23 08:22:30.835,1.24485,1.24505,14.60,1.00
2010.02.23 08:22:31.137,1.24495,1.24505,5.20,1.00
2010.02.23 08:22:31.552,1.24495,1.2451,5.20,3.00
2010.02.23 08:22:31.791,1.24495,1.2451,5.20,1.60
2010.02.23 08:22:32.870,1.2449,1.2451,4.70,2.40
2010.02.23 08:22:33.227,1.2449,1.2451,4.70,3.00
2010.02.23 08:22:33.938,1.24495,1.2451,6.80,1.00
2010.02.23 08:22:34.056,1.24495,1.2451,6.80,1.00
2010.02.23 08:22:34.176,1.2449,1.24505,11.90,1.00
2010.02.23 08:22:34.701,1.2449,1.245,4.80,2.40
2010.02.23 08:22:34.835,1.24475,1.24495,6.80,4.70
2010.02.23 08:22:34.946,1.24475,1.24495,3.20,4.70
2010.02.23 08:22:35.366,1.2447,1.24485,9.50,1.00
2010.02.23 08:22:35.729,1.2447,1.2449,1.60,4.70
2010.02.23 08:22:36.085,1.2447,1.2449,4.80,4.70
2010.02.23 08:22:36.974,1.24475,1.2449,5.20,2.30
2010.02.23 08:22:37.251,1.2447,1.2449,1.50,3.50
2010.02.23 08:22:37.619,1.2447,1.2449,3.10,3.50
2010.02.23 08:22:38.147,1.24475,1.2449,5.20,1.10
2010.02.23 08:22:38.504,1.24475,1.2449,5.20,1.00
2010.02.23 08:22:39.838,1.24475,1.2449,6.70,1.00
2010.02.23 08:22:40.041,1.24475,1.24495,6.70,4.40
2010.02.23 08:22:40.252,1.24475,1.24495,6.70,4.00
2010.02.23 08:22:42.086,1.24475,1.24495,5.20,4.00
2010.02.23 08:22:43.473,1.24475,1.24495,5.20,4.40
2010.02.23 08:22:43.604,1.24475,1.24495,5.20,4.80
2010.02.23 08:22:43.875,1.24475,1.24495,5.20,4.00
2010.02.23 08:22:44.544,1.24475,1.24495,5.20,5.20
2010.02.23 08:22:44.752,1.24475,1.24495,5.20,5.20
2010.02.23 08:22:45.546,1.24475,1.24495,9.90,1.60
2010.02.23 08:22:45.908,1.24485,1.24505,1.60,13.20
2010.02.23 08:22:46.669,1.2449,1.24505,1.50,2.80
2010.02.23 08:22:47.018,1.24485,1.24505,3.10,4.00
2010.02.23 08:22:48.884,1.24485,1.245,3.10,2.40
2010.02.23 08:22:49.195,1.2448,1.245,3.10,3.00
2010.02.23 08:22:50.159,1.2448,1.24505,3.10,8.00
2010.02.23 08:22:50.525,1.2448,1.245,3.10,3.00
2010.02.23 08:22:50.880,1.2448,1.24495,3.10,1.00
2010.02.23 08:22:52.372,1.24475,1.2449,3.10,1.00
2010.02.23 08:22:53.040,1.2447,1.2449,3.20,3.40
2010.02.23 08:22:54.218,1.24475,1.24495,1.60,8.30
2010.02.23 08:22:54.669,1.24475,1.24495,1.60,6.70
2010.02.23 08:22:55.939,1.24475,1.2449,5.20,1.00
2010.02.23 08:22:57.019,1.2447,1.2449,3.10,3.50
2010.02.23 08:22:57.840,1.2447,1.2449,1.50,5.10
2010.02.23 08:22:58.379,1.24475,1.2449,5.20,2.70
2010.02.23 08:22:58.567,1.24475,1.2449,5.20,1.60
2010.02.23 08:22:58.912,1.2447,1.2449,3.50,4.10
2010.02.23 08:22:59.471,1.2447,1.24485,1.50,1.00
2010.02.23 08:22:59.658,1.24465,1.24485,13.50,1.00
2010.02.23 08:23:00.315,1.24475,1.2449,5.20,1.60
2010.02.23 08:23:00.681,1.24475,1.2449,5.20,1.00
2010.02.23 08:23:01.029,1.24475,1.2449,6.70,1.00
2010.02.23 08:23:01.446,1.24475,1.2449,5.20,1.00
2010.02.23 08:23:06.900,1.2447,1.2449,1.50,1.60
2010.02.23 08:23:07.270,1.24475,1.2449,5.20,1.60
2010.02.23 08:23:10.984,1.24475,1.2449,5.20,1.00
2010.02.23 08:23:12.404,1.24475,1.24495,7.50,1.60
2010.02.23 08:23:12.698,1.2448,1.245,1.50,6.40
2010.02.23 08:23:13.420,1.2448,1.24505,1.50,10.40
2010.02.23 08:23:17.593,1.2448,1.245,1.50,4.00
2010.02.23 08:23:17.871,1.2448,1.245,4.00,2.40
2010.02.23 08:23:18.698,1.2448,1.245,8.00,2.40
2010.02.23 08:23:19.132,1.2448,1.245,8.80,2.40
2010.02.23 08:23:19.355,1.2448,1.245,9.20,2.40
2010.02.23 08:23:19.999,1.2448,1.245,10.80,2.40
2010.02.23 08:23:20.327,1.24495,1.24505,5.20,3.20
2010.02.23 08:23:20.998,1.24495,1.24515,6.70,1.60
2010.02.23 08:23:21.359,1.24495,1.24515,9.10,1.60
2010.02.23 08:23:22.034,1.24505,1.24515,7.60,1.00
2010.02.23 08:23:22.390,1.24505,1.2452,7.60,1.60
2010.02.23 08:23:23.215,1.245,1.2452,1.60,1.60
2010.02.23 08:23:23.514,1.245,1.24515,1.00,1.00
2010.02.23 08:23:24.574,1.24495,1.24515,14.50,1.00
2010.02.23 08:23:24.903,1.24495,1.24515,1.00,1.60
2010.02.23 08:23:25.348,1.2449,1.2451,9.50,1.00
2010.02.23 08:23:25.704,1.2449,1.2451,3.10,1.60
2010.02.23 08:23:26.506,1.2449,1.24505,1.50,1.00
2010.02.23 08:23:26.864,1.24485,1.24505,12.30,1.00
2010.02.23 08:23:27.274,1.24485,1.24505,4.70,2.40
2010.02.23 08:23:27.644,1.2448,1.24495,3.10,1.00
2010.02.23 08:23:28.739,1.24485,1.24505,1.60,3.20
2010.02.23 08:23:28.949,1.24485,1.24505,1.60,1.60
2010.02.23 08:23:29.386,1.24485,1.24505,6.80,1.60
2010.02.23 08:23:29.606,1.24485,1.24505,8.30,1.00
2010.02.23 08:23:30.400,1.24485,1.245,5.20,1.00
2010.02.23 08:23:33.865,1.2448,1.245,3.10,1.00
2010.02.23 08:23:35.601,1.2448,1.24495,1.50,1.00
2010.02.23 08:23:36.901,1.2448,1.245,1.50,1.60
2010.02.23 08:23:37.428,1.2448,1.245,1.50,1.00
2010.02.23 08:23:37.765,1.24485,1.24505,1.00,6.41
2010.02.23 08:23:38.473,1.2449,1.24505,1.50,1.60
2010.02.23 08:23:38.599,1.2449,1.24505,1.50,1.00
2010.02.23 08:23:39.850,1.2449,1.24505,1.50,1.00
2010.02.23 08:23:40.195,1.2449,1.2451,3.90,1.60
2010.02.23 08:23:40.837,1.2449,1.24505,3.10,1.00
2010.02.23 08:23:41.504,1.2449,1.24505,1.50,1.00
2010.02.23 08:23:43.967,1.2449,1.2451,1.50,1.60
2010.02.23 08:23:45.480,1.2449,1.24505,1.50,1.00
2010.02.23 08:23:46.874,1.24485,1.24505,7.60,1.00
2010.02.23 08:23:47.228,1.24485,1.24505,1.60,1.00
2010.02.23 08:23:48.151,1.24485,1.24505,1.60,1.60
2010.02.23 08:23:49.019,1.24485,1.245,1.60,2.40
2010.02.23 08:23:49.157,1.2448,1.24495,1.50,1.00
2010.02.23 08:23:49.509,1.2448,1.245,1.50,1.00
2010.02.23 08:23:49.962,1.2448,1.245,1.50,1.00
2010.02.23 08:23:50.321,1.24485,1.245,1.00,1.00
2010.02.23 08:23:52.172,1.2448,1.245,1.50,1.00
2010.02.23 08:23:52.520,1.24475,1.2449,2.40,1.60
2010.02.23 08:23:53.165,1.24475,1.2449,1.60,1.60
2010.02.23 08:23:53.498,1.24465,1.2449,14.80,1.60
2010.02.23 08:23:56.505,1.24465,1.24485,11.60,1.00
2010.02.23 08:23:56.867,1.24465,1.2449,12.80,1.60
2010.02.23 08:23:57.134,1.24465,1.2449,12.80,2.00
2010.02.23 08:23:58.006,1.2447,1.2449,1.50,1.60
2010.02.23 08:23:58.151,1.2447,1.2449,1.60,1.60
2010.02.23 08:23:58.298,1.2447,1.2449,3.20,1.00
2010.02.23 08:23:58.708,1.2447,1.2449,4.80,1.00
2010.02.23 08:23:58.857,1.24485,1.2449,1.00,1.00
2010.02.23 08:23:59.084,1.2448,1.245,2.40,2.40
2010.02.23 08:23:59.312,1.2448,1.245,1.50,4.00
2010.02.23 08:24:01.405,1.2448,1.245,4.50,1.60
2010.02.23 08:24:01.823,1.2448,1.245,1.50,4.00
2010.02.23 08:24:02.579,1.24485,1.245,1.00,1.60
2010.02.23 08:24:02.848,1.2448,1.245,4.50,1.60
2010.02.23 08:24:03.397,1.24485,1.245,1.00,1.60
2010.02.23 08:24:03.884,1.2448,1.245,4.50,1.60
2010.02.23 08:24:04.013,1.2448,1.245,4.50,1.60
2010.02.23 08:24:04.145,1.2448,1.245,2.10,1.60
2010.02.23 08:24:04.587,1.24475,1.24495,3.90,1.00
2010.02.23 08:24:04.752,1.24475,1.24495,3.10,1.00
2010.02.23 08:24:04.913,1.24475,1.24495,3.10,1.60
2010.02.23 08:24:05.336,1.24475,1.24495,3.10,4.00
2010.02.23 08:24:05.507,1.24475,1.24495,3.10,6.40
2010.02.23 08:24:05.672,1.24475,1.24495,3.20,6.40
2010.02.23 08:24:06.326,1.24475,1.24495,3.10,8.00
2010.02.23 08:24:07.028,1.24475,1.24495,3.10,2.50
2010.02.23 08:24:07.388,1.24475,1.24495,10.00,1.60
2010.02.23 08:24:07.889,1.24475,1.24495,8.40,1.60
2010.02.23 08:24:08.003,1.24475,1.24495,8.30,1.60
2010.02.23 08:24:08.831,1.24475,1.24495,13.90,1.60
2010.02.23 08:24:09.057,1.24485,1.245,9.20,1.60
2010.02.23 08:24:09.851,1.24485,1.245,9.20,1.00
2010.02.23 08:24:10.208,1.24485,1.245,9.20,1.00
2010.02.23 08:24:10.561,1.24485,1.245,4.00,1.00
2010.02.23 08:24:11.312,1.2448,1.245,1.50,2.40
2010.02.23 08:24:11.595,1.2448,1.245,1.50,1.60
2010.02.23 08:24:12.225,1.2448,1.245,3.10,1.60
2010.02.23 08:24:14.132,1.24485,1.245,1.00,1.60
2010.02.23 08:24:14.336,1.24485,1.24505,1.00,4.00
2010.02.23 08:24:14.542,1.24485,1.24505,1.00,3.20
2010.02.23 08:24:15.725,1.24485,1.245,1.00,1.60
2010.02.23 08:24:16.076,1.24485,1.245,1.00,1.00
2010.02.23 08:24:17.199,1.24485,1.24505,1.60,1.60
2010.02.23 08:24:18.513,1.24485,1.24495,5.20,1.00
2010.02.23 08:24:19.075,1.24475,1.24495,4.40,1.00
2010.02.23 08:24:19.137,1.24475,1.24495,2.00,1.00
2010.02.23 08:24:19.191,1.24475,1.24495,6.80,1.00
2010.02.23 08:24:19.710,1.2448,1.24495,1.50,1.00
2010.02.23 08:24:19.947,1.2448,1.245,1.50,3.20
2010.02.23 08:24:20.823,1.24485,1.245,1.00,1.60
2010.02.23 08:24:21.179,1.24485,1.24505,6.80,1.60
2010.02.23 08:24:21.888,1.24485,1.245,6.70,1.00
2010.02.23 08:24:22.257,1.24485,1.245,5.20,1.00
2010.02.23 08:24:23.333,1.2448,1.245,4.90,1.60
2010.02.23 08:24:23.678,1.2448,1.245,1.50,1.60
2010.02.23 08:24:24.359,1.24475,1.24495,10.70,2.40
2010.02.23 08:24:24.549,1.24475,1.24495,10.80,1.00
2010.02.23 08:24:24.722,1.24475,1.24495,12.40,1.00
2010.02.23 08:24:25.948,1.24475,1.24495,3.10,1.00
2010.02.23 08:24:26.312,1.24475,1.24495,1.50,4.00
2010.02.23 08:24:28.420,1.2447,1.24495,7.20,4.00
2010.02.23 08:24:28.593,1.24475,1.24495,1.60,1.60
2010.02.23 08:24:28.985,1.24475,1.24495,1.60,4.00
2010.02.23 08:24:29.168,1.24475,1.24495,1.50,4.00
2010.02.23 08:24:30.395,1.24475,1.24495,3.20,1.00
2010.02.23 08:24:31.370,1.24475,1.24495,12.40,1.00
2010.02.23 08:24:32.425,1.2448,1.245,1.50,1.60
2010.02.23 08:24:33.096,1.24475,1.24495,5.50,2.40
2010.02.23 08:24:33.414,1.2447,1.2449,3.10,4.00
2010.02.23 08:24:33.549,1.2447,1.2449,3.10,4.60
2010.02.23 08:24:33.968,1.2447,1.2449,1.50,4.60
2010.02.23 08:24:34.512,1.24475,1.2449,5.20,2.20
2010.02.23 08:24:35.243,1.24475,1.2449,5.20,1.00
2010.02.23 08:24:37.771,1.24475,1.24495,6.80,1.60
2010.02.23 08:24:39.131,1.24475,1.24495,7.20,1.00
2010.02.23 08:24:39.273,1.24475,1.24495,1.50,4.00
2010.02.23 08:24:42.028,1.24475,1.24495,1.50,5.60
2010.02.23 08:24:43.102,1.2447,1.2449,1.60,3.50
2010.02.23 08:24:43.214,1.24465,1.2449,11.60,5.10
2010.02.23 08:24:43.293,1.24465,1.2449,11.60,5.90
2010.02.23 08:24:43.762,1.24465,1.24485,11.60,1.60
2010.02.23 08:24:44.589,1.24465,1.24485,11.50,1.60
2010.02.23 08:24:45.282,1.24465,1.24485,9.90,1.60
2010.02.23 08:24:45.572,1.24465,1.24485,10.00,1.60
2010.02.23 08:24:46.040,1.24475,1.24485,5.20,1.60
2010.02.23 08:24:46.345,1.24475,1.2449,5.20,5.90
2010.02.23 08:24:46.653,1.24475,1.2449,5.20,5.10
2010.02.23 08:24:51.023,1.24465,1.24485,10.30,1.00
2010.02.23 08:24:51.381,1.24465,1.24485,8.30,2.00
2010.02.23 08:24:51.736,1.24465,1.24485,8.30,1.60
2010.02.23 08:24:53.165,1.24465,1.24485,8.30,1.60
2010.02.23 08:24:54.171,1.24465,1.24485,8.40,1.60
2010.02.23 08:24:54.770,1.24465,1.24485,10.00,1.60
2010.02.23 08:24:54.996,1.24465,1.24485,12.00,1.60
2010.02.23 08:24:55.222,1.24465,1.24485,11.60,1.60
2010.02.23 08:24:55.856,1.24465,1.24485,11.50,1.60
2010.02.23 08:24:56.900,1.24465,1.24485,9.90,1.60
2010.02.23 08:24:57.630,1.24465,1.24485,9.90,1.60
2010.02.23 08:24:57.989,1.24465,1.24485,4.70,4.00
2010.02.23 08:24:58.124,1.24465,1.24485,1.60,4.60
2010.02.23 08:24:58.940,1.24465,1.24485,1.60,4.70
2010.02.23 08:25:00.066,1.2446,1.24485,10.80,6.30
2010.02.23 08:25:00.435,1.24465,1.2449,1.60,9.10
2010.02.23 08:25:01.053,1.24465,1.24485,1.50,4.70
2010.02.23 08:25:01.294,1.24465,1.24485,3.20,4.70
2010.02.23 08:25:01.967,1.24465,1.24485,4.80,4.70
2010.02.23 08:25:02.224,1.2446,1.2448,12.30,1.00
2010.02.23 08:25:02.937,1.24465,1.2448,1.00,1.00
2010.02.23 08:25:04.366,1.24465,1.2448,1.00,3.00
2010.02.23 08:25:04.501,1.2446,1.2448,3.10,4.70
2010.02.23 08:25:07.276,1.24455,1.24475,15.80,1.00
2010.02.23 08:25:07.576,1.24455,1.24475,15.00,1.00
2010.02.23 08:25:08.856,1.2446,1.24475,1.00,1.00
2010.02.23 08:25:09.069,1.2446,1.2448,1.60,4.60
2010.02.23 08:25:09.182,1.2446,1.24475,1.50,2.40
2010.02.23 08:25:09.590,1.2446,1.24475,1.50,2.80
2010.02.23 08:25:09.716,1.2446,1.2448,1.60,5.00
2010.02.23 08:25:11.397,1.2446,1.2448,1.50,5.10
2010.02.23 08:25:12.860,1.24455,1.2448,15.00,5.90
2010.02.23 08:25:14.626,1.24455,1.24475,15.80,1.60
2010.02.23 08:25:15.160,1.24455,1.24475,15.00,1.60
2010.02.23 08:25:15.244,1.24455,1.2448,15.00,5.90
2010.02.23 08:25:15.599,1.24455,1.2448,15.80,5.10
2010.02.23 08:25:16.834,1.24455,1.2448,15.20,5.10
2010.02.23 08:25:17.074,1.24455,1.2448,16.00,5.10
2010.02.23 08:25:17.312,1.24455,1.2448,17.00,5.10
2010.02.23 08:25:18.174,1.24455,1.24475,14.20,2.40
2010.02.23 08:25:18.539,1.24455,1.24475,13.40,1.60
2010.02.23 08:25:18.884,1.24455,1.24475,14.20,1.60
2010.02.23 08:25:19.393,1.24455,1.24475,13.40,1.60
2010.02.23 08:25:21.586,1.24455,1.24475,4.20,4.00
2010.02.23 08:25:21.775,1.24455,1.24475,2.60,4.00
2010.02.23 08:25:21.965,1.24455,1.24475,3.20,4.70
2010.02.23 08:25:22.743,1.24455,1.24475,1.60,6.30
2010.02.23 08:25:23.546,1.24455,1.24475,1.60,6.70
2010.02.23 08:25:24.463,1.24455,1.24475,1.50,6.70
2010.02.23 08:25:24.598,1.2445,1.2447,3.10,3.00
2010.02.23 08:25:24.724,1.24455,1.2447,1.00,3.00
2010.02.23 08:25:24.853,1.24455,1.2447,1.00,1.00
2010.02.23 08:25:25.324,1.2445,1.2447,3.10,3.40
2010.02.23 08:25:28.273,1.24455,1.2447,5.20,3.40
2010.02.23 08:25:28.767,1.24455,1.24475,6.70,4.80
2010.02.23 08:25:28.921,1.24455,1.24475,6.70,4.00
2010.02.23 08:25:29.056,1.24455,1.24475,8.30,2.40
2010.02.23 08:25:29.781,1.24455,1.24475,8.30,1.00
2010.02.23 08:25:31.633,1.24455,1.2447,8.30,1.00
2010.02.23 08:25:31.824,1.24455,1.2447,6.70,1.00
2010.02.23 08:25:32.404,1.24455,1.24465,6.70,1.00
2010.02.23 08:25:33.010,1.24455,1.24465,5.20,1.00
2010.02.23 08:25:33.828,1.24455,1.2447,5.20,1.60
2010.02.23 08:25:33.990,1.24455,1.24475,6.70,4.80
2010.02.23 08:25:34.505,1.24455,1.24475,6.70,1.60
2010.02.23 08:25:34.647,1.24455,1.24475,6.70,1.00
2010.02.23 08:25:34.784,1.24455,1.2447,6.70,1.00
2010.02.23 08:25:35.345,1.24455,1.2447,1.50,1.00
2010.02.23 08:25:35.903,1.2445,1.2447,1.50,1.60
2010.02.23 08:25:36.257,1.2445,1.2447,3.10,1.00
2010.02.23 08:25:47.514,1.24455,1.24475,1.50,9.20
2010.02.23 08:25:47.864,1.24455,1.24475,1.50,7.60
2010.02.23 08:25:48.219,1.24455,1.24475,1.50,8.40
2010.02.23 08:25:48.900,1.24455,1.24475,1.50,6.00
2010.02.23 08:25:49.144,1.24455,1.24475,1.50,4.40
2010.02.23 08:25:50.277,1.24455,1.24475,1.90,4.40
2010.02.23 08:25:53.065,1.24455,1.2447,1.90,1.00
2010.02.23 08:25:57.081,1.24455,1.24475,1.90,6.80
2010.02.23 08:25:57.372,1.24455,1.24475,1.90,7.60
2010.02.23 08:25:57.998,1.24455,1.24475,1.90,9.20
2010.02.23 08:25:58.278,1.24455,1.24475,1.00,9.20
2010.02.23 08:25:58.827,1.24455,1.24475,1.00,8.40
2010.02.23 08:26:00.431,1.24455,1.24475,1.00,6.80
2010.02.23 08:26:00.582,1.2445,1.24475,5.60,6.00
2010.02.23 08:26:01.015,1.24455,1.24475,1.00,6.80
2010.02.23 08:26:01.721,1.24455,1.24475,1.00,6.00
2010.02.23 08:26:02.373,1.24455,1.24475,1.90,6.00
2010.02.23 08:26:04.733,1.24455,1.24475,1.90,4.40
2010.02.23 08:26:04.802,1.24455,1.24475,7.10,4.40
2010.02.23 08:26:04.821,1.24455,1.24475,7.10,2.00
2010.02.23 08:26:04.863,1.24455,1.24475,7.10,2.00
2010.02.23 08:26:05.025,1.24455,1.24475,5.60,2.00
2010.02.23 08:26:05.065,1.24455,1.24475,5.60,1.60
2010.02.23 08:26:05.097,1.2446,1.24465,2.40,1.00
2010.02.23 08:26:05.776,1.24465,1.2447,5.20,1.00
2010.02.23 08:26:06.135,1.24455,1.2447,5.20,1.60
2010.02.23 08:26:06.870,1.24455,1.2447,8.30,1.00
2010.02.23 08:26:07.176,1.24455,1.24475,8.30,1.00
2010.02.23 08:26:07.467,1.24455,1.24475,10.70,1.00
2010.02.23 08:26:08.149,1.24455,1.24475,13.10,1.00
2010.02.23 08:26:08.457,1.2446,1.2448,1.00,1.60
2010.02.23 08:26:08.766,1.24455,1.2448,13.90,1.60
2010.02.23 08:26:09.074,1.24455,1.2448,12.30,1.60
2010.02.23 08:26:10.109,1.24455,1.2448,9.90,4.00
2010.02.23 08:26:11.078,1.24455,1.24475,8.30,1.00
2010.02.23 08:26:11.430,1.24455,1.24475,6.70,1.00
2010.02.23 08:26:12.091,1.2445,1.2446,5.50,1.00
2010.02.23 08:26:12.381,1.2445,1.24475,3.10,5.60
2010.02.23 08:26:12.741,1.2445,1.2447,3.10,1.60
2010.02.23 08:26:16.103,1.2445,1.2447,1.50,1.60
2010.02.23 08:26:16.401,1.2445,1.2447,1.60,1.60
2010.02.23 08:26:17.052,1.24465,1.2447,6.80,1.60
2010.02.23 08:26:17.358,1.24465,1.24495,10.00,5.60
2010.02.23 08:26:17.661,1.24465,1.24495,14.00,4.00
2010.02.23 08:26:18.269,1.2447,1.24495,3.10,4.00
2010.02.23 08:26:18.578,1.2447,1.2449,3.10,5.60
2010.02.23 08:26:18.880,1.2447,1.2449,1.50,5.60
2010.02.23 08:26:19.175,1.2447,1.2449,1.50,7.20
2010.02.23 08:26:20.154,1.2446,1.2448,6.40,1.60
2010.02.23 08:26:20.883,1.2446,1.2448,4.00,1.60
2010.02.23 08:26:21.246,1.24455,1.24475,8.30,1.00
2010.02.23 08:26:21.969,1.24455,1.24475,3.10,5.20
2010.02.23 08:26:22.329,1.2445,1.2447,3.10,2.40
2010.02.23 08:26:25.789,1.2445,1.2447,3.10,2.40
2010.02.23 08:26:27.376,1.2445,1.2447,3.10,2.40
2010.02.23 08:26:28.087,1.2445,1.2447,1.50,2.40
2010.02.23 08:26:28.122,1.2445,1.2447,1.50,4.00
2010.02.23 08:26:28.346,1.2445,1.2447,1.50,6.40
2010.02.23 08:26:28.788,1.2445,1.2447,1.50,5.60
2010.02.23 08:26:29.012,1.2445,1.2446,1.50,1.00
2010.02.23 08:26:29.232,1.24445,1.2446,3.10,1.00
2010.02.23 08:26:29.962,1.24445,1.24465,3.10,4.40
2010.02.23 08:26:30.287,1.24445,1.2446,3.10,1.00
2010.02.23 08:26:32.259,1.2444,1.2446,4.00,1.00
2010.02.23 08:26:32.610,1.2444,1.2446,3.20,1.00
2010.02.23 08:26:33.339,1.2444,1.2446,3.10,2.40
2010.02.23 08:26:33.512,1.24445,1.24465,1.60,6.00
2010.02.23 08:26:33.706,1.24445,1.24465,3.20,4.00
2010.02.23 08:26:33.876,1.24445,1.2447,3.20,10.40
2010.02.23 08:26:34.298,1.24445,1.2446,3.10,1.00
2010.02.23 08:26:34.473,1.2444,1.24455,1.00,1.60
2010.02.23 08:26:35.211,1.24435,1.24455,3.90,4.80
2010.02.23 08:26:35.563,1.24435,1.24455,3.90,4.80
2010.02.23 08:26:36.008,1.24435,1.24455,3.90,5.00
2010.02.23 08:26:36.375,1.2444,1.2446,3.90,4.40
2010.02.23 08:26:36.735,1.2444,1.2446,4.70,1.60
2010.02.23 08:26:37.773,1.2444,1.2446,6.30,1.00
2010.02.23 08:26:37.996,1.2444,1.2446,7.90,1.00
2010.02.23 08:26:38.211,1.2444,1.2446,8.70,1.00
2010.02.23 08:26:38.767,1.2444,1.24455,7.10,1.00
2010.02.23 08:26:39.012,1.2444,1.2446,6.70,1.00
2010.02.23 08:26:39.249,1.2444,1.2446,7.50,1.00
2010.02.23 08:26:40.034,1.24445,1.24465,3.60,3.20
2010.02.23 08:26:40.402,1.24445,1.24465,3.20,1.00
2010.02.23 08:26:41.095,1.2444,1.2446,6.30,1.60
2010.02.23 08:26:41.340,1.2444,1.2446,7.90,1.00
2010.02.23 08:26:41.946,1.24445,1.24465,6.80,2.40
2010.02.23 08:26:42.195,1.2445,1.24465,2.40,1.00
2010.02.23 08:26:45.135,1.2445,1.2447,3.90,4.00
2010.02.23 08:26:45.378,1.2445,1.2447,5.50,1.00
2010.02.23 08:26:46.325,1.2445,1.2447,1.50,3.20
2010.02.23 08:26:46.680,1.2445,1.2447,3.90,3.20
2010.02.23 08:26:47.695,1.2445,1.2447,3.90,1.60
2010.02.23 08:26:49.083,1.24455,1.24475,1.50,3.60
2010.02.23 08:26:49.519,1.24455,1.24475,1.50,3.20
2010.02.23 08:26:49.759,1.24455,1.24475,3.10,1.60
2010.02.23 08:26:51.175,1.24455,1.24475,3.10,1.00
2010.02.23 08:26:51.585,1.2446,1.24475,1.00,1.00
2010.02.23 08:26:51.684,1.2446,1.2448,1.00,4.00
2010.02.23 08:26:51.744,1.2446,1.2448,1.00,2.40
2010.02.23 08:26:51.805,1.2446,1.2448,2.40,2.40
2010.02.23 08:26:52.259,1.2446,1.2448,3.90,2.40
2010.02.23 08:26:52.615,1.2446,1.2448,3.90,1.60
2010.02.23 08:26:53.315,1.2446,1.2448,3.90,1.60
2010.02.23 08:26:53.791,1.2446,1.2448,1.50,3.20
2010.02.23 08:26:54.299,1.24455,1.2448,11.20,3.20
2010.02.23 08:26:55.095,1.2446,1.2448,3.90,3.20
2010.02.23 08:26:55.448,1.2447,1.2448,1.00,1.60
2010.02.23 08:26:55.964,1.24475,1.2448,1.00,1.60
2010.02.23 08:26:56.708,1.2447,1.2449,5.10,1.00
2010.02.23 08:26:57.074,1.2448,1.24495,3.90,1.00
2010.02.23 08:26:58.026,1.24475,1.24495,8.30,1.60
2010.02.23 08:26:58.758,1.2447,1.24485,1.60,1.00
2010.02.23 08:26:58.973,1.24465,1.24485,10.80,1.60
2010.02.23 08:26:59.566,1.24465,1.24485,6.80,1.60
2010.02.23 08:26:59.783,1.24465,1.24485,1.50,1.60
2010.02.23 08:27:00.501,1.24465,1.24475,1.50,1.00
2010.02.23 08:27:00.869,1.2446,1.2448,3.10,2.80
2010.02.23 08:27:01.077,1.2446,1.2448,3.10,1.00
2010.02.23 08:27:02.681,1.2446,1.24475,3.10,1.00
2010.02.23 08:27:03.045,1.24465,1.24475,6.70,1.00
2010.02.23 08:27:03.725,1.2447,1.24485,5.00,1.60
2010.02.23 08:27:03.955,1.2446,1.2448,7.10,2.40
2010.02.23 08:27:04.464,1.2446,1.2448,7.90,2.40
2010.02.23 08:27:04.818,1.2446,1.2448,3.90,1.60
2010.02.23 08:27:05.778,1.2446,1.2448,4.10,1.60
2010.02.23 08:27:06.203,1.2446,1.2448,1.70,1.60
2010.02.23 08:27:06.321,1.2446,1.2448,1.50,1.60
2010.02.23 08:27:06.432,1.2446,1.2448,3.30,1.60
2010.02.23 08:27:06.542,1.2446,1.2448,5.70,1.60
2010.02.23 08:27:06.650,1.2446,1.2448,5.60,1.60
2010.02.23 08:27:08.155,1.2446,1.2448,1.50,1.60
2010.02.23 08:27:09.590,1.2446,1.2448,3.90,1.60
2010.02.23 08:27:09.719,1.2446,1.2448,4.00,1.60
2010.02.23 08:27:10.071,1.2446,1.2448,5.60,1.60
2010.02.23 08:27:11.888,1.2446,1.2448,7.20,1.00
2010.02.23 08:27:12.434,1.24465,1.24485,1.50,1.60
2010.02.23 08:27:13.891,1.24465,1.2449,1.50,7.20
2010.02.23 08:27:14.710,1.24465,1.2449,1.50,7.20
2010.02.23 08:27:15.056,1.24465,1.2449,1.50,8.00
2010.02.23 08:27:15.406,1.24465,1.2449,1.50,7.60
2010.02.23 08:27:16.530,1.24465,1.2449,1.50,8.00
2010.02.23 08:27:16.725,1.24465,1.24485,1.50,1.00
2010.02.23 08:27:18.104,1.2447,1.2449,1.50,2.40
2010.02.23 08:27:18.347,1.2447,1.2449,1.50,1.60
2010.02.23 08:27:20.299,1.2447,1.2449,1.50,3.20
2010.02.23 08:27:20.752,1.2447,1.2449,1.50,5.60
2010.02.23 08:27:21.109,1.24465,1.24485,10.70,1.00
2010.02.23 08:27:21.460,1.24465,1.24485,1.50,1.60
2010.02.23 08:27:23.192,1.24465,1.24485,9.20,1.00
2010.02.23 08:27:23.656,1.24465,1.24485,10.30,1.00
2010.02.23 08:27:25.486,1.24465,1.24485,11.90,1.00
2010.02.23 08:27:26.190,1.24465,1.24485,10.30,1.60
2010.02.23 08:27:29.586,1.24465,1.24485,8.70,1.60
2010.02.23 08:27:29.873,1.2446,1.2448,7.20,1.60
2010.02.23 08:27:30.514,1.2446,1.2448,5.60,1.60
2010.02.23 08:27:33.880,1.24465,1.2448,1.00,1.60
2010.02.23 08:27:34.443,1.2446,1.24475,4.70,1.00
2010.02.23 08:27:34.578,1.24455,1.24475,8.50,1.00
2010.02.23 08:27:35.374,1.24455,1.24475,3.40,1.60
2010.02.23 08:27:35.505,1.24455,1.24475,1.80,1.60
2010.02.23 08:27:39.679,1.24455,1.24475,2.90,1.60
2010.02.23 08:27:40.544,1.24455,1.24475,6.90,1.00
2010.02.23 08:27:46.707,1.24455,1.24475,5.30,1.60
2010.02.23 08:27:47.912,1.2445,1.24475,14.50,1.00
2010.02.23 08:27:48.870,1.24465,1.24475,2.40,1.00
2010.02.23 08:27:49.087,1.24465,1.2448,8.30,1.60
2010.02.23 08:27:49.297,1.24465,1.2448,5.90,1.60
2010.02.23 08:27:49.778,1.2446,1.24475,1.00,1.00
2010.02.23 08:27:49.996,1.24455,1.24475,5.30,1.60
2010.02.23 08:27:50.631,1.24455,1.2447,3.50,1.00
2010.02.23 08:27:51.155,1.24455,1.2447,1.00,1.00
2010.02.23 08:27:51.328,1.24455,1.2447,1.00,1.60
2010.02.23 08:27:51.496,1.2445,1.2447,1.50,3.20
2010.02.23 08:27:55.610,1.2445,1.2447,5.60,1.00
2010.02.23 08:27:57.013,1.2445,1.2447,5.50,1.00
2010.02.23 08:27:57.366,1.2445,1.2447,6.60,1.60
2010.02.23 08:27:57.758,1.2445,1.2447,4.20,6.40
2010.02.23 08:27:58.406,1.2445,1.24465,3.10,1.60
2010.02.23 08:28:01.299,1.2445,1.24465,3.10,1.00
2010.02.23 08:28:04.300,1.2445,1.24465,3.10,1.60
2010.02.23 08:28:15.011,1.2445,1.24465,1.60,6.80
2010.02.23 08:28:15.261,1.24445,1.24465,1.00,13.40
2010.02.23 08:28:15.852,1.24445,1.24465,1.00,12.80
2010.02.23 08:28:16.097,1.24445,1.24465,1.00,13.80
2010.02.23 08:28:16.793,1.24445,1.24465,1.00,14.20
2010.02.23 08:28:17.953,1.24445,1.24465,1.00,12.80
2010.02.23 08:28:19.884,1.24445,1.24465,1.00,3.60
2010.02.23 08:28:20.222,1.24445,1.24465,1.00,3.20
2010.02.23 08:28:20.995,1.24445,1.24465,1.00,4.00
2010.02.23 08:28:21.359,1.24445,1.24465,7.20,1.00
2010.02.23 08:28:21.810,1.24445,1.2446,1.00,2.40
2010.02.23 08:28:22.138,1.24435,1.24455,5.10,1.00
2010.02.23 08:28:23.215,1.24435,1.24455,1.60,1.00
2010.02.23 08:28:24.313,1.24435,1.24455,1.60,1.60
2010.02.23 08:28:31.296,1.2443,1.2445,3.10,1.00
2010.02.23 08:28:31.546,1.2443,1.2445,1.50,1.00
2010.02.23 08:28:31.668,1.2443,1.2445,1.50,1.60
2010.02.23 08:28:32.267,1.2443,1.24445,1.50,1.00
2010.02.23 08:28:32.621,1.24425,1.24445,7.10,1.00
2010.02.23 08:28:34.052,1.24425,1.2444,7.00,1.00
2010.02.23 08:28:34.722,1.24425,1.24445,7.00,1.00
2010.02.23 08:28:35.439,1.24425,1.24445,1.00,2.40
2010.02.23 08:28:35.790,1.2442,1.2444,13.60,1.60
2010.02.23 08:28:36.769,1.2442,1.24435,4.80,4.00
2010.02.23 08:28:37.079,1.24415,1.24435,1.00,5.60
2010.02.23 08:28:37.747,1.2441,1.2443,7.20,1.60
2010.02.23 08:28:38.066,1.2441,1.2443,3.20,2.40
2010.02.23 08:28:38.420,1.2441,1.24425,1.00,1.00
2010.02.23 08:28:39.127,1.2441,1.24425,1.00,1.00
2010.02.23 08:28:39.452,1.24415,1.2443,5.20,2.40
2010.02.23 08:28:39.714,1.24415,1.2443,5.20,1.60
2010.02.23 08:28:40.146,1.24415,1.2443,5.20,1.60
2010.02.23 08:28:40.499,1.24415,1.24435,5.20,4.80
2010.02.23 08:28:40.846,1.24415,1.24435,6.70,4.40
2010.02.23 08:28:42.064,1.24415,1.2443,6.70,1.00
2010.02.23 08:28:46.586,1.24415,1.2443,5.20,1.00
2010.02.23 08:28:47.157,1.2441,1.24425,2.30,1.00
2010.02.23 08:28:47.484,1.24415,1.2443,5.20,2.50
2010.02.23 08:28:47.792,1.24425,1.24435,1.00,4.00
2010.02.23 08:28:48.250,1.2442,1.2444,1.60,4.00
2010.02.23 08:28:49.680,1.2442,1.2444,1.50,2.40
2010.02.23 08:28:50.430,1.2442,1.2444,1.50,6.40
2010.02.23 08:28:51.142,1.24415,1.24435,10.00,1.00
2010.02.23 08:28:51.783,1.24415,1.2443,5.20,1.00
2010.02.23 08:28:53.195,1.24415,1.2443,5.20,1.00
2010.02.23 08:28:53.550,1.24415,1.24435,6.80,1.60
2010.02.23 08:28:55.153,1.24415,1.24435,6.80,3.20
2010.02.23 08:28:55.391,1.24415,1.24435,6.70,3.20
2010.02.23 08:28:57.112,1.24415,1.24435,8.30,1.60
2010.02.23 08:28:57.691,1.2442,1.2444,3.10,4.00
2010.02.23 08:28:57.967,1.2442,1.24435,3.10,1.00
2010.02.23 08:28:58.646,1.24415,1.24435,6.70,4.00
2010.02.23 08:28:58.992,1.24415,1.24435,6.70,2.40
2010.02.23 08:28:59.619,1.24415,1.24435,6.70,2.00
2010.02.23 08:29:01.899,1.24415,1.24435,6.70,2.40
2010.02.23 08:29:02.270,1.24415,1.24435,9.70,3.20
2010.02.23 08:29:02.618,1.24415,1.24435,9.70,4.00
2010.02.23 08:29:03.059,1.24415,1.24435,9.60,3.60
2010.02.23 08:29:04.489,1.24415,1.24435,9.70,3.60
2010.02.23 08:29:10.136,1.24415,1.24435,7.20,3.60
2010.02.23 08:29:10.260,1.24415,1.24435,6.70,4.00
2010.02.23 08:29:11.635,1.24415,1.24435,1.50,6.40
2010.02.23 08:29:11.996,1.24415,1.24435,1.50,8.80
2010.02.23 08:29:15.987,1.24415,1.2443,1.50,1.00
2010.02.23 08:29:16.346,1.2441,1.2443,3.20,1.00
2010.02.23 08:29:17.315,1.2441,1.2443,3.30,1.00
2010.02.23 08:29:18.027,1.2441,1.2443,5.00,2.40
2010.02.23 08:29:18.369,1.24415,1.2443,7.60,2.40
2010.02.23 08:29:18.722,1.24415,1.2443,8.60,1.60
2010.02.23 08:29:19.430,1.24415,1.2443,10.30,1.60
2010.02.23 08:29:19.592,1.24415,1.2443,10.30,1.00
2010.02.23 08:29:22.437,1.24415,1.24435,11.90,2.80
2010.02.23 08:29:23.607,1.24415,1.24435,10.30,2.80
2010.02.23 08:29:24.014,1.24415,1.24435,10.30,3.20
2010.02.23 08:29:24.390,1.24415,1.24435,10.30,2.80
2010.02.23 08:29:26.329,1.24425,1.24435,1.00,1.00
2010.02.23 08:29:26.548,1.24415,1.24435,13.50,1.00
2010.02.23 08:29:26.747,1.24415,1.24435,13.50,1.00
2010.02.23 08:29:27.155,1.24415,1.24435,11.90,1.60
2010.02.23 08:29:29.248,1.24415,1.24435,10.30,3.60
2010.02.23 08:29:29.574,1.24415,1.24435,5.20,3.70
2010.02.23 08:29:29.800,1.24415,1.2443,5.10,1.60
2010.02.23 08:29:30.088,1.24415,1.2443,4.60,1.60
2010.02.23 08:29:30.338,1.24415,1.2443,3.00,1.60
2010.02.23 08:29:30.735,1.24415,1.2443,4.60,1.60
2010.02.23 08:29:31.246,1.24415,1.2443,4.80,1.60
2010.02.23 08:29:31.512,1.24415,1.2443,3.10,1.60
2010.02.23 08:29:34.025,1.24415,1.2443,9.90,1.60
2010.02.23 08:29:34.295,1.24415,1.24435,9.90,3.20
2010.02.23 08:29:36.901,1.24415,1.24435,4.70,3.20
2010.02.23 08:29:37.523,1.24415,1.2443,3.10,1.00
2010.02.23 08:29:38.652,1.24415,1.2443,4.70,1.00
2010.02.23 08:29:39.076,1.24415,1.24435,9.90,1.60
2010.02.23 08:29:39.503,1.24425,1.24435,5.20,1.00
2010.02.23 08:29:43.365,1.2442,1.24435,3.00,1.60
2010.02.23 08:29:44.637,1.24415,1.24435,12.10,1.60
2010.02.23 08:29:45.632,1.24415,1.24435,10.60,1.60
2010.02.23 08:29:47.096,1.2441,1.2443,2.40,1.60
2010.02.23 08:29:47.735,1.2441,1.24425,3.50,1.00
2010.02.23 08:29:48.878,1.2441,1.24425,3.40,1.00
2010.02.23 08:29:51.196,1.2441,1.2443,3.40,3.20
2010.02.23 08:29:52.594,1.2441,1.24425,1.00,7.60
2010.02.23 08:29:52.947,1.2441,1.2443,5.00,12.00
2010.02.23 08:29:53.396,1.2441,1.2443,5.00,3.20
2010.02.23 08:29:54.534,1.24415,1.2443,6.70,1.60
2010.02.23 08:29:54.743,1.24415,1.24435,6.70,3.60
2010.02.23 08:29:55.692,1.24415,1.24435,6.70,3.20
2010.02.23 08:29:56.048,1.24425,1.2444,5.20,2.40
2010.02.23 08:29:56.412,1.24425,1.2444,5.20,1.60
2010.02.23 08:29:58.552,1.2444,1.24455,1.60,4.00
2010.02.23 08:29:59.358,1.24455,1.2449,1.60,3.60
2010.02.23 08:30:00.025,1.24455,1.24485,3.90,4.40
2010.02.23 08:30:00.843,1.24455,1.2447,2.40,2.20
2010.02.23 08:30:01.681,1.24445,1.2446,4.00,1.00
2010.02.23 08:30:02.041,1.2444,1.2446,3.90,1.00
2010.02.23 08:30:02.455,1.2444,1.2446,7.10,1.00
2010.02.23 08:30:02.848,1.24445,1.24465,1.60,3.20
2010.02.23 08:30:03.599,1.2445,1.2446,1.00,2.40
2010.02.23 08:30:03.977,1.24445,1.2446,7.60,1.00
2010.02.23 08:30:04.631,1.24445,1.24465,3.10,2.90
2010.02.23 08:30:05.076,1.24445,1.2446,5.20,1.00
2010.02.23 08:30:05.661,1.24445,1.2446,5.20,1.00
2010.02.23 08:30:06.016,1.2444,1.2446,4.70,1.00
2010.02.23 08:30:06.380,1.2444,1.2446,4.70,1.00
2010.02.23 08:30:07.506,1.2444,1.24455,1.60,1.00
2010.02.23 08:30:07.885,1.24445,1.24455,8.30,1.00
2010.02.23 08:30:08.576,1.2445,1.24465,3.00,2.50
2010.02.23 08:30:08.883,1.24445,1.24465,8.30,2.50
2010.02.23 08:30:09.107,1.24445,1.2446,5.10,1.00
2010.02.23 08:30:09.691,1.2444,1.24455,3.10,1.00
2010.02.23 08:30:09.923,1.24435,1.24455,3.10,1.00
2010.02.23 08:30:10.655,1.2443,1.24455,8.20,2.50
2010.02.23 08:30:11.393,1.2443,1.24455,7.10,2.50
2010.02.23 08:30:13.106,1.24435,1.24455,2.40,2.50
2010.02.23 08:30:13.470,1.2443,1.2445,7.10,1.00
2010.02.23 08:30:13.823,1.2443,1.2445,5.50,1.00
2010.02.23 08:30:17.832,1.24435,1.24445,5.20,1.00
2010.02.23 08:30:18.186,1.2443,1.24445,7.10,1.00
2010.02.23 08:30:18.645,1.2443,1.24445,1.50,1.00
2010.02.23 08:30:19.965,1.24435,1.24445,1.50,1.00
2010.02.23 08:30:21.063,1.24445,1.24455,1.50,1.00
2010.02.23 08:30:21.421,1.24445,1.24465,9.70,3.30
2010.02.23 08:30:22.122,1.24445,1.24465,11.30,2.50
2010.02.23 08:30:22.497,1.2445,1.24465,1.00,2.50
2010.02.23 08:30:22.870,1.24445,1.24465,14.90,1.00
2010.02.23 08:30:23.543,1.2445,1.24465,3.10,1.00
2010.02.23 08:30:23.814,1.24445,1.24465,7.60,1.00
2010.02.23 08:30:24.470,1.2445,1.24465,2.40,1.00
2010.02.23 08:30:24.829,1.24455,1.2447,5.20,1.00
2010.02.23 08:30:25.492,1.24455,1.24475,1.50,6.60
2010.02.23 08:30:25.870,1.24455,1.24475,1.50,7.40
2010.02.23 08:30:26.224,1.2445,1.24475,3.10,6.60
2010.02.23 08:30:26.946,1.2445,1.2447,4.80,1.00
2010.02.23 08:30:27.657,1.24455,1.24475,6.70,2.50
2010.02.23 08:30:27.923,1.24455,1.24475,6.70,2.90
2010.02.23 08:30:28.354,1.2445,1.24475,5.60,6.10
2010.02.23 08:30:28.619,1.2445,1.2447,3.20,1.00
2010.02.23 08:30:31.043,1.2446,1.2447,1.00,1.00
2010.02.23 08:30:31.208,1.24455,1.2447,2.40,1.00
2010.02.23 08:30:31.669,1.2446,1.24475,1.60,2.40
2010.02.23 08:30:32.053,1.24465,1.24475,4.70,1.00
2010.02.23 08:30:32.768,1.24465,1.24485,10.70,1.00
2010.02.23 08:30:33.138,1.2447,1.24485,3.10,1.00
2010.02.23 08:30:34.230,1.2447,1.24485,1.50,1.00
2010.02.23 08:30:34.550,1.2447,1.24485,3.10,1.00
2010.02.23 08:30:35.644,1.2447,1.24485,4.90,1.00
2010.02.23 08:30:35.987,1.2447,1.2449,4.70,1.00
2010.02.23 08:30:36.575,1.2447,1.24485,4.70,1.00
2010.02.23 08:30:36.899,1.2447,1.24485,4.80,1.00
2010.02.23 08:30:37.610,1.24475,1.24485,1.50,1.00
2010.02.23 08:30:38.306,1.24475,1.24485,1.50,1.00
2010.02.23 08:30:39.004,1.2447,1.24485,4.70,1.00
2010.02.23 08:30:39.130,1.2447,1.24485,1.60,1.00
2010.02.23 08:30:39.948,1.24465,1.24485,4.80,1.00
2010.02.23 08:30:40.425,1.24465,1.2448,4.80,1.00
2010.02.23 08:30:40.787,1.2446,1.2447,4.70,1.00
2010.02.23 08:30:41.141,1.24455,1.24475,9.90,1.00
2010.02.23 08:30:41.823,1.2445,1.2447,7.20,1.00
2010.02.23 08:30:42.640,1.2445,1.2447,7.30,1.00
2010.02.23 08:30:42.862,1.24455,1.2447,2.40,1.00
2010.02.23 08:30:43.327,1.24455,1.2447,9.20,1.00
2010.02.23 08:30:44.387,1.24455,1.2447,1.60,1.70
2010.02.23 08:30:45.172,1.2445,1.2447,5.60,1.70
2010.02.23 08:30:45.476,1.24455,1.2447,1.60,1.70
2010.02.23 08:30:49.535,1.2445,1.2447,5.70,1.90
2010.02.23 08:30:49.596,1.2445,1.2447,5.60,1.80
2010.02.23 08:30:49.700,1.2445,1.2447,3.20,1.80
2010.02.23 08:30:50.521,1.2445,1.24475,3.20,13.00
2010.02.23 08:30:51.568,1.2445,1.24465,3.20,1.00
2010.02.23 08:30:51.906,1.2445,1.2446,1.60,1.00
2010.02.23 08:30:53.074,1.2445,1.2446,1.60,2.40
2010.02.23 08:30:53.338,1.24445,1.2446,1.60,2.60
2010.02.23 08:30:53.624,1.2444,1.2445,1.60,1.00
2010.02.23 08:30:54.056,1.24435,1.2445,4.00,1.00
2010.02.23 08:30:54.362,1.24435,1.2445,1.60,1.00
2010.02.23 08:30:54.987,1.2444,1.2445,1.00,1.00
2010.02.23 08:30:55.328,1.24435,1.2445,4.70,1.00
2010.02.23 08:30:56.697,1.2444,1.2445,1.00,1.00
2010.02.23 08:30:57.055,1.2444,1.2445,1.00,1.00
2010.02.23 08:30:58.390,1.2444,1.2445,1.60,1.00
2010.02.23 08:30:58.721,1.2444,1.2446,3.20,2.60
2010.02.23 08:30:59.047,1.2444,1.2446,4.80,2.60
2010.02.23 08:30:59.985,1.2444,1.24455,4.80,1.00
2010.02.23 08:31:03.455,1.24445,1.24455,1.60,1.00
2010.02.23 08:31:03.887,1.2444,1.2446,5.20,2.50
2010.02.23 08:31:04.245,1.24445,1.2446,1.60,2.50
2010.02.23 08:31:04.920,1.24445,1.2446,1.60,2.60
2010.02.23 08:31:05.944,1.2444,1.2446,4.80,2.60
2010.02.23 08:31:06.307,1.2444,1.2446,3.20,2.60
2010.02.23 08:31:07.401,1.2444,1.24455,1.60,1.00
2010.02.23 08:31:08.752,1.2444,1.24455,1.60,1.00
2010.02.23 08:31:08.849,1.2444,1.24455,1.00,1.00
2010.02.23 08:31:08.898,1.2444,1.24455,1.00,1.70
2010.02.23 08:31:09.440,1.2444,1.2445,1.00,1.00
2010.02.23 08:31:12.369,1.2444,1.24455,1.00,1.70
2010.02.23 08:31:12.669,1.2444,1.24455,1.00,1.00
2010.02.23 08:31:14.046,1.2444,1.24455,1.60,1.00
2010.02.23 08:31:14.212,1.2444,1.24455,1.60,1.00
2010.02.23 08:31:14.919,1.2444,1.2446,1.60,2.50
2010.02.23 08:31:15.798,1.2444,1.2446,1.50,7.00
2010.02.23 08:31:16.179,1.24445,1.2446,8.40,1.00
2010.02.23 08:31:16.973,1.2445,1.24465,1.00,1.00
2010.02.23 08:31:17.344,1.24455,1.2447,1.00,1.00
2010.02.23 08:31:17.898,1.24455,1.2447,5.20,1.00
2010.02.23 08:31:18.268,1.24455,1.24475,8.40,1.90
2010.02.23 08:31:18.622,1.24455,1.24475,10.00,1.90
2010.02.23 08:31:19.403,1.24455,1.24475,10.00,2.00
2010.02.23 08:31:19.571,1.24455,1.2447,1.00,1.00
2010.02.23 08:31:19.736,1.2445,1.2447,3.50,1.00
2010.02.23 08:31:20.185,1.2445,1.24465,1.60,1.00
2010.02.23 08:31:20.347,1.24445,1.24465,12.80,1.60
2010.02.23 08:31:20.708,1.24445,1.24465,12.40,1.60
2010.02.23 08:31:21.071,1.24445,1.24465,10.00,1.60
2010.02.23 08:31:21.542,1.2445,1.24465,2.40,1.60
2010.02.23 08:31:21.837,1.24455,1.2447,1.00,1.00
2010.02.23 08:31:22.506,1.2446,1.24475,2.40,2.00
2010.02.23 08:31:22.867,1.2446,1.24475,1.50,1.00
2010.02.23 08:31:23.352,1.24455,1.24475,4.80,2.50
2010.02.23 08:31:23.714,1.24455,1.24475,10.00,1.70
2010.02.23 08:31:24.415,1.24455,1.24475,10.00,1.70
2010.02.23 08:31:24.797,1.2446,1.2448,3.20,2.50
2010.02.23 08:31:25.445,1.24465,1.2448,1.50,1.70
2010.02.23 08:31:25.737,1.24465,1.2448,1.50,1.00
2010.02.23 08:31:26.359,1.2446,1.2448,3.90,3.30
2010.02.23 08:31:26.718,1.2446,1.2448,3.10,3.30
2010.02.23 08:31:27.951,1.2446,1.2448,3.10,2.50
2010.02.23 08:31:28.289,1.2446,1.2448,3.10,3.30
2010.02.23 08:31:29.831,1.2446,1.2448,3.10,5.80
2010.02.23 08:31:30.450,1.2446,1.24475,3.10,1.00
2010.02.23 08:31:31.386,1.24455,1.24475,5.50,2.60
2010.02.23 08:31:31.586,1.2445,1.24465,7.20,1.00
2010.02.23 08:31:32.659,1.2445,1.2447,7.20,1.00
2010.02.23 08:31:33.917,1.2445,1.2447,4.70,1.00
2010.02.23 08:31:34.147,1.24445,1.24465,5.30,1.60
2010.02.23 08:31:34.378,1.24445,1.24465,1.70,2.50
2010.02.23 08:31:34.816,1.2444,1.2446,3.10,4.60
2010.02.23 08:31:35.035,1.2444,1.2446,1.50,4.60
2010.02.23 08:31:35.784,1.2444,1.2446,1.60,2.10
2010.02.23 08:31:36.157,1.2444,1.2446,3.20,1.00
2010.02.23 08:31:36.513,1.24445,1.2446,1.50,1.00
2010.02.23 08:31:36.954,1.24455,1.2446,5.20,1.00
2010.02.23 08:31:37.326,1.24455,1.2447,5.20,1.60
2010.02.23 08:31:38.022,1.24445,1.2447,13.60,4.00
2010.02.23 08:31:38.414,1.2445,1.2447,4.00,1.60
2010.02.23 08:31:38.707,1.2445,1.2447,1.50,4.00
2010.02.23 08:31:43.558,1.2445,1.24465,1.50,1.00
2010.02.23 08:31:43.914,1.24445,1.24465,10.00,1.00
2010.02.23 08:31:44.600,1.24445,1.24465,3.20,1.00
2010.02.23 08:31:44.778,1.24445,1.24465,1.60,1.60
2010.02.23 08:31:47.279,1.24445,1.24465,1.60,1.60
2010.02.23 08:31:48.064,1.24445,1.24465,4.80,1.00
2010.02.23 08:31:50.675,1.24445,1.24465,4.80,1.00
2010.02.23 08:31:51.461,1.24445,1.24465,3.20,1.00
2010.02.23 08:31:51.819,1.24445,1.24465,8.40,1.00
2010.02.23 08:31:53.100,1.24445,1.24465,11.60,1.00
2010.02.23 08:31:53.816,1.24445,1.24465,12.40,1.00
2010.02.23 08:31:54.792,1.24445,1.24465,11.60,1.00
2010.02.23 08:31:55.185,1.24445,1.24465,12.00,1.00
2010.02.23 08:31:55.392,1.24445,1.24465,13.60,1.00
2010.02.23 08:31:55.620,1.24445,1.2446,11.50,1.00
2010.02.23 08:31:56.391,1.24445,1.24465,9.90,1.00
2010.02.23 08:31:56.731,1.24455,1.2446,5.20,1.00
2010.02.23 08:31:57.236,1.24455,1.24465,5.20,1.60
2010.02.23 08:31:57.594,1.24445,1.24465,12.80,1.60
2010.02.23 08:31:57.951,1.24445,1.24465,9.60,1.60
2010.02.23 08:31:58.616,1.24445,1.24465,9.90,1.60
2010.02.23 08:31:58.981,1.24445,1.24465,12.30,1.60
2010.02.23 08:31:59.142,1.24445,1.24465,13.90,1.60
2010.02.23 08:31:59.317,1.2445,1.2447,1.50,2.40
2010.02.23 08:31:59.759,1.2445,1.24465,1.50,1.00
2010.02.23 08:32:00.388,1.24445,1.24465,13.50,1.00
2010.02.23 08:32:00.748,1.24445,1.24465,11.80,1.00
2010.02.23 08:32:01.802,1.24445,1.24465,10.20,1.00
2010.02.23 08:32:03.211,1.24445,1.2446,12.60,1.00
2010.02.23 08:32:03.568,1.24445,1.2446,8.30,1.00
2010.02.23 08:32:04.306,1.24445,1.24465,7.20,2.40
2010.02.23 08:32:04.531,1.24445,1.24465,11.20,1.00
2010.02.23 08:32:06.071,1.24445,1.24465,6.00,1.00
2010.02.23 08:32:06.421,1.24445,1.24465,1.60,1.60
2010.02.23 08:32:07.134,1.24445,1.24465,3.10,1.00
2010.02.23 08:32:08.206,1.24445,1.24465,1.60,1.60
2010.02.23 08:32:09.330,1.24445,1.24465,1.60,3.20
2010.02.23 08:32:09.929,1.24445,1.24465,1.60,1.60
2010.02.23 08:32:10.058,1.24445,1.24465,3.20,1.00
2010.02.23 08:32:10.575,1.24455,1.2447,1.00,4.80
2010.02.23 08:32:10.722,1.24455,1.2447,1.00,1.00
2010.02.23 08:32:11.448,1.24455,1.24475,6.70,1.60
2010.02.23 08:32:12.159,1.24455,1.2448,6.70,7.60
2010.02.23 08:32:12.507,1.24455,1.2447,6.70,1.00
2010.02.23 08:32:14.156,1.24455,1.2447,5.20,1.00
2010.02.23 08:32:16.595,1.2445,1.2447,5.60,1.00
2010.02.23 08:32:20.682,1.2445,1.2447,5.60,1.60
2010.02.23 08:32:21.038,1.2445,1.2447,3.20,4.00
2010.02.23 08:32:22.242,1.2445,1.24465,1.60,2.40
2010.02.23 08:32:22.507,1.24445,1.24465,3.20,4.80
2010.02.23 08:32:23.025,1.2445,1.24465,1.00,4.80
2010.02.23 08:32:23.287,1.2445,1.24465,1.00,4.80
2010.02.23 08:32:26.749,1.2445,1.2446,1.00,2.40
2010.02.23 08:32:26.785,1.2445,1.2446,1.00,4.00
2010.02.23 08:32:27.014,1.2445,1.2446,1.00,2.40
2010.02.23 08:32:27.237,1.2444,1.2446,3.10,2.40
2010.02.23 08:32:27.452,1.2444,1.2446,3.10,3.20
2010.02.23 08:32:29.505,1.2444,1.24455,3.10,1.00
2010.02.23 08:32:29.678,1.2444,1.24455,1.50,1.00
2010.02.23 08:32:29.847,1.24435,1.24445,5.50,1.00
2010.02.23 08:32:30.264,1.24435,1.24445,3.10,1.00
2010.02.23 08:32:30.439,1.2443,1.24445,4.70,1.00
2010.02.23 08:32:31.001,1.2443,1.24445,3.10,1.00
2010.02.23 08:32:32.580,1.2443,1.24445,1.50,1.00
2010.02.23 08:32:32.944,1.2443,1.24445,3.10,1.00
2010.02.23 08:32:38.892,1.24425,1.24445,6.30,1.00
2010.02.23 08:32:39.146,1.24425,1.24445,6.40,1.00
2010.02.23 08:32:39.592,1.2443,1.24445,3.10,1.00
2010.02.23 08:32:39.796,1.2443,1.2445,3.10,7.20
2010.02.23 08:32:40.013,1.24435,1.2445,1.50,1.60
2010.02.23 08:32:40.215,1.24435,1.24445,1.50,1.00
2010.02.23 08:32:47.872,1.2443,1.24445,3.10,1.00
2010.02.23 08:32:49.027,1.2443,1.2445,3.10,1.60
2010.02.23 08:32:49.383,1.2443,1.2445,3.10,1.00
2010.02.23 08:32:51.155,1.24435,1.24455,1.50,11.90
2010.02.23 08:32:51.513,1.24435,1.24455,1.50,4.50
2010.02.23 08:32:52.018,1.24435,1.24455,3.10,4.50
2010.02.23 08:32:55.131,1.24435,1.24455,8.30,2.10
2010.02.23 08:32:55.362,1.24435,1.24455,5.20,2.00
2010.02.23 08:32:55.559,1.24435,1.24455,5.20,2.80
2010.02.23 08:32:56.728,1.24435,1.24455,5.20,1.60
2010.02.23 08:32:57.467,1.2444,1.24455,1.00,1.60
2010.02.23 08:32:57.838,1.24435,1.2445,6.70,1.00
2010.02.23 08:32:59.399,1.24435,1.24455,8.30,2.40
2010.02.23 08:32:59.658,1.24435,1.24455,8.30,1.60
2010.02.23 08:32:59.923,1.24435,1.2445,5.20,1.00
2010.02.23 08:33:02.164,1.24435,1.2445,5.20,1.00
2010.02.23 08:33:03.013,1.24435,1.2445,5.20,1.60
2010.02.23 08:33:03.745,1.24425,1.24445,16.00,1.00
2010.02.23 08:33:04.104,1.24425,1.24445,13.20,1.60
2010.02.23 08:33:07.075,1.24425,1.2445,11.60,3.60
2010.02.23 08:33:07.750,1.24425,1.24445,4.80,1.60
2010.02.23 08:33:08.063,1.2442,1.24435,8.70,1.00
2010.02.23 08:33:08.634,1.24415,1.24435,6.00,3.00
2010.02.23 08:33:08.964,1.24415,1.2443,1.60,1.60
2010.02.23 08:33:09.637,1.2441,1.2443,6.80,1.60
2010.02.23 08:33:10.006,1.2442,1.24435,1.00,1.00
2010.02.23 08:33:10.796,1.24415,1.24435,5.50,2.40
2010.02.23 08:33:11.519,1.24405,1.2442,9.60,1.00
2010.02.23 08:33:11.883,1.24405,1.2442,2.00,1.60
2010.02.23 08:33:12.341,1.24405,1.2442,1.60,1.60
2010.02.23 08:33:12.695,1.24405,1.2442,1.60,1.60
2010.02.23 08:33:13.188,1.24405,1.2442,1.60,1.60
2010.02.23 08:33:13.544,1.24405,1.24425,2.00,1.60
2010.02.23 08:33:14.231,1.24415,1.24435,1.50,4.80
2010.02.23 08:33:14.593,1.24415,1.24435,3.10,2.40
2010.02.23 08:33:16.354,1.24415,1.24435,1.60,4.00
2010.02.23 08:33:17.090,1.2441,1.24435,4.70,4.00
2010.02.23 08:33:17.452,1.24415,1.24435,9.60,1.60
2010.02.23 08:33:17.809,1.24415,1.24435,8.00,1.60
2010.02.23 08:33:18.212,1.24415,1.24435,9.60,1.60
2010.02.23 08:33:18.573,1.24415,1.24435,12.80,1.60
2010.02.23 08:33:19.278,1.24415,1.24435,12.80,1.00
2010.02.23 08:33:20.301,1.2442,1.24435,1.50,1.00
2010.02.23 08:33:20.999,1.24425,1.2444,1.00,3.20
2010.02.23 08:33:21.309,1.2442,1.2444,1.60,1.60
2010.02.23 08:33:21.923,1.2442,1.2444,3.90,1.60
2010.02.23 08:33:22.206,1.2442,1.2444,5.50,1.60
2010.02.23 08:33:22.966,1.24435,1.2445,1.50,2.00
2010.02.23 08:33:23.342,1.2444,1.2446,3.10,5.20
2010.02.23 08:33:23.798,1.2444,1.2446,4.80,4.40
2010.02.23 08:33:24.527,1.2444,1.24455,4.70,1.60
2010.02.23 08:33:24.856,1.2444,1.2446,3.10,6.80
2010.02.23 08:33:25.906,1.2444,1.2446,1.50,8.40
2010.02.23 08:33:26.603,1.2444,1.24455,1.50,3.20
2010.02.23 08:33:26.958,1.2444,1.24455,1.50,2.40
2010.02.23 08:33:28.048,1.2444,1.2446,1.50,6.80
2010.02.23 08:33:29.114,1.2444,1.24455,1.50,2.40
2010.02.23 08:33:29.907,1.24445,1.24455,1.50,1.00
2010.02.23 08:33:30.151,1.24445,1.24465,3.10,4.50
2010.02.23 08:33:31.248,1.24445,1.24465,3.10,4.90
2010.02.23 08:33:31.568,1.2444,1.2447,4.80,15.60
2010.02.23 08:33:32.903,1.24455,1.24465,5.20,2.40
2010.02.23 08:33:33.697,1.2446,1.24475,4.80,5.20
2010.02.23 08:33:34.478,1.2446,1.2448,7.20,1.00
2010.02.23 08:33:34.844,1.24465,1.24485,3.10,6.00
2010.02.23 08:33:35.332,1.24465,1.2448,1.60,4.00
2010.02.23 08:33:35.709,1.2446,1.24475,1.50,1.60
2010.02.23 08:33:38.283,1.2446,1.24475,1.50,3.20
2010.02.23 08:33:38.592,1.2445,1.24465,3.90,2.80
2010.02.23 08:33:39.282,1.2445,1.24465,3.10,1.00
2010.02.23 08:33:39.503,1.2445,1.2447,4.70,2.40
2010.02.23 08:33:40.189,1.2445,1.2447,3.10,3.20
2010.02.23 08:33:40.415,1.2445,1.2447,3.10,4.00
2010.02.23 08:33:41.200,1.24455,1.2447,6.70,1.00
2010.02.23 08:33:41.550,1.24455,1.24475,1.60,1.60
2010.02.23 08:33:41.912,1.24465,1.24475,1.00,1.20
2010.02.23 08:33:42.468,1.24465,1.24485,1.60,4.80
2010.02.23 08:33:42.839,1.24465,1.24485,4.80,1.60
2010.02.23 08:33:43.194,1.24465,1.24485,10.00,1.00
2010.02.23 08:33:43.623,1.24465,1.24485,3.20,5.60
2010.02.23 08:33:43.976,1.24465,1.24485,3.10,5.60
2010.02.23 08:33:45.414,1.24465,1.24485,3.10,5.20
2010.02.23 08:33:45.760,1.24465,1.24485,3.10,4.40
2010.02.23 08:33:45.943,1.24465,1.24485,3.10,4.40
2010.02.23 08:33:46.627,1.24465,1.24485,3.10,4.40
2010.02.23 08:33:47.270,1.24465,1.24485,3.10,5.20
2010.02.23 08:33:47.997,1.24465,1.24485,3.10,5.20
2010.02.23 08:33:48.362,1.2446,1.24485,4.80,10.80
2010.02.23 08:33:50.365,1.2446,1.2448,3.10,1.60
2010.02.23 08:33:50.995,1.24455,1.2447,1.60,2.40
2010.02.23 08:33:51.290,1.2445,1.2447,3.10,4.00
2010.02.23 08:33:51.737,1.24455,1.2447,1.50,4.00
2010.02.23 08:33:52.097,1.24455,1.24475,1.50,9.30
2010.02.23 08:33:52.881,1.2445,1.2447,3.10,1.00
2010.02.23 08:33:57.200,1.24455,1.24475,1.50,9.20
2010.02.23 08:33:57.565,1.2445,1.2447,3.10,2.00
2010.02.23 08:33:57.966,1.2445,1.2447,1.50,1.20
2010.02.23 08:33:58.328,1.2445,1.24465,1.50,1.00
2010.02.23 08:33:59.062,1.24445,1.24465,10.00,1.00
2010.02.23 08:33:59.422,1.24445,1.24465,12.80,1.00
2010.02.23 08:34:00.351,1.24445,1.24465,10.40,1.60
2010.02.23 08:34:01.040,1.24445,1.2446,3.10,2.40
2010.02.23 08:34:01.297,1.2444,1.2446,3.10,4.00
2010.02.23 08:34:01.935,1.24435,1.2446,9.90,4.00
2010.02.23 08:34:02.252,1.24435,1.24455,3.10,2.40
2010.02.23 08:34:03.237,1.2443,1.24455,4.70,4.00
2010.02.23 08:34:03.602,1.2443,1.2445,3.10,2.40
2010.02.23 08:34:04.263,1.24435,1.24455,1.50,6.40
2010.02.23 08:34:04.555,1.24435,1.24455,3.10,2.40
2010.02.23 08:34:04.809,1.2444,1.2446,1.50,5.60
2010.02.23 08:34:05.695,1.2444,1.24455,1.50,1.00
2010.02.23 08:34:06.860,1.24435,1.24455,3.10,6.80
2010.02.23 08:34:07.179,1.24435,1.2445,1.60,1.00
2010.02.23 08:34:07.831,1.2443,1.2445,3.10,1.00
2010.02.23 08:34:08.186,1.2443,1.2445,3.10,1.60
2010.02.23 08:34:08.535,1.24425,1.2445,15.60,1.60
2010.02.23 08:34:08.991,1.24425,1.2445,15.20,1.60
2010.02.23 08:34:09.277,1.2443,1.2445,3.10,1.00
2010.02.23 08:34:09.830,1.24435,1.24455,6.70,7.30
2010.02.23 08:34:10.477,1.24435,1.24455,8.30,2.40
2010.02.23 08:34:11.886,1.24435,1.2445,3.10,1.00
2010.02.23 08:34:12.800,1.24435,1.24455,3.10,6.80
2010.02.23 08:34:13.055,1.24435,1.24455,3.90,6.00
2010.02.23 08:34:13.587,1.24435,1.24455,9.10,4.40
2010.02.23 08:34:13.945,1.24445,1.24455,5.20,4.10
2010.02.23 08:34:14.298,1.2444,1.2446,3.90,5.70
2010.02.23 08:34:14.872,1.2444,1.2446,3.10,8.90
2010.02.23 08:34:15.218,1.2444,1.24455,3.10,2.40
2010.02.23 08:34:15.394,1.24435,1.2445,3.90,1.00
2010.02.23 08:34:15.904,1.24435,1.2445,3.10,1.00
2010.02.23 08:34:16.884,1.24435,1.24445,3.10,1.00
2010.02.23 08:34:17.244,1.24435,1.24445,3.10,2.00
2010.02.23 08:34:18.673,1.24435,1.24445,3.10,2.40
2010.02.23 08:34:19.024,1.24435,1.24445,8.30,1.20
2010.02.23 08:34:19.337,1.2444,1.2445,3.10,1.00
2010.02.23 08:34:20.091,1.2444,1.24455,3.10,1.00
2010.02.23 08:34:20.259,1.2444,1.2446,3.10,2.50
2010.02.23 08:34:20.429,1.2444,1.24455,3.10,2.40
2010.02.23 08:34:20.521,1.2444,1.24455,3.10,4.90
2010.02.23 08:34:20.609,1.24435,1.24455,3.10,4.90
2010.02.23 08:34:20.703,1.24435,1.24455,3.10,6.50
2010.02.23 08:34:21.543,1.24435,1.24455,3.10,6.00
2010.02.23 08:34:21.922,1.24435,1.2445,3.10,1.00
2010.02.23 08:34:25.009,1.24435,1.2445,1.50,1.00
2010.02.23 08:34:25.291,1.24435,1.2445,1.50,1.00
2010.02.23 08:34:25.563,1.24435,1.2445,1.50,1.60
2010.02.23 08:34:25.904,1.24435,1.2445,1.50,1.00
2010.02.23 08:34:26.670,1.24435,1.2445,3.10,1.00
2010.02.23 08:34:27.462,1.24435,1.24445,8.30,1.00
2010.02.23 08:34:27.813,1.24435,1.24455,8.30,1.00
2010.02.23 08:34:28.169,1.24435,1.2445,3.10,1.00
2010.02.23 08:34:28.907,1.24435,1.2445,1.50,1.00
2010.02.23 08:34:31.122,1.24435,1.2445,1.50,2.40
2010.02.23 08:34:31.482,1.24425,1.2445,9.90,4.00
2010.02.23 08:34:33.722,1.24425,1.2444,4.70,1.00
2010.02.23 08:34:34.085,1.24425,1.2444,3.10,1.00
2010.02.23 08:34:34.445,1.2442,1.2444,3.10,2.50
2010.02.23 08:34:34.593,1.2442,1.2444,3.10,8.00
2010.02.23 08:34:34.996,1.2442,1.2444,3.10,5.60
2010.02.23 08:34:35.139,1.2442,1.2444,3.20,1.60
2010.02.23 08:34:35.417,1.24425,1.2444,1.50,1.00
2010.02.23 08:34:36.429,1.24425,1.2444,6.70,1.00
2010.02.23 08:34:37.238,1.24425,1.2444,6.70,1.00
2010.02.23 08:34:37.641,1.24425,1.2444,6.70,1.00
2010.02.23 08:34:38.339,1.24425,1.24435,1.50,1.00
2010.02.23 08:34:38.558,1.2442,1.24435,3.10,1.00
2010.02.23 08:34:38.915,1.24415,1.24435,3.60,2.40
2010.02.23 08:34:39.428,1.24415,1.2443,3.20,1.00
2010.02.23 08:34:39.788,1.24405,1.2442,3.50,3.40
2010.02.23 08:34:39.925,1.24405,1.2442,8.80,3.40
2010.02.23 08:34:40.527,1.24405,1.2442,6.70,3.40
2010.02.23 08:34:40.676,1.24405,1.2442,6.70,3.10
2010.02.23 08:34:41.195,1.24405,1.24425,8.40,1.00
2010.02.23 08:34:41.585,1.24405,1.2443,10.00,7.50
2010.02.23 08:34:42.363,1.24405,1.24425,10.00,1.00
2010.02.23 08:34:42.734,1.2442,1.24435,1.60,1.00
2010.02.23 08:34:44.071,1.2442,1.24435,1.00,1.00
2010.02.23 08:34:44.822,1.2442,1.24435,1.00,1.60
2010.02.23 08:34:45.561,1.24415,1.24435,3.20,2.40
2010.02.23 08:34:46.201,1.24415,1.24435,1.60,4.80
2010.02.23 08:34:46.465,1.2441,1.2443,2.90,1.60
2010.02.23 08:34:47.106,1.24405,1.2443,10.00,5.00
2010.02.23 08:34:47.479,1.2441,1.2443,1.60,4.00
2010.02.23 08:34:47.831,1.2441,1.2443,1.60,3.20
2010.02.23 08:34:49.313,1.2441,1.2443,1.60,1.60
2010.02.23 08:34:50.045,1.24405,1.2442,1.50,3.10
2010.02.23 08:34:50.210,1.24405,1.2442,6.70,3.10
2010.02.23 08:34:50.368,1.24405,1.2442,6.70,1.00
2010.02.23 08:34:50.530,1.24405,1.2442,6.70,1.00
2010.02.23 08:34:51.050,1.244,1.2442,3.10,3.10
2010.02.23 08:34:53.005,1.24395,1.24415,6.30,1.00
2010.02.23 08:34:53.286,1.24395,1.24415,1.50,2.50
2010.02.23 08:34:53.531,1.24395,1.2442,1.50,9.20
2010.02.23 08:34:53.937,1.24395,1.24415,1.50,6.40
2010.02.23 08:34:55.221,1.24395,1.24415,1.60,6.70
2010.02.23 08:34:55.765,1.24395,1.24415,6.80,4.00
2010.02.23 08:34:56.421,1.24405,1.24415,8.60,1.60
2010.02.23 08:34:56.785,1.24405,1.24425,1.60,4.00
2010.02.23 08:34:57.239,1.24405,1.24425,1.60,5.20
2010.02.23 08:34:57.957,1.244,1.24425,4.00,9.50
2010.02.23 08:34:58.309,1.244,1.24425,3.20,9.50
2010.02.23 08:35:00.684,1.244,1.2442,3.10,1.00
2010.02.23 08:35:01.034,1.244,1.24415,1.50,1.00
2010.02.23 08:35:02.538,1.244,1.2442,1.50,6.80
2010.02.23 08:35:02.864,1.244,1.2442,1.50,6.70
2010.02.23 08:35:03.525,1.244,1.2442,1.50,5.10
2010.02.23 08:35:03.910,1.24405,1.24425,5.20,7.60
2010.02.23 08:35:04.615,1.24405,1.24425,5.20,8.40
2010.02.23 08:35:07.305,1.244,1.24425,3.20,8.40
2010.02.23 08:35:07.748,1.24405,1.24425,5.20,8.80
2010.02.23 08:35:07.982,1.24405,1.24425,5.20,8.70
2010.02.23 08:35:09.153,1.244,1.24425,3.20,8.70
2010.02.23 08:35:09.356,1.244,1.24425,3.20,10.40
2010.02.23 08:35:09.972,1.24405,1.24425,5.20,8.40
2010.02.23 08:35:10.480,1.24405,1.24425,5.20,8.30
2010.02.23 08:35:11.134,1.244,1.24415,1.60,1.60
2010.02.23 08:35:11.486,1.24395,1.24415,3.20,4.80
2010.02.23 08:35:11.955,1.24395,1.24415,8.40,1.00
2010.02.23 08:35:12.303,1.24395,1.24415,8.40,1.00
2010.02.23 08:35:13.366,1.24395,1.24415,14.00,1.00
2010.02.23 08:35:13.809,1.24395,1.24415,13.00,1.00
2010.02.23 08:35:16.239,1.24395,1.24415,10.60,1.00
2010.02.23 08:35:16.851,1.24405,1.24415,1.00,1.00
2010.02.23 08:35:17.202,1.244,1.2442,1.60,3.40
2010.02.23 08:35:17.816,1.24405,1.24425,1.50,8.00
2010.02.23 08:35:18.522,1.24405,1.2442,1.50,2.40
2010.02.23 08:35:18.996,1.24405,1.24425,6.70,15.60
2010.02.23 08:35:19.349,1.24405,1.24425,6.70,16.40
2010.02.23 08:35:19.698,1.24405,1.24425,6.70,15.60
2010.02.23 08:35:20.543,1.24405,1.24425,6.70,14.80
2010.02.23 08:35:21.367,1.24405,1.24425,6.70,13.60
2010.02.23 08:35:21.659,1.24405,1.24425,6.70,9.60
2010.02.23 08:35:22.524,1.24405,1.24425,6.70,5.60
2010.02.23 08:35:22.905,1.2441,1.2443,3.70,4.00
2010.02.23 08:35:23.653,1.24415,1.2443,1.50,3.40
2010.02.23 08:35:24.355,1.24415,1.2443,1.50,5.00
2010.02.23 08:35:25.555,1.2441,1.2443,3.10,5.00
2010.02.23 08:35:26.071,1.2441,1.2443,3.20,5.10
2010.02.23 08:35:26.509,1.2441,1.24425,3.10,4.00
2010.02.23 08:35:26.867,1.24415,1.24425,5.20,3.40
2010.02.23 08:35:27.146,1.2442,1.24435,1.60,5.20
2010.02.23 08:35:27.753,1.24415,1.24435,3.20,6.60
2010.02.23 08:35:29.730,1.24425,1.24435,1.50,1.60
2010.02.23 08:35:30.452,1.2443,1.24445,1.00,1.00
2010.02.23 08:35:30.703,1.2443,1.2445,1.00,8.00
2010.02.23 08:35:31.339,1.2443,1.2445,1.00,7.60
2010.02.23 08:35:33.496,1.2443,1.2445,1.00,8.40
2010.02.23 08:35:33.836,1.2443,1.2445,1.00,7.00
2010.02.23 08:35:34.433,1.24425,1.2444,1.50,3.80
2010.02.23 08:35:34.992,1.24425,1.2444,1.50,3.70
2010.02.23 08:35:35.443,1.24425,1.24445,1.50,7.70
2010.02.23 08:35:35.651,1.24425,1.24445,1.50,6.90
2010.02.23 08:35:37.050,1.24425,1.2444,1.50,3.80
2010.02.23 08:35:38.284,1.2442,1.24435,1.50,2.50
2010.02.23 08:35:38.654,1.24415,1.2443,3.20,1.00
2010.02.23 08:35:39.268,1.24415,1.24435,3.20,2.50
2010.02.23 08:35:40.955,1.24415,1.2443,3.10,2.40
2010.02.23 08:35:42.049,1.24415,1.2443,3.20,2.40
2010.02.23 08:35:42.444,1.2441,1.2443,4.80,2.40
2010.02.23 08:35:43.235,1.2441,1.24425,1.50,2.40
2010.02.23 08:35:43.853,1.24405,1.24425,3.20,2.40
2010.02.23 08:35:44.928,1.24405,1.24425,1.60,3.20
2010.02.23 08:35:45.006,1.24405,1.2442,1.50,2.40
2010.02.23 08:35:45.096,1.24405,1.2442,1.50,3.70
2010.02.23 08:35:45.192,1.24405,1.2442,1.50,3.00
2010.02.23 08:35:45.694,1.24405,1.24425,6.70,2.50
2010.02.23 08:35:46.688,1.24405,1.24415,1.50,1.00
2010.02.23 08:35:47.179,1.24395,1.24415,8.80,1.60
2010.02.23 08:35:47.923,1.24395,1.24415,6.80,1.60
2010.02.23 08:35:49.562,1.24395,1.2441,6.80,2.40
2010.02.23 08:35:50.065,1.24395,1.24415,3.20,5.90
2010.02.23 08:35:50.261,1.24395,1.24415,3.20,7.50
2010.02.23 08:35:51.132,1.24405,1.24415,5.20,1.00
2010.02.23 08:35:51.502,1.24395,1.2441,4.30,3.40
2010.02.23 08:35:52.213,1.24395,1.2441,3.10,3.40
2010.02.23 08:35:52.575,1.24395,1.2441,1.50,3.40
2010.02.23 08:35:54.752,1.24395,1.2441,3.10,3.40
2010.02.23 08:35:55.192,1.2439,1.24405,3.90,2.40
2010.02.23 08:35:55.412,1.2439,1.24405,3.10,3.10
2010.02.23 08:35:56.171,1.2439,1.24405,3.10,3.50
2010.02.23 08:35:56.468,1.24385,1.244,4.30,2.40
2010.02.23 08:35:57.141,1.2438,1.24395,3.60,2.40
2010.02.23 08:35:57.497,1.2438,1.24395,3.10,3.10
2010.02.23 08:35:58.973,1.2438,1.244,3.60,5.50
2010.02.23 08:35:59.326,1.2438,1.244,2.00,4.70
2010.02.23 08:35:59.543,1.2438,1.244,2.40,5.50
2010.02.23 08:35:59.760,1.2438,1.244,4.00,4.70
2010.02.23 08:36:00.273,1.24385,1.244,1.00,3.00
2010.02.23 08:36:00.504,1.24385,1.244,3.90,3.10
2010.02.23 08:36:01.204,1.24385,1.244,3.10,3.00
2010.02.23 08:36:01.514,1.24385,1.24405,8.70,3.10
2010.02.23 08:36:02.247,1.24385,1.24405,10.30,3.10
2010.02.23 08:36:02.943,1.24385,1.244,3.90,3.40
2010.02.23 08:36:04.698,1.24385,1.244,3.50,3.40
2010.02.23 08:36:04.797,1.24385,1.244,1.90,3.40
2010.02.23 08:36:04.885,1.24385,1.244,1.50,3.40
2010.02.23 08:36:04.977,1.24385,1.244,2.00,3.40
2010.02.23 08:36:05.076,1.24385,1.244,2.80,3.50
2010.02.23 08:36:05.559,1.2438,1.24395,3.60,1.00
2010.02.23 08:36:05.746,1.2438,1.244,3.60,5.50
2010.02.23 08:36:06.100,1.2438,1.244,3.60,3.50
2010.02.23 08:36:06.448,1.24385,1.244,1.60,3.50
2010.02.23 08:36:06.920,1.24385,1.244,2.00,3.50
2010.02.23 08:36:07.267,1.24385,1.244,2.00,4.70
2010.02.23 08:36:07.465,1.24385,1.244,2.00,5.50
2010.02.23 08:36:07.854,1.24385,1.244,2.40,5.50
2010.02.23 08:36:08.059,1.24385,1.244,1.00,4.70
2010.02.23 08:36:08.376,1.2438,1.244,3.60,3.50
2010.02.23 08:36:09.588,1.24385,1.244,6.80,1.00
2010.02.23 08:36:09.916,1.24385,1.24405,10.80,4.20
2010.02.23 08:36:10.230,1.24385,1.24405,10.40,4.20
2010.02.23 08:36:10.634,1.2439,1.24405,1.50,5.40
2010.02.23 08:36:10.968,1.2439,1.24405,3.10,5.40
2010.02.23 08:36:11.294,1.2439,1.24405,3.10,4.20
2010.02.23 08:36:12.323,1.24395,1.24405,5.20,4.20
2010.02.23 08:36:12.634,1.24395,1.2441,8.30,2.90
2010.02.23 08:36:13.301,1.244,1.24415,3.90,1.00
2010.02.23 08:36:13.662,1.24405,1.24425,3.10,3.20
2010.02.23 08:36:14.573,1.24405,1.24425,3.10,3.20
2010.02.23 08:36:15.339,1.24405,1.24425,3.10,4.40
2010.02.23 08:36:15.535,1.24405,1.24425,3.10,5.20
2010.02.23 08:36:15.847,1.244,1.24425,5.90,3.20
2010.02.23 08:36:16.165,1.24405,1.24425,8.30,3.20
2010.02.23 08:36:16.480,1.2441,1.24425,1.50,3.20
2010.02.23 08:36:18.101,1.2441,1.2442,1.50,1.00
2010.02.23 08:36:18.364,1.24405,1.2442,1.90,1.00
2010.02.23 08:36:18.991,1.24405,1.2442,3.10,2.40
2010.02.23 08:36:19.357,1.24405,1.24425,6.70,8.30
2010.02.23 08:36:20.122,1.24395,1.2442,12.80,6.20
2010.02.23 08:36:20.338,1.24395,1.24415,12.80,1.00
2010.02.23 08:36:20.546,1.24395,1.24415,12.90,1.00
2010.02.23 08:36:20.995,1.24395,1.24415,10.40,1.00
2010.02.23 08:36:21.225,1.24395,1.24415,4.00,5.40
2010.02.23 08:36:21.581,1.24395,1.24415,4.00,5.50
2010.02.23 08:36:22.522,1.24395,1.24415,3.20,5.50
2010.02.23 08:36:23.023,1.24395,1.24415,1.00,5.50
2010.02.23 08:36:23.271,1.24395,1.24415,1.00,7.10
2010.02.23 08:36:24.878,1.24395,1.24415,1.00,5.50
2010.02.23 08:36:25.572,1.244,1.24415,1.00,3.00
2010.02.23 08:36:25.663,1.244,1.24415,1.00,2.40
2010.02.23 08:36:25.723,1.244,1.2442,1.00,4.00
2010.02.23 08:36:27.179,1.24405,1.24415,5.20,1.00
2010.02.23 08:36:27.929,1.24405,1.2442,5.20,1.60
2010.02.23 08:36:28.543,1.244,1.2442,5.20,1.60
2010.02.23 08:36:29.028,1.244,1.2442,3.20,1.60
2010.02.23 08:36:31.159,1.244,1.2442,1.00,1.60
2010.02.23 08:36:32.648,1.244,1.2442,1.00,1.60
2010.02.23 08:36:35.447,1.244,1.2442,3.60,1.60
2010.02.23 08:36:35.920,1.244,1.2442,5.20,1.60
2010.02.23 08:36:38.072,1.24405,1.24425,6.70,5.10
2010.02.23 08:36:38.817,1.24405,1.2442,6.70,2.40
2010.02.23 08:36:39.158,1.24405,1.24425,8.30,1.00
2010.02.23 08:36:39.867,1.24405,1.2443,13.60,4.60
2010.02.23 08:36:40.090,1.24405,1.2443,12.80,4.00
2010.02.23 08:36:40.527,1.24405,1.2443,12.80,4.10
2010.02.23 08:36:41.638,1.24405,1.2443,5.60,3.30
2010.02.23 08:36:41.994,1.2441,1.2443,3.10,4.10
2010.02.23 08:36:42.709,1.2441,1.2443,1.50,1.70
2010.02.23 08:36:43.075,1.2441,1.2443,1.50,3.30
2010.02.23 08:36:44.106,1.2441,1.2443,1.50,1.60
2010.02.23 08:36:44.438,1.2441,1.2443,1.50,4.10
2010.02.23 08:36:45.068,1.2441,1.2443,1.50,5.60
2010.02.23 08:36:45.321,1.24405,1.24425,7.20,1.00
2010.02.23 08:36:48.515,1.24405,1.24425,13.00,1.00
2010.02.23 08:36:49.008,1.2441,1.2443,1.50,1.60
2010.02.23 08:36:51.167,1.2441,1.2443,1.50,5.60
2010.02.23 08:36:51.666,1.2441,1.2443,1.50,5.70
2010.02.23 08:36:52.279,1.2441,1.2443,1.50,4.10
2010.02.23 08:36:52.575,1.2441,1.2443,1.50,1.60
2010.02.23 08:36:53.126,1.2441,1.2443,3.10,1.00
2010.02.23 08:36:53.800,1.24405,1.2443,13.50,4.00
2010.02.23 08:36:55.407,1.2441,1.2443,1.50,5.60
2010.02.23 08:36:56.965,1.2441,1.2443,1.50,5.70
2010.02.23 08:36:57.335,1.24405,1.24425,6.40,1.00
2010.02.23 08:37:00.195,1.24405,1.24425,6.30,1.00
2010.02.23 08:37:00.784,1.24405,1.2441,1.60,2.40
2010.02.23 08:37:00.877,1.244,1.2441,1.50,2.40
2010.02.23 08:37:02.982,1.244,1.24415,1.50,2.40
2010.02.23 08:37:03.615,1.244,1.24415,1.50,4.00
2010.02.23 08:37:03.914,1.244,1.2441,1.50,2.40
2010.02.23 08:37:04.444,1.24395,1.2441,3.10,2.40
2010.02.23 08:37:06.466,1.2439,1.2441,3.90,2.40
2010.02.23 08:37:06.829,1.24385,1.244,3.10,3.40
2010.02.23 08:37:07.851,1.24385,1.24405,3.20,3.60
2010.02.23 08:37:08.083,1.24385,1.24405,3.20,3.60
2010.02.23 08:37:08.656,1.24385,1.24405,3.20,9.20
2010.02.23 08:37:09.026,1.2438,1.244,3.50,3.50
2010.02.23 08:37:11.099,1.24385,1.24395,1.50,1.00
2010.02.23 08:37:11.401,1.2438,1.24395,3.10,3.40
2010.02.23 08:37:12.352,1.2438,1.24395,1.50,3.40
2010.02.23 08:37:12.622,1.2438,1.24395,1.50,5.00
2010.02.23 08:37:13.254,1.2438,1.24395,1.50,3.50
2010.02.23 08:37:13.525,1.2437,1.2439,1.50,5.00
2010.02.23 08:37:14.771,1.2437,1.2439,1.60,6.70
2010.02.23 08:37:15.135,1.2437,1.2439,1.60,10.70
2010.02.23 08:37:16.771,1.2437,1.2439,1.50,10.60
2010.02.23 08:37:16.854,1.2437,1.2439,1.50,6.60
2010.02.23 08:37:17.590,1.2437,1.24385,3.50,1.00
2010.02.23 08:37:18.200,1.2437,1.2438,3.90,1.00
2010.02.23 08:37:18.948,1.24375,1.2439,5.20,1.60
2010.02.23 08:37:20.110,1.24375,1.2439,5.20,1.00
2010.02.23 08:37:21.259,1.24375,1.2439,5.20,1.60
2010.02.23 08:37:22.003,1.24375,1.24385,5.20,1.00
2010.02.23 08:37:22.364,1.24365,1.24385,10.80,1.60
2010.02.23 08:37:23.087,1.24365,1.24385,3.20,5.00
2010.02.23 08:37:23.439,1.24365,1.2438,2.40,1.60
2010.02.23 08:37:24.631,1.24365,1.2438,2.40,1.60
2010.02.23 08:37:27.233,1.2436,1.24375,1.00,5.00
2010.02.23 08:37:27.585,1.24355,1.24375,11.20,1.60
2010.02.23 08:37:28.338,1.24365,1.2438,2.00,6.60
2010.02.23 08:37:28.713,1.24365,1.2437,1.40,1.00
2010.02.23 08:37:29.458,1.2436,1.24375,2.40,4.20
2010.02.23 08:37:29.815,1.24365,1.2438,5.20,1.00
2010.02.23 08:37:30.865,1.24365,1.2438,5.20,1.00
2010.02.23 08:37:32.248,1.24365,1.2438,7.20,1.00
2010.02.23 08:37:33.108,1.24365,1.2438,7.60,1.00
2010.02.23 08:37:33.690,1.24365,1.2438,9.20,1.00
2010.02.23 08:37:34.252,1.24365,1.24385,10.00,5.20
2010.02.23 08:37:34.353,1.24365,1.24385,9.20,5.20
2010.02.23 08:37:37.900,1.24365,1.2438,4.80,1.00
2010.02.23 08:37:38.099,1.24365,1.2438,2.40,1.60
2010.02.23 08:37:38.750,1.24375,1.2438,5.20,1.60
2010.02.23 08:37:39.143,1.24375,1.24395,7.10,4.80
2010.02.23 08:37:39.899,1.24375,1.24395,7.50,1.60
2010.02.23 08:37:40.269,1.24375,1.24395,1.50,4.00
2010.02.23 08:37:40.631,1.24375,1.2439,1.50,1.00
2010.02.23 08:37:43.025,1.24375,1.2439,6.70,1.00
2010.02.23 08:37:43.503,1.24375,1.24395,9.60,3.20
2010.02.23 08:37:43.857,1.24375,1.24395,10.40,3.20
2010.02.23 08:37:44.220,1.24375,1.2439,1.60,3.50
2010.02.23 08:37:44.817,1.2437,1.2439,1.00,5.10
2010.02.23 08:37:45.133,1.24365,1.2439,14.40,6.70
2010.02.23 08:37:45.553,1.2437,1.2439,1.60,5.90
2010.02.23 08:37:45.862,1.24365,1.2439,12.00,5.90
2010.02.23 08:37:46.215,1.24365,1.24385,12.00,1.60
2010.02.23 08:37:46.700,1.24365,1.24385,15.40,1.60
2010.02.23 08:37:47.415,1.24375,1.24385,1.20,1.60
2010.02.23 08:37:47.768,1.24375,1.24385,1.00,1.00
2010.02.23 08:37:48.114,1.24365,1.24385,14.90,1.60
2010.02.23 08:37:49.223,1.24375,1.24385,1.00,1.60
2010.02.23 08:37:49.413,1.24375,1.24385,1.90,1.60
2010.02.23 08:37:50.563,1.24375,1.24385,2.30,1.00
2010.02.23 08:37:56.410,1.24375,1.24385,1.50,1.00
2010.02.23 08:37:56.822,1.24375,1.24385,1.10,1.00
2010.02.23 08:37:57.174,1.24365,1.24385,15.90,1.00
2010.02.23 08:37:57.439,1.2437,1.24385,1.00,1.00
2010.02.23 08:37:58.055,1.24365,1.24385,14.90,1.00
2010.02.23 08:37:58.362,1.24365,1.24385,15.30,1.00
2010.02.23 08:37:58.722,1.24375,1.24385,1.00,1.00
2010.02.23 08:37:59.146,1.24375,1.24385,1.00,1.00
2010.02.23 08:37:59.497,1.24365,1.24385,15.00,1.00
2010.02.23 08:37:59.850,1.24375,1.24385,5.20,1.00
2010.02.23 08:38:00.207,1.24375,1.24385,1.00,1.00
2010.02.23 08:38:00.704,1.2437,1.24385,1.00,1.00
2010.02.23 08:38:00.840,1.24365,1.24385,15.40,1.00
2010.02.23 08:38:01.297,1.24375,1.2439,6.40,1.60
2010.02.23 08:38:01.661,1.24375,1.2439,7.20,1.60
2010.02.23 08:38:02.498,1.24375,1.2439,7.60,1.60
2010.02.23 08:38:03.896,1.24375,1.24395,9.20,1.60
2010.02.23 08:38:07.742,1.24375,1.24395,9.20,1.60
2010.02.23 08:38:09.874,1.24375,1.24395,10.00,1.60
2010.02.23 08:38:11.021,1.24375,1.24395,10.80,1.60
2010.02.23 08:38:12.486,1.24385,1.24395,5.20,1.60
2010.02.23 08:38:12.846,1.24385,1.24395,5.20,1.00
2010.02.23 08:38:13.629,1.24385,1.244,5.20,3.20
2010.02.23 08:38:14.413,1.24385,1.24395,5.20,1.00
2010.02.23 08:38:14.776,1.24375,1.24395,16.40,1.00
2010.02.23 08:38:15.133,1.24375,1.24395,15.60,1.00
2010.02.23 08:38:15.751,1.24385,1.24395,5.20,1.00
2010.02.23 08:38:16.040,1.24385,1.244,5.20,2.60
2010.02.23 08:38:16.705,1.24385,1.244,5.20,1.00
2010.02.23 08:38:17.072,1.24385,1.24405,8.40,1.60
2010.02.23 08:38:19.886,1.24385,1.244,7.20,1.60
2010.02.23 08:38:20.237,1.24385,1.24405,6.80,1.60
2010.02.23 08:38:20.951,1.24395,1.24405,5.20,1.60
2010.02.23 08:38:21.311,1.24395,1.2441,5.20,3.20
2010.02.23 08:38:21.978,1.2441,1.24415,5.20,2.40
2010.02.23 08:38:22.344,1.2441,1.24435,5.20,5.60
2010.02.23 08:38:22.849,1.2441,1.24435,1.00,1.60
2010.02.23 08:38:23.201,1.2441,1.24435,4.70,3.40
2010.02.23 08:38:23.662,1.2441,1.2443,3.90,3.40
2010.02.23 08:38:24.013,1.2441,1.2443,3.10,5.00
2010.02.23 08:38:24.761,1.24405,1.24425,12.60,1.00
2010.02.23 08:38:25.132,1.24405,1.24425,11.80,1.00
2010.02.23 08:38:25.853,1.24405,1.2442,6.50,1.00
2010.02.23 08:38:26.139,1.24405,1.24425,3.10,15.50
2010.02.23 08:38:26.591,1.244,1.2442,7.50,2.40
2010.02.23 08:38:26.952,1.244,1.2442,3.10,5.10
2010.02.23 08:38:28.005,1.244,1.2442,3.10,6.70
2010.02.23 08:38:28.340,1.244,1.2442,3.50,5.10
2010.02.23 08:38:29.034,1.244,1.2442,3.10,5.10
2010.02.23 08:38:30.407,1.244,1.2442,1.50,6.70
2010.02.23 08:38:31.248,1.244,1.24415,1.50,2.80
2010.02.23 08:38:31.847,1.24395,1.24415,1.60,4.50
2010.02.23 08:38:32.196,1.24395,1.24415,1.50,4.40
2010.02.23 08:38:33.165,1.24395,1.2442,3.10,8.00
2010.02.23 08:38:34.499,1.2439,1.244,4.70,3.50
2010.02.23 08:38:34.840,1.24385,1.24405,9.90,2.40
2010.02.23 08:38:35.975,1.24385,1.24405,9.90,2.80
2010.02.23 08:38:36.328,1.24385,1.24405,9.90,6.00
2010.02.23 08:38:37.423,1.24385,1.244,8.30,1.00
2010.02.23 08:38:37.776,1.24385,1.244,6.70,2.40
2010.02.23 08:38:41.404,1.2438,1.24395,4.70,1.00
2010.02.23 08:38:42.462,1.2438,1.24395,1.50,1.00
2010.02.23 08:38:43.117,1.2438,1.24395,1.50,1.00
2010.02.23 08:38:43.478,1.24375,1.24395,14.00,1.00
2010.02.23 08:38:43.839,1.24375,1.2439,12.30,1.00
2010.02.23 08:38:44.028,1.24375,1.24385,1.00,1.00
2010.02.23 08:38:44.607,1.24375,1.24385,1.00,3.10
2010.02.23 08:38:44.925,1.24365,1.24385,9.90,4.70
2010.02.23 08:38:45.239,1.24365,1.24385,8.40,5.10
2010.02.23 08:38:45.906,1.24365,1.24385,10.30,4.50
2010.02.23 08:38:46.208,1.24365,1.24385,9.90,4.50
2010.02.23 08:38:46.503,1.24365,1.24385,11.50,4.50
2010.02.23 08:38:47.081,1.24375,1.24385,1.30,2.40
2010.02.23 08:38:47.817,1.2437,1.2439,1.60,5.10
2010.02.23 08:38:48.169,1.2437,1.2439,3.20,5.10
2010.02.23 08:38:48.529,1.24375,1.2439,1.00,5.10
2010.02.23 08:38:49.094,1.24375,1.2439,8.70,5.10
2010.02.23 08:38:49.463,1.24375,1.2439,8.70,1.00
2010.02.23 08:38:50.145,1.24375,1.24395,10.30,4.00
2010.02.23 08:38:50.482,1.2438,1.24395,1.60,2.40
2010.02.23 08:38:52.100,1.24375,1.2439,5.50,3.40
2010.02.23 08:38:52.335,1.24375,1.2439,3.90,3.40
2010.02.23 08:38:53.951,1.24375,1.2439,2.30,3.40
2010.02.23 08:38:54.323,1.24375,1.2439,2.30,6.00
2010.02.23 08:38:55.555,1.24375,1.2439,2.30,5.10
2010.02.23 08:38:56.094,1.24375,1.2439,2.30,5.50
2010.02.23 08:38:56.795,1.24375,1.2439,2.30,6.00
2010.02.23 08:38:59.011,1.24375,1.2439,2.20,6.00
2010.02.23 08:38:59.363,1.2437,1.2439,3.60,6.00
2010.02.23 08:38:59.880,1.2437,1.2439,3.20,6.00
2010.02.23 08:39:00.562,1.2437,1.2439,3.20,4.40
2010.02.23 08:39:00.997,1.2437,1.2439,4.80,3.50
2010.02.23 08:39:01.586,1.2437,1.2439,4.80,3.40
2010.02.23 08:39:02.859,1.24375,1.2439,5.60,1.00
2010.02.23 08:39:03.212,1.24375,1.2439,7.10,1.00
2010.02.23 08:39:03.867,1.24375,1.2439,7.50,1.00
2010.02.23 08:39:04.819,1.24375,1.2439,7.60,1.00
2010.02.23 08:39:05.403,1.24375,1.24395,9.10,9.90
2010.02.23 08:39:05.593,1.24375,1.24395,9.10,5.10
2010.02.23 08:39:06.630,1.24375,1.24395,12.30,1.60
2010.02.23 08:39:07.858,1.24375,1.2439,6.80,2.40
2010.02.23 08:39:08.221,1.24375,1.24395,8.40,6.50
2010.02.23 08:39:09.902,1.24375,1.2438,1.00,1.00
2010.02.23 08:39:10.164,1.24365,1.2438,6.00,3.10
2010.02.23 08:39:10.740,1.24365,1.24385,5.20,5.10
2010.02.23 08:39:11.098,1.24355,1.24365,1.00,1.60
2010.02.23 08:39:11.830,1.24345,1.24365,1.00,4.00
2010.02.23 08:39:12.150,1.24335,1.24355,15.40,1.60
2010.02.23 08:39:12.802,1.24345,1.2436,5.20,1.00
2010.02.23 08:39:13.234,1.24345,1.24365,3.10,2.40
2010.02.23 08:39:13.581,1.2434,1.2436,7.50,1.00
2010.02.23 08:39:13.934,1.2434,1.2436,7.10,1.00
2010.02.23 08:39:14.295,1.2434,1.2436,5.50,1.00
2010.02.23 08:39:14.928,1.24335,1.24355,12.90,4.40
2010.02.23 08:39:15.184,1.24335,1.24345,1.60,1.00
2010.02.23 08:39:15.425,1.24325,1.24345,11.90,1.00
2010.02.23 08:39:16.162,1.24325,1.24345,11.50,1.00
2010.02.23 08:39:18.949,1.24325,1.24345,9.90,1.00
2010.02.23 08:39:19.305,1.24325,1.24345,12.90,1.00
2010.02.23 08:39:20.426,1.2433,1.2435,1.50,5.40
2010.02.23 08:39:21.294,1.2433,1.2435,1.50,5.50
2010.02.23 08:39:21.547,1.2433,1.2435,1.50,4.40
2010.02.23 08:39:22.008,1.24335,1.2435,5.20,5.20
2010.02.23 08:39:22.369,1.24335,1.2435,5.20,4.40
2010.02.23 08:39:22.709,1.24335,1.2435,5.20,5.20
2010.02.23 08:39:24.048,1.2433,1.2435,3.90,3.10
2010.02.23 08:39:24.761,1.2433,1.24345,2.40,1.00
2010.02.23 08:39:25.088,1.24325,1.24345,12.80,1.60
2010.02.23 08:39:25.413,1.24325,1.24345,13.40,1.60
2010.02.23 08:39:26.207,1.24325,1.24345,11.80,1.60
2010.02.23 08:39:29.474,1.24325,1.24345,8.40,5.60
2010.02.23 08:39:29.852,1.24325,1.24345,10.80,1.60
2010.02.23 08:39:30.201,1.24325,1.24345,11.40,1.60
2010.02.23 08:39:30.945,1.24325,1.24345,11.80,1.60
2010.02.23 08:39:31.271,1.24325,1.24345,11.40,1.60
2010.02.23 08:39:31.707,1.24325,1.24345,11.40,1.60
2010.02.23 08:39:32.063,1.24325,1.24345,11.80,1.60
2010.02.23 08:39:33.164,1.24325,1.2434,6.10,2.40
2010.02.23 08:39:33.486,1.2432,1.24335,1.50,1.00
2010.02.23 08:39:33.967,1.2432,1.24335,1.50,2.40
2010.02.23 08:39:34.343,1.24315,1.24335,1.60,5.10
2010.02.23 08:39:35.071,1.24315,1.24335,1.50,5.10
2010.02.23 08:39:35.429,1.24315,1.24335,3.80,1.60
2010.02.23 08:39:36.075,1.24315,1.24335,9.80,1.60
2010.02.23 08:39:36.448,1.24315,1.24335,16.20,1.00
2010.02.23 08:39:37.201,1.24315,1.24335,15.40,1.00
2010.02.23 08:39:37.562,1.24315,1.24335,15.40,1.60
2010.02.23 08:39:42.141,1.24315,1.24335,12.20,1.60
2010.02.23 08:39:42.504,1.24315,1.24335,15.40,1.60
2010.02.23 08:39:43.118,1.24315,1.24335,11.90,1.60
2010.02.23 08:39:44.186,1.24315,1.24335,12.20,1.60
2010.02.23 08:39:44.526,1.24315,1.24335,11.90,1.60
2010.02.23 08:39:45.662,1.24315,1.24335,10.30,1.60
2010.02.23 08:39:47.097,1.24315,1.24335,8.70,1.60
2010.02.23 08:39:47.707,1.24315,1.24335,7.20,1.60
2010.02.23 08:39:48.403,1.2431,1.2433,9.00,1.00
2010.02.23 08:39:48.800,1.2431,1.2433,9.00,1.60
2010.02.23 08:39:50.077,1.2431,1.2433,7.80,1.60
2010.02.23 08:39:50.792,1.2431,1.2433,6.20,1.60
2010.02.23 08:39:50.960,1.2431,1.2433,3.80,1.60
2010.02.23 08:39:51.137,1.2431,1.24325,5.00,4.00
2010.02.23 08:39:51.612,1.2431,1.24325,1.20,4.70
2010.02.23 08:39:51.775,1.2431,1.24325,1.00,4.70
2010.02.23 08:39:52.124,1.24305,1.24325,11.40,4.70
2010.02.23 08:39:52.644,1.2431,1.24325,1.00,1.00
2010.02.23 08:39:53.229,1.2431,1.24325,1.00,1.00
2010.02.23 08:39:53.919,1.24305,1.24325,9.80,5.10
2010.02.23 08:39:54.162,1.24315,1.2433,5.20,3.40
2010.02.23 08:39:54.748,1.24315,1.2433,5.20,1.60
2010.02.23 08:39:57.421,1.24305,1.24325,15.40,1.60
2010.02.23 08:39:58.317,1.24305,1.2433,15.40,3.20
2010.02.23 08:40:00.024,1.2431,1.2433,1.00,3.20
2010.02.23 08:40:00.377,1.2431,1.2433,1.90,3.20
2010.02.23 08:40:00.770,1.2431,1.24325,1.90,1.00
2010.02.23 08:40:01.197,1.24315,1.24325,1.00,1.00
2010.02.23 08:40:01.398,1.2431,1.24325,1.50,1.00
2010.02.23 08:40:05.709,1.24315,1.2433,5.20,11.20
2010.02.23 08:40:05.977,1.2431,1.2433,3.50,1.60
2010.02.23 08:40:06.499,1.2431,1.2433,3.10,1.60
2010.02.23 08:40:07.814,1.2431,1.2433,1.90,1.60
2010.02.23 08:40:08.084,1.24315,1.2433,8.00,1.60
2010.02.23 08:40:08.435,1.24315,1.2433,13.20,1.60
2010.02.23 08:40:08.851,1.24315,1.2433,9.60,1.60
2010.02.23 08:40:09.223,1.24325,1.2433,5.20,1.60
2010.02.23 08:40:09.558,1.24325,1.24335,5.20,4.00
2010.02.23 08:40:09.897,1.24325,1.24335,5.20,1.60
2010.02.23 08:40:10.231,1.24325,1.2434,5.20,2.80
2010.02.23 08:40:10.715,1.24325,1.2433,5.20,2.40
2010.02.23 08:40:10.905,1.2431,1.2433,5.60,1.60
2010.02.23 08:40:11.444,1.24315,1.2433,1.00,4.00
2010.02.23 08:40:12.189,1.2431,1.24325,1.00,1.00
2010.02.23 08:40:12.546,1.2431,1.2433,3.10,3.20
2010.02.23 08:40:12.929,1.2431,1.2433,1.90,3.20
2010.02.23 08:40:16.726,1.2431,1.24325,1.50,1.60
2010.02.23 08:40:16.979,1.2431,1.24325,1.90,1.00
2010.02.23 08:40:17.242,1.2431,1.2433,1.90,1.60
2010.02.23 08:40:17.549,1.2431,1.24325,1.50,1.60
2010.02.23 08:40:18.049,1.2431,1.2433,1.50,3.80
2010.02.23 08:40:18.320,1.2431,1.24335,1.90,12.80
2010.02.23 08:40:19.013,1.2431,1.2433,1.50,3.20
2010.02.23 08:40:19.362,1.2431,1.24325,1.50,1.60
2010.02.23 08:40:20.056,1.243,1.24315,2.30,1.00
2010.02.23 08:40:20.338,1.243,1.24315,1.50,1.00
2010.02.23 08:40:20.825,1.24295,1.24315,17.50,1.00
2010.02.23 08:40:21.070,1.24295,1.24315,13.50,1.00
2010.02.23 08:40:21.872,1.24295,1.24315,14.30,1.00
2010.02.23 08:40:22.231,1.24295,1.24315,15.50,1.00
2010.02.23 08:40:22.597,1.24305,1.2432,6.80,1.00
2010.02.23 08:40:23.374,1.24305,1.2432,5.20,1.00
2010.02.23 08:40:25.809,1.24305,1.2432,5.20,1.00
2010.02.23 08:40:26.289,1.24305,1.2432,5.20,1.00
2010.02.23 08:40:26.448,1.243,1.2432,11.90,1.00
2010.02.23 08:40:27.270,1.243,1.2432,3.90,1.00
2010.02.23 08:40:27.633,1.24305,1.2432,5.20,1.00
2010.02.23 08:40:32.386,1.24305,1.24315,5.20,1.00
2010.02.23 08:40:33.202,1.24295,1.24315,5.50,1.00
2010.02.23 08:40:33.976,1.2429,1.2431,27.20,1.60
2010.02.23 08:40:34.327,1.24295,1.2431,1.00,1.60
2010.02.23 08:40:34.842,1.24295,1.2431,5.20,1.60
2010.02.23 08:40:35.215,1.24295,1.24315,9.60,3.20
2010.02.23 08:40:35.714,1.243,1.24315,1.00,3.20
2010.02.23 08:40:36.423,1.24295,1.24315,13.90,1.60
2010.02.23 08:40:36.694,1.243,1.24315,1.00,1.60
2010.02.23 08:40:37.045,1.24295,1.24315,13.90,1.60
2010.02.23 08:40:37.882,1.24295,1.24315,14.30,1.60
2010.02.23 08:40:38.240,1.2429,1.2431,25.60,1.60
2010.02.23 08:40:38.654,1.24295,1.2431,5.20,1.60
2010.02.23 08:40:39.031,1.24295,1.24315,10.00,3.20
2010.02.23 08:40:39.783,1.243,1.24315,1.00,1.60
2010.02.23 08:40:40.142,1.243,1.24315,1.00,1.00
2010.02.23 08:40:40.444,1.24295,1.24315,15.50,1.00
2010.02.23 08:40:41.331,1.24295,1.2431,10.40,1.00
2010.02.23 08:40:41.530,1.24295,1.24315,7.20,3.20
2010.02.23 08:40:42.298,1.24295,1.2431,7.60,1.00
2010.02.23 08:40:43.325,1.243,1.2431,1.00,1.00
2010.02.23 08:40:44.715,1.243,1.24315,1.00,1.00
2010.02.23 08:40:45.079,1.243,1.24315,1.60,1.00
2010.02.23 08:40:45.229,1.243,1.24315,1.20,1.00
2010.02.23 08:40:45.381,1.243,1.24315,1.00,1.00
2010.02.23 08:40:45.860,1.24295,1.24315,12.30,1.00
2010.02.23 08:40:46.024,1.243,1.24315,1.20,2.20
2010.02.23 08:40:46.558,1.24305,1.24315,1.00,1.00
2010.02.23 08:40:46.931,1.24305,1.24325,8.80,1.60
2010.02.23 08:40:47.288,1.2431,1.24325,1.00,1.00
2010.02.23 08:40:47.741,1.24315,1.2433,7.10,1.60
2010.02.23 08:40:48.095,1.24315,1.24335,8.70,1.00
2010.02.23 08:40:48.453,1.24315,1.24335,8.30,1.00
2010.02.23 08:40:49.390,1.24315,1.24335,3.10,4.00
2010.02.23 08:40:49.761,1.24315,1.24335,3.20,4.40
2010.02.23 08:40:50.513,1.24315,1.24335,3.10,4.40
2010.02.23 08:40:50.678,1.24315,1.24335,3.10,6.00
2010.02.23 08:40:50.830,1.24315,1.24335,3.10,6.80
2010.02.23 08:40:51.610,1.24315,1.2433,3.10,2.40
2010.02.23 08:40:51.978,1.2431,1.24325,3.10,1.00
2010.02.23 08:40:52.337,1.2431,1.24325,1.50,1.00
2010.02.23 08:40:55.448,1.2431,1.2433,1.60,9.60
2010.02.23 08:40:55.615,1.2431,1.2433,1.50,1.60
2010.02.23 08:40:56.114,1.24315,1.2433,1.50,1.60
2010.02.23 08:40:57.055,1.24315,1.2433,1.50,1.00
2010.02.23 08:40:57.403,1.24305,1.2433,14.30,2.80
2010.02.23 08:40:57.755,1.24305,1.24325,14.30,1.00
2010.02.23 08:40:58.260,1.2431,1.24325,1.60,1.00
2010.02.23 08:40:58.639,1.2431,1.2433,4.80,1.00
2010.02.23 08:40:59.354,1.2432,1.24335,3.10,1.00
2010.02.23 08:41:00.107,1.24315,1.24335,8.40,1.20
2010.02.23 08:41:00.461,1.24315,1.24335,8.40,1.00
2010.02.23 08:41:00.760,1.24315,1.24335,8.40,1.20
2010.02.23 08:41:01.059,1.24315,1.24335,8.40,2.00
2010.02.23 08:41:04.566,1.2432,1.24335,3.20,1.60
2010.02.23 08:41:04.938,1.24325,1.2434,3.20,1.60
2010.02.23 08:41:05.159,1.24325,1.2434,8.40,1.60
2010.02.23 08:41:05.594,1.2433,1.24345,1.50,1.00
2010.02.23 08:41:05.824,1.2433,1.24345,1.90,1.00
2010.02.23 08:41:06.046,1.2433,1.24345,1.50,1.20
2010.02.23 08:41:07.087,1.2433,1.24345,1.50,1.60
2010.02.23 08:41:07.447,1.2433,1.2435,1.50,6.00
2010.02.23 08:41:08.274,1.24335,1.2435,1.00,3.60
2010.02.23 08:41:09.023,1.2433,1.24345,1.50,1.00
2010.02.23 08:41:09.397,1.24325,1.2434,1.50,1.00
2010.02.23 08:41:10.075,1.2432,1.24335,1.00,1.00
2010.02.23 08:41:10.430,1.24315,1.24335,10.00,1.00
2010.02.23 08:41:11.282,1.2432,1.2434,1.60,4.00
2010.02.23 08:41:12.010,1.2432,1.2434,3.20,1.00
2010.02.23 08:41:12.396,1.2432,1.24335,3.10,1.00
2010.02.23 08:41:12.758,1.2432,1.24335,1.50,1.00
2010.02.23 08:41:13.516,1.2432,1.2434,1.60,2.80
2010.02.23 08:41:13.840,1.2432,1.2434,1.60,2.00
2010.02.23 08:41:14.193,1.2432,1.2434,1.60,4.40
2010.02.23 08:41:14.864,1.2432,1.24335,1.50,1.00
2010.02.23 08:41:15.138,1.2432,1.2434,1.60,6.00
2010.02.23 08:41:15.411,1.2432,1.2434,1.60,2.00
2010.02.23 08:41:16.597,1.2432,1.24335,1.50,1.00
2010.02.23 08:41:17.350,1.24325,1.2434,1.00,1.60
2010.02.23 08:41:17.717,1.24325,1.24345,5.20,3.60
2010.02.23 08:41:18.451,1.24325,1.24345,10.00,2.00
2010.02.23 08:41:18.848,1.24325,1.24335,8.30,1.00
2010.02.23 08:41:19.182,1.24325,1.2434,6.80,1.00
2010.02.23 08:41:19.597,1.24325,1.2434,5.20,1.00
2010.02.23 08:41:21.189,1.24325,1.24335,5.20,1.00
2010.02.23 08:41:21.384,1.2432,1.24335,1.50,1.00
2010.02.23 08:41:21.723,1.2432,1.24335,1.50,1.00
2010.02.23 08:41:22.072,1.24315,1.24335,11.90,1.00
2010.02.23 08:41:22.952,1.2432,1.24335,3.10,1.00
2010.02.23 08:41:24.565,1.2432,1.2434,3.20,4.00
2010.02.23 08:41:24.923,1.2432,1.24335,1.50,1.00
2010.02.23 08:41:28.218,1.2432,1.24335,1.50,1.00
2010.02.23 08:41:29.849,1.24325,1.2434,1.00,1.60
2010.02.23 08:41:30.204,1.2432,1.2434,8.50,1.00
2010.02.23 08:41:30.784,1.24325,1.24345,1.60,3.20
2010.02.23 08:41:31.320,1.24325,1.24345,1.60,1.60
2010.02.23 08:41:40.978,1.24325,1.24345,6.80,1.60
2010.02.23 08:41:44.647,1.24325,1.24345,5.20,1.60
2010.02.23 08:41:45.401,1.24325,1.2434,5.20,1.00
2010.02.23 08:41:45.738,1.24325,1.24345,1.60,3.60
2010.02.23 08:41:46.438,1.2432,1.24335,1.60,1.00
2010.02.23 08:41:46.738,1.24325,1.24335,5.20,1.00
2010.02.23 08:41:47.089,1.24325,1.2434,5.20,1.60
2010.02.23 08:41:47.873,1.24325,1.2434,5.20,1.00
2010.02.23 08:41:50.429,1.24325,1.2434,8.80,1.00
2010.02.23 08:41:50.957,1.24325,1.24345,8.40,1.60
2010.02.23 08:41:51.173,1.24325,1.2434,5.20,1.00
2010.02.23 08:41:51.886,1.24325,1.2434,8.00,1.00
2010.02.23 08:41:52.191,1.24325,1.2434,7.60,1.00
2010.02.23 08:41:52.678,1.24325,1.2434,8.80,1.00
2010.02.23 08:41:53.036,1.24325,1.2434,7.60,1.00
2010.02.23 08:41:53.881,1.24325,1.2434,8.00,1.00
2010.02.23 08:41:54.237,1.24325,1.24345,11.10,1.60
2010.02.23 08:41:54.682,1.24325,1.24345,12.70,1.60
2010.02.23 08:41:55.031,1.2433,1.24345,1.00,1.00
2010.02.23 08:41:56.039,1.24325,1.24345,12.70,1.00
2010.02.23 08:41:58.033,1.2433,1.2435,2.40,1.60
2010.02.23 08:41:58.233,1.2433,1.2435,3.60,1.60
2010.02.23 08:41:58.616,1.2433,1.2435,3.20,1.60
2010.02.23 08:41:58.814,1.2433,1.24355,2.40,8.60
2010.02.23 08:41:59.557,1.2433,1.2435,8.30,1.00
2010.02.23 08:41:59.914,1.24345,1.24365,10.30,1.00
2010.02.23 08:42:00.256,1.2435,1.24365,1.50,1.00
2010.02.23 08:42:02.059,1.2435,1.2437,3.10,1.00
2010.02.23 08:42:02.652,1.2435,1.2437,4.30,1.00
2010.02.23 08:42:03.336,1.2435,1.2437,5.10,1.00
2010.02.23 08:42:03.688,1.2435,1.2437,8.20,1.00
2010.02.23 08:42:05.549,1.2435,1.2437,7.00,1.60
2010.02.23 08:42:06.078,1.2435,1.2437,1.50,3.20
2010.02.23 08:42:06.210,1.2435,1.2437,1.50,1.60
2010.02.23 08:42:07.254,1.2435,1.2437,3.10,1.00
2010.02.23 08:42:09.400,1.2435,1.24375,7.90,13.80
2010.02.23 08:42:09.757,1.24355,1.24375,1.50,7.80
2010.02.23 08:42:10.407,1.24355,1.24375,3.10,4.60
2010.02.23 08:42:12.390,1.24355,1.24375,3.10,4.40
2010.02.23 08:42:12.753,1.2435,1.24375,6.60,8.40
2010.02.23 08:42:13.161,1.2435,1.24375,6.60,8.50
2010.02.23 08:42:13.460,1.2435,1.24375,6.60,7.70
2010.02.23 08:42:14.097,1.2435,1.2437,3.10,4.00
2010.02.23 08:42:14.728,1.2436,1.2438,4.00,2.00
2010.02.23 08:42:14.853,1.2436,1.2438,5.60,1.00
2010.02.23 08:42:16.026,1.2436,1.2438,7.20,1.00
2010.02.23 08:42:16.748,1.2436,1.2438,7.10,1.00
2010.02.23 08:42:16.989,1.2436,1.2438,3.10,4.00
2010.02.23 08:42:17.433,1.2436,1.2438,1.60,4.00
2010.02.23 08:42:17.782,1.24355,1.2438,13.20,4.00
2010.02.23 08:42:18.414,1.24355,1.24375,12.40,1.00
2010.02.23 08:42:19.195,1.24355,1.24375,10.80,1.00
2010.02.23 08:42:19.908,1.2436,1.24375,1.00,1.00
2010.02.23 08:42:20.623,1.2436,1.24375,4.00,1.00
2010.02.23 08:42:22.280,1.2436,1.2438,3.10,4.00
2010.02.23 08:42:22.534,1.24365,1.24385,1.50,6.40
2010.02.23 08:42:23.281,1.24365,1.24385,10.00,1.60
2010.02.23 08:42:23.645,1.24365,1.2438,1.50,3.20
2010.02.23 08:42:24.366,1.2436,1.24375,1.50,4.00
2010.02.23 08:42:24.443,1.2435,1.24375,7.20,5.60
2010.02.23 08:42:24.821,1.2435,1.2437,7.20,1.00
2010.02.23 08:42:25.534,1.24355,1.2437,4.00,1.00
2010.02.23 08:42:25.866,1.2435,1.2437,7.20,1.00
2010.02.23 08:42:26.512,1.2435,1.2437,7.10,1.70
2010.02.23 08:42:27.082,1.2435,1.2437,3.10,1.00
2010.02.23 08:42:27.341,1.2435,1.2437,1.50,3.20
2010.02.23 08:42:28.612,1.2436,1.24375,1.00,1.60
2010.02.23 08:42:29.348,1.24355,1.24375,7.40,6.40
2010.02.23 08:42:29.648,1.24355,1.24375,1.50,7.60
2010.02.23 08:42:29.932,1.24355,1.24375,1.50,9.60
2010.02.23 08:42:30.587,1.2435,1.2437,4.80,1.60
2010.02.23 08:42:31.204,1.2435,1.2437,1.50,4.40
2010.02.23 08:42:31.496,1.2435,1.2437,1.70,4.00
2010.02.23 08:42:31.948,1.2435,1.2437,1.60,3.20
2010.02.23 08:42:32.298,1.2435,1.2437,1.50,4.00
2010.02.23 08:42:33.718,1.2435,1.2437,1.50,3.20
2010.02.23 08:42:34.068,1.2435,1.2437,1.60,3.20
2010.02.23 08:42:36.942,1.2435,1.2437,3.20,1.60
2010.02.23 08:42:37.434,1.2435,1.2437,9.20,1.00
2010.02.23 08:42:37.708,1.24355,1.24375,3.10,6.00
2010.02.23 08:42:40.464,1.24365,1.24375,2.40,1.60
2010.02.23 08:42:40.833,1.24365,1.24385,10.70,2.00
2010.02.23 08:42:41.320,1.24365,1.2439,10.70,4.80
2010.02.23 08:42:41.769,1.24365,1.24385,13.10,1.60
2010.02.23 08:42:42.046,1.2437,1.2439,1.00,4.00
2010.02.23 08:42:42.759,1.24375,1.2439,5.20,1.60
2010.02.23 08:42:43.094,1.24365,1.24385,5.60,4.00
2010.02.23 08:42:43.456,1.24365,1.2438,5.20,1.00
2010.02.23 08:42:44.265,1.24365,1.24385,5.20,4.00
2010.02.23 08:42:44.524,1.24365,1.24385,6.80,3.20
2010.02.23 08:42:44.776,1.24365,1.24385,8.40,3.20
2010.02.23 08:42:47.379,1.24365,1.24385,8.40,1.60
2010.02.23 08:42:48.259,1.24365,1.24385,5.20,3.60
2010.02.23 08:42:48.690,1.24365,1.24385,5.20,2.40
2010.02.23 08:42:49.393,1.24365,1.24385,5.20,3.20
2010.02.23 08:42:49.750,1.24365,1.24385,5.20,3.60
2010.02.23 08:42:49.945,1.24365,1.2438,5.20,1.60
2010.02.23 08:42:50.554,1.24365,1.2438,5.20,1.60
2010.02.23 08:42:54.975,1.24365,1.2438,5.20,1.60
2010.02.23 08:42:56.720,1.24365,1.2438,5.20,1.60
2010.02.23 08:42:57.192,1.2436,1.2438,4.70,1.60
2010.02.23 08:42:58.177,1.2436,1.2438,3.10,1.60
2010.02.23 08:42:58.920,1.2436,1.24375,3.10,1.00
2010.02.23 08:42:59.122,1.24355,1.24375,10.70,2.40
2010.02.23 08:42:59.317,1.24355,1.2438,9.90,6.40
2010.02.23 08:43:00.477,1.2436,1.24375,3.10,2.40
2010.02.23 08:43:00.813,1.24365,1.24385,3.10,5.60
2010.02.23 08:43:03.072,1.2436,1.24385,5.50,6.40
2010.02.23 08:43:06.290,1.24365,1.24385,3.10,5.60
2010.02.23 08:43:07.263,1.24365,1.24385,3.10,6.40
2010.02.23 08:43:08.682,1.2436,1.24385,5.60,6.40
2010.02.23 08:43:09.712,1.2436,1.24385,5.60,5.60
2010.02.23 08:43:10.983,1.24365,1.24385,5.20,5.60
2010.02.23 08:43:11.315,1.24365,1.24385,8.30,2.40
2010.02.23 08:43:12.603,1.24365,1.24385,10.70,1.00
2010.02.23 08:43:12.859,1.24365,1.24385,14.40,1.00
2010.02.23 08:43:13.417,1.24365,1.24385,15.20,1.00
2010.02.23 08:43:14.043,1.24365,1.24385,16.00,1.00
2010.02.23 08:43:14.364,1.24365,1.24385,15.20,1.00
2010.02.23 08:43:14.682,1.24365,1.2439,16.40,3.20
2010.02.23 08:43:15.219,1.2437,1.2439,3.10,1.60
2010.02.23 08:43:16.432,1.2437,1.2439,4.00,1.60
2010.02.23 08:43:17.593,1.2437,1.2439,4.00,3.20
2010.02.23 08:43:19.668,1.24375,1.2439,5.20,1.60
2010.02.23 08:43:19.960,1.24375,1.2439,6.70,1.00
2010.02.23 08:43:23.361,1.24375,1.24385,6.70,1.00
2010.02.23 08:43:23.631,1.24375,1.2439,5.20,1.00
2010.02.23 08:43:26.604,1.24375,1.24385,5.20,1.00
2010.02.23 08:43:27.117,1.2437,1.24385,2.40,2.40
2010.02.23 08:43:27.480,1.24365,1.24385,3.10,2.40
2010.02.23 08:43:29.886,1.24365,1.24385,3.90,2.40
2010.02.23 08:43:31.123,1.24365,1.24385,4.30,2.40
2010.02.23 08:43:31.424,1.24365,1.24385,5.10,2.40
2010.02.23 08:43:32.236,1.24365,1.24385,5.20,2.40
2010.02.23 08:43:32.431,1.2437,1.2439,1.50,5.60
2010.02.23 08:43:35.281,1.2437,1.24385,1.50,1.00
2010.02.23 08:43:38.575,1.2437,1.24385,1.50,2.40
2010.02.23 08:43:40.135,1.2437,1.2439,1.50,5.60
2010.02.23 08:43:40.760,1.24365,1.2439,11.90,4.00
2010.02.23 08:43:41.008,1.2437,1.2439,3.90,2.40
2010.02.23 08:43:41.510,1.2437,1.24385,2.30,2.40
2010.02.23 08:43:42.167,1.2437,1.24385,1.50,2.40
2010.02.23 08:43:45.826,1.2437,1.2439,1.50,6.40
2010.02.23 08:43:45.995,1.2437,1.2439,1.50,5.60
2010.02.23 08:43:48.135,1.2437,1.2439,3.20,1.00
2010.02.23 08:43:48.399,1.24375,1.2439,5.20,1.00
2010.02.23 08:43:49.110,1.24375,1.2439,8.30,1.00
2010.02.23 08:43:49.470,1.24375,1.24395,8.30,1.00
2010.02.23 08:43:50.218,1.24375,1.24395,8.40,1.00
2010.02.23 08:43:51.584,1.24375,1.24395,10.80,1.00
2010.02.23 08:43:51.957,1.24375,1.2439,8.30,1.00
2010.02.23 08:43:53.045,1.24375,1.24395,12.40,1.60
2010.02.23 08:43:53.867,1.24385,1.244,1.60,1.60
2010.02.23 08:43:54.225,1.24395,1.2441,5.20,1.60
2010.02.23 08:43:57.384,1.24395,1.244,5.20,1.00
2010.02.23 08:43:57.740,1.24385,1.24395,1.20,1.60
2010.02.23 08:43:58.226,1.2437,1.2439,7.50,1.00
2010.02.23 08:43:58.483,1.2437,1.2439,1.00,3.20
2010.02.23 08:43:58.709,1.24365,1.2439,14.30,1.60
2010.02.23 08:43:59.255,1.24365,1.2439,10.30,5.60
2010.02.23 08:43:59.621,1.24365,1.24385,5.10,1.00
2010.02.23 08:43:59.975,1.24365,1.24385,3.90,1.00
2010.02.23 08:44:00.324,1.24365,1.24385,3.10,1.00
2010.02.23 08:44:01.417,1.2437,1.24385,1.00,1.00
2010.02.23 08:44:02.099,1.24365,1.2438,8.30,1.00
2010.02.23 08:44:02.670,1.24365,1.2437,4.00,1.00
2010.02.23 08:44:03.344,1.2434,1.2437,18.40,2.40
2010.02.23 08:44:03.381,1.2434,1.24365,16.40,1.00
2010.02.23 08:44:03.742,1.2434,1.24365,16.40,1.60
2010.02.23 08:44:04.492,1.24345,1.24365,16.30,1.60
2010.02.23 08:44:05.004,1.24345,1.24365,16.70,1.60
2010.02.23 08:44:05.365,1.24345,1.24365,20.70,1.60
2010.02.23 08:44:05.942,1.24345,1.24365,19.50,1.60
2010.02.23 08:44:06.594,1.24345,1.24365,20.30,1.60
2010.02.23 08:44:07.009,1.2435,1.24365,1.00,1.60
2010.02.23 08:44:07.421,1.24345,1.24365,6.70,1.60
2010.02.23 08:44:08.002,1.24345,1.24365,10.40,3.20
2010.02.23 08:44:08.366,1.24345,1.24365,6.70,3.20
2010.02.23 08:44:09.702,1.24345,1.24365,6.80,3.20
2010.02.23 08:44:10.238,1.24345,1.24365,5.70,1.70
2010.02.23 08:44:10.641,1.24345,1.2437,20.40,4.80
2010.02.23 08:44:11.344,1.24345,1.2437,20.30,1.60
2010.02.23 08:44:11.709,1.24345,1.2437,16.30,1.60
2010.02.23 08:44:12.363,1.24345,1.2437,10.70,5.60
2010.02.23 08:44:12.730,1.24345,1.24365,4.70,1.60
2010.02.23 08:44:13.087,1.24345,1.24365,3.90,1.60
2010.02.23 08:44:13.440,1.24345,1.24365,5.10,1.60
2010.02.23 08:44:13.931,1.24345,1.24365,3.90,1.60
2010.02.23 08:44:14.333,1.24345,1.24365,3.10,1.60
2010.02.23 08:44:14.639,1.24345,1.24365,5.10,1.00
2010.02.23 08:44:15.309,1.24345,1.24365,6.70,1.00
2010.02.23 08:44:15.613,1.24345,1.2437,6.70,6.80
2010.02.23 08:44:15.874,1.2435,1.2437,1.00,6.00
2010.02.23 08:44:16.529,1.24355,1.2437,5.20,1.60
2010.02.23 08:44:16.788,1.24355,1.2437,5.20,1.00
2010.02.23 08:44:17.540,1.24355,1.24375,10.30,1.60
2010.02.23 08:44:17.900,1.24355,1.24375,13.10,1.60
2010.02.23 08:44:18.652,1.24355,1.24375,5.10,4.00
2010.02.23 08:44:19.021,1.24355,1.24375,3.10,4.00
2010.02.23 08:44:20.132,1.24355,1.24365,3.10,1.00
2010.02.23 08:44:20.360,1.2435,1.24365,2.40,1.00
2010.02.23 08:44:21.119,1.24345,1.24365,16.00,1.00
2010.02.23 08:44:23.394,1.24355,1.2437,5.20,1.60
2010.02.23 08:44:24.003,1.24355,1.2437,5.20,1.00
2010.02.23 08:44:24.702,1.24355,1.2437,5.20,1.60
2010.02.23 08:44:25.366,1.2435,1.2437,7.10,2.00
2010.02.23 08:44:25.492,1.24355,1.2437,5.20,1.60
2010.02.23 08:44:26.707,1.24355,1.2437,5.20,1.60
2010.02.23 08:44:27.067,1.24355,1.2437,5.20,1.60
2010.02.23 08:44:28.467,1.24355,1.2437,5.20,1.60
2010.02.23 08:44:30.529,1.24355,1.2437,5.20,4.00
2010.02.23 08:44:31.091,1.24345,1.24365,16.00,1.00
2010.02.23 08:44:31.550,1.24345,1.24365,15.60,1.00
2010.02.23 08:44:31.826,1.24345,1.24365,14.80,1.00
2010.02.23 08:44:32.178,1.24345,1.24365,16.00,1.00
2010.02.23 08:44:32.530,1.24345,1.24365,14.80,1.00
2010.02.23 08:44:34.225,1.24345,1.24365,16.40,1.00
2010.02.23 08:44:34.431,1.24345,1.24365,16.80,1.00
2010.02.23 08:44:34.850,1.24345,1.24365,16.00,1.00
2010.02.23 08:44:35.597,1.24345,1.24365,16.70,1.00
2010.02.23 08:44:35.844,1.24345,1.24365,10.70,1.00
2010.02.23 08:44:36.302,1.24345,1.24365,5.10,1.60
2010.02.23 08:44:36.445,1.24345,1.2436,1.00,1.00
2010.02.23 08:44:37.179,1.2434,1.2436,9.00,1.60
2010.02.23 08:44:37.535,1.24335,1.24355,16.70,1.00
2010.02.23 08:44:38.280,1.2434,1.24355,3.40,1.00
2010.02.23 08:44:39.384,1.24345,1.2436,5.20,1.60
2010.02.23 08:44:41.935,1.24345,1.24355,5.20,1.00
2010.02.23 08:44:42.882,1.24335,1.24355,15.20,1.00
2010.02.23 08:44:43.246,1.24345,1.2436,5.20,1.60
2010.02.23 08:44:43.927,1.24345,1.24365,6.70,2.40
2010.02.23 08:44:44.287,1.24345,1.24365,6.70,1.60
2010.02.23 08:44:46.248,1.24345,1.2436,5.20,1.60
2010.02.23 08:44:50.549,1.24345,1.24355,5.20,1.00
2010.02.23 08:44:50.733,1.24335,1.24355,13.50,1.00
2010.02.23 08:44:50.913,1.24335,1.24355,5.90,1.00
2010.02.23 08:44:51.497,1.24335,1.2435,1.00,1.00
2010.02.23 08:44:51.681,1.2433,1.2435,3.10,1.60
2010.02.23 08:44:52.032,1.2433,1.2435,1.50,1.60
2010.02.23 08:44:52.438,1.2433,1.2435,1.50,3.20
2010.02.23 08:44:54.247,1.2433,1.24345,1.50,1.00
2010.02.23 08:44:54.603,1.24325,1.24345,11.90,1.00
2010.02.23 08:44:56.231,1.24325,1.24345,5.10,1.00
2010.02.23 08:44:58.066,1.24325,1.24345,6.70,1.00
2010.02.23 08:44:58.580,1.2433,1.24345,1.90,1.00
2010.02.23 08:44:59.204,1.2433,1.2435,3.90,1.00
2010.02.23 08:44:59.580,1.2433,1.2435,3.10,1.00
2010.02.23 08:45:00.270,1.2433,1.2435,3.10,1.00
2010.02.23 08:45:00.484,1.24335,1.2435,1.50,1.00
2010.02.23 08:45:00.872,1.24335,1.24355,8.30,1.60
2010.02.23 08:45:01.302,1.24335,1.24355,8.70,1.60
2010.02.23 08:45:01.664,1.24335,1.24355,11.10,1.00
2010.02.23 08:45:02.023,1.24335,1.24355,4.30,1.00
2010.02.23 08:45:02.742,1.24335,1.24355,3.10,1.00
2010.02.23 08:45:03.701,1.24335,1.24355,10.70,1.00
2010.02.23 08:45:04.000,1.24335,1.24355,11.90,1.00
2010.02.23 08:45:04.299,1.24335,1.24355,11.10,1.00
2010.02.23 08:45:04.923,1.2433,1.24355,14.30,1.00
2010.02.23 08:45:06.982,1.2434,1.24355,2.40,1.00
2010.02.23 08:45:09.276,1.24335,1.24355,3.90,1.00
2010.02.23 08:45:09.603,1.24335,1.24355,3.10,4.00
2010.02.23 08:45:09.893,1.24335,1.24355,3.10,2.40
2010.02.23 08:45:12.935,1.24335,1.24355,1.50,4.00
2010.02.23 08:45:15.781,1.24335,1.24355,6.80,1.60
2010.02.23 08:45:16.110,1.2434,1.24355,1.50,1.00
2010.02.23 08:45:19.324,1.2434,1.2436,1.50,4.00
2010.02.23 08:45:19.635,1.2434,1.2436,3.90,1.60
2010.02.23 08:45:24.260,1.2434,1.24355,2.40,1.00
2010.02.23 08:45:25.041,1.2434,1.2436,3.90,1.60
2010.02.23 08:45:27.334,1.24335,1.24355,4.00,1.00
2010.02.23 08:45:27.683,1.24335,1.24355,3.20,1.00
2010.02.23 08:45:32.769,1.24335,1.24355,4.80,1.00
2010.02.23 08:45:33.404,1.2434,1.24355,3.10,1.00
2010.02.23 08:45:34.624,1.24345,1.2436,5.20,1.00
2010.02.23 08:45:39.926,1.24345,1.24365,5.20,1.60
2010.02.23 08:45:41.233,1.24345,1.24355,5.20,1.00
2010.02.23 08:45:41.587,1.24345,1.2436,5.20,1.00
2010.02.23 08:45:45.766,1.24345,1.24355,5.20,1.00
2010.02.23 08:45:46.326,1.24345,1.2436,5.20,1.00
2010.02.23 08:45:50.474,1.24345,1.24365,5.20,1.60
2010.02.23 08:45:50.742,1.24345,1.24365,7.60,1.60
2010.02.23 08:45:52.734,1.24345,1.24365,9.20,1.60
2010.02.23 08:45:53.100,1.2435,1.24365,3.10,1.00
2010.02.23 08:45:53.552,1.2435,1.24365,1.60,1.00
2010.02.23 08:45:53.872,1.24345,1.2436,8.30,1.00
2010.02.23 08:45:54.603,1.24345,1.24355,5.20,1.00
2010.02.23 08:45:54.997,1.24335,1.24355,14.30,1.60
2010.02.23 08:45:55.736,1.24335,1.24355,8.20,1.60
2010.02.23 08:45:56.090,1.24345,1.2436,7.60,2.00
2010.02.23 08:45:56.830,1.24345,1.2436,5.20,1.60
2010.02.23 08:45:57.207,1.2434,1.2436,5.60,1.00
2010.02.23 08:45:57.892,1.24345,1.24365,9.10,1.60
2010.02.23 08:45:58.270,1.24345,1.2436,9.10,1.00
2010.02.23 08:45:58.977,1.24345,1.2436,6.70,1.00
2010.02.23 08:45:59.678,1.24345,1.2436,5.20,1.00
2010.02.23 08:46:00.040,1.24345,1.2436,5.20,1.00
2010.02.23 08:46:02.173,1.24345,1.24365,6.80,1.60
2010.02.23 08:46:02.409,1.24345,1.2436,6.70,1.00
2010.02.23 08:46:03.080,1.2434,1.24355,4.70,1.00
2010.02.23 08:46:03.712,1.2434,1.24355,1.50,1.00
2010.02.23 08:46:03.957,1.2434,1.2436,1.50,1.60
2010.02.23 08:46:08.891,1.2434,1.2436,1.50,4.00
2010.02.23 08:46:09.141,1.2434,1.2436,1.50,1.60
2010.02.23 08:46:10.605,1.2434,1.2436,1.50,1.00
2010.02.23 08:46:11.259,1.24345,1.2436,1.00,1.00
2010.02.23 08:46:11.935,1.24345,1.24365,5.20,1.60
2010.02.23 08:46:13.978,1.24345,1.2436,5.20,1.00
2010.02.23 08:46:14.845,1.24345,1.2436,5.20,1.00
2010.02.23 08:46:16.213,1.24345,1.2436,5.20,1.00
2010.02.23 08:46:16.516,1.24345,1.24355,6.70,1.00
2010.02.23 08:46:16.935,1.2434,1.2436,11.50,1.00
2010.02.23 08:46:17.240,1.24345,1.24365,6.80,1.60
2010.02.23 08:46:19.039,1.24345,1.24365,6.90,1.60
2010.02.23 08:46:19.558,1.2435,1.24365,1.60,1.00
2010.02.23 08:46:19.888,1.2435,1.2437,5.50,1.60
2010.02.23 08:46:20.245,1.2435,1.2437,3.90,1.60
2010.02.23 08:46:20.604,1.2435,1.2437,7.10,1.00
2010.02.23 08:46:22.247,1.2435,1.2437,5.50,1.60
2010.02.23 08:46:23.131,1.24355,1.24375,1.60,4.00
2010.02.23 08:46:23.641,1.24355,1.24375,4.00,1.60
2010.02.23 08:46:23.974,1.2436,1.24375,3.40,1.00
2010.02.23 08:46:24.595,1.2436,1.2438,5.00,1.60
2010.02.23 08:46:24.901,1.2436,1.24375,3.40,1.00
2010.02.23 08:46:26.249,1.24355,1.24375,3.90,1.60
2010.02.23 08:46:27.234,1.2435,1.2437,8.20,1.00
2010.02.23 08:46:28.323,1.2435,1.2437,9.80,1.00
2010.02.23 08:46:28.680,1.2435,1.2437,9.00,1.00
2010.02.23 08:46:29.381,1.2435,1.2437,10.20,1.00
2010.02.23 08:46:29.727,1.2435,1.2437,9.80,1.00
2010.02.23 08:46:30.345,1.2435,1.2437,9.00,1.00
2010.02.23 08:46:30.398,1.24355,1.24375,6.10,2.40
2010.02.23 08:46:30.498,1.24355,1.24375,6.10,1.60
2010.02.23 08:46:37.800,1.24355,1.24375,4.50,1.60
2010.02.23 08:46:38.085,1.24355,1.24375,1.50,1.60
2010.02.23 08:46:39.894,1.24355,1.2437,1.50,1.00
2010.02.23 08:46:40.537,1.24355,1.2437,1.50,1.00
2010.02.23 08:46:40.897,1.24355,1.24375,1.50,1.60
2010.02.23 08:46:41.562,1.24355,1.24365,1.50,1.00
2010.02.23 08:46:41.923,1.24345,1.24365,1.60,1.60
2010.02.23 08:46:44.072,1.24345,1.24365,3.20,1.60
2010.02.23 08:46:45.361,1.24345,1.24365,15.60,1.60
2010.02.23 08:46:45.584,1.24345,1.24365,16.30,1.00
2010.02.23 08:46:46.957,1.24345,1.24365,13.10,1.60
2010.02.23 08:46:47.324,1.24355,1.2437,5.20,1.60
2010.02.23 08:46:47.570,1.24355,1.24375,5.20,2.40
2010.02.23 08:46:47.993,1.24355,1.24375,9.20,2.40
2010.02.23 08:46:48.251,1.24355,1.24365,2.40,1.00
2010.02.23 08:46:48.858,1.2435,1.2437,4.20,1.00
2010.02.23 08:46:49.215,1.2435,1.2437,1.00,1.60
2010.02.23 08:46:49.565,1.2435,1.2437,3.10,1.60
2010.02.23 08:46:50.683,1.2435,1.2437,3.10,4.00
2010.02.23 08:46:51.311,1.2435,1.2437,3.10,2.60
2010.02.23 08:46:51.560,1.2435,1.2437,3.10,1.60
2010.02.23 08:46:52.866,1.2435,1.24365,1.50,1.00
2010.02.23 08:46:54.638,1.2435,1.2437,1.50,1.60
2010.02.23 08:46:56.828,1.2435,1.2437,1.50,3.20
2010.02.23 08:46:57.121,1.24345,1.2436,1.50,1.00
2010.02.23 08:46:59.292,1.24345,1.24355,1.50,1.00
2010.02.23 08:47:00.899,1.24345,1.2436,1.50,1.00
2010.02.23 08:47:01.132,1.24345,1.24355,1.50,1.00
2010.02.23 08:47:02.030,1.24335,1.2435,2.40,1.00
2010.02.23 08:47:02.393,1.24325,1.2434,8.40,1.70
2010.02.23 08:47:02.963,1.24325,1.2434,9.00,1.00
2010.02.23 08:47:03.270,1.24325,1.2434,6.70,1.00
2010.02.23 08:47:05.588,1.24325,1.24335,6.70,1.00
2010.02.23 08:47:05.781,1.24325,1.24335,5.20,1.00
2010.02.23 08:47:06.192,1.24325,1.2434,5.20,1.00
2010.02.23 08:47:08.066,1.24325,1.2434,6.70,1.00
2010.02.23 08:47:15.249,1.24325,1.24335,5.20,1.00
2010.02.23 08:47:21.630,1.24335,1.24345,5.20,1.00
2010.02.23 08:47:22.276,1.24335,1.24345,1.60,1.00
2010.02.23 08:47:22.541,1.24335,1.24355,13.20,1.00
2010.02.23 08:47:23.032,1.2434,1.24355,2.40,1.00
2010.02.23 08:47:24.870,1.24335,1.24355,8.00,1.00
2010.02.23 08:47:25.557,1.24335,1.24355,7.20,1.00
2010.02.23 08:47:26.244,1.2433,1.24355,18.40,1.00
2010.02.23 08:47:26.769,1.24335,1.24355,11.50,1.00
2010.02.23 08:47:26.975,1.24335,1.24355,3.90,1.60
2010.02.23 08:47:27.178,1.24335,1.24355,3.20,1.60
2010.02.23 08:47:34.783,1.2434,1.24355,2.40,1.60
2010.02.23 08:47:35.095,1.24345,1.2436,1.50,2.00
2010.02.23 08:47:35.866,1.24345,1.2436,1.50,1.00
2010.02.23 08:47:36.220,1.2434,1.2436,6.60,1.60
2010.02.23 08:47:37.211,1.24335,1.24355,7.10,1.00
2010.02.23 08:47:37.571,1.2434,1.24355,1.00,1.00
2010.02.23 08:47:37.935,1.24335,1.2435,1.50,1.00
2010.02.23 08:47:38.657,1.24335,1.2435,3.10,1.00
2010.02.23 08:47:39.017,1.24335,1.24355,5.50,1.60
2010.02.23 08:47:41.535,1.24335,1.2435,3.10,1.00
2010.02.23 08:47:44.975,1.24335,1.2435,1.50,1.00
2010.02.23 08:47:49.291,1.2433,1.2435,4.80,1.00
2010.02.23 08:47:49.758,1.2433,1.2435,1.50,1.00
2010.02.23 08:47:50.116,1.2433,1.2435,1.60,1.00
2010.02.23 08:47:52.961,1.24335,1.2435,5.20,1.00
2010.02.23 08:47:53.389,1.2433,1.2435,3.90,1.00
2010.02.23 08:47:53.851,1.2433,1.2435,1.50,1.60
2010.02.23 08:47:54.085,1.2433,1.2434,1.50,1.00
2010.02.23 08:47:54.630,1.2433,1.2435,1.60,1.60
2010.02.23 08:47:59.856,1.2433,1.2435,3.20,1.00
2010.02.23 08:47:59.916,1.2433,1.2435,4.80,1.00
2010.02.23 08:48:08.528,1.2434,1.24355,3.20,2.40
2010.02.23 08:48:09.065,1.24345,1.2436,1.50,2.80
2010.02.23 08:48:09.785,1.24345,1.2436,3.10,1.00
2010.02.23 08:48:10.878,1.24345,1.24365,3.20,5.80
2010.02.23 08:48:11.303,1.24345,1.24365,3.20,2.40
2010.02.23 08:48:11.602,1.24345,1.24365,3.20,1.60
2010.02.23 08:48:11.901,1.24345,1.24365,3.20,3.20
2010.02.23 08:48:13.675,1.24345,1.24365,3.20,1.60
2010.02.23 08:48:15.160,1.24345,1.24365,3.20,3.20
2010.02.23 08:48:15.532,1.24345,1.24365,3.10,4.60
2010.02.23 08:48:16.130,1.24345,1.2436,3.10,1.00
2010.02.23 08:48:16.372,1.2434,1.2436,3.20,1.00
2010.02.23 08:48:19.787,1.2434,1.2436,5.60,1.00
2010.02.23 08:48:19.987,1.2434,1.2436,6.30,1.00
2010.02.23 08:48:20.588,1.2434,1.2436,6.20,1.00
2010.02.23 08:48:21.126,1.2434,1.2436,6.20,1.00
2010.02.23 08:48:21.358,1.2434,1.2436,6.30,1.60
2010.02.23 08:48:27.977,1.2434,1.24355,6.20,1.00
2010.02.23 08:48:28.390,1.2434,1.24355,3.80,1.00
2010.02.23 08:48:28.748,1.24335,1.24355,5.80,1.00
2010.02.23 08:48:30.055,1.24335,1.2435,3.10,1.00
2010.02.23 08:48:30.407,1.2434,1.2436,7.90,1.00
2010.02.23 08:48:31.123,1.24345,1.24365,3.20,1.60
2010.02.23 08:48:31.847,1.24345,1.2436,3.10,1.00
2010.02.23 08:48:32.265,1.2434,1.2436,6.30,1.00
2010.02.23 08:48:36.133,1.2434,1.2436,6.30,1.00
2010.02.23 08:48:36.453,1.24345,1.2436,1.50,1.00
2010.02.23 08:48:38.020,1.2434,1.2436,7.10,1.00
2010.02.23 08:48:38.383,1.24345,1.24365,1.00,6.60
2010.02.23 08:48:38.746,1.24345,1.24365,3.20,1.60
2010.02.23 08:48:41.344,1.24345,1.24365,4.80,1.60
2010.02.23 08:48:42.986,1.24345,1.24365,3.20,1.60
2010.02.23 08:48:47.522,1.2434,1.24365,23.10,1.00
2010.02.23 08:48:47.733,1.2435,1.24365,3.10,1.00
2010.02.23 08:48:50.166,1.24355,1.2437,9.10,2.00
2010.02.23 08:48:50.516,1.24355,1.24375,10.20,1.60
2010.02.23 08:48:51.189,1.24355,1.24375,11.80,1.00
2010.02.23 08:48:53.677,1.24365,1.24375,5.20,1.00
2010.02.23 08:48:53.718,1.2437,1.2438,2.40,5.20
2010.02.23 08:48:54.019,1.2437,1.24385,3.00,1.00
2010.02.23 08:48:54.627,1.24365,1.24385,14.70,1.00
2010.02.23 08:48:55.443,1.24365,1.24385,6.30,1.60
2010.02.23 08:48:56.310,1.24365,1.24385,4.70,3.20
2010.02.23 08:48:56.489,1.24365,1.2438,1.00,1.00
2010.02.23 08:48:57.010,1.2436,1.2438,6.10,1.00
2010.02.23 08:48:57.188,1.2436,1.2438,6.10,1.60
2010.02.23 08:48:59.640,1.24355,1.2437,7.10,1.00
2010.02.23 08:49:00.015,1.24355,1.2437,3.10,1.00
2010.02.23 08:49:00.373,1.24355,1.2437,1.50,1.00
2010.02.23 08:49:09.827,1.24355,1.24375,3.10,5.60
2010.02.23 08:49:10.518,1.24355,1.24375,3.10,3.20
2010.02.23 08:49:10.985,1.2436,1.2438,3.10,1.60
2010.02.23 08:49:11.587,1.24365,1.24385,1.00,8.40
2010.02.23 08:49:11.669,1.24365,1.24385,1.00,6.00
2010.02.23 08:49:12.031,1.2436,1.24385,4.80,9.20
2010.02.23 08:49:13.144,1.2436,1.24385,4.80,10.00
2010.02.23 08:49:13.484,1.2436,1.24385,3.20,10.00
2010.02.23 08:49:14.599,1.24365,1.24385,1.50,6.00
2010.02.23 08:49:14.949,1.24365,1.24385,1.50,3.20
2010.02.23 08:49:19.816,1.24365,1.24385,1.50,4.00
2010.02.23 08:49:21.125,1.24365,1.24385,3.10,4.00
2010.02.23 08:49:21.466,1.24365,1.2438,1.50,1.00
2010.02.23 08:49:22.189,1.24365,1.24375,1.50,1.00
2010.02.23 08:49:24.048,1.24365,1.2438,1.50,4.00
2010.02.23 08:49:24.395,1.24365,1.24375,1.50,1.00
2010.02.23 08:49:29.546,1.24365,1.2437,1.50,1.00
2010.02.23 08:49:30.049,1.24365,1.24375,1.50,1.00
2010.02.23 08:49:30.373,1.2436,1.24375,3.10,1.00
2010.02.23 08:49:31.172,1.2436,1.2437,3.10,1.00
2010.02.23 08:49:31.735,1.2436,1.2437,3.10,1.00
2010.02.23 08:49:32.035,1.2436,1.2437,1.50,1.00
2010.02.23 08:49:34.344,1.2436,1.2438,1.50,3.20
2010.02.23 08:49:35.183,1.2436,1.2438,3.90,3.20
2010.02.23 08:49:35.546,1.24365,1.2438,5.20,1.00
2010.02.23 08:49:36.348,1.24365,1.24385,6.70,1.60
2010.02.23 08:49:37.466,1.24365,1.24385,10.80,1.00
2010.02.23 08:49:37.809,1.24365,1.2439,10.80,5.60
2010.02.23 08:49:38.690,1.24365,1.2439,14.40,3.20
2010.02.23 08:49:38.987,1.2437,1.2439,1.50,1.60
2010.02.23 08:49:39.795,1.2437,1.2439,3.10,1.60
2010.02.23 08:49:45.172,1.2437,1.2439,3.10,5.00
2010.02.23 08:49:45.542,1.2437,1.24385,1.50,1.00
2010.02.23 08:49:48.791,1.24375,1.2439,1.00,1.00
2010.02.23 08:49:49.146,1.2437,1.24385,3.10,1.00
2010.02.23 08:49:50.448,1.2437,1.2439,3.10,2.70
2010.02.23 08:49:50.684,1.2437,1.24395,3.10,5.60
2010.02.23 08:49:50.871,1.24375,1.24395,8.30,3.20
2010.02.23 08:49:53.401,1.24375,1.24385,3.10,1.00
2010.02.23 08:49:53.992,1.2437,1.24385,3.10,1.00
2010.02.23 08:49:58.588,1.2437,1.2439,3.10,1.60
2010.02.23 08:49:58.787,1.2437,1.2439,3.10,1.00
2010.02.23 08:50:00.296,1.2437,1.2439,3.10,3.20
2010.02.23 08:50:01.437,1.2437,1.2439,3.10,6.00
2010.02.23 08:50:01.913,1.2437,1.2439,1.60,6.00
2010.02.23 08:50:02.181,1.2436,1.24375,3.10,1.60
2010.02.23 08:50:04.145,1.2436,1.24375,1.50,1.60
2010.02.23 08:50:06.870,1.24355,1.24375,5.50,1.60
2010.02.23 08:50:10.596,1.24355,1.24375,5.50,1.00
2010.02.23 08:50:12.870,1.24355,1.24365,5.50,1.00
2010.02.23 08:50:13.021,1.24355,1.24365,3.10,1.00
2010.02.23 08:50:13.478,1.24355,1.24365,3.10,1.00
2010.02.23 08:50:13.772,1.24355,1.24365,1.50,1.00
2010.02.23 08:50:15.306,1.24345,1.24365,14.30,1.00
2010.02.23 08:50:15.575,1.24345,1.24365,13.40,1.60
2010.02.23 08:50:17.227,1.24345,1.2436,4.20,1.00
2010.02.23 08:50:17.573,1.24345,1.2436,3.10,1.00
2010.02.23 08:50:22.749,1.24345,1.24355,3.10,1.00
2010.02.23 08:50:23.491,1.24345,1.24355,9.60,1.00
2010.02.23 08:50:23.855,1.24345,1.24365,6.70,3.20
2010.02.23 08:50:24.301,1.24345,1.24365,6.70,1.60
2010.02.23 08:50:24.641,1.2435,1.2437,3.10,1.60
2010.02.23 08:50:24.966,1.2435,1.2437,3.10,1.00
2010.02.23 08:50:25.658,1.24345,1.2436,6.00,1.00
2010.02.23 08:50:26.029,1.2434,1.24355,1.50,1.00
2010.02.23 08:50:26.757,1.24335,1.24355,4.90,1.60
2010.02.23 08:50:27.059,1.24335,1.24355,5.70,1.60
2010.02.23 08:50:27.821,1.2434,1.24355,3.40,1.60
2010.02.23 08:50:28.471,1.24345,1.2436,5.20,1.00
2010.02.23 08:50:28.872,1.24345,1.2436,7.60,1.00
2010.02.23 08:50:29.171,1.24345,1.24365,7.60,3.20
2010.02.23 08:50:29.689,1.24345,1.2436,7.60,1.00
2010.02.23 08:50:33.918,1.2434,1.2436,5.60,1.00
2010.02.23 08:50:35.132,1.24345,1.24365,1.50,4.00
2010.02.23 08:50:35.485,1.24345,1.24365,1.50,3.20
2010.02.23 08:50:36.182,1.24345,1.2436,1.50,1.00
2010.02.23 08:50:36.436,1.2434,1.2436,7.90,1.00
2010.02.23 08:50:36.865,1.2434,1.2436,5.50,1.00
2010.02.23 08:50:37.369,1.2434,1.2436,3.10,1.00
2010.02.23 08:50:37.702,1.2434,1.2436,1.50,5.60
2010.02.23 08:50:38.259,1.2434,1.2436,1.50,3.20
2010.02.23 08:50:38.540,1.2434,1.2436,1.70,3.30
2010.02.23 08:50:39.099,1.2434,1.2436,3.30,3.30
2010.02.23 08:50:39.663,1.2434,1.2436,3.30,1.70
2010.02.23 08:50:44.652,1.2434,1.2435,3.10,1.00
2010.02.23 08:50:44.985,1.24335,1.2435,3.10,1.00
2010.02.23 08:50:45.650,1.24335,1.24355,8.40,2.40
2010.02.23 08:50:45.948,1.2434,1.2436,5.60,1.00
2010.02.23 08:50:46.680,1.24345,1.2436,1.50,1.00
2010.02.23 08:50:47.029,1.24345,1.24365,1.50,3.20
2010.02.23 08:50:51.209,1.24345,1.2436,1.50,1.00
2010.02.23 08:50:52.258,1.2434,1.24355,1.50,1.00
2010.02.23 08:50:52.550,1.2434,1.2436,3.20,1.00
2010.02.23 08:50:53.737,1.2434,1.2436,8.80,1.00
2010.02.23 08:50:54.093,1.2434,1.2436,7.20,1.00
2010.02.23 08:50:54.449,1.2434,1.2436,5.60,1.00
2010.02.23 08:50:55.497,1.2434,1.2436,3.20,1.00
2010.02.23 08:50:56.330,1.2434,1.24355,3.10,1.00
2010.02.23 08:50:56.563,1.24335,1.24355,10.70,1.00
2010.02.23 08:50:56.903,1.2434,1.2436,3.20,4.00
2010.02.23 08:50:57.610,1.24335,1.2436,21.90,1.60
2010.02.23 08:50:57.941,1.24345,1.24365,12.30,1.00
2010.02.23 08:50:58.582,1.24345,1.24365,11.50,1.00
2010.02.23 08:50:58.941,1.2435,1.2437,3.10,1.00
2010.02.23 08:51:00.620,1.24355,1.24375,3.90,3.20
2010.02.23 08:51:01.276,1.24355,1.24375,1.50,5.60
2010.02.23 08:51:01.572,1.24355,1.24375,10.70,1.00
2010.02.23 08:51:01.847,1.24355,1.24375,8.30,1.00
2010.02.23 08:51:02.591,1.24355,1.24375,3.10,1.00
2010.02.23 08:51:02.946,1.24355,1.24375,1.50,1.60
2010.02.23 08:51:03.215,1.24355,1.24375,1.50,2.40
2010.02.23 08:51:03.667,1.24355,1.24375,1.50,1.60
2010.02.23 08:51:04.553,1.24355,1.24375,6.70,1.60
2010.02.23 08:51:05.251,1.2436,1.2438,1.50,2.40
2010.02.23 08:51:06.209,1.2436,1.2438,1.50,5.20
2010.02.23 08:51:08.799,1.24355,1.24375,8.30,1.00
2010.02.23 08:51:09.229,1.24355,1.2437,4.70,1.00
2010.02.23 08:51:09.366,1.2435,1.24365,1.00,1.60
2010.02.23 08:51:10.363,1.2434,1.2436,5.60,1.00
2010.02.23 08:51:12.324,1.24345,1.2436,1.50,1.00
2010.02.23 08:51:12.662,1.24345,1.24365,9.90,1.60
2010.02.23 08:51:12.999,1.2435,1.2437,1.50,1.60
2010.02.23 08:51:13.587,1.2435,1.2437,1.50,1.00
2010.02.23 08:51:15.631,1.24355,1.24375,2.40,5.60
2010.02.23 08:51:15.874,1.24355,1.24375,3.50,4.80
2010.02.23 08:51:16.355,1.24355,1.24375,5.10,3.20
2010.02.23 08:51:16.599,1.24355,1.24375,3.90,3.20
2010.02.23 08:51:16.953,1.24355,1.24375,3.90,4.00
2010.02.23 08:51:17.310,1.24355,1.24375,3.90,3.20
2010.02.23 08:51:18.014,1.24355,1.24375,1.50,5.60
2010.02.23 08:51:18.379,1.24355,1.24375,1.50,6.40
2010.02.23 08:51:19.419,1.24355,1.24375,6.70,4.00
2010.02.23 08:51:19.854,1.24355,1.24375,6.70,3.20
2010.02.23 08:51:20.099,1.24355,1.24375,8.30,1.00
2010.02.23 08:51:21.538,1.24355,1.24375,11.20,1.00
2010.02.23 08:51:21.858,1.24355,1.2438,12.90,1.60
2010.02.23 08:51:22.167,1.24355,1.2438,12.90,3.20
2010.02.23 08:51:22.517,1.24355,1.24375,12.90,1.60
2010.02.23 08:51:23.031,1.24355,1.24375,7.30,1.60
2010.02.23 08:51:23.252,1.24355,1.2437,5.20,1.00
2010.02.23 08:51:23.883,1.24355,1.2437,7.60,1.00
2010.02.23 08:51:24.084,1.24355,1.2437,5.20,1.60
2010.02.23 08:51:24.779,1.24355,1.2437,9.70,1.00
2010.02.23 08:51:25.147,1.24355,1.2437,13.70,1.00
2010.02.23 08:51:26.545,1.24355,1.24375,13.70,1.60
2010.02.23 08:51:30.995,1.24355,1.24375,11.20,3.20
2010.02.23 08:51:31.135,1.24355,1.24375,6.70,3.20
2010.02.23 08:51:31.532,1.24355,1.24375,1.50,3.20
2010.02.23 08:51:31.666,1.24355,1.24375,1.50,5.60
2010.02.23 08:51:31.807,1.24355,1.24375,1.50,6.80
2010.02.23 08:51:31.946,1.2435,1.2437,5.50,1.00
2010.02.23 08:51:34.253,1.2435,1.2437,3.10,1.00
2010.02.23 08:51:35.368,1.2435,1.24365,1.50,1.00
2010.02.23 08:51:35.569,1.2435,1.2437,1.50,4.00
2010.02.23 08:51:35.772,1.2435,1.2437,1.50,3.20
2010.02.23 08:51:35.977,1.2435,1.2437,1.50,1.60
2010.02.23 08:51:38.324,1.2435,1.24365,1.50,1.00
2010.02.23 08:51:39.649,1.2435,1.2436,1.50,1.00
2010.02.23 08:51:39.996,1.24335,1.2435,5.90,1.00
2010.02.23 08:51:40.337,1.24335,1.24355,1.90,1.60
2010.02.23 08:51:40.993,1.24335,1.24355,1.50,1.60
2010.02.23 08:51:41.251,1.24335,1.24355,8.30,1.60
2010.02.23 08:51:41.501,1.24335,1.2436,9.90,4.40
2010.02.23 08:51:41.967,1.24335,1.2436,13.10,1.60
2010.02.23 08:51:42.295,1.24335,1.2436,9.90,4.00
2010.02.23 08:51:43.281,1.2434,1.2436,1.60,4.00
2010.02.23 08:51:43.595,1.2434,1.2436,3.10,4.00
2010.02.23 08:51:44.138,1.24345,1.2436,6.70,1.60
2010.02.23 08:51:44.481,1.24355,1.24375,6.70,4.40
2010.02.23 08:51:44.964,1.24355,1.24375,6.70,4.00
2010.02.23 08:51:47.031,1.24355,1.24375,6.70,9.60
2010.02.23 08:51:47.391,1.2435,1.2437,1.50,1.00
2010.02.23 08:51:47.852,1.24345,1.2436,4.40,1.00
2010.02.23 08:51:48.132,1.24335,1.2436,14.40,1.60
2010.02.23 08:51:48.719,1.24335,1.2436,13.60,1.60
2010.02.23 08:51:48.991,1.2434,1.2436,3.10,1.60
2010.02.23 08:51:49.366,1.2434,1.2436,3.10,1.60
2010.02.23 08:51:49.817,1.2434,1.2436,3.10,4.00
2010.02.23 08:51:50.181,1.24335,1.24355,4.70,1.00
2010.02.23 08:51:52.627,1.24335,1.24355,12.30,1.00
2010.02.23 08:51:52.976,1.24335,1.24355,3.10,1.00
2010.02.23 08:51:54.737,1.24325,1.2435,7.50,4.00
2010.02.23 08:51:55.039,1.24325,1.2435,5.10,4.00
2010.02.23 08:51:55.482,1.24325,1.2435,3.10,5.60
2010.02.23 08:51:55.862,1.24325,1.24345,3.10,1.00
2010.02.23 08:51:56.548,1.24325,1.24345,5.50,1.00
2010.02.23 08:52:04.864,1.2433,1.24345,2.40,1.00
2010.02.23 08:52:05.386,1.2433,1.24345,2.80,1.00
2010.02.23 08:52:05.758,1.2433,1.2435,3.10,1.60
2010.02.23 08:52:07.385,1.2433,1.2435,3.60,1.60
2010.02.23 08:52:07.702,1.24335,1.2435,1.00,1.60
2010.02.23 08:52:08.023,1.2433,1.2435,3.10,1.60
2010.02.23 08:52:10.305,1.24335,1.2435,1.00,1.60
2010.02.23 08:52:10.743,1.24335,1.24345,1.00,1.00
2010.02.23 08:52:11.108,1.24325,1.24345,13.50,1.00
2010.02.23 08:52:11.454,1.24325,1.24345,13.10,1.00
2010.02.23 08:52:12.771,1.24335,1.24345,1.00,1.00
2010.02.23 08:52:13.126,1.24335,1.24355,1.00,1.60
2010.02.23 08:52:14.906,1.24325,1.2434,1.50,1.00
2010.02.23 08:52:23.684,1.24325,1.2434,1.50,1.00
2010.02.23 08:52:24.140,1.24325,1.2434,1.50,1.00
2010.02.23 08:52:25.524,1.24325,1.2434,5.00,1.00
2010.02.23 08:52:25.725,1.24325,1.2434,1.50,1.00
2010.02.23 08:52:28.650,1.2431,1.24325,1.00,1.60
2010.02.23 08:52:29.013,1.243,1.24325,3.40,1.60
2010.02.23 08:52:29.305,1.243,1.24325,2.40,1.60
2010.02.23 08:52:31.712,1.243,1.2432,2.80,1.60
2010.02.23 08:52:32.187,1.243,1.2432,4.40,1.60
2010.02.23 08:52:32.428,1.243,1.2432,3.20,1.60
2010.02.23 08:52:32.901,1.243,1.2432,2.40,1.60
2010.02.23 08:52:33.142,1.24295,1.24315,15.50,1.00
2010.02.23 08:52:33.681,1.243,1.2432,3.90,1.60
2010.02.23 08:52:34.393,1.24305,1.2432,7.60,1.00
2010.02.23 08:52:34.722,1.2431,1.2432,3.00,1.00
2010.02.23 08:52:36.701,1.24305,1.2432,10.70,1.00
2010.02.23 08:52:37.469,1.24305,1.2432,2.40,1.00
2010.02.23 08:52:37.810,1.243,1.2432,8.30,1.00
2010.02.23 08:52:38.501,1.243,1.2432,9.00,1.00
2010.02.23 08:52:38.698,1.243,1.2432,9.80,1.00
2010.02.23 08:52:38.891,1.243,1.2432,8.20,1.00
2010.02.23 08:52:39.097,1.243,1.24325,7.00,1.00
2010.02.23 08:52:39.716,1.243,1.24325,7.80,1.00
2010.02.23 08:52:39.738,1.243,1.24325,7.40,1.00
2010.02.23 08:52:39.777,1.243,1.24325,6.60,1.00
2010.02.23 08:52:40.887,1.24305,1.24325,2.40,1.00
2010.02.23 08:52:41.468,1.24305,1.24325,2.40,1.00
2010.02.23 08:52:41.779,1.2431,1.24325,1.00,1.00
2010.02.23 08:52:42.441,1.24305,1.2433,9.90,4.00
2010.02.23 08:52:42.794,1.24305,1.2433,10.70,12.00
2010.02.23 08:52:45.099,1.24305,1.2433,10.40,12.00
2010.02.23 08:52:45.389,1.24305,1.2433,13.20,8.80
2010.02.23 08:52:45.688,1.2431,1.24335,1.00,12.50
2010.02.23 08:52:46.248,1.24305,1.2433,13.20,1.00
2010.02.23 08:52:46.545,1.24305,1.2433,12.80,1.00
2010.02.23 08:52:47.695,1.24305,1.2432,11.20,1.00
2010.02.23 08:52:47.874,1.24305,1.24315,1.60,1.00
2010.02.23 08:52:48.217,1.243,1.24315,2.00,1.00
2010.02.23 08:52:50.792,1.243,1.24315,1.60,1.00
2010.02.23 08:52:51.094,1.243,1.24315,1.00,1.00
2010.02.23 08:52:56.934,1.24295,1.24315,10.20,1.00
2010.02.23 08:52:57.285,1.24295,1.24315,11.00,1.00
2010.02.23 08:52:57.982,1.24295,1.24315,10.20,1.00
2010.02.23 08:52:59.838,1.24295,1.2431,5.00,1.00
2010.02.23 08:53:00.143,1.24295,1.24315,3.00,2.40
2010.02.23 08:53:00.412,1.24295,1.24305,1.00,1.00
2010.02.23 08:53:00.678,1.24285,1.24305,8.00,1.00
2010.02.23 08:53:01.161,1.24285,1.2431,7.60,5.60
2010.02.23 08:53:01.300,1.24285,1.2431,7.60,4.80
2010.02.23 08:53:03.185,1.24285,1.24305,9.20,1.00
2010.02.23 08:53:03.547,1.24285,1.24305,3.60,1.00
2010.02.23 08:53:06.013,1.2428,1.24305,2.40,2.80
2010.02.23 08:53:06.366,1.2428,1.24305,7.00,1.00
2010.02.23 08:53:06.775,1.2428,1.24305,6.60,1.00
2010.02.23 08:53:07.128,1.2428,1.24305,6.20,1.00
2010.02.23 08:53:07.484,1.2428,1.24305,7.00,1.00
2010.02.23 08:53:08.627,1.2428,1.24305,7.00,1.00
2010.02.23 08:53:10.557,1.2428,1.2431,7.10,6.40
2010.02.23 08:53:10.912,1.24285,1.2431,2.40,12.80
2010.02.23 08:53:11.451,1.24285,1.2431,6.00,7.20
2010.02.23 08:53:11.721,1.24285,1.2431,6.00,2.40
2010.02.23 08:53:11.981,1.2429,1.2431,2.40,1.00
2010.02.23 08:53:12.247,1.2429,1.2431,4.60,1.00
2010.02.23 08:53:14.361,1.2429,1.24305,3.00,1.00
2010.02.23 08:53:14.570,1.24285,1.24305,13.40,1.00
2010.02.23 08:53:14.901,1.2429,1.2431,5.00,1.00
2010.02.23 08:53:17.112,1.2429,1.2431,5.00,4.00
2010.02.23 08:53:18.372,1.2429,1.2431,5.00,1.00
2010.02.23 08:53:19.509,1.2429,1.2431,5.80,1.00
2010.02.23 08:53:20.172,1.2429,1.2431,5.00,1.00
2010.02.23 08:53:21.673,1.2429,1.24315,5.00,11.40
2010.02.23 08:53:21.812,1.2429,1.24315,5.80,9.80
2010.02.23 08:53:21.945,1.24295,1.24315,5.20,9.80
2010.02.23 08:53:22.082,1.24295,1.24315,7.60,7.30
2010.02.23 08:53:22.532,1.243,1.24315,2.40,4.80
2010.02.23 08:53:22.906,1.243,1.2431,2.40,4.00
2010.02.23 08:53:23.620,1.243,1.2432,3.40,1.00
2010.02.23 08:53:25.015,1.243,1.2432,3.40,1.00
2010.02.23 08:53:25.044,1.243,1.2432,3.40,1.00
2010.02.23 08:53:25.417,1.24305,1.24325,5.20,1.00
2010.02.23 08:53:26.130,1.24305,1.2432,5.20,1.00
2010.02.23 08:53:26.381,1.24305,1.24325,5.20,1.00
2010.02.23 08:53:26.635,1.24305,1.24325,9.20,1.00
2010.02.23 08:53:27.241,1.24305,1.24325,8.10,1.00
2010.02.23 08:53:27.558,1.24305,1.24325,8.10,1.00
2010.02.23 08:53:29.151,1.24305,1.2433,10.50,1.00
2010.02.23 08:53:30.077,1.24305,1.2433,11.30,1.00
2010.02.23 08:53:30.232,1.24305,1.2433,10.50,1.00
2010.02.23 08:53:30.588,1.243,1.24325,11.60,1.00
2010.02.23 08:53:30.949,1.24305,1.2433,10.50,1.00
2010.02.23 08:53:33.869,1.24305,1.24325,4.40,1.00
2010.02.23 08:53:34.196,1.24305,1.2433,2.90,4.00
2010.02.23 08:53:34.750,1.24305,1.24325,2.80,1.00
2010.02.23 08:53:39.070,1.24305,1.2432,2.80,1.00
2010.02.23 08:53:41.026,1.24315,1.2432,5.20,1.00
2010.02.23 08:53:41.663,1.24315,1.2433,5.20,1.60
2010.02.23 08:53:43.248,1.24315,1.2433,5.20,1.60
2010.02.23 08:53:43.616,1.24315,1.2433,5.20,1.00
2010.02.23 08:53:46.036,1.2431,1.2433,4.00,1.60
2010.02.23 08:53:46.288,1.24315,1.24325,5.20,1.00
2010.02.23 08:53:50.290,1.24305,1.24325,16.30,1.00
2010.02.23 08:53:50.618,1.24305,1.24325,15.50,1.00
2010.02.23 08:53:51.812,1.24305,1.24325,15.10,1.00
2010.02.23 08:53:52.022,1.24305,1.24325,14.30,1.00
2010.02.23 08:53:53.955,1.24305,1.24325,10.70,1.60
2010.02.23 08:53:54.204,1.24305,1.24325,10.70,9.60
2010.02.23 08:53:54.444,1.24305,1.24325,9.90,9.60
2010.02.23 08:53:55.561,1.24305,1.24325,6.80,9.60
2010.02.23 08:53:57.062,1.24305,1.24325,6.80,1.60
2010.02.23 08:53:57.268,1.24305,1.24325,5.20,1.60
2010.02.23 08:53:57.399,1.243,1.24315,9.90,1.00
2010.02.23 08:53:57.466,1.243,1.24315,7.50,1.00
2010.02.23 08:53:57.872,1.243,1.24315,7.10,1.00
2010.02.23 08:53:58.204,1.24295,1.24315,15.90,1.00
2010.02.23 08:53:59.432,1.243,1.2432,1.60,1.60
2010.02.23 08:54:00.118,1.243,1.24325,9.90,1.60
2010.02.23 08:54:00.480,1.24305,1.24325,6.70,1.60
2010.02.23 08:54:00.833,1.24305,1.24325,11.40,1.60
2010.02.23 08:54:01.194,1.24305,1.24325,11.40,1.60
2010.02.23 08:54:01.922,1.24305,1.24325,12.20,1.60
2010.02.23 08:54:03.176,1.24305,1.24325,11.40,1.60
2010.02.23 08:54:03.492,1.24305,1.2432,8.20,1.60
2010.02.23 08:54:04.236,1.24295,1.2432,8.40,1.60
2010.02.23 08:54:04.572,1.24295,1.2432,10.30,1.60
2010.02.23 08:54:05.210,1.24295,1.2432,11.10,1.60
2010.02.23 08:54:05.901,1.24295,1.2432,9.20,1.60
2010.02.23 08:54:06.238,1.243,1.2432,3.10,1.60
2010.02.23 08:54:07.480,1.243,1.24315,3.10,1.00
2010.02.23 08:54:07.963,1.243,1.24315,1.50,1.00
2010.02.23 08:54:09.016,1.243,1.2432,1.60,1.60
2010.02.23 08:54:10.500,1.243,1.24325,6.30,8.60
2010.02.23 08:54:10.857,1.243,1.2432,9.20,1.60
2010.02.23 08:54:12.256,1.243,1.2432,9.10,1.60
2010.02.23 08:54:12.325,1.24295,1.2432,16.60,1.60
2010.02.23 08:54:12.584,1.243,1.2432,8.60,1.60
2010.02.23 08:54:13.028,1.24305,1.2432,1.00,1.60
2010.02.23 08:54:13.883,1.24305,1.2432,1.60,1.60
2010.02.23 08:54:16.856,1.24305,1.2432,9.20,1.60
2010.02.23 08:54:16.912,1.24305,1.2432,9.80,1.60
2010.02.23 08:54:18.152,1.24305,1.2432,9.80,1.00
2010.02.23 08:54:19.290,1.24315,1.24335,1.60,8.40
2010.02.23 08:54:19.792,1.2431,1.2433,2.20,1.00
2010.02.23 08:54:20.161,1.2431,1.2433,2.40,1.60
2010.02.23 08:54:21.763,1.2431,1.2433,1.60,1.60
2010.02.23 08:54:23.022,1.24305,1.24325,17.40,1.60
2010.02.23 08:54:24.664,1.2431,1.24325,1.60,1.60
2010.02.23 08:54:24.989,1.24315,1.24335,10.80,4.00
2010.02.23 08:54:25.587,1.24315,1.24335,14.40,1.00
2010.02.23 08:54:25.873,1.2432,1.24335,1.50,1.00
2010.02.23 08:54:26.576,1.24315,1.24335,14.40,1.00
2010.02.23 08:54:27.181,1.24315,1.2433,14.30,1.00
2010.02.23 08:54:27.332,1.24315,1.24335,9.90,1.00
2010.02.23 08:54:27.922,1.24315,1.24335,5.80,1.00
2010.02.23 08:54:28.074,1.24315,1.24335,6.70,1.00
2010.02.23 08:54:29.201,1.24315,1.24335,14.40,1.00
2010.02.23 08:54:29.439,1.24325,1.24335,5.20,1.00
2010.02.23 08:54:29.988,1.24325,1.24345,10.80,1.60
2010.02.23 08:54:30.212,1.24325,1.24345,14.40,1.00
2010.02.23 08:54:33.565,1.24325,1.24345,13.60,1.00
2010.02.23 08:54:33.787,1.24325,1.24345,12.40,1.00
2010.02.23 08:54:34.079,1.24325,1.24345,7.20,1.00
2010.02.23 08:54:36.778,1.2432,1.2434,6.70,1.60
2010.02.23 08:54:39.113,1.2432,1.2434,9.10,1.00
2010.02.23 08:54:39.393,1.24325,1.24345,10.40,2.40
2010.02.23 08:54:39.823,1.24325,1.24345,13.50,1.00
2010.02.23 08:54:40.176,1.2433,1.24345,1.60,1.00
2010.02.23 08:54:40.546,1.24325,1.24345,12.30,1.60
2010.02.23 08:54:40.901,1.24325,1.24345,11.50,1.60
2010.02.23 08:54:41.977,1.24325,1.24345,11.90,1.60
2010.02.23 08:54:42.232,1.24325,1.24345,12.70,1.60
2010.02.23 08:54:43.956,1.2433,1.24345,2.80,1.60
2010.02.23 08:54:44.183,1.2433,1.24345,2.60,1.60
2010.02.23 08:54:44.411,1.24325,1.24345,13.50,1.60
2010.02.23 08:54:47.146,1.24325,1.24345,12.70,1.60
2010.02.23 08:54:47.348,1.24325,1.24345,11.10,1.60
2010.02.23 08:54:47.792,1.24325,1.24345,5.90,1.60
2010.02.23 08:54:47.995,1.24325,1.24345,7.50,1.60
2010.02.23 08:54:49.056,1.24325,1.24345,12.70,1.60
2010.02.23 08:54:49.522,1.24325,1.2435,14.30,2.40
2010.02.23 08:54:49.849,1.24325,1.24345,12.30,1.60
2010.02.23 08:54:51.092,1.2432,1.24335,6.20,1.00
2010.02.23 08:54:51.450,1.2432,1.2433,3.80,1.00
2010.02.23 08:54:51.801,1.2432,1.24335,5.80,1.60
2010.02.23 08:54:52.276,1.2432,1.24335,6.20,1.60
2010.02.23 08:54:52.400,1.2432,1.24335,5.00,1.00
2010.02.23 08:54:54.261,1.24325,1.24335,5.20,1.00
2010.02.23 08:54:55.474,1.2432,1.2434,1.00,2.40
2010.02.23 08:54:55.888,1.24315,1.24335,13.10,1.60
2010.02.23 08:54:56.141,1.24315,1.2433,3.40,1.60
2010.02.23 08:54:58.170,1.2431,1.2433,4.20,1.60
2010.02.23 08:54:58.425,1.2431,1.2433,4.80,1.60
2010.02.23 08:55:00.635,1.2431,1.2433,4.20,1.60
2010.02.23 08:55:00.926,1.2431,1.2433,3.80,1.60
2010.02.23 08:55:01.580,1.2431,1.24325,1.40,1.00
2010.02.23 08:55:02.111,1.2431,1.24325,1.00,1.00
2010.02.23 08:55:02.263,1.24315,1.2433,5.20,1.60
2010.02.23 08:55:03.338,1.24315,1.2433,7.60,1.60
2010.02.23 08:55:03.705,1.2431,1.2433,3.40,10.41
2010.02.23 08:55:04.063,1.24315,1.2433,5.20,1.60
2010.02.23 08:55:10.660,1.24315,1.24325,5.20,1.00
2010.02.23 08:55:11.023,1.24315,1.24325,5.20,1.00
2010.02.23 08:55:11.383,1.24305,1.24315,1.00,1.00
2010.02.23 08:55:12.005,1.243,1.24315,3.20,1.60
2010.02.23 08:55:12.317,1.243,1.24315,4.80,1.60
2010.02.23 08:55:14.658,1.243,1.24315,4.40,1.00
2010.02.23 08:55:14.872,1.243,1.24315,4.20,1.00
2010.02.23 08:55:15.185,1.24295,1.24315,12.80,1.60
2010.02.23 08:55:15.884,1.243,1.24315,2.40,1.60
2010.02.23 08:55:16.224,1.243,1.2432,8.60,1.60
2010.02.23 08:55:19.623,1.243,1.24315,4.60,1.00
2010.02.23 08:55:20.009,1.24305,1.2432,5.20,1.60
2010.02.23 08:55:24.033,1.24305,1.24325,10.00,1.60
2010.02.23 08:55:24.800,1.24305,1.2432,6.30,1.00
2010.02.23 08:55:26.163,1.24305,1.2432,2.40,1.00
2010.02.23 08:55:26.225,1.24305,1.2432,5.20,1.00
2010.02.23 08:55:26.922,1.24305,1.2432,7.60,1.00
2010.02.23 08:55:27.542,1.24305,1.2432,5.20,1.00
2010.02.23 08:55:28.985,1.24305,1.2432,3.10,1.00
2010.02.23 08:55:29.320,1.24305,1.24325,13.10,1.00
2010.02.23 08:55:30.350,1.2431,1.24325,5.10,1.00
2010.02.23 08:55:31.715,1.2431,1.24325,3.50,1.00
2010.02.23 08:55:32.091,1.243,1.2432,7.40,1.00
2010.02.23 08:55:32.801,1.243,1.2432,4.20,2.40
2010.02.23 08:55:33.161,1.24305,1.2432,5.20,2.40
2010.02.23 08:55:33.515,1.24305,1.2432,5.20,1.60
2010.02.23 08:55:34.037,1.24305,1.2432,8.20,1.00
2010.02.23 08:55:34.417,1.24315,1.2433,7.60,1.60
2010.02.23 08:55:35.363,1.24315,1.2433,5.20,1.60
2010.02.23 08:55:36.937,1.24305,1.2432,2.80,1.00
2010.02.23 08:55:37.615,1.24305,1.24325,9.80,4.00
2010.02.23 08:55:37.977,1.24305,1.24325,7.60,4.00
2010.02.23 08:55:38.704,1.24305,1.24325,6.80,4.00
2010.02.23 08:55:39.058,1.24305,1.24325,9.60,1.60
2010.02.23 08:55:39.400,1.2431,1.24325,1.60,1.60
2010.02.23 08:55:40.126,1.24305,1.2432,1.00,1.00
2010.02.23 08:55:40.482,1.243,1.2432,6.30,1.00
2010.02.23 08:55:41.268,1.243,1.2432,3.90,1.00
2010.02.23 08:55:41.634,1.243,1.2432,6.40,1.60
2010.02.23 08:55:42.137,1.243,1.2432,6.40,1.60
2010.02.23 08:55:42.496,1.24305,1.24325,8.30,1.00
2010.02.23 08:55:43.235,1.24305,1.24325,6.80,1.00
2010.02.23 08:55:43.600,1.243,1.2432,8.60,1.60
2010.02.23 08:55:45.022,1.24305,1.2432,5.20,1.00
2010.02.23 08:55:46.225,1.24305,1.2432,5.20,1.60
2010.02.23 08:55:52.926,1.243,1.24315,1.00,1.00
2010.02.23 08:55:53.283,1.243,1.24315,1.60,1.00
2010.02.23 08:55:53.632,1.243,1.24315,2.40,1.00
2010.02.23 08:55:54.823,1.243,1.24315,1.60,1.00
2010.02.23 08:55:55.152,1.243,1.24315,2.40,1.00
2010.02.23 08:55:57.907,1.24305,1.24315,5.20,1.00
2010.02.23 08:55:58.173,1.24305,1.2432,5.20,1.60
2010.02.23 08:56:04.471,1.24305,1.2432,6.80,1.00
2010.02.23 08:56:04.984,1.24305,1.24325,13.80,1.00
2010.02.23 08:56:05.270,1.2431,1.24325,1.60,1.00
2010.02.23 08:56:06.443,1.24305,1.24325,13.80,1.00
2010.02.23 08:56:06.780,1.2431,1.24325,1.60,1.00
2010.02.23 08:56:08.421,1.2431,1.2433,7.10,1.70
2010.02.23 08:56:09.069,1.2431,1.2433,5.50,4.00
2010.02.23 08:56:09.331,1.2431,1.24325,1.60,1.00
2010.02.23 08:56:11.693,1.2432,1.24325,1.00,1.00
2010.02.23 08:56:14.612,1.2431,1.24325,1.60,1.00
2010.02.23 08:56:15.553,1.24305,1.24325,12.70,1.60
2010.02.23 08:56:15.742,1.24305,1.24325,10.30,1.60
2010.02.23 08:56:17.737,1.24305,1.24325,3.10,1.60
2010.02.23 08:56:18.443,1.24305,1.2432,1.00,1.00
2010.02.23 08:56:18.810,1.243,1.2432,6.70,1.00
2010.02.23 08:56:20.263,1.243,1.2431,4.30,1.00
2010.02.23 08:56:20.626,1.24295,1.2432,16.00,1.60
2010.02.23 08:56:20.977,1.243,1.24315,1.00,1.60
2010.02.23 08:56:22.340,1.24295,1.24315,16.00,1.60
2010.02.23 08:56:22.773,1.243,1.24315,1.00,1.60
2010.02.23 08:56:23.103,1.24295,1.24315,16.00,1.60
2010.02.23 08:56:23.606,1.243,1.24315,1.20,1.60
2010.02.23 08:56:24.226,1.243,1.2432,1.00,1.60
2010.02.23 08:56:24.555,1.24295,1.2432,16.80,1.60
2010.02.23 08:56:24.883,1.24295,1.2432,16.00,1.60
2010.02.23 08:56:25.215,1.24305,1.2432,5.20,1.60
2010.02.23 08:56:30.297,1.24305,1.2432,5.20,1.60
2010.02.23 08:56:30.741,1.24305,1.2432,7.50,1.60
2010.02.23 08:56:31.100,1.24305,1.24325,10.30,1.60
2010.02.23 08:56:31.900,1.24305,1.24325,12.80,1.60
2010.02.23 08:56:32.135,1.24305,1.24325,14.30,1.60
2010.02.23 08:56:32.872,1.24305,1.24325,11.90,1.60
2010.02.23 08:56:32.938,1.24305,1.24325,12.70,1.60
2010.02.23 08:56:34.749,1.2431,1.24325,1.00,1.60
2010.02.23 08:56:37.939,1.2431,1.24325,1.00,1.00
2010.02.23 08:56:38.121,1.24305,1.24325,15.50,1.00
2010.02.23 08:56:38.322,1.24315,1.24325,5.20,1.00
2010.02.23 08:56:38.518,1.2431,1.24325,1.00,1.00
2010.02.23 08:56:39.229,1.24305,1.24325,3.10,1.60
2010.02.23 08:56:39.596,1.24305,1.24325,1.50,1.60
2010.02.23 08:56:40.212,1.24305,1.24325,3.10,1.60
2010.02.23 08:56:41.160,1.24305,1.24325,5.60,1.60
2010.02.23 08:56:41.429,1.2431,1.2433,1.00,1.60
2010.02.23 08:56:41.679,1.2431,1.2433,2.30,1.60
2010.02.23 08:56:42.274,1.2431,1.2433,3.10,1.60
2010.02.23 08:56:43.178,1.2431,1.2433,2.30,1.60
2010.02.23 08:56:43.984,1.2431,1.2433,2.70,1.60
2010.02.23 08:56:44.155,1.2431,1.2433,2.70,1.60
2010.02.23 08:56:44.845,1.2431,1.24335,4.70,5.60
2010.02.23 08:56:47.765,1.2431,1.2433,4.30,1.60
2010.02.23 08:56:47.948,1.2431,1.2433,5.50,1.60
2010.02.23 08:56:49.098,1.2431,1.2433,4.70,1.60
2010.02.23 08:56:49.596,1.2431,1.2433,4.70,4.00
2010.02.23 08:56:49.868,1.2431,1.2433,3.10,4.00
2010.02.23 08:56:50.405,1.2431,1.2433,3.10,4.00
2010.02.23 08:56:51.036,1.24305,1.24325,11.50,1.00
2010.02.23 08:56:51.394,1.24305,1.24325,12.30,1.00
2010.02.23 08:56:52.566,1.2431,1.2433,1.50,4.00
2010.02.23 08:56:54.203,1.2431,1.2433,1.90,1.60
2010.02.23 08:56:54.559,1.24315,1.2433,5.20,1.00
2010.02.23 08:56:56.116,1.2431,1.2433,4.70,1.00
2010.02.23 08:56:59.924,1.24315,1.2433,5.20,1.00
2010.02.23 08:57:03.996,1.24315,1.24335,6.70,3.20
2010.02.23 08:57:04.258,1.24315,1.24335,7.50,3.20
2010.02.23 08:57:04.686,1.24315,1.24335,7.50,1.60
2010.02.23 08:57:05.035,1.24315,1.24335,6.70,1.60
2010.02.23 08:57:05.387,1.24315,1.24335,7.50,1.60
2010.02.23 08:57:06.785,1.24315,1.24335,8.30,1.60
2010.02.23 08:57:07.137,1.24315,1.24335,9.90,1.00
2010.02.23 08:57:07.358,1.24315,1.24335,12.70,1.00
2010.02.23 08:57:07.950,1.2432,1.2434,4.00,1.60
2010.02.23 08:57:08.273,1.24325,1.24345,6.80,1.00
2010.02.23 08:57:08.913,1.24325,1.24345,8.30,1.00
2010.02.23 08:57:09.284,1.24325,1.24345,10.80,1.00
2010.02.23 08:57:09.639,1.24325,1.24345,11.60,1.00
2010.02.23 08:57:11.431,1.24325,1.24345,11.50,1.00
2010.02.23 08:57:11.752,1.24325,1.24345,9.10,1.00
2010.02.23 08:57:12.480,1.24325,1.24345,11.50,1.00
2010.02.23 08:57:12.762,1.24325,1.24345,10.80,1.00
2010.02.23 08:57:16.219,1.24325,1.24345,12.40,1.00
2010.02.23 08:57:16.563,1.24335,1.2435,5.20,1.60
2010.02.23 08:57:18.843,1.2433,1.24345,1.50,1.00
2010.02.23 08:57:19.206,1.24325,1.24345,12.80,1.00
2010.02.23 08:57:19.904,1.24325,1.24345,9.90,1.00
2010.02.23 08:57:21.568,1.2432,1.24345,8.70,1.60
2010.02.23 08:57:22.158,1.2432,1.2434,8.30,1.00
2010.02.23 08:57:22.453,1.2432,1.2434,6.70,1.00
2010.02.23 08:57:24.960,1.2432,1.24335,2.60,1.00
2010.02.23 08:57:25.320,1.24315,1.24335,15.40,1.00
2010.02.23 08:57:25.675,1.24315,1.24335,15.00,1.60
2010.02.23 08:57:27.052,1.2432,1.24335,1.00,1.60
2010.02.23 08:57:27.409,1.24325,1.2434,5.20,1.60
2010.02.23 08:57:29.748,1.24325,1.2434,5.20,4.00
2010.02.23 08:57:29.937,1.24315,1.24335,5.20,1.60
2010.02.23 08:57:30.658,1.24315,1.24335,6.80,1.60
2010.02.23 08:57:30.851,1.24315,1.24335,9.70,1.60
2010.02.23 08:57:32.243,1.24325,1.2434,5.20,2.40
2010.02.23 08:57:32.402,1.24325,1.2434,5.20,1.60
2010.02.23 08:57:42.575,1.24325,1.2434,5.20,1.60
2010.02.23 08:57:42.861,1.24325,1.24345,7.60,1.60
2010.02.23 08:57:43.213,1.24325,1.24345,10.80,1.60
2010.02.23 08:57:46.758,1.24325,1.24345,10.70,1.60
2010.02.23 08:57:47.306,1.24325,1.24345,9.10,1.60
2010.02.23 08:57:47.538,1.24325,1.2434,5.20,1.60
2010.02.23 08:57:49.012,1.24325,1.2434,7.60,1.60
2010.02.23 08:57:49.371,1.24325,1.2434,5.20,1.60
2010.02.23 08:57:54.590,1.24325,1.2434,7.60,1.60
2010.02.23 08:57:56.218,1.24325,1.2434,7.60,1.70
2010.02.23 08:57:56.705,1.24325,1.2434,5.20,1.60
2010.02.23 08:58:02.260,1.24325,1.2434,5.20,1.60
2010.02.23 08:58:02.583,1.24325,1.24345,5.20,1.60
2010.02.23 08:58:02.921,1.24325,1.24345,4.00,3.20
2010.02.23 08:58:03.378,1.2432,1.2434,2.60,1.00
2010.02.23 08:58:03.735,1.24315,1.2434,15.10,1.60
2010.02.23 08:58:04.895,1.2432,1.2434,1.00,1.60
2010.02.23 08:58:05.056,1.24315,1.2434,15.10,1.60
2010.02.23 08:58:14.355,1.24325,1.24345,3.10,3.20
2010.02.23 08:58:14.632,1.24325,1.2435,8.30,5.60
2010.02.23 08:58:17.980,1.24325,1.24345,8.30,1.60
2010.02.23 08:58:19.354,1.24325,1.2435,8.30,5.60
2010.02.23 08:58:19.602,1.24325,1.2435,10.70,3.20
2010.02.23 08:58:20.097,1.24325,1.24345,8.30,1.00
2010.02.23 08:58:20.350,1.24325,1.24345,3.10,3.20
2010.02.23 08:58:21.068,1.24325,1.24345,3.10,5.60
2010.02.23 08:58:21.422,1.2432,1.24335,1.50,1.00
2010.02.23 08:58:24.766,1.2431,1.2433,3.90,1.00
2010.02.23 08:58:25.076,1.2431,1.2433,3.10,1.00
2010.02.23 08:58:25.705,1.2431,1.2433,3.10,1.00
2010.02.23 08:58:26.230,1.24315,1.2433,5.20,1.00
2010.02.23 08:58:26.505,1.2431,1.2433,3.10,1.00
2010.02.23 08:58:27.723,1.2431,1.2433,5.70,1.00
2010.02.23 08:58:28.079,1.24315,1.24335,8.30,3.20
2010.02.23 08:58:28.534,1.24315,1.2433,8.30,1.00
2010.02.23 08:58:30.603,1.24315,1.24335,8.30,4.50
2010.02.23 08:58:30.880,1.24315,1.24335,8.30,1.00
2010.02.23 08:58:31.451,1.24325,1.2434,1.50,4.00
2010.02.23 08:58:31.723,1.24325,1.2434,1.50,1.00
2010.02.23 08:58:32.788,1.24325,1.2434,3.10,1.00
2010.02.23 08:58:33.237,1.24325,1.24335,1.50,1.00
2010.02.23 08:58:33.478,1.2432,1.2434,3.10,2.80
2010.02.23 08:58:33.982,1.24325,1.2434,5.20,2.80
2010.02.23 08:58:34.328,1.24325,1.2434,5.20,1.60
2010.02.23 08:58:35.020,1.24325,1.2434,7.60,1.60
2010.02.23 08:58:35.641,1.24325,1.2434,7.60,1.00
2010.02.23 08:58:36.015,1.2433,1.24345,2.40,1.00
2010.02.23 08:58:37.042,1.24325,1.24345,10.00,1.00
2010.02.23 08:58:37.358,1.24325,1.2434,3.10,1.00
2010.02.23 08:58:38.755,1.24325,1.24335,1.60,1.00
2010.02.23 08:58:39.111,1.2432,1.24335,3.10,1.00
2010.02.23 08:58:39.800,1.24315,1.24335,5.50,1.00
2010.02.23 08:58:42.259,1.24315,1.24335,3.90,1.00
2010.02.23 08:58:42.546,1.24315,1.24335,3.10,1.00
2010.02.23 08:58:45.558,1.2432,1.24335,3.10,1.00
2010.02.23 08:58:46.126,1.24315,1.24335,3.90,1.00
2010.02.23 08:58:46.621,1.24315,1.24335,5.50,1.00
2010.02.23 08:58:46.815,1.24315,1.2433,1.50,4.00
2010.02.23 08:58:47.551,1.24315,1.2433,1.50,2.40
2010.02.23 08:58:47.733,1.24315,1.24335,1.50,5.60
2010.02.23 08:58:48.423,1.24315,1.24335,1.50,5.60
2010.02.23 08:58:49.390,1.24315,1.2433,1.50,1.60
2010.02.23 08:58:50.178,1.24315,1.24335,1.50,4.00
2010.02.23 08:58:50.399,1.24315,1.24335,1.50,4.00
2010.02.23 08:58:51.896,1.24315,1.24335,1.70,1.60
2010.02.23 08:58:52.051,1.2432,1.2434,1.50,6.40
2010.02.23 08:58:52.600,1.2432,1.2434,1.50,8.80
2010.02.23 08:58:52.969,1.2432,1.2434,7.10,1.60
2010.02.23 08:58:54.215,1.2432,1.2434,3.10,1.00
2010.02.23 08:58:59.642,1.2432,1.2434,3.10,1.60
2010.02.23 08:59:00.072,1.2432,1.2434,3.10,8.00
2010.02.23 08:59:00.421,1.2432,1.2434,1.50,9.60
2010.02.23 08:59:01.920,1.2432,1.2434,1.50,13.60
2010.02.23 08:59:02.226,1.24315,1.24335,8.30,1.00
2010.02.23 08:59:02.516,1.24315,1.24335,8.30,1.60
2010.02.23 08:59:05.857,1.2432,1.2434,1.50,6.40
2010.02.23 08:59:06.520,1.2432,1.2434,1.50,5.60
2010.02.23 08:59:09.083,1.2432,1.2434,3.10,1.60
2010.02.23 08:59:09.633,1.2432,1.24345,3.10,8.00
2010.02.23 08:59:11.245,1.2432,1.2434,3.10,2.40
2010.02.23 08:59:11.502,1.2432,1.2434,3.10,1.60
2010.02.23 08:59:11.826,1.2432,1.24345,3.10,11.60
2010.02.23 08:59:12.146,1.2432,1.24345,3.10,12.00
2010.02.23 08:59:13.150,1.2432,1.24345,3.50,10.40
2010.02.23 08:59:13.830,1.2432,1.24345,3.10,6.40
2010.02.23 08:59:14.191,1.2432,1.2434,3.10,1.00
2010.02.23 08:59:15.226,1.2432,1.2434,5.50,1.00
2010.02.23 08:59:15.935,1.2432,1.24345,3.10,8.00
2010.02.23 08:59:16.066,1.2432,1.24345,3.10,12.00
2010.02.23 08:59:17.243,1.2432,1.2434,3.10,3.20
2010.02.23 08:59:18.931,1.2432,1.2434,3.10,3.20
2010.02.23 08:59:19.976,1.2432,1.2434,3.10,1.00
2010.02.23 08:59:20.329,1.2432,1.24345,5.50,12.00
2010.02.23 08:59:20.740,1.2432,1.24345,5.50,12.00
2010.02.23 08:59:21.109,1.2432,1.24345,3.10,6.40
2010.02.23 08:59:22.473,1.2432,1.24345,5.50,6.40
2010.02.23 08:59:23.203,1.2432,1.24345,3.10,6.40
2010.02.23 08:59:23.533,1.2432,1.24345,6.30,6.40
2010.02.23 08:59:24.207,1.2432,1.24345,10.30,6.40
2010.02.23 08:59:24.909,1.2432,1.24345,10.50,6.40
2010.02.23 08:59:25.654,1.24335,1.2435,1.50,4.80
2010.02.23 08:59:25.965,1.24335,1.24355,3.10,1.00
2010.02.23 08:59:26.619,1.24335,1.2436,3.10,10.40
2010.02.23 08:59:26.980,1.24335,1.24355,3.10,6.40
2010.02.23 08:59:27.331,1.24335,1.24355,3.10,10.40
2010.02.23 08:59:27.686,1.24335,1.24355,3.10,2.40
2010.02.23 08:59:28.090,1.24335,1.24355,3.10,6.40
2010.02.23 08:59:28.382,1.24335,1.24355,3.10,6.40
2010.02.23 08:59:28.735,1.24335,1.24355,3.10,2.40
2010.02.23 08:59:29.093,1.24335,1.24355,3.10,6.40
2010.02.23 08:59:31.177,1.24335,1.24355,3.10,4.00
2010.02.23 08:59:31.739,1.2434,1.2436,1.50,14.10
2010.02.23 08:59:33.924,1.2434,1.2436,1.50,12.50
2010.02.23 08:59:34.634,1.2434,1.24355,1.50,4.00
2010.02.23 08:59:35.326,1.2434,1.24355,1.50,4.00
2010.02.23 08:59:35.619,1.24335,1.24355,1.50,8.00
2010.02.23 08:59:37.529,1.24335,1.24355,1.50,1.00
2010.02.23 08:59:38.231,1.24335,1.24355,3.10,1.00
2010.02.23 08:59:39.700,1.24335,1.2436,8.30,5.20
2010.02.23 08:59:40.038,1.2434,1.2436,1.50,1.60
2010.02.23 08:59:40.797,1.2434,1.2436,1.50,3.20
2010.02.23 08:59:43.953,1.2434,1.2436,1.50,3.20
2010.02.23 08:59:44.210,1.24335,1.24355,1.50,1.60
2010.02.23 08:59:44.770,1.24335,1.24355,1.50,3.20
2010.02.23 08:59:45.130,1.2433,1.2435,3.10,1.60
2010.02.23 08:59:45.388,1.2433,1.2435,3.10,1.00
2010.02.23 08:59:46.231,1.24325,1.2435,1.60,1.00
2010.02.23 08:59:47.585,1.2433,1.24355,1.60,2.40
2010.02.23 08:59:47.850,1.24325,1.2435,5.20,1.60
2010.02.23 08:59:48.476,1.2433,1.24355,1.60,1.00
2010.02.23 08:59:48.810,1.24345,1.2437,5.20,2.00
2010.02.23 08:59:49.143,1.24345,1.2437,5.20,1.60
2010.02.23 08:59:52.505,1.24345,1.24375,6.80,2.40
2010.02.23 08:59:52.814,1.24355,1.2438,5.20,1.60
2010.02.23 08:59:53.341,1.24355,1.24385,6.80,2.40
2010.02.23 08:59:53.625,1.24355,1.24385,6.80,1.60
2010.02.23 08:59:55.343,1.2435,1.2438,1.70,1.60
2010.02.23 08:59:56.788,1.2435,1.2438,1.60,1.60
2010.02.23 08:59:57.149,1.24345,1.24375,6.90,1.60
2010.02.23 08:59:58.479,1.2435,1.2438,1.60,1.60
2010.02.23 08:59:59.979,1.24355,1.24385,1.60,6.80
