2013.10.18 02:00:00.415,1.34035,1.34045,1.38,2.44
2013.10.18 02:00:00.934,1.34036,1.34045,1.38,1.69
2013.10.18 02:00:01.540,1.34036,1.34045,1.50,1.57
2013.10.18 02:00:02.409,1.34038,1.34047,1.13,1.57
2013.10.18 02:00:02.513,1.34048,1.34059,1.38,1.50
2013.10.18 02:00:02.575,1.3405,1.34059,1.00,1.69
2013.10.18 02:00:03.116,1.3405,1.34056,1.38,1.00
2013.10.18 02:00:03.474,1.3405,1.34059,1.75,2.07
2013.10.18 02:00:04.073,1.3405,1.34059,1.75,1.50
2013.10.18 02:00:04.375,1.34047,1.34056,1.75,1.00
2013.10.18 02:00:04.436,1.34047,1.34057,2.25,1.00
2013.10.18 02:00:04.555,1.34047,1.34054,1.75,1.00
2013.10.18 02:00:04.674,1.34049,1.34054,1.00,1.00
2013.10.18 02:00:04.985,1.34049,1.34058,1.00,1.57
2013.10.18 02:00:05.165,1.34051,1.34059,1.38,1.50
2013.10.18 02:00:05.404,1.34051,1.34058,1.00,1.13
2013.10.18 02:00:05.944,1.3405,1.34058,1.00,1.25
2013.10.18 02:00:06.244,1.34047,1.34059,1.75,1.38
2013.10.18 02:00:06.964,1.34048,1.34057,1.75,1.00
2013.10.18 02:00:07.024,1.3405,1.34057,1.13,1.00
2013.10.18 02:00:08.093,1.34048,1.34057,1.50,1.00
2013.10.18 02:00:08.633,1.34048,1.34057,1.50,1.00
2013.10.18 02:00:10.124,1.34046,1.34053,1.75,1.00
2013.10.18 02:00:10.184,1.34048,1.34053,1.00,1.00
2013.10.18 02:00:10.504,1.34046,1.3405,1.75,1.50
2013.10.18 02:00:11.104,1.34046,1.34051,1.75,1.00
2013.10.18 02:00:11.164,1.34049,1.34055,1.38,1.00
2013.10.18 02:00:11.653,1.3405,1.34055,1.50,2.25
2013.10.18 02:00:15.093,1.34048,1.34053,1.75,1.00
2013.10.18 02:00:15.693,1.34048,1.34055,1.75,1.00
2013.10.18 02:00:15.813,1.34054,1.34057,1.00,1.00
2013.10.18 02:00:15.933,1.34054,1.34057,1.00,1.00
2013.10.18 02:00:16.734,1.34055,1.34057,1.00,1.00
2013.10.18 02:00:16.913,1.34055,1.34063,1.00,1.75
2013.10.18 02:00:17.153,1.34052,1.34061,1.88,1.69
2013.10.18 02:00:17.214,1.34052,1.34059,1.13,1.13
2013.10.18 02:00:18.012,1.34052,1.34057,1.13,1.00
2013.10.18 02:00:18.316,1.34052,1.34055,1.13,1.00
2013.10.18 02:00:18.635,1.34052,1.34055,1.13,1.00
2013.10.18 02:00:19.384,1.34052,1.34056,1.13,1.00
2013.10.18 02:00:21.245,1.34053,1.34056,1.00,1.00
2013.10.18 02:00:21.604,1.34055,1.3406,1.00,1.00
2013.10.18 02:00:22.144,1.34054,1.34058,1.13,1.50
2013.10.18 02:00:22.444,1.34059,1.34061,1.38,1.50
2013.10.18 02:00:22.684,1.34059,1.34064,1.00,1.00
2013.10.18 02:00:22.803,1.34059,1.34062,1.38,1.50
2013.10.18 02:00:23.325,1.34059,1.34062,1.38,1.00
2013.10.18 02:00:23.977,1.34056,1.34058,1.00,1.13
2013.10.18 02:00:24.034,1.34052,1.34056,1.50,1.00
2013.10.18 02:00:24.094,1.34049,1.34056,1.00,1.00
2013.10.18 02:00:24.335,1.34053,1.34056,1.00,1.00
2013.10.18 02:00:24.693,1.34055,1.34059,1.38,1.32
2013.10.18 02:00:24.754,1.34055,1.3406,1.38,1.25
2013.10.18 02:00:24.994,1.34059,1.34065,1.00,2.29
2013.10.18 02:00:25.113,1.3406,1.34064,1.00,1.13
2013.10.18 02:00:25.294,1.34062,1.34064,1.00,1.00
2013.10.18 02:00:25.595,1.34065,1.3407,1.88,1.54
2013.10.18 02:00:25.655,1.34067,1.3407,1.13,1.54
2013.10.18 02:00:25.716,1.34067,1.34072,1.13,1.00
2013.10.18 02:00:25.775,1.34068,1.34072,1.00,1.00
2013.10.18 02:00:26.015,1.34066,1.3407,2.25,1.00
2013.10.18 02:00:26.401,1.34066,1.3407,1.88,2.63
2013.10.18 02:00:26.724,1.34066,1.34067,1.00,1.50
2013.10.18 02:00:27.084,1.3406,1.34065,1.38,1.50
2013.10.18 02:00:28.104,1.34058,1.34061,1.00,1.50
2013.10.18 02:00:28.465,1.34056,1.3406,3.00,1.00
2013.10.18 02:00:28.884,1.34058,1.34061,1.00,1.50
2013.10.18 02:00:29.374,1.34058,1.34065,1.50,1.92
2013.10.18 02:00:29.494,1.34061,1.34068,1.00,2.07
2013.10.18 02:00:30.504,1.3406,1.34066,1.00,1.38
2013.10.18 02:00:30.625,1.34058,1.34066,1.00,1.38
2013.10.18 02:00:30.944,1.34058,1.34066,1.00,1.38
2013.10.18 02:00:31.065,1.34055,1.34064,3.38,1.32
2013.10.18 02:00:31.185,1.34055,1.34064,1.38,1.88
2013.10.18 02:00:31.305,1.34054,1.34063,1.88,1.50
2013.10.18 02:00:31.364,1.34056,1.34064,1.00,1.50
2013.10.18 02:00:31.894,1.34056,1.34064,1.38,1.00
2013.10.18 02:00:32.534,1.3406,1.34068,1.00,2.63
2013.10.18 02:00:32.594,1.3406,1.34068,1.13,2.63
2013.10.18 02:00:32.654,1.34066,1.3407,1.00,3.42
2013.10.18 02:00:32.894,1.34071,1.34077,1.00,1.13
2013.10.18 02:00:32.954,1.34071,1.34077,1.00,1.50
2013.10.18 02:00:33.619,1.34071,1.34077,1.00,1.88
2013.10.18 02:00:33.924,1.34068,1.34076,1.13,1.13
2013.10.18 02:00:36.401,1.34071,1.34077,1.00,1.13
2013.10.18 02:00:36.524,1.34071,1.34079,1.00,1.75
2013.10.18 02:00:36.944,1.34071,1.34077,1.50,1.13
2013.10.18 02:00:37.736,1.34071,1.34079,1.88,1.88
2013.10.18 02:00:37.855,1.34074,1.34079,1.00,1.13
2013.10.18 02:00:38.834,1.34074,1.34078,1.00,1.50
2013.10.18 02:00:38.956,1.34069,1.34077,1.50,1.50
2013.10.18 02:00:39.376,1.34066,1.34074,1.00,1.63
2013.10.18 02:00:39.675,1.34066,1.34073,1.00,1.94
2013.10.18 02:00:39.796,1.34063,1.34066,1.13,1.57
2013.10.18 02:00:39.977,1.34063,1.34073,3.00,2.44
2013.10.18 02:00:40.094,1.34064,1.34073,1.38,2.44
2013.10.18 02:00:40.275,1.34064,1.34073,1.88,1.94
2013.10.18 02:00:40.516,1.34064,1.34073,1.88,1.94
2013.10.18 02:00:42.595,1.34065,1.34073,1.00,1.88
2013.10.18 02:00:42.955,1.34066,1.34072,1.00,1.38
2013.10.18 02:00:43.700,1.34068,1.34072,1.00,1.38
2013.10.18 02:00:44.425,1.34066,1.34072,1.00,1.38
2013.10.18 02:00:44.845,1.34064,1.34071,1.00,2.44
2013.10.18 02:00:44.904,1.34066,1.34071,1.00,1.69
2013.10.18 02:00:45.324,1.34065,1.34068,1.00,1.00
2013.10.18 02:00:45.385,1.34061,1.34068,1.00,1.38
2013.10.18 02:00:45.968,1.34061,1.34068,1.00,1.38
2013.10.18 02:00:47.736,1.34059,1.34067,1.50,2.44
2013.10.18 02:00:48.279,1.34058,1.34067,1.88,2.82
2013.10.18 02:00:49.834,1.34058,1.34065,1.13,1.69
2013.10.18 02:00:49.955,1.34063,1.34067,1.00,1.00
2013.10.18 02:00:50.616,1.34063,1.34066,1.00,1.50
2013.10.18 02:00:51.134,1.34058,1.34065,1.50,1.00
2013.10.18 02:00:51.195,1.34058,1.34065,1.13,1.38
2013.10.18 02:00:51.827,1.34057,1.34064,2.25,1.38
2013.10.18 02:00:53.896,1.3406,1.34064,1.00,1.38
2013.10.18 02:00:54.794,1.3406,1.34066,1.50,1.38
2013.10.18 02:00:57.594,1.3406,1.34066,1.00,1.88
2013.10.18 02:00:57.774,1.34057,1.34066,1.38,1.88
2013.10.18 02:00:57.835,1.34056,1.34066,3.38,1.88
2013.10.18 02:00:58.794,1.34056,1.34064,1.50,1.38
2013.10.18 02:01:00.415,1.34056,1.34064,1.88,1.50
2013.10.18 02:01:00.535,1.34056,1.34064,1.38,1.50
2013.10.18 02:01:01.074,1.34058,1.34064,1.00,1.38
2013.10.18 02:01:01.134,1.3406,1.34064,1.00,1.38
2013.10.18 02:01:08.475,1.3406,1.34066,1.13,1.50
2013.10.18 02:01:08.594,1.34059,1.34066,3.19,1.00
2013.10.18 02:01:08.655,1.34062,1.34068,1.13,1.13
2013.10.18 02:01:09.194,1.34063,1.34072,1.25,1.38
2013.10.18 02:01:10.825,1.34061,1.3407,2.07,1.38
2013.10.18 02:01:11.445,1.34061,1.3407,1.00,1.38
2013.10.18 02:01:12.914,1.34061,1.34068,1.00,1.00
2013.10.18 02:01:13.166,1.3406,1.34068,1.13,1.00
2013.10.18 02:01:19.945,1.3406,1.34068,1.50,1.50
2013.10.18 02:01:20.004,1.34064,1.3407,1.00,1.88
2013.10.18 02:01:20.677,1.34059,1.34067,1.75,1.00
2013.10.18 02:01:23.776,1.34064,1.34069,1.00,1.88
2013.10.18 02:01:23.894,1.34065,1.34069,1.00,1.88
2013.10.18 02:01:24.705,1.34065,1.34067,1.00,1.00
2013.10.18 02:01:24.766,1.34061,1.34067,1.69,1.00
2013.10.18 02:01:24.825,1.34061,1.34069,1.50,1.00
2013.10.18 02:01:25.005,1.34066,1.34069,1.00,1.00
2013.10.18 02:01:25.306,1.34065,1.34069,1.00,1.38
2013.10.18 02:01:25.666,1.34054,1.34063,1.38,1.88
2013.10.18 02:01:25.725,1.34053,1.34063,1.50,2.63
2013.10.18 02:01:25.964,1.34053,1.34061,1.13,1.38
2013.10.18 02:01:28.518,1.34053,1.34061,1.00,1.88
2013.10.18 02:01:29.398,1.34055,1.3406,1.00,1.13
2013.10.18 02:01:29.727,1.34056,1.34058,1.00,1.13
2013.10.18 02:01:30.085,1.34055,1.34058,1.00,1.00
2013.10.18 02:01:30.646,1.34056,1.34058,1.00,1.13
2013.10.18 02:01:31.184,1.3405,1.34057,1.13,1.00
2013.10.18 02:01:31.722,1.34054,1.34058,1.00,1.50
2013.10.18 02:01:32.834,1.34054,1.34058,1.00,1.50
2013.10.18 02:01:32.894,1.34054,1.34056,1.00,1.00
2013.10.18 02:01:33.224,1.34054,1.34058,1.00,1.50
2013.10.18 02:01:33.284,1.34054,1.34058,1.00,1.50
2013.10.18 02:01:33.644,1.34053,1.34058,1.00,1.50
2013.10.18 02:01:34.436,1.34051,1.34057,1.00,1.38
2013.10.18 02:01:34.674,1.34049,1.34056,1.00,1.38
2013.10.18 02:01:35.242,1.34048,1.34056,1.00,1.38
2013.10.18 02:01:36.455,1.34048,1.34056,1.00,1.38
2013.10.18 02:01:38.246,1.3405,1.34056,1.00,1.38
2013.10.18 02:01:39.939,1.3405,1.34055,1.00,1.00
2013.10.18 02:01:40.006,1.3405,1.34053,1.00,1.00
2013.10.18 02:01:40.069,1.34047,1.34053,1.00,1.00
2013.10.18 02:01:40.196,1.34048,1.34053,1.25,1.38
2013.10.18 02:01:40.554,1.34051,1.34056,1.00,1.88
2013.10.18 02:01:41.665,1.34054,1.3406,1.00,4.88
2013.10.18 02:01:41.846,1.34052,1.3406,1.88,1.88
2013.10.18 02:01:42.470,1.34052,1.3406,1.38,1.88
2013.10.18 02:01:42.844,1.34058,1.3406,1.00,1.50
2013.10.18 02:01:43.144,1.34052,1.34057,1.38,1.32
2013.10.18 02:01:43.565,1.34052,1.34055,1.38,2.55
2013.10.18 02:01:43.625,1.34043,1.34049,2.25,1.00
2013.10.18 02:01:43.745,1.34043,1.34048,1.13,1.00
2013.10.18 02:01:43.805,1.34045,1.34048,1.00,1.00
2013.10.18 02:01:44.164,1.34046,1.34049,1.00,1.25
2013.10.18 02:01:44.344,1.34046,1.34047,1.00,1.00
2013.10.18 02:01:46.435,1.34044,1.34047,1.00,1.00
2013.10.18 02:01:51.115,1.34044,1.34047,1.00,1.00
2013.10.18 02:01:51.295,1.34044,1.34049,1.00,1.00
2013.10.18 02:01:51.858,1.34044,1.34046,1.00,1.00
2013.10.18 02:01:57.964,1.34039,1.34045,1.50,1.00
2013.10.18 02:02:00.785,1.34044,1.34045,1.00,1.00
2013.10.18 02:02:01.205,1.3404,1.34045,1.00,2.07
2013.10.18 02:02:01.816,1.34039,1.34045,1.13,2.07
2013.10.18 02:02:10.484,1.34036,1.34044,2.82,1.69
2013.10.18 02:02:11.375,1.34037,1.34044,1.19,1.69
2013.10.18 02:02:11.495,1.34034,1.34042,1.13,1.57
2013.10.18 02:02:11.616,1.34035,1.34043,1.13,1.94
2013.10.18 02:02:11.985,1.34039,1.34044,1.50,2.07
2013.10.18 02:02:12.045,1.3404,1.34044,2.25,1.57
2013.10.18 02:02:12.285,1.34042,1.34044,1.00,1.57
2013.10.18 02:02:12.786,1.34042,1.34044,1.00,1.25
2013.10.18 02:02:17.104,1.34043,1.34047,1.00,1.57
2013.10.18 02:02:18.562,1.34042,1.34048,1.50,1.32
2013.10.18 02:02:21.057,1.34044,1.34048,1.00,1.32
2013.10.18 02:02:23.036,1.34042,1.34048,1.88,1.32
2013.10.18 02:02:29.264,1.34043,1.34049,1.00,1.69
2013.10.18 02:02:36.647,1.34043,1.34051,1.50,1.63
2013.10.18 02:02:45.984,1.34044,1.34051,1.00,1.63
2013.10.18 02:02:57.704,1.34044,1.34051,1.01,1.38
2013.10.18 02:02:58.184,1.34046,1.34053,1.00,2.00
2013.10.18 02:02:58.605,1.34046,1.34054,1.38,2.63
2013.10.18 02:03:01.990,1.34048,1.34054,1.13,1.00
2013.10.18 02:03:02.108,1.3405,1.34054,1.88,1.00
2013.10.18 02:03:02.286,1.34053,1.34059,1.13,1.13
2013.10.18 02:03:02.346,1.34053,1.34059,1.00,1.50
2013.10.18 02:03:02.706,1.34055,1.34061,1.50,2.25
2013.10.18 02:03:03.519,1.34057,1.34061,1.50,1.88
2013.10.18 02:03:03.589,1.34056,1.34064,1.88,2.44
2013.10.18 02:03:06.264,1.34058,1.34064,1.13,2.44
2013.10.18 02:03:06.565,1.34062,1.34067,1.50,1.88
2013.10.18 02:03:07.164,1.34062,1.3407,2.82,2.25
2013.10.18 02:03:15.964,1.34063,1.3407,1.00,3.75
2013.10.18 02:03:16.311,1.34063,1.3407,1.19,3.75
2013.10.18 02:03:16.436,1.34063,1.3407,1.19,3.75
2013.10.18 02:03:16.915,1.34065,1.34074,2.25,2.25
2013.10.18 02:03:17.446,1.34066,1.34074,1.00,2.25
2013.10.18 02:03:17.624,1.34065,1.34073,1.50,1.50
2013.10.18 02:03:17.986,1.34065,1.34073,2.82,1.88
2013.10.18 02:03:18.104,1.34065,1.34073,2.63,1.88
2013.10.18 02:03:18.164,1.34069,1.34073,1.00,1.00
2013.10.18 02:03:18.707,1.34069,1.34075,1.25,1.50
2013.10.18 02:03:19.244,1.34069,1.34075,1.00,2.44
2013.10.18 02:03:19.365,1.34067,1.34075,1.00,2.82
2013.10.18 02:03:20.256,1.34066,1.34075,2.63,3.57
2013.10.18 02:03:20.974,1.34066,1.34074,1.50,2.07
2013.10.18 02:03:21.214,1.34064,1.34072,1.88,1.38
2013.10.18 02:03:22.945,1.34064,1.34072,2.44,2.25
2013.10.18 02:03:23.065,1.34065,1.34072,1.25,1.50
2013.10.18 02:03:23.689,1.34066,1.34072,1.13,1.00
2013.10.18 02:03:25.684,1.34066,1.34072,2.82,1.00
2013.10.18 02:03:25.805,1.34068,1.34075,1.19,2.44
2013.10.18 02:03:26.405,1.3407,1.34076,1.00,2.44
2013.10.18 02:03:28.334,1.34067,1.34076,3.19,2.44
2013.10.18 02:03:34.165,1.34071,1.34076,1.00,2.82
2013.10.18 02:03:34.285,1.34071,1.34076,1.25,2.82
2013.10.18 02:03:34.764,1.34068,1.34076,2.25,1.50
2013.10.18 02:03:37.035,1.3407,1.34076,1.13,2.63
2013.10.18 02:03:37.395,1.3407,1.34075,1.13,1.13
2013.10.18 02:03:38.526,1.34067,1.34075,1.13,2.07
2013.10.18 02:03:42.095,1.34064,1.34069,1.88,1.88
2013.10.18 02:03:42.395,1.34064,1.34069,1.63,1.88
2013.10.18 02:03:42.454,1.34064,1.34072,1.63,1.38
2013.10.18 02:03:43.377,1.34064,1.34072,2.07,1.38
2013.10.18 02:03:44.736,1.34066,1.34073,1.32,2.25
2013.10.18 02:03:44.796,1.34066,1.34073,1.32,1.88
2013.10.18 02:03:44.976,1.34066,1.34073,1.94,1.63
2013.10.18 02:03:45.334,1.34068,1.34076,1.19,1.88
2013.10.18 02:03:45.754,1.3407,1.34075,1.00,1.00
2013.10.18 02:03:46.525,1.34066,1.34073,1.38,1.38
2013.10.18 02:03:46.705,1.34068,1.34072,1.00,1.13
2013.10.18 02:03:50.725,1.34068,1.34076,2.25,3.19
2013.10.18 02:03:55.934,1.34067,1.34075,2.25,3.00
2013.10.18 02:04:00.255,1.34067,1.34074,1.32,1.88
2013.10.18 02:04:00.844,1.34067,1.34074,2.44,1.38
2013.10.18 02:04:01.204,1.3407,1.34076,1.19,2.07
2013.10.18 02:04:04.807,1.3407,1.34076,1.19,1.38
2013.10.18 02:04:06.816,1.3407,1.34076,1.00,1.38
2013.10.18 02:04:07.595,1.34067,1.34071,2.63,1.00
2013.10.18 02:04:07.835,1.34067,1.34074,1.88,1.38
2013.10.18 02:04:11.925,1.34066,1.34075,1.00,2.07
2013.10.18 02:04:12.595,1.34066,1.34075,1.13,2.07
2013.10.18 02:04:12.654,1.34068,1.34075,1.00,2.07
2013.10.18 02:04:13.326,1.34068,1.34075,1.19,1.50
2013.10.18 02:04:17.055,1.34068,1.3407,1.00,1.13
2013.10.18 02:04:17.115,1.34065,1.3407,2.44,1.13
2013.10.18 02:04:17.175,1.34065,1.34068,1.88,1.00
2013.10.18 02:04:17.475,1.34061,1.34068,1.50,1.00
2013.10.18 02:04:18.025,1.34061,1.3407,1.50,1.50
2013.10.18 02:04:18.145,1.34061,1.3407,1.69,1.00
2013.10.18 02:04:18.806,1.34063,1.34071,1.13,1.25
2013.10.18 02:04:19.757,1.34062,1.3407,2.44,1.00
2013.10.18 02:04:24.484,1.34063,1.34071,1.13,1.69
2013.10.18 02:04:25.905,1.34064,1.34071,1.00,1.69
2013.10.18 02:04:26.404,1.34064,1.34071,1.19,1.50
2013.10.18 02:04:26.465,1.34065,1.34073,1.32,1.00
2013.10.18 02:04:26.584,1.34066,1.34074,1.63,1.50
2013.10.18 02:04:27.126,1.34069,1.34075,1.19,1.00
2013.10.18 02:04:29.265,1.34068,1.34075,2.07,1.00
2013.10.18 02:04:30.895,1.34068,1.34075,1.25,1.00
2013.10.18 02:04:31.875,1.34068,1.34076,1.25,1.88
2013.10.18 02:04:32.505,1.34068,1.34074,1.00,1.57
2013.10.18 02:04:32.865,1.34059,1.34068,1.50,1.57
2013.10.18 02:04:33.625,1.34059,1.34067,1.88,1.32
2013.10.18 02:04:33.757,1.34059,1.34067,1.50,1.69
2013.10.18 02:04:34.576,1.3406,1.34067,1.44,3.00
2013.10.18 02:04:34.934,1.34064,1.34067,1.13,1.13
2013.10.18 02:04:35.414,1.34062,1.34067,1.00,1.13
2013.10.18 02:04:35.655,1.34061,1.34067,1.50,1.63
2013.10.18 02:04:36.375,1.3406,1.34066,1.88,1.38
2013.10.18 02:04:39.345,1.34059,1.34066,2.63,1.50
2013.10.18 02:04:39.726,1.34059,1.34063,1.50,1.00
2013.10.18 02:04:40.236,1.34059,1.34065,1.00,1.50
2013.10.18 02:04:45.173,1.3406,1.34065,1.00,1.50
2013.10.18 02:04:48.415,1.34063,1.34065,1.00,1.00
2013.10.18 02:04:52.114,1.34064,1.34069,1.00,1.88
2013.10.18 02:04:52.565,1.34064,1.34068,1.00,1.00
2013.10.18 02:04:52.884,1.34065,1.34072,1.00,3.00
2013.10.18 02:04:53.005,1.34067,1.34072,1.00,1.32
2013.10.18 02:04:53.245,1.34069,1.34076,1.00,1.88
2013.10.18 02:04:53.425,1.34071,1.34078,1.00,1.88
2013.10.18 02:04:53.785,1.34076,1.34079,1.25,1.00
2013.10.18 02:04:53.845,1.34077,1.34084,1.50,1.32
2013.10.18 02:04:54.504,1.34079,1.34085,1.00,1.32
2013.10.18 02:04:54.995,1.34077,1.34085,1.50,1.32
2013.10.18 02:04:57.045,1.34078,1.34085,1.00,1.32
2013.10.18 02:04:57.794,1.34078,1.34085,1.00,1.32
2013.10.18 02:05:00.705,1.34078,1.34085,1.00,2.07
2013.10.18 02:05:00.825,1.34076,1.34083,1.00,1.57
2013.10.18 02:05:00.885,1.34074,1.34083,3.00,2.25
2013.10.18 02:05:01.125,1.34077,1.34082,1.00,1.19
2013.10.18 02:05:01.185,1.34074,1.34082,1.50,1.19
2013.10.18 02:05:01.365,1.34077,1.34081,1.00,1.00
2013.10.18 02:05:01.545,1.34077,1.34083,1.00,1.50
2013.10.18 02:05:04.374,1.34077,1.34084,1.00,1.00
2013.10.18 02:05:05.117,1.34077,1.34086,1.50,2.44
2013.10.18 02:05:10.397,1.34078,1.34086,1.00,1.57
2013.10.18 02:05:11.465,1.34078,1.34086,1.00,1.57
2013.10.18 02:05:12.125,1.3408,1.34087,1.00,1.38
2013.10.18 02:05:12.606,1.34078,1.34083,1.38,1.38
2013.10.18 02:05:12.667,1.34075,1.34081,1.00,1.69
2013.10.18 02:05:13.145,1.34073,1.3408,1.00,2.07
2013.10.18 02:05:14.365,1.34073,1.3408,1.00,2.07
2013.10.18 02:05:14.425,1.3407,1.34077,1.50,1.13
2013.10.18 02:05:14.485,1.3407,1.34077,1.50,1.32
2013.10.18 02:05:15.825,1.34068,1.34076,2.25,1.19
2013.10.18 02:05:16.466,1.34068,1.34076,2.25,1.19
2013.10.18 02:05:17.835,1.34065,1.34073,1.88,1.75
2013.10.18 02:05:17.895,1.34065,1.34068,1.00,1.00
2013.10.18 02:05:18.195,1.34061,1.34068,1.19,1.38
2013.10.18 02:05:18.315,1.34058,1.34064,1.69,1.32
2013.10.18 02:05:18.555,1.34057,1.34064,1.50,1.32
2013.10.18 02:05:18.855,1.34057,1.34064,1.50,1.82
2013.10.18 02:05:19.364,1.34057,1.34064,1.00,1.82
2013.10.18 02:05:20.644,1.34057,1.34062,1.38,1.32
2013.10.18 02:05:22.085,1.34057,1.34063,1.38,1.00
2013.10.18 02:05:23.499,1.34054,1.34062,1.50,2.25
2013.10.18 02:05:24.045,1.34054,1.3406,1.00,2.07
2013.10.18 02:05:33.516,1.34054,1.3406,1.13,1.57
2013.10.18 02:05:35.305,1.34055,1.3406,1.00,1.57
2013.10.18 02:05:35.916,1.34055,1.3406,1.00,1.00
2013.10.18 02:05:39.315,1.34055,1.34061,1.00,2.07
2013.10.18 02:05:41.016,1.34055,1.34062,1.25,1.13
2013.10.18 02:05:41.075,1.34058,1.34062,1.00,1.13
2013.10.18 02:05:41.875,1.34055,1.34062,1.57,1.13
2013.10.18 02:05:41.935,1.34058,1.34062,1.00,1.00
2013.10.18 02:05:41.995,1.34058,1.34066,1.00,1.50
2013.10.18 02:05:42.627,1.34058,1.34066,1.38,1.32
2013.10.18 02:05:43.447,1.34058,1.34066,1.00,1.69
2013.10.18 02:05:43.565,1.34057,1.34065,3.00,1.02
2013.10.18 02:05:46.524,1.34056,1.34063,1.38,1.19
2013.10.18 02:05:49.385,1.34056,1.34063,1.13,1.19
2013.10.18 02:05:53.795,1.34056,1.34063,3.00,1.19
2013.10.18 02:05:55.014,1.34056,1.3406,1.50,1.00
2013.10.18 02:05:55.435,1.34054,1.3406,3.75,1.00
2013.10.18 02:05:55.875,1.34057,1.3406,1.00,1.00
2013.10.18 02:05:56.176,1.34057,1.34062,1.00,1.13
2013.10.18 02:06:01.907,1.34057,1.3406,1.00,1.13
2013.10.18 02:06:02.147,1.34055,1.3406,1.13,1.88
2013.10.18 02:06:02.326,1.34054,1.3406,1.88,2.63
2013.10.18 02:06:02.855,1.34052,1.34056,1.38,1.13
2013.10.18 02:06:21.234,1.3405,1.34054,1.50,1.00
2013.10.18 02:06:22.635,1.3405,1.34054,2.63,2.13
2013.10.18 02:06:22.815,1.34051,1.34053,1.00,1.00
2013.10.18 02:06:32.495,1.34045,1.34051,1.69,1.00
2013.10.18 02:06:32.674,1.34045,1.3405,1.69,1.32
2013.10.18 02:06:33.268,1.34041,1.34049,1.38,1.50
2013.10.18 02:06:33.505,1.34039,1.34047,3.38,1.00
2013.10.18 02:06:33.986,1.34041,1.3405,1.88,1.50
2013.10.18 02:06:34.651,1.34047,1.34051,1.00,1.13
2013.10.18 02:06:35.985,1.34047,1.34051,1.00,1.38
2013.10.18 02:06:39.895,1.34047,1.34051,1.00,1.13
2013.10.18 02:06:48.617,1.34047,1.34051,1.00,1.38
2013.10.18 02:06:48.916,1.34044,1.34048,1.38,1.88
2013.10.18 02:06:49.474,1.34044,1.34048,1.00,1.88
2013.10.18 02:06:49.548,1.34039,1.34046,1.38,1.13
2013.10.18 02:07:01.465,1.34038,1.34047,3.38,1.13
2013.10.18 02:07:05.465,1.34038,1.34045,1.88,1.00
2013.10.18 02:07:08.235,1.34037,1.34045,1.13,1.00
2013.10.18 02:07:08.415,1.34037,1.34043,1.13,1.00
2013.10.18 02:07:08.979,1.34037,1.34043,1.38,1.00
2013.10.18 02:07:15.896,1.34037,1.34041,1.38,1.00
2013.10.18 02:07:16.197,1.34027,1.34033,1.75,1.13
2013.10.18 02:07:16.258,1.34027,1.34031,1.13,1.13
2013.10.18 02:07:16.495,1.34026,1.34029,1.00,1.13
2013.10.18 02:07:17.036,1.34024,1.34029,1.13,1.13
2013.10.18 02:07:23.365,1.34027,1.34029,1.00,1.13
2013.10.18 02:07:23.485,1.34027,1.34031,1.57,1.13
2013.10.18 02:07:23.845,1.3403,1.34032,1.00,1.13
2013.10.18 02:07:24.705,1.34027,1.34032,1.13,1.13
2013.10.18 02:07:25.005,1.3403,1.34032,1.00,1.13
2013.10.18 02:07:25.586,1.3403,1.34033,1.00,1.13
2013.10.18 02:07:26.845,1.3403,1.34032,1.00,1.13
2013.10.18 02:07:27.355,1.3403,1.34033,1.00,1.13
2013.10.18 02:07:28.705,1.3403,1.34033,1.00,1.50
2013.10.18 02:07:28.885,1.34027,1.34031,1.00,1.50
2013.10.18 02:07:29.135,1.34024,1.34029,1.00,1.50
2013.10.18 02:07:29.724,1.34024,1.34028,1.00,1.13
2013.10.18 02:07:32.485,1.34024,1.34028,1.00,1.32
2013.10.18 02:07:32.605,1.3402,1.34027,1.00,1.63
2013.10.18 02:07:33.139,1.3402,1.34024,1.00,1.00
2013.10.18 02:07:34.175,1.34017,1.34024,1.13,2.07
2013.10.18 02:07:38.476,1.34017,1.34021,1.00,1.00
2013.10.18 02:07:39.215,1.34013,1.34021,1.57,1.00
2013.10.18 02:07:39.275,1.34013,1.34019,1.00,1.13
2013.10.18 02:07:39.636,1.34006,1.34012,1.50,1.57
2013.10.18 02:07:39.995,1.3401,1.34013,1.00,1.00
2013.10.18 02:07:40.175,1.3401,1.34017,1.19,1.13
2013.10.18 02:07:40.725,1.34012,1.34017,1.00,1.13
2013.10.18 02:07:42.305,1.34012,1.34015,1.00,1.00
2013.10.18 02:07:43.754,1.34012,1.34017,1.00,1.13
2013.10.18 02:07:45.911,1.34012,1.34016,1.00,1.13
2013.10.18 02:07:46.457,1.34012,1.34015,1.00,1.00
2013.10.18 02:07:46.556,1.34012,1.34013,1.00,1.00
2013.10.18 02:07:47.065,1.3401,1.34013,1.19,1.00
2013.10.18 02:07:48.035,1.34006,1.34012,1.38,1.00
2013.10.18 02:07:48.155,1.34004,1.34009,1.32,1.00
2013.10.18 02:07:48.215,1.34005,1.34008,1.13,1.00
2013.10.18 02:07:48.635,1.34,1.34004,1.19,1.38
2013.10.18 02:07:48.695,1.33998,1.34004,1.00,1.00
2013.10.18 02:07:48.755,1.33996,1.34003,1.00,1.00
2013.10.18 02:07:48.875,1.33992,1.34003,1.00,1.13
2013.10.18 02:07:48.995,1.33992,1.33997,1.00,2.13
2013.10.18 02:07:49.355,1.33994,1.33997,1.00,1.00
2013.10.18 02:07:49.875,1.33994,1.33997,1.00,1.00
2013.10.18 02:07:50.415,1.33994,1.33998,1.00,2.25
2013.10.18 02:07:50.535,1.33994,1.33998,2.07,1.13
2013.10.18 02:07:50.895,1.34,1.34003,1.50,2.25
2013.10.18 02:07:51.015,1.34,1.34003,1.50,1.13
2013.10.18 02:07:51.075,1.34002,1.34003,1.00,1.13
2013.10.18 02:07:51.615,1.34001,1.34003,1.13,1.00
2013.10.18 02:07:52.855,1.34,1.34003,1.00,1.00
2013.10.18 02:07:56.800,1.34,1.34003,1.88,1.00
2013.10.18 02:07:58.044,1.34001,1.34007,2.07,1.38
2013.10.18 02:07:58.166,1.34006,1.34009,1.13,3.75
2013.10.18 02:07:58.287,1.34007,1.34011,1.69,1.88
2013.10.18 02:07:58.345,1.34007,1.34011,2.44,2.63
2013.10.18 02:07:58.885,1.34007,1.34011,1.50,1.50
2013.10.18 02:07:59.255,1.34008,1.34011,2.07,1.00
2013.10.18 02:08:00.207,1.34008,1.34014,3.19,1.38
2013.10.18 02:08:02.295,1.34008,1.34012,3.19,1.00
2013.10.18 02:08:08.218,1.34006,1.3401,3.00,1.25
2013.10.18 02:08:08.872,1.34006,1.34009,2.25,1.00
2013.10.18 02:08:10.365,1.34006,1.34009,1.88,1.00
2013.10.18 02:08:10.926,1.34002,1.34007,4.13,1.00
2013.10.18 02:08:11.286,1.34006,1.34009,1.00,1.50
2013.10.18 02:08:11.345,1.34006,1.34008,1.00,1.00
2013.10.18 02:08:11.765,1.34006,1.3401,2.25,1.13
2013.10.18 02:08:12.356,1.34007,1.3401,1.13,1.00
2013.10.18 02:08:13.275,1.34006,1.3401,1.00,1.38
2013.10.18 02:08:13.455,1.33998,1.34005,2.25,1.00
2013.10.18 02:08:13.515,1.33996,1.34005,2.00,1.13
2013.10.18 02:08:13.875,1.33994,1.34004,1.88,2.82
2013.10.18 02:08:14.235,1.33989,1.33999,1.75,3.07
2013.10.18 02:08:14.356,1.33993,1.33999,1.00,1.69
2013.10.18 02:08:14.595,1.33992,1.33999,1.88,3.44
2013.10.18 02:08:14.715,1.33992,1.33999,1.88,2.82
2013.10.18 02:08:14.775,1.33992,1.33999,1.88,2.82
2013.10.18 02:08:15.135,1.33992,1.33999,1.32,2.63
2013.10.18 02:08:15.256,1.33992,1.33999,1.32,2.63
2013.10.18 02:08:15.435,1.33991,1.33999,1.94,1.50
2013.10.18 02:08:15.555,1.33994,1.33999,1.00,2.63
2013.10.18 02:08:16.757,1.3399,1.33995,1.00,2.13
2013.10.18 02:08:17.115,1.33982,1.3399,1.13,2.13
2013.10.18 02:08:17.176,1.33983,1.33987,1.38,2.13
2013.10.18 02:08:17.236,1.33983,1.33987,1.94,1.88
2013.10.18 02:08:17.297,1.33983,1.33989,2.07,1.13
2013.10.18 02:08:17.356,1.33983,1.33989,2.07,1.88
2013.10.18 02:08:17.717,1.33986,1.3399,1.57,1.13
2013.10.18 02:08:18.255,1.33987,1.3399,1.69,1.13
2013.10.18 02:08:19.491,1.33983,1.33988,2.44,1.00
2013.10.18 02:08:20.236,1.33983,1.3399,2.44,1.88
2013.10.18 02:08:21.105,1.33984,1.3399,1.32,1.13
2013.10.18 02:08:21.466,1.33989,1.33993,1.57,1.13
2013.10.18 02:08:22.005,1.33992,1.33996,1.13,1.75
2013.10.18 02:08:22.508,1.33991,1.33996,1.63,1.38
2013.10.18 02:08:23.173,1.3399,1.33996,1.94,1.00
2013.10.18 02:08:23.596,1.33992,1.33998,2.25,1.38
2013.10.18 02:08:23.776,1.33996,1.33999,1.69,1.88
2013.10.18 02:08:23.957,1.33992,1.34,1.75,1.00
2013.10.18 02:08:24.196,1.33999,1.34002,1.38,1.00
2013.10.18 02:08:24.555,1.34,1.34011,1.57,1.19
2013.10.18 02:08:25.175,1.33998,1.34008,2.00,1.19
2013.10.18 02:08:27.055,1.33998,1.34004,1.63,1.88
2013.10.18 02:08:27.239,1.33996,1.34004,2.25,1.32
2013.10.18 02:08:27.416,1.33996,1.34004,1.88,1.32
2013.10.18 02:08:27.775,1.33998,1.34004,1.57,1.00
2013.10.18 02:08:28.266,1.33998,1.34007,1.69,1.88
2013.10.18 02:08:28.805,1.34001,1.34007,1.63,2.63
2013.10.18 02:08:29.476,1.33997,1.34007,1.57,1.13
2013.10.18 02:08:30.377,1.33997,1.34007,1.57,2.63
2013.10.18 02:08:31.115,1.33997,1.34007,2.44,2.48
2013.10.18 02:08:31.772,1.34,1.34006,1.57,1.73
2013.10.18 02:08:32.446,1.34,1.34007,1.32,1.92
2013.10.18 02:08:32.805,1.33998,1.34004,1.69,1.00
2013.10.18 02:08:33.166,1.33995,1.34003,1.50,2.50
2013.10.18 02:08:33.465,1.33994,1.34003,2.44,2.50
2013.10.18 02:08:33.645,1.33996,1.34004,2.07,1.50
2013.10.18 02:08:33.705,1.33996,1.34004,2.07,1.50
2013.10.18 02:08:34.502,1.33996,1.34005,2.82,1.13
2013.10.18 02:08:34.888,1.33996,1.34005,2.82,1.13
2013.10.18 02:08:35.315,1.34,1.34008,1.57,1.38
2013.10.18 02:08:35.555,1.33999,1.34007,1.88,1.13
2013.10.18 02:08:36.058,1.33999,1.34008,1.88,2.07
2013.10.18 02:08:36.885,1.34004,1.34008,1.00,1.57
2013.10.18 02:08:37.245,1.34011,1.34016,2.45,1.13
2013.10.18 02:08:37.425,1.34014,1.34021,1.32,1.00
2013.10.18 02:08:38.555,1.34013,1.34021,2.07,1.00
2013.10.18 02:08:38.616,1.34013,1.34015,1.50,1.00
2013.10.18 02:08:38.856,1.34012,1.34021,1.88,2.85
2013.10.18 02:08:39.096,1.3401,1.34015,1.88,1.00
2013.10.18 02:08:39.217,1.34011,1.34015,1.38,1.00
2013.10.18 02:08:39.757,1.34011,1.34015,1.00,1.00
2013.10.18 02:08:40.115,1.34004,1.34015,2.07,3.19
2013.10.18 02:08:40.296,1.34,1.34011,1.69,1.75
2013.10.18 02:08:40.919,1.33997,1.34005,2.82,1.32
2013.10.18 02:08:41.455,1.33997,1.34005,1.57,1.00
2013.10.18 02:08:42.256,1.33996,1.34005,1.57,1.00
2013.10.18 02:08:42.883,1.33996,1.34005,1.57,1.57
2013.10.18 02:08:43.415,1.34,1.34005,1.32,1.32
2013.10.18 02:08:43.475,1.34,1.34005,1.57,1.00
2013.10.18 02:08:45.945,1.34,1.34005,1.57,1.32
2013.10.18 02:08:46.485,1.34,1.34006,1.57,1.32
2013.10.18 02:08:47.465,1.34,1.34008,1.57,1.38
2013.10.18 02:08:50.626,1.34,1.34011,2.44,2.25
2013.10.18 02:08:50.927,1.34004,1.3401,1.38,1.63
2013.10.18 02:08:50.986,1.34002,1.3401,1.63,1.63
2013.10.18 02:08:51.585,1.34,1.34009,2.44,1.50
2013.10.18 02:08:53.186,1.34,1.34009,2.82,1.13
2013.10.18 02:08:54.896,1.34,1.34004,1.50,1.13
2013.10.18 02:08:55.016,1.33997,1.34004,1.57,1.13
2013.10.18 02:08:55.316,1.33996,1.34002,1.00,1.00
2013.10.18 02:08:55.556,1.33987,1.33993,1.00,1.00
2013.10.18 02:08:55.855,1.33983,1.33991,1.75,1.00
2013.10.18 02:08:55.915,1.33983,1.33991,1.57,1.00
2013.10.18 02:08:56.036,1.33983,1.3399,1.38,4.00
2013.10.18 02:08:56.218,1.33981,1.3399,1.19,3.00
2013.10.18 02:08:56.277,1.3398,1.3399,1.57,4.50
2013.10.18 02:08:56.337,1.33982,1.3399,1.57,1.00
2013.10.18 02:08:56.636,1.33977,1.33988,1.38,1.00
2013.10.18 02:08:56.695,1.33976,1.33987,1.94,2.69
2013.10.18 02:08:56.816,1.33975,1.33985,2.82,3.26
2013.10.18 02:08:57.175,1.33974,1.33979,2.44,1.13
2013.10.18 02:08:57.355,1.33975,1.33979,1.13,1.13
2013.10.18 02:08:57.937,1.33974,1.33979,1.00,1.00
2013.10.18 02:08:58.487,1.33975,1.33979,1.00,1.00
2013.10.18 02:08:59.005,1.33974,1.33979,2.07,1.00
2013.10.18 02:08:59.065,1.33974,1.33981,2.07,1.13
2013.10.18 02:08:59.957,1.33974,1.33982,2.07,1.13
2013.10.18 02:09:00.195,1.33974,1.33982,1.13,2.82
2013.10.18 02:09:00.995,1.33976,1.33982,1.00,2.25
2013.10.18 02:09:01.355,1.33976,1.33983,1.19,1.13
2013.10.18 02:09:01.415,1.33978,1.33985,1.32,1.00
2013.10.18 02:09:01.775,1.3398,1.33985,1.00,1.00
2013.10.18 02:09:02.285,1.3398,1.33988,1.00,1.94
2013.10.18 02:09:04.071,1.3398,1.33987,1.00,2.82
2013.10.18 02:09:05.586,1.3398,1.33988,1.00,2.07
2013.10.18 02:09:08.686,1.33981,1.33988,1.25,1.13
2013.10.18 02:09:08.806,1.33983,1.3399,1.00,3.19
2013.10.18 02:09:09.165,1.33984,1.33994,1.63,2.24
2013.10.18 02:09:09.716,1.33984,1.33991,1.63,1.13
2013.10.18 02:09:15.905,1.33984,1.33992,1.63,1.00
2013.10.18 02:09:19.955,1.33984,1.33993,1.63,2.44
2013.10.18 02:09:21.535,1.33986,1.33994,1.00,3.42
2013.10.18 02:09:26.295,1.33987,1.33994,1.00,2.67
2013.10.18 02:09:26.535,1.33985,1.33994,1.13,2.67
2013.10.18 02:09:26.655,1.33984,1.33994,2.63,2.67
2013.10.18 02:09:27.015,1.33984,1.33991,1.50,1.57
2013.10.18 02:09:28.466,1.33985,1.33994,1.00,2.24
2013.10.18 02:09:28.596,1.33985,1.33994,1.00,2.24
2013.10.18 02:09:33.035,1.33984,1.33992,1.00,1.63
2013.10.18 02:09:33.157,1.33984,1.33992,1.00,1.63
2013.10.18 02:09:33.277,1.33981,1.3399,1.00,1.38
2013.10.18 02:09:33.336,1.33981,1.3399,1.00,2.07
2013.10.18 02:09:33.895,1.3398,1.33989,1.50,2.07
2013.10.18 02:09:45.005,1.3398,1.33988,1.50,1.57
2013.10.18 02:09:49.645,1.33983,1.33986,1.00,1.38
2013.10.18 02:09:49.705,1.33983,1.33986,1.00,1.00
2013.10.18 02:09:50.986,1.33983,1.33988,1.00,1.63
2013.10.18 02:09:53.755,1.33984,1.33988,1.00,1.63
2013.10.18 02:09:56.006,1.33984,1.33988,1.00,1.57
2013.10.18 02:09:56.066,1.33982,1.33986,1.00,1.63
2013.10.18 02:09:56.605,1.33981,1.33986,1.00,1.63
2013.10.18 02:09:58.405,1.33982,1.33986,1.00,1.63
2013.10.18 02:09:59.036,1.33983,1.33986,1.00,1.63
2013.10.18 02:10:00.395,1.33983,1.33986,1.00,1.25
2013.10.18 02:10:02.425,1.33983,1.33989,1.00,1.32
2013.10.18 02:10:02.485,1.33985,1.3399,1.00,1.42
2013.10.18 02:10:02.845,1.3399,1.33995,1.00,2.33
2013.10.18 02:10:05.655,1.3399,1.33994,1.00,1.00
2013.10.18 02:10:05.775,1.33991,1.33996,1.00,1.25
2013.10.18 02:10:06.515,1.33991,1.33994,1.00,1.19
2013.10.18 02:10:06.635,1.33989,1.33996,1.50,1.69
2013.10.18 02:10:07.267,1.33986,1.33992,1.00,1.27
2013.10.18 02:10:07.326,1.33982,1.3399,1.38,1.29
2013.10.18 02:10:07.505,1.33982,1.33989,1.38,1.69
2013.10.18 02:10:08.175,1.33982,1.33988,1.38,1.57
2013.10.18 02:10:08.237,1.3398,1.33988,1.13,2.44
2013.10.18 02:10:08.296,1.33978,1.33986,1.50,1.32
2013.10.18 02:10:08.475,1.33976,1.33983,1.38,1.19
2013.10.18 02:10:08.776,1.33975,1.33983,1.88,1.69
2013.10.18 02:10:08.896,1.33973,1.33982,1.50,1.86
2013.10.18 02:10:11.885,1.33972,1.3398,1.13,1.29
2013.10.18 02:10:13.476,1.33973,1.3398,1.00,1.29
2013.10.18 02:10:15.226,1.33973,1.33981,1.00,2.52
2013.10.18 02:10:15.285,1.33973,1.33981,1.38,1.39
2013.10.18 02:10:15.850,1.33976,1.33982,1.00,1.32
2013.10.18 02:10:21.105,1.3398,1.33983,1.50,1.19
2013.10.18 02:10:21.676,1.3398,1.33985,1.88,1.58
2013.10.18 02:10:21.926,1.3398,1.33986,1.88,1.64
2013.10.18 02:10:22.285,1.33979,1.33987,2.25,2.82
2013.10.18 02:10:23.885,1.33982,1.33987,1.00,1.69
2013.10.18 02:10:24.245,1.3398,1.33987,1.88,1.88
2013.10.18 02:10:27.165,1.33981,1.33988,1.13,1.69
2013.10.18 02:10:27.635,1.33981,1.33988,1.13,1.57
2013.10.18 02:10:28.046,1.33979,1.33983,1.88,1.00
2013.10.18 02:10:28.405,1.33978,1.33983,1.00,1.19
2013.10.18 02:10:28.706,1.33975,1.3398,1.50,1.77
2013.10.18 02:10:33.658,1.33973,1.3398,1.88,1.49
2013.10.18 02:10:34.905,1.33971,1.33979,2.25,1.41
2013.10.18 02:10:35.612,1.33971,1.33976,2.25,1.00
2013.10.18 02:10:36.156,1.33971,1.33979,1.38,1.00
2013.10.18 02:10:36.215,1.33979,1.33983,1.00,2.63
2013.10.18 02:10:36.275,1.33975,1.33983,3.75,2.63
2013.10.18 02:10:36.815,1.33976,1.33985,1.50,1.69
2013.10.18 02:10:43.045,1.33977,1.33985,2.44,1.50
2013.10.18 02:10:43.566,1.33979,1.33985,2.07,1.13
2013.10.18 02:10:44.596,1.33979,1.33985,1.88,1.32
2013.10.18 02:10:45.150,1.33979,1.33985,1.13,1.69
2013.10.18 02:10:47.738,1.33977,1.33983,1.88,1.19
2013.10.18 02:10:50.845,1.33977,1.33985,2.63,7.02
2013.10.18 02:10:51.242,1.33977,1.33984,3.00,1.19
2013.10.18 02:10:51.545,1.33977,1.3398,2.63,1.19
2013.10.18 02:10:51.666,1.33972,1.3398,1.00,2.52
2013.10.18 02:10:52.284,1.33971,1.33978,3.23,1.32
2013.10.18 02:10:53.277,1.33971,1.33978,3.23,1.19
2013.10.18 02:10:54.475,1.33971,1.33978,4.35,1.00
2013.10.18 02:10:54.536,1.33977,1.3398,1.13,1.32
2013.10.18 02:10:54.596,1.33977,1.33981,1.32,1.13
2013.10.18 02:10:54.655,1.3398,1.33983,1.50,1.13
2013.10.18 02:10:54.776,1.33983,1.33986,2.07,1.13
2013.10.18 02:10:55.445,1.33983,1.33989,1.57,1.38
2013.10.18 02:10:55.985,1.33983,1.33987,2.07,1.38
2013.10.18 02:10:56.165,1.33982,1.33988,1.00,1.50
2013.10.18 02:10:56.225,1.33983,1.33988,1.19,1.50
2013.10.18 02:10:56.585,1.33983,1.33988,1.19,1.13
2013.10.18 02:10:57.087,1.33983,1.33988,1.19,1.50
2013.10.18 02:10:58.815,1.33983,1.33989,2.07,1.50
2013.10.18 02:10:58.935,1.33987,1.3399,2.63,2.25
2013.10.18 02:10:59.175,1.33986,1.33988,1.50,1.50
2013.10.18 02:10:59.877,1.33983,1.33987,1.57,2.25
2013.10.18 02:11:02.805,1.33984,1.33988,1.25,1.88
2013.10.18 02:11:03.018,1.33987,1.33989,6.00,1.00
2013.10.18 02:11:03.135,1.33988,1.33993,6.00,1.69
2013.10.18 02:11:03.514,1.33989,1.33993,1.50,2.44
2013.10.18 02:11:04.065,1.33989,1.33993,1.50,1.63
2013.10.18 02:11:10.885,1.33985,1.33993,3.30,1.63
2013.10.18 02:11:11.005,1.33985,1.3399,4.35,1.38
2013.10.18 02:11:20.936,1.33983,1.33989,1.32,1.38
2013.10.18 02:11:26.827,1.33983,1.33989,1.32,2.63
2013.10.18 02:11:26.945,1.3398,1.33986,7.24,1.00
2013.10.18 02:11:27.185,1.3398,1.33986,1.50,2.82
2013.10.18 02:11:27.745,1.3398,1.33985,1.50,2.44
2013.10.18 02:11:29.975,1.3398,1.33984,1.50,1.32
2013.10.18 02:11:30.285,1.33978,1.33982,1.38,1.63
2013.10.18 02:11:32.105,1.3398,1.33982,1.00,1.13
2013.10.18 02:11:32.776,1.3398,1.33984,1.00,1.50
2013.10.18 02:11:34.505,1.33981,1.33985,1.69,1.38
2013.10.18 02:11:34.565,1.33983,1.33985,1.00,1.38
2013.10.18 02:11:34.805,1.33981,1.33986,1.00,1.50
2013.10.18 02:11:39.735,1.3398,1.33985,1.50,1.13
2013.10.18 02:11:41.726,1.3398,1.33985,1.00,1.38
2013.10.18 02:11:42.248,1.33979,1.33983,1.50,1.13
2013.10.18 02:11:46.185,1.3398,1.33985,1.88,1.50
2013.10.18 02:11:49.215,1.33983,1.33989,1.00,1.00
2013.10.18 02:11:49.336,1.33984,1.33987,1.00,1.13
2013.10.18 02:11:49.396,1.33984,1.33987,1.38,1.13
2013.10.18 02:11:49.456,1.33984,1.33987,1.00,1.00
2013.10.18 02:11:49.636,1.33981,1.33987,1.13,2.63
2013.10.18 02:11:59.305,1.33981,1.33987,1.13,1.69
2013.10.18 02:12:16.185,1.33982,1.33987,1.00,1.69
2013.10.18 02:12:23.495,1.3398,1.33986,1.88,1.25
2013.10.18 02:12:34.037,1.3398,1.33987,5.82,1.13
2013.10.18 02:12:36.165,1.33983,1.33988,1.00,1.38
2013.10.18 02:12:39.816,1.33983,1.33988,1.00,1.57
2013.10.18 02:12:40.356,1.33982,1.33987,1.13,1.32
2013.10.18 02:12:41.036,1.33982,1.33988,1.69,1.38
2013.10.18 02:12:45.505,1.33983,1.33989,1.00,1.38
2013.10.18 02:12:50.036,1.33984,1.33989,1.00,1.57
2013.10.18 02:12:51.775,1.33983,1.33989,1.88,1.57
2013.10.18 02:12:59.386,1.33983,1.33989,2.07,1.57
2013.10.18 02:13:15.946,1.33985,1.33989,1.50,1.57
2013.10.18 02:13:16.926,1.33984,1.33989,1.00,1.57
2013.10.18 02:13:17.766,1.33985,1.33989,1.00,1.57
2013.10.18 02:13:21.426,1.33985,1.3399,3.00,1.13
2013.10.18 02:13:21.487,1.33988,1.3399,1.50,1.00
2013.10.18 02:13:21.546,1.33988,1.33992,1.50,1.00
2013.10.18 02:13:21.785,1.33988,1.33992,1.00,2.82
2013.10.18 02:13:22.506,1.33987,1.33991,1.00,1.50
2013.10.18 02:13:26.295,1.33987,1.33989,1.00,1.13
2013.10.18 02:13:26.898,1.33986,1.33989,1.13,1.13
2013.10.18 02:13:27.945,1.33985,1.33989,4.13,1.88
2013.10.18 02:13:49.691,1.33983,1.33989,1.38,1.32
2013.10.18 02:13:49.866,1.33982,1.33985,1.38,1.00
2013.10.18 02:13:51.515,1.33982,1.33989,1.38,1.38
2013.10.18 02:13:51.575,1.33982,1.3399,1.38,1.13
2013.10.18 02:13:51.635,1.33981,1.3399,1.88,1.00
2013.10.18 02:13:51.695,1.33981,1.3399,1.75,1.38
2013.10.18 02:13:51.996,1.33986,1.33994,4.13,1.57
2013.10.18 02:13:52.055,1.33989,1.33991,1.00,1.00
2013.10.18 02:13:52.301,1.33986,1.33993,2.25,1.00
2013.10.18 02:13:53.155,1.33986,1.33993,2.25,1.25
2013.10.18 02:13:54.825,1.33987,1.34,2.82,1.38
2013.10.18 02:13:55.657,1.33988,1.33994,1.50,1.32
2013.10.18 02:13:59.757,1.33987,1.33994,1.00,1.94
2013.10.18 02:13:59.818,1.33987,1.33991,1.00,1.19
2013.10.18 02:13:59.937,1.33983,1.33987,1.88,1.00
2013.10.18 02:13:59.997,1.33984,1.33985,2.25,1.00
2013.10.18 02:14:00.513,1.33983,1.33986,1.50,1.69
2013.10.18 02:14:01.678,1.33982,1.33988,2.63,1.63
2013.10.18 02:14:01.796,1.33985,1.33991,1.38,1.75
2013.10.18 02:14:02.726,1.33985,1.33992,1.57,1.38
2013.10.18 02:14:03.026,1.33986,1.33994,2.44,1.69
2013.10.18 02:14:18.078,1.33985,1.33993,2.07,1.13
2013.10.18 02:14:19.536,1.33992,1.33999,1.50,2.07
2013.10.18 02:14:19.716,1.33992,1.33999,1.50,1.13
2013.10.18 02:14:19.835,1.33992,1.33999,2.25,1.13
2013.10.18 02:14:20.886,1.33992,1.34001,3.57,1.88
2013.10.18 02:14:20.946,1.33995,1.34001,1.32,1.38
2013.10.18 02:14:27.027,1.33993,1.34001,2.25,1.63
2013.10.18 02:14:27.613,1.33992,1.33999,1.50,2.44
2013.10.18 02:14:33.586,1.3399,1.33999,4.28,3.19
2013.10.18 02:14:34.355,1.3399,1.33998,3.53,2.25
2013.10.18 02:14:36.766,1.33988,1.33995,1.00,1.50
2013.10.18 02:14:36.886,1.33987,1.3399,1.50,1.19
2013.10.18 02:14:37.006,1.33984,1.33987,1.88,1.00
2013.10.18 02:14:37.066,1.33984,1.33987,1.00,1.00
2013.10.18 02:14:37.126,1.33979,1.33987,2.44,1.38
2013.10.18 02:14:37.890,1.3398,1.33987,1.69,1.38
2013.10.18 02:14:41.197,1.3398,1.33987,2.19,1.38
2013.10.18 02:14:41.257,1.3398,1.33987,2.19,1.38
2013.10.18 02:14:41.318,1.33982,1.33987,1.00,1.38
2013.10.18 02:14:41.736,1.3398,1.33989,2.63,2.44
2013.10.18 02:14:49.687,1.33983,1.33989,1.00,1.25
2013.10.18 02:14:49.866,1.33983,1.33991,1.25,3.00
2013.10.18 02:14:50.296,1.33983,1.33991,1.69,1.50
2013.10.18 02:14:50.716,1.33988,1.33994,1.13,1.13
2013.10.18 02:15:11.627,1.33987,1.33994,1.32,1.00
2013.10.18 02:15:15.105,1.33988,1.33994,1.44,1.00
2013.10.18 02:15:15.406,1.33992,1.34,1.94,1.13
2013.10.18 02:15:15.765,1.33995,1.34,1.57,1.00
2013.10.18 02:15:16.346,1.33996,1.34002,1.00,1.00
2013.10.18 02:15:24.655,1.33994,1.34002,2.44,1.00
2013.10.18 02:15:29.148,1.33994,1.34002,2.44,1.38
2013.10.18 02:15:29.456,1.33986,1.33992,1.57,1.00
2013.10.18 02:15:29.799,1.33986,1.3399,1.57,1.00
2013.10.18 02:15:32.496,1.33986,1.3399,1.57,1.38
2013.10.18 02:15:33.037,1.33986,1.3399,1.57,1.00
2013.10.18 02:15:33.596,1.33986,1.3399,1.75,1.00
2013.10.18 02:15:33.716,1.33987,1.33994,1.57,1.13
2013.10.18 02:15:33.897,1.33987,1.33994,1.57,1.13
2013.10.18 02:15:34.016,1.33987,1.33994,1.57,1.13
2013.10.18 02:15:34.286,1.33987,1.33992,1.57,1.00
2013.10.18 02:15:34.465,1.33985,1.33992,1.13,1.00
2013.10.18 02:15:35.477,1.33985,1.33992,1.13,1.88
2013.10.18 02:15:36.606,1.33985,1.33991,1.32,1.13
2013.10.18 02:15:39.559,1.33987,1.33993,1.57,1.38
2013.10.18 02:15:42.686,1.33986,1.33991,1.19,1.00
2013.10.18 02:15:47.169,1.33986,1.33992,1.19,1.13
2013.10.18 02:15:51.466,1.33986,1.33991,1.19,1.00
2013.10.18 02:15:55.165,1.33986,1.33991,1.00,1.00
2013.10.18 02:15:55.286,1.33983,1.33991,2.44,1.13
2013.10.18 02:15:55.466,1.33983,1.33989,2.44,1.00
2013.10.18 02:15:55.586,1.33981,1.33988,1.25,1.38
2013.10.18 02:15:56.738,1.3398,1.33987,1.19,1.13
2013.10.18 02:16:01.516,1.33981,1.33986,1.57,1.00
2013.10.18 02:16:01.760,1.33979,1.33985,2.07,1.38
2013.10.18 02:16:02.546,1.33978,1.33984,1.50,1.94
2013.10.18 02:16:02.666,1.33977,1.3398,1.75,1.00
2013.10.18 02:16:02.726,1.33973,1.3398,1.94,1.38
2013.10.18 02:16:03.086,1.33973,1.33979,1.00,1.32
2013.10.18 02:16:03.146,1.33973,1.33979,1.00,1.63
2013.10.18 02:16:03.728,1.33972,1.33979,1.00,2.07
2013.10.18 02:16:03.789,1.3397,1.33978,1.25,1.38
2013.10.18 02:16:04.216,1.33968,1.33976,1.00,2.44
2013.10.18 02:16:08.406,1.33968,1.33977,2.44,1.75
2013.10.18 02:16:08.586,1.33969,1.33977,1.32,1.38
2013.10.18 02:16:08.766,1.33972,1.3398,1.00,2.00
2013.10.18 02:16:08.827,1.33972,1.3398,1.57,1.75
2013.10.18 02:16:08.946,1.33972,1.3398,1.00,2.00
2013.10.18 02:16:09.067,1.33975,1.33979,1.00,1.38
2013.10.18 02:16:09.366,1.33976,1.33982,1.25,1.88
2013.10.18 02:16:09.666,1.33976,1.33978,1.25,1.00
2013.10.18 02:16:09.789,1.33972,1.33978,1.25,1.63
2013.10.18 02:16:10.325,1.33972,1.33976,1.19,1.00
2013.10.18 02:16:10.880,1.33972,1.33977,1.00,1.00
2013.10.18 02:16:10.936,1.33966,1.33975,1.75,1.38
2013.10.18 02:16:11.056,1.33966,1.3397,2.25,1.00
2013.10.18 02:16:11.117,1.33966,1.3397,1.88,1.00
2013.10.18 02:16:11.176,1.33966,1.33975,1.88,1.13
2013.10.18 02:16:11.236,1.33966,1.33975,1.69,1.69
2013.10.18 02:16:11.478,1.33966,1.33975,2.07,1.32
2013.10.18 02:16:11.906,1.33966,1.33974,2.07,1.19
2013.10.18 02:16:12.437,1.33966,1.33973,1.69,1.69
2013.10.18 02:16:24.772,1.33965,1.33973,1.13,2.07
2013.10.18 02:16:26.845,1.33964,1.33973,3.19,1.57
2013.10.18 02:16:27.708,1.33964,1.33971,1.32,1.13
2013.10.18 02:16:28.069,1.33972,1.33977,1.38,2.44
2013.10.18 02:16:28.187,1.3397,1.33977,1.50,2.44
2013.10.18 02:16:28.636,1.3397,1.33977,1.13,1.19
2013.10.18 02:16:29.278,1.33968,1.33976,2.25,1.19
2013.10.18 02:16:29.399,1.33968,1.33974,1.50,1.25
2013.10.18 02:16:30.027,1.33966,1.33974,1.38,1.69
2013.10.18 02:16:30.586,1.33966,1.33974,1.00,1.69
2013.10.18 02:16:33.286,1.33966,1.33974,2.44,1.00
2013.10.18 02:16:33.825,1.33968,1.33974,1.00,1.25
2013.10.18 02:16:37.296,1.33971,1.33974,1.00,1.25
2013.10.18 02:16:42.389,1.33969,1.33974,1.00,1.25
2013.10.18 02:16:45.356,1.33973,1.33976,1.00,2.25
2013.10.18 02:16:45.868,1.33974,1.33976,1.00,1.00
2013.10.18 02:16:48.016,1.33974,1.33979,1.00,1.50
2013.10.18 02:16:48.136,1.33974,1.3398,1.38,1.50
2013.10.18 02:16:49.245,1.33974,1.33981,1.38,1.00
2013.10.18 02:16:50.656,1.33976,1.33982,1.38,1.69
2013.10.18 02:16:51.186,1.33974,1.33981,1.69,1.00
2013.10.18 02:16:54.216,1.33974,1.33981,1.38,1.75
2013.10.18 02:16:54.276,1.33973,1.33976,2.82,1.50
2013.10.18 02:16:54.336,1.33973,1.33976,2.82,1.50
2013.10.18 02:16:54.517,1.33976,1.33981,1.00,1.50
2013.10.18 02:16:54.635,1.33973,1.33981,1.63,1.50
2013.10.18 02:16:56.096,1.33973,1.33981,1.63,2.25
2013.10.18 02:16:56.276,1.3397,1.33973,1.50,4.50
2013.10.18 02:16:56.456,1.33973,1.33976,1.32,1.50
2013.10.18 02:16:56.516,1.33973,1.33977,1.32,1.00
2013.10.18 02:16:56.575,1.33973,1.33979,1.32,1.00
2013.10.18 02:16:59.956,1.33973,1.33981,1.32,1.00
2013.10.18 02:17:01.166,1.33973,1.33981,1.13,1.32
2013.10.18 02:17:01.346,1.33971,1.33977,1.50,1.25
2013.10.18 02:17:04.128,1.33971,1.33977,1.69,1.00
2013.10.18 02:17:04.188,1.33972,1.33981,1.19,1.88
2013.10.18 02:17:04.247,1.33972,1.33981,1.38,1.69
2013.10.18 02:17:05.766,1.33971,1.33977,1.50,1.25
2013.10.18 02:17:06.876,1.33971,1.33977,1.00,1.19
2013.10.18 02:17:07.116,1.33969,1.33976,1.00,1.57
2013.10.18 02:17:08.836,1.3397,1.33976,1.00,1.57
2013.10.18 02:17:08.956,1.3397,1.33978,1.50,2.44
2013.10.18 02:17:11.289,1.3397,1.33978,1.69,1.50
2013.10.18 02:17:11.646,1.33966,1.33972,2.63,4.88
2013.10.18 02:17:12.227,1.33966,1.33972,3.19,4.50
2013.10.18 02:17:12.407,1.33967,1.33972,1.19,4.50
2013.10.18 02:17:12.467,1.33967,1.33972,1.19,4.88
2013.10.18 02:17:12.707,1.3397,1.33973,1.00,1.50
2013.10.18 02:17:13.906,1.3397,1.33976,1.00,2.25
2013.10.18 02:17:17.678,1.3397,1.33977,1.19,2.25
2013.10.18 02:17:18.433,1.33972,1.33978,1.19,1.50
2013.10.18 02:17:18.503,1.33974,1.33983,1.19,1.75
2013.10.18 02:17:22.357,1.33975,1.33982,1.19,1.13
2013.10.18 02:17:22.936,1.33977,1.33982,1.00,1.13
2013.10.18 02:17:24.046,1.33978,1.33983,1.32,1.50
2013.10.18 02:17:24.108,1.33981,1.33987,1.13,1.88
2013.10.18 02:17:24.467,1.33983,1.33987,1.57,1.13
2013.10.18 02:17:24.766,1.33984,1.3399,1.32,1.00
2013.10.18 02:17:24.886,1.33986,1.33994,1.25,1.88
2013.10.18 02:17:33.888,1.33986,1.33992,1.19,1.00
2013.10.18 02:17:34.246,1.33977,1.33981,1.50,1.75
2013.10.18 02:17:34.427,1.33973,1.3398,1.69,3.00
2013.10.18 02:17:35.417,1.33976,1.33982,1.00,1.13
2013.10.18 02:17:35.476,1.33976,1.33983,1.00,1.88
2013.10.18 02:17:35.536,1.33976,1.33982,1.00,1.13
2013.10.18 02:17:36.480,1.33976,1.33982,1.38,1.00
2013.10.18 02:17:36.536,1.33977,1.33982,1.19,1.00
2013.10.18 02:17:36.597,1.33976,1.33984,1.57,1.50
2013.10.18 02:17:36.656,1.33978,1.33984,1.25,1.50
2013.10.18 02:17:42.526,1.33976,1.33982,1.19,1.00
2013.10.18 02:17:48.076,1.33974,1.33982,2.44,1.00
2013.10.18 02:17:53.386,1.33975,1.3398,1.19,1.00
2013.10.18 02:17:59.856,1.33974,1.3398,1.00,1.13
2013.10.18 02:18:00.399,1.33972,1.33979,1.69,1.00
2013.10.18 02:18:00.918,1.33972,1.33978,1.69,1.00
2013.10.18 02:18:01.498,1.33972,1.33978,1.57,1.00
2013.10.18 02:18:10.776,1.33974,1.3398,1.19,1.13
2013.10.18 02:18:12.506,1.33972,1.3398,1.69,3.75
2013.10.18 02:18:12.626,1.33972,1.3398,1.19,4.50
2013.10.18 02:18:14.937,1.33974,1.33978,1.00,1.50
2013.10.18 02:18:16.156,1.33974,1.33977,1.00,1.88
2013.10.18 02:18:16.737,1.33971,1.33975,1.19,1.00
2013.10.18 02:18:18.546,1.3397,1.33975,1.25,1.00
2013.10.18 02:18:18.607,1.3397,1.33975,1.25,1.50
2013.10.18 02:18:19.404,1.33969,1.33975,1.25,2.25
2013.10.18 02:18:20.546,1.33968,1.33972,1.19,1.75
2013.10.18 02:18:20.846,1.33967,1.3397,1.69,1.38
2013.10.18 02:18:21.146,1.33962,1.3397,1.69,1.88
2013.10.18 02:18:21.686,1.33962,1.33968,1.32,1.50
2013.10.18 02:18:21.867,1.33964,1.33968,1.25,1.00
2013.10.18 02:18:25.486,1.33964,1.3397,1.32,1.00
2013.10.18 02:18:30.226,1.33964,1.33972,2.25,1.50
2013.10.18 02:18:33.369,1.33964,1.33972,1.32,1.13
2013.10.18 02:18:33.728,1.33971,1.33975,1.19,1.13
2013.10.18 02:18:34.566,1.33973,1.33979,1.19,1.38
2013.10.18 02:18:34.632,1.33973,1.3398,1.32,1.50
2013.10.18 02:18:36.646,1.33973,1.3398,1.32,1.88
2013.10.18 02:18:36.957,1.33974,1.3398,1.63,3.00
2013.10.18 02:18:38.287,1.33974,1.3398,1.25,1.50
2013.10.18 02:18:40.646,1.33974,1.33979,1.69,1.00
2013.10.18 02:18:42.206,1.33974,1.33977,1.69,1.00
2013.10.18 02:18:42.566,1.33966,1.33972,1.19,1.13
2013.10.18 02:18:43.116,1.33966,1.33972,1.69,4.13
2013.10.18 02:18:43.236,1.33967,1.33972,2.63,4.13
2013.10.18 02:18:43.716,1.33968,1.33976,1.25,2.07
2013.10.18 02:18:44.016,1.33969,1.33976,1.00,1.32
2013.10.18 02:18:44.136,1.3397,1.33978,1.00,1.32
2013.10.18 02:18:44.256,1.33972,1.33977,1.00,1.88
2013.10.18 02:18:44.616,1.33969,1.33977,1.00,3.00
2013.10.18 02:18:45.088,1.33968,1.33977,1.88,3.00
2013.10.18 02:18:45.796,1.33969,1.33972,1.00,2.25
2013.10.18 02:18:45.916,1.33965,1.33971,1.00,1.13
2013.10.18 02:18:46.896,1.33965,1.33971,1.00,1.38
2013.10.18 02:18:46.957,1.33968,1.33971,1.00,1.00
2013.10.18 02:18:47.976,1.33966,1.33974,1.00,1.57
2013.10.18 02:18:49.976,1.33968,1.33975,1.69,1.88
2013.10.18 02:18:50.877,1.33966,1.33974,1.00,1.63
2013.10.18 02:18:50.938,1.33968,1.33973,1.00,1.38
2013.10.18 02:18:51.296,1.33965,1.33971,1.19,1.50
2013.10.18 02:18:51.836,1.33965,1.33971,1.00,1.50
2013.10.18 02:18:52.237,1.33962,1.33969,1.88,1.63
2013.10.18 02:18:52.297,1.3396,1.33969,1.50,2.07
2013.10.18 02:18:52.836,1.33959,1.33968,1.50,3.00
2013.10.18 02:18:54.390,1.33958,1.33966,1.25,1.88
2013.10.18 02:19:01.606,1.33958,1.33966,1.25,2.25
2013.10.18 02:19:02.168,1.33959,1.33966,1.00,2.25
2013.10.18 02:19:02.830,1.33959,1.33962,1.00,1.38
2013.10.18 02:19:03.713,1.33957,1.33961,1.00,1.00
2013.10.18 02:19:11.279,1.33957,1.33958,1.00,1.13
2013.10.18 02:19:11.338,1.33954,1.33958,1.13,1.13
2013.10.18 02:19:11.399,1.33952,1.33956,1.69,1.00
2013.10.18 02:19:11.878,1.3395,1.33956,1.50,1.38
2013.10.18 02:19:12.388,1.33951,1.33954,1.00,1.00
2013.10.18 02:19:18.798,1.33951,1.33952,1.00,1.00
2013.10.18 02:19:18.918,1.33948,1.33951,1.00,1.38
2013.10.18 02:19:21.098,1.33947,1.33952,1.50,1.38
2013.10.18 02:19:27.507,1.33947,1.33953,1.00,1.57
2013.10.18 02:19:27.938,1.33942,1.33949,1.50,1.88
2013.10.18 02:19:28.298,1.33937,1.33941,1.57,1.00
2013.10.18 02:19:28.357,1.33936,1.3394,1.19,1.13
2013.10.18 02:19:28.897,1.33936,1.3394,1.00,1.75
2013.10.18 02:19:30.288,1.3393,1.33933,1.00,1.00
2013.10.18 02:19:30.348,1.33926,1.33931,1.25,1.00
2013.10.18 02:19:31.108,1.33927,1.33931,1.00,1.00
2013.10.18 02:19:31.230,1.33926,1.33934,1.25,1.13
2013.10.18 02:19:31.590,1.33926,1.3393,1.25,1.32
2013.10.18 02:19:31.710,1.3392,1.33929,1.00,2.07
2013.10.18 02:19:32.008,1.33918,1.33925,1.00,1.38
2013.10.18 02:19:32.548,1.33918,1.33925,1.00,1.38
2013.10.18 02:19:33.399,1.33917,1.33925,1.00,2.25
2013.10.18 02:19:33.900,1.33918,1.33925,1.00,1.69
2013.10.18 02:19:34.138,1.3392,1.33926,1.25,3.94
2013.10.18 02:19:34.677,1.33921,1.33926,1.50,1.88
2013.10.18 02:19:35.467,1.33921,1.33928,1.50,3.38
2013.10.18 02:19:35.708,1.33924,1.33928,1.00,2.25
2013.10.18 02:19:36.307,1.33923,1.33928,1.00,1.88
2013.10.18 02:19:36.667,1.33915,1.33921,2.07,1.00
2013.10.18 02:19:37.168,1.33916,1.3392,1.19,2.25
2013.10.18 02:19:37.497,1.33916,1.3392,1.19,1.88
2013.10.18 02:19:37.917,1.33915,1.33923,2.44,8.63
2013.10.18 02:19:37.977,1.33919,1.33923,1.00,8.25
2013.10.18 02:19:38.517,1.33919,1.33923,1.00,1.00
2013.10.18 02:19:39.018,1.33918,1.33923,1.00,1.38
2013.10.18 02:19:39.079,1.33917,1.33923,1.00,1.38
2013.10.18 02:19:40.818,1.33918,1.33923,1.00,1.38
2013.10.18 02:19:44.707,1.33918,1.33925,1.69,1.88
2013.10.18 02:19:44.828,1.33921,1.33925,1.00,1.88
2013.10.18 02:19:44.887,1.33921,1.33924,1.00,1.00
2013.10.18 02:19:45.977,1.33921,1.33925,1.19,1.88
2013.10.18 02:19:46.097,1.33923,1.33927,1.00,1.88
2013.10.18 02:19:48.248,1.33921,1.33927,1.50,1.88
2013.10.18 02:19:48.309,1.33921,1.33927,1.50,1.88
2013.10.18 02:19:48.670,1.33918,1.33926,1.50,3.57
2013.10.18 02:19:51.138,1.3392,1.33924,1.00,2.63
2013.10.18 02:19:51.498,1.33916,1.3392,1.25,4.13
2013.10.18 02:19:53.688,1.33915,1.33917,1.00,1.88
2013.10.18 02:19:54.047,1.33911,1.33914,1.25,7.00
2013.10.18 02:19:54.417,1.33912,1.33914,1.00,1.50
2013.10.18 02:19:54.957,1.33914,1.33917,1.00,1.88
2013.10.18 02:19:55.137,1.33914,1.33917,1.00,1.88
2013.10.18 02:19:57.856,1.33913,1.33917,1.00,2.07
2013.10.18 02:19:58.227,1.33912,1.33917,1.00,2.44
2013.10.18 02:19:59.947,1.33912,1.33917,1.00,2.25
2013.10.18 02:20:00.128,1.33912,1.33917,1.00,1.88
2013.10.18 02:20:03.287,1.33912,1.33917,1.50,2.25
2013.10.18 02:20:03.347,1.3391,1.33913,1.00,2.63
2013.10.18 02:20:03.407,1.3391,1.33912,1.00,1.00
2013.10.18 02:20:03.467,1.33908,1.33912,1.69,1.00
2013.10.18 02:20:05.058,1.3391,1.33912,1.19,3.00
2013.10.18 02:20:05.947,1.33912,1.33914,1.00,2.25
2013.10.18 02:20:06.067,1.33913,1.33915,1.00,1.00
2013.10.18 02:20:06.127,1.33913,1.33917,1.00,2.25
2013.10.18 02:20:07.520,1.33914,1.33918,1.00,1.50
2013.10.18 02:20:07.817,1.33914,1.33921,1.00,2.44
2013.10.18 02:20:08.297,1.33913,1.33921,1.00,3.57
2013.10.18 02:20:08.417,1.33911,1.33913,1.25,6.00
2013.10.18 02:20:10.957,1.33913,1.33914,1.00,3.38
2013.10.18 02:20:11.197,1.33913,1.33917,1.00,3.38
2013.10.18 02:20:11.707,1.33914,1.33917,1.00,3.38
2013.10.18 02:20:13.177,1.33914,1.33917,1.00,1.88
2013.10.18 02:20:18.618,1.33913,1.33917,1.00,1.88
2013.10.18 02:20:18.977,1.3391,1.33917,1.88,4.17
2013.10.18 02:20:19.217,1.33909,1.33917,1.13,1.69
2013.10.18 02:20:19.722,1.3391,1.33917,1.00,1.69
2013.10.18 02:20:20.904,1.3391,1.33915,1.00,1.00
2013.10.18 02:20:21.208,1.33908,1.33914,1.32,1.50
2013.10.18 02:20:21.328,1.33907,1.33914,1.00,1.19
2013.10.18 02:20:21.974,1.33907,1.33909,1.13,1.00
2013.10.18 02:20:22.046,1.33908,1.33916,2.44,1.50
2013.10.18 02:20:23.087,1.33908,1.33917,2.44,2.63
2013.10.18 02:20:23.837,1.33908,1.33917,1.69,3.42
2013.10.18 02:20:24.197,1.33905,1.33913,1.13,1.00
2013.10.18 02:20:24.257,1.33905,1.33914,2.07,1.57
2013.10.18 02:20:24.798,1.3391,1.33917,1.25,2.07
2013.10.18 02:20:24.917,1.3391,1.33915,1.00,2.07
2013.10.18 02:20:25.097,1.33901,1.33904,1.00,1.13
2013.10.18 02:20:25.158,1.33901,1.33904,1.00,1.69
2013.10.18 02:20:25.279,1.33898,1.33905,1.13,1.19
2013.10.18 02:20:25.398,1.33899,1.33906,1.00,1.57
2013.10.18 02:20:26.247,1.33898,1.33906,1.00,2.63
2013.10.18 02:20:27.209,1.33899,1.33904,1.00,1.57
2013.10.18 02:20:27.580,1.339,1.33905,1.00,1.38
2013.10.18 02:20:27.758,1.339,1.33905,1.50,1.00
2013.10.18 02:20:27.817,1.339,1.33906,1.69,1.00
2013.10.18 02:20:28.358,1.339,1.33907,1.69,1.00
2013.10.18 02:20:31.077,1.339,1.33909,1.69,3.19
2013.10.18 02:20:31.185,1.339,1.33909,1.50,3.38
2013.10.18 02:20:31.247,1.339,1.33909,1.00,2.25
2013.10.18 02:20:31.789,1.33897,1.33906,1.25,1.57
2013.10.18 02:20:31.908,1.33895,1.33901,1.13,1.00
2013.10.18 02:20:32.747,1.33896,1.33901,1.00,1.25
2013.10.18 02:20:33.048,1.33898,1.33902,1.32,1.50
2013.10.18 02:20:33.679,1.33899,1.33907,1.25,1.57
2013.10.18 02:20:33.959,1.33899,1.33907,1.25,2.07
2013.10.18 02:20:34.968,1.33898,1.33907,1.50,3.00
2013.10.18 02:20:35.613,1.33898,1.33907,1.13,2.25
2013.10.18 02:20:35.877,1.33899,1.33908,1.38,3.00
2013.10.18 02:20:36.337,1.33898,1.33908,2.25,2.44
2013.10.18 02:20:37.169,1.33898,1.33908,2.63,2.07
2013.10.18 02:20:38.849,1.33901,1.33909,1.00,1.69
2013.10.18 02:20:39.367,1.33901,1.33909,2.07,2.25
2013.10.18 02:20:40.627,1.33904,1.33911,1.00,1.32
2013.10.18 02:20:40.807,1.33906,1.33913,1.13,5.07
2013.10.18 02:20:41.167,1.33909,1.33913,1.00,1.50
2013.10.18 02:20:41.587,1.33911,1.33913,1.00,1.50
2013.10.18 02:20:41.947,1.33906,1.3391,1.13,1.00
2013.10.18 02:20:42.008,1.33907,1.3391,1.00,1.38
2013.10.18 02:20:42.247,1.33908,1.33912,1.69,1.00
2013.10.18 02:20:42.427,1.33911,1.33915,1.00,1.63
2013.10.18 02:20:44.468,1.33911,1.33916,1.00,2.48
2013.10.18 02:20:44.587,1.33909,1.33916,1.00,2.10
2013.10.18 02:20:45.589,1.33911,1.33916,1.00,1.73
2013.10.18 02:20:45.648,1.33911,1.33916,1.50,1.35
2013.10.18 02:20:45.708,1.33914,1.33916,1.00,1.00
2013.10.18 02:20:46.348,1.33916,1.33917,1.00,1.00
2013.10.18 02:20:52.718,1.33914,1.33919,1.25,2.63
2013.10.18 02:20:52.897,1.33907,1.33917,1.19,1.98
2013.10.18 02:20:52.960,1.33907,1.33914,1.38,1.38
2013.10.18 02:20:53.137,1.33906,1.33914,2.07,1.38
2013.10.18 02:20:53.687,1.33907,1.33916,1.00,2.10
2013.10.18 02:20:53.749,1.33906,1.33911,1.88,1.50
2013.10.18 02:20:54.047,1.33904,1.33911,1.00,1.50
2013.10.18 02:20:56.249,1.33906,1.33911,1.00,1.50
2013.10.18 02:20:56.768,1.33906,1.33913,1.00,1.88
2013.10.18 02:20:57.127,1.33909,1.33914,1.13,1.88
2013.10.18 02:20:57.450,1.3391,1.33914,1.00,1.88
2013.10.18 02:20:59.204,1.33909,1.33912,1.00,1.13
2013.10.18 02:20:59.718,1.33909,1.33912,1.00,2.63
2013.10.18 02:21:00.367,1.33909,1.33912,1.00,1.50
2013.10.18 02:21:00.917,1.33909,1.33912,1.38,1.88
2013.10.18 02:21:01.548,1.33909,1.33912,1.38,1.88
2013.10.18 02:21:01.607,1.33908,1.33917,1.00,5.10
2013.10.18 02:21:01.787,1.33913,1.33916,1.13,1.30
2013.10.18 02:21:02.027,1.33911,1.33917,1.57,2.63
2013.10.18 02:21:03.957,1.33912,1.33917,1.57,1.50
2013.10.18 02:21:04.471,1.33916,1.3392,1.13,1.88
2013.10.18 02:21:05.199,1.33917,1.3392,1.00,1.88
2013.10.18 02:21:07.358,1.33917,1.33919,1.00,1.00
2013.10.18 02:21:07.930,1.33918,1.33921,1.00,2.63
2013.10.18 02:21:09.028,1.33915,1.33919,1.38,1.19
2013.10.18 02:21:09.677,1.33917,1.33919,1.00,1.00
2013.10.18 02:21:10.787,1.33918,1.33921,1.00,1.88
2013.10.18 02:21:14.987,1.33919,1.33921,1.00,1.50
2013.10.18 02:21:15.047,1.33919,1.33922,1.00,1.88
2013.10.18 02:21:15.107,1.33921,1.33923,1.00,1.25
2013.10.18 02:21:15.287,1.33922,1.33926,1.00,2.44
2013.10.18 02:21:15.587,1.33923,1.33926,1.00,1.32
2013.10.18 02:21:16.137,1.33924,1.33927,1.00,1.88
2013.10.18 02:21:16.508,1.33925,1.33928,1.00,1.00
2013.10.18 02:21:17.029,1.33926,1.33929,1.00,1.13
2013.10.18 02:21:18.917,1.33925,1.33929,1.00,1.50
2013.10.18 02:21:20.713,1.33922,1.33928,1.13,1.32
2013.10.18 02:21:20.778,1.33925,1.3393,1.00,2.25
2013.10.18 02:21:21.897,1.33926,1.3393,1.00,2.82
2013.10.18 02:21:22.019,1.33925,1.33928,1.00,1.19
2013.10.18 02:21:24.488,1.33923,1.33927,1.13,1.19
2013.10.18 02:21:24.669,1.33927,1.33932,1.00,3.57
2013.10.18 02:21:24.733,1.33927,1.33932,1.00,3.57
2013.10.18 02:21:24.798,1.33928,1.33932,1.00,3.57
2013.10.18 02:21:25.338,1.33928,1.33932,1.00,2.82
2013.10.18 02:21:25.457,1.33927,1.33932,1.00,4.88
2013.10.18 02:21:25.517,1.33925,1.33932,1.00,4.88
2013.10.18 02:21:25.578,1.33925,1.33928,1.00,1.19
2013.10.18 02:21:25.937,1.33915,1.33924,1.13,1.19
2013.10.18 02:21:26.597,1.3392,1.33922,1.13,1.19
2013.10.18 02:21:27.690,1.33915,1.33921,1.88,2.07
2013.10.18 02:21:28.277,1.33919,1.33922,1.00,1.19
2013.10.18 02:21:28.817,1.3392,1.33922,1.00,1.00
2013.10.18 02:21:29.978,1.33917,1.33922,1.50,1.57
2013.10.18 02:21:30.217,1.33915,1.33922,1.38,2.44
2013.10.18 02:21:30.277,1.33915,1.33919,1.38,1.19
2013.10.18 02:21:30.518,1.33912,1.33919,1.38,1.19
2013.10.18 02:21:30.643,1.33912,1.33919,1.13,1.69
2013.10.18 02:21:32.594,1.33912,1.33916,1.00,1.00
2013.10.18 02:21:33.098,1.33912,1.33916,1.00,1.19
2013.10.18 02:21:33.279,1.3391,1.33912,1.00,1.19
2013.10.18 02:21:34.848,1.33909,1.33911,1.00,1.00
2013.10.18 02:21:35.517,1.33911,1.33914,1.00,1.00
2013.10.18 02:21:36.279,1.33907,1.33914,1.13,1.57
2013.10.18 02:21:36.339,1.33909,1.33914,1.00,1.57
2013.10.18 02:21:36.400,1.33908,1.33912,1.00,1.69
2013.10.18 02:21:36.459,1.33908,1.3391,1.00,1.13
2013.10.18 02:21:36.818,1.339,1.33909,2.82,1.38
2013.10.18 02:21:36.877,1.339,1.33907,2.44,1.88
2013.10.18 02:21:36.938,1.33902,1.33907,1.38,1.88
2013.10.18 02:21:36.997,1.33903,1.33907,1.13,1.38
2013.10.18 02:21:37.118,1.33901,1.33907,1.13,2.07
2013.10.18 02:21:41.057,1.33899,1.33904,1.38,1.69
2013.10.18 02:21:42.677,1.339,1.33903,1.13,1.32
2013.10.18 02:21:42.979,1.33897,1.339,1.13,1.00
2013.10.18 02:21:43.038,1.33897,1.33899,1.13,1.00
2013.10.18 02:21:44.438,1.33896,1.33899,1.00,1.00
2013.10.18 02:21:48.538,1.33896,1.33899,1.00,1.32
2013.10.18 02:21:48.598,1.33896,1.33899,1.00,1.13
2013.10.18 02:21:48.838,1.33896,1.33902,1.00,2.82
2013.10.18 02:21:49.418,1.33897,1.33902,1.00,2.44
2013.10.18 02:21:49.757,1.33898,1.33902,1.00,2.44
2013.10.18 02:21:51.299,1.33897,1.339,1.13,1.00
2013.10.18 02:21:53.620,1.339,1.33902,1.00,1.50
2013.10.18 02:21:54.649,1.339,1.33903,1.00,2.25
2013.10.18 02:21:55.290,1.33897,1.33903,1.11,1.88
2013.10.18 02:21:55.360,1.33901,1.33903,1.00,1.50
2013.10.18 02:21:55.480,1.33901,1.33903,4.88,1.50
2013.10.18 02:21:55.660,1.33906,1.33911,1.00,3.75
2013.10.18 02:21:56.017,1.33909,1.33913,1.00,2.63
2013.10.18 02:21:56.668,1.33909,1.33913,1.00,3.38
2013.10.18 02:21:57.578,1.33905,1.33912,1.38,1.57
2013.10.18 02:21:57.638,1.33907,1.33912,1.00,1.69
2013.10.18 02:21:57.818,1.33907,1.3391,1.00,1.00
2013.10.18 02:21:57.938,1.33906,1.33908,1.00,1.00
2013.10.18 02:22:00.208,1.33907,1.3391,1.00,2.82
2013.10.18 02:22:00.577,1.33908,1.3391,1.00,2.25
2013.10.18 02:22:01.177,1.33909,1.33912,1.00,1.50
2013.10.18 02:22:03.439,1.3391,1.33913,1.00,1.00
2013.10.18 02:22:03.499,1.33912,1.33915,1.00,1.88
2013.10.18 02:22:04.007,1.33911,1.33916,1.00,1.63
2013.10.18 02:22:07.728,1.33911,1.33916,1.00,2.44
2013.10.18 02:22:09.277,1.33911,1.33917,1.25,1.75
2013.10.18 02:22:09.338,1.33914,1.33917,1.00,1.75
2013.10.18 02:22:09.397,1.33914,1.33921,1.00,2.07
2013.10.18 02:22:09.458,1.33918,1.33921,1.00,1.13
2013.10.18 02:22:09.818,1.33921,1.33925,1.00,2.82
2013.10.18 02:22:10.327,1.33921,1.33925,1.00,1.32
2013.10.18 02:22:10.748,1.33915,1.33924,1.75,1.82
2013.10.18 02:22:10.927,1.33917,1.33921,1.00,1.32
2013.10.18 02:22:11.405,1.33917,1.33921,1.00,1.13
2013.10.18 02:22:11.828,1.33915,1.33919,2.82,1.00
2013.10.18 02:22:11.951,1.33915,1.33919,1.88,1.00
2013.10.18 02:22:12.069,1.33915,1.33917,1.00,1.00
2013.10.18 02:22:12.428,1.33912,1.33917,1.13,1.00
2013.10.18 02:22:12.789,1.33914,1.33919,1.00,2.07
2013.10.18 02:22:13.207,1.33916,1.3392,1.00,1.00
2013.10.18 02:22:13.637,1.33916,1.3392,1.00,1.19
2013.10.18 02:22:14.297,1.33914,1.3392,1.00,2.63
2013.10.18 02:22:15.190,1.33914,1.3392,1.00,2.25
2013.10.18 02:22:15.429,1.33916,1.3392,1.00,1.00
2013.10.18 02:22:15.790,1.33915,1.33918,1.00,1.25
2013.10.18 02:22:18.407,1.33914,1.33918,1.00,1.25
2013.10.18 02:22:20.238,1.33917,1.33922,1.19,1.00
2013.10.18 02:22:20.777,1.33919,1.33924,1.13,2.07
2013.10.18 02:22:21.138,1.3391,1.33914,1.50,3.38
2013.10.18 02:22:21.558,1.33912,1.33914,1.25,2.63
2013.10.18 02:22:21.737,1.33912,1.33919,1.50,1.00
2013.10.18 02:22:21.797,1.33913,1.33919,1.38,1.00
2013.10.18 02:22:22.127,1.33917,1.33921,1.00,1.25
2013.10.18 02:22:26.797,1.33917,1.33923,1.00,1.00
2013.10.18 02:22:27.337,1.33918,1.33925,1.00,1.63
2013.10.18 02:22:27.887,1.33918,1.33925,1.00,1.25
2013.10.18 02:22:29.567,1.33918,1.33925,1.00,1.69
2013.10.18 02:22:30.108,1.33918,1.33923,1.00,1.57
2013.10.18 02:22:32.688,1.33918,1.33925,1.00,1.57
2013.10.18 02:22:35.629,1.33918,1.33925,1.25,1.38
2013.10.18 02:22:44.008,1.33916,1.33925,1.19,2.44
2013.10.18 02:22:44.248,1.33916,1.33924,1.00,1.13
2013.10.18 02:22:44.768,1.33915,1.33922,1.25,1.38
2013.10.18 02:22:46.327,1.33915,1.33922,1.82,1.38
2013.10.18 02:22:46.388,1.33917,1.33922,1.19,1.13
2013.10.18 02:22:46.568,1.3392,1.33925,1.25,1.50
2013.10.18 02:22:46.627,1.33919,1.33926,1.69,1.50
2013.10.18 02:22:50.009,1.33921,1.33926,1.00,1.50
2013.10.18 02:22:50.250,1.33915,1.33921,1.00,1.63
2013.10.18 02:23:01.028,1.33915,1.33919,1.00,1.50
2013.10.18 02:23:01.087,1.33914,1.33916,1.00,1.00
2013.10.18 02:23:01.267,1.3391,1.33913,1.19,2.25
2013.10.18 02:23:02.708,1.3391,1.33913,1.38,4.50
2013.10.18 02:23:02.827,1.3391,1.33913,1.69,4.50
2013.10.18 02:23:03.008,1.3391,1.33913,1.57,4.50
2013.10.18 02:23:03.068,1.33915,1.3392,1.00,1.00
2013.10.18 02:23:03.427,1.33913,1.3392,1.00,1.00
2013.10.18 02:23:05.887,1.33911,1.3392,1.69,1.25
2013.10.18 02:23:05.947,1.33911,1.33915,1.69,1.00
2013.10.18 02:23:06.249,1.33908,1.33915,1.19,1.00
2013.10.18 02:23:06.790,1.33906,1.3391,1.13,1.50
2013.10.18 02:23:07.349,1.33905,1.3391,1.25,2.25
2013.10.18 02:23:08.068,1.33905,1.3391,1.00,1.00
2013.10.18 02:23:09.548,1.33902,1.33909,1.75,1.50
2013.10.18 02:23:09.668,1.33902,1.33909,1.00,1.50
2013.10.18 02:23:09.788,1.33901,1.33909,1.88,1.50
2013.10.18 02:23:09.968,1.33897,1.33905,1.50,1.13
2013.10.18 02:23:10.148,1.33897,1.33904,1.00,1.19
2013.10.18 02:23:10.508,1.33897,1.33904,1.00,1.38
2013.10.18 02:23:11.778,1.33895,1.33904,2.44,2.44
2013.10.18 02:23:14.199,1.33897,1.33905,1.00,1.63
2013.10.18 02:23:14.988,1.33899,1.33906,1.00,1.57
2013.10.18 02:23:18.849,1.33899,1.33906,1.25,1.38
2013.10.18 02:23:18.908,1.33899,1.33906,1.50,1.38
2013.10.18 02:23:19.448,1.33899,1.33907,1.00,2.25
2013.10.18 02:23:19.628,1.33898,1.33905,1.00,2.25
2013.10.18 02:23:21.258,1.33892,1.33899,1.32,1.00
2013.10.18 02:23:21.618,1.33885,1.33893,1.63,2.07
2013.10.18 02:23:21.678,1.33885,1.33893,1.69,2.07
2013.10.18 02:23:21.798,1.33886,1.33893,1.57,1.94
2013.10.18 02:23:21.977,1.33885,1.33893,1.25,1.94
2013.10.18 02:23:22.517,1.33885,1.33891,1.25,1.50
2013.10.18 02:23:27.688,1.33885,1.33889,1.25,1.00
2013.10.18 02:23:27.748,1.33885,1.33891,1.25,1.50
2013.10.18 02:23:30.877,1.33883,1.3389,1.00,1.38
2013.10.18 02:23:35.108,1.33887,1.33895,1.00,1.75
2013.10.18 02:23:35.288,1.33887,1.33896,1.00,2.63
2013.10.18 02:23:35.407,1.33889,1.33896,1.25,2.25
2013.10.18 02:23:35.708,1.33897,1.33905,1.00,1.75
2013.10.18 02:23:36.068,1.33899,1.33907,1.19,2.63
2013.10.18 02:23:44.377,1.33898,1.33906,1.13,1.38
2013.10.18 02:23:50.028,1.33898,1.33903,1.00,1.32
2013.10.18 02:23:50.088,1.33896,1.33903,1.00,1.32
2013.10.18 02:23:50.148,1.33896,1.339,1.00,1.19
2013.10.18 02:23:50.508,1.33893,1.339,1.00,2.07
2013.10.18 02:23:51.488,1.33894,1.339,1.00,2.07
2013.10.18 02:23:51.848,1.33898,1.33903,1.00,1.82
2013.10.18 02:23:52.028,1.33898,1.33906,1.00,1.69
2013.10.18 02:23:52.148,1.33898,1.33906,1.19,1.50
2013.10.18 02:23:53.008,1.33898,1.33906,1.00,1.63
2013.10.18 02:23:54.067,1.33898,1.33905,1.38,1.38
2013.10.18 02:23:54.368,1.33896,1.33905,2.63,2.07
2013.10.18 02:23:54.848,1.33894,1.33897,1.00,1.00
2013.10.18 02:23:54.908,1.33894,1.33896,1.00,1.00
2013.10.18 02:23:55.028,1.33892,1.33898,1.00,1.38
2013.10.18 02:23:55.087,1.33892,1.33898,1.00,1.38
2013.10.18 02:23:55.507,1.33892,1.33898,1.00,1.38
2013.10.18 02:23:58.577,1.33892,1.339,1.00,2.07
2013.10.18 02:23:58.640,1.33892,1.33897,1.00,1.57
2013.10.18 02:24:00.037,1.33891,1.33896,1.00,1.63
2013.10.18 02:24:00.698,1.33892,1.33897,1.00,1.57
2013.10.18 02:24:01.788,1.33894,1.339,1.50,1.38
2013.10.18 02:24:01.848,1.33897,1.339,1.00,1.00
2013.10.18 02:24:01.908,1.33898,1.339,1.00,1.00
2013.10.18 02:24:02.447,1.33898,1.33905,1.00,1.38
2013.10.18 02:24:03.147,1.33896,1.33905,1.69,1.38
2013.10.18 02:24:03.808,1.339,1.33905,1.00,1.38
2013.10.18 02:24:09.628,1.33901,1.33908,1.00,1.88
2013.10.18 02:24:10.428,1.339,1.33907,1.69,1.38
2013.10.18 02:24:12.387,1.33901,1.33907,1.00,1.38
2013.10.18 02:24:12.988,1.33902,1.33908,1.00,1.38
2013.10.18 02:24:14.218,1.339,1.33905,1.50,1.63
2013.10.18 02:24:14.278,1.339,1.33905,1.00,1.63
2013.10.18 02:24:14.869,1.33901,1.33907,1.00,1.75
2013.10.18 02:24:15.048,1.33901,1.33907,1.00,1.50
2013.10.18 02:24:31.337,1.33901,1.33906,1.13,1.50
2013.10.18 02:24:31.397,1.33901,1.33906,1.13,1.88
2013.10.18 02:24:32.538,1.33902,1.33909,1.00,1.75
2013.10.18 02:24:33.231,1.33901,1.3391,3.00,2.82
2013.10.18 02:24:37.318,1.33902,1.33908,1.13,1.50
2013.10.18 02:24:40.388,1.33902,1.3391,1.32,1.50
2013.10.18 02:24:40.568,1.33904,1.3391,1.19,1.38
2013.10.18 02:24:40.688,1.33903,1.3391,1.00,1.88
2013.10.18 02:24:41.232,1.33902,1.3391,1.13,1.88
2013.10.18 02:24:42.637,1.33902,1.33907,1.00,1.25
2013.10.18 02:24:53.490,1.33905,1.33907,1.00,1.00
2013.10.18 02:24:53.608,1.33906,1.33912,1.25,1.50
2013.10.18 02:24:53.968,1.33911,1.33914,1.00,1.00
2013.10.18 02:24:54.507,1.33909,1.33914,1.69,1.00
2013.10.18 02:24:56.688,1.33908,1.33913,1.13,1.00
2013.10.18 02:25:01.480,1.33907,1.33914,1.88,1.63
2013.10.18 02:25:06.058,1.33907,1.33912,1.13,1.00
2013.10.18 02:25:08.202,1.33907,1.33912,2.07,1.00
2013.10.18 02:25:08.730,1.33907,1.33914,3.75,1.38
2013.10.18 02:25:09.208,1.33907,1.33916,3.19,2.25
2013.10.18 02:25:09.825,1.33907,1.33916,3.38,1.88
2013.10.18 02:25:10.384,1.33907,1.33916,3.38,1.88
2013.10.18 02:25:11.108,1.33906,1.33916,2.82,2.63
2013.10.18 02:25:11.468,1.33907,1.33912,1.00,1.38
2013.10.18 02:25:11.987,1.33907,1.33915,1.19,1.00
2013.10.18 02:25:15.148,1.33907,1.33916,2.07,2.07
2013.10.18 02:25:15.750,1.33907,1.33916,2.25,1.50
2013.10.18 02:25:17.668,1.33907,1.33916,3.75,1.50
2013.10.18 02:25:17.848,1.33909,1.33916,1.19,1.38
2013.10.18 02:25:18.208,1.33909,1.33916,1.00,1.50
2013.10.18 02:25:21.978,1.33909,1.33916,1.19,1.00
2013.10.18 02:25:22.037,1.33909,1.33916,1.19,1.38
2013.10.18 02:25:24.848,1.33909,1.33916,1.00,1.57
2013.10.18 02:25:24.908,1.33909,1.33916,1.00,1.57
2013.10.18 02:25:28.588,1.33909,1.33915,1.19,1.00
2013.10.18 02:25:28.649,1.33909,1.33915,1.00,1.38
2013.10.18 02:25:30.407,1.33909,1.33917,1.69,1.38
2013.10.18 02:25:35.268,1.33911,1.33917,1.00,1.00
2013.10.18 02:25:35.818,1.33909,1.33914,1.00,1.63
2013.10.18 02:25:40.195,1.33911,1.33917,1.00,1.69
2013.10.18 02:25:41.408,1.33908,1.33915,1.25,1.38
2013.10.18 02:25:44.695,1.33908,1.33915,1.00,1.38
2013.10.18 02:25:44.880,1.33903,1.3391,1.50,1.88
2013.10.18 02:25:44.939,1.33903,1.3391,1.50,2.44
2013.10.18 02:25:45.568,1.33901,1.33908,1.00,1.19
2013.10.18 02:25:46.978,1.33901,1.33907,1.00,1.69
2013.10.18 02:25:47.098,1.33901,1.33907,1.00,1.19
2013.10.18 02:25:48.758,1.33901,1.33907,1.00,1.57
2013.10.18 02:25:49.518,1.33901,1.33905,1.00,1.38
2013.10.18 02:25:50.027,1.33901,1.33905,1.00,1.38
2013.10.18 02:25:51.588,1.339,1.33907,1.00,1.57
2013.10.18 02:25:52.866,1.339,1.33906,1.00,1.25
2013.10.18 02:25:53.049,1.33898,1.33905,1.13,1.38
2013.10.18 02:25:54.677,1.33898,1.33904,1.13,1.13
2013.10.18 02:25:55.628,1.33899,1.33904,1.25,1.13
2013.10.18 02:25:57.658,1.33898,1.33905,1.50,1.88
2013.10.18 02:25:58.169,1.33898,1.33905,1.50,2.07
2013.10.18 02:25:58.740,1.33899,1.33905,1.69,1.38
2013.10.18 02:26:00.118,1.33899,1.33906,2.07,1.63
2013.10.18 02:26:00.298,1.33901,1.33906,1.13,1.25
2013.10.18 02:26:01.018,1.33901,1.33909,1.32,1.88
2013.10.18 02:26:04.978,1.33901,1.33909,1.50,1.88
2013.10.18 02:26:05.038,1.33901,1.33909,1.50,1.88
2013.10.18 02:26:05.520,1.33905,1.33913,1.57,2.07
2013.10.18 02:26:07.298,1.33905,1.33913,1.32,2.07
2013.10.18 02:26:07.829,1.33906,1.33913,1.00,1.63
2013.10.18 02:26:08.368,1.33906,1.33915,1.69,2.25
2013.10.18 02:26:09.259,1.33908,1.33915,1.00,1.50
2013.10.18 02:26:10.908,1.33908,1.33916,1.00,1.38
2013.10.18 02:26:11.982,1.3391,1.33918,1.88,2.82
2013.10.18 02:26:13.049,1.33911,1.33918,1.25,1.75
2013.10.18 02:26:16.518,1.33912,1.3392,1.00,3.57
2013.10.18 02:26:19.448,1.33912,1.33919,1.69,1.13
2013.10.18 02:26:19.508,1.33917,1.3392,1.19,3.00
2013.10.18 02:26:19.628,1.3392,1.33925,1.32,1.88
2013.10.18 02:26:20.048,1.33924,1.3393,1.00,1.32
2013.10.18 02:26:20.408,1.33928,1.33932,2.07,1.13
2013.10.18 02:26:20.528,1.33931,1.33936,1.13,3.00
2013.10.18 02:26:20.768,1.33934,1.33937,1.00,2.63
2013.10.18 02:26:20.949,1.33931,1.33939,1.88,1.57
2013.10.18 02:26:21.009,1.33934,1.33941,1.00,2.82
2013.10.18 02:26:21.189,1.3393,1.33937,1.13,1.38
2013.10.18 02:26:21.428,1.33928,1.33936,1.57,1.00
2013.10.18 02:26:21.548,1.33928,1.33936,1.00,1.94
2013.10.18 02:26:22.098,1.33927,1.33936,1.88,2.82
2013.10.18 02:26:22.613,1.33927,1.33936,1.88,2.82
2013.10.18 02:26:24.108,1.33926,1.33935,2.82,1.69
2013.10.18 02:26:24.647,1.33925,1.33934,2.63,2.07
2013.10.18 02:26:25.528,1.33926,1.33934,1.00,2.07
2013.10.18 02:26:26.735,1.33925,1.33934,1.50,2.82
2013.10.18 02:26:26.798,1.33925,1.33934,1.50,2.82
2013.10.18 02:26:36.188,1.33924,1.33932,3.00,2.44
2013.10.18 02:26:39.708,1.33924,1.33932,1.19,2.44
2013.10.18 02:26:39.768,1.33927,1.33932,1.00,1.69
2013.10.18 02:26:41.919,1.33927,1.33932,1.63,1.13
2013.10.18 02:26:41.979,1.33931,1.33934,1.00,1.00
2013.10.18 02:26:42.816,1.33928,1.33934,1.25,1.38
2013.10.18 02:26:43.798,1.3393,1.33936,1.13,1.38
2013.10.18 02:26:43.918,1.33928,1.33935,1.69,1.38
2013.10.18 02:26:49.598,1.33927,1.33932,1.19,1.50
2013.10.18 02:26:50.195,1.33929,1.33934,1.00,1.38
2013.10.18 02:26:50.530,1.33926,1.33934,1.88,1.63
2013.10.18 02:26:56.678,1.33927,1.33935,1.50,1.57
2013.10.18 02:27:02.687,1.33925,1.33932,1.69,2.63
2013.10.18 02:27:03.194,1.33925,1.33932,1.69,2.63
2013.10.18 02:27:04.689,1.33923,1.33928,1.00,1.38
2013.10.18 02:27:04.929,1.33923,1.33928,1.19,1.38
2013.10.18 02:27:05.108,1.33925,1.33928,1.25,1.00
2013.10.18 02:27:05.288,1.33926,1.3393,1.00,1.00
2013.10.18 02:27:05.918,1.33926,1.33929,1.00,1.00
2013.10.18 02:27:07.228,1.33923,1.33929,1.00,1.32
2013.10.18 02:27:07.348,1.3392,1.33926,1.00,1.13
2013.10.18 02:27:07.408,1.33918,1.33924,1.00,1.00
2013.10.18 02:27:07.768,1.33916,1.33924,1.00,2.44
2013.10.18 02:27:07.828,1.33914,1.33924,1.50,3.19
2013.10.18 02:27:09.370,1.33914,1.33922,1.50,1.57
2013.10.18 02:27:09.548,1.33911,1.3392,1.50,2.07
2013.10.18 02:27:09.908,1.33911,1.3392,1.50,1.50
2013.10.18 02:27:09.968,1.33917,1.33921,1.50,1.38
2013.10.18 02:27:10.028,1.33918,1.33923,1.88,1.38
2013.10.18 02:27:10.088,1.33913,1.3392,2.25,1.00
2013.10.18 02:27:10.148,1.33913,1.3392,1.88,1.25
2013.10.18 02:27:10.687,1.33911,1.3392,2.00,1.25
2013.10.18 02:27:11.698,1.33913,1.3392,1.50,1.69
2013.10.18 02:27:13.069,1.33912,1.33919,1.13,1.00
2013.10.18 02:27:13.609,1.33912,1.33918,1.00,1.50
2013.10.18 02:27:13.788,1.33914,1.33918,1.00,1.50
2013.10.18 02:27:14.490,1.33914,1.33918,1.00,1.38
2013.10.18 02:27:14.848,1.33922,1.33927,1.00,1.88
2013.10.18 02:27:15.208,1.33923,1.33928,1.63,1.00
2013.10.18 02:27:15.938,1.33921,1.33928,1.13,1.38
2013.10.18 02:27:15.998,1.33924,1.33928,1.00,1.38
2013.10.18 02:27:16.298,1.33925,1.3393,1.00,1.13
2013.10.18 02:27:16.478,1.33926,1.3393,1.00,1.13
2013.10.18 02:27:16.844,1.33925,1.3393,1.00,1.13
2013.10.18 02:27:17.968,1.33924,1.3393,1.25,1.13
2013.10.18 02:27:20.648,1.33922,1.3393,1.25,1.38
2013.10.18 02:27:21.658,1.33922,1.33928,1.00,1.38
2013.10.18 02:27:21.718,1.3392,1.33927,2.25,1.38
2013.10.18 02:27:21.778,1.33917,1.33926,2.25,1.38
2013.10.18 02:27:21.900,1.33917,1.33926,2.25,1.38
2013.10.18 02:27:22.259,1.33926,1.3393,1.00,2.63
2013.10.18 02:27:22.678,1.33927,1.33931,1.00,1.00
2013.10.18 02:27:23.408,1.33922,1.33931,1.69,1.32
2013.10.18 02:27:29.368,1.33922,1.33931,2.63,1.63
2013.10.18 02:27:29.729,1.33921,1.3393,2.25,1.69
2013.10.18 02:27:29.851,1.33921,1.3393,1.88,2.07
2013.10.18 02:27:30.089,1.33923,1.33928,1.00,1.00
2013.10.18 02:27:31.008,1.33921,1.33928,1.25,1.38
2013.10.18 02:27:31.618,1.33922,1.33928,1.00,1.38
2013.10.18 02:27:31.678,1.33922,1.33928,1.19,1.00
2013.10.18 02:27:31.738,1.33922,1.33928,1.00,1.38
2013.10.18 02:27:32.259,1.33921,1.33926,1.00,1.88
2013.10.18 02:27:32.318,1.33918,1.33924,1.32,1.38
2013.10.18 02:27:32.442,1.33915,1.33923,1.63,2.25
2013.10.18 02:27:32.558,1.33914,1.33922,1.13,1.19
2013.10.18 02:27:32.678,1.33913,1.3392,1.13,1.25
2013.10.18 02:27:36.310,1.33913,1.3392,1.19,1.00
2013.10.18 02:27:36.788,1.33912,1.3392,1.69,3.00
2013.10.18 02:27:38.678,1.33912,1.3392,1.50,4.88
2013.10.18 02:27:39.561,1.33911,1.3392,1.32,4.32
2013.10.18 02:27:39.678,1.33911,1.33919,1.25,2.25
2013.10.18 02:27:40.218,1.33911,1.33919,1.63,1.88
2013.10.18 02:27:42.214,1.33912,1.33919,1.19,1.88
2013.10.18 02:27:42.458,1.33915,1.33921,1.19,1.00
2013.10.18 02:27:43.470,1.33913,1.3392,1.69,1.00
2013.10.18 02:27:43.709,1.33913,1.3392,1.00,1.50
2013.10.18 02:27:44.011,1.33911,1.3392,1.32,1.88
2013.10.18 02:27:44.688,1.33914,1.3392,1.19,1.88
2013.10.18 02:27:45.898,1.33913,1.3392,1.13,3.75
2013.10.18 02:27:47.250,1.33916,1.33921,1.50,1.00
2013.10.18 02:27:47.729,1.33919,1.33922,1.00,1.50
2013.10.18 02:27:48.649,1.33919,1.33924,1.57,1.00
2013.10.18 02:27:48.889,1.33924,1.33928,1.00,1.00
2013.10.18 02:27:49.490,1.33931,1.33935,1.00,1.00
2013.10.18 02:27:49.729,1.33935,1.33941,1.25,1.88
2013.10.18 02:27:50.029,1.33934,1.33941,1.25,2.63
2013.10.18 02:27:50.388,1.33938,1.3394,1.00,1.50
2013.10.18 02:27:50.628,1.33938,1.33941,1.25,1.50
2013.10.18 02:27:50.808,1.33937,1.33941,1.00,1.50
2013.10.18 02:27:54.391,1.33935,1.33942,1.19,1.38
2013.10.18 02:27:55.699,1.33935,1.33942,1.00,1.75
2013.10.18 02:27:56.263,1.33933,1.33942,1.69,1.75
2013.10.18 02:27:58.800,1.33933,1.33941,1.25,3.00
2013.10.18 02:28:03.688,1.33933,1.33939,1.00,1.38
2013.10.18 02:28:10.670,1.33934,1.33939,1.00,1.50
2013.10.18 02:28:14.248,1.33935,1.33941,1.00,2.00
2013.10.18 02:28:14.638,1.33938,1.33942,1.00,1.00
2013.10.18 02:28:14.700,1.33938,1.33942,1.00,1.38
2013.10.18 02:28:15.788,1.33939,1.33944,1.00,1.94
2013.10.18 02:28:15.848,1.33935,1.33943,2.07,1.32
2013.10.18 02:28:18.048,1.33935,1.33944,2.63,2.25
2013.10.18 02:28:18.228,1.33937,1.33945,1.57,2.63
2013.10.18 02:28:18.288,1.33937,1.33945,2.07,1.38
2013.10.18 02:28:18.879,1.33939,1.33948,1.57,2.07
2013.10.18 02:28:22.550,1.33942,1.33949,1.25,2.82
2013.10.18 02:28:23.099,1.33941,1.33949,1.32,3.19
2013.10.18 02:28:23.888,1.33943,1.3395,1.00,1.57
2013.10.18 02:28:24.009,1.33944,1.33951,1.25,2.07
2013.10.18 02:28:24.069,1.33945,1.33951,1.00,1.88
2013.10.18 02:28:24.428,1.33944,1.33952,1.32,1.13
2013.10.18 02:28:25.265,1.33949,1.33955,1.00,2.25
2013.10.18 02:28:26.678,1.33949,1.33955,1.00,2.82
2013.10.18 02:28:26.738,1.33947,1.33955,1.00,2.82
2013.10.18 02:28:26.798,1.33947,1.33955,1.00,2.82
2013.10.18 02:28:29.908,1.33945,1.33953,1.50,1.32
2013.10.18 02:28:34.508,1.33947,1.33953,1.00,1.13
2013.10.18 02:28:36.709,1.33947,1.33955,1.25,2.63
2013.10.18 02:28:36.828,1.3394,1.33953,1.88,1.32
2013.10.18 02:28:37.598,1.33946,1.33953,1.00,1.32
2013.10.18 02:28:39.989,1.33945,1.33951,1.00,1.57
2013.10.18 02:28:40.170,1.33942,1.33951,1.00,1.94
2013.10.18 02:28:40.831,1.3394,1.33948,2.63,1.32
2013.10.18 02:28:42.368,1.3394,1.33947,2.25,1.32
2013.10.18 02:28:42.608,1.33938,1.33944,1.88,1.57
2013.10.18 02:28:43.328,1.33939,1.33944,1.00,1.57
2013.10.18 02:28:47.539,1.33939,1.33943,1.00,1.38
2013.10.18 02:28:49.818,1.33938,1.33943,1.57,1.00
2013.10.18 02:28:50.198,1.33938,1.33943,2.07,1.38
2013.10.18 02:28:50.733,1.33938,1.33943,2.07,1.13
2013.10.18 02:28:50.850,1.33938,1.33943,2.07,1.38
2013.10.18 02:28:53.049,1.33938,1.33941,2.07,1.32
2013.10.18 02:28:53.409,1.33932,1.3394,1.00,2.19
2013.10.18 02:28:53.529,1.33932,1.33936,1.88,1.57
2013.10.18 02:28:53.648,1.3393,1.33936,1.13,1.57
2013.10.18 02:28:54.248,1.33929,1.33936,1.00,1.57
2013.10.18 02:28:56.034,1.33927,1.33935,1.13,1.19
2013.10.18 02:28:56.569,1.33926,1.33934,2.25,2.07
2013.10.18 02:28:57.578,1.33926,1.33934,2.63,1.69
2013.10.18 02:29:04.898,1.33926,1.33934,2.07,1.25
2013.10.18 02:29:05.658,1.33926,1.33934,1.69,1.63
2013.10.18 02:29:05.898,1.33924,1.3393,1.00,1.69
2013.10.18 02:29:06.138,1.33924,1.3393,1.00,2.07
2013.10.18 02:29:06.648,1.33922,1.3393,1.38,2.82
2013.10.18 02:29:07.373,1.33922,1.3393,2.07,2.82
2013.10.18 02:29:11.408,1.33922,1.3393,1.32,2.25
2013.10.18 02:29:11.829,1.33925,1.33933,1.75,2.25
2013.10.18 02:29:12.368,1.33925,1.33934,1.63,2.07
2013.10.18 02:29:12.882,1.33926,1.33934,1.13,2.44
2013.10.18 02:29:13.509,1.33924,1.33932,1.32,1.38
2013.10.18 02:29:14.092,1.33924,1.3393,1.25,1.38
2013.10.18 02:29:14.568,1.33923,1.3393,1.50,1.50
2013.10.18 02:29:30.242,1.33924,1.3393,1.25,1.50
2013.10.18 02:29:34.968,1.33928,1.33933,2.63,1.13
2013.10.18 02:29:35.089,1.33932,1.33935,1.13,3.00
2013.10.18 02:29:35.148,1.33928,1.33935,2.05,1.88
2013.10.18 02:29:35.208,1.33929,1.33938,1.75,1.00
2013.10.18 02:29:35.568,1.33929,1.33936,1.50,1.00
2013.10.18 02:29:38.418,1.33929,1.33936,1.50,1.13
2013.10.18 02:29:38.908,1.33928,1.33938,1.50,2.44
2013.10.18 02:29:39.248,1.33928,1.33936,2.63,1.57
2013.10.18 02:29:39.778,1.33929,1.33936,1.13,1.57
2013.10.18 02:29:40.079,1.33931,1.33936,1.00,1.57
2013.10.18 02:29:40.380,1.33933,1.3394,1.00,1.38
2013.10.18 02:29:40.858,1.33933,1.33939,1.00,1.38
2013.10.18 02:29:45.591,1.33932,1.33939,1.00,1.38
2013.10.18 02:29:47.278,1.33932,1.33939,1.00,1.94
2013.10.18 02:29:47.458,1.33932,1.33939,1.00,1.38
2013.10.18 02:29:50.869,1.33932,1.33939,1.00,1.94
2013.10.18 02:29:51.299,1.3393,1.33935,1.13,1.57
2013.10.18 02:29:53.254,1.3393,1.33935,1.50,1.57
2013.10.18 02:29:53.368,1.33931,1.33935,1.00,1.19
2013.10.18 02:29:53.492,1.33937,1.33941,1.00,1.50
2013.10.18 02:29:53.608,1.33937,1.33944,1.50,1.00
2013.10.18 02:29:53.669,1.33938,1.33946,1.19,2.25
2013.10.18 02:29:54.208,1.3394,1.33947,1.00,1.38
2013.10.18 02:29:54.888,1.3394,1.33947,1.00,1.57
2013.10.18 02:29:56.338,1.33937,1.33945,1.88,1.57
2013.10.18 02:29:58.898,1.33938,1.33945,1.32,1.57
2013.10.18 02:30:00.339,1.33937,1.33945,1.00,1.57
2013.10.18 02:30:01.089,1.33936,1.33944,1.00,1.63
2013.10.18 02:30:01.959,1.33938,1.33945,1.00,1.69
2013.10.18 02:30:03.310,1.33938,1.33942,1.00,1.49
2013.10.18 02:30:03.428,1.33938,1.33946,1.00,1.87
2013.10.18 02:30:03.912,1.33935,1.33944,1.00,1.94
2013.10.18 02:30:03.970,1.33935,1.33944,1.25,1.63
2013.10.18 02:30:04.209,1.33934,1.33942,1.00,1.82
2013.10.18 02:30:04.569,1.33928,1.33935,1.88,1.57
2013.10.18 02:30:04.928,1.33928,1.33933,1.00,1.57
2013.10.18 02:30:05.290,1.33928,1.33933,1.50,1.38
2013.10.18 02:30:06.768,1.33928,1.33933,1.88,1.38
2013.10.18 02:30:07.188,1.33931,1.33938,1.57,1.25
2013.10.18 02:30:07.948,1.33931,1.33938,1.00,1.13
2013.10.18 02:30:08.553,1.3393,1.33937,1.50,1.25
2013.10.18 02:30:09.728,1.3393,1.33939,1.88,2.25
2013.10.18 02:30:10.559,1.33931,1.33941,2.07,1.69
2013.10.18 02:30:12.098,1.33931,1.33941,2.07,2.07
2013.10.18 02:30:13.349,1.33931,1.33941,2.44,2.07
2013.10.18 02:30:13.868,1.33934,1.33941,1.38,1.57
2013.10.18 02:30:14.969,1.33936,1.33941,1.38,2.07
2013.10.18 02:30:15.089,1.33934,1.33941,1.00,1.57
2013.10.18 02:30:15.881,1.3394,1.33948,1.13,1.69
2013.10.18 02:30:18.693,1.3394,1.33948,1.88,1.19
2013.10.18 02:30:18.989,1.33937,1.33944,1.13,1.19
2013.10.18 02:30:23.542,1.33936,1.33944,2.07,1.57
2013.10.18 02:30:23.659,1.33937,1.33944,1.69,1.00
2013.10.18 02:30:24.269,1.33938,1.33946,1.88,1.75
2013.10.18 02:30:25.450,1.33938,1.33945,2.07,1.00
2013.10.18 02:30:25.987,1.3394,1.33945,1.13,1.00
2013.10.18 02:30:28.972,1.3394,1.33948,1.13,2.25
2013.10.18 02:30:32.028,1.3394,1.33945,1.88,1.00
2013.10.18 02:30:35.898,1.3394,1.33946,1.88,1.25
2013.10.18 02:30:41.848,1.3394,1.33945,1.88,1.32
2013.10.18 02:30:43.328,1.3394,1.33947,2.07,1.32
2013.10.18 02:30:43.869,1.3394,1.33947,1.88,1.32
2013.10.18 02:31:03.468,1.33941,1.33948,1.00,1.82
2013.10.18 02:31:03.588,1.33943,1.33948,1.00,1.82
2013.10.18 02:31:15.308,1.33943,1.33948,1.00,1.25
2013.10.18 02:31:20.178,1.33944,1.33948,1.00,1.25
2013.10.18 02:31:36.439,1.33944,1.33951,1.00,1.69
2013.10.18 02:31:38.888,1.33944,1.33948,1.00,1.00
2013.10.18 02:31:47.278,1.33944,1.3395,1.00,1.00
2013.10.18 02:31:50.558,1.33944,1.33948,1.00,1.00
2013.10.18 02:31:50.918,1.33944,1.33945,1.00,1.00
2013.10.18 02:31:50.979,1.33944,1.33948,1.00,1.38
2013.10.18 02:31:51.545,1.33944,1.33948,1.00,1.13
2013.10.18 02:31:53.598,1.33944,1.33949,1.00,1.32
2013.10.18 02:31:54.199,1.33944,1.3395,1.00,1.13
2013.10.18 02:32:00.378,1.33944,1.3395,1.00,1.57
2013.10.18 02:32:06.009,1.33944,1.3395,1.00,1.00
2013.10.18 02:32:07.959,1.33944,1.3395,1.38,1.00
2013.10.18 02:32:08.318,1.33949,1.33952,1.00,1.38
2013.10.18 02:32:09.340,1.33949,1.33952,1.32,1.38
2013.10.18 02:32:09.519,1.33952,1.33957,1.57,1.50
2013.10.18 02:32:09.579,1.33955,1.33965,1.69,1.94
2013.10.18 02:32:09.938,1.33958,1.33961,1.00,1.00
2013.10.18 02:32:18.851,1.33958,1.33963,1.00,1.50
2013.10.18 02:32:20.119,1.33959,1.33963,1.00,1.50
2013.10.18 02:32:20.488,1.33959,1.33963,1.19,1.13
2013.10.18 02:32:20.549,1.3396,1.33966,2.63,1.13
2013.10.18 02:32:20.608,1.33961,1.33968,1.19,1.88
2013.10.18 02:32:20.668,1.33961,1.33968,2.25,1.00
2013.10.18 02:32:20.848,1.33963,1.33968,1.00,1.00
2013.10.18 02:32:20.909,1.33963,1.33968,1.19,1.00
2013.10.18 02:32:20.969,1.33963,1.3397,2.25,1.00
2013.10.18 02:32:22.739,1.33963,1.33971,2.44,1.50
2013.10.18 02:32:24.094,1.33967,1.33971,1.00,1.00
2013.10.18 02:32:25.529,1.33965,1.33971,1.32,1.00
2013.10.18 02:32:26.100,1.33965,1.33971,1.13,1.00
2013.10.18 02:32:26.638,1.33964,1.33972,2.44,2.07
2013.10.18 02:32:26.840,1.33964,1.33972,2.44,2.07
2013.10.18 02:32:27.546,1.33964,1.33972,1.38,2.07
2013.10.18 02:32:28.398,1.33964,1.33972,2.44,2.07
2013.10.18 02:32:29.058,1.33963,1.33972,2.07,2.82
2013.10.18 02:32:30.350,1.33965,1.33971,2.07,1.13
2013.10.18 02:32:30.923,1.33965,1.33972,2.07,1.88
2013.10.18 02:32:35.379,1.33968,1.33972,1.00,1.38
2013.10.18 02:32:37.608,1.33972,1.33978,1.00,2.25
2013.10.18 02:32:39.242,1.33971,1.33978,1.00,2.25
2013.10.18 02:32:40.279,1.33971,1.33978,1.32,1.50
2013.10.18 02:32:41.098,1.33973,1.33978,1.00,1.00
2013.10.18 02:32:43.199,1.33973,1.33978,1.00,1.19
2013.10.18 02:32:43.439,1.33971,1.33978,1.00,1.69
2013.10.18 02:32:43.945,1.33971,1.33978,1.25,1.50
2013.10.18 02:32:44.009,1.33973,1.33978,1.00,1.00
2013.10.18 02:32:53.829,1.33972,1.33978,1.00,1.00
2013.10.18 02:32:58.063,1.33972,1.33977,1.00,1.00
2013.10.18 02:33:00.938,1.33971,1.33977,1.13,1.00
2013.10.18 02:33:01.614,1.33972,1.33977,1.00,1.00
2013.10.18 02:33:03.237,1.33972,1.33979,1.00,1.13
2013.10.18 02:33:03.478,1.33972,1.3398,2.44,2.25
2013.10.18 02:33:04.448,1.33972,1.3398,2.25,1.88
2013.10.18 02:33:05.318,1.33972,1.3398,1.00,1.88
2013.10.18 02:33:07.739,1.33972,1.33978,1.00,1.00
2013.10.18 02:33:10.238,1.33971,1.33978,1.25,1.00
2013.10.18 02:33:10.738,1.33972,1.33978,1.00,1.00
2013.10.18 02:33:16.409,1.33972,1.33978,1.00,1.19
2013.10.18 02:33:16.649,1.33969,1.33975,1.13,1.00
2013.10.18 02:33:19.289,1.33967,1.33975,3.38,1.00
2013.10.18 02:33:20.651,1.33967,1.33975,1.50,1.00
2013.10.18 02:33:27.721,1.33967,1.33975,1.38,1.00
2013.10.18 02:33:29.187,1.33967,1.33974,1.38,1.00
2013.10.18 02:33:29.311,1.33967,1.33972,1.00,1.19
2013.10.18 02:33:29.431,1.33963,1.3397,2.25,1.19
2013.10.18 02:33:29.933,1.33963,1.33968,1.50,1.00
2013.10.18 02:33:30.479,1.33964,1.33969,1.00,1.00
2013.10.18 02:33:31.079,1.33962,1.3397,1.38,1.50
2013.10.18 02:33:40.738,1.33962,1.3397,1.38,1.50
2013.10.18 02:33:45.964,1.33962,1.3397,1.38,2.07
2013.10.18 02:33:46.209,1.33958,1.33962,1.50,1.00
2013.10.18 02:33:46.329,1.33958,1.33964,1.88,1.00
2013.10.18 02:33:58.398,1.33958,1.33964,1.00,1.19
2013.10.18 02:33:58.699,1.33957,1.3396,1.50,1.69
2013.10.18 02:33:58.760,1.33954,1.3396,1.50,1.88
2013.10.18 02:33:59.299,1.33954,1.3396,1.50,2.82
2013.10.18 02:34:00.128,1.33953,1.3396,1.00,1.88
2013.10.18 02:34:06.060,1.33952,1.3396,2.44,2.44
2013.10.18 02:34:08.169,1.33952,1.33959,1.25,1.38
2013.10.18 02:34:30.600,1.33949,1.33957,1.25,1.50
2013.10.18 02:34:30.659,1.33948,1.33957,2.07,1.88
2013.10.18 02:34:30.839,1.33947,1.33954,1.13,1.00
2013.10.18 02:34:31.019,1.33946,1.33954,1.50,1.38
2013.10.18 02:34:33.029,1.33946,1.33954,1.13,1.38
2013.10.18 02:34:37.009,1.33946,1.33951,1.25,1.38
2013.10.18 02:34:37.129,1.33943,1.33949,1.13,1.00
2013.10.18 02:34:37.249,1.33942,1.33949,1.63,1.25
2013.10.18 02:34:37.309,1.33935,1.33944,1.94,1.38
2013.10.18 02:34:37.429,1.33935,1.33943,1.57,1.38
2013.10.18 02:34:37.549,1.33935,1.33943,1.32,1.38
2013.10.18 02:34:37.669,1.33938,1.33943,1.19,1.38
2013.10.18 02:34:38.239,1.33938,1.33943,1.19,1.00
2013.10.18 02:34:41.969,1.33938,1.33942,1.19,1.32
2013.10.18 02:34:42.651,1.33938,1.33943,1.19,1.25
2013.10.18 02:34:43.889,1.33938,1.33944,1.19,1.69
2013.10.18 02:34:44.513,1.33938,1.33944,1.32,1.13
2013.10.18 02:34:44.629,1.33938,1.33946,1.19,2.44
2013.10.18 02:34:44.749,1.3394,1.33948,2.44,1.94
2013.10.18 02:34:44.990,1.33943,1.33951,1.32,1.38
2013.10.18 02:34:45.752,1.33944,1.33952,1.25,1.88
2013.10.18 02:34:46.330,1.33945,1.33952,1.19,1.38
2013.10.18 02:35:05.134,1.33944,1.33949,1.00,1.38
2013.10.18 02:35:08.479,1.33942,1.3395,1.50,1.75
2013.10.18 02:35:09.169,1.33944,1.33951,1.00,2.63
2013.10.18 02:35:11.637,1.33944,1.33949,1.00,1.00
2013.10.18 02:35:11.958,1.33942,1.33949,1.69,1.00
2013.10.18 02:35:21.262,1.33944,1.33952,1.19,1.00
2013.10.18 02:35:24.874,1.33944,1.33952,1.57,1.63
2013.10.18 02:35:25.049,1.33943,1.3395,1.32,1.38
2013.10.18 02:35:25.588,1.33942,1.3395,2.63,1.38
2013.10.18 02:35:27.949,1.33944,1.33952,1.00,1.69
2013.10.18 02:35:28.255,1.33944,1.33952,1.19,1.00
2013.10.18 02:35:41.751,1.33944,1.33952,1.50,1.69
2013.10.18 02:35:42.109,1.33941,1.33949,1.19,2.25
2013.10.18 02:35:57.323,1.33942,1.33947,1.19,1.38
2013.10.18 02:36:04.151,1.33942,1.33947,1.00,1.38
2013.10.18 02:36:04.210,1.33942,1.33947,1.00,1.50
2013.10.18 02:36:05.469,1.33939,1.33945,1.88,1.38
2013.10.18 02:36:13.321,1.33939,1.33945,1.88,1.38
2013.10.18 02:36:19.008,1.33939,1.33945,1.32,1.38
2013.10.18 02:36:19.588,1.33938,1.33945,1.75,1.88
2013.10.18 02:36:35.438,1.33938,1.33943,1.32,2.07
2013.10.18 02:36:35.508,1.33938,1.3394,1.00,1.50
2013.10.18 02:36:35.868,1.33932,1.33937,1.57,1.00
2013.10.18 02:36:36.739,1.33932,1.33937,1.50,1.00
2013.10.18 02:36:52.347,1.33932,1.33937,1.32,1.00
2013.10.18 02:36:53.950,1.33932,1.33937,1.00,1.00
2013.10.18 02:36:54.070,1.33931,1.33935,1.19,1.00
2013.10.18 02:36:54.431,1.33928,1.3393,1.00,1.00
2013.10.18 02:36:54.668,1.33918,1.33924,1.69,1.13
2013.10.18 02:36:54.788,1.33918,1.33922,3.19,1.00
2013.10.18 02:36:55.268,1.33917,1.33922,1.69,1.00
2013.10.18 02:36:55.388,1.33917,1.33922,1.50,1.00
2013.10.18 02:36:55.518,1.33919,1.33922,1.00,1.00
2013.10.18 02:36:58.218,1.33917,1.33922,1.13,1.00
2013.10.18 02:37:01.828,1.33917,1.33924,1.50,1.38
2013.10.18 02:37:04.628,1.33919,1.33924,1.00,1.38
2013.10.18 02:37:05.378,1.3392,1.33924,1.00,1.38
2013.10.18 02:37:08.152,1.33926,1.3393,1.50,1.38
2013.10.18 02:37:08.698,1.33928,1.3393,1.00,1.38
2013.10.18 02:37:08.819,1.33926,1.3393,1.00,1.38
2013.10.18 02:37:09.339,1.33927,1.3393,1.00,1.38
2013.10.18 02:37:14.958,1.33928,1.3393,1.00,1.38
2013.10.18 02:37:16.510,1.33927,1.33932,1.00,1.38
2013.10.18 02:37:18.488,1.33928,1.33934,1.00,1.75
2013.10.18 02:37:21.358,1.33927,1.33934,1.00,1.75
2013.10.18 02:37:29.980,1.33928,1.33934,2.07,1.13
2013.10.18 02:37:30.040,1.33931,1.33934,1.19,1.00
2013.10.18 02:37:41.048,1.33931,1.33935,1.19,1.00
2013.10.18 02:37:44.329,1.33931,1.33935,1.19,1.00
2013.10.18 02:37:44.388,1.33931,1.33937,1.69,1.30
2013.10.18 02:37:44.448,1.33933,1.33939,1.00,1.13
2013.10.18 02:37:44.808,1.33936,1.3394,1.00,1.13
2013.10.18 02:37:45.258,1.33936,1.33942,1.32,1.88
2013.10.18 02:37:48.749,1.33936,1.33942,1.32,1.88
2013.10.18 02:37:49.679,1.33936,1.33942,1.32,1.50
2013.10.18 02:37:49.858,1.33938,1.33942,1.38,1.50
2013.10.18 02:37:53.719,1.33939,1.33942,1.13,1.50
2013.10.18 02:38:00.558,1.33939,1.33942,1.13,1.50
2013.10.18 02:38:01.708,1.33939,1.33944,1.19,2.63
2013.10.18 02:38:03.687,1.33939,1.33944,1.19,2.25
2013.10.18 02:38:04.059,1.33939,1.33942,1.00,1.88
2013.10.18 02:38:04.730,1.33939,1.33942,1.00,1.69
2013.10.18 02:38:05.278,1.33935,1.33942,1.00,2.25
2013.10.18 02:38:05.530,1.33934,1.33941,1.25,1.38
2013.10.18 02:38:05.708,1.33934,1.3394,1.13,2.25
2013.10.18 02:38:05.768,1.33934,1.33939,1.25,1.38
2013.10.18 02:38:05.948,1.3393,1.33938,1.38,1.38
2013.10.18 02:38:06.131,1.33929,1.33936,1.69,1.38
2013.10.18 02:38:07.549,1.33928,1.33934,1.32,1.38
2013.10.18 02:38:07.608,1.33928,1.33934,1.32,1.38
2013.10.18 02:38:11.054,1.33929,1.33934,1.00,1.38
2013.10.18 02:38:12.829,1.33929,1.33934,1.38,1.38
2013.10.18 02:38:12.888,1.33932,1.33934,1.00,1.00
2013.10.18 02:38:22.408,1.33933,1.33936,1.19,1.38
2013.10.18 02:38:22.931,1.33932,1.33938,1.19,1.13
2013.10.18 02:38:28.089,1.33933,1.33935,1.19,1.00
2013.10.18 02:38:32.065,1.33932,1.33937,1.19,1.00
2013.10.18 02:38:32.488,1.33932,1.33937,1.25,1.38
2013.10.18 02:38:32.558,1.33932,1.33937,1.19,1.00
2013.10.18 02:38:35.332,1.33932,1.33937,1.19,1.00
2013.10.18 02:38:36.938,1.33932,1.33938,1.19,1.00
2013.10.18 02:38:36.998,1.33932,1.33938,1.19,2.25
2013.10.18 02:38:37.873,1.33932,1.33938,1.19,1.00
2013.10.18 02:38:55.169,1.33935,1.33938,1.00,1.00
2013.10.18 02:38:55.229,1.33935,1.3394,1.19,1.13
2013.10.18 02:38:55.348,1.3393,1.33936,2.07,1.13
2013.10.18 02:38:55.408,1.3393,1.33936,1.25,1.38
2013.10.18 02:38:55.768,1.33932,1.33936,1.00,1.38
2013.10.18 02:38:56.069,1.33932,1.33936,1.19,1.00
2013.10.18 02:38:58.693,1.33931,1.33936,1.19,1.00
2013.10.18 02:39:07.758,1.33932,1.33936,1.25,1.00
2013.10.18 02:39:07.938,1.33928,1.33936,1.13,1.38
2013.10.18 02:39:08.278,1.33932,1.33936,1.00,1.00
2013.10.18 02:39:08.758,1.33931,1.33936,1.00,1.38
2013.10.18 02:39:26.688,1.33931,1.33935,1.00,1.13
2013.10.18 02:39:35.544,1.33932,1.33935,1.00,1.00
2013.10.18 02:39:45.288,1.33932,1.33936,1.00,1.00
2013.10.18 02:39:55.879,1.33933,1.33936,1.00,1.00
2013.10.18 02:40:01.799,1.33933,1.33936,1.19,1.00
2013.10.18 02:40:01.978,1.33933,1.33938,1.19,1.00
2013.10.18 02:40:04.519,1.33936,1.33938,1.00,1.00
2013.10.18 02:40:04.928,1.33932,1.33941,1.57,1.38
2013.10.18 02:40:05.049,1.3394,1.33942,1.00,1.00
2013.10.18 02:40:05.588,1.33939,1.33942,1.00,1.00
2013.10.18 02:40:05.648,1.33939,1.33944,1.00,1.50
2013.10.18 02:40:07.060,1.3394,1.33944,1.00,1.13
2013.10.18 02:40:12.699,1.33939,1.33946,1.50,1.38
2013.10.18 02:40:29.389,1.33939,1.33946,1.50,1.63
2013.10.18 02:40:55.003,1.33939,1.33947,1.00,2.44
2013.10.18 02:40:55.130,1.33944,1.33947,1.00,1.13
2013.10.18 02:40:55.669,1.33947,1.33954,1.00,3.00
2013.10.18 02:40:55.729,1.3395,1.33956,1.00,2.63
2013.10.18 02:40:55.789,1.33952,1.33956,1.25,1.13
2013.10.18 02:40:59.389,1.3395,1.33956,1.00,1.13
2013.10.18 02:40:59.448,1.3395,1.33956,1.00,1.38
2013.10.18 02:40:59.637,1.33948,1.33956,1.25,1.38
2013.10.18 02:41:02.498,1.33949,1.33956,1.00,1.38
2013.10.18 02:41:03.569,1.33952,1.33958,1.00,2.63
2013.10.18 02:41:03.629,1.33952,1.33959,1.00,1.50
2013.10.18 02:41:04.149,1.33953,1.3396,1.00,2.25
2013.10.18 02:41:11.309,1.33953,1.33961,1.00,1.88
2013.10.18 02:41:24.068,1.33954,1.33962,1.00,1.38
2013.10.18 02:41:26.498,1.33954,1.33961,1.00,2.25
2013.10.18 02:41:29.429,1.33956,1.33961,1.25,1.13
2013.10.18 02:41:29.489,1.33956,1.33961,1.25,1.38
2013.10.18 02:41:29.990,1.33957,1.33963,1.50,1.38
2013.10.18 02:41:34.719,1.33956,1.33963,1.69,1.38
2013.10.18 02:41:35.261,1.33957,1.33963,1.00,1.38
2013.10.18 02:41:40.558,1.33956,1.33961,1.25,1.38
2013.10.18 02:41:45.838,1.33957,1.33961,1.00,1.38
2013.10.18 02:41:50.518,1.33954,1.33957,1.38,1.00
2013.10.18 02:41:50.819,1.33952,1.33957,1.69,1.50
2013.10.18 02:41:54.939,1.33952,1.33957,1.69,1.50
2013.10.18 02:41:55.059,1.33955,1.3396,1.25,1.38
2013.10.18 02:42:04.598,1.33956,1.33958,1.00,1.13
2013.10.18 02:42:04.723,1.3395,1.33956,1.57,1.38
2013.10.18 02:42:04.789,1.33952,1.33956,1.25,1.38
2013.10.18 02:42:05.029,1.33948,1.33954,2.07,1.50
2013.10.18 02:42:05.388,1.33948,1.33952,1.25,1.00
2013.10.18 02:42:12.288,1.33946,1.33952,1.32,1.13
2013.10.18 02:42:14.559,1.33943,1.3395,1.88,1.00
2013.10.18 02:42:14.619,1.33943,1.3395,1.50,1.13
2013.10.18 02:42:17.229,1.33945,1.3395,1.00,1.00
2013.10.18 02:42:29.220,1.33943,1.3395,1.00,1.38
2013.10.18 02:42:47.521,1.33944,1.33951,1.00,3.00
2013.10.18 02:42:48.059,1.33943,1.33951,1.88,1.88
2013.10.18 02:42:55.830,1.33943,1.3395,1.00,1.69
2013.10.18 02:42:57.731,1.33943,1.3395,1.00,2.07
2013.10.18 02:42:57.909,1.33939,1.33945,1.00,1.38
2013.10.18 02:42:58.029,1.33939,1.33945,1.00,1.38
2013.10.18 02:42:58.568,1.33938,1.33945,1.25,1.38
2013.10.18 02:42:59.129,1.33937,1.33945,1.50,1.38
2013.10.18 02:43:01.848,1.33937,1.33945,1.69,1.38
2013.10.18 02:43:02.088,1.33939,1.33946,1.69,1.38
2013.10.18 02:43:02.769,1.33939,1.33948,2.07,2.25
2013.10.18 02:43:03.069,1.33939,1.33948,2.07,2.25
2013.10.18 02:43:03.189,1.33944,1.33949,1.00,1.00
2013.10.18 02:43:03.309,1.33946,1.33952,1.00,1.38
2013.10.18 02:43:03.429,1.33946,1.33954,1.00,2.63
2013.10.18 02:43:07.289,1.33947,1.33954,1.13,1.38
2013.10.18 02:43:07.349,1.33947,1.33955,2.63,1.00
2013.10.18 02:43:07.409,1.33952,1.33959,1.00,1.13
2013.10.18 02:43:07.710,1.33956,1.33962,1.19,1.50
2013.10.18 02:43:08.150,1.33954,1.3396,1.00,1.50
2013.10.18 02:43:08.211,1.33951,1.33956,1.69,1.00
2013.10.18 02:43:08.629,1.33948,1.33957,1.13,2.07
2013.10.18 02:43:08.929,1.33947,1.33956,2.07,1.38
2013.10.18 02:43:13.759,1.33947,1.33953,1.50,1.13
2013.10.18 02:43:13.939,1.33944,1.33952,2.07,1.13
2013.10.18 02:43:14.498,1.33944,1.33953,1.69,1.50
2013.10.18 02:43:14.558,1.33944,1.33953,1.38,2.25
2013.10.18 02:43:17.418,1.33944,1.33953,1.13,2.25
2013.10.18 02:43:34.490,1.33944,1.33953,1.50,1.88
2013.10.18 02:43:44.049,1.33944,1.33947,1.50,1.00
2013.10.18 02:43:44.169,1.33941,1.33946,1.50,1.13
2013.10.18 02:43:44.649,1.33943,1.33947,1.00,1.38
2013.10.18 02:43:44.709,1.33944,1.33953,1.13,1.50
2013.10.18 02:43:44.828,1.33944,1.33952,1.13,1.88
2013.10.18 02:43:54.430,1.33944,1.33952,1.19,1.00
2013.10.18 02:43:54.609,1.33946,1.33953,1.38,1.00
2013.10.18 02:43:55.362,1.33946,1.33954,1.38,1.50
2013.10.18 02:44:03.899,1.33944,1.33953,4.32,1.00
2013.10.18 02:44:04.459,1.33944,1.33953,4.32,1.50
2013.10.18 02:44:34.879,1.33945,1.33953,1.38,1.38
2013.10.18 02:44:49.829,1.33944,1.33952,1.00,1.50
2013.10.18 02:45:03.059,1.33944,1.33953,1.00,1.94
2013.10.18 02:45:03.180,1.33942,1.33949,1.50,2.63
2013.10.18 02:45:03.725,1.33942,1.33948,1.50,1.88
2013.10.18 02:45:04.229,1.33942,1.33948,1.50,1.88
2013.10.18 02:45:04.469,1.3394,1.33948,1.00,1.88
2013.10.18 02:45:06.929,1.33939,1.33947,1.32,1.38
2013.10.18 02:45:08.559,1.33939,1.33944,1.32,1.00
2013.10.18 02:45:08.679,1.33937,1.33942,1.88,1.00
2013.10.18 02:45:08.799,1.33933,1.3394,1.00,1.13
2013.10.18 02:45:08.919,1.33932,1.3394,2.25,1.38
2013.10.18 02:45:09.819,1.33932,1.3394,1.13,1.88
2013.10.18 02:45:26.769,1.33932,1.3394,1.00,1.38
2013.10.18 02:45:29.149,1.33934,1.3394,1.00,1.38
2013.10.18 02:45:30.050,1.33934,1.33942,1.50,1.38
2013.10.18 02:45:30.169,1.33936,1.33943,1.00,1.88
2013.10.18 02:45:30.289,1.33936,1.33943,1.19,1.88
2013.10.18 02:45:32.469,1.33938,1.33944,1.00,1.38
2013.10.18 02:45:39.938,1.33939,1.33945,1.00,1.38
2013.10.18 02:45:40.469,1.3394,1.33946,1.00,1.38
2013.10.18 02:46:01.695,1.33939,1.33946,1.00,1.38
2013.10.18 02:46:03.079,1.33938,1.33946,2.25,1.38
2013.10.18 02:46:03.739,1.3394,1.33946,1.00,1.38
2013.10.18 02:47:03.850,1.33937,1.33947,1.32,1.38
2013.10.18 02:47:05.048,1.33935,1.33947,1.50,1.50
2013.10.18 02:47:05.168,1.33937,1.33947,1.13,1.50
2013.10.18 02:47:16.078,1.33938,1.33948,1.00,1.50
2013.10.18 02:47:36.091,1.33937,1.33947,1.00,1.50
2013.10.18 02:47:37.449,1.33936,1.33945,1.00,2.25
2013.10.18 02:47:37.509,1.33938,1.33945,1.00,2.25
2013.10.18 02:47:37.569,1.33936,1.33943,1.00,1.13
2013.10.18 02:47:37.630,1.33936,1.33939,1.00,1.00
2013.10.18 02:47:37.989,1.33933,1.33936,1.38,1.00
2013.10.18 02:47:38.289,1.33929,1.33936,1.00,1.38
2013.10.18 02:47:46.199,1.33929,1.33937,1.38,1.63
2013.10.18 02:47:59.239,1.33928,1.33937,1.13,2.82
2013.10.18 02:47:59.420,1.33928,1.33935,1.00,2.44
2013.10.18 02:47:59.599,1.33922,1.3393,1.38,1.38
2013.10.18 02:47:59.660,1.33923,1.3393,1.13,1.38
2013.10.18 02:48:07.931,1.33925,1.3393,1.00,1.13
2013.10.18 02:48:08.051,1.33926,1.33932,1.50,1.00
2013.10.18 02:48:08.230,1.33928,1.33935,1.00,1.50
2013.10.18 02:48:18.030,1.3393,1.33937,1.00,1.63
2013.10.18 02:48:20.371,1.33928,1.33937,3.00,1.63
2013.10.18 02:48:32.450,1.3393,1.33937,1.00,1.63
2013.10.18 02:48:32.811,1.33936,1.33942,1.00,1.13
2013.10.18 02:48:33.367,1.33938,1.33945,1.00,1.50
2013.10.18 02:48:33.904,1.33939,1.33945,1.00,1.50
2013.10.18 02:48:33.959,1.33939,1.33946,1.00,1.50
2013.10.18 02:49:22.452,1.33939,1.33945,1.00,1.00
2013.10.18 02:49:22.510,1.33944,1.33949,1.00,1.13
2013.10.18 02:49:23.052,1.33945,1.33947,1.25,1.13
2013.10.18 02:49:42.020,1.33944,1.33947,1.25,1.00
2013.10.18 02:49:43.119,1.33944,1.33948,1.25,1.00
2013.10.18 02:49:44.339,1.33944,1.3395,1.25,1.50
2013.10.18 02:50:05.065,1.33944,1.33949,1.25,1.00
2013.10.18 02:50:07.058,1.33946,1.33949,1.00,1.00
2013.10.18 02:50:07.999,1.33946,1.33951,1.00,1.13
2013.10.18 02:50:08.640,1.33945,1.33951,1.00,1.13
2013.10.18 02:50:19.130,1.33944,1.33951,1.69,1.13
2013.10.18 02:50:35.792,1.33945,1.33951,1.00,1.50
2013.10.18 02:50:38.432,1.33944,1.33951,1.69,1.50
2013.10.18 02:50:52.599,1.33944,1.33952,1.50,3.00
2013.10.18 02:50:57.039,1.33944,1.33952,1.69,3.00
2013.10.18 02:51:01.159,1.33946,1.33952,1.19,1.13
2013.10.18 02:51:01.883,1.3395,1.33955,1.63,1.88
2013.10.18 02:51:02.430,1.33951,1.33958,1.69,3.00
2013.10.18 02:51:02.849,1.33951,1.33958,1.50,1.50
2013.10.18 02:51:11.670,1.33951,1.33958,1.00,1.19
2013.10.18 02:51:11.790,1.3395,1.33955,1.50,1.32
2013.10.18 02:51:12.252,1.3395,1.33952,1.00,1.00
2013.10.18 02:51:13.549,1.3395,1.33956,1.00,2.07
2013.10.18 02:51:14.070,1.33948,1.33956,1.69,1.38
2013.10.18 02:51:16.890,1.33953,1.33957,1.00,3.19
2013.10.18 02:51:17.010,1.3395,1.33956,1.88,1.00
2013.10.18 02:51:17.550,1.33949,1.33956,1.50,2.25
2013.10.18 02:51:18.070,1.33948,1.33956,2.44,2.25
2013.10.18 02:51:33.011,1.33948,1.33956,2.44,1.50
2013.10.18 02:51:33.070,1.33951,1.33956,1.25,1.00
2013.10.18 02:51:33.429,1.33953,1.33959,1.50,1.38
2013.10.18 02:51:33.669,1.33953,1.33959,1.50,1.00
2013.10.18 02:51:36.229,1.33953,1.3396,1.50,1.88
2013.10.18 02:51:40.959,1.33955,1.3396,1.00,1.00
2013.10.18 02:51:49.280,1.33955,1.3396,1.00,1.00
2013.10.18 02:51:49.400,1.33953,1.33956,1.13,1.00
2013.10.18 02:51:50.391,1.33952,1.33953,1.00,4.13
2013.10.18 02:51:50.929,1.33948,1.33953,1.69,7.88
2013.10.18 02:51:55.590,1.33948,1.33953,2.44,7.50
2013.10.18 02:51:55.890,1.33953,1.33958,1.00,1.50
2013.10.18 02:51:56.909,1.33953,1.3396,1.00,1.88
2013.10.18 02:51:58.260,1.33953,1.3396,1.00,1.88
2013.10.18 02:51:58.439,1.33951,1.33955,1.32,3.38
2013.10.18 02:52:12.609,1.33949,1.33953,1.00,8.25
2013.10.18 02:52:12.910,1.33947,1.33953,1.69,8.25
2013.10.18 02:52:13.312,1.33947,1.33953,1.69,8.25
2013.10.18 02:52:16.769,1.3395,1.33955,1.00,2.44
2013.10.18 02:52:19.776,1.3395,1.33953,1.19,9.00
2013.10.18 02:52:29.987,1.3395,1.33953,1.00,9.00
2013.10.18 02:52:31.069,1.3395,1.33953,1.19,9.00
2013.10.18 02:52:32.710,1.3395,1.33953,1.00,9.00
2013.10.18 02:52:33.810,1.3395,1.33953,1.19,9.00
2013.10.18 02:52:35.700,1.3395,1.33953,1.00,9.00
2013.10.18 02:52:36.941,1.3395,1.33953,1.19,9.00
2013.10.18 02:52:39.886,1.3395,1.33953,1.00,9.00
2013.10.18 02:52:40.500,1.33948,1.33951,1.00,1.38
2013.10.18 02:52:40.619,1.33945,1.33951,1.00,1.38
2013.10.18 02:52:42.029,1.33945,1.3395,1.19,1.50
2013.10.18 02:52:55.709,1.33945,1.3395,1.00,2.25
2013.10.18 02:52:56.014,1.3394,1.33945,3.00,1.50
2013.10.18 02:52:56.890,1.33945,1.33948,1.19,1.00
2013.10.18 02:53:09.310,1.33945,1.3395,1.19,3.38
2013.10.18 02:53:09.874,1.33945,1.3395,1.00,2.63
2013.10.18 02:53:24.762,1.33945,1.33949,1.69,2.44
2013.10.18 02:53:37.796,1.33945,1.33949,1.00,2.44
2013.10.18 02:53:38.639,1.33945,1.33948,1.00,1.25
2013.10.18 02:53:42.149,1.33945,1.33948,1.38,1.25
2013.10.18 02:53:42.749,1.33946,1.33951,1.38,1.88
2013.10.18 02:53:48.920,1.33946,1.33951,1.00,1.38
2013.10.18 02:53:49.440,1.33945,1.33949,1.00,1.13
2013.10.18 02:54:07.362,1.33947,1.3395,1.50,1.13
2013.10.18 02:54:07.660,1.33949,1.33953,1.00,5.63
2013.10.18 02:54:07.960,1.33948,1.33952,1.00,3.38
2013.10.18 02:54:08.559,1.33945,1.33952,1.00,1.88
2013.10.18 02:54:09.109,1.33944,1.33949,1.00,1.00
2013.10.18 02:54:10.089,1.33943,1.33949,1.32,1.00
2013.10.18 02:54:10.610,1.33943,1.33948,1.32,1.25
2013.10.18 02:54:12.410,1.33942,1.33948,1.00,3.19
2013.10.18 02:54:12.961,1.33941,1.33948,1.00,3.19
2013.10.18 02:54:18.050,1.33941,1.33946,1.00,1.88
2013.10.18 02:54:20.512,1.33942,1.33946,1.00,1.88
2013.10.18 02:54:20.692,1.33944,1.33948,1.00,1.50
2013.10.18 02:54:21.053,1.33948,1.33949,1.00,1.13
2013.10.18 02:54:21.944,1.33942,1.33947,1.00,1.13
2013.10.18 02:54:22.601,1.33942,1.33947,1.19,1.13
2013.10.18 02:54:22.961,1.33945,1.33949,1.25,1.13
2013.10.18 02:54:23.200,1.33945,1.33949,1.00,1.38
2013.10.18 02:54:23.680,1.33942,1.33947,1.00,1.13
2013.10.18 02:54:30.449,1.33942,1.33945,1.00,1.00
2013.10.18 02:54:42.269,1.33943,1.33945,1.00,1.00
2013.10.18 02:54:43.140,1.33943,1.33946,1.00,1.00
2013.10.18 02:54:43.701,1.33943,1.33947,1.00,1.88
2013.10.18 02:54:44.400,1.33944,1.33947,1.00,1.00
2013.10.18 02:54:47.194,1.33945,1.33947,1.00,1.00
2013.10.18 02:54:47.370,1.33938,1.33942,1.38,1.13
2013.10.18 02:54:50.507,1.33938,1.33942,1.38,1.13
2013.10.18 02:54:54.254,1.33938,1.33943,1.00,1.88
2013.10.18 02:54:54.640,1.33936,1.33943,1.25,2.63
2013.10.18 02:54:58.449,1.33936,1.33943,1.25,2.63
2013.10.18 02:54:58.890,1.33938,1.33943,1.00,2.63
2013.10.18 02:55:00.420,1.33936,1.33943,1.25,2.63
2013.10.18 02:55:02.310,1.33936,1.33943,1.19,2.63
2013.10.18 02:55:16.569,1.33936,1.33943,1.19,3.38
2013.10.18 02:55:24.110,1.33935,1.33943,1.00,3.38
2013.10.18 02:55:26.850,1.33935,1.33943,1.00,3.75
2013.10.18 02:55:27.401,1.33935,1.33943,1.19,3.75
2013.10.18 02:55:30.831,1.33935,1.33942,1.69,1.35
2013.10.18 02:55:31.012,1.33935,1.3394,1.69,1.88
2013.10.18 02:55:31.072,1.33935,1.3394,1.25,1.13
2013.10.18 02:55:31.313,1.33936,1.33943,1.25,5.25
2013.10.18 02:55:33.530,1.33939,1.33943,1.00,5.63
2013.10.18 02:55:33.650,1.33939,1.33943,1.00,6.00
2013.10.18 02:55:33.950,1.33939,1.33943,1.00,5.63
2013.10.18 02:55:34.130,1.33939,1.33943,1.25,4.88
2013.10.18 02:55:34.312,1.33937,1.33943,1.00,4.88
2013.10.18 02:55:34.430,1.33937,1.33941,1.50,2.25
2013.10.18 02:55:55.471,1.33936,1.33939,1.25,1.88
2013.10.18 02:56:01.440,1.33936,1.3394,1.25,1.88
2013.10.18 02:56:02.281,1.33932,1.33938,2.07,1.50
2013.10.18 02:56:02.840,1.33936,1.33938,1.00,1.13
2013.10.18 02:56:18.025,1.33935,1.3394,1.00,2.25
2013.10.18 02:56:19.722,1.33935,1.3394,1.19,1.73
2013.10.18 02:56:19.840,1.33935,1.3394,1.00,1.38
2013.10.18 02:56:19.900,1.33935,1.3394,1.00,1.73
2013.10.18 02:56:20.260,1.33935,1.3394,1.19,1.13
2013.10.18 02:56:23.611,1.33935,1.33943,1.57,3.75
2013.10.18 02:56:30.859,1.33938,1.33943,1.19,2.63
2013.10.18 02:56:37.250,1.33938,1.33943,1.19,2.63
2013.10.18 02:57:08.420,1.33938,1.33943,1.00,2.25
2013.10.18 02:57:29.710,1.33939,1.33942,1.00,1.63
2013.10.18 02:57:30.010,1.33936,1.33943,1.19,3.38
2013.10.18 02:57:38.300,1.33936,1.33941,1.00,2.48
2013.10.18 02:57:40.630,1.33936,1.33943,1.19,1.57
2013.10.18 02:57:44.361,1.33939,1.33942,1.19,1.38
2013.10.18 02:57:44.662,1.33939,1.33942,1.19,1.00
2013.10.18 02:57:45.427,1.33942,1.33943,1.00,1.50
2013.10.18 02:57:45.992,1.33942,1.33946,1.00,1.88
2013.10.18 02:57:53.390,1.33942,1.33945,1.00,1.88
2013.10.18 02:57:53.810,1.33942,1.33947,1.00,1.88
2013.10.18 02:58:00.690,1.33943,1.33948,1.00,2.63
2013.10.18 02:58:00.751,1.33946,1.3395,1.00,2.44
2013.10.18 02:58:00.811,1.33946,1.33951,1.00,1.00
2013.10.18 02:58:01.533,1.3395,1.33955,2.07,1.00
2013.10.18 02:58:01.595,1.33957,1.33964,1.00,2.82
2013.10.18 02:58:02.652,1.33957,1.33964,1.00,2.44
2013.10.18 02:58:07.961,1.33958,1.33964,1.00,2.44
2013.10.18 02:58:08.573,1.33957,1.33964,1.00,2.44
2013.10.18 02:58:10.185,1.33955,1.33964,3.00,2.44
2013.10.18 02:58:10.712,1.33955,1.33963,2.63,1.19
2013.10.18 02:58:11.075,1.33958,1.33963,1.00,1.32
2013.10.18 02:58:11.400,1.33958,1.33963,1.00,1.00
2013.10.18 02:58:12.210,1.33959,1.33966,1.19,1.88
2013.10.18 02:58:12.330,1.33962,1.33966,1.00,1.00
2013.10.18 02:58:12.450,1.33962,1.33968,1.38,1.38
2013.10.18 02:58:36.440,1.33963,1.33971,1.13,2.44
2013.10.18 02:58:42.920,1.33964,1.33971,1.25,1.88
2013.10.18 02:58:43.280,1.33979,1.33984,1.00,1.60
2013.10.18 02:58:43.400,1.33979,1.33984,1.00,1.60
2013.10.18 02:58:43.760,1.33979,1.33985,1.00,4.50
2013.10.18 02:58:44.000,1.3398,1.33985,1.00,6.23
2013.10.18 02:58:44.120,1.3398,1.33985,1.00,4.13
2013.10.18 02:58:44.772,1.3398,1.33985,1.19,4.13
2013.10.18 02:58:47.820,1.3398,1.33985,1.00,4.13
2013.10.18 02:58:47.940,1.33977,1.33985,1.32,4.73
2013.10.18 02:58:51.042,1.33977,1.33984,1.00,2.29
2013.10.18 02:58:51.220,1.33972,1.33982,2.82,1.38
2013.10.18 02:58:51.280,1.33977,1.33983,1.00,2.25
2013.10.18 02:58:51.840,1.33977,1.33983,1.19,2.85
2013.10.18 02:58:53.105,1.33977,1.33982,1.19,2.48
2013.10.18 02:58:53.651,1.33977,1.33983,1.19,2.25
2013.10.18 02:58:59.090,1.33978,1.33983,1.19,1.75
2013.10.18 02:59:01.641,1.33981,1.33984,1.00,1.50
2013.10.18 02:59:02.980,1.33979,1.33982,1.00,1.38
2013.10.18 02:59:04.022,1.33978,1.3398,1.00,2.07
2013.10.18 02:59:04.082,1.33976,1.3398,1.13,2.82
2013.10.18 02:59:04.140,1.33972,1.33976,1.13,1.00
2013.10.18 02:59:04.200,1.33972,1.33976,1.00,1.00
2013.10.18 02:59:04.260,1.33972,1.33974,1.00,1.00
2013.10.18 02:59:04.831,1.33973,1.33974,1.00,1.00
2013.10.18 02:59:05.622,1.33969,1.33974,1.00,1.00
2013.10.18 02:59:06.270,1.33969,1.33973,1.00,1.00
2013.10.18 02:59:08.750,1.33967,1.33973,1.00,1.00
2013.10.18 02:59:11.420,1.33969,1.33973,1.00,1.00
2013.10.18 02:59:11.820,1.33967,1.33973,1.00,1.00
2013.10.18 02:59:16.401,1.33971,1.33974,1.00,1.50
2013.10.18 02:59:17.621,1.33968,1.33972,1.19,1.00
2013.10.18 02:59:17.680,1.33969,1.33972,1.00,1.00
2013.10.18 02:59:18.550,1.33971,1.33975,1.00,1.50
2013.10.18 02:59:18.671,1.33973,1.33976,1.00,1.50
2013.10.18 02:59:19.030,1.33974,1.33977,1.00,1.13
2013.10.18 02:59:19.452,1.3397,1.33976,1.38,1.00
2013.10.18 02:59:19.572,1.3397,1.33974,1.38,1.00
2013.10.18 02:59:20.151,1.3397,1.33973,1.00,1.00
2013.10.18 02:59:22.551,1.33967,1.33973,1.38,1.00
2013.10.18 02:59:23.480,1.33971,1.33973,1.00,1.00
2013.10.18 02:59:23.840,1.33972,1.33976,1.00,1.50
2013.10.18 02:59:27.508,1.33974,1.33978,1.00,1.88
2013.10.18 02:59:41.820,1.33976,1.33978,1.00,1.13
2013.10.18 02:59:42.180,1.33976,1.3398,1.00,1.00
2013.10.18 02:59:42.240,1.33978,1.3398,1.00,1.13
2013.10.18 02:59:42.892,1.33979,1.33983,1.00,1.88
2013.10.18 02:59:43.140,1.33979,1.33983,1.19,1.88
2013.10.18 02:59:43.200,1.33981,1.33985,1.00,3.38
2013.10.18 02:59:43.780,1.33982,1.33985,1.00,2.25
2013.10.18 02:59:46.950,1.33983,1.33985,1.19,1.50
2013.10.18 02:59:48.860,1.33984,1.33986,1.25,1.00
2013.10.18 02:59:49.100,1.33981,1.33985,1.25,1.00
2013.10.18 02:59:49.821,1.33982,1.33985,1.00,1.00
